1000 100 4.3589
1 1 98
9 4 92
1 3 94
8 8 84
16 8 84
1 7 86
11 2 96
14 10 81
1 1 98
1 3 94
6 3 94
4 2 96
1 1 98
2 9 82
4 9 82
4 11 79
2 12 77
1 2 96
19 15 72
14 13 75
3 2 96
16 14 73
2 5 90
5 15 72
15 12 77
6 2 96
12 15 72
5 7 86
21 20 64
11 4 92
11 18 67
8 15 72
20 15 72
11 19 65
20 22 60
3 11 79
9 16 70
19 12 77
28 24 57
18 23 59
17 14 73
12 7 86
19 18 67
30 27 53
16 16 70
15 12 77
32 26 54
5 12 77
23 28 51
6 7 86
14 14 73
27 21 62
19 25 56
4 8 84
1 3 94
23 31 47
1 1 98
12 21 62
23 15 72
30 30 49
24 19 65
15 17 68
11 17 68
36 33 44
21 14 73
12 18 67
21 27 53
20 13 75
14 13 75
34 28 51
1 4 92
14 23 59
6 2 96
1 1 98
29 35 42
32 24 57
30 30 49
23 14 73
30 33 44
40 33 44
40 36 40
33 26 54
22 32 46
13 3 94
41 39 37
14 17 68
14 14 73
21 26 54
2 10 81
23 27 53
1 1 98
34 25 56
1 4 92
42 39 37
24 28 51
1 3 94
26 25 56
19 11 79
16 18 67
44 38 38
10 18 67
25 24 57
27 35 42
46 41 34
35 37 39
30 23 59
3 2 96
20 26 54
32 27 53
26 23 59
21 12 77
45 44 31
31 24 57
22 15 72
23 27 53
24 15 72
2 12 77
17 18 67
39 44 31
6 8 84
26 26 54
23 23 59
46 43 32
27 30 49
30 30 49
19 26 54
44 46 29
40 32 46
27 23 59
24 20 64
7 17 68
1 2 96
39 32 46
49 40 36
35 30 49
19 14 73
29 32 46
53 44 31
1 1 98
20 27 53
24 15 72
36 40 36
41 45 30
1 7 86
47 50 25
18 27 53
4 9 82
38 32 46
49 50 25
1 4 92
53 46 29
10 1 96
46 45 30
16 25 56
18 18 67
30 26 54
52 52 23
20 27 53
29 31 47
48 40 36
1 1 92
10 4 92
52 51 24
27 36 40
21 25 56
36 35 42
9 10 81
37 28 51
49 44 31
26 30 49
43 50 25
22 12 77
56 55 20
20 16 70
56 52 23
2 8 84
20 13 75
27 30 49
8 17 68
8 5 86
42 40 36
24 32 46
48 48 27
57 52 23
49 51 24
46 48 27
39 39 37
26 36 40
36 39 37
25 31 47
52 57 18
12 13 75
12 15 72
31 26 54
8 18 67
1 4 84
55 57 18
24 28 51
46 46 29
33 40 36
43 41 34
39 42 33
37 41 34
25 34 43
24 32 46
48 57 18
26 24 57
42 34 43
34 44 31
15 17 68
25 26 54
50 45 30
37 34 43
2 1 80
19 16 70
1 3 80
56 52 23
45 51 24
24 33 44
38 35 42
6 12 77
10 1 78
42 48 27
67 59 16
24 28 51
49 42 33
28 24 57
62 60 16
6 4 78
14 17 68
6 14 73
53 48 27
15 16 70
47 47 28
57 60 16
7 2 76
25 15 72
29 39 37
38 48 27
53 59 16
25 17 68
8 17 68
1 1 74
40 46 29
47 57 18
14 17 68
27 18 67
36 40 36
61 54 21
40 35 42
44 53 22
6 9 72
51 60 16
68 63 13
16 8 72
29 34 43
25 31 47
30 29 50
53 43 32
44 45 30
55 45 30
48 40 36
58 52 23
60 60 16
25 33 44
54 57 18
55 64 12
35 43 32
1 10 68
61 60 16
4 12 68
51 61 15
34 29 50
35 28 51
55 63 13
51 58 17
31 28 51
23 16 68
44 45 30
67 59 16
52 48 27
43 51 24
34 32 46
56 52 23
47 56 19
50 55 20
19 13 64
43 34 43
67 61 15
42 35 42
61 61 15
33 24 57
16 9 64
50 43 32
68 64 12
4 9 64
1 1 64
57 53 22
8 1 64
59 61 15
70 62 14
26 29 50
64 67 10
51 47 28
18 23 59
20 24 57
55 48 27
26 17 62
59 49 26
55 58 17
20 12 60
42 42 33
26 32 46
6 14 60
65 57 18
55 51 24
1 2 60
1 3 60
60 65 12
20 25 56
30 26 54
6 10 60
60 57 18
5 11 58
40 39 37
63 65 12
30 26 54
37 34 43
1 1 58
75 70 9
23 29 50
52 62 14
37 46 29
21 23 56
36 42 33
57 67 10
8 18 56
40 45 30
17 10 56
29 36 40
26 33 44
62 60 16
54 59 16
44 34 43
66 60 16
71 63 13
40 46 29
71 67 10
17 26 54
1 6 54
10 5 54
48 52 23
61 61 15
79 70 9
58 64 12
43 46 29
3 11 54
35 35 42
56 60 16
12 8 54
36 45 30
32 37 39
57 65 12
18 19 52
47 39 37
36 40 36
42 36 40
1 8 52
66 65 12
7 6 52
77 73 7
69 73 7
68 72 7
31 28 51
58 57 18
58 55 20
40 32 46
62 70 9
81 71 8
11 1 50
39 41 34
12 17 50
20 25 50
20 19 50
78 69 9
25 16 50
44 37 39
6 5 50
6 6 50
12 13 50
31 35 42
61 70 9
28 24 48
36 32 46
66 68 10
62 60 16
53 44 31
64 56 19
19 19 48
52 61 15
60 50 25
51 46 29
30 22 48
64 68 10
44 45 30
64 54 21
49 50 25
16 12 46
6 2 46
12 16 46
60 61 15
48 45 30
25 21 46
47 42 33
54 56 19
84 74 6
63 53 22
70 75 6
59 59 16
5 1 44
1 2 44
54 51 24
70 77 5
64 62 14
81 71 8
32 22 44
25 29 44
12 3 44
72 74 6
23 28 44
68 61 15
49 46 29
76 77 5
11 16 42
41 48 27
64 71 8
43 52 23
63 60 16
59 69 9
79 76 5
41 35 40
63 65 12
11 17 40
51 50 25
77 73 7
70 70 9
5 3 40
55 52 23
41 49 26
28 19 40
39 42 33
68 74 6
25 35 40
70 60 16
27 26 40
72 74 6
55 47 28
60 54 21
29 35 38
7 12 38
79 72 7
2 1 38
66 67 10
27 19 38
78 72 7
53 60 16
3 13 38
47 57 18
28 35 38
75 71 8
25 21 38
14 20 38
58 60 16
39 49 26
4 14 38
79 74 6
77 70 9
1 5 36
24 17 36
71 63 13
61 68 10
80 79 4
65 61 15
59 60 16
51 59 16
79 76 5
36 46 29
73 69 9
74 74 6
53 60 16
72 80 4
70 67 10
58 61 15
18 16 34
63 58 17
5 14 34
76 82 3
77 75 6
89 80 4
78 76 5
13 5 34
72 78 4
19 17 32
43 42 32
24 30 32
73 70 9
76 80 4
31 33 32
77 69 9
73 67 10
85 77 5
11 5 32
80 75 6
93 83 2
8 6 32
61 61 15
32 31 32
12 20 32
73 82 3
82 74 6
40 44 31
53 51 24
67 76 5
31 31 30
64 64 12
10 13 30
42 41 30
83 80 4
54 60 16
58 58 17
80 82 3
57 63 13
78 83 2
43 45 30
82 81 3
46 53 22
81 80 4
24 29 30
79 75 6
7 6 30
65 75 6
28 38 30
81 73 7
51 45 30
15 9 30
61 53 22
13 8 28
65 69 9
20 26 28
10 8 28
75 75 6
1 8 28
63 60 16
88 81 3
13 12 28
52 47 28
67 67 10
51 54 21
52 52 23
31 37 28
12 12 28
80 79 4
57 64 12
79 75 6
46 43 28
68 78 4
67 71 8
82 77 5
91 86 1
24 31 26
33 25 26
76 74 6
51 50 25
51 54 21
83 76 5
74 84 2
67 62 14
56 56 19
62 68 10
83 81 3
78 72 7
93 87 1
47 42 24
72 80 4
88 81 3
73 65 12
1 8 24
55 57 18
83 73 7
34 32 24
64 72 7
62 66 11
62 63 13
56 47 24
70 73 7
86 78 4
50 53 22
78 77 5
79 80 4
11 7 22
26 32 22
68 60 16
83 83 2
83 76 5
43 52 22
62 66 11
52 57 18
30 25 22
87 82 3
62 67 10
70 79 4
83 86 1
44 40 22
76 84 2
63 65 12
48 46 22
91 86 1
26 35 22
35 40 22
62 59 16
55 51 20
83 88 1
2 8 20
85 82 3
57 55 20
77 87 1
64 59 16
66 76 5
82 83 2
72 65 12
22 14 20
47 37 20
92 86 1
83 88 1
89 83 2
85 84 2
52 57 18
93 89 1
81 78 4
50 46 18
76 80 4
56 62 14
78 68 10
74 66 11
69 60 16
42 48 18
26 27 18
43 44 18
4 3 18
28 34 18
47 46 18
87 89 1
95 85 2
72 74 6
70 80 4
72 77 5
1 9 18
38 36 18
9 9 18
87 81 3
47 49 18
43 42 18
74 82 3
64 72 7
71 61 15
16 22 16
70 67 10
83 87 1
77 80 4
67 73 7
73 83 2
25 30 16
50 54 16
63 72 7
7 16 16
65 58 16
56 64 12
32 30 16
73 68 10
96 88 1
79 78 4
80 84 2
81 82 3
81 89 1
77 79 4
72 76 5
37 46 16
71 81 3
23 18 16
76 76 5
10 13 16
79 72 7
72 78 4
63 71 8
70 73 7
56 60 14
75 81 3
82 85 2
85 88 1
20 20 14
86 84 2
69 69 9
86 88 1
86 88 1
85 84 2
18 11 14
56 50 14
45 37 14
80 74 6
50 55 14
30 38 14
72 71 8
21 12 14
38 42 14
79 87 1
22 24 14
68 65 12
75 79 4
37 44 14
88 91 0
28 24 14
90 84 2
97 87 1
71 72 7
82 81 3
81 84 2
101 93 0
75 80 4
60 57 12
45 55 12
85 89 1
54 51 12
68 77 5
85 76 5
82 87 1
77 74 6
90 93 0
19 29 12
99 92 0
63 55 12
22 26 12
5 1 12
70 80 4
8 11 12
34 30 12
52 61 12
81 82 3
90 84 2
81 89 1
72 72 7
84 74 6
30 38 10
58 62 10
88 86 1
79 87 1
37 32 10
82 92 0
84 83 2
39 48 10
42 52 10
51 41 10
86 87 1
94 86 1
82 90 1
17 26 10
72 68 10
73 74 6
58 58 10
103 93 0
98 92 0
84 78 4
39 34 10
81 77 5
56 56 10
88 94 0
93 91 0
96 91 0
35 34 10
90 92 0
83 79 4
34 27 10
86 90 1
70 64 8
22 15 8
97 87 1
90 88 1
83 80 4
45 53 8
94 94 0
81 78 4
92 95 0
95 95 0
61 63 8
95 95 0
64 61 8
101 93 0
87 78 4
93 91 0
74 81 3
86 95 0
101 93 0
79 71 8
50 43 8
28 36 8
65 71 8
83 88 1
99 95 0
102 92 0
65 72 7
94 90 1
29 32 8
88 86 1
101 92 0
55 51 8
57 47 8
42 46 8
79 78 4
37 38 6
103 95 0
84 89 1
92 95 0
89 87 1
8 4 6
89 93 0
74 81 3
62 61 6
58 56 6
94 84 2
88 90 1
94 96 0
67 70 6
71 76 5
92 89 1
105 95 0
84 91 0
77 69 6
92 83 2
94 89 1
79 83 2
92 94 0
101 94 0
7 8 6
96 94 0
47 53 6
54 56 6
22 12 6
66 61 4
87 88 1
82 78 4
90 97 0
97 94 0
85 83 2
81 89 1
85 92 0
74 77 4
103 94 0
96 90 1
100 90 1
87 89 1
59 68 4
104 94 0
82 84 2
103 95 0
75 78 4
47 49 4
101 96 0
104 95 0
94 89 1
67 64 4
33 31 4
91 93 0
60 66 4
15 22 4
103 95 0
94 85 2
87 95 0
76 83 2
85 94 0
21 25 4
94 88 1
60 63 4
3 13 4
69 68 4
71 71 4
25 20 4
82 80 4
90 97 0
36 37 2
21 16 2
84 80 2
91 82 2
82 79 2
89 80 2
102 95 0
103 97 0
95 95 0
72 81 2
100 92 0
88 94 0
79 77 2
99 95 0
95 97 0
56 65 2
55 60 2
81 84 2
81 89 1
75 70 2
80 87 1
32 28 2
103 97 0
63 71 2
98 89 1
88 91 0
27 19 2
57 61 2
59 64 2
86 90 1
30 40 2
98 91 0
105 98 0
105 98 0
100 98 0
82 89 1
79 87 1
63 68 2
56 55 2
87 93 0
86 87 1
42 38 2
90 93 0
94 98 0
41 44 2
59 49 2
100 99 0
100 98 0
67 76 0
94 91 0
107 99 0
104 100 0
109 99 0
74 72 0
37 47 0
101 98 0
8 14 0
92 90 0
95 99 0
83 86 0
110 100 0
78 75 0
91 83 0
14 13 0
85 93 0
94 84 0
101 100 0
73 67 0
109 99 0
102 92 0
102 100 0
93 99 0
105 95 0
88 86 0
98 95 0
96 99 0
93 99 0
99 99 0
106 99 0
89 82 0
105 98 0
93 100 0
88 92 0
94 99 0
100 93 0
99 97 0
106 99 0
75 81 0
97 95 0
93 93 0
80 83 0
92 94 0
77 72 0
96 96 0
63 54 0
94 91 0
108 99 0
57 58 0
32 41 0
109 99 0
25 21 0
107 98 0
71 70 0
96 99 0
98 95 0
84 86 0
83 90 0
91 100 0
47 37 0
14 14 0
94 95 0
91 99 0
93 84 0
