500 100 4.3589
6 16 70
2 12 77
7 17 68
9 19 65
7 17 68
17 27 53
8 18 67
7 17 68
18 28 51
13 23 59
21 31 47
15 25 56
18 28 51
13 23 59
4 14 73
11 21 62
21 31 47
26 36 40
13 23 59
11 21 62
4 14 73
21 31 47
27 37 39
22 32 46
17 27 53
15 25 56
7 17 68
33 43 32
34 44 31
16 26 54
26 36 40
4 14 73
9 19 65
21 31 47
31 41 34
7 17 68
12 22 60
14 24 57
12 22 60
6 16 70
13 23 59
33 43 32
36 46 29
38 48 27
23 33 44
38 48 27
26 36 40
19 29 50
7 17 68
28 38 38
20 30 49
7 17 68
1 11 79
5 15 72
35 45 30
39 49 26
39 49 26
32 42 33
46 56 19
40 50 25
15 25 56
40 50 25
38 48 27
33 43 32
16 26 54
46 56 19
28 38 38
48 58 17
4 14 73
42 52 23
49 59 16
39 49 26
4 14 73
43 53 22
44 54 21
41 51 24
46 56 19
42 52 23
45 55 20
51 61 15
22 32 46
51 61 15
15 25 56
37 47 28
8 18 67
46 56 19
24 34 43
46 56 19
47 57 18
38 48 27
40 50 25
44 54 21
6 16 70
8 18 67
40 50 25
36 46 29
19 29 50
13 23 59
50 60 16
44 54 21
45 55 20
20 30 49
54 64 12
6 16 68
42 52 23
25 35 42
53 63 13
21 31 47
19 29 50
21 31 47
53 63 13
11 21 62
29 39 37
39 49 26
36 46 29
54 64 12
50 60 16
2 12 60
20 30 49
50 60 16
56 66 11
50 60 16
22 32 46
12 22 60
8 18 60
45 55 20
36 46 29
59 69 9
49 59 16
38 48 27
57 67 10
26 36 40
42 52 23
3 13 56
41 51 24
5 15 54
5 15 54
56 66 11
13 23 54
58 68 10
42 52 23
9 19 54
26 36 40
63 73 7
32 42 33
13 23 52
1 11 52
11 21 52
57 67 10
19 29 50
31 41 34
61 71 8
44 54 21
42 52 23
7 17 48
39 49 26
31 41 34
51 61 15
40 50 25
21 31 46
47 57 18
3 13 46
55 65 12
20 30 46
46 56 19
52 62 14
62 72 7
44 54 21
34 44 31
38 48 27
66 76 5
54 64 12
32 42 33
63 73 7
35 45 30
52 62 14
35 45 30
56 66 11
41 51 24
39 49 26
39 49 26
69 79 4
69 79 4
54 64 12
52 62 14
43 53 22
40 50 25
51 61 15
41 51 24
58 68 10
47 57 18
54 64 12
53 63 13
47 57 18
44 54 21
53 63 13
63 73 7
66 76 5
38 48 27
14 24 36
60 70 9
64 74 6
46 56 19
2 12 36
10 20 36
59 69 9
69 79 4
9 19 34
61 71 8
54 64 12
26 36 34
58 68 10
40 50 25
60 70 9
18 28 34
40 50 25
60 70 9
46 56 19
38 48 27
71 81 3
51 61 15
45 55 20
14 24 32
73 83 2
63 73 7
61 71 8
59 69 9
63 73 7
56 66 11
49 59 16
44 54 21
46 56 19
68 78 4
73 83 2
17 27 30
59 69 9
65 75 6
75 85 2
71 81 3
73 83 2
56 66 11
55 65 12
71 81 3
76 86 1
58 68 10
57 67 10
71 81 3
47 57 18
13 23 26
35 45 26
65 75 6
40 50 24
50 60 16
7 17 24
38 48 24
65 75 6
5 15 24
56 66 11
26 36 22
66 76 5
27 37 22
54 64 12
72 82 3
44 54 21
78 88 1
76 86 1
46 56 19
29 39 22
51 61 15
69 79 4
6 16 22
63 73 7
45 55 20
63 73 7
57 67 10
11 21 20
22 32 20
66 76 5
59 69 9
69 79 4
74 84 2
72 82 3
62 72 7
73 83 2
78 88 1
65 75 6
4 14 18
18 28 18
72 82 3
56 66 11
77 87 1
65 75 6
62 72 7
36 46 18
13 23 18
73 83 2
47 57 18
25 35 18
65 75 6
80 90 1
73 83 2
75 85 2
78 88 1
32 42 16
35 45 16
79 89 1
47 57 16
71 81 3
79 89 1
1 11 16
13 23 14
82 92 0
75 85 2
60 70 9
42 52 14
15 25 14
64 74 6
82 92 0
13 23 14
25 35 14
75 85 2
78 88 1
79 89 1
33 43 14
67 77 5
73 83 2
58 68 10
75 85 2
72 82 3
82 92 0
76 86 1
76 86 1
79 89 1
77 87 1
44 54 10
33 43 10
82 92 0
81 91 0
37 47 10
34 44 10
66 76 5
30 40 10
55 65 8
79 89 1
83 93 0
65 75 6
85 95 0
13 23 8
48 58 8
83 93 0
82 92 0
83 93 0
79 89 1
31 41 8
49 59 8
42 52 8
72 82 3
66 76 5
83 93 0
85 95 0
84 94 0
54 64 6
86 96 0
41 51 6
22 32 6
77 87 1
84 94 0
56 66 6
82 92 0
38 48 6
82 92 0
48 58 6
76 86 1
68 78 4
76 86 1
68 78 4
59 69 4
83 93 0
32 42 4
87 97 0
83 93 0
84 94 0
82 92 0
87 97 0
85 95 0
22 32 4
87 97 0
19 29 4
79 89 1
85 95 0
86 96 0
84 94 0
85 95 0
70 80 4
75 85 2
78 88 1
85 95 0
79 89 1
80 90 1
12 22 2
84 94 0
24 34 2
83 93 0
59 69 2
33 43 2
77 87 1
64 74 2
64 74 2
86 96 0
83 93 0
42 52 2
81 91 0
46 56 2
88 98 0
17 27 2
8 18 2
82 92 0
80 90 1
84 94 0
69 79 2
81 91 0
83 93 0
85 95 0
88 98 0
91 100 0
97 100 0
93 100 0
94 100 0
96 100 0
100 100 0
89 99 0
90 100 0
99 100 0
94 100 0
99 100 0
98 100 0
96 100 0
86 96 0
90 100 0
88 98 0
90 100 0
94 100 0
67 77 0
66 76 0
94 100 0
31 41 0
83 93 0
93 100 0
100 100 0
89 99 0
92 100 0
28 38 0
95 100 0
63 73 0
98 100 0
95 100 0
99 100 0
91 100 0
99 100 0
92 100 0
97 100 0
96 100 0
95 100 0
93 100 0
89 99 0
95 100 0
72 82 0
99 100 0
84 94 0
94 100 0
97 100 0
98 100 0
87 97 0
35 45 0
99 100 0
77 87 0
97 100 0
87 97 0
24 34 0
100 100 0
92 100 0
98 100 0
98 100 0
95 100 0
96 100 0
91 100 0
97 100 0
97 100 0
97 100 0
91 100 0
96 100 0
95 100 0
93 100 0
99 100 0
91 100 0
98 100 0
94 100 0
94 100 0
94 100 0
99 100 0
