1000 100 4.3589
12 2 96
15 5 90
13 3 94
12 2 96
12 2 96
15 5 90
21 11 79
14 4 92
20 10 81
22 12 77
16 6 88
11 1 98
20 10 81
21 11 79
16 6 88
11 1 98
15 5 90
27 17 68
19 9 82
11 1 98
29 19 65
24 14 73
11 1 98
27 17 68
19 9 82
26 16 70
12 2 96
21 11 79
33 23 59
19 9 82
11 1 98
33 23 59
19 9 82
14 4 92
18 8 84
27 17 68
24 14 73
12 2 96
32 22 60
24 14 73
22 12 77
25 15 72
20 10 81
35 25 56
17 7 86
30 20 64
37 27 53
16 6 88
22 12 77
26 16 70
20 10 81
23 13 75
11 1 98
19 9 82
39 29 50
13 3 94
36 26 54
22 12 77
35 25 56
18 8 84
30 20 64
13 3 94
15 5 90
33 23 59
36 26 54
33 23 59
19 9 82
40 30 49
22 12 77
24 14 73
16 6 88
44 34 43
22 12 77
43 33 44
23 13 75
24 14 73
21 11 79
26 16 70
29 19 65
24 14 73
32 22 60
37 27 53
38 28 51
26 16 70
29 19 65
44 34 43
27 17 68
24 14 73
29 19 65
43 33 44
48 38 38
47 37 39
31 21 62
28 18 67
47 37 39
15 5 90
29 19 65
44 34 43
39 29 50
20 10 81
27 17 68
36 26 54
46 36 40
42 32 46
32 22 60
51 41 34
49 39 37
32 22 60
43 33 44
43 33 44
50 40 36
11 1 98
39 29 50
43 33 44
53 43 32
43 33 44
50 40 36
31 21 62
51 41 34
44 34 43
47 37 39
26 16 70
24 14 73
14 4 92
45 35 42
19 9 82
55 45 30
48 38 38
11 1 98
16 6 88
13 3 94
54 44 31
44 34 43
16 6 88
54 44 31
20 10 81
25 15 72
24 14 73
41 31 47
18 8 84
56 46 29
36 26 54
56 46 29
15 5 90
20 10 81
45 35 42
19 9 82
56 46 29
43 33 44
36 26 54
53 43 32
21 11 79
23 13 75
55 45 30
34 24 57
38 28 51
31 21 62
47 37 39
52 42 33
58 48 27
14 4 92
45 35 42
46 36 40
50 40 36
36 26 54
54 44 31
16 6 88
50 40 36
11 1 96
40 30 49
37 27 53
42 32 46
25 15 72
21 11 79
25 15 72
59 49 26
17 7 86
18 8 84
31 21 62
60 50 25
19 9 82
61 51 24
44 34 43
43 33 44
49 39 37
35 25 56
40 30 49
56 46 29
17 7 86
11 1 92
15 5 90
54 44 31
58 48 27
57 47 28
46 36 40
60 50 25
33 23 59
15 5 90
37 27 53
48 38 38
64 54 21
15 5 88
39 29 50
14 4 88
38 28 51
38 28 51
49 39 37
35 25 56
60 50 25
56 46 29
22 12 77
46 36 40
20 10 81
43 33 44
23 13 75
52 42 33
49 39 37
33 23 59
61 51 24
56 46 29
55 45 30
69 59 16
19 9 80
30 20 64
26 16 70
41 31 47
59 49 26
58 48 27
34 24 57
22 12 77
11 1 78
45 35 42
65 55 20
22 12 77
50 40 36
44 34 43
38 28 51
59 49 26
33 23 59
56 46 29
70 60 16
56 46 29
47 37 39
31 21 62
58 48 27
68 58 17
52 42 33
58 48 27
65 55 20
69 59 16
62 52 23
40 30 49
53 43 32
28 18 67
16 6 74
45 35 42
55 45 30
60 50 25
61 51 24
57 47 28
64 54 21
60 50 25
40 30 49
51 41 34
64 54 21
62 52 23
39 29 50
35 25 56
68 58 17
56 46 29
57 47 28
73 63 13
51 41 34
17 7 70
43 33 44
39 29 50
21 11 68
75 65 12
74 64 12
40 30 49
19 9 68
13 3 68
54 44 31
75 65 12
45 35 42
75 65 12
15 5 66
65 55 20
49 39 37
73 63 13
61 51 24
75 65 12
69 59 16
27 17 66
51 41 34
70 60 16
74 64 12
72 62 14
47 37 39
16 6 64
60 50 25
75 65 12
72 62 14
68 58 17
67 57 18
61 51 24
52 42 33
68 58 17
34 24 57
49 39 37
59 49 26
71 61 15
66 56 19
58 48 27
72 62 14
74 64 12
47 37 39
35 25 56
41 31 47
75 65 12
34 24 57
63 53 22
31 21 60
61 51 24
37 27 53
70 60 16
72 62 14
53 43 32
79 69 9
73 63 13
77 67 10
50 40 36
61 51 24
54 44 31
56 46 29
50 40 36
13 3 58
80 70 9
45 35 42
62 52 23
37 27 53
17 7 58
63 53 22
37 27 53
46 36 40
80 70 9
81 71 8
54 44 31
67 57 18
71 61 15
68 58 17
67 57 18
22 12 56
12 2 56
22 12 56
18 8 56
76 66 11
65 55 20
78 68 10
38 28 51
35 25 54
32 22 54
80 70 9
70 60 16
65 55 20
77 67 10
81 71 8
33 23 54
59 49 26
55 45 30
52 42 33
65 55 20
58 48 27
62 52 23
71 61 15
35 25 52
79 69 9
51 41 34
43 33 44
64 54 21
75 65 12
60 50 25
52 42 33
39 29 50
73 63 13
83 73 7
79 69 9
55 45 30
80 70 9
67 57 18
77 67 10
70 60 16
41 31 47
41 31 47
58 48 27
71 61 15
53 43 32
66 56 19
71 61 15
43 33 44
66 56 19
13 3 48
44 34 43
16 6 48
53 43 32
45 35 42
13 3 48
51 41 34
26 16 48
15 5 48
49 39 37
20 10 46
35 25 46
32 22 46
86 76 5
38 28 46
65 55 20
71 61 15
72 62 14
57 47 28
19 9 46
41 31 46
33 23 46
42 32 46
33 23 46
81 71 8
27 17 46
71 61 15
19 9 46
50 40 36
16 6 46
41 31 44
12 2 44
43 33 44
74 64 12
76 66 11
17 7 44
85 75 6
79 69 9
68 58 17
37 27 44
67 57 18
81 71 8
69 59 16
83 73 7
68 58 17
69 59 16
84 74 6
84 74 6
50 40 36
85 75 6
80 70 9
80 70 9
43 33 42
57 47 28
87 77 5
46 36 40
79 69 9
80 70 9
20 10 42
78 68 10
71 61 15
82 72 7
76 66 11
56 46 29
67 57 18
61 51 24
83 73 7
27 17 40
57 47 28
73 63 13
27 17 40
75 65 12
38 28 40
56 46 29
64 54 21
82 72 7
86 76 5
78 68 10
56 46 29
82 72 7
33 23 40
13 3 40
87 77 5
74 64 12
56 46 29
76 66 11
81 71 8
63 53 22
27 17 38
87 77 5
64 54 21
55 45 30
18 8 38
69 59 16
79 69 9
65 55 20
41 31 38
31 21 38
60 50 25
69 59 16
75 65 12
62 52 23
91 81 3
91 81 3
84 74 6
58 48 27
38 28 36
56 46 29
46 36 36
69 59 16
82 72 7
89 79 4
76 66 11
91 81 3
30 20 36
87 77 5
70 60 16
86 76 5
80 70 9
70 60 16
30 20 34
90 80 4
69 59 16
43 33 34
83 73 7
57 47 28
44 34 34
15 5 34
69 59 16
45 35 34
92 82 3
26 16 34
63 53 22
21 11 34
40 30 32
69 59 16
80 70 9
30 20 32
49 39 32
80 70 9
40 30 32
90 80 4
43 33 32
93 83 2
36 26 32
80 70 9
46 36 32
90 80 4
62 52 23
41 31 30
25 15 30
52 42 30
91 81 3
94 84 2
18 8 30
69 59 16
63 53 22
35 25 30
84 74 6
57 47 28
66 56 19
41 31 30
21 11 30
55 45 30
71 61 15
17 7 28
92 82 3
82 72 7
22 12 28
79 69 9
47 37 28
82 72 7
84 74 6
95 85 2
53 43 28
34 24 28
59 49 26
88 78 4
79 69 9
15 5 28
18 8 28
14 4 28
77 67 10
34 24 28
85 75 6
86 76 5
84 74 6
76 66 11
89 79 4
11 1 26
53 43 26
40 30 26
95 85 2
84 74 6
86 76 5
88 78 4
74 64 12
74 64 12
38 28 26
93 83 2
68 58 17
60 50 25
23 13 26
12 2 26
68 58 17
80 70 9
91 81 3
31 21 26
55 45 24
85 75 6
97 87 1
21 11 24
61 51 24
97 87 1
32 22 24
68 58 17
30 20 24
89 79 4
78 68 10
25 15 24
61 51 24
97 87 1
91 81 3
63 53 22
65 55 20
97 87 1
88 78 4
94 84 2
67 57 18
83 73 7
82 72 7
97 87 1
94 84 2
94 84 2
89 79 4
66 56 19
96 86 1
95 85 2
16 6 22
92 82 3
39 29 22
89 79 4
27 17 22
80 70 9
76 66 11
77 67 10
79 69 9
84 74 6
34 24 22
95 85 2
60 50 22
98 88 1
98 88 1
71 61 15
70 60 16
70 60 16
32 22 22
98 88 1
31 21 22
96 86 1
75 65 12
86 76 5
69 59 16
55 45 20
59 49 20
87 77 5
84 74 6
81 71 8
77 67 10
56 46 20
95 85 2
39 29 20
76 66 11
92 82 3
90 80 4
97 87 1
75 65 12
89 79 4
74 64 12
99 89 1
86 76 5
62 52 18
51 41 18
44 34 18
39 29 18
36 26 18
96 86 1
79 69 9
29 19 18
88 78 4
92 82 3
70 60 16
28 18 18
11 1 18
88 78 4
72 62 14
59 49 18
45 35 18
77 67 10
36 26 16
96 86 1
54 44 16
93 83 2
48 38 16
32 22 16
74 64 12
52 42 16
80 70 9
95 85 2
86 76 5
44 34 16
17 7 16
33 23 16
68 58 16
51 41 16
46 36 16
96 86 1
75 65 12
92 82 3
85 75 6
98 88 1
87 77 5
94 84 2
92 82 3
54 44 16
40 30 16
18 8 16
61 51 14
65 55 14
102 92 0
52 42 14
62 52 14
25 15 14
102 92 0
32 22 14
97 87 1
93 83 2
18 8 14
96 86 1
39 29 14
82 72 7
91 81 3
98 88 1
67 57 14
45 35 14
102 92 0
71 61 14
98 88 1
12 2 14
87 77 5
95 85 2
102 92 0
99 89 1
21 11 12
64 54 12
61 51 12
101 91 0
26 16 12
69 59 12
34 24 12
20 10 12
48 38 12
56 46 12
53 43 12
92 82 3
99 89 1
94 84 2
43 33 12
98 88 1
103 93 0
92 82 3
76 66 11
101 91 0
102 92 0
75 65 12
102 92 0
93 83 2
15 5 12
46 36 12
97 87 1
53 43 12
90 80 4
97 87 1
101 91 0
101 91 0
42 32 12
101 91 0
97 87 1
103 93 0
15 5 12
59 49 10
84 74 6
56 46 10
52 42 10
101 91 0
104 94 0
99 89 1
54 44 10
103 93 0
56 46 10
93 83 2
102 92 0
99 89 1
97 87 1
65 55 10
104 94 0
83 73 7
102 92 0
101 91 0
71 61 10
104 94 0
46 36 10
95 85 2
35 25 10
75 65 10
97 87 1
17 7 10
30 20 10
100 90 1
32 22 8
11 1 8
77 67 8
48 38 8
91 81 3
79 69 8
51 41 8
15 5 8
104 94 0
86 76 5
65 55 8
64 54 8
31 21 8
105 95 0
70 60 8
94 84 2
48 38 8
90 80 4
62 52 8
47 37 8
102 92 0
58 48 8
104 94 0
78 68 8
66 56 6
22 12 6
102 92 0
102 92 0
100 90 1
105 95 0
56 46 6
80 70 6
22 12 6
80 70 6
51 41 6
17 7 6
106 96 0
77 67 6
51 41 6
18 8 6
41 31 6
101 91 0
106 96 0
90 80 4
98 88 1
79 69 6
12 2 6
96 86 1
99 89 1
16 6 6
102 92 0
95 85 2
98 88 1
71 61 6
64 54 6
106 96 0
105 95 0
75 65 4
31 21 4
102 92 0
86 76 4
100 90 1
87 77 4
52 42 4
101 91 0
106 96 0
107 97 0
11 1 4
104 94 0
79 69 4
88 78 4
106 96 0
106 96 0
85 75 4
101 91 0
104 94 0
21 11 4
67 57 4
88 78 4
17 7 4
98 88 1
101 91 0
101 91 0
107 97 0
76 66 4
100 90 1
106 96 0
87 77 4
76 66 4
107 97 0
44 34 2
72 62 2
96 86 1
105 95 0
104 94 0
100 90 1
81 71 2
86 76 2
94 84 2
107 97 0
106 96 0
59 49 2
85 75 2
80 70 2
108 98 0
105 95 0
107 97 0
105 95 0
99 89 1
92 82 2
63 53 2
27 17 2
107 97 0
80 70 2
105 95 0
90 80 2
108 98 0
82 72 2
69 59 2
101 91 0
108 98 0
14 4 2
94 84 2
93 83 2
84 74 2
26 16 0
108 98 0
102 92 0
105 95 0
110 100 0
107 97 0
110 100 0
107 97 0
102 92 0
110 100 0
110 100 0
110 100 0
106 96 0
61 51 0
92 82 0
80 70 0
83 73 0
110 100 0
108 98 0
110 100 0
108 98 0
97 87 0
109 99 0
90 80 0
99 89 0
53 43 0
35 25 0
109 99 0
92 82 0
100 90 0
110 100 0
94 84 0
108 98 0
109 99 0
106 96 0
108 98 0
105 95 0
97 87 0
110 100 0
109 99 0
71 61 0
109 99 0
93 83 0
76 66 0
109 99 0
109 99 0
59 49 0
77 67 0
105 95 0
104 94 0
108 98 0
110 100 0
107 97 0
84 74 0
96 86 0
