5000 100 4.3589
1 1 98
2 2 96
1 1 98
3 3 94
2 2 96
3 3 94
5 5 90
2 2 96
1 1 98
1 1 98
3 3 94
2 2 96
5 5 90
3 3 94
7 7 86
5 5 90
1 1 98
2 2 96
7 7 86
2 2 96
1 1 98
9 9 82
5 5 90
2 2 96
6 6 88
10 10 81
3 3 94
10 10 81
11 11 79
7 7 86
11 11 79
5 5 90
8 8 84
7 7 86
8 8 84
1 1 98
4 4 92
9 9 82
6 6 88
3 3 94
11 11 79
5 5 90
12 12 77
13 13 75
7 7 86
4 4 92
10 10 81
8 8 84
4 4 92
7 7 86
2 2 96
12 12 77
6 6 88
8 8 84
6 6 88
1 1 98
6 6 88
12 12 77
3 3 94
7 7 86
13 13 75
5 5 90
14 14 73
7 7 86
12 12 77
2 2 96
1 1 98
10 10 81
8 8 84
1 1 98
9 9 82
13 13 75
5 5 90
16 16 70
5 5 90
10 10 81
8 8 84
4 4 92
3 3 94
6 6 88
16 16 70
11 11 79
4 4 92
8 8 84
10 10 81
15 15 72
6 6 88
15 15 72
7 7 86
7 7 86
11 11 79
12 12 77
17 17 68
2 2 96
4 4 92
5 5 90
15 15 72
9 9 82
15 15 72
7 7 86
4 4 92
11 11 79
4 4 92
7 7 86
10 10 81
5 5 90
12 12 77
18 18 67
3 3 94
18 18 67
4 4 92
1 1 98
1 1 98
3 3 94
14 14 73
8 8 84
3 3 94
2 2 96
13 13 75
16 16 70
19 19 65
21 21 62
4 4 92
15 15 72
6 6 88
20 20 64
2 2 96
7 7 86
7 7 86
10 10 81
8 8 84
10 10 81
13 13 75
9 9 82
6 6 88
21 21 62
17 17 68
14 14 73
21 21 62
6 6 88
14 14 73
6 6 88
8 8 84
18 18 67
22 22 60
1 1 98
14 14 73
14 14 73
14 14 73
11 11 79
3 3 94
17 17 68
7 7 86
4 4 92
16 16 70
16 16 70
11 11 79
23 23 59
22 22 60
19 19 65
18 18 67
7 7 86
21 21 62
23 23 59
13 13 75
8 8 84
13 13 75
1 1 98
5 5 90
3 3 94
3 3 94
22 22 60
1 1 98
17 17 68
22 22 60
23 23 59
7 7 86
12 12 77
7 7 86
19 19 65
10 10 81
19 19 65
3 3 94
5 5 90
18 18 67
10 10 81
15 15 72
4 4 92
24 24 57
17 17 68
19 19 65
10 10 81
22 22 60
15 15 72
26 26 54
21 21 62
16 16 70
25 25 56
26 26 54
11 11 79
22 22 60
16 16 70
13 13 75
19 19 65
15 15 72
10 10 81
24 24 57
2 2 96
19 19 65
3 3 94
19 19 65
4 4 92
14 14 73
28 28 51
8 8 84
25 25 56
15 15 72
26 26 54
7 7 86
12 12 77
6 6 88
23 23 59
8 8 84
8 8 84
7 7 86
11 11 79
18 18 67
3 3 94
23 23 59
1 1 98
8 8 84
26 26 54
24 24 57
21 21 62
19 19 65
18 18 67
7 7 86
26 26 54
28 28 51
29 29 50
14 14 73
26 26 54
12 12 77
29 29 50
16 16 70
27 27 53
26 26 54
29 29 50
4 4 92
11 11 79
24 24 57
25 25 56
26 26 54
6 6 88
20 20 64
9 9 82
29 29 50
24 24 57
11 11 79
30 30 49
22 22 60
10 10 81
28 28 51
15 15 72
16 16 70
12 12 77
12 12 77
18 18 67
25 25 56
26 26 54
24 24 57
28 28 51
21 21 62
7 7 86
12 12 77
28 28 51
10 10 81
2 2 96
16 16 70
24 24 57
19 19 65
9 9 82
12 12 77
11 11 79
26 26 54
20 20 64
22 22 60
12 12 77
9 9 82
11 11 79
32 32 46
19 19 65
18 18 67
23 23 59
30 30 49
26 26 54
32 32 46
31 31 47
15 15 72
23 23 59
32 32 46
14 14 73
9 9 82
11 11 79
2 2 96
31 31 47
25 25 56
30 30 49
17 17 68
26 26 54
29 29 50
16 16 70
11 11 79
23 23 59
1 1 98
22 22 60
19 19 65
13 13 75
26 26 54
13 13 75
26 26 54
10 10 81
17 17 68
31 31 47
24 24 57
29 29 50
4 4 92
25 25 56
28 28 51
27 27 53
7 7 86
16 16 70
22 22 60
18 18 67
31 31 47
23 23 59
2 2 96
21 21 62
26 26 54
30 30 49
5 5 90
7 7 86
7 7 86
34 34 43
2 2 96
10 10 81
30 30 49
5 5 90
29 29 50
30 30 49
29 29 50
3 3 94
26 26 54
28 28 51
12 12 77
10 10 81
12 12 77
5 5 90
31 31 47
26 26 54
16 16 70
18 18 67
35 35 42
27 27 53
31 31 47
21 21 62
10 10 81
31 31 47
2 2 96
16 16 70
24 24 57
4 4 92
24 24 57
6 6 88
25 25 56
35 35 42
10 10 81
25 25 56
28 28 51
4 4 92
5 5 90
16 16 70
31 31 47
9 9 82
25 25 56
31 31 47
7 7 86
28 28 51
33 33 44
17 17 68
37 37 39
34 34 43
5 5 90
19 19 65
22 22 60
37 37 39
12 12 77
25 25 56
13 13 75
24 24 57
11 11 79
33 33 44
29 29 50
13 13 75
30 30 49
11 11 79
32 32 46
32 32 46
26 26 54
11 11 79
28 28 51
15 15 72
5 5 90
36 36 40
36 36 40
35 35 42
35 35 42
5 5 90
30 30 49
35 35 42
3 3 94
36 36 40
38 38 38
29 29 50
25 25 56
32 32 46
11 11 79
5 5 90
10 10 81
30 30 49
16 16 70
19 19 65
2 2 96
37 37 39
21 21 62
26 26 54
30 30 49
32 32 46
25 25 56
14 14 73
9 9 82
32 32 46
28 28 51
32 32 46
23 23 59
28 28 51
6 6 88
8 8 84
27 27 53
10 10 81
38 38 38
24 24 57
23 23 59
29 29 50
1 1 98
39 39 37
1 1 98
30 30 49
29 29 50
12 12 77
23 23 59
14 14 73
28 28 51
40 40 36
33 33 44
27 27 53
9 9 82
19 19 65
21 21 62
3 3 94
20 20 64
4 4 92
30 30 49
18 18 67
23 23 59
38 38 38
21 21 62
13 13 75
11 11 79
26 26 54
22 22 60
15 15 72
14 14 73
39 39 37
35 35 42
32 32 46
34 34 43
5 5 90
34 34 43
41 41 34
39 39 37
17 17 68
5 5 90
37 37 39
22 22 60
14 14 73
37 37 39
39 39 37
19 19 65
26 26 54
5 5 90
27 27 53
14 14 73
3 3 94
13 13 75
36 36 40
8 8 84
30 30 49
16 16 70
6 6 88
5 5 90
33 33 44
8 8 84
2 2 96
36 36 40
33 33 44
19 19 65
13 13 75
16 16 70
39 39 37
42 42 33
28 28 51
39 39 37
39 39 37
42 42 33
20 20 64
29 29 50
17 17 68
43 43 32
30 30 49
26 26 54
39 39 37
42 42 33
13 13 75
28 28 51
20 20 64
18 18 67
27 27 53
36 36 40
26 26 54
43 43 32
16 16 70
37 37 39
34 34 43
1 1 98
27 27 53
18 18 67
29 29 50
33 33 44
12 12 77
16 16 70
22 22 60
41 41 34
40 40 36
15 15 72
17 17 68
6 6 88
3 3 94
21 21 62
36 36 40
27 27 53
37 37 39
4 4 92
30 30 49
37 37 39
43 43 32
3 3 94
26 26 54
31 31 47
33 33 44
18 18 67
18 18 67
36 36 40
26 26 54
44 44 31
6 6 88
41 41 34
23 23 59
17 17 68
13 13 75
39 39 37
35 35 42
6 6 88
41 41 34
7 7 86
13 13 75
40 40 36
2 2 96
11 11 79
25 25 56
37 37 39
38 38 38
20 20 64
10 10 81
22 22 60
26 26 54
1 1 98
22 22 60
18 18 67
26 26 54
45 45 30
43 43 32
37 37 39
21 21 62
21 21 62
42 42 33
19 19 65
3 3 94
21 21 62
17 17 68
16 16 70
43 43 32
37 37 39
8 8 84
24 24 57
11 11 79
10 10 81
41 41 34
14 14 73
4 4 92
24 24 57
8 8 84
29 29 50
5 5 90
44 44 31
27 27 53
45 45 30
32 32 46
40 40 36
17 17 68
43 43 32
13 13 75
27 27 53
35 35 42
8 8 84
2 2 96
41 41 34
33 33 44
5 5 90
15 15 72
27 27 53
22 22 60
39 39 37
35 35 42
32 32 46
46 46 29
26 26 54
37 37 39
15 15 72
33 33 44
30 30 49
34 34 43
15 15 72
16 16 70
44 44 31
24 24 57
18 18 67
12 12 77
37 37 39
20 20 64
18 18 67
23 23 59
43 43 32
46 46 29
32 32 46
25 25 56
17 17 68
22 22 60
12 12 77
34 34 43
26 26 54
9 9 82
36 36 40
22 22 60
45 45 30
8 8 84
44 44 31
23 23 59
22 22 60
41 41 34
47 47 28
2 2 96
38 38 38
30 30 49
38 38 38
34 34 43
38 38 38
17 17 68
33 33 44
26 26 54
17 17 68
32 32 46
17 17 68
37 37 39
37 37 39
45 45 30
7 7 86
47 47 28
8 8 84
17 17 68
43 43 32
10 10 81
9 9 82
23 23 59
29 29 50
3 3 94
40 40 36
2 2 96
43 43 32
20 20 64
41 41 34
18 18 67
17 17 68
37 37 39
46 46 29
20 20 64
17 17 68
32 32 46
22 22 60
6 6 88
40 40 36
28 28 51
22 22 60
10 10 81
14 14 73
25 25 56
42 42 33
7 7 86
2 2 96
32 32 46
36 36 40
16 16 70
37 37 39
34 34 43
35 35 42
30 30 49
49 49 26
39 39 37
49 49 26
44 44 31
40 40 36
10 10 81
6 6 88
48 48 27
26 26 54
38 38 38
37 37 39
20 20 64
34 34 43
7 7 86
40 40 36
11 11 79
49 49 26
35 35 42
24 24 57
19 19 65
38 38 38
3 3 94
38 38 38
12 12 77
49 49 26
32 32 46
4 4 92
23 23 59
50 50 25
37 37 39
32 32 46
45 45 30
37 37 39
39 39 37
45 45 30
41 41 34
49 49 26
7 7 86
20 20 64
34 34 43
5 5 90
35 35 42
41 41 34
1 1 98
42 42 33
35 35 42
37 37 39
46 46 29
9 9 82
20 20 64
42 42 33
34 34 43
23 23 59
23 23 59
18 18 67
3 3 94
4 4 92
49 49 26
38 38 38
12 12 77
27 27 53
40 40 36
50 50 25
47 47 28
15 15 72
43 43 32
44 44 31
43 43 32
35 35 42
41 41 34
21 21 62
7 7 86
36 36 40
51 51 24
47 47 28
11 11 79
16 16 70
39 39 37
11 11 79
29 29 50
13 13 75
14 14 73
5 5 90
7 7 86
13 13 75
6 6 88
34 34 43
35 35 42
44 44 31
49 49 26
49 49 26
30 30 49
44 44 31
12 12 77
16 16 70
33 33 44
36 36 40
24 24 57
33 33 44
15 15 72
13 13 75
7 7 86
32 32 46
1 1 96
16 16 70
44 44 31
24 24 57
44 44 31
26 26 54
34 34 43
28 28 51
15 15 72
40 40 36
51 51 24
46 46 29
23 23 59
48 48 27
38 38 38
36 36 40
16 16 70
20 20 64
19 19 65
30 30 49
5 5 90
45 45 30
39 39 37
13 13 75
20 20 64
30 30 49
31 31 47
37 37 39
28 28 51
5 5 90
28 28 51
29 29 50
27 27 53
9 9 82
11 11 79
35 35 42
2 2 94
40 40 36
34 34 43
41 41 34
28 28 51
50 50 25
1 1 92
36 36 40
20 20 64
6 6 88
11 11 79
43 43 32
47 47 28
52 52 23
53 53 22
36 36 40
30 30 49
6 6 88
2 2 92
11 11 79
34 34 43
51 51 24
34 34 43
4 4 92
31 31 47
19 19 65
43 43 32
46 46 29
51 51 24
37 37 39
32 32 46
49 49 26
37 37 39
3 3 92
27 27 53
39 39 37
33 33 44
36 36 40
49 49 26
34 34 43
9 9 82
1 1 92
1 1 92
52 52 23
1 1 90
49 49 26
20 20 64
21 21 62
28 28 51
48 48 27
48 48 27
50 50 25
52 52 23
54 54 21
46 46 29
17 17 68
36 36 40
28 28 51
24 24 57
51 51 24
9 9 82
18 18 67
47 47 28
43 43 32
22 22 60
40 40 36
42 42 33
29 29 50
43 43 32
16 16 70
36 36 40
37 37 39
14 14 73
17 17 68
48 48 27
13 13 75
51 51 24
45 45 30
1 1 90
12 12 77
54 54 21
10 10 81
18 18 67
43 43 32
3 3 88
40 40 36
2 2 88
7 7 86
43 43 32
45 45 30
44 44 31
52 52 23
47 47 28
43 43 32
40 40 36
24 24 57
42 42 33
17 17 68
30 30 49
47 47 28
14 14 73
39 39 37
8 8 84
30 30 49
23 23 59
19 19 65
41 41 34
33 33 44
47 47 28
22 22 60
30 30 49
37 37 39
26 26 54
18 18 67
50 50 25
20 20 64
51 51 24
6 6 88
55 55 20
55 55 20
53 53 22
24 24 57
10 10 81
53 53 22
40 40 36
45 45 30
54 54 21
31 31 47
44 44 31
29 29 50
16 16 70
11 11 79
22 22 60
19 19 65
24 24 57
36 36 40
22 22 60
38 38 38
46 46 29
49 49 26
26 26 54
45 45 30
4 4 86
7 7 86
45 45 30
42 42 33
20 20 64
19 19 65
18 18 67
7 7 86
40 40 36
20 20 64
53 53 22
28 28 51
17 17 68
8 8 84
24 24 57
38 38 38
21 21 62
47 47 28
45 45 30
55 55 20
43 43 32
34 34 43
37 37 39
28 28 51
44 44 31
56 56 19
27 27 53
27 27 53
32 32 46
28 28 51
52 52 23
16 16 70
50 50 25
56 56 19
12 12 77
46 46 29
39 39 37
49 49 26
55 55 20
52 52 23
27 27 53
1 1 84
48 48 27
52 52 23
1 1 84
20 20 64
56 56 19
34 34 43
15 15 72
56 56 19
55 55 20
23 23 59
30 30 49
37 37 39
38 38 38
52 52 23
57 57 18
53 53 22
19 19 65
32 32 46
24 24 57
23 23 59
53 53 22
53 53 22
7 7 84
9 9 82
3 3 84
24 24 57
37 37 39
48 48 27
49 49 26
34 34 43
49 49 26
38 38 38
17 17 68
2 2 82
27 27 53
8 8 82
16 16 70
50 50 25
15 15 72
1 1 82
56 56 19
8 8 82
55 55 20
9 9 82
40 40 36
15 15 72
42 42 33
56 56 19
48 48 27
11 11 79
50 50 25
53 53 22
52 52 23
55 55 20
54 54 21
13 13 75
54 54 21
30 30 49
18 18 67
54 54 21
6 6 82
39 39 37
48 48 27
21 21 62
1 1 82
30 30 49
11 11 79
13 13 75
43 43 32
1 1 82
20 20 64
23 23 59
31 31 47
14 14 73
47 47 28
15 15 72
48 48 27
10 10 80
58 58 17
32 32 46
9 9 80
51 51 24
37 37 39
56 56 19
48 48 27
17 17 68
3 3 80
15 15 72
16 16 70
55 55 20
1 1 80
12 12 77
51 51 24
37 37 39
34 34 43
56 56 19
15 15 72
7 7 80
40 40 36
56 56 19
25 25 56
3 3 80
8 8 80
27 27 53
40 40 36
3 3 80
32 32 46
48 48 27
40 40 36
41 41 34
46 46 29
23 23 59
5 5 80
42 42 33
55 55 20
32 32 46
60 60 16
9 9 78
4 4 78
18 18 67
2 2 78
47 47 28
11 11 78
34 34 43
55 55 20
4 4 78
7 7 78
41 41 34
28 28 51
18 18 67
31 31 47
55 55 20
24 24 57
20 20 64
15 15 72
44 44 31
40 40 36
42 42 33
48 48 27
37 37 39
43 43 32
38 38 38
34 34 43
21 21 62
50 50 25
25 25 56
57 57 18
53 53 22
46 46 29
16 16 70
32 32 46
45 45 30
43 43 32
24 24 57
46 46 29
60 60 16
38 38 38
33 33 44
38 38 38
26 26 54
61 61 15
48 48 27
50 50 25
30 30 49
59 59 16
29 29 50
26 26 54
30 30 49
13 13 75
42 42 33
7 7 76
34 34 43
14 14 73
50 50 25
34 34 43
35 35 42
7 7 76
54 54 21
1 1 76
28 28 51
52 52 23
20 20 64
17 17 68
40 40 36
30 30 49
18 18 67
2 2 76
22 22 60
58 58 17
49 49 26
48 48 27
55 55 20
22 22 60
16 16 70
3 3 76
54 54 21
47 47 28
62 62 14
9 9 74
33 33 44
62 62 14
31 31 47
13 13 74
45 45 30
39 39 37
53 53 22
58 58 17
18 18 67
5 5 74
59 59 16
19 19 65
27 27 53
48 48 27
6 6 74
35 35 42
62 62 14
8 8 74
4 4 74
17 17 68
42 42 33
54 54 21
17 17 68
52 52 23
39 39 37
10 10 74
50 50 25
27 27 53
23 23 59
9 9 74
47 47 28
49 49 26
15 15 72
6 6 74
1 1 74
49 49 26
44 44 31
50 50 25
39 39 37
3 3 74
32 32 46
54 54 21
10 10 74
45 45 30
51 51 24
44 44 31
11 11 72
44 44 31
37 37 39
31 31 47
53 53 22
61 61 15
49 49 26
36 36 40
39 39 37
30 30 49
47 47 28
56 56 19
39 39 37
43 43 32
18 18 67
45 45 30
27 27 53
26 26 54
2 2 72
34 34 43
50 50 25
52 52 23
30 30 49
20 20 64
12 12 72
52 52 23
62 62 14
36 36 40
56 56 19
40 40 36
50 50 25
51 51 24
49 49 26
55 55 20
47 47 28
23 23 59
10 10 72
54 54 21
41 41 34
20 20 64
2 2 72
63 63 13
20 20 64
44 44 31
54 54 21
53 53 22
57 57 18
1 1 70
25 25 56
40 40 36
59 59 16
4 4 70
38 38 38
39 39 37
40 40 36
53 53 22
31 31 47
57 57 18
59 59 16
33 33 44
24 24 57
52 52 23
44 44 31
16 16 70
51 51 24
50 50 25
58 58 17
36 36 40
63 63 13
14 14 70
39 39 37
50 50 25
55 55 20
35 35 42
63 63 13
38 38 38
10 10 70
32 32 46
35 35 42
28 28 51
63 63 13
51 51 24
7 7 70
38 38 38
28 28 51
53 53 22
55 55 20
43 43 32
52 52 23
58 58 17
37 37 39
17 17 68
61 61 15
13 13 70
50 50 25
41 41 34
63 63 13
10 10 70
40 40 36
41 41 34
20 20 64
59 59 16
62 62 14
35 35 42
13 13 70
47 47 28
10 10 70
48 48 27
60 60 16
58 58 17
47 47 28
47 47 28
58 58 17
27 27 53
56 56 19
46 46 29
35 35 42
26 26 54
50 50 25
52 52 23
58 58 17
43 43 32
25 25 56
20 20 64
58 58 17
57 57 18
28 28 51
39 39 37
56 56 19
43 43 32
35 35 42
46 46 29
21 21 62
35 35 42
39 39 37
47 47 28
54 54 21
40 40 36
8 8 68
37 37 39
26 26 54
62 62 14
16 16 68
61 61 15
25 25 56
63 63 13
57 57 18
62 62 14
61 61 15
38 38 38
64 64 12
41 41 34
65 65 12
35 35 42
32 32 46
12 12 68
46 46 29
61 61 15
37 37 39
29 29 50
33 33 44
43 43 32
26 26 54
41 41 34
44 44 31
49 49 26
66 66 11
4 4 66
65 65 12
4 4 66
42 42 33
40 40 36
43 43 32
17 17 66
66 66 11
48 48 27
13 13 66
5 5 66
53 53 22
63 63 13
58 58 17
41 41 34
62 62 14
56 56 19
32 32 46
62 62 14
8 8 66
57 57 18
42 42 33
50 50 25
17 17 66
14 14 66
49 49 26
48 48 27
26 26 54
38 38 38
2 2 66
55 55 20
26 26 54
28 28 51
44 44 31
27 27 53
55 55 20
39 39 37
13 13 66
26 26 54
29 29 50
59 59 16
9 9 66
54 54 21
39 39 37
65 65 12
46 46 29
49 49 26
63 63 13
46 46 29
50 50 25
43 43 32
59 59 16
44 44 31
56 56 19
2 2 64
54 54 21
27 27 53
2 2 64
4 4 64
23 23 59
66 66 11
42 42 33
39 39 37
62 62 14
29 29 50
65 65 12
39 39 37
66 66 11
28 28 51
44 44 31
23 23 59
32 32 46
44 44 31
17 17 64
52 52 23
52 52 23
65 65 12
67 67 10
16 16 64
59 59 16
31 31 47
52 52 23
38 38 38
42 42 33
12 12 64
48 48 27
21 21 62
16 16 64
31 31 47
35 35 42
50 50 25
60 60 16
63 63 13
9 9 64
54 54 21
2 2 62
44 44 31
48 48 27
53 53 22
60 60 16
55 55 20
55 55 20
12 12 62
64 64 12
60 60 16
65 65 12
58 58 17
29 29 50
60 60 16
20 20 62
20 20 62
50 50 25
8 8 62
32 32 46
25 25 56
3 3 62
54 54 21
10 10 62
68 68 10
27 27 53
52 52 23
61 61 15
19 19 62
58 58 17
64 64 12
18 18 62
20 20 62
42 42 33
64 64 12
15 15 62
64 64 12
40 40 36
34 34 43
23 23 59
55 55 20
34 34 43
45 45 30
68 68 10
54 54 21
53 53 22
64 64 12
3 3 62
26 26 54
24 24 57
64 64 12
65 65 12
23 23 59
54 54 21
34 34 43
55 55 20
63 63 13
4 4 62
45 45 30
44 44 31
62 62 14
52 52 23
24 24 57
55 55 20
22 22 60
4 4 60
28 28 51
46 46 29
58 58 17
65 65 12
29 29 50
68 68 10
32 32 46
1 1 60
64 64 12
65 65 12
56 56 19
50 50 25
16 16 60
64 64 12
31 31 47
55 55 20
25 25 56
15 15 60
44 44 31
67 67 10
17 17 60
12 12 60
69 69 9
38 38 38
52 52 23
36 36 40
24 24 57
51 51 24
33 33 44
68 68 10
4 4 60
37 37 39
51 51 24
60 60 16
62 62 14
41 41 34
15 15 60
34 34 43
28 28 51
64 64 12
21 21 60
35 35 42
42 42 33
64 64 12
47 47 28
54 54 21
1 1 60
69 69 9
64 64 12
31 31 47
8 8 60
64 64 12
53 53 22
65 65 12
20 20 60
66 66 11
55 55 20
22 22 60
45 45 30
43 43 32
61 61 15
67 67 10
58 58 17
39 39 37
31 31 47
64 64 12
65 65 12
67 67 10
65 65 12
24 24 57
32 32 46
12 12 58
23 23 58
41 41 34
57 57 18
2 2 58
28 28 51
38 38 38
59 59 16
25 25 56
62 62 14
10 10 58
43 43 32
32 32 46
46 46 29
21 21 58
21 21 58
61 61 15
62 62 14
57 57 18
57 57 18
70 70 9
24 24 57
53 53 22
13 13 58
67 67 10
24 24 57
20 20 58
38 38 38
55 55 20
58 58 17
67 67 10
18 18 58
21 21 58
35 35 42
60 60 16
57 57 18
9 9 58
68 68 10
29 29 50
67 67 10
60 60 16
44 44 31
55 55 20
21 21 58
18 18 58
14 14 58
67 67 10
61 61 15
7 7 58
36 36 40
18 18 58
39 39 37
18 18 58
21 21 58
50 50 25
56 56 19
62 62 14
37 37 39
70 70 9
49 49 26
70 70 9
13 13 56
8 8 56
45 45 30
44 44 31
35 35 42
51 51 24
70 70 9
70 70 9
49 49 26
2 2 56
49 49 26
8 8 56
41 41 34
44 44 31
62 62 14
34 34 43
17 17 56
69 69 9
70 70 9
35 35 42
52 52 23
41 41 34
56 56 19
25 25 56
42 42 33
56 56 19
36 36 40
4 4 56
61 61 15
65 65 12
20 20 56
33 33 44
50 50 25
45 45 30
65 65 12
70 70 9
60 60 16
62 62 14
52 52 23
55 55 20
43 43 32
29 29 50
47 47 28
4 4 56
25 25 56
59 59 16
54 54 21
35 35 42
60 60 16
44 44 31
67 67 10
24 24 56
29 29 50
49 49 26
64 64 12
68 68 10
69 69 9
43 43 32
13 13 56
50 50 25
55 55 20
43 43 32
5 5 54
15 15 54
56 56 19
27 27 53
35 35 42
42 42 33
45 45 30
20 20 54
70 70 9
53 53 22
24 24 54
26 26 54
53 53 22
48 48 27
18 18 54
15 15 54
66 66 11
49 49 26
47 47 28
58 58 17
61 61 15
16 16 54
6 6 54
55 55 20
30 30 49
64 64 12
56 56 19
50 50 25
70 70 9
43 43 32
29 29 50
62 62 14
40 40 36
30 30 49
2 2 54
32 32 46
3 3 54
61 61 15
70 70 9
22 22 54
64 64 12
55 55 20
47 47 28
29 29 50
70 70 9
70 70 9
47 47 28
8 8 54
70 70 9
65 65 12
46 46 29
45 45 30
65 65 12
70 70 9
67 67 10
43 43 32
27 27 52
29 29 50
39 39 37
69 69 9
42 42 33
57 57 18
69 69 9
55 55 20
70 70 9
25 25 52
27 27 52
67 67 10
37 37 39
1 1 52
39 39 37
56 56 19
25 25 52
59 59 16
19 19 52
6 6 52
25 25 52
60 60 16
57 57 18
24 24 52
45 45 30
56 56 19
52 52 23
54 54 21
44 44 31
11 11 52
45 45 30
17 17 52
40 40 36
66 66 11
65 65 12
2 2 52
35 35 42
12 12 52
32 32 46
68 68 10
50 50 25
48 48 27
38 38 38
19 19 52
3 3 52
49 49 26
62 62 14
23 23 52
70 70 9
51 51 24
53 53 22
62 62 14
69 69 9
65 65 12
38 38 38
45 45 30
39 39 37
44 44 31
58 58 17
40 40 36
70 70 9
33 33 44
41 41 34
70 70 9
60 60 16
70 70 9
44 44 31
17 17 52
59 59 16
69 69 9
70 70 9
20 20 52
7 7 52
24 24 52
70 70 9
13 13 50
65 65 12
70 70 9
56 56 19
26 26 50
37 37 39
70 70 9
40 40 36
14 14 50
30 30 49
57 57 18
33 33 44
36 36 40
65 65 12
70 70 9
2 2 50
42 42 33
28 28 50
70 70 9
5 5 50
40 40 36
24 24 50
62 62 14
22 22 50
63 63 13
38 38 38
13 13 50
51 51 24
43 43 32
66 66 11
70 70 9
70 70 9
1 1 50
68 68 10
70 70 9
6 6 50
7 7 50
53 53 22
1 1 50
51 51 24
50 50 25
14 14 50
70 70 9
55 55 20
35 35 42
64 64 12
58 58 17
48 48 27
70 70 9
70 70 9
27 27 50
50 50 25
48 48 27
68 68 10
53 53 22
59 59 16
70 70 9
39 39 37
23 23 50
63 63 13
66 66 11
66 66 11
24 24 50
40 40 36
62 62 14
4 4 50
36 36 40
70 70 9
60 60 16
70 70 9
18 18 50
64 64 12
8 8 50
21 21 50
21 21 50
27 27 50
70 70 9
24 24 50
46 46 29
70 70 9
70 70 9
51 51 24
24 24 48
47 47 28
50 50 25
53 53 22
57 57 18
3 3 48
67 67 10
1 1 48
22 22 48
70 70 9
55 55 20
41 41 34
11 11 48
70 70 9
70 70 9
70 70 9
10 10 48
70 70 9
59 59 16
62 62 14
56 56 19
50 50 25
70 70 9
66 66 11
2 2 48
62 62 14
63 63 13
59 59 16
46 46 29
62 62 14
33 33 44
21 21 48
70 70 9
67 67 10
70 70 9
63 63 13
50 50 25
62 62 14
70 70 9
63 63 13
18 18 48
5 5 48
24 24 48
56 56 19
29 29 48
70 70 9
60 60 16
52 52 23
53 53 22
70 70 9
70 70 9
1 1 48
42 42 33
64 64 12
6 6 48
50 50 25
38 38 38
70 70 9
56 56 19
24 24 46
69 69 9
49 49 26
56 56 19
69 69 9
19 19 46
18 18 46
60 60 16
70 70 9
61 61 15
69 69 9
64 64 12
50 50 25
70 70 9
41 41 34
30 30 46
69 69 9
62 62 14
35 35 42
23 23 46
67 67 10
31 31 46
29 29 46
49 49 26
52 52 23
31 31 46
56 56 19
51 51 24
52 52 23
66 66 11
53 53 22
56 56 19
10 10 46
53 53 22
67 67 10
62 62 14
43 43 32
48 48 27
70 70 9
53 53 22
61 61 15
70 70 9
66 66 11
7 7 46
50 50 25
36 36 40
70 70 9
53 53 22
64 64 12
68 68 10
70 70 9
64 64 12
70 70 9
46 46 29
65 65 12
30 30 44
26 26 44
11 11 44
35 35 42
27 27 44
25 25 44
51 51 24
54 54 21
70 70 9
57 57 18
48 48 27
37 37 39
56 56 19
70 70 9
52 52 23
55 55 20
58 58 17
53 53 22
69 69 9
69 69 9
44 44 31
70 70 9
70 70 9
52 52 23
64 64 12
57 57 18
13 13 44
21 21 44
42 42 33
59 59 16
70 70 9
14 14 44
24 24 44
70 70 9
53 53 22
24 24 44
48 48 27
67 67 10
15 15 44
2 2 44
27 27 44
70 70 9
47 47 28
70 70 9
65 65 12
55 55 20
41 41 34
65 65 12
61 61 15
65 65 12
21 21 44
43 43 32
61 61 15
26 26 44
43 43 32
70 70 9
68 68 10
70 70 9
23 23 44
70 70 9
70 70 9
27 27 44
31 31 44
63 63 13
56 56 19
70 70 9
64 64 12
35 35 42
38 38 38
47 47 28
46 46 29
58 58 17
55 55 20
29 29 42
54 54 21
70 70 9
56 56 19
68 68 10
54 54 21
53 53 22
64 64 12
32 32 42
39 39 37
70 70 9
63 63 13
39 39 37
70 70 9
8 8 42
17 17 42
70 70 9
68 68 10
68 68 10
57 57 18
56 56 19
70 70 9
70 70 9
37 37 39
31 31 42
4 4 42
29 29 42
70 70 9
61 61 15
70 70 9
49 49 26
17 17 42
58 58 17
27 27 42
16 16 42
17 17 42
28 28 42
7 7 42
70 70 9
46 46 29
70 70 9
9 9 42
70 70 9
8 8 42
7 7 42
63 63 13
34 34 42
70 70 9
70 70 9
64 64 12
62 62 14
37 37 39
11 11 42
70 70 9
25 25 42
35 35 42
47 47 28
21 21 42
52 52 23
59 59 16
47 47 28
4 4 42
30 30 42
65 65 12
3 3 42
50 50 25
70 70 9
45 45 30
69 69 9
19 19 42
53 53 22
28 28 42
63 63 13
62 62 14
70 70 9
29 29 40
52 52 23
24 24 40
70 70 9
70 70 9
63 63 13
63 63 13
13 13 40
68 68 10
46 46 29
30 30 40
70 70 9
64 64 12
70 70 9
52 52 23
38 38 38
52 52 23
58 58 17
29 29 40
67 67 10
5 5 40
5 5 40
70 70 9
6 6 40
30 30 40
70 70 9
46 46 29
53 53 22
56 56 19
48 48 27
56 56 19
61 61 15
70 70 9
57 57 18
33 33 40
42 42 33
55 55 20
70 70 9
70 70 9
48 48 27
20 20 40
30 30 40
70 70 9
63 63 13
25 25 40
61 61 15
70 70 9
52 52 23
37 37 39
70 70 9
49 49 26
70 70 9
41 41 34
30 30 40
46 46 29
70 70 9
35 35 40
52 52 23
70 70 9
65 65 12
15 15 38
70 70 9
15 15 38
70 70 9
59 59 16
41 41 34
70 70 9
20 20 38
44 44 31
54 54 21
2 2 38
70 70 9
70 70 9
65 65 12
31 31 38
18 18 38
49 49 26
57 57 18
38 38 38
47 47 28
35 35 38
70 70 9
14 14 38
70 70 9
25 25 38
41 41 34
42 42 33
70 70 9
54 54 21
64 64 12
70 70 9
70 70 9
8 8 38
46 46 29
29 29 38
70 70 9
46 46 29
15 15 38
31 31 38
66 66 11
54 54 21
70 70 9
70 70 9
22 22 38
44 44 31
70 70 9
37 37 38
70 70 9
47 47 28
70 70 9
26 26 38
61 61 15
70 70 9
68 68 10
64 64 12
22 22 38
52 52 23
70 70 9
64 64 12
51 51 24
56 56 19
49 49 26
53 53 22
70 70 9
7 7 38
56 56 19
44 44 31
39 39 37
70 70 9
49 49 26
19 19 38
17 17 38
35 35 38
29 29 38
38 38 38
46 46 29
70 70 9
62 62 14
70 70 9
7 7 36
70 70 9
38 38 36
67 67 10
64 64 12
2 2 36
68 68 10
53 53 22
60 60 16
57 57 18
70 70 9
70 70 9
4 4 36
70 70 9
39 39 36
63 63 13
63 63 13
48 48 27
68 68 10
70 70 9
64 64 12
39 39 36
70 70 9
70 70 9
70 70 9
70 70 9
3 3 36
70 70 9
56 56 19
70 70 9
22 22 36
70 70 9
70 70 9
25 25 36
70 70 9
46 46 29
62 62 14
70 70 9
24 24 36
70 70 9
49 49 26
44 44 31
70 70 9
70 70 9
69 69 9
65 65 12
36 36 36
65 65 12
68 68 10
53 53 22
50 50 25
53 53 22
70 70 9
59 59 16
45 45 30
51 51 24
29 29 36
70 70 9
70 70 9
70 70 9
69 69 9
70 70 9
9 9 36
61 61 15
70 70 9
70 70 9
70 70 9
12 12 36
70 70 9
62 62 14
70 70 9
16 16 36
44 44 31
70 70 9
10 10 36
60 60 16
62 62 14
7 7 36
66 66 11
70 70 9
70 70 9
14 14 36
45 45 30
59 59 16
12 12 36
48 48 27
67 67 10
59 59 16
13 13 34
60 60 16
51 51 24
39 39 34
70 70 9
37 37 34
49 49 26
18 18 34
70 70 9
54 54 21
69 69 9
14 14 34
45 45 30
58 58 17
52 52 23
44 44 31
70 70 9
47 47 28
70 70 9
53 53 22
21 21 34
70 70 9
55 55 20
19 19 34
70 70 9
67 67 10
70 70 9
35 35 34
68 68 10
47 47 28
70 70 9
70 70 9
70 70 9
45 45 30
52 52 23
5 5 34
64 64 12
49 49 26
60 60 16
11 11 34
70 70 9
63 63 13
70 70 9
17 17 34
29 29 34
70 70 9
27 27 34
50 50 25
63 63 13
70 70 9
53 53 22
16 16 34
70 70 9
68 68 10
70 70 9
70 70 9
67 67 10
36 36 34
65 65 12
50 50 25
12 12 34
46 46 29
17 17 34
70 70 9
4 4 34
55 55 20
56 56 19
36 36 34
70 70 9
61 61 15
70 70 9
70 70 9
64 64 12
70 70 9
65 65 12
42 42 33
70 70 9
34 34 34
70 70 9
70 70 9
70 70 9
70 70 9
23 23 34
29 29 34
67 67 10
3 3 34
22 22 34
44 44 31
63 63 13
55 55 20
70 70 9
65 65 12
70 70 9
70 70 9
26 26 32
55 55 20
69 69 9
70 70 9
27 27 32
69 69 9
70 70 9
49 49 26
39 39 32
18 18 32
70 70 9
57 57 18
63 63 13
58 58 17
70 70 9
58 58 17
45 45 30
70 70 9
27 27 32
35 35 32
70 70 9
70 70 9
70 70 9
66 66 11
3 3 32
70 70 9
36 36 32
36 36 32
65 65 12
8 8 32
6 6 32
70 70 9
68 68 10
6 6 32
46 46 29
32 32 32
61 61 15
42 42 32
65 65 12
48 48 27
70 70 9
52 52 23
39 39 32
33 33 32
44 44 31
54 54 21
70 70 9
35 35 32
9 9 32
11 11 32
61 61 15
70 70 9
31 31 32
70 70 9
37 37 32
57 57 18
53 53 22
68 68 10
51 51 24
70 70 9
68 68 10
57 57 18
53 53 22
36 36 32
68 68 10
41 41 32
46 46 29
59 59 16
70 70 9
44 44 31
44 44 31
39 39 32
65 65 12
55 55 20
70 70 9
13 13 32
70 70 9
70 70 9
41 41 32
59 59 16
70 70 9
52 52 23
63 63 13
57 57 18
45 45 30
34 34 30
70 70 9
70 70 9
24 24 30
53 53 22
54 54 21
10 10 30
69 69 9
7 7 30
26 26 30
28 28 30
17 17 30
53 53 22
38 38 30
53 53 22
32 32 30
70 70 9
70 70 9
70 70 9
67 67 10
32 32 30
29 29 30
70 70 9
10 10 30
70 70 9
45 45 30
55 55 20
58 58 17
62 62 14
70 70 9
50 50 25
70 70 9
12 12 30
11 11 30
70 70 9
19 19 30
63 63 13
31 31 30
67 67 10
70 70 9
27 27 30
70 70 9
6 6 30
70 70 9
50 50 25
50 50 25
60 60 16
49 49 26
70 70 9
70 70 9
70 70 9
70 70 9
66 66 11
70 70 9
27 27 30
26 26 30
1 1 30
70 70 9
70 70 9
70 70 9
70 70 9
51 51 24
70 70 9
70 70 9
32 32 30
50 50 25
70 70 9
59 59 16
36 36 30
5 5 30
70 70 9
24 24 30
45 45 30
64 64 12
62 62 14
70 70 9
35 35 30
57 57 18
70 70 9
50 50 25
70 70 9
61 61 15
1 1 30
68 68 10
68 68 10
47 47 28
15 15 30
70 70 9
55 55 20
32 32 30
70 70 9
70 70 9
70 70 9
70 70 9
54 54 21
20 20 30
62 62 14
70 70 9
52 52 23
45 45 30
54 54 21
14 14 28
70 70 9
3 3 28
70 70 9
70 70 9
70 70 9
61 61 15
70 70 9
70 70 9
70 70 9
67 67 10
7 7 28
36 36 28
70 70 9
70 70 9
67 67 10
7 7 28
59 59 16
7 7 28
31 31 28
70 70 9
31 31 28
44 44 28
12 12 28
30 30 28
55 55 20
12 12 28
28 28 28
33 33 28
70 70 9
35 35 28
53 53 22
47 47 28
70 70 9
46 46 28
52 52 23
17 17 28
18 18 28
70 70 9
22 22 28
41 41 28
15 15 28
70 70 9
62 62 14
67 67 10
29 29 28
62 62 14
66 66 11
70 70 9
29 29 28
70 70 9
70 70 9
31 31 28
50 50 25
36 36 28
70 70 9
12 12 28
11 11 28
46 46 28
59 59 16
58 58 17
70 70 9
55 55 20
12 12 28
70 70 9
31 31 28
68 68 10
70 70 9
70 70 9
42 42 28
70 70 9
3 3 28
70 70 9
70 70 9
70 70 9
63 63 13
41 41 28
61 61 15
53 53 22
70 70 9
56 56 19
49 49 26
70 70 9
70 70 9
23 23 28
70 70 9
53 53 22
67 67 10
70 70 9
6 6 26
1 1 26
70 70 9
70 70 9
70 70 9
68 68 10
60 60 16
70 70 9
70 70 9
33 33 26
12 12 26
29 29 26
51 51 24
70 70 9
70 70 9
48 48 26
70 70 9
37 37 26
38 38 26
64 64 12
37 37 26
70 70 9
50 50 25
11 11 26
1 1 26
36 36 26
70 70 9
70 70 9
68 68 10
70 70 9
70 70 9
69 69 9
58 58 17
3 3 26
25 25 26
49 49 26
70 70 9
70 70 9
70 70 9
24 24 26
56 56 19
70 70 9
31 31 26
54 54 21
70 70 9
39 39 26
65 65 12
70 70 9
70 70 9
5 5 26
59 59 16
60 60 16
15 15 26
70 70 9
70 70 9
70 70 9
30 30 26
70 70 9
46 46 26
64 64 12
49 49 26
70 70 9
70 70 9
8 8 26
23 23 26
70 70 9
70 70 9
70 70 9
70 70 9
49 49 26
70 70 9
44 44 26
65 65 12
69 69 9
70 70 9
70 70 9
70 70 9
70 70 9
65 65 12
70 70 9
31 31 26
59 59 16
43 43 26
14 14 26
70 70 9
70 70 9
14 14 26
70 70 9
70 70 9
70 70 9
25 25 26
58 58 17
10 10 26
36 36 26
70 70 9
58 58 17
22 22 26
70 70 9
70 70 9
58 58 17
8 8 24
33 33 24
14 14 24
27 27 24
70 70 9
70 70 9
61 61 15
70 70 9
70 70 9
28 28 24
8 8 24
25 25 24
70 70 9
70 70 9
20 20 24
70 70 9
59 59 16
62 62 14
68 68 10
55 55 20
28 28 24
70 70 9
35 35 24
70 70 9
70 70 9
63 63 13
29 29 24
70 70 9
70 70 9
70 70 9
70 70 9
63 63 13
70 70 9
70 70 9
70 70 9
42 42 24
61 61 15
66 66 11
34 34 24
38 38 24
20 20 24
50 50 24
21 21 24
70 70 9
9 9 24
23 23 24
21 21 24
70 70 9
10 10 24
15 15 24
47 47 24
25 25 24
63 63 13
60 60 16
30 30 24
70 70 9
20 20 24
70 70 9
70 70 9
67 67 10
41 41 24
70 70 9
46 46 24
70 70 9
70 70 9
68 68 10
26 26 24
70 70 9
25 25 24
70 70 9
70 70 9
41 41 24
55 55 20
70 70 9
31 31 24
43 43 24
26 26 24
60 60 16
70 70 9
30 30 24
14 14 24
39 39 24
27 27 24
70 70 9
68 68 10
70 70 9
70 70 9
70 70 9
70 70 9
70 70 9
21 21 24
11 11 24
70 70 9
12 12 22
70 70 9
49 49 22
42 42 22
70 70 9
24 24 22
65 65 12
50 50 22
16 16 22
70 70 9
56 56 19
70 70 9
12 12 22
70 70 9
70 70 9
6 6 22
24 24 22
62 62 14
70 70 9
70 70 9
5 5 22
29 29 22
70 70 9
54 54 21
61 61 15
70 70 9
54 54 21
1 1 22
70 70 9
70 70 9
40 40 22
70 70 9
30 30 22
67 67 10
70 70 9
70 70 9
67 67 10
2 2 22
39 39 22
39 39 22
70 70 9
70 70 9
57 57 18
25 25 22
33 33 22
49 49 22
70 70 9
70 70 9
70 70 9
70 70 9
22 22 22
40 40 22
70 70 9
48 48 22
43 43 22
24 24 22
70 70 9
70 70 9
70 70 9
70 70 9
55 55 20
57 57 18
31 31 22
70 70 9
70 70 9
70 70 9
70 70 9
70 70 9
8 8 22
70 70 9
18 18 22
64 64 12
70 70 9
70 70 9
70 70 9
8 8 22
53 53 22
62 62 14
58 58 17
70 70 9
70 70 9
70 70 9
57 57 18
70 70 9
70 70 9
62 62 14
70 70 9
70 70 9
69 69 9
60 60 16
32 32 22
70 70 9
64 64 12
70 70 9
65 65 12
70 70 9
70 70 9
58 58 17
70 70 9
70 70 9
69 69 9
70 70 9
70 70 9
54 54 21
70 70 9
70 70 9
48 48 22
16 16 22
70 70 9
63 63 13
58 58 17
5 5 22
70 70 9
68 68 10
70 70 9
35 35 22
70 70 9
70 70 9
70 70 9
70 70 9
70 70 9
62 62 14
37 37 20
29 29 20
33 33 20
18 18 20
24 24 20
70 70 9
55 55 20
23 23 20
70 70 9
56 56 19
70 70 9
59 59 16
70 70 9
44 44 20
52 52 20
56 56 19
46 46 20
30 30 20
70 70 9
45 45 20
70 70 9
70 70 9
43 43 20
61 61 15
70 70 9
70 70 9
64 64 12
10 10 20
70 70 9
70 70 9
43 43 20
70 70 9
70 70 9
70 70 9
10 10 20
37 37 20
59 59 16
51 51 20
70 70 9
70 70 9
70 70 9
60 60 16
70 70 9
60 60 16
70 70 9
70 70 9
70 70 9
70 70 9
70 70 9
22 22 20
70 70 9
65 65 12
53 53 20
5 5 20
70 70 9
70 70 9
24 24 20
39 39 20
63 63 13
70 70 9
70 70 9
70 70 9
70 70 9
70 70 9
57 57 18
70 70 9
70 70 9
57 57 18
69 69 9
70 70 9
70 70 9
70 70 9
70 70 9
56 56 19
68 68 10
70 70 9
70 70 9
70 70 9
49 49 20
70 70 9
3 3 20
70 70 9
70 70 9
70 70 9
70 70 9
70 70 9
66 66 11
70 70 9
42 42 20
70 70 9
61 61 15
69 69 9
40 40 20
70 70 9
37 37 20
55 55 20
56 56 19
70 70 9
70 70 9
43 43 20
56 56 19
70 70 9
70 70 9
13 13 20
57 57 18
62 62 14
8 8 20
39 39 20
57 57 18
70 70 9
38 38 20
42 42 20
17 17 20
9 9 20
70 70 9
70 70 9
57 57 18
70 70 9
70 70 9
70 70 9
70 70 9
61 61 15
70 70 9
24 24 18
70 70 9
70 70 9
70 70 9
6 6 18
35 35 18
61 61 15
53 53 18
49 49 18
70 70 9
70 70 9
2 2 18
70 70 9
70 70 9
61 61 15
63 63 13
70 70 9
70 70 9
45 45 18
20 20 18
70 70 9
48 48 18
44 44 18
6 6 18
70 70 9
64 64 12
70 70 9
14 14 18
70 70 9
44 44 18
35 35 18
70 70 9
70 70 9
70 70 9
12 12 18
7 7 18
53 53 18
53 53 18
3 3 18
19 19 18
12 12 18
56 56 18
4 4 18
65 65 12
48 48 18
70 70 9
70 70 9
64 64 12
65 65 12
70 70 9
70 70 9
57 57 18
70 70 9
45 45 18
70 70 9
69 69 9
2 2 18
70 70 9
16 16 18
8 8 18
58 58 17
59 59 16
44 44 18
12 12 18
68 68 10
70 70 9
70 70 9
70 70 9
18 18 18
8 8 18
70 70 9
70 70 9
65 65 12
36 36 18
70 70 9
32 32 18
70 70 9
14 14 18
50 50 18
70 70 9
64 64 12
39 39 18
64 64 12
26 26 18
66 66 11
70 70 9
70 70 9
70 70 9
70 70 9
70 70 9
70 70 9
42 42 16
11 11 16
70 70 9
70 70 9
70 70 9
70 70 9
69 69 9
70 70 9
70 70 9
70 70 9
70 70 9
70 70 9
70 70 9
33 33 16
70 70 9
45 45 16
30 30 16
47 47 16
70 70 9
70 70 9
70 70 9
10 10 16
60 60 16
70 70 9
70 70 9
70 70 9
70 70 9
32 32 16
24 24 16
70 70 9
70 70 9
70 70 9
2 2 16
30 30 16
70 70 9
34 34 16
36 36 16
33 33 16
44 44 16
70 70 9
43 43 16
70 70 9
70 70 9
16 16 16
70 70 9
70 70 9
70 70 9
13 13 16
70 70 9
70 70 9
70 70 9
53 53 16
70 70 9
70 70 9
70 70 9
70 70 9
70 70 9
70 70 9
70 70 9
54 54 16
70 70 9
70 70 9
70 70 9
70 70 9
70 70 9
8 8 16
63 63 13
11 11 16
55 55 16
9 9 16
2 2 16
70 70 9
32 32 16
70 70 9
70 70 9
52 52 16
66 66 11
30 30 16
51 51 16
65 65 12
70 70 9
39 39 16
70 70 9
70 70 9
4 4 16
14 14 16
40 40 16
30 30 16
70 70 9
70 70 9
24 24 16
70 70 9
70 70 9
70 70 9
70 70 9
41 41 16
45 45 16
70 70 9
23 23 16
70 70 9
70 70 9
70 70 9
33 33 16
70 70 9
70 70 9
55 55 16
62 62 14
70 70 9
33 33 16
37 37 16
24 24 16
29 29 16
70 70 9
25 25 16
46 46 16
36 36 16
70 70 9
70 70 9
70 70 9
50 50 14
70 70 9
45 45 14
29 29 14
70 70 9
70 70 9
70 70 9
70 70 9
70 70 9
70 70 9
54 54 14
62 62 14
24 24 14
51 51 14
38 38 14
70 70 9
58 58 14
70 70 9
44 44 14
70 70 9
3 3 14
70 70 9
70 70 9
54 54 14
70 70 9
70 70 9
70 70 9
70 70 9
15 15 14
70 70 9
70 70 9
67 67 10
70 70 9
61 61 14
70 70 9
70 70 9
33 33 14
65 65 12
60 60 14
69 69 9
70 70 9
70 70 9
70 70 9
70 70 9
41 41 14
54 54 14
58 58 14
45 45 14
59 59 14
5 5 14
36 36 14
70 70 9
61 61 14
70 70 9
48 48 14
70 70 9
70 70 9
70 70 9
23 23 14
28 28 14
70 70 9
1 1 14
70 70 9
50 50 14
43 43 14
26 26 14
70 70 9
41 41 14
70 70 9
70 70 9
4 4 14
12 12 14
70 70 9
67 67 10
70 70 9
54 54 14
26 26 14
18 18 14
70 70 9
70 70 9
64 64 12
70 70 9
25 25 14
47 47 14
33 33 14
53 53 14
70 70 9
70 70 9
70 70 9
70 70 9
70 70 9
70 70 9
70 70 9
70 70 9
70 70 9
70 70 9
70 70 9
70 70 9
49 49 14
70 70 9
70 70 9
70 70 9
47 47 14
2 2 14
70 70 9
70 70 9
70 70 9
54 54 14
70 70 9
28 28 14
70 70 9
6 6 14
34 34 14
18 18 14
70 70 9
5 5 14
70 70 9
70 70 9
70 70 9
70 70 9
70 70 9
53 53 14
8 8 12
70 70 9
11 11 12
70 70 9
69 69 9
70 70 9
70 70 9
12 12 12
28 28 12
65 65 12
36 36 12
27 27 12
41 41 12
63 63 12
68 68 10
6 6 12
24 24 12
69 69 9
39 39 12
43 43 12
41 41 12
70 70 9
70 70 9
64 64 12
70 70 9
70 70 9
21 21 12
70 70 9
70 70 9
70 70 9
70 70 9
70 70 9
57 57 12
70 70 9
3 3 12
70 70 9
57 57 12
67 67 10
55 55 12
68 68 10
70 70 9
70 70 9
70 70 9
70 70 9
70 70 9
70 70 9
70 70 9
59 59 12
70 70 9
43 43 12
45 45 12
70 70 9
70 70 9
24 24 12
70 70 9
70 70 9
70 70 9
70 70 9
70 70 9
70 70 9
48 48 12
70 70 9
55 55 12
70 70 9
70 70 9
30 30 12
70 70 9
70 70 9
70 70 9
70 70 9
14 14 12
68 68 10
70 70 9
16 16 12
63 63 12
70 70 9
70 70 9
22 22 12
70 70 9
70 70 9
69 69 9
70 70 9
70 70 9
70 70 9
46 46 12
2 2 12
27 27 12
48 48 12
70 70 9
68 68 10
70 70 9
70 70 9
70 70 9
70 70 9
70 70 9
60 60 12
42 42 12
69 69 9
66 66 11
53 53 12
70 70 9
22 22 12
70 70 9
70 70 9
70 70 9
70 70 9
70 70 9
52 52 12
20 20 12
70 70 9
70 70 9
56 56 12
70 70 9
70 70 9
65 65 12
70 70 9
1 1 12
67 67 10
69 69 9
70 70 9
70 70 9
70 70 9
1 1 12
10 10 12
70 70 9
70 70 9
30 30 12
70 70 9
70 70 9
70 70 9
2 2 12
70 70 9
19 19 12
70 70 9
60 60 12
70 70 9
70 70 9
70 70 9
70 70 9
70 70 9
37 37 12
70 70 9
60 60 12
70 70 9
70 70 9
44 44 12
70 70 9
70 70 9
70 70 9
70 70 9
38 38 12
70 70 9
70 70 9
39 39 10
69 69 9
28 28 10
70 70 9
70 70 9
55 55 10
58 58 10
70 70 9
55 55 10
68 68 10
29 29 10
70 70 9
44 44 10
70 70 9
68 68 10
9 9 10
70 70 9
26 26 10
26 26 10
70 70 9
70 70 9
70 70 9
70 70 9
63 63 10
70 70 9
70 70 9
46 46 10
37 37 10
19 19 10
70 70 9
70 70 9
38 38 10
70 70 9
70 70 9
34 34 10
48 48 10
70 70 9
70 70 9
70 70 9
70 70 9
68 68 10
70 70 9
70 70 9
32 32 10
55 55 10
70 70 9
70 70 9
70 70 9
5 5 10
27 27 10
70 70 9
70 70 9
70 70 9
52 52 10
70 70 9
26 26 10
70 70 9
70 70 9
70 70 9
70 70 9
48 48 10
70 70 9
70 70 9
70 70 9
70 70 9
70 70 9
70 70 9
70 70 9
70 70 9
70 70 9
26 26 10
70 70 9
60 60 10
70 70 9
70 70 9
33 33 10
70 70 9
7 7 10
70 70 9
70 70 9
70 70 9
70 70 9
70 70 9
70 70 9
70 70 9
70 70 9
70 70 9
16 16 10
70 70 9
61 61 10
70 70 9
62 62 10
70 70 9
70 70 9
70 70 9
56 56 10
70 70 9
70 70 9
70 70 9
42 42 10
70 70 9
70 70 9
70 70 9
70 70 9
70 70 9
50 50 10
70 70 9
70 70 9
70 70 9
36 36 10
70 70 9
70 70 9
70 70 9
53 53 10
37 37 10
70 70 9
70 70 9
54 54 10
70 70 9
32 32 10
70 70 9
10 10 10
70 70 9
70 70 9
70 70 9
70 70 9
43 43 10
70 70 9
17 17 10
36 36 10
52 52 10
15 15 10
15 15 10
70 70 9
24 24 10
70 70 9
70 70 9
70 70 9
13 13 10
70 70 9
62 62 10
8 8 10
54 54 10
70 70 9
70 70 9
58 58 8
62 62 8
70 70 9
70 70 9
70 70 9
70 70 9
68 68 8
70 70 9
70 70 9
58 58 8
70 70 9
70 70 9
70 70 9
12 12 8
50 50 8
70 70 9
70 70 9
70 70 9
70 70 9
70 70 9
70 70 9
63 63 8
45 45 8
70 70 9
70 70 9
70 70 9
70 70 9
68 68 8
59 59 8
61 61 8
70 70 9
70 70 9
4 4 8
32 32 8
70 70 9
31 31 8
19 19 8
70 70 9
70 70 9
33 33 8
70 70 9
70 70 9
70 70 9
70 70 9
56 56 8
70 70 9
70 70 9
70 70 9
70 70 9
70 70 9
61 61 8
70 70 9
70 70 9
70 70 9
70 70 9
70 70 9
14 14 8
70 70 9
58 58 8
14 14 8
70 70 9
38 38 8
7 7 8
70 70 9
70 70 9
26 26 8
70 70 9
54 54 8
70 70 9
26 26 8
70 70 9
70 70 9
70 70 9
70 70 9
70 70 9
26 26 8
70 70 9
70 70 9
2 2 8
70 70 9
70 70 9
25 25 8
70 70 9
62 62 8
64 64 8
63 63 8
70 70 9
70 70 8
67 67 8
3 3 8
70 70 9
70 70 9
70 70 9
70 70 9
70 70 9
24 24 8
70 70 9
70 70 9
70 70 9
70 70 9
70 70 9
70 70 9
70 70 9
70 70 9
47 47 8
52 52 8
70 70 9
70 70 9
70 70 9
70 70 9
70 70 9
70 70 9
63 63 8
35 35 8
70 70 9
70 70 9
37 37 8
69 69 8
70 70 9
8 8 8
6 6 8
70 70 9
22 22 8
70 70 9
70 70 9
24 24 8
58 58 8
70 70 9
22 22 8
70 70 9
12 12 8
70 70 9
70 70 9
70 70 9
61 61 8
70 70 9
47 47 8
70 70 9
64 64 8
9 9 8
57 57 8
61 61 8
70 70 9
70 70 9
45 45 8
70 70 9
70 70 9
70 70 9
70 70 9
70 70 9
70 70 9
53 53 8
70 70 9
70 70 9
70 70 9
69 69 8
66 66 8
70 70 9
70 70 9
30 30 6
70 70 9
70 70 9
70 70 9
70 70 9
70 70 9
70 70 9
70 70 9
42 42 6
19 19 6
37 37 6
70 70 9
70 70 9
70 70 9
70 70 9
11 11 6
70 70 9
70 70 9
70 70 9
29 29 6
7 7 6
70 70 9
70 70 9
1 1 6
29 29 6
25 25 6
49 49 6
70 70 9
70 70 9
70 70 9
70 70 9
70 70 9
42 42 6
70 70 9
70 70 9
60 60 6
70 70 9
44 44 6
70 70 9
31 31 6
70 70 9
70 70 9
70 70 9
70 70 9
70 70 9
70 70 9
70 70 9
56 56 6
44 44 6
70 70 9
70 70 9
70 70 9
12 12 6
70 70 9
59 59 6
70 70 9
70 70 9
59 59 6
70 70 9
69 69 6
41 41 6
70 70 9
70 70 9
70 70 9
70 70 9
70 70 9
27 27 6
70 70 9
70 70 9
70 70 9
70 70 9
67 67 6
70 70 9
70 70 9
70 70 9
70 70 9
70 70 9
70 70 6
70 70 9
70 70 9
70 70 9
70 70 9
45 45 6
70 70 9
68 68 6
70 70 9
70 70 9
25 25 6
48 48 6
70 70 9
63 63 6
34 34 6
70 70 9
7 7 6
46 46 6
29 29 6
54 54 6
70 70 9
70 70 9
9 9 6
70 70 9
70 70 9
70 70 9
70 70 9
14 14 6
70 70 9
19 19 6
26 26 6
70 70 9
49 49 6
70 70 9
70 70 9
69 69 6
70 70 9
70 70 9
21 21 6
53 53 6
50 50 6
70 70 9
59 59 6
70 70 9
43 43 6
70 70 9
20 20 6
70 70 9
70 70 9
70 70 9
70 70 9
70 70 9
70 70 9
45 45 6
70 70 9
70 70 9
70 70 9
70 70 9
69 69 6
24 24 6
62 62 6
35 35 6
35 35 6
61 61 6
60 60 6
40 40 6
70 70 9
68 68 6
70 70 9
70 70 9
70 70 9
70 70 9
70 70 9
2 2 6
70 70 9
70 70 9
70 70 9
70 70 9
41 41 6
70 70 9
70 70 9
70 70 9
70 70 9
70 70 9
70 70 9
66 66 6
70 70 9
70 70 9
70 70 9
67 67 4
70 70 9
70 70 4
49 49 4
70 70 8
70 70 9
70 70 9
70 70 9
63 63 4
70 70 9
70 70 9
70 70 9
70 70 9
70 70 9
70 70 9
70 70 9
12 12 4
45 45 4
49 49 4
70 70 9
70 70 9
70 70 9
70 70 9
70 70 9
3 3 4
52 52 4
70 70 9
70 70 9
11 11 4
44 44 4
63 63 4
62 62 4
41 41 4
70 70 9
70 70 9
63 63 4
70 70 9
70 70 9
70 70 9
49 49 4
70 70 9
70 70 9
70 70 9
70 70 9
70 70 9
70 70 9
70 70 9
70 70 9
70 70 9
64 64 4
70 70 9
70 70 9
70 70 9
35 35 4
70 70 9
34 34 4
70 70 9
70 70 9
50 50 4
70 70 9
70 70 9
70 70 9
70 70 9
70 70 9
63 63 4
70 70 9
70 70 9
70 70 9
70 70 6
70 70 9
70 70 9
70 70 9
23 23 4
70 70 9
70 70 9
70 70 9
2 2 4
70 70 9
70 70 9
65 65 4
70 70 9
68 68 4
70 70 9
70 70 9
45 45 4
70 70 9
70 70 9
63 63 4
4 4 4
52 52 4
70 70 9
70 70 9
45 45 4
70 70 9
70 70 9
22 22 4
70 70 9
28 28 4
70 70 9
70 70 4
70 70 9
70 70 9
21 21 4
70 70 9
70 70 9
70 70 9
4 4 4
26 26 4
62 62 4
70 70 9
22 22 4
70 70 9
44 44 4
70 70 9
39 39 4
70 70 9
70 70 9
52 52 4
70 70 9
70 70 9
70 70 9
70 70 9
28 28 4
23 23 4
70 70 9
70 70 9
70 70 9
39 39 4
8 8 4
51 51 4
70 70 9
70 70 9
70 70 9
70 70 9
70 70 4
70 70 9
70 70 9
70 70 9
70 70 9
70 70 9
53 53 4
70 70 9
70 70 9
7 7 4
70 70 4
70 70 9
40 40 4
70 70 9
70 70 9
70 70 9
70 70 9
70 70 9
70 70 9
70 70 9
51 51 4
70 70 9
55 55 4
55 55 4
70 70 9
70 70 9
67 67 4
70 70 9
29 29 4
70 70 9
70 70 9
70 70 9
70 70 9
54 54 4
70 70 9
51 51 2
61 61 2
70 70 9
70 70 8
70 70 9
62 62 2
70 70 9
70 70 9
64 64 2
70 70 9
70 70 9
16 16 2
31 31 2
8 8 2
52 52 2
70 70 9
70 70 9
36 36 2
70 70 9
70 70 9
24 24 2
22 22 2
70 70 9
70 70 9
70 70 9
57 57 2
70 70 9
70 70 9
70 70 9
34 34 2
70 70 9
34 34 2
70 70 9
68 68 2
70 70 9
16 16 2
38 38 2
70 70 8
9 9 2
70 70 9
70 70 9
28 28 2
70 70 9
58 58 2
7 7 2
70 70 9
70 70 9
70 70 9
70 70 9
70 70 9
50 50 2
70 70 9
70 70 9
70 70 9
70 70 9
70 70 9
70 70 9
70 70 9
70 70 9
70 70 9
62 62 2
70 70 9
67 67 2
70 70 9
70 70 9
70 70 9
70 70 9
70 70 9
70 70 9
70 70 9
70 70 9
70 70 9
11 11 2
70 70 9
51 51 2
70 70 9
70 70 9
63 63 2
41 41 2
70 70 9
70 70 9
60 60 2
57 57 2
70 70 9
70 70 9
70 70 9
70 70 8
70 70 9
70 70 9
70 70 9
70 70 9
70 70 2
70 70 9
62 62 2
70 70 9
70 70 9
70 70 9
70 70 9
70 70 9
70 70 9
70 70 9
70 70 9
70 70 9
9 9 2
70 70 9
70 70 9
70 70 9
70 70 8
7 7 2
61 61 2
70 70 9
70 70 9
70 70 9
70 70 9
70 70 9
34 34 2
37 37 2
60 60 2
70 70 9
70 70 9
12 12 2
26 26 2
63 63 2
70 70 9
70 70 9
31 31 2
70 70 9
64 64 2
70 70 9
70 70 4
70 70 9
70 70 9
70 70 9
70 70 9
70 70 9
70 70 9
70 70 9
70 70 9
70 70 9
70 70 9
70 70 9
55 55 2
70 70 9
28 28 2
70 70 9
25 25 2
70 70 8
42 42 2
70 70 9
70 70 9
70 70 9
32 32 2
70 70 9
40 40 2
70 70 9
70 70 9
6 6 2
70 70 9
62 62 2
2 2 2
66 66 2
70 70 6
70 70 9
70 70 9
70 70 9
70 70 9
65 65 2
70 70 9
70 70 9
70 70 9
61 61 2
70 70 2
70 70 9
59 59 2
70 70 9
70 70 9
50 50 2
70 70 9
70 70 9
70 70 9
70 70 9
70 70 9
70 70 9
70 70 9
70 70 4
70 70 9
25 25 2
70 70 9
43 43 2
70 70 9
70 70 9
70 70 9
37 37 2
18 18 2
70 70 9
70 70 9
70 70 9
70 70 9
70 70 9
70 70 9
62 62 2
65 65 2
70 70 9
70 70 9
70 70 9
70 70 9
70 70 9
70 70 9
70 70 9
70 70 9
70 70 9
70 70 9
70 70 9
24 24 2
41 41 2
70 70 9
70 70 9
45 45 2
20 20 2
70 70 9
16 16 2
70 70 9
70 70 9
45 45 2
70 70 8
58 58 2
70 70 9
70 70 9
70 70 9
70 70 9
66 66 0
70 70 9
70 70 9
70 70 9
70 70 9
70 70 9
70 70 9
57 57 0
70 70 9
70 70 9
70 70 9
70 70 9
70 70 9
70 70 9
70 70 9
70 70 9
35 35 0
70 70 9
25 25 0
70 70 9
68 68 0
70 70 9
70 70 9
70 70 9
70 70 9
39 39 0
70 70 9
70 70 9
70 70 9
70 70 9
70 70 9
70 70 9
70 70 9
70 70 9
70 70 9
70 70 9
70 70 9
70 70 9
70 70 9
70 70 9
70 70 9
70 70 9
70 70 9
70 70 9
70 70 9
70 70 9
1 1 0
70 70 9
70 70 9
70 70 9
70 70 9
70 70 9
70 70 9
70 70 9
31 31 0
26 26 0
70 70 9
70 70 9
64 64 0
70 70 9
70 70 9
67 67 0
70 70 9
70 70 9
70 70 9
70 70 9
70 70 9
70 70 9
70 70 8
31 31 0
70 70 9
70 70 9
45 45 0
48 48 0
70 70 9
70 70 9
70 70 9
70 70 9
70 70 9
70 70 9
70 70 9
70 70 9
70 70 9
57 57 0
70 70 9
70 70 9
41 41 0
70 70 9
70 70 9
70 70 9
57 57 0
70 70 8
70 70 9
70 70 9
70 70 9
70 70 9
70 70 9
70 70 9
70 70 9
48 48 0
70 70 9
20 20 0
70 70 9
70 70 9
70 70 9
70 70 9
69 69 0
70 70 9
70 70 9
70 70 9
70 70 2
70 70 9
70 70 9
70 70 9
70 70 9
70 70 9
70 70 9
70 70 9
38 38 0
70 70 9
61 61 0
41 41 0
70 70 9
70 70 9
70 70 9
34 34 0
70 70 9
70 70 9
65 65 0
70 70 9
58 58 0
70 70 9
70 70 9
70 70 9
70 70 9
32 32 0
70 70 9
70 70 9
70 70 9
70 70 9
70 70 9
70 70 9
70 70 9
70 70 9
70 70 9
70 70 9
70 70 9
70 70 9
70 70 9
70 70 9
70 70 9
57 57 0
70 70 9
70 70 9
70 70 9
70 70 9
47 47 0
70 70 9
70 70 9
70 70 9
70 70 9
70 70 9
70 70 9
70 70 9
70 70 9
20 20 0
70 70 9
70 70 9
70 70 9
70 70 9
70 70 9
70 70 9
70 70 9
70 70 9
70 70 9
70 70 9
70 70 9
70 70 9
27 27 0
70 70 9
70 70 9
24 24 0
70 70 9
70 70 9
70 70 9
70 70 9
70 70 9
64 64 0
70 70 9
70 70 9
70 70 9
70 70 9
48 48 0
70 70 9
70 70 9
70 70 9
7 7 0
36 36 0
70 70 9
70 70 4
69 69 0
70 70 9
70 70 9
18 18 0
60 60 0
50 50 0
70 70 9
62 62 0
70 70 9
70 70 9
70 70 9
53 53 0
70 70 9
70 70 9
70 70 9
70 70 0
70 70 9
60 60 0
70 70 9
70 70 9
51 51 0
70 70 9
70 70 9
70 70 9
70 70 9
51 51 0
70 70 9
70 70 9
70 70 9
39 39 0
18 18 0
16 16 0
70 70 9
40 40 0
70 70 9
70 70 9
70 70 9
70 70 9
70 70 9
70 70 9
70 70 9
70 70 9
70 70 9
62 62 0
70 70 9
17 17 0
70 70 9
44 44 0
64 64 0
70 70 9
70 70 9
70 70 9
70 70 9
70 70 9
70 70 6
70 70 9
70 70 9
70 70 9
52 52 0
55 55 0
70 70 9
70 70 9
70 70 9
70 70 9
70 70 9
70 70 9
70 70 9
70 70 9
70 70 9
70 70 9
70 70 9
70 70 9
34 34 0
9 9 0
70 70 9
70 70 9
70 70 9
70 70 9
25 25 0
70 70 9
70 70 9
70 70 9
70 70 9
70 70 9
70 70 9
70 70 9
70 70 9
70 70 9
70 70 9
61 61 0
69 69 0
70 70 9
70 70 9
70 70 9
70 70 0
70 70 9
70 70 9
70 70 9
70 70 9
70 70 9
70 70 9
68 68 0
70 70 9
70 70 9
70 70 9
46 46 0
70 70 9
23 23 0
70 70 9
70 70 9
70 70 9
70 70 9
