100 100 4.3589
1 4 92
1 5 90
17 12 77
15 12 77
21 18 67
13 20 64
11 2 96
28 24 57
30 27 53
23 32 46
40 34 43
30 29 50
11 8 84
34 29 50
14 8 84
17 21 62
51 47 28
21 23 59
36 32 46
51 58 17
52 42 33
17 7 74
51 52 23
39 46 29
47 44 31
49 49 26
54 57 18
17 9 62
72 63 13
27 35 42
30 33 44
4 6 54
76 71 8
66 68 10
65 72 7
44 35 42
71 69 9
40 49 26
42 48 27
64 70 9
22 29 46
1 3 44
73 68 10
28 35 42
65 70 9
62 66 11
61 71 8
71 72 7
30 24 38
1 4 34
48 57 18
79 69 9
38 48 27
49 42 32
88 80 4
67 74 6
75 75 6
36 40 30
36 32 28
48 51 24
13 15 24
35 40 24
33 27 22
64 59 16
20 25 22
82 82 3
72 69 9
89 85 2
83 88 1
90 93 0
89 91 0
84 81 3
96 92 0
85 77 5
40 45 10
69 73 7
70 73 7
42 50 10
34 30 8
62 53 8
85 94 0
61 59 6
90 93 0
95 91 0
67 76 5
53 53 6
70 74 6
102 94 0
88 78 4
92 97 0
84 89 1
74 70 2
96 98 0
78 86 1
47 53 2
56 60 2
96 95 0
97 96 0
54 64 0
105 100 0
