5000 5000 4.3589
1 7 9950
48 62 9738
1 66 9712
295 66 9698
386 70 9646
1 161 9462
199 167 9432
386 115 9416
658 173 9402
340 234 9324
197 231 9240
775 275 9166
64 12 9142
672 257 9118
1 58 9116
1 180 9106
54 232 9102
5 166 9100
719 305 9100
448 438 9054
468 364 9036
524 292 9026
133 178 9020
152 283 8994
97 488 8994
751 399 8986
1 109 8976
88 482 8952
22 364 8926
1 12 8918
1 27 8916
1 163 8868
1 209 8860
574 103 8810
29 387 8786
787 360 8780
273 399 8774
1 332 8772
166 435 8762
471 330 8754
17 19 8644
645 301 8632
67 26 8608
1 22 8606
623 547 8606
1 293 8598
298 120 8590
89 287 8588
728 543 8578
1123 680 8568
357 482 8550
548 719 8548
276 714 8544
706 707 8536
1 47 8520
162 561 8514
1 305 8506
1 173 8504
1 245 8492
236 525 8472
1 226 8472
56 269 8466
133 417 8448
1 432 8436
963 487 8430
621 195 8416
681 227 8414
814 556 8412
482 349 8384
65 13 8372
1153 811 8366
459 511 8350
343 603 8350
192 607 8344
1 136 8342
239 244 8340
1 39 8340
219 521 8338
484 391 8330
605 670 8330
1212 836 8316
1 247 8298
393 217 8286
1 249 8278
1 81 8276
570 299 8256
11 369 8248
1 75 8246
245 234 8244
807 449 8212
862 901 8196
34 160 8190
505 345 8182
767 529 8164
709 415 8152
655 216 8124
537 757 8114
286 534 8092
602 384 8086
684 839 8078
491 561 8068
1 29 8042
147 21 8030
727 513 8020
555 827 8020
1055 654 8010
123 451 8008
475 874 7982
1 11 7976
920 525 7948
613 259 7942
553 772 7938
419 14 7928
436 170 7894
855 693 7892
626 598 7882
288 665 7882
211 390 7880
759 279 7866
625 287 7860
337 273 7854
387 545 7840
22 91 7836
154 182 7784
795 987 7770
1 101 7770
70 370 7716
520 68 7708
860 880 7700
733 549 7698
206 424 7672
510 931 7670
1164 786 7670
1073 609 7664
597 915 7656
463 559 7650
1078 767 7642
1 185 7638
647 1120 7636
1235 1052 7582
928 958 7576
773 294 7556
6 457 7534
1 116 7526
671 181 7516
996 1008 7514
462 219 7502
724 1121 7484
836 861 7484
614 722 7478
888 481 7456
431 923 7454
550 478 7448
867 1161 7442
848 364 7434
1118 712 7428
1067 864 7414
781 795 7410
1322 1087 7404
205 166 7384
1381 1257 7382
309 524 7374
228 27 7368
1 267 7366
1180 922 7364
676 819 7362
527 134 7358
997 603 7356
1499 1136 7344
602 770 7340
1176 842 7336
1 91 7300
1152 733 7296
794 482 7290
399 222 7276
933 1252 7274
1532 1152 7266
133 331 7260
1411 931 7252
910 989 7248
632 708 7244
1747 1340 7244
1056 838 7242
1548 1363 7224
377 415 7210
144 424 7206
1 32 7204
663 865 7200
1596 1262 7192
867 709 7192
916 512 7190
1 46 7186
1 119 7184
908 960 7168
187 384 7156
582 1036 7146
229 425 7146
1220 855 7140
1518 1097 7136
674 1036 7134
79 107 7128
342 496 7122
282 529 7120
965 538 7120
1 134 7114
946 1246 7110
532 646 7102
389 219 7098
1748 1426 7096
673 573 7088
1006 979 7084
977 1207 7074
631 636 7062
728 1136 7060
897 1032 7052
1052 906 7048
164 245 7046
630 823 7034
930 935 7034
427 81 7022
1003 585 7022
11 397 7012
715 1211 7008
1093 615 7004
364 654 7000
1712 1451 6996
634 858 6994
27 39 6994
1 44 6988
1072 1459 6970
1148 1487 6968
1391 1377 6968
1 135 6964
1531 1101 6956
277 752 6954
1 179 6950
17 477 6948
1150 912 6948
920 879 6942
756 920 6940
817 779 6938
1409 1396 6936
1509 1382 6936
1177 712 6930
777 1220 6928
424 767 6924
1151 1190 6920
86 367 6920
965 1282 6920
1367 1516 6918
1191 1377 6904
1074 1526 6896
864 1231 6892
207 226 6886
1 75 6884
1173 906 6882
1 177 6870
457 397 6854
780 702 6852
6 422 6846
165 389 6832
254 479 6832
641 906 6824
1437 1130 6806
289 743 6806
625 1090 6802
1 258 6770
1360 909 6770
357 782 6764
444 267 6762
1795 1521 6760
905 627 6758
890 1040 6758
1473 1445 6742
1033 730 6740
1695 1446 6736
933 476 6736
1014 1304 6732
1730 1438 6722
86 273 6718
1 3 6702
257 112 6698
340 143 6698
1391 1262 6698
93 147 6696
1 42 6690
683 823 6690
914 879 6686
318 816 6684
893 1213 6676
779 411 6670
792 1124 6664
772 1097 6664
1138 1257 6662
363 279 6662
1053 685 6658
284 640 6656
1 36 6654
367 575 6650
1519 1103 6644
1 251 6638
1 177 6634
133 184 6618
1374 1250 6618
1026 640 6606
161 309 6606
1343 1395 6606
1795 1609 6598
1553 1277 6590
1299 1086 6580
1573 1114 6578
432 143 6576
1 7 6560
603 639 6558
1003 1157 6558
854 1080 6550
307 57 6550
803 1026 6538
1411 1596 6536
809 767 6536
1207 1625 6522
325 705 6522
431 402 6512
1321 1513 6510
1083 1001 6504
1118 1509 6502
1293 1737 6498
1339 1249 6492
1078 737 6488
683 460 6468
469 912 6468
1472 1173 6466
356 387 6454
857 1323 6448
920 1217 6444
456 747 6432
1328 1298 6430
1146 953 6430
1986 1585 6426
1 182 6414
1265 1271 6412
1381 1707 6404
896 547 6404
1187 1558 6404
1561 1733 6402
1544 1374 6402
574 953 6402
534 1015 6402
786 668 6392
155 43 6390
1555 1342 6386
1136 1618 6382
2029 1635 6374
2000 1669 6374
503 590 6368
1122 896 6366
648 330 6366
1309 1222 6358
1759 1312 6354
33 493 6354
1776 1626 6354
649 892 6352
1287 1145 6350
1738 1263 6346
323 375 6344
1024 791 6344
746 601 6338
1432 1456 6336
1 10 6334
411 130 6320
1462 1609 6310
1478 1408 6308
1834 1471 6302
761 768 6302
643 399 6300
979 536 6298
886 1144 6292
1576 1807 6290
1354 966 6284
783 646 6278
580 1051 6276
1707 1446 6272
1943 1586 6256
1737 1534 6256
1004 932 6256
1269 812 6252
1172 1243 6244
1271 1090 6244
1000 1242 6240
1295 861 6232
1071 1571 6228
1 348 6222
708 546 6222
1425 1661 6222
884 649 6216
1697 1492 6208
91 209 6206
1231 927 6202
1916 1679 6202
462 790 6200
1 174 6200
1332 1432 6200
1764 1628 6198
1904 1758 6196
916 1199 6188
1 145 6186
1335 1409 6186
121 450 6182
599 1036 6172
1410 1044 6164
482 310 6160
1751 1508 6158
1734 1352 6152
201 270 6150
1412 969 6146
840 1241 6144
676 396 6134
1 107 6130
1418 1807 6120
1295 1752 6118
1812 1532 6110
619 337 6108
1324 1043 6108
72 178 6106
1178 1533 6104
987 1173 6102
468 508 6098
47 335 6096
990 688 6096
689 704 6096
319 416 6082
1169 714 6080
1854 1406 6080
1586 1334 6078
1119 653 6076
1447 1599 6068
1237 1447 6068
615 1082 6058
805 1128 6052
1906 1468 6050
640 942 6048
1 34 6044
483 663 6044
2035 1858 6044
680 343 6040
1368 1819 6040
1 377 6038
1211 896 6030
1538 1137 6026
1829 1579 6024
1354 1235 6024
1889 1945 6024
886 1313 6022
1997 1951 6018
520 881 6016
229 163 6014
329 693 6010
1592 1197 6010
1266 1054 6010
115 100 6008
1516 1877 5986
2248 1857 5984
1 59 5984
945 1268 5980
850 616 5974
2270 1980 5968
1211 1561 5964
2239 1862 5962
1535 1172 5954
1089 696 5954
525 873 5944
1433 1223 5942
1375 1068 5942
947 513 5940
1402 1465 5936
1599 1459 5928
819 677 5928
158 256 5916
1049 1179 5914
2128 1976 5908
539 88 5900
749 1043 5898
1311 1420 5898
2153 1943 5890
1040 598 5886
2098 2055 5886
1834 1410 5882
1308 1105 5878
1324 1502 5878
1874 1935 5878
2221 1809 5864
990 1270 5862
698 802 5858
1225 1525 5854
682 744 5846
2384 2075 5844
1 98 5844
511 926 5842
2051 1821 5828
1047 754 5828
437 55 5822
1072 1458 5822
926 919 5820
1363 1695 5806
323 378 5796
899 623 5790
1279 1299 5788
278 282 5786
779 341 5784
1173 1608 5782
902 791 5778
1168 1366 5778
493 33 5778
600 962 5774
1 58 5772
1419 1603 5772
1172 1040 5772
1056 1526 5768
752 1176 5764
2150 2100 5762
1566 1737 5754
931 502 5752
627 450 5750
2038 1972 5748
254 472 5744
1931 1822 5742
1962 1503 5740
820 397 5738
1350 1391 5738
2065 1983 5736
1407 995 5734
325 530 5734
1099 1599 5732
590 943 5732
181 449 5728
1772 1530 5728
1526 1609 5728
1226 1004 5726
1412 1047 5726
673 1154 5726
1264 1699 5722
1 276 5720
1050 1213 5720
2026 1809 5714
615 1056 5708
1306 1507 5706
2357 2052 5700
67 56 5700
612 814 5696
988 1379 5680
382 109 5676
1650 1269 5674
1482 1319 5672
1752 2151 5662
1051 695 5660
426 363 5654
1275 1433 5652
287 142 5652
1768 1928 5652
37 283 5650
1563 1461 5648
1772 1287 5646
510 754 5644
1700 1577 5638
1 82 5636
831 493 5628
1111 709 5624
632 1025 5620
1839 2146 5616
1643 2026 5606
611 268 5600
1449 1740 5590
432 282 5590
1891 1899 5590
344 271 5580
798 468 5578
129 82 5578
354 234 5574
2439 2005 5572
2287 2139 5570
1389 1445 5562
1136 768 5560
156 509 5558
1425 1512 5558
1612 2017 5556
1383 1725 5550
1544 1416 5546
508 579 5544
53 161 5542
1924 1646 5542
206 192 5542
1044 1382 5540
1063 1367 5538
2150 1723 5536
416 88 5536
636 337 5534
1233 901 5534
1559 1460 5528
802 1132 5526
981 530 5520
645 601 5520
1499 1097 5508
2185 1983 5506
313 556 5506
1611 1637 5506
384 74 5500
1128 851 5496
871 1201 5494
786 514 5492
1785 1854 5490
1544 1685 5484
132 436 5480
1496 1350 5476
1711 2205 5470
472 601 5468
2040 2256 5464
1410 1782 5464
2129 1984 5462
32 502 5458
706 1097 5454
2056 1752 5454
1060 836 5452
889 785 5452
1704 1372 5450
1 185 5448
193 63 5442
2489 2154 5438
1295 1114 5434
1732 2223 5432
2150 2106 5432
697 287 5430
1504 1523 5428
2669 2248 5422
665 927 5420
1743 2030 5420
1593 1177 5420
959 1263 5418
2072 1961 5414
1694 1460 5412
1038 1152 5406
1034 1129 5402
2460 2068 5402
649 296 5402
604 816 5400
1818 1498 5398
1809 1810 5396
2290 2158 5392
897 1302 5392
1200 812 5390
1966 1655 5386
2376 2088 5386
1205 770 5382
1 316 5382
2108 2172 5382
692 326 5378
2460 2225 5372
1582 1354 5366
2080 1595 5364
797 815 5354
1129 1612 5350
613 1010 5348
329 81 5344
2176 1686 5344
1521 1966 5336
692 1068 5336
2279 2052 5336
1824 1806 5334
2155 2290 5332
1989 2306 5330
928 1319 5330
1 52 5330
510 768 5324
1563 1224 5322
2595 2182 5320
835 1240 5320
977 988 5318
2049 2104 5316
635 938 5316
440 529 5314
1236 1111 5310
269 742 5310
1321 1180 5304
996 1306 5304
2177 2295 5300
1638 1478 5298
1130 1235 5296
1564 1535 5294
2363 2184 5294
31 467 5292
1221 1438 5288
1640 1624 5284
1369 1532 5280
111 423 5278
1240 1444 5268
2435 1994 5262
960 844 5262
2187 1815 5260
2238 1859 5258
2124 1809 5258
1 341 5256
2355 2048 5254
1654 1986 5248
1743 1926 5246
1661 1555 5244
1007 1248 5242
2163 2089 5236
1681 1282 5234
2127 2037 5232
2368 1908 5228
310 444 5224
1564 1075 5222
2800 2326 5216
158 554 5212
1950 2267 5212
1894 2237 5210
1854 1788 5210
996 837 5196
2478 2305 5194
1632 1451 5190
2148 2111 5188
573 386 5186
1946 2254 5182
2038 2062 5170
1131 1030 5170
374 512 5160
1640 2049 5160
513 249 5152
2255 2028 5150
1621 1382 5150
1349 1584 5150
2667 2395 5144
878 843 5136
1650 1622 5132
198 58 5130
2416 2408 5122
1799 1515 5120
1 71 5118
430 421 5118
1846 1487 5116
1086 975 5116
984 581 5112
1767 1424 5108
528 228 5106
936 921 5102
2435 2357 5100
1254 1158 5098
1111 1087 5098
1157 702 5096
1378 1332 5094
2059 2352 5092
1 174 5086
2527 2260 5082
380 414 5082
2765 2308 5080
1514 1835 5078
853 796 5078
1910 2086 5076
541 482 5074
1926 2208 5072
1207 1281 5068
2228 1948 5068
1999 1650 5068
1877 1996 5068
2047 1639 5060
989 1483 5060
1155 1033 5060
2170 2283 5058
2046 2304 5050
1656 1477 5050
696 423 5046
1521 1535 5042
1863 2138 5026
1600 2019 5024
628 515 5010
1549 1420 5006
1885 2026 4998
1544 1363 4998
2444 2236 4996
2649 2462 4996
1858 1676 4994
506 530 4988
1807 1718 4986
2292 2105 4986
2312 1837 4982
1637 1274 4980
2886 2492 4980
2109 1874 4978
313 401 4978
1805 1735 4978
76 411 4974
1251 1034 4962
471 484 4958
606 1034 4954
1282 1053 4954
1494 1327 4950
1648 1506 4944
841 890 4940
730 306 4938
622 596 4932
1668 1791 4930
881 911 4928
1841 1852 4926
577 748 4926
1483 1513 4924
2142 2051 4924
275 298 4922
985 564 4920
952 1234 4914
1 187 4912
2233 1946 4904
1863 2149 4902
1 295 4900
2663 2447 4894
2386 2280 4890
290 139 4890
331 322 4888
1 48 4886
181 229 4884
221 212 4882
1613 1494 4880
1714 1606 4880
912 815 4876
1 165 4874
1214 1270 4872
1897 1690 4872
2101 2087 4870
1168 952 4868
2796 2466 4868
1480 1816 4866
206 314 4866
1320 1769 4866
2189 2159 4858
2375 1943 4854
2493 2375 4850
1685 1471 4848
2437 2346 4846
1053 1150 4844
2103 1633 4838
280 246 4836
1819 2051 4830
2105 2277 4830
570 184 4826
610 1033 4826
1291 1778 4824
2902 2578 4822
1569 1084 4822
944 1311 4818
804 1145 4814
2036 1616 4814
1757 1340 4812
2313 2516 4812
84 457 4810
1654 2050 4806
1171 1455 4806
1 152 4794
121 35 4788
1607 1404 4788
384 67 4786
996 1234 4782
1 118 4780
1690 2075 4780
1174 1089 4778
6 293 4776
1235 1514 4774
2110 2241 4774
2165 2456 4772
1499 1832 4772
1304 1711 4770
263 233 4768
2232 2342 4768
372 543 4764
2375 2307 4762
1144 1375 4762
171 35 4760
2576 2438 4758
1768 1697 4758
2127 2302 4758
2057 1792 4756
1463 1667 4756
531 1020 4752
1777 2082 4746
168 263 4744
2753 2283 4742
918 1248 4738
1660 1280 4734
3086 2603 4734
2310 2100 4734
1647 1817 4728
1599 2069 4726
1106 1368 4726
2046 2544 4726
1330 1206 4722
2314 2296 4722
2403 2312 4722
2536 2322 4718
480 826 4716
1130 992 4714
1357 1501 4710
2782 2348 4708
2393 2549 4704
1569 1833 4704
1333 1096 4702
2822 2632 4702
1603 2045 4700
246 420 4698
1295 1495 4698
2241 1929 4692
1517 1509 4692
1 208 4688
1130 1167 4682
1480 1387 4676
1279 1242 4676
2595 2100 4670
787 306 4670
607 372 4668
1908 2263 4668
2231 2463 4666
2234 2103 4664
2893 2497 4664
1326 1783 4662
727 1108 4660
1714 1480 4656
699 856 4654
847 1286 4652
964 843 4648
1521 1416 4644
1048 1281 4642
684 274 4636
1267 1203 4636
1189 1514 4632
2087 1867 4626
180 10 4624
1682 2074 4624
476 631 4610
2490 2546 4606
1562 1988 4606
1670 1972 4606
1190 1635 4602
1 422 4602
2551 2428 4594
1649 1850 4594
1115 1250 4592
2260 2215 4592
2693 2667 4588
1968 1534 4580
2510 2576 4580
3144 2685 4574
1616 1471 4570
2290 2564 4568
2319 1890 4562
318 774 4558
92 393 4552
329 827 4552
927 451 4552
445 845 4540
2162 2020 4538
2618 2271 4538
2142 1773 4532
1385 1420 4530
2386 2445 4526
1840 1564 4526
648 149 4522
2139 2047 4520
979 1045 4516
2625 2405 4516
1008 1170 4512
2870 2434 4510
492 203 4508
435 504 4508
1465 1717 4508
750 1192 4506
1988 2376 4504
2601 2382 4504
1035 980 4504
557 802 4500
661 186 4498
472 452 4496
1643 1582 4494
1 149 4492
1803 1427 4490
2299 2169 4490
984 1444 4482
2563 2550 4478
705 863 4474
1537 1711 4470
1316 856 4466
769 571 4466
724 479 4462
2645 2704 4462
1405 1319 4450
1735 2063 4444
76 496 4438
2381 2332 4434
1714 2105 4432
1415 1050 4428
833 525 4428
2475 2025 4426
2720 2784 4426
2563 2299 4420
1910 1641 4418
2743 2438 4418
1103 1351 4418
2229 2472 4416
829 502 4416
309 261 4414
1455 1176 4414
1992 2163 4412
1 11 4412
2890 2778 4406
901 444 4404
359 14 4404
2486 2281 4404
1843 1699 4398
401 892 4392
2902 2566 4392
1089 1191 4390
1574 1519 4386
727 980 4384
1948 2235 4384
2210 1897 4382
1931 2227 4380
494 2 4378
2767 2595 4372
2420 2273 4370
1314 1754 4368
2057 2274 4366
1182 1304 4362
1023 526 4360
532 948 4360
1898 2050 4358
1 137 4354
2657 2247 4352
1228 921 4348
464 123 4344
377 674 4342
242 101 4342
2200 2150 4342
1350 1462 4342
1 186 4340
2643 2370 4336
740 780 4334
2352 2430 4334
2238 2556 4330
2805 2481 4330
1766 2195 4330
2383 1922 4328
2509 2413 4328
1506 1791 4328
1145 863 4318
2210 1890 4316
1992 1648 4314
1416 937 4304
1014 1244 4302
1175 903 4302
822 510 4294
1962 1904 4294
843 905 4292
2263 2140 4290
1724 1941 4288
2837 2389 4288
1484 1905 4286
6 98 4284
1639 2119 4284
921 1272 4284
2957 2804 4282
2188 2136 4280
2277 2344 4280
2331 2461 4278
925 1124 4278
1394 1846 4276
793 532 4276
2499 2272 4274
2928 2443 4272
2139 2427 4268
1726 2075 4268
1997 2092 4264
2170 2056 4264
1073 1279 4264
1364 1424 4262
809 338 4258
2660 2633 4258
615 1051 4256
2521 2406 4254
2441 2492 4254
2206 2381 4248
1236 1628 4242
1796 2052 4240
2384 2331 4236
1 93 4232
1262 949 4226
744 951 4226
2660 2471 4224
2688 2746 4214
2220 1928 4210
331 726 4210
236 700 4208
2498 2772 4208
2307 2786 4208
2063 2284 4204
2768 2565 4200
2638 2739 4198
13 441 4196
524 45 4196
1713 2129 4194
498 562 4194
1745 1663 4194
2698 2675 4192
2252 1873 4190
1980 1617 4190
1544 1912 4184
444 912 4184
52 453 4178
1871 2104 4174
2011 2451 4170
852 532 4166
2432 2458 4166
3071 2634 4162
2749 2812 4162
2870 2695 4158
1125 983 4158
2292 1971 4156
2782 2563 4154
2949 2578 4148
2484 2395 4146
1116 1448 4146
1776 1810 4144
1368 1534 4144
1894 2359 4142
2224 2441 4142
1129 1127 4140
1976 2167 4140
2519 2285 4140
1992 2333 4138
1900 2363 4136
148 265 4134
2989 2884 4132
1 140 4132
2370 2102 4130
2356 2386 4128
2232 2390 4126
2295 2518 4126
2433 2394 4124
550 376 4122
1366 1703 4122
3142 2693 4120
1388 1140 4114
629 1026 4112
2016 1789 4108
2208 1883 4108
2129 2005 4106
2058 1856 4102
1400 1722 4102
344 44 4100
1557 1733 4100
2524 2207 4098
1480 1744 4090
36 520 4088
3239 2776 4086
416 797 4084
528 1006 4080
1940 2194 4076
2748 2254 4076
177 615 4074
1692 2154 4074
3260 2837 4068
2685 2844 4064
971 1264 4062
3235 2872 4058
2580 2243 4054
1622 1318 4052
1650 1469 4050
2631 2974 4046
2648 2638 4042
3126 2645 4040
484 107 4038
1336 1495 4036
2538 2810 4036
494 898 4034
1692 1805 4032
2316 2366 4032
1 8 4030
1738 1483 4030
704 362 4028
1440 1157 4028
2130 1926 4026
2490 2221 4024
391 632 4024
677 684 4024
2135 2537 4024
576 268 4022
3113 2907 4018
1415 1418 4018
1801 2273 4018
1634 1940 4018
1891 1527 4016
2050 2427 4014
578 698 4012
985 788 4010
1731 1707 4008
1753 1556 4006
1593 1246 4006
2611 2932 4004
1489 1611 4000
1868 1958 4000
449 891 3998
2479 2843 3994
1509 1177 3992
1498 1627 3990
2583 2864 3988
2836 2660 3988
2231 1731 3982
1948 2399 3982
1 111 3972
3348 2881 3970
577 654 3968
2303 2335 3966
1975 2226 3966
564 415 3964
373 135 3960
1052 987 3958
733 586 3958
2491 2231 3954
2762 2342 3952
2436 2897 3952
392 472 3952
2296 2600 3946
1816 1516 3944
3253 3016 3942
1916 1744 3936
3046 2988 3936
1494 1239 3934
499 72 3928
2487 2972 3928
2538 2269 3926
2384 2346 3920
2844 2832 3918
3374 3028 3916
2680 2641 3914
3156 3011 3914
102 427 3912
2187 2448 3912
578 119 3910
1966 2120 3906
864 1122 3906
485 686 3904
1768 1511 3902
1444 1841 3902
2134 1870 3896
2935 3043 3892
846 502 3890
3330 3047 3890
2399 2847 3882
1411 1316 3878
2801 2363 3878
1397 1337 3876
2378 2268 3872
1093 1065 3872
1 26 3870
2257 2246 3868
266 4 3862
1253 1033 3862
1880 1667 3858
1450 1928 3858
3110 3070 3856
2536 2795 3854
2731 3061 3852
827 1057 3852
465 465 3850
2343 2754 3848
1543 1512 3844
1178 768 3838
748 626 3834
899 1273 3834
437 695 3834
2709 2856 3830
3409 3050 3828
366 243 3828
3142 2683 3826
2458 2662 3822
563 1001 3820
924 741 3818
517 916 3818
1508 1563 3816
857 522 3816
1658 1952 3816
1686 1916 3810
2597 2792 3808
967 1189 3808
1 4 3808
2103 2535 3808
2423 2824 3806
2340 2377 3804
2950 2861 3804
3409 3006 3798
2108 2214 3796
2900 2785 3796
3198 3087 3782
2449 2522 3780
2569 2537 3780
1398 1166 3780
1871 2168 3780
1760 1925 3778
642 584 3776
1497 1955 3774
2829 2911 3768
2505 2761 3766
2495 2776 3764
2633 2453 3760
2746 2831 3760
2411 2299 3758
3056 3089 3758
228 596 3758
923 844 3756
1634 1754 3748
3223 3047 3744
2466 2899 3744
2226 2317 3742
2083 2237 3742
1733 1541 3738
498 559 3736
2216 2243 3732
3112 2861 3730
2614 3062 3728
2305 2443 3728
637 539 3724
1904 2137 3724
2206 1925 3724
3236 2880 3724
2527 2223 3716
1180 1140 3716
1164 874 3716
2992 2713 3716
2028 1656 3714
1386 1378 3714
1 93 3708
8 272 3706
2713 2311 3706
1 48 3704
1775 1592 3704
816 645 3702
2360 2725 3698
2044 1835 3696
2094 1853 3694
679 500 3688
2316 1978 3686
363 349 3680
22 99 3676
2018 2237 3676
1146 1564 3676
2428 2470 3674
2428 2101 3670
2020 2010 3668
3010 2976 3668
574 905 3666
1795 1567 3666
2078 2296 3662
465 253 3656
3008 3054 3654
1916 1454 3652
2962 2619 3652
3431 3088 3648
1972 2423 3646
512 290 3644
3064 2910 3638
1039 706 3636
1664 1468 3634
2353 2511 3634
2355 2443 3634
175 604 3630
1919 1691 3630
3109 3098 3622
1821 2285 3618
1932 2095 3610
2441 2591 3606
1279 1642 3604
2424 2247 3604
420 914 3602
1501 1781 3600
2443 2538 3598
41 195 3596
3098 2741 3596
1613 1912 3596
3099 2937 3594
2986 3116 3590
2754 3063 3590
2827 3126 3588
2508 2144 3588
32 65 3588
1619 1943 3586
1 281 3576
2477 2748 3572
1516 1652 3572
1910 2367 3572
321 69 3572
1448 1369 3570
2710 3091 3570
2612 2382 3568
2129 1755 3566
2877 2584 3564
2536 2802 3562
1691 1535 3562
2263 2314 3560
2731 2473 3560
1726 1274 3556
2980 2758 3556
2373 2312 3554
3528 3184 3548
2028 2501 3548
2706 2219 3546
663 686 3544
1742 1328 3542
3200 3213 3532
189 568 3530
3456 3187 3526
2301 2640 3524
3433 3236 3518
1634 1662 3518
841 1245 3508
2024 2524 3498
2327 1989 3496
3327 3230 3494
2995 3151 3492
1343 1211 3490
1481 1887 3488
1435 1368 3488
2774 2959 3486
1829 1893 3486
1868 1986 3478
115 119 3476
2019 2467 3476
2406 2814 3476
886 492 3474
2195 2654 3472
1 129 3472
2725 2688 3468
900 639 3466
1277 1296 3464
1449 1254 3458
870 637 3456
1506 1826 3456
1506 1216 3452
1471 1137 3452
835 869 3450
1663 1801 3450
1973 2292 3446
2624 2311 3444
3195 3049 3436
2795 2307 3436
1321 1665 3434
2408 2760 3430
1743 1916 3426
1186 968 3424
3081 3170 3422
824 1176 3422
3313 3071 3420
467 168 3420
3244 2747 3416
1203 1371 3416
3052 3099 3414
1843 1724 3410
783 804 3410
3708 3216 3408
2947 3134 3406
1264 1520 3406
3431 3285 3402
2940 2638 3402
2183 2294 3402
632 234 3402
486 920 3400
85 341 3400
2075 1726 3400
2108 2167 3400
3213 3042 3398
1 311 3398
2878 3244 3398
2502 2818 3396
1051 1047 3394
685 983 3392
2524 2908 3390
2314 1890 3386
755 675 3386
1009 1427 3384
2427 2064 3380
1 59 3376
2570 2521 3372
2795 2738 3370
2318 2548 3368
508 791 3368
534 150 3368
79 483 3366
639 696 3364
2419 2780 3362
2444 2474 3362
1946 2341 3360
231 573 3360
1405 1883 3358
3409 3113 3358
2466 2200 3358
1087 1333 3356
2569 2621 3356
2259 1914 3356
2821 3257 3356
563 148 3350
3002 2612 3350
1943 2044 3346
2764 2352 3346
1765 2222 3344
1501 1517 3342
1407 1871 3340
3539 3212 3340
2979 2685 3338
449 569 3336
1 66 3336
2762 3194 3334
1585 1488 3334
2547 2764 3332
525 952 3328
396 641 3324
2009 1813 3322
3626 3203 3322
2500 2387 3318
1 321 3316
3474 3310 3316
1291 1721 3316
665 492 3316
728 1078 3314
638 1113 3314
1076 1377 3314
1165 1419 3312
3234 2868 3312
2415 2785 3312
2738 3053 3312
1368 988 3310
2360 2223 3310
2630 3130 3308
1501 1808 3304
1277 1643 3300
2405 2661 3300
2708 2590 3298
1911 2049 3298
3507 3322 3296
2916 2765 3296
1739 1459 3294
1158 967 3290
3461 3106 3288
3058 3273 3288
3109 3030 3286
3713 3347 3286
2770 3069 3284
2544 2940 3282
3295 2840 3282
688 1142 3276
1948 2175 3276
2608 2601 3274
969 676 3274
2366 2360 3274
1211 1154 3274
3256 3274 3268
3609 3183 3268
2063 2542 3266
1517 1217 3262
3065 3089 3258
2981 2820 3258
2641 2254 3256
1582 1140 3256
2395 2465 3254
2506 2440 3250
3088 3155 3250
2224 2358 3248
2196 2570 3246
834 1293 3246
3421 3359 3246
2427 2551 3242
2586 2892 3242
1140 824 3240
2998 3023 3240
1827 1923 3240
1124 644 3238
2703 3137 3236
2921 3160 3236
2436 2218 3234
1941 1589 3234
2807 2709 3232
2467 2644 3232
447 783 3232
1306 1411 3228
2136 2564 3228
217 21 3228
1823 1534 3228
3129 3252 3226
2578 2306 3220
1231 984 3218
1578 2062 3214
1260 1112 3214
2429 2683 3212
3429 3081 3210
3179 3271 3210
2966 3146 3208
1034 884 3206
3337 3341 3204
665 521 3204
364 614 3198
3273 3048 3196
3809 3380 3196
1989 1885 3194
1292 1344 3190
2246 1989 3190
1581 1549 3188
2723 2699 3188
2846 2557 3186
2737 2437 3182
2613 2296 3178
2613 3046 3176
3469 3088 3174
2496 2038 3172
3292 2935 3170
3160 3400 3170
2621 2558 3166
840 1327 3164
2624 2903 3164
2516 2513 3156
3231 3122 3156
3359 3306 3156
2782 3173 3154
2122 2593 3152
1759 2082 3150
1992 1573 3150
3343 3341 3146
1592 1351 3146
2964 2934 3146
2181 2221 3144
3270 2922 3142
3351 2956 3140
2873 3188 3138
2186 1959 3136
2377 2214 3132
2652 3101 3126
3383 3400 3124
752 1243 3122
1704 1898 3120
1161 1445 3120
3658 3256 3116
3160 2959 3116
2067 1717 3116
2522 2448 3112
2582 2506 3110
2604 2217 3108
3015 2740 3106
1090 636 3104
3133 2856 3096
2935 2692 3094
2704 3054 3090
3369 3099 3088
3114 2874 3086
1614 1762 3084
2776 3260 3082
1505 1911 3080
1172 760 3080
2460 2124 3076
1939 2124 3076
1795 2220 3072
2237 2473 3070
1687 2175 3064
1220 775 3062
845 935 3060
435 337 3056
3078 2887 3056
3117 2619 3054
397 676 3054
3165 3457 3052
1911 1693 3052
2662 2427 3052
2966 3165 3050
2804 2984 3050
3299 3198 3048
2046 1940 3048
1522 1046 3046
2432 2176 3044
1351 966 3042
3263 3157 3040
3615 3172 3040
1745 1488 3040
3262 3191 3038
1299 1065 3038
2428 2866 3036
3135 2819 3036
3439 2967 3036
2238 2433 3032
1167 1339 3032
2061 1903 3032
2521 2879 3026
2525 2110 3026
654 337 3024
2412 2002 3020
3710 3348 3020
2557 2107 3018
1766 1803 3016
400 695 3016
2734 2394 3014
2407 1916 3012
1933 1436 3010
865 1345 3010
2743 2825 3008
2100 2542 3008
1282 1080 3006
2628 2593 3006
497 984 3006
2317 2621 3004
3161 3249 3004
2440 2574 3004
1 346 3004
1511 1728 3002
3173 3289 3002
2106 2469 2994
3042 3417 2992
2402 2714 2992
1507 1038 2992
1623 1736 2992
3399 3416 2992
3044 2777 2990
1334 1698 2990
3718 3251 2988
3462 3236 2988
2201 2579 2986
588 778 2986
2533 2969 2986
2624 2854 2984
1940 1920 2980
2530 2277 2978
2208 2495 2976
870 678 2974
3554 3503 2974
3207 3470 2974
3834 3482 2972
3006 3100 2970
128 237 2966
2143 1775 2964
650 460 2962
2923 2859 2962
2654 2710 2958
3073 2991 2958
2988 2524 2956
2759 3208 2954
3226 2958 2954
1736 1478 2954
1848 1511 2950
882 403 2950
2124 2055 2950
2044 2031 2950
2457 2779 2948
3132 3295 2944
3117 2846 2944
2643 2943 2940
1628 1581 2940
874 835 2938
3447 3197 2936
1846 1960 2934
943 1327 2930
903 740 2930
3144 3049 2928
3183 3197 2928
3231 2879 2926
2441 2370 2924
2934 3174 2922
2255 2415 2920
3225 2889 2920
1521 1901 2918
579 117 2914
228 163 2914
3439 3479 2912
3685 3428 2912
2796 3064 2912
3284 2802 2910
1648 1803 2902
3640 3465 2900
3547 3093 2898
1291 1039 2898
3220 3509 2896
3003 3199 2894
3398 3179 2894
3098 2781 2894
1756 1760 2894
1 441 2894
434 151 2894
2010 2110 2894
2354 2574 2892
3185 2969 2890
738 470 2890
2318 2754 2886
3703 3288 2886
1447 1389 2884
2614 2850 2882
1818 1604 2882
2447 2273 2880
847 702 2880
2805 2865 2880
1075 1518 2880
1009 927 2878
2329 2375 2872
1134 1560 2872
1 186 2870
3673 3509 2868
1901 2013 2868
3846 3375 2864
2676 2254 2864
3392 3220 2862
2301 2573 2860
2754 2563 2858
902 782 2856
1809 1700 2854
2550 2684 2846
3299 3097 2844
442 15 2842
3924 3471 2842
2323 1938 2838
2906 2912 2836
726 1180 2832
2666 2921 2830
3481 3056 2830
1531 1036 2828
2775 2529 2828
2560 2397 2826
2465 2163 2824
840 1001 2822
3230 3418 2818
3692 3460 2818
2751 3050 2818
2675 2363 2818
2343 2464 2818
449 456 2818
3216 3230 2816
3391 3577 2812
3607 3324 2810
2631 2627 2810
2866 2872 2810
1153 790 2808
2211 2105 2808
1576 1766 2802
1431 966 2802
3187 3134 2800
3622 3220 2800
2554 2925 2798
3294 3148 2796
1027 1522 2792
2462 2454 2792
1935 2067 2792
1824 2153 2792
2912 2843 2792
2287 1868 2786
2845 2461 2786
2986 3461 2784
647 844 2780
150 551 2780
2794 3023 2778
3625 3323 2776
3837 3383 2774
2111 2552 2774
3274 3212 2774
1880 1850 2774
2191 2001 2770
2418 2052 2770
3363 3475 2770
2888 2826 2768
2024 2004 2768
3133 3000 2766
3508 3518 2764
1251 804 2764
2253 2418 2764
3464 3138 2762
1229 998 2762
1401 1002 2760
793 585 2758
1771 2141 2758
938 887 2756
2808 2602 2756
1418 1910 2754
2319 2242 2754
1 369 2752
3773 3582 2750
3743 3579 2750
1014 1443 2750
1633 1896 2748
3381 2962 2746
2357 2727 2746
3720 3351 2744
2318 2549 2742
3748 3617 2740
743 935 2740
492 831 2740
2739 2787 2738
2273 2654 2738
3219 2771 2728
897 694 2728
2311 1928 2726
1678 1466 2722
1736 1845 2722
2870 2463 2720
2186 2667 2720
2797 3149 2718
323 487 2718
2769 2441 2718
3378 3354 2716
2538 2327 2712
1046 1061 2710
1801 2027 2708
1622 2063 2706
3584 3526 2706
1056 1059 2704
3756 3294 2704
3448 2954 2702
2958 2551 2702
1342 1468 2702
1715 1283 2700
2389 2175 2698
2457 2340 2692
2060 2492 2690
1105 1034 2686
3488 3263 2686
3688 3282 2684
3535 3080 2682
486 338 2682
3161 3181 2680
2576 2958 2676
2960 3445 2676
2488 2393 2676
703 1082 2674
2158 2080 2672
2556 2960 2672
2447 2909 2670
3078 3404 2668
3218 3213 2668
2464 2781 2666
1952 1893 2666
3208 3510 2666
3525 3543 2666
2285 1966 2666
2314 2592 2664
3974 3662 2662
2552 2718 2662
1081 1159 2660
2213 2548 2660
3073 3054 2660
3436 3401 2660
1115 1114 2658
2627 2394 2656
642 314 2656
2740 2706 2652
2149 2129 2650
2695 3114 2648
3440 3027 2646
2402 1920 2646
3491 3263 2644
3256 3458 2642
1663 1521 2642
1183 1582 2642
2499 2512 2640
1222 1700 2640
3171 3590 2638
2072 2421 2638
3588 3118 2638
1419 1864 2636
2971 3445 2634
3590 3269 2632
2776 2824 2628
2805 3150 2626
2847 2381 2626
1948 1857 2626
3396 3661 2624
2790 2440 2624
2820 3024 2622
1349 935 2622
3527 3058 2620
1659 2158 2616
2161 2235 2616
3217 3377 2612
1183 1385 2604
3861 3403 2604
2835 2505 2604
1327 1517 2602
3815 3637 2598
2267 2309 2596
1414 1478 2596
2702 2694 2594
996 531 2592
2900 3345 2588
1707 1865 2584
3069 3088 2584
2482 2631 2584
2917 2830 2582
3755 3646 2582
3299 3412 2578
3657 3653 2578
3715 3658 2578
1349 1199 2576
3437 3088 2576
3134 2660 2574
2525 2762 2570
2866 2778 2570
3168 3580 2570
3166 3097 2568
3685 3321 2566
1836 2207 2566
927 933 2566
1899 1479 2564
3418 3533 2562
1593 1467 2562
1 242 2562
1 65 2560
98 141 2560
2611 2221 2560
2994 2706 2560
702 1059 2558
2986 3291 2558
922 710 2556
3900 3652 2556
1681 1949 2554
3636 3663 2554
3226 3396 2554
3552 3322 2552
1920 2347 2550
793 520 2548
2516 2304 2548
2805 3270 2548
210 599 2548
4056 3593 2546
1890 1804 2546
1486 1510 2544
867 1052 2542
1709 1590 2542
2715 2854 2540
3306 3411 2538
3017 2918 2534
2057 2017 2534
3905 3474 2532
2766 2897 2532
3778 3278 2532
2680 2306 2532
651 820 2530
1450 1893 2528
2585 3008 2528
3014 3460 2526
1489 1512 2526
3422 3195 2524
3200 2990 2522
2471 2389 2522
2722 2814 2522
2885 2915 2522
982 1194 2522
3143 3206 2518
3207 3404 2518
1800 2198 2518
3640 3273 2514
3090 2626 2510
3843 3641 2510
1030 648 2510
1651 1500 2508
310 97 2506
3224 3584 2504
2688 2332 2504
217 72 2504
3484 3140 2504
1155 1537 2502
797 519 2502
2349 2647 2502
2692 2503 2500
306 647 2498
3590 3226 2494
136 622 2494
3516 3664 2494
1414 1322 2492
3283 3612 2492
1424 1565 2490
379 247 2490
1506 1881 2490
1365 1766 2488
2114 1864 2488
1947 1597 2486
3002 2785 2482
3501 3354 2482
3846 3691 2480
2873 3320 2478
1766 1926 2478
2287 2574 2478
3646 3200 2476
2413 2871 2474
3792 3458 2472
2656 2659 2470
3298 3433 2470
2828 3068 2470
3061 2566 2470
3200 3354 2468
3210 3564 2466
2449 1985 2460
3585 3490 2458
3603 3146 2456
996 900 2456
2427 2859 2450
2444 2026 2448
2774 2781 2448
1202 764 2444
3020 2664 2442
3491 3568 2440
3845 3707 2432
1313 1112 2432
1462 1618 2430
1 35 2430
3770 3291 2430
2101 2401 2430
3453 3374 2428
1238 1730 2428
3030 3166 2428
2973 3327 2424
2977 2594 2424
1497 1746 2422
1770 2243 2422
3587 3412 2420
1760 2062 2418
1378 1819 2418
1380 1218 2416
3228 3218 2414
2865 3118 2414
3175 3226 2414
3458 3191 2414
1543 1730 2412
1968 1657 2412
1841 1879 2412
2842 2793 2410
1738 1850 2410
4082 3772 2410
3393 2911 2410
612 495 2408
1930 2311 2406
3138 3174 2404
1221 1187 2402
4110 3723 2400
1615 1562 2396
2645 2616 2396
1149 794 2396
4192 3756 2394
877 1335 2394
3049 3189 2390
3694 3787 2390
468 703 2388
3027 2693 2388
3425 2955 2388
3428 3306 2388
492 979 2386
3386 3751 2384
1480 1971 2384
2556 2426 2382
1361 1233 2382
2985 2639 2382
3535 3164 2382
4088 3707 2380
1951 1468 2380
2770 2991 2378
3251 3204 2376
1154 1543 2372
3366 3038 2372
2889 2677 2370
3530 3306 2368
3172 2841 2366
2542 2837 2366
2544 2441 2364
1677 2013 2364
690 286 2362
1915 1488 2362
3383 3309 2362
2431 2050 2360
1984 1607 2358
3651 3252 2358
1752 1591 2358
3397 3064 2356
2321 2073 2356
1210 964 2356
1911 2111 2354
3579 3520 2350
1326 1794 2350
97 456 2348
3379 3159 2346
490 348 2346
3311 3445 2346
3948 3681 2344
1956 1670 2344
2724 3084 2342
2990 3298 2340
2110 2488 2338
2819 3192 2338
1024 1379 2336
3531 3175 2334
3432 3768 2334
2735 2643 2330
1615 1673 2330
3751 3701 2328
3900 3777 2328
1999 1592 2326
3742 3583 2322
2653 2735 2322
2127 1776 2322
1343 1138 2320
1940 1652 2318
1686 2141 2316
3040 2766 2314
17 152 2314
2680 2736 2314
3677 3687 2312
1110 678 2312
2171 2405 2310
3443 3504 2310
1567 1958 2310
1282 1766 2306
2388 2145 2304
2386 2270 2304
839 1003 2300
2788 3182 2298
1377 1744 2298
2570 2434 2298
2351 1905 2296
666 876 2294
1551 1095 2294
265 658 2292
1 205 2290
2026 2195 2286
1181 1443 2284
3750 3562 2284
385 653 2282
1417 1564 2280
1317 1034 2280
3767 3766 2278
4045 3770 2276
1 302 2274
2930 3275 2272
2591 2322 2272
1376 1683 2270
1 340 2264
2101 2512 2264
908 743 2262
2605 2849 2262
2359 2787 2260
2139 1943 2260
1956 2395 2258
3768 3694 2258
1228 971 2256
3848 3404 2256
1914 2106 2254
2754 2460 2252
703 721 2252
3304 3617 2250
3646 3539 2250
2156 2492 2250
2519 3009 2250
1760 2063 2248
2904 2837 2248
623 649 2246
1354 1847 2242
2477 2219 2238
531 544 2238
3425 3578 2236
605 297 2236
2436 2773 2234
3157 3634 2232
3590 3499 2230
3158 3552 2224
2721 2650 2222
1 453 2222
3800 3851 2220
3045 3276 2220
1061 1358 2218
2500 2550 2218
606 803 2216
2926 3172 2214
3564 3512 2214
456 608 2210
2530 2416 2208
2301 1822 2206
1152 1221 2206
710 453 2204
1944 2061 2204
3925 3446 2204
3568 3488 2200
1355 1118 2200
2972 2680 2198
1372 1796 2198
4122 3886 2198
3201 3002 2198
3108 2736 2196
3940 3867 2196
1921 1596 2196
2936 3186 2192
3674 3886 2192
3964 3604 2192
3982 3757 2190
1675 1468 2186
1358 1606 2184
1415 1144 2184
270 543 2182
3042 3519 2178
3968 3683 2174
2324 2528 2174
4348 3898 2172
2875 3363 2170
2363 2496 2168
1815 1873 2166
3540 3516 2164
382 299 2164
3324 3229 2164
1582 1813 2162
3344 3123 2158
3189 2749 2158
3204 3088 2154
616 568 2154
2168 2258 2152
3589 3457 2150
3504 3835 2148
969 1324 2146
1174 680 2146
2115 2229 2146
3109 2995 2146
3639 3597 2142
2848 2780 2140
3835 3781 2138
2600 2376 2136
3125 3399 2136
2175 2602 2134
3674 3237 2132
3055 2851 2132
2927 3427 2132
2162 1710 2128
2237 2290 2128
3620 3667 2128
3333 3110 2128
2812 3056 2124
1679 1867 2124
3066 2898 2124
1860 1608 2122
2800 2655 2120
2778 2705 2120
4000 3897 2118
3864 3932 2118
2030 2061 2118
1658 1190 2118
2228 2559 2116
2889 3147 2116
3258 3540 2116
510 180 2114
3901 3692 2110
3379 3864 2110
2872 2866 2106
282 597 2104
2827 2673 2104
2010 2022 2098
3248 3541 2098
145 363 2096
2596 2112 2096
2219 2332 2096
1 137 2092
3478 3276 2090
3018 3036 2088
3548 3914 2088
1367 891 2086
2496 2639 2086
2518 2853 2084
4142 3889 2084
3676 3366 2082
2531 2576 2082
2011 2178 2080
2788 3156 2078
915 937 2078
1683 2048 2078
3005 3140 2078
3203 2963 2078
1077 1111 2076
1660 1594 2076
3465 3445 2074
3102 3132 2074
3658 3312 2074
306 645 2072
2945 3393 2070
3686 3900 2068
2183 1695 2066
4112 3909 2066
3099 3587 2066
295 333 2066
880 783 2062
550 814 2062
3535 3544 2062
3362 3290 2060
719 1060 2058
2163 2517 2056
1345 1171 2056
3397 3610 2054
3400 3229 2054
468 522 2052
367 268 2052
3648 3288 2046
2243 2453 2046
2771 2955 2046
1711 1584 2044
3739 3303 2044
3445 3025 2044
3535 3884 2040
1729 2130 2036
3411 3048 2034
3053 2933 2034
1 488 2034
2392 2540 2032
4332 3932 2032
862 1041 2030
2475 2900 2028
2596 2554 2028
997 884 2026
3086 3341 2024
2225 1811 2020
2133 2148 2018
4061 3819 2018
3814 3854 2018
1027 1029 2016
4135 3937 2016
3445 3609 2014
2077 2561 2012
1779 2168 2012
2779 2482 2012
3684 3576 2012
1593 1640 2010
1619 2008 2008
2936 2841 2008
881 909 2008
3363 3787 2008
3678 3197 2006
3771 3981 2004
2907 3304 2004
3469 2994 2002
3252 3232 2000
2388 2760 2000
1 121 1998
2838 2984 1994
3188 3350 1992
2723 3178 1990
755 760 1990
3112 3504 1988
2033 1989 1988
1930 2338 1988
3372 3104 1988
663 735 1986
721 339 1984
3345 3623 1984
3675 3778 1982
4217 3940 1980
3451 3152 1980
3929 3739 1980
425 667 1978
4021 3670 1978
3456 3580 1976
1661 1383 1976
3636 3639 1976
1773 2168 1974
3906 3893 1974
2179 2355 1972
288 302 1970
3461 3758 1968
2675 3019 1968
3288 3436 1966
1765 1948 1960
757 962 1960
2729 2763 1958
1493 1248 1958
3941 3892 1958
2170 2125 1956
2307 2030 1954
2680 2973 1954
3099 2957 1954
336 743 1952
3581 3450 1952
622 1045 1952
997 1232 1948
3259 2792 1948
3482 3523 1944
2091 2270 1944
2335 2378 1942
2872 2859 1942
2138 2431 1938
321 403 1938
2707 2209 1938
2551 2534 1938
3685 3654 1938
4093 4013 1936
1392 1668 1936
3451 3628 1936
3391 3080 1934
3243 3417 1934
1888 1751 1934
1123 1170 1932
654 177 1932
3491 3063 1930
497 611 1930
1908 2074 1926
3618 3493 1926
2714 3193 1924
3713 3716 1924
4253 4029 1922
2868 2538 1922
3101 2911 1922
3975 3740 1922
574 712 1922
192 439 1922
1449 1022 1920
3954 3967 1918
3541 3511 1918
1669 1318 1916
300 391 1912
3440 3096 1912
2224 2436 1910
3917 4001 1910
1320 1469 1908
1 437 1908
4366 3881 1908
2244 2566 1908
1195 1142 1906
2587 2853 1906
80 74 1904
2685 2190 1904
3644 3446 1904
3853 3917 1902
3259 3366 1900
861 446 1900
744 1010 1898
3360 3748 1896
779 487 1894
1733 1482 1892
4360 4017 1892
3491 3037 1890
3193 2809 1890
3601 3861 1888
3115 2680 1888
255 744 1888
2474 2792 1886
3144 3376 1886
1685 1896 1884
2334 1938 1884
4283 3956 1884
415 395 1878
3198 2827 1878
3443 3717 1876
4088 3873 1874
1242 1357 1874
2463 2478 1874
298 714 1874
3034 3093 1872
3061 3233 1866
4114 3877 1864
3366 3467 1864
223 488 1864
66 566 1864
3279 2892 1864
1119 706 1862
1083 1463 1860
690 527 1856
3002 2762 1850
3761 3999 1848
1970 2293 1848
408 506 1848
1187 1531 1846
3916 3473 1846
1230 1410 1846
3546 3933 1846
2294 2444 1846
2761 2278 1844
4075 3884 1844
478 116 1842
2292 2110 1842
2242 2368 1842
1569 1498 1838
3649 3784 1838
3141 3010 1836
275 774 1832
2013 1842 1830
1144 1102 1824
2034 1766 1824
2263 2233 1824
48 334 1822
3160 3187 1820
1502 1318 1820
4212 3793 1818
3298 3658 1818
2600 2450 1816
3954 3510 1816
4268 4063 1812
4034 3774 1810
1582 1728 1810
3895 3459 1810
1910 2183 1810
4140 3816 1810
2240 2010 1808
1003 1402 1806
3629 3728 1804
3214 3071 1802
1 302 1802
1879 1387 1800
1146 942 1800
726 612 1798
1693 1707 1798
3006 3467 1796
3601 3559 1794
3015 2672 1794
1452 1866 1794
3728 4026 1790
1540 1978 1790
3506 3668 1788
1188 1386 1784
1762 1336 1784
3832 3741 1784
3842 4079 1780
3079 2689 1778
3011 2967 1778
1262 767 1776
2727 2839 1776
1519 1101 1774
3583 3238 1774
754 658 1772
3131 3187 1766
4133 4018 1764
1722 1473 1764
3042 2972 1764
936 508 1762
673 541 1762
2529 2719 1762
2298 2573 1760
1 144 1760
1098 1259 1758
2753 2636 1758
3502 3311 1756
1239 1181 1752
1603 1819 1746
4292 4051 1746
3191 2870 1746
2995 3359 1744
2432 2095 1744
730 449 1742
2835 3261 1742
4029 3736 1742
3763 3540 1740
1708 1593 1738
528 480 1738
2062 2390 1736
1704 2023 1736
290 301 1734
375 537 1726
3844 3931 1726
1680 1865 1726
2547 2569 1724
4489 4008 1724
84 353 1724
4320 3887 1722
2457 2800 1722
3841 4087 1718
4144 3998 1718
1100 848 1718
2107 2362 1718
1747 1709 1718
2345 1857 1716
1909 1652 1716
3470 3013 1714
2853 2488 1714
1717 1284 1712
3060 3173 1710
303 442 1710
3237 3445 1708
1844 1965 1708
2585 2250 1708
1693 1916 1708
1 133 1708
1167 1358 1706
2016 2445 1706
3940 4131 1702
2443 2238 1702
3777 3844 1702
857 783 1702
609 132 1700
4050 3719 1700
3567 3292 1700
2232 2143 1698
3985 3832 1698
3052 3472 1698
3211 3558 1696
3615 4069 1696
3224 3703 1694
3309 3399 1690
613 1056 1690
1381 1020 1690
2220 2337 1690
1741 2098 1690
1189 1063 1688
3181 3199 1688
645 147 1686
3126 2874 1684
935 1032 1684
4120 4143 1680
3308 3621 1680
3073 2683 1680
1176 781 1680
3346 3509 1678
794 1108 1678
1114 1334 1676
3079 3530 1674
645 632 1674
3516 3536 1672
3551 4019 1670
3036 3399 1670
3100 3489 1668
931 669 1666
701 1134 1660
1220 1399 1658
2033 1771 1654
3507 3033 1652
3548 3644 1650
4093 3669 1650
3102 3537 1650
3731 3909 1650
2394 2752 1650
1218 998 1648
1264 1042 1646
1501 1124 1644
4351 3901 1644
4122 4075 1644
4553 4156 1644
3594 3895 1644
3082 3279 1642
2177 1728 1642
3040 3306 1642
3214 3554 1642
110 67 1642
3743 3962 1640
3696 4059 1638
2968 3277 1636
3735 3934 1636
138 58 1634
4075 4132 1634
3913 3703 1632
2772 3104 1632
3468 3095 1628
3783 4052 1626
2946 3348 1622
3820 3708 1622
4409 4081 1620
2173 2323 1618
3521 3284 1618
1034 1415 1616
3664 4103 1614
3747 3473 1612
3601 3702 1610
3623 3140 1610
3155 3093 1608
85 518 1608
1575 1791 1608
4074 4154 1606
3281 3647 1604
2531 2576 1604
3969 3489 1604
3687 3386 1602
2032 1871 1600
3219 3380 1594
794 967 1594
393 292 1594
2053 2239 1592
2787 2344 1592
3829 3709 1592
3593 3928 1592
3845 3691 1592
3816 4189 1588
2630 2886 1586
2127 2261 1584
2682 2792 1582
2217 2130 1582
4046 4129 1582
2455 2737 1582
4228 4102 1582
4359 3888 1582
3644 4122 1580
3147 3403 1578
3153 2691 1578
932 928 1578
2642 2588 1576
4395 4134 1576
1230 1209 1576
4005 4112 1576
2677 3122 1576
4036 3916 1574
1487 1223 1572
3330 3735 1572
3678 4117 1570
3589 4012 1566
2586 2330 1566
916 1212 1566
3864 3750 1564
3794 3783 1564
4326 4000 1564
2604 2629 1564
2939 3413 1564
1448 1152 1562
2262 2394 1560
2877 3009 1560
2414 2555 1558
2991 3139 1556
4195 4215 1556
3843 3687 1556
223 252 1554
3627 4002 1554
3102 3056 1552
2993 3240 1550
1028 787 1550
1148 1548 1548
3936 3606 1548
2236 2578 1548
883 840 1546
3258 3734 1546
3456 3062 1544
3259 3060 1544
2612 2735 1544
576 885 1542
1515 1825 1542
233 692 1542
4358 3977 1542
2789 2411 1540
350 831 1536
3578 4021 1534
1805 1767 1532
72 365 1532
4236 4110 1532
3711 4076 1528
776 1165 1526
4155 4000 1526
1712 1419 1522
3619 3272 1522
2563 2486 1520
2762 3104 1518
3310 2894 1516
3803 3821 1514
3606 4090 1512
593 813 1512
3140 3534 1512
1321 1810 1508
2842 3015 1508
2037 1843 1508
2249 1781 1506
2565 2786 1504
3600 3889 1504
593 534 1500
3601 4087 1500
1108 1593 1496
2613 2874 1496
3574 3878 1494
4386 4096 1494
4232 3909 1492
1658 1178 1492
747 702 1492
889 424 1490
2200 1765 1490
3931 4019 1490
2538 2835 1488
3566 3437 1486
2543 2316 1484
3057 3082 1484
3079 3552 1480
3331 2939 1480
3178 3399 1480
2340 2376 1478
2631 2772 1478
3700 3477 1478
1719 1889 1478
4087 4145 1476
1 219 1476
3762 3381 1476
3020 2987 1476
3798 4122 1472
3551 3405 1472
985 779 1468
506 955 1468
3698 3434 1464
2774 2332 1464
4465 3999 1464
3481 3535 1464
1432 1237 1464
3048 2851 1462
3549 3331 1462
4334 3953 1462
1966 1954 1462
3718 3502 1462
4166 4241 1460
2852 3243 1460
3901 4092 1458
3433 3506 1456
4252 3957 1454
1133 693 1454
1322 894 1454
2099 1766 1454
3849 4263 1452
2855 2707 1450
3726 4120 1450
513 428 1448
3158 3605 1446
2068 2034 1446
1557 1823 1444
1756 1989 1444
1724 1717 1444
1116 1537 1442
720 223 1442
3473 3866 1440
3942 3492 1440
2706 3187 1438
2690 3098 1438
4265 3887 1436
1691 1332 1436
1990 1813 1434
3394 3720 1434
3897 4263 1432
1384 896 1432
4347 3891 1430
2463 2858 1430
3810 3649 1428
1828 1786 1428
4480 4234 1428
3319 3100 1428
4335 4245 1424
3175 3255 1424
3523 3347 1424
2400 2709 1424
3070 3443 1422
2465 2347 1422
2397 2675 1420
2945 3214 1420
3476 3504 1418
4435 4053 1416
1075 753 1414
3674 3843 1414
1436 1708 1412
3051 2799 1412
3952 3489 1412
1859 2296 1410
3650 3686 1410
3505 3385 1410
3640 3507 1408
1665 1662 1406
4120 4107 1406
4037 4181 1400
1421 1617 1400
1169 1267 1400
3402 3048 1398
3718 3930 1394
2478 2614 1394
3001 3294 1392
3910 3983 1392
4288 4117 1390
1497 1767 1390
3603 3518 1390
3140 2852 1388
608 672 1388
4375 4021 1388
353 259 1386
183 232 1384
4392 4232 1384
1944 2325 1382
4495 4299 1382
1496 1988 1382
3767 3999 1380
1388 1228 1380
3842 4056 1380
4028 4019 1378
3503 3182 1378
4107 4151 1376
3376 3605 1376
4224 4003 1376
2880 2811 1374
2194 1900 1370
724 1165 1370
3663 4098 1370
2676 2247 1370
4065 4211 1368
2288 2426 1368
1179 1184 1366
3996 4250 1366
3493 3973 1364
3964 3492 1364
3501 3914 1360
3157 3563 1360
1553 1375 1360
3589 3901 1358
1253 998 1354
3382 3268 1352
2683 2677 1352
4002 4189 1350
4085 4181 1350
3338 2868 1348
1853 1550 1348
3565 3773 1346
2214 2425 1346
2571 2903 1346
2914 2724 1344
4385 4225 1342
2834 2723 1340
4031 3549 1340
3268 3477 1340
3299 3575 1338
4062 4230 1338
1109 764 1338
4529 4167 1336
2325 2004 1336
412 370 1336
3925 3795 1334
3725 3579 1334
3766 4012 1334
3685 3733 1334
3927 3811 1332
3053 2936 1332
3865 3792 1330
4258 4112 1328
3759 3999 1328
4172 4246 1328
4190 4174 1328
3850 3441 1328
672 417 1326
3631 3176 1326
2961 3328 1324
2764 2926 1322
359 233 1322
2580 2108 1322
3219 3567 1320
1861 1879 1318
478 928 1318
3860 4313 1316
3718 3352 1316
3729 3476 1316
3615 3537 1316
1010 763 1314
3570 3279 1314
3537 3861 1312
2446 2468 1312
1 492 1308
2704 2458 1304
1 116 1302
3692 3781 1302
3995 3817 1300
4003 3566 1300
2446 2853 1298
4476 4350 1298
3615 3292 1298
4273 4236 1296
889 1307 1296
2387 2477 1292
1422 923 1290
2966 3388 1290
3905 3938 1288
3037 2653 1286
1027 646 1284
4365 3954 1284
4093 3982 1284
1363 1657 1284
4139 3928 1284
1554 1502 1278
4217 4309 1276
2729 2883 1274
4274 4353 1274
1101 1141 1274
704 918 1274
4398 4037 1272
2238 2718 1270
4669 4293 1268
2586 2431 1268
3840 3925 1268
2691 2422 1266
3092 3552 1266
2463 2714 1264
4130 3671 1264
2549 2548 1264
2363 2121 1262
3848 3691 1262
1521 1508 1258
2996 2621 1258
4629 4199 1256
2528 2652 1252
3309 3565 1250
3266 3490 1248
1741 1504 1248
2970 2471 1248
1906 2145 1246
1689 1762 1244
2882 2479 1244
4373 4307 1242
218 561 1242
4634 4355 1240
3435 3813 1238
4166 4266 1236
3380 3566 1234
2415 2242 1234
3956 4164 1234
1292 1750 1234
3333 2933 1232
437 462 1232
3615 3182 1232
3282 3489 1230
3720 3839 1230
2726 2451 1230
3285 3718 1230
4278 3974 1230
4610 4181 1228
1394 1325 1228
3673 3875 1228
4213 3839 1226
3475 3282 1226
3440 3814 1226
1941 2118 1226
4096 3665 1226
2097 2416 1224
3674 4000 1222
4243 4214 1222
2448 2528 1222
1646 1167 1222
1114 1399 1220
3634 3822 1218
3731 4079 1216
3847 3797 1216
3842 3414 1214
4165 3867 1214
2447 2122 1214
4490 4236 1212
4280 3867 1212
4241 4384 1208
3508 3345 1208
3342 3622 1208
2982 3314 1208
3210 3330 1208
1381 926 1206
4415 3930 1206
1785 1517 1204
3686 3485 1202
4528 4293 1200
3218 3561 1200
3633 4031 1200
3206 3390 1198
1601 1850 1198
1216 853 1198
4329 3889 1196
530 280 1194
990 1221 1194
3846 4251 1194
1 30 1194
3789 4280 1188
3724 3897 1184
1239 1535 1184
3359 3421 1184
3731 3932 1184
3098 2667 1182
4508 4388 1182
3016 3426 1180
3248 3739 1180
4371 3885 1178
2418 2396 1178
3707 3783 1178
4485 4050 1178
3831 4212 1178
2142 2560 1178
2976 3474 1174
3933 3793 1174
3955 3974 1172
3578 3513 1172
3964 3512 1172
1153 1379 1172
568 268 1172
819 901 1170
4773 4324 1170
3011 3506 1170
3543 3219 1168
2349 2456 1168
4094 4133 1166
457 905 1166
2972 3256 1164
3405 2933 1164
2955 2988 1164
2312 2065 1164
167 464 1162
3798 3812 1162
2443 2665 1162
4027 4265 1160
4047 4406 1156
701 1051 1156
3349 3841 1154
2211 2656 1154
2364 2445 1150
4024 3587 1150
2049 2286 1150
3953 4379 1150
3934 4242 1150
3757 3858 1148
3867 4169 1148
796 666 1148
135 436 1146
4466 4247 1146
1975 1476 1146
1004 1081 1144
3579 3716 1144
3860 3737 1142
3500 3861 1142
1 100 1142
1582 1537 1138
3630 4036 1136
923 567 1134
3967 4396 1134
1773 2016 1134
3730 4164 1130
1958 2123 1130
4153 4153 1128
1265 1223 1126
4200 4269 1124
646 802 1122
437 356 1122
114 53 1122
3887 3817 1120
4784 4353 1120
1624 1565 1120
1065 1288 1118
1123 821 1118
3640 3576 1118
4301 3893 1116
3871 3707 1114
3951 4148 1114
4430 4267 1112
1018 1425 1110
3278 3737 1110
2616 2569 1108
1417 1394 1108
4001 4022 1108
935 1115 1106
4058 4159 1106
3018 3263 1106
2188 2489 1104
3725 3709 1104
3716 3365 1102
3765 3717 1102
4146 3813 1100
3473 3509 1100
838 974 1100
953 915 1100
2673 2516 1100
2674 2500 1098
4081 3828 1098
4006 4415 1096
4329 4190 1096
3807 3781 1094
2894 2549 1086
2426 2281 1086
3998 4355 1084
3373 3715 1082
2215 1929 1082
4449 4392 1082
2751 3048 1082
4561 4361 1078
4082 3731 1078
4231 3903 1078
2575 2673 1076
2690 2936 1074
3170 3284 1072
4662 4251 1072
3860 3404 1070
215 575 1070
3291 3000 1070
2270 2562 1070
3964 3891 1068
4826 4394 1068
2662 2476 1066
1238 1706 1064
3710 3396 1064
2012 2220 1064
3332 3094 1064
4527 4137 1060
1716 2139 1060
4058 3828 1060
898 1092 1060
2488 2395 1060
4127 4458 1058
1793 1804 1056
2973 2962 1056
4457 4198 1056
1713 1732 1056
4005 4363 1054
3516 3647 1054
2056 1968 1054
3868 3627 1054
3140 3548 1052
2697 3168 1052
3814 3755 1050
518 612 1048
2850 3318 1046
3485 3300 1046
3914 3691 1042
1798 2189 1042
4880 4426 1042
3554 3293 1040
1677 1316 1040
3152 3605 1040
4865 4406 1040
3822 4225 1040
4301 4353 1040
3527 3085 1038
4320 4109 1038
2518 2986 1036
3526 3848 1036
3770 3753 1034
662 1028 1034
2731 2475 1034
3576 3965 1032
433 450 1032
4067 4473 1032
3674 4002 1032
3694 3745 1030
526 671 1030
3594 3557 1028
3550 3435 1028
3552 3981 1026
2903 2750 1024
3027 2528 1022
2955 2951 1018
2495 2613 1018
2029 1992 1018
70 182 1018
4129 3774 1016
3191 3593 1016
2448 1990 1016
3450 3385 1016
1041 740 1016
3669 3246 1014
3597 3536 1014
2952 3372 1012
3674 3782 1012
3580 3465 1012
4291 4485 1012
4182 4116 1008
3689 4059 1008
2500 2948 1008
1494 1433 1008
2914 2803 1008
4612 4340 1008
3855 3696 1006
4537 4221 1006
2911 3023 1006
4739 4329 1004
4251 4158 1004
4479 4226 1004
4345 4348 1004
2717 3145 1002
3583 3130 1000
3525 3326 1000
3435 3555 1000
4832 4346 998
2726 2604 998
1 150 996
3629 3646 996
2338 1921 994
4431 4216 992
4089 4265 992
2640 2554 992
3351 3073 992
3438 3728 990
3214 3712 990
1933 2121 988
3163 2852 988
4636 4493 986
3534 3607 986
1328 1816 986
1154 1419 984
4215 4202 984
4490 4189 984
4346 4396 982
3880 3452 980
2776 2311 980
1689 2170 980
3513 3367 980
4156 4473 980
4342 4131 980
2829 3002 978
3833 3608 978
4529 4376 978
4256 4399 978
655 955 978
894 399 976
3376 3860 976
1108 648 974
4000 3838 974
4638 4454 972
3884 4378 972
4436 4428 970
2598 2986 970
4797 4510 970
1576 2016 968
4134 4415 968
3467 3128 966
3275 3729 966
4656 4391 966
4012 4473 964
2631 2811 964
1905 1589 964
2109 2578 962
3813 3815 960
2710 2667 958
4310 4422 958
3748 4229 958
3897 4384 956
392 217 956
667 909 956
3255 3732 956
2488 2197 954
668 574 954
661 1152 954
4187 4063 954
4339 4434 952
1420 1748 952
4050 4497 952
3929 4367 952
3670 3610 950
3472 3392 948
1145 879 948
3098 3582 948
285 431 946
3782 3552 946
3127 2867 946
3652 3673 944
2273 2387 944
3694 3733 944
4103 3802 940
4659 4222 938
4226 4093 936
2808 3120 930
3623 3248 928
2531 2841 924
3249 3579 924
3997 4387 922
4580 4535 922
4846 4386 922
199 506 920
4111 3681 920
4040 3646 920
2358 2651 920
4281 4479 918
3348 3532 914
4038 3765 914
4525 4364 914
704 719 914
3019 3475 912
2340 2394 912
4052 4047 912
4786 4542 912
3405 3763 910
230 493 910
3620 3216 910
3663 4043 910
4663 4367 908
3014 3388 908
2601 2324 906
3615 4076 904
1 153 904
1886 1473 904
3664 3733 902
4243 4028 902
1953 2111 902
4066 4209 900
4567 4549 900
4373 4241 898
2043 1666 896
2871 3100 894
1526 1514 894
2729 3029 894
2372 2797 894
2706 2785 892
739 278 892
2166 2285 892
1 239 892
4267 4189 890
4201 3729 890
4157 3944 888
4319 4247 888
2825 2824 888
3458 3945 888
3578 3247 888
4114 3801 888
4799 4546 886
3847 4095 886
3415 3575 884
3528 3596 882
2375 2081 882
1847 2295 882
2235 1816 880
2947 3267 880
1199 1296 878
3239 3734 878
1920 1640 878
4755 4322 878
1279 1163 878
1719 1985 878
4701 4509 876
4626 4213 876
778 951 876
3365 3492 876
3665 3271 874
755 484 874
3061 3559 874
3089 3164 872
1666 1926 872
3957 4323 870
3045 2960 868
3651 3798 868
4322 3987 866
3934 3857 864
3729 3241 864
3714 3760 864
900 1235 864
3505 3569 862
4225 4540 862
2479 2045 862
4220 4168 862
2277 1980 862
4930 4463 860
4552 4346 860
4595 4435 860
1040 793 860
4241 4266 858
3174 3110 856
3615 3973 854
4204 4459 854
3342 3344 852
2273 2476 852
3744 3704 852
4419 4570 850
2394 1969 850
2490 2604 848
3759 3982 848
3632 3775 848
1930 2004 846
4363 4361 846
4859 4562 844
4512 4064 844
2386 2205 844
3252 3330 844
4714 4403 840
2289 1889 840
254 616 840
1356 949 840
3193 3106 838
4290 4443 838
2979 2606 836
1147 1235 834
4723 4549 834
1117 1133 832
3532 3791 832
4434 3956 830
3140 2770 828
3778 3480 828
4060 3750 828
3897 3994 828
21 53 828
1636 1571 828
221 574 828
3203 3639 826
556 867 826
3573 3789 826
2645 2922 824
4666 4367 824
2250 2390 824
3813 3984 824
4398 4513 822
4475 4315 822
1788 1769 822
3658 4152 822
2867 3092 822
3341 2978 822
1888 2175 820
3062 3332 820
603 738 820
1402 1786 820
4143 3923 818
4333 4016 818
616 1077 818
3190 2954 818
3148 3095 816
4822 4347 814
745 513 810
4440 4185 810
4107 4443 810
4841 4347 810
3832 4006 810
3037 3113 810
2136 2531 808
3430 3112 808
1590 1963 808
2739 2930 806
4984 4540 806
2173 2131 806
4707 4535 804
4596 4327 802
1812 1999 802
3627 3933 802
4210 3950 802
4123 4500 800
950 907 800
4133 4525 800
3356 3243 798
98 40 798
1525 1152 794
1701 1655 794
2648 2877 794
2788 2321 792
3290 3381 792
1297 1280 790
2885 2933 790
2587 2382 790
3758 3522 790
615 494 790
1330 1389 788
2530 2472 788
3260 3139 788
4045 4311 786
3837 3800 786
2678 2920 784
4870 4466 784
3251 3582 784
590 127 782
2770 2699 782
4773 4518 782
3289 3718 782
768 1251 782
3436 3804 780
2813 3145 780
2463 2929 780
2549 3036 780
3237 3594 780
4868 4391 778
4003 3870 778
407 479 778
1819 1604 776
4321 4237 776
4526 4448 774
2659 2286 774
4113 4300 774
309 140 774
1820 1770 772
3194 3663 772
610 1081 772
3482 3549 770
2290 1930 768
4663 4494 766
2671 2603 766
4274 4299 766
4228 4261 764
694 862 764
2079 2295 764
2793 2976 764
4571 4488 762
2570 2602 762
4123 4047 762
2783 2527 762
2297 2582 762
3619 4000 760
783 512 760
1928 2375 758
3064 3232 758
4493 4242 756
4354 4442 756
3610 3718 756
1946 1550 756
4014 4504 756
3160 2742 754
4133 4248 752
2946 2638 750
3351 3702 750
4667 4558 748
2073 1861 748
2923 3376 748
1250 1345 746
86 42 746
4242 4132 744
3531 3951 744
3117 3314 742
4049 4179 742
4301 4035 742
4766 4380 742
3557 3437 738
3034 2743 738
773 947 738
2167 2376 738
4323 4160 738
2440 2881 738
2679 2765 734
593 378 734
3811 3321 732
2413 2219 732
4912 4428 732
1238 1109 728
2744 2920 728
4501 4578 728
892 864 726
3952 4178 726
4418 4036 726
2567 2378 726
1023 1254 724
4890 4596 724
3780 4037 724
4114 3977 722
4727 4636 722
4369 4638 720
1137 997 720
1 10 720
4178 3986 718
4686 4188 718
4287 4434 718
4887 4433 718
3071 2787 718
4357 4634 718
2844 2911 716
4424 4560 714
2436 2471 714
3262 2816 714
3951 4276 714
2255 2714 712
4602 4456 710
3803 3863 710
2851 2986 710
1 42 708
3890 4343 708
4070 4497 708
3987 3599 708
2431 2267 708
2706 3169 708
4300 3976 706
1705 1215 706
3108 3272 704
1184 802 702
4587 4517 702
689 485 702
3344 3529 700
2883 3225 700
3114 2854 698
3366 3067 698
2815 2930 696
2663 2501 694
2978 2698 694
1053 1482 694
2032 2043 690
4469 4096 688
4704 4338 688
1157 1348 688
4249 3991 688
4202 3984 688
4645 4249 688
3668 3863 688
1754 1850 686
4348 4240 686
3964 4113 686
1456 1323 686
1171 673 686
4818 4634 684
1453 1936 684
4307 4284 684
3463 3629 684
1923 2058 684
3471 3155 682
4205 3953 678
3471 3835 678
4445 4333 676
4698 4353 676
3847 4057 674
3111 2817 674
4715 4598 674
2659 3049 674
4491 4423 674
705 722 672
2601 2954 670
1215 1599 670
2783 2870 670
5039 4649 670
4311 3987 670
3585 3246 670
3853 3612 666
2793 2482 664
994 861 664
4072 3993 662
1105 947 662
4162 3739 660
1433 1722 658
4428 4623 658
4194 4585 656
2260 1836 656
2207 2329 656
4116 4481 656
3521 3999 656
2590 2237 654
3900 4343 654
3712 3588 654
2904 3073 652
4865 4591 652
3265 3472 650
373 86 650
1195 1511 650
2918 2477 648
3456 3591 648
2641 2986 648
3972 3981 648
1688 1819 646
4436 3956 646
2690 2724 646
923 723 646
4756 4601 646
4775 4481 644
2228 1817 644
4120 3813 644
3418 3753 644
765 1244 644
1721 1614 642
2475 2004 642
3530 4006 642
3857 4158 640
4426 4348 640
2232 2075 638
1308 1100 638
2762 3070 636
1313 856 634
3650 3309 634
4727 4557 632
4299 4101 632
4916 4540 630
4579 4151 630
70 333 630
1396 1333 628
4130 3652 626
3608 3709 626
3483 3824 626
2972 3160 626
4845 4390 626
4300 4543 626
5044 4588 626
4086 4170 624
2786 3006 624
4177 4570 622
4115 3764 620
4142 3657 618
4129 4344 618
4208 4558 614
4002 4343 614
3850 4267 614
4142 4044 614
4351 4605 612
5043 4569 612
1500 1437 612
4235 4308 606
1 107 606
3860 3383 606
4597 4561 604
549 822 602
1877 1927 602
4096 3935 602
4259 3982 602
1398 1219 600
3875 4207 598
5106 4692 598
3200 3059 598
4253 4435 596
4186 4344 596
2529 2575 596
4740 4608 594
3731 3383 594
4929 4652 594
3707 3569 592
4756 4506 590
3469 3619 588
4093 4124 588
1494 1649 588
3635 3683 588
3757 3398 586
2554 2987 584
2194 1882 582
1 151 582
1269 1347 582
4326 4482 580
3997 3873 580
3961 3892 580
2880 2512 576
2224 2260 576
4192 3939 576
3146 3145 576
4347 4027 574
3845 3893 574
4089 3735 574
4551 4422 572
3033 3317 570
4522 4646 570
4942 4690 570
488 938 570
4779 4637 570
2795 3248 568
652 984 568
3677 3739 568
3984 4003 568
2440 2783 566
2611 2871 566
3956 4123 566
4510 4426 566
4788 4684 566
3231 2943 566
3684 4057 566
3662 3446 564
4059 4240 564
2910 3313 564
4756 4651 564
4838 4624 562
3936 4184 560
2218 2541 560
3425 3628 560
3141 3365 560
4446 4184 560
236 196 558
4382 4262 558
1590 1861 558
3472 3199 558
2062 2246 556
4187 4156 556
249 125 554
4698 4467 554
4254 4115 554
3549 3712 552
2971 2637 552
1739 1623 552
4548 4410 550
3508 3968 548
3634 3793 546
603 1081 546
3264 3554 546
4640 4617 544
4623 4441 544
2633 2655 544
3084 2888 542
370 777 542
1996 1824 542
3948 3882 542
4032 3863 540
3232 3610 540
2845 2630 540
4448 4563 540
4933 4515 540
3053 2553 540
3426 3738 538
3108 2864 538
4523 4094 536
3133 2824 536
4480 4537 534
4170 4085 534
1034 1452 532
2165 1686 532
4370 4671 530
1861 1848 530
4267 4410 530
4721 4433 530
4243 4114 530
2913 2988 528
2761 3188 528
2709 2378 528
4451 4694 528
3271 3103 528
3561 3616 526
4152 4534 526
4434 4363 526
3655 3322 524
4707 4557 524
1561 1775 524
1358 1168 522
4528 4461 522
3229 3619 522
4111 3978 520
4772 4419 520
3501 3332 518
4359 4578 518
1392 1717 516
873 969 516
4224 4578 516
4944 4547 514
1974 1982 514
4626 4585 514
4906 4654 512
3501 3420 512
4596 4594 512
1 166 510
909 1220 510
4658 4292 510
4177 3942 510
4958 4731 508
4481 4456 508
1047 1001 508
3020 3079 508
4271 4551 506
4513 4513 506
4606 4449 504
4102 4041 504
1353 1736 504
2756 3067 504
4846 4638 502
4728 4693 502
3963 4391 502
4713 4702 500
4367 4647 498
4455 4199 498
3993 4313 496
1 150 496
3768 3905 496
4700 4622 496
4169 4322 494
4582 4706 494
3994 3716 494
1133 762 494
3469 3712 492
1436 948 492
3350 3572 492
4272 4728 490
4737 4700 490
3957 3494 486
4239 4666 486
3625 3332 486
5127 4731 484
3121 3347 484
3127 3548 484
1745 1677 484
1054 1149 482
3358 3689 482
2426 1934 480
4579 4279 480
4973 4700 480
4549 4758 480
3754 4197 478
3908 4056 478
4037 3605 478
4315 4717 476
4359 4349 476
1238 929 476
3274 3151 476
4186 3787 474
1320 1178 474
3612 3906 474
1793 1458 474
4303 4463 474
861 527 474
4289 4438 472
4503 4756 472
4095 4382 472
598 217 470
4688 4286 470
3417 3910 470
4592 4247 470
4553 4735 470
984 1129 468
4466 4687 468
3387 3745 466
5017 4555 466
4270 4706 466
1926 2380 464
1762 1591 464
4432 4602 464
1647 2079 462
4123 4005 460
2907 3119 460
3559 3629 458
3626 3659 458
4041 3902 456
1 173 456
4668 4272 456
3691 3704 454
4810 4667 454
4254 4669 454
4457 4402 454
4677 4266 454
3065 3462 454
4261 4515 454
4808 4758 452
4585 4613 452
3408 3449 450
3062 3433 450
3287 3741 450
1 86 450
1326 1436 448
1481 1945 448
1323 947 448
3974 3786 448
4373 4768 448
4694 4573 448
2757 2542 446
2895 2789 446
4093 4540 446
4111 3931 446
511 130 444
4350 4733 442
2736 2909 442
4769 4752 442
2615 2795 442
3591 4015 440
3721 3324 440
2758 2981 438
3735 4070 438
4196 4212 438
4474 4531 436
4320 4691 436
1851 2340 436
838 1323 436
1507 1215 436
2737 3186 434
4566 4649 434
2850 2793 434
3825 3897 434
4474 4344 432
4244 4502 432
2297 2409 432
3752 3743 432
3029 2746 432
4428 4769 430
2366 2507 430
3105 2906 430
4442 4724 430
5212 4783 430
5185 4688 430
2187 1893 430
674 1051 430
4210 4646 428
4198 4108 428
3989 4418 428
4289 4457 428
4238 4679 428
2102 2563 428
1904 2034 428
472 369 426
4143 3984 424
2408 2643 424
3769 3643 424
1378 1238 424
3836 4133 424
2521 2704 424
3327 3485 424
4427 4165 424
4706 4313 424
677 1174 422
3084 3222 422
4545 4604 422
1404 1824 420
71 128 420
3651 3829 420
4207 3896 420
3731 4060 418
2653 3115 418
4009 4448 418
4432 4023 418
3533 3260 416
5267 4787 416
3491 3538 416
4110 4324 414
3754 4185 412
2113 2318 412
4946 4772 412
3640 3325 412
4490 4494 410
4354 4790 410
4210 4370 410
2876 2977 408
4934 4598 408
4000 4159 408
4882 4791 408
4117 3651 408
893 1174 406
4332 4527 406
3333 3149 406
4636 4265 406
3334 3668 404
1878 1646 402
4232 4558 402
4356 4390 402
2124 2591 402
3231 3231 400
4513 4608 400
4347 4641 400
4301 4772 400
2003 1746 400
592 106 400
2983 3156 398
4900 4676 398
4438 3982 398
3958 4330 396
4035 4280 396
4839 4428 394
4395 4061 394
877 1062 392
4992 4689 390
1374 1737 390
4706 4756 390
1075 945 388
4787 4663 388
3560 3975 386
4175 3790 386
427 623 386
3342 2865 384
3990 4478 384
922 1025 382
3418 3545 382
4284 4134 380
1897 2325 378
3827 3457 374
4626 4228 374
3915 3787 374
349 796 374
4768 4705 374
4001 3870 372
4364 4807 372
1920 1997 370
1257 1668 370
5245 4808 368
4777 4475 368
4357 4595 368
2987 3325 368
3832 3634 366
4862 4575 366
1014 668 366
4325 4316 364
2710 2636 364
2811 2994 362
4039 4389 362
4600 4688 360
4583 4376 360
3246 3081 360
4924 4611 360
4578 4687 358
3729 3571 358
3261 3454 358
4766 4450 356
3491 3024 356
4874 4764 356
4665 4676 356
4925 4778 354
2501 2094 352
4981 4823 313
4884 4498 352
4783 4743 350
3771 4171 350
3028 2781 350
4605 4390 350
3691 3284 348
181 675 348
4456 4562 348
1115 1056 346
2024 2162 346
3561 3221 344
2949 3018 342
3570 3854 342
5035 4825 306
4997 4808 342
3897 3628 340
3813 3526 338
1339 1622 338
4101 3841 338
4574 4321 338
4664 4593 338
4517 4738 336
3338 3230 334
4715 4263 334
988 663 334
3667 3972 332
4668 4557 330
2815 2425 330
4249 4124 330
3397 3013 330
1555 1815 330
4950 4707 330
1155 1263 330
1 22 328
4206 4271 326
4225 4141 326
3139 3232 324
4540 4350 324
4974 4675 322
3378 3312 322
136 368 322
1793 1704 320
1290 1078 318
3943 3560 318
4833 4751 318
4736 4790 318
3166 3035 316
3993 4164 314
2860 3084 314
4360 4333 314
3875 4309 314
4564 4520 314
2088 1676 312
3347 3443 310
3517 3822 310
1928 1994 310
2432 2591 310
5090 4668 310
3308 3127 310
4282 3953 310
1955 2104 310
4565 4535 308
4325 4823 308
1144 1168 308
1677 1699 306
2394 2711 306
3955 3910 304
4046 4110 304
1007 1185 304
4181 3698 304
4748 4745 304
2993 3313 304
4817 4537 304
2089 2341 302
4653 4802 302
4165 4558 302
543 455 300
5075 4810 300
2202 2405 300
4003 3909 300
3252 3026 300
4402 4783 300
4881 4706 298
487 831 296
3335 3078 296
5217 4813 296
3804 4075 296
3853 3796 296
4024 4356 292
4562 4662 290
3534 3426 290
280 38 290
4240 3952 290
3766 3876 290
4156 4501 288
5150 4656 288
4956 4816 286
5114 4826 286
3387 3166 284
1775 1560 284
5226 4820 284
5243 4817 284
2352 1887 282
4313 4094 282
3904 4326 282
4333 4350 282
2905 3353 280
5072 4709 280
4678 4839 259
499 634 280
4303 4643 280
2992 3281 278
2264 2224 278
133 264 276
2904 3267 276
2122 2551 276
113 244 276
3629 3693 276
1405 1733 274
978 983 274
3187 2815 272
3226 2761 272
4758 4776 272
5173 4728 272
4668 4398 270
2780 3065 270
4343 3950 270
2987 2631 270
3695 4184 270
205 121 270
4603 4664 268
4802 4761 268
1193 1179 268
3958 4367 268
4794 4732 266
4344 4293 266
4798 4755 266
4106 4559 266
3499 3890 264
4550 4659 264
2964 2617 262
4016 3669 262
4152 3979 262
1816 1865 262
4433 4165 260
4924 4551 260
4460 4775 258
4090 4198 258
4880 4746 258
5051 4809 258
4999 4826 256
3222 3161 256
4090 3783 256
1238 1569 256
2510 2612 256
2486 2141 256
2494 2354 256
4145 4383 256
3826 3445 254
777 788 254
5306 4850 225
3941 4033 252
4735 4676 252
4359 4707 250
4198 4681 248
4595 4344 248
2248 1810 248
4178 3888 248
2272 1962 246
5291 4828 246
4665 4757 246
333 66 246
5178 4722 246
4293 4413 244
4599 4330 244
3726 3990 242
3381 3834 242
4583 4670 242
1 52 242
1000 1469 242
910 1338 242
2761 2647 240
4935 4613 240
3822 4005 238
2426 2470 238
4720 4729 236
4516 4360 236
4841 4686 236
413 517 236
1222 919 236
4658 4803 234
2868 2607 234
3455 3343 234
3119 3488 232
5142 4766 232
1698 2043 232
4514 4128 230
3089 3379 230
3911 4013 230
5180 4723 230
4423 4870 169
2327 2186 228
2508 2263 228
2658 2256 228
2196 2694 228
2799 2952 226
915 1075 226
4297 4219 226
4523 4765 226
3424 3874 224
4608 4610 224
4726 4820 224
1 174 224
5015 4741 224
858 677 222
1943 1656 222
3508 3998 222
4780 4665 222
1156 993 220
1990 1597 218
4383 4108 218
5135 4729 216
4214 4365 216
4458 4634 216
3987 4138 214
3416 3047 214
1879 1456 214
2874 2633 212
2844 2583 210
4656 4879 146
4963 4584 208
5084 4743 208
4687 4414 208
3758 4065 208
3273 3585 204
5184 4821 204
4208 4701 204
3880 4246 204
1454 1351 202
4599 4794 202
4935 4768 202
5069 4672 202
5169 4833 202
4155 4551 202
5224 4829 200
4649 4686 200
4236 4633 198
1984 2068 198
4570 4861 193
4723 4898 104
4210 4533 196
4597 4659 196
4381 3905 196
2268 1863 194
4472 4567 194
2083 1592 194
3150 2910 192
4635 4209 192
947 1405 192
653 446 192
3700 3453 190
1528 1791 190
4789 4886 129
4841 4888 125
3760 3342 188
4642 4891 118
2032 2163 188
4217 3920 188
4856 4786 186
1083 1122 186
4449 4823 186
4859 4534 186
4879 4425 186
3166 3298 186
4314 4423 184
4184 4626 184
4535 4555 184
4912 4900 100
1006 666 184
4422 4716 184
3905 3741 182
66 304 182
4021 4146 182
4667 4784 182
4347 4729 182
2347 2326 182
5062 4846 182
3475 2991 180
3773 3957 180
1575 1370 180
4953 4600 180
4454 4774 180
1751 1661 178
4801 4473 178
4533 4578 178
5054 4727 176
4395 4816 176
5206 4792 176
4418 4888 125
1521 1477 176
4783 4568 176
3707 3368 174
4135 4084 174
4344 4486 174
2455 2390 174
1 260 172
4899 4837 172
3983 3516 172
4660 4842 172
4150 3891 172
287 426 170
3455 2988 170
4540 4554 166
3450 3755 164
2833 2789 164
4650 4876 153
3298 3154 164
3344 3642 162
2845 2656 162
3986 4237 162
4183 3800 162
5044 4875 156
5337 4862 160
3296 3601 160
3724 3263 160
2329 2070 160
1484 1471 158
3633 4098 158
4440 3970 158
4750 4664 158
4744 4519 158
4675 4579 158
4350 4381 156
1543 1469 156
2312 2789 156
5123 4656 156
4705 4691 156
5159 4897 106
2860 3339 154
589 1009 154
4263 4267 152
4574 4680 152
4472 4911 79
4994 4765 152
4271 4620 152
4710 4634 152
4848 4535 150
4848 4803 150
4239 4502 150
4398 4219 150
5107 4901 98
3427 3787 148
4321 4536 148
1072 1544 148
4841 4604 146
3839 3706 144
5299 4845 142
4761 4907 86
4938 4619 142
3710 3320 142
5043 4757 142
2845 2522 140
3683 3449 140
3138 3584 140
2729 2370 140
4775 4720 140
4324 4385 138
4238 4692 138
3310 3515 138
5372 4889 123
4452 4873 138
4328 3925 138
2239 2682 136
4892 4749 136
4895 4914 73
4714 4515 136
3720 4135 136
1987 1773 136
2687 3023 136
4975 4882 134
3507 3654 134
2177 1962 134
4799 4895 110
2418 2777 132
102 267 132
4914 4671 132
4393 4327 130
4909 4637 130
5242 4777 130
4687 4862 128
4811 4773 128
3306 3550 128
3831 3539 128
4977 4919 65
4741 4645 128
4245 4736 128
970 864 128
4425 4424 126
4470 4929 50
5036 4847 126
5290 4906 88
5236 4904 92
3564 3671 124
2591 2823 124
4764 4759 124
4906 4719 124
4751 4935 42
5136 4862 124
3096 2624 122
4469 4931 47
4776 4935 42
3346 3629 122
4493 4796 122
4774 4788 120
4891 4723 120
2964 2739 120
5317 4903 94
3552 3815 120
4515 4479 120
4283 4602 120
3949 3692 118
5193 4875 118
5245 4750 118
4457 4939 37
986 905 118
5255 4798 118
4565 4939 37
3861 4236 118
4767 4850 116
3787 3600 116
4565 4935 42
4745 4486 116
4764 4912 77
4445 4906 88
4774 4352 114
2049 2183 114
4555 4906 88
2081 1664 114
4169 4634 114
3887 4107 112
4603 4770 112
5008 4689 112
1773 1512 110
590 289 110
5080 4916 70
4615 4633 110
4643 4910 81
4292 4456 110
139 333 110
3728 4028 108
4343 4636 108
5355 4908 84
5071 4933 44
5018 4874 108
2962 2841 108
675 742 108
3816 4271 108
4790 4941 34
4337 4498 106
4766 4945 30
4402 4767 104
3176 3470 104
2048 2422 104
4893 4858 104
4736 4942 33
1781 1499 104
3313 2942 104
4761 4813 104
4127 4604 104
3569 3196 102
5141 4745 102
4087 4385 102
4582 4936 40
4538 4184 100
2482 2151 100
1369 1481 100
1727 1730 98
3986 4115 98
2046 1964 98
4448 4781 98
4868 4917 68
4863 4925 56
4906 4933 44
4505 4845 96
4459 4937 39
458 855 96
4507 4229 94
2813 2924 94
3463 3315 94
5190 4893 94
4346 4734 94
4433 4800 94
1751 1916 92
2159 1787 88
2310 1882 88
4712 4952 23
4631 4952 23
5001 4875 88
4647 4729 88
2313 2811 88
5269 4936 40
4420 4703 86
4834 4563 84
4694 4593 84
4771 4794 84
4051 4170 84
4717 4822 84
4459 4579 84
4194 4515 84
4609 4857 84
4937 4867 82
4408 4780 82
4213 4028 82
3218 3647 82
4274 4360 82
875 712 80
4193 4540 80
5104 4886 80
4051 3958 78
4914 4732 78
4200 3955 78
4698 4910 78
4796 4334 78
4302 4289 78
3777 3622 78
1851 1449 76
4153 4368 76
957 1279 76
5250 4819 76
2033 2528 74
4446 4849 74
2267 1981 74
5063 4944 31
1 44 74
4643 4486 74
5088 4697 74
4693 4550 72
2654 2577 72
4887 4851 70
1455 1727 70
4540 4929 50
4720 4918 67
5196 4901 66
907 1213 66
4537 4767 66
1 154 66
5332 4939 37
4497 4516 66
4475 4850 66
4430 4831 64
4844 4473 64
5023 4955 20
2944 2855 62
3965 4182 62
4900 4882 62
4732 4965 12
3945 3770 60
2725 3049 60
3722 3445 60
4449 4887 60
4878 4835 60
4585 4794 58
4599 4934 43
1152 1638 58
5184 4694 58
4886 4918 58
4145 4505 56
3238 3205 56
3697 4002 56
3823 3431 56
2556 2239 56
4506 4475 54
4318 4019 54
2153 2184 54
409 320 54
3649 3178 54
4917 4688 54
4927 4970 9
1482 1647 54
5052 4894 54
4937 4778 52
5190 4814 52
5190 4733 52
3816 4303 52
4498 4968 10
5011 4893 52
5255 4915 52
5089 4690 52
4714 4705 52
4471 4855 52
4938 4947 28
4293 4033 50
4788 4919 50
4423 4673 48
4754 4778 48
4470 4703 48
696 1195 48
5427 4970 9
5303 4967 10
4741 4971 8
4638 4848 48
4848 4932 46
4524 4730 46
2426 2695 46
4945 4891 46
4539 4276 44
3915 4226 44
4762 4830 44
5124 4971 8
4995 4951 24
3922 3739 42
3569 3556 42
4878 4871 42
3385 3712 42
4006 3993 40
5016 4868 40
4759 4725 40
5310 4913 40
3190 3040 38
5112 4968 10
2669 2894 38
3583 3594 36
5300 4978 4
4668 4929 36
2794 2679 36
4696 4381 36
5036 4895 34
3552 3093 34
5211 4859 34
4569 4936 34
5057 4914 32
3935 4152 32
4335 4800 32
4658 4826 32
4311 4285 32
4752 4889 32
4760 4551 30
344 262 30
5237 4888 30
4924 4965 12
4983 4954 21
38 61 30
5093 4899 30
4381 4785 30
4551 4288 28
4958 4586 28
4807 4958 17
5194 4941 28
4146 4414 28
4971 4985 2
5152 4962 14
5374 4950 25
4939 4469 26
3897 3763 26
5346 4932 26
2272 2222 26
4033 4499 24
4996 4915 24
30 292 24
4232 3793 22
4425 4470 22
2392 1927 22
4218 4376 22
408 94 20
3211 3402 20
4355 4442 20
4569 4785 20
3109 3436 20
4938 4984 2
4600 4400 20
1 180 20
727 919 18
4940 4561 18
437 718 18
4458 4733 18
4121 3862 18
5190 4985 2
4536 4988 1
4097 4232 18
4569 4972 7
4398 4895 16
4811 4872 16
5182 4937 16
4352 4654 16
4807 4930 16
4514 4957 16
2775 2784 16
4913 4971 8
4991 4987 1
5192 4955 16
5061 4967 10
4944 4975 6
4843 4933 14
5334 4986 1
4943 4973 7
4490 4990 1
5387 4978 4
2947 3087 14
4548 4912 14
4439 4735 14
4962 4966 11
5004 4779 12
1628 2066 12
4244 4012 12
4538 4992 0
4784 4806 12
4299 4171 12
1347 1670 12
4845 4903 12
5064 4917 12
4077 3973 12
5161 4990 1
4896 4994 0
4399 4866 10
5247 4910 10
5058 4994 0
1073 1094 10
4603 4994 0
4835 4989 1
2689 2243 10
4779 4974 6
4951 4509 8
3673 3768 8
4657 4963 8
2954 2486 8
5032 4588 8
4510 4951 8
4740 4993 0
4750 4933 8
4711 4984 2
5117 4986 1
3472 3916 6
1271 841 6
1 432 6
5034 4991 0
4093 4151 6
5100 4689 4
2951 2503 4
5109 4980 4
5439 4998 0
5462 4998 0
4938 4909 2
2546 2939 2
4557 4961 2
4959 4974 2
5487 4997 0
5190 4792 2
5049 4975 2
4466 4909 2
4105 4553 2
5315 4988 0
4184 4423 0
4860 4715 0
4948 4491 0
5413 5000 0
5137 4843 0
5121 4949 0
3627 3994 0
4741 4997 0
3375 3230 0
5148 4998 0
2929 3040 0
