5000 100 4.3589
11 1 98
11 1 98
12 2 96
11 1 98
13 3 94
15 5 90
13 3 94
12 2 96
14 4 92
12 2 96
16 6 88
15 5 90
15 5 90
13 3 94
17 7 86
14 4 92
18 8 84
12 2 96
15 5 90
14 4 92
18 8 84
14 4 92
17 7 86
11 1 98
12 2 96
13 3 94
16 6 88
15 5 90
12 2 96
19 9 82
19 9 82
16 6 88
20 10 81
14 4 92
17 7 86
21 11 79
14 4 92
13 3 94
21 11 79
11 1 98
13 3 94
15 5 90
22 12 77
16 6 88
18 8 84
13 3 94
14 4 92
15 5 90
12 2 96
23 13 75
20 10 81
17 7 86
19 9 82
19 9 82
11 1 98
19 9 82
12 2 96
20 10 81
18 8 84
16 6 88
20 10 81
24 14 73
11 1 98
19 9 82
25 15 72
25 15 72
20 10 81
20 10 81
26 16 70
13 3 94
21 11 79
17 7 86
20 10 81
23 13 75
26 16 70
19 9 82
16 6 88
12 2 96
21 11 79
16 6 88
16 6 88
27 17 68
24 14 73
16 6 88
24 14 73
21 11 79
17 7 86
15 5 90
24 14 73
26 16 70
26 16 70
19 9 82
18 8 84
11 1 98
16 6 88
22 12 77
16 6 88
22 12 77
22 12 77
27 17 68
12 2 96
25 15 72
16 6 88
13 3 94
20 10 81
16 6 88
21 11 79
29 19 65
25 15 72
12 2 96
11 1 98
23 13 75
21 11 79
23 13 75
18 8 84
12 2 96
18 8 84
17 7 86
12 2 96
17 7 86
27 17 68
21 11 79
30 20 64
28 18 67
14 4 92
24 14 73
25 15 72
29 19 65
32 22 60
28 18 67
15 5 90
31 21 62
13 3 94
14 4 92
14 4 92
17 7 86
11 1 98
14 4 92
25 15 72
26 16 70
23 13 75
18 8 84
27 17 68
22 12 77
15 5 90
25 15 72
31 21 62
24 14 73
13 3 94
24 14 73
15 5 90
26 16 70
14 4 92
12 2 96
29 19 65
21 11 79
25 15 72
18 8 84
15 5 90
18 8 84
34 24 57
17 7 86
23 13 75
13 3 94
26 16 70
26 16 70
16 6 88
28 18 67
31 21 62
24 14 73
20 10 81
14 4 92
33 23 59
18 8 84
30 20 64
25 15 72
13 3 94
19 9 82
17 7 86
25 15 72
26 16 70
29 19 65
14 4 92
25 15 72
29 19 65
20 10 81
31 21 62
18 8 84
32 22 60
24 14 73
26 16 70
21 11 79
24 14 73
22 12 77
27 17 68
19 9 82
18 8 84
13 3 94
24 14 73
34 24 57
31 21 62
37 27 53
19 9 82
35 25 56
11 1 98
15 5 90
14 4 92
36 26 54
33 23 59
18 8 84
28 18 67
17 7 86
34 24 57
32 22 60
22 12 77
18 8 84
11 1 98
16 6 88
26 16 70
37 27 53
16 6 88
37 27 53
22 12 77
17 7 86
13 3 94
32 22 60
17 7 86
28 18 67
12 2 96
31 21 62
26 16 70
22 12 77
35 25 56
29 19 65
28 18 67
22 12 77
13 3 94
13 3 94
26 16 70
30 20 64
35 25 56
37 27 53
25 15 72
39 29 50
24 14 73
31 21 62
35 25 56
29 19 65
18 8 84
18 8 84
36 26 54
31 21 62
22 12 77
22 12 77
22 12 77
39 29 50
34 24 57
38 28 51
24 14 73
28 18 67
38 28 51
11 1 98
21 11 79
25 15 72
30 20 64
18 8 84
19 9 82
40 30 49
22 12 77
21 11 79
11 1 98
33 23 59
29 19 65
12 2 96
34 24 57
32 22 60
12 2 96
20 10 81
16 6 88
14 4 92
18 8 84
33 23 59
32 22 60
40 30 49
30 20 64
20 10 81
32 22 60
11 1 98
32 22 60
27 17 68
17 7 86
35 25 56
36 26 54
15 5 90
32 22 60
13 3 94
33 23 59
13 3 94
23 13 75
33 23 59
36 26 54
41 31 47
39 29 50
33 23 59
28 18 67
19 9 82
12 2 96
41 31 47
25 15 72
19 9 82
13 3 94
40 30 49
22 12 77
20 10 81
39 29 50
33 23 59
29 19 65
30 20 64
30 20 64
23 13 75
30 20 64
35 25 56
15 5 90
13 3 94
27 17 68
27 17 68
21 11 79
41 31 47
23 13 75
14 4 92
13 3 94
43 33 44
28 18 67
24 14 73
29 19 65
38 28 51
16 6 88
23 13 75
44 34 43
38 28 51
19 9 82
44 34 43
33 23 59
42 32 46
14 4 92
30 20 64
34 24 57
28 18 67
22 12 77
12 2 96
41 31 47
17 7 86
31 21 62
24 14 73
11 1 98
43 33 44
27 17 68
35 25 56
43 33 44
19 9 82
45 35 42
16 6 88
14 4 92
28 18 67
15 5 90
38 28 51
17 7 86
33 23 59
45 35 42
26 16 70
36 26 54
23 13 75
12 2 96
26 16 70
21 11 79
31 21 62
18 8 84
20 10 81
18 8 84
33 23 59
23 13 75
27 17 68
26 16 70
46 36 40
35 25 56
39 29 50
30 20 64
24 14 73
36 26 54
42 32 46
14 4 92
43 33 44
25 15 72
29 19 65
23 13 75
39 29 50
47 37 39
38 28 51
41 31 47
28 18 67
37 27 53
24 14 73
34 24 57
44 34 43
39 29 50
15 5 90
39 29 50
40 30 49
11 1 98
16 6 88
31 21 62
22 12 77
47 37 39
46 36 40
42 32 46
32 22 60
31 21 62
24 14 73
12 2 96
26 16 70
46 36 40
47 37 39
23 13 75
12 2 96
30 20 64
45 35 42
33 23 59
29 19 65
20 10 81
30 20 64
18 8 84
42 32 46
41 31 47
16 6 88
40 30 49
29 19 65
29 19 65
42 32 46
23 13 75
16 6 88
48 38 38
32 22 60
37 27 53
13 3 94
41 31 47
46 36 40
12 2 96
15 5 90
33 23 59
17 7 86
40 30 49
34 24 57
26 16 70
37 27 53
44 34 43
23 13 75
44 34 43
32 22 60
41 31 47
15 5 90
49 39 37
49 39 37
17 7 86
42 32 46
41 31 47
11 1 98
25 15 72
49 39 37
46 36 40
32 22 60
23 13 75
29 19 65
19 9 82
33 23 59
46 36 40
34 24 57
19 9 82
42 32 46
45 35 42
28 18 67
25 15 72
45 35 42
45 35 42
18 8 84
15 5 90
37 27 53
40 30 49
37 27 53
37 27 53
39 29 50
38 28 51
37 27 53
31 21 62
34 24 57
16 6 88
46 36 40
33 23 59
40 30 49
50 40 36
21 11 79
12 2 96
49 39 37
44 34 43
31 21 62
35 25 56
38 28 51
47 37 39
23 13 75
30 20 64
27 17 68
47 37 39
18 8 84
37 27 53
25 15 72
17 7 86
13 3 94
46 36 40
42 32 46
15 5 90
51 41 34
50 40 36
30 20 64
13 3 94
35 25 56
43 33 44
31 21 62
41 31 47
48 38 38
41 31 47
24 14 73
20 10 81
45 35 42
30 20 64
25 15 72
36 26 54
37 27 53
32 22 60
32 22 60
43 33 44
19 9 82
34 24 57
47 37 39
36 26 54
19 9 82
32 22 60
50 40 36
41 31 47
44 34 43
22 12 77
27 17 68
49 39 37
18 8 84
43 33 44
31 21 62
25 15 72
46 36 40
47 37 39
31 21 62
50 40 36
33 23 59
49 39 37
42 32 46
47 37 39
13 3 94
34 24 57
13 3 94
52 42 33
24 14 73
14 4 92
49 39 37
49 39 37
40 30 49
49 39 37
20 10 81
53 43 32
35 25 56
15 5 90
26 16 70
12 2 96
36 26 54
45 35 42
13 3 94
44 34 43
37 27 53
11 1 98
23 13 75
37 27 53
16 6 88
19 9 82
51 41 34
33 23 59
53 43 32
49 39 37
22 12 77
28 18 67
27 17 68
30 20 64
43 33 44
47 37 39
11 1 98
37 27 53
19 9 82
53 43 32
22 12 77
25 15 72
53 43 32
31 21 62
18 8 84
44 34 43
12 2 96
49 39 37
28 18 67
40 30 49
33 23 59
16 6 88
13 3 94
46 36 40
52 42 33
15 5 90
28 18 67
21 11 79
17 7 86
45 35 42
47 37 39
17 7 86
16 6 88
36 26 54
32 22 60
41 31 47
35 25 56
45 35 42
48 38 38
45 35 42
34 24 57
14 4 92
11 1 98
27 17 68
19 9 82
49 39 37
17 7 86
18 8 84
56 46 29
19 9 82
53 43 32
26 16 70
32 22 60
44 34 43
39 29 50
16 6 88
46 36 40
14 4 92
23 13 75
45 35 42
23 13 75
21 11 79
43 33 44
45 35 42
19 9 82
56 46 29
40 30 49
45 35 42
11 1 98
40 30 49
29 19 65
53 43 32
42 32 46
24 14 73
32 22 60
57 47 28
37 27 53
29 19 65
54 44 31
45 35 42
30 20 64
57 47 28
42 32 46
55 45 30
55 45 30
52 42 33
28 18 67
57 47 28
36 26 54
25 15 72
40 30 49
18 8 84
25 15 72
39 29 50
43 33 44
34 24 57
26 16 70
28 18 67
54 44 31
41 31 47
41 31 47
44 34 43
11 1 98
42 32 46
50 40 36
20 10 81
14 4 92
58 48 27
40 30 49
14 4 92
44 34 43
18 8 84
47 37 39
48 38 38
16 6 88
57 47 28
58 48 27
18 8 84
57 47 28
39 29 50
54 44 31
13 3 94
50 40 36
39 29 50
36 26 54
49 39 37
48 38 38
53 43 32
46 36 40
19 9 82
16 6 88
15 5 90
31 21 62
49 39 37
26 16 70
50 40 36
48 38 38
36 26 54
42 32 46
22 12 77
47 37 39
25 15 72
57 47 28
48 38 38
34 24 57
47 37 39
53 43 32
58 48 27
40 30 49
19 9 82
21 11 79
41 31 47
46 36 40
45 35 42
16 6 88
53 43 32
52 42 33
23 13 75
18 8 84
24 14 73
12 2 96
58 48 27
43 33 44
40 30 49
40 30 49
52 42 33
41 31 47
51 41 34
21 11 79
15 5 90
28 18 67
43 33 44
59 49 26
44 34 43
57 47 28
26 16 70
15 5 90
51 41 34
56 46 29
15 5 90
25 15 72
49 39 37
41 31 47
55 45 30
14 4 92
57 47 28
59 49 26
30 20 64
36 26 54
54 44 31
47 37 39
29 19 65
59 49 26
55 45 30
56 46 29
11 1 98
50 40 36
45 35 42
32 22 60
50 40 36
42 32 46
15 5 90
51 41 34
48 38 38
58 48 27
43 33 44
47 37 39
30 20 64
27 17 68
47 37 39
60 50 25
45 35 42
43 33 44
19 9 82
61 51 24
53 43 32
32 22 60
18 8 84
37 27 53
22 12 77
21 11 79
16 6 88
57 47 28
61 51 24
37 27 53
54 44 31
19 9 82
57 47 28
28 18 67
57 47 28
49 39 37
25 15 72
45 35 42
11 1 96
57 47 28
56 46 29
46 36 40
30 20 64
20 10 81
39 29 50
24 14 73
47 37 39
46 36 40
42 32 46
36 26 54
11 1 94
62 52 23
33 23 59
51 41 34
26 16 70
43 33 44
47 37 39
16 6 88
23 13 75
18 8 84
29 19 65
59 49 26
60 50 25
61 51 24
16 6 88
25 15 72
46 36 40
45 35 42
31 21 62
47 37 39
29 19 65
23 13 75
29 19 65
26 16 70
58 48 27
41 31 47
26 16 70
42 32 46
46 36 40
21 11 79
46 36 40
17 7 86
14 4 92
48 38 38
34 24 57
61 51 24
14 4 92
20 10 81
42 32 46
33 23 59
19 9 82
39 29 50
49 39 37
12 2 92
48 38 38
58 48 27
22 12 77
15 5 90
30 20 64
18 8 84
14 4 92
30 20 64
64 54 21
39 29 50
57 47 28
18 8 84
62 52 23
32 22 60
43 33 44
50 40 36
40 30 49
31 21 62
15 5 90
54 44 31
13 3 90
35 25 56
59 49 26
38 28 51
14 4 90
52 42 33
20 10 81
55 45 30
50 40 36
62 52 23
37 27 53
59 49 26
54 44 31
48 38 38
59 49 26
64 54 21
39 29 50
20 10 81
26 16 70
53 43 32
63 53 22
62 52 23
23 13 75
19 9 82
39 29 50
50 40 36
14 4 90
46 36 40
57 47 28
24 14 73
29 19 65
48 38 38
55 45 30
56 46 29
63 53 22
38 28 51
19 9 82
65 55 20
24 14 73
63 53 22
59 49 26
18 8 84
26 16 70
14 4 88
26 16 70
31 21 62
45 35 42
43 33 44
65 55 20
37 27 53
29 19 65
43 33 44
32 22 60
33 23 59
33 23 59
42 32 46
29 19 65
64 54 21
54 44 31
38 28 51
64 54 21
20 10 81
61 51 24
55 45 30
53 43 32
36 26 54
30 20 64
65 55 20
36 26 54
52 42 33
12 2 88
26 16 70
58 48 27
25 15 72
59 49 26
41 31 47
22 12 77
23 13 75
11 1 86
60 50 25
56 46 29
64 54 21
61 51 24
11 1 86
61 51 24
61 51 24
63 53 22
59 49 26
65 55 20
55 45 30
21 11 79
46 36 40
57 47 28
40 30 49
50 40 36
47 37 39
31 21 62
31 21 62
66 56 19
64 54 21
31 21 62
12 2 86
38 28 51
40 30 49
53 43 32
42 32 46
61 51 24
21 11 79
66 56 19
53 43 32
31 21 62
56 46 29
45 35 42
22 12 77
34 24 57
64 54 21
46 36 40
52 42 33
65 55 20
32 22 60
60 50 25
61 51 24
54 44 31
43 33 44
23 13 75
39 29 50
63 53 22
46 36 40
61 51 24
45 35 42
38 28 51
36 26 54
34 24 57
39 29 50
45 35 42
54 44 31
18 8 84
65 55 20
62 52 23
48 38 38
18 8 84
55 45 30
56 46 29
33 23 59
26 16 70
26 16 70
30 20 64
42 32 46
50 40 36
18 8 84
18 8 84
31 21 62
46 36 40
17 7 84
53 43 32
46 36 40
51 41 34
47 37 39
27 17 68
65 55 20
48 38 38
51 41 34
27 17 68
41 31 47
11 1 84
40 30 49
58 48 27
17 7 84
39 29 50
55 45 30
42 32 46
12 2 82
28 18 67
64 54 21
34 24 57
36 26 54
68 58 17
25 15 72
29 19 65
61 51 24
39 29 50
47 37 39
62 52 23
48 38 38
37 27 53
59 49 26
64 54 21
38 28 51
68 58 17
36 26 54
50 40 36
43 33 44
47 37 39
64 54 21
52 42 33
55 45 30
67 57 18
65 55 20
43 33 44
31 21 62
32 22 60
62 52 23
31 21 62
51 41 34
16 6 82
21 11 79
28 18 67
50 40 36
51 41 34
15 5 82
64 54 21
48 38 38
56 46 29
65 55 20
63 53 22
61 51 24
22 12 77
68 58 17
56 46 29
64 54 21
17 7 80
37 27 53
32 22 60
40 30 49
68 58 17
56 46 29
45 35 42
34 24 57
65 55 20
65 55 20
41 31 47
59 49 26
60 50 25
48 38 38
63 53 22
65 55 20
63 53 22
56 46 29
63 53 22
64 54 21
66 56 19
67 57 18
48 38 38
63 53 22
36 26 54
27 17 68
63 53 22
27 17 68
22 12 77
22 12 77
30 20 64
57 47 28
13 3 80
42 32 46
19 9 80
65 55 20
41 31 47
69 59 16
11 1 80
43 33 44
12 2 78
50 40 36
38 28 51
60 50 25
19 9 78
65 55 20
19 9 78
54 44 31
46 36 40
63 53 22
42 32 46
47 37 39
52 42 33
68 58 17
52 42 33
69 59 16
20 10 78
48 38 38
29 19 65
23 13 75
47 37 39
26 16 70
68 58 17
43 33 44
54 44 31
58 48 27
42 32 46
69 59 16
51 41 34
25 15 72
58 48 27
38 28 51
59 49 26
52 42 33
39 29 50
65 55 20
63 53 22
16 6 78
20 10 78
39 29 50
17 7 78
43 33 44
57 47 28
62 52 23
61 51 24
62 52 23
68 58 17
12 2 76
31 21 62
64 54 21
41 31 47
67 57 18
38 28 51
51 41 34
66 56 19
66 56 19
14 4 76
42 32 46
39 29 50
61 51 24
24 14 73
63 53 22
13 3 76
27 17 68
56 46 29
23 13 75
33 23 59
41 31 47
44 34 43
45 35 42
21 11 76
31 21 62
53 43 32
69 59 16
67 57 18
13 3 76
34 24 57
50 40 36
14 4 76
65 55 20
66 56 19
40 30 49
71 61 15
41 31 47
70 60 16
51 41 34
40 30 49
15 5 76
64 54 21
59 49 26
63 53 22
70 60 16
48 38 38
61 51 24
19 9 76
53 43 32
52 42 33
64 54 21
15 5 74
22 12 74
35 25 56
17 7 74
60 50 25
36 26 54
65 55 20
57 47 28
48 38 38
55 45 30
61 51 24
62 52 23
20 10 74
63 53 22
19 9 74
68 58 17
45 35 42
40 30 49
64 54 21
57 47 28
51 41 34
66 56 19
65 55 20
15 5 74
72 62 14
70 60 16
37 27 53
49 39 37
65 55 20
35 25 56
66 56 19
67 57 18
55 45 30
45 35 42
65 55 20
63 53 22
33 23 59
20 10 74
37 27 53
41 31 47
19 9 74
50 40 36
65 55 20
15 5 74
25 15 72
72 62 14
23 13 74
71 61 15
65 55 20
51 41 34
62 52 23
54 44 31
65 55 20
61 51 24
47 37 39
18 8 72
38 28 51
61 51 24
44 34 43
47 37 39
71 61 15
46 36 40
70 60 16
68 58 17
68 58 17
21 11 72
39 29 50
12 2 72
22 12 72
73 63 13
30 20 64
48 38 38
17 7 72
40 30 49
50 40 36
73 63 13
71 61 15
37 27 53
25 15 72
34 24 57
26 16 70
36 26 54
36 26 54
39 29 50
29 19 65
23 13 72
49 39 37
73 63 13
30 20 64
53 43 32
63 53 22
53 43 32
32 22 60
54 44 31
58 48 27
31 21 62
42 32 46
49 39 37
68 58 17
50 40 36
53 43 32
22 12 72
47 37 39
66 56 19
58 48 27
32 22 60
44 34 43
41 31 47
49 39 37
20 10 70
40 30 49
57 47 28
67 57 18
43 33 44
21 11 70
49 39 37
47 37 39
30 20 64
73 63 13
33 23 59
24 14 70
53 43 32
20 10 70
24 14 70
23 13 70
73 63 13
49 39 37
18 8 70
41 31 47
34 24 57
56 46 29
20 10 70
67 57 18
55 45 30
63 53 22
74 64 12
27 17 68
54 44 31
65 55 20
28 18 67
70 60 16
58 48 27
46 36 40
24 14 70
60 50 25
25 15 70
65 55 20
22 12 70
70 60 16
20 10 70
62 52 23
48 38 38
27 17 68
70 60 16
16 6 68
72 62 14
31 21 62
57 47 28
53 43 32
17 7 68
74 64 12
67 57 18
14 4 68
71 61 15
68 58 17
61 51 24
68 58 17
64 54 21
69 59 16
12 2 68
73 63 13
73 63 13
49 39 37
47 37 39
66 56 19
61 51 24
31 21 62
54 44 31
48 38 38
69 59 16
59 49 26
49 39 37
48 38 38
75 65 12
60 50 25
52 42 33
73 63 13
45 35 42
53 43 32
64 54 21
13 3 68
72 62 14
70 60 16
62 52 23
74 64 12
24 14 68
19 9 68
40 30 49
61 51 24
35 25 56
44 34 43
24 14 66
56 46 29
60 50 25
36 26 54
41 31 47
35 25 56
43 33 44
46 36 40
69 59 16
14 4 66
39 29 50
19 9 66
27 17 66
29 19 65
70 60 16
39 29 50
38 28 51
71 61 15
69 59 16
35 25 56
50 40 36
50 40 36
74 64 12
56 46 29
72 62 14
24 14 66
74 64 12
57 47 28
52 42 33
68 58 17
72 62 14
75 65 12
76 66 11
38 28 51
29 19 65
60 50 25
32 22 60
12 2 66
28 18 66
39 29 50
58 48 27
32 22 60
37 27 53
58 48 27
66 56 19
70 60 16
45 35 42
63 53 22
58 48 27
48 38 38
47 37 39
63 53 22
58 48 27
53 43 32
59 49 26
12 2 64
30 20 64
32 22 60
14 4 64
38 28 51
56 46 29
46 36 40
69 59 16
68 58 17
72 62 14
63 53 22
65 55 20
50 40 36
39 29 50
32 22 60
11 1 64
56 46 29
51 41 34
57 47 28
28 18 64
74 64 12
75 65 12
53 43 32
56 46 29
75 65 12
54 44 31
33 23 59
27 17 64
13 3 64
65 55 20
59 49 26
59 49 26
50 40 36
36 26 54
54 44 31
52 42 33
44 34 43
28 18 64
22 12 64
54 44 31
76 66 11
11 1 64
24 14 64
72 62 14
36 26 54
69 59 16
52 42 33
73 63 13
35 25 56
57 47 28
53 43 32
37 27 53
56 46 29
74 64 12
62 52 23
55 45 30
68 58 17
70 60 16
64 54 21
76 66 11
44 34 43
54 44 31
54 44 31
37 27 53
57 47 28
58 48 27
28 18 62
16 6 62
34 24 57
21 11 62
55 45 30
66 56 19
50 40 36
74 64 12
61 51 24
47 37 39
60 50 25
55 45 30
36 26 54
52 42 33
62 52 23
73 63 13
41 31 47
19 9 62
24 14 62
72 62 14
61 51 24
71 61 15
20 10 62
73 63 13
39 29 50
71 61 15
71 61 15
39 29 50
64 54 21
17 7 62
71 61 15
63 53 22
70 60 16
70 60 16
31 21 62
58 48 27
59 49 26
56 46 29
69 59 16
68 58 17
58 48 27
46 36 40
17 7 62
68 58 17
70 60 16
37 27 53
73 63 13
75 65 12
14 4 62
61 51 24
30 20 62
77 67 10
68 58 17
48 38 38
36 26 54
37 27 53
47 37 39
46 36 40
15 5 60
32 22 60
59 49 26
14 4 60
18 8 60
79 69 9
27 17 60
48 38 38
23 13 60
78 68 10
34 24 57
27 17 60
77 67 10
75 65 12
34 24 57
65 55 20
41 31 47
63 53 22
66 56 19
72 62 14
66 56 19
29 19 60
79 69 9
23 13 60
18 8 60
52 42 33
46 36 40
42 32 46
78 68 10
53 43 32
32 22 60
37 27 53
78 68 10
46 36 40
70 60 16
61 51 24
79 69 9
57 47 28
74 64 12
54 44 31
15 5 60
78 68 10
11 1 60
19 9 60
26 16 60
38 28 51
70 60 16
15 5 58
57 47 28
74 64 12
37 27 53
39 29 50
62 52 23
70 60 16
72 62 14
38 28 51
63 53 22
60 50 25
42 32 46
48 38 38
46 36 40
51 41 34
71 61 15
13 3 58
60 50 25
64 54 21
43 33 44
30 20 58
34 24 57
64 54 21
62 52 23
51 41 34
66 56 19
73 63 13
12 2 58
77 67 10
21 11 58
74 64 12
60 50 25
34 24 57
54 44 31
44 34 43
62 52 23
55 45 30
79 69 9
72 62 14
39 29 50
45 35 42
31 21 58
40 30 49
30 20 58
50 40 36
78 68 10
35 25 56
54 44 31
20 10 58
61 51 24
78 68 10
17 7 58
80 70 9
66 56 19
56 46 29
63 53 22
21 11 58
37 27 53
18 8 58
70 60 16
15 5 56
21 11 56
70 60 16
28 18 56
37 27 53
47 37 39
31 21 56
30 20 56
26 16 56
66 56 19
78 68 10
41 31 47
59 49 26
81 71 8
42 32 46
33 23 56
74 64 12
65 55 20
81 71 8
23 13 56
45 35 42
65 55 20
66 56 19
78 68 10
31 21 56
68 58 17
58 48 27
46 36 40
76 66 11
14 4 56
67 57 18
17 7 56
49 39 37
41 31 47
28 18 56
63 53 22
51 41 34
16 6 56
76 66 11
80 70 9
51 41 34
62 52 23
75 65 12
74 64 12
69 59 16
25 15 56
29 19 56
72 62 14
31 21 56
25 15 56
67 57 18
60 50 25
62 52 23
80 70 9
61 51 24
31 21 56
42 32 46
75 65 12
65 55 20
55 45 30
36 26 54
47 37 39
70 60 16
44 34 43
41 31 47
26 16 56
67 57 18
60 50 25
56 46 29
46 36 40
12 2 54
32 22 54
64 54 21
81 71 8
70 60 16
66 56 19
75 65 12
80 70 9
79 69 9
47 37 39
81 71 8
68 58 17
48 38 38
77 67 10
51 41 34
31 21 54
31 21 54
60 50 25
74 64 12
70 60 16
66 56 19
27 17 54
36 26 54
64 54 21
21 11 54
57 47 28
54 44 31
74 64 12
30 20 54
47 37 39
80 70 9
59 49 26
62 52 23
76 66 11
79 69 9
50 40 36
78 68 10
41 31 47
25 15 54
75 65 12
45 35 42
26 16 54
31 21 54
70 60 16
76 66 11
76 66 11
79 69 9
61 51 24
66 56 19
79 69 9
77 67 10
19 9 54
73 63 13
64 54 21
28 18 54
66 56 19
64 54 21
32 22 54
46 36 40
29 19 54
72 62 14
43 33 44
71 61 15
53 43 32
38 28 51
68 58 17
30 20 54
77 67 10
17 7 54
58 48 27
72 62 14
30 20 52
28 18 52
73 63 13
21 11 52
62 52 23
61 51 24
48 38 38
70 60 16
73 63 13
79 69 9
79 69 9
64 54 21
83 73 7
21 11 52
81 71 8
67 57 18
69 59 16
34 24 52
76 66 11
47 37 39
57 47 28
78 68 10
20 10 52
55 45 30
11 1 52
83 73 7
74 64 12
39 29 50
63 53 22
53 43 32
83 73 7
70 60 16
30 20 52
77 67 10
54 44 31
24 14 52
35 25 52
76 66 11
78 68 10
81 71 8
52 42 33
71 61 15
79 69 9
25 15 52
30 20 52
51 41 34
19 9 52
40 30 49
80 70 9
61 51 24
41 31 47
20 10 52
43 33 44
41 31 47
21 11 52
74 64 12
63 53 22
13 3 50
80 70 9
83 73 7
22 12 50
33 23 50
81 71 8
67 57 18
61 51 24
66 56 19
79 69 9
67 57 18
15 5 50
50 40 36
30 20 50
83 73 7
61 51 24
52 42 33
70 60 16
75 65 12
24 14 50
83 73 7
62 52 23
52 42 33
83 73 7
82 72 7
72 62 14
12 2 50
58 48 27
20 10 50
37 27 50
60 50 25
63 53 22
78 68 10
69 59 16
27 17 50
60 50 25
64 54 21
41 31 47
66 56 19
71 61 15
55 45 30
41 31 47
72 62 14
19 9 50
66 56 19
69 59 16
77 67 10
22 12 50
50 40 36
43 33 44
37 27 50
55 45 30
43 33 44
82 72 7
77 67 10
84 74 6
55 45 30
21 11 50
49 39 37
58 48 27
77 67 10
46 36 40
78 68 10
57 47 28
31 21 50
82 72 7
42 32 46
59 49 26
81 71 8
42 32 46
23 13 50
83 73 7
52 42 33
81 71 8
66 56 19
36 26 50
74 64 12
47 37 39
46 36 40
61 51 24
63 53 22
46 36 40
77 67 10
83 73 7
32 22 48
63 53 22
12 2 48
11 1 48
56 46 29
50 40 36
76 66 11
79 69 9
57 47 28
40 30 48
80 70 9
46 36 40
62 52 23
68 58 17
80 70 9
81 71 8
63 53 22
77 67 10
11 1 48
71 61 15
67 57 18
73 63 13
50 40 36
24 14 48
33 23 48
49 39 37
42 32 46
80 70 9
62 52 23
49 39 37
32 22 48
74 64 12
76 66 11
84 74 6
39 29 48
17 7 48
36 26 48
25 15 48
14 4 48
18 8 48
85 75 6
30 20 48
66 56 19
15 5 48
20 10 48
78 68 10
73 63 13
49 39 37
84 74 6
69 59 16
57 47 28
79 69 9
62 52 23
72 62 14
68 58 17
40 30 48
47 37 39
78 68 10
73 63 13
57 47 28
34 24 46
61 51 24
86 76 5
62 52 23
47 37 39
83 73 7
16 6 46
61 51 24
45 35 42
25 15 46
79 69 9
86 76 5
56 46 29
13 3 46
82 72 7
56 46 29
50 40 36
75 65 12
86 76 5
84 74 6
19 9 46
83 73 7
78 68 10
78 68 10
81 71 8
51 41 34
73 63 13
58 48 27
79 69 9
71 61 15
23 13 46
82 72 7
78 68 10
38 28 46
42 32 46
76 66 11
80 70 9
81 71 8
42 32 46
34 24 46
78 68 10
69 59 16
78 68 10
46 36 40
42 32 46
85 75 6
72 62 14
67 57 18
67 57 18
48 38 38
81 71 8
79 69 9
73 63 13
85 75 6
50 40 36
73 63 13
61 51 24
43 33 44
65 55 20
60 50 25
72 62 14
84 74 6
34 24 46
67 57 18
18 8 46
31 21 46
17 7 46
77 67 10
72 62 14
60 50 25
80 70 9
37 27 44
34 24 44
86 76 5
78 68 10
62 52 23
81 71 8
75 65 12
66 56 19
34 24 44
71 61 15
87 77 5
83 73 7
69 59 16
53 43 32
46 36 40
81 71 8
21 11 44
30 20 44
44 34 43
42 32 44
62 52 23
16 6 44
37 27 44
76 66 11
81 71 8
28 18 44
81 71 8
83 73 7
58 48 27
28 18 44
52 42 33
47 37 39
55 45 30
21 11 44
82 72 7
43 33 44
80 70 9
87 77 5
83 73 7
78 68 10
78 68 10
82 72 7
59 49 26
78 68 10
44 34 43
67 57 18
58 48 27
16 6 44
67 57 18
76 66 11
65 55 20
84 74 6
45 35 42
38 28 44
24 14 44
83 73 7
64 54 21
72 62 14
52 42 33
75 65 12
60 50 25
86 76 5
81 71 8
54 44 31
75 65 12
55 45 30
11 1 44
62 52 23
85 75 6
56 46 29
70 60 16
25 15 44
82 72 7
85 75 6
87 77 5
63 53 22
86 76 5
76 66 11
14 4 42
87 77 5
86 76 5
33 23 42
49 39 37
83 73 7
88 78 4
43 33 42
15 5 42
60 50 25
77 67 10
87 77 5
49 39 37
34 24 42
48 38 38
44 34 42
67 57 18
81 71 8
62 52 23
64 54 21
45 35 42
88 78 4
38 28 42
38 28 42
87 77 5
86 76 5
87 77 5
79 69 9
66 56 19
70 60 16
85 75 6
37 27 42
35 25 42
65 55 20
61 51 24
25 15 42
12 2 42
88 78 4
77 67 10
73 63 13
18 8 42
41 31 42
65 55 20
79 69 9
36 26 42
36 26 42
22 12 42
87 77 5
70 60 16
40 30 42
84 74 6
84 74 6
60 50 25
80 70 9
33 23 42
16 6 42
46 36 40
29 19 42
78 68 10
49 39 37
57 47 28
25 15 42
76 66 11
58 48 27
14 4 42
36 26 42
77 67 10
72 62 14
20 10 42
86 76 5
65 55 20
31 21 42
59 49 26
41 31 42
19 9 42
87 77 5
75 65 12
47 37 39
82 72 7
85 75 6
86 76 5
18 8 42
67 57 18
65 55 20
64 54 21
65 55 20
57 47 28
89 79 4
73 63 13
64 54 21
41 31 40
75 65 12
35 25 40
73 63 13
15 5 40
83 73 7
24 14 40
43 33 40
70 60 16
87 77 5
58 48 27
86 76 5
86 76 5
65 55 20
81 71 8
32 22 40
57 47 28
22 12 40
59 49 26
25 15 40
88 78 4
46 36 40
82 72 7
56 46 29
47 37 39
79 69 9
17 7 40
45 35 40
44 34 40
52 42 33
79 69 9
60 50 25
73 63 13
85 75 6
76 66 11
74 64 12
38 28 40
49 39 37
82 72 7
60 50 25
73 63 13
18 8 40
82 72 7
11 1 40
70 60 16
82 72 7
76 66 11
51 41 34
77 67 10
78 68 10
71 61 15
74 64 12
85 75 6
89 79 4
85 75 6
61 51 24
88 78 4
80 70 9
80 70 9
81 71 8
34 24 40
60 50 25
15 5 40
53 43 32
37 27 40
70 60 16
71 61 15
83 73 7
75 65 12
27 17 40
75 65 12
30 20 38
26 16 38
23 13 38
60 50 25
17 7 38
69 59 16
38 28 38
78 68 10
45 35 38
84 74 6
72 62 14
57 47 28
27 17 38
54 44 31
45 35 38
73 63 13
67 57 18
30 20 38
82 72 7
80 70 9
73 63 13
38 28 38
73 63 13
44 34 38
76 66 11
28 18 38
48 38 38
55 45 30
59 49 26
37 27 38
30 20 38
63 53 22
44 34 38
61 51 24
63 53 22
37 27 38
83 73 7
88 78 4
86 76 5
71 61 15
65 55 20
82 72 7
65 55 20
20 10 38
87 77 5
65 55 20
21 11 38
84 74 6
26 16 38
65 55 20
69 59 16
41 31 38
47 37 38
11 1 38
53 43 32
79 69 9
41 31 38
34 24 38
87 77 5
46 36 38
45 35 38
88 78 4
74 64 12
82 72 7
51 41 34
27 17 38
90 80 4
29 19 38
72 62 14
50 40 36
41 31 38
55 45 30
77 67 10
66 56 19
80 70 9
22 12 36
56 46 29
72 62 14
86 76 5
86 76 5
67 57 18
73 63 13
46 36 36
76 66 11
86 76 5
34 24 36
87 77 5
87 77 5
84 74 6
66 56 19
59 49 26
67 57 18
83 73 7
83 73 7
79 69 9
74 64 12
61 51 24
89 79 4
65 55 20
56 46 29
40 30 36
88 78 4
71 61 15
88 78 4
16 6 36
78 68 10
43 33 36
66 56 19
89 79 4
74 64 12
45 35 36
73 63 13
51 41 34
67 57 18
68 58 17
86 76 5
89 79 4
88 78 4
62 52 23
44 34 36
71 61 15
77 67 10
64 54 21
90 80 4
84 74 6
79 69 9
14 4 36
85 75 6
56 46 29
74 64 12
58 48 27
25 15 36
87 77 5
19 9 36
86 76 5
31 21 36
75 65 12
77 67 10
19 9 36
69 59 16
28 18 36
14 4 36
22 12 36
72 62 14
64 54 21
53 43 32
81 71 8
79 69 9
88 78 4
91 81 3
55 45 30
48 38 36
82 72 7
73 63 13
50 40 36
88 78 4
83 73 7
45 35 34
27 17 34
36 26 34
89 79 4
47 37 34
31 21 34
74 64 12
81 71 8
27 17 34
31 21 34
42 32 34
20 10 34
77 67 10
31 21 34
58 48 27
59 49 26
58 48 27
62 52 23
45 35 34
28 18 34
88 78 4
30 20 34
12 2 34
70 60 16
35 25 34
90 80 4
25 15 34
70 60 16
76 66 11
47 37 34
72 62 14
16 6 34
44 34 34
36 26 34
89 79 4
58 48 27
81 71 8
43 33 34
11 1 34
78 68 10
78 68 10
31 21 34
22 12 34
91 81 3
32 22 34
67 57 18
86 76 5
84 74 6
79 69 9
37 27 34
73 63 13
91 81 3
11 1 34
26 16 34
79 69 9
65 55 20
83 73 7
91 81 3
78 68 10
40 30 34
82 72 7
12 2 34
18 8 34
67 57 18
59 49 26
62 52 23
90 80 4
57 47 28
81 71 8
84 74 6
56 46 29
79 69 9
82 72 7
35 25 34
87 77 5
86 76 5
44 34 34
80 70 9
79 69 9
88 78 4
37 27 34
83 73 7
66 56 19
85 75 6
84 74 6
71 61 15
89 79 4
40 30 34
23 13 34
92 82 3
50 40 34
33 23 34
81 71 8
88 78 4
90 80 4
69 59 16
72 62 14
90 80 4
63 53 22
77 67 10
76 66 11
34 24 32
82 72 7
82 72 7
83 73 7
76 66 11
71 61 15
31 21 32
91 81 3
67 57 18
58 48 27
53 43 32
20 10 32
87 77 5
89 79 4
92 82 3
49 39 32
74 64 12
55 45 30
17 7 32
93 83 2
44 34 32
34 24 32
90 80 4
31 21 32
24 14 32
34 24 32
47 37 32
26 16 32
76 66 11
23 13 32
23 13 32
48 38 32
80 70 9
35 25 32
64 54 21
74 64 12
47 37 32
92 82 3
17 7 32
89 79 4
23 13 32
90 80 4
85 75 6
73 63 13
86 76 5
83 73 7
77 67 10
66 56 19
84 74 6
80 70 9
91 81 3
34 24 32
76 66 11
67 57 18
72 62 14
74 64 12
85 75 6
70 60 16
71 61 15
88 78 4
64 54 21
77 67 10
86 76 5
83 73 7
14 4 32
76 66 11
56 46 29
70 60 16
54 44 31
42 32 32
14 4 32
75 65 12
36 26 32
92 82 3
90 80 4
90 80 4
46 36 32
73 63 13
84 74 6
14 4 32
91 81 3
92 82 3
90 80 4
80 70 9
72 62 14
51 41 30
34 24 30
30 20 30
92 82 3
92 82 3
87 77 5
69 59 16
21 11 30
14 4 30
78 68 10
22 12 30
69 59 16
94 84 2
94 84 2
74 64 12
89 79 4
89 79 4
30 20 30
59 49 26
60 50 25
33 23 30
73 63 13
78 68 10
13 3 30
64 54 21
77 67 10
71 61 15
42 32 30
88 78 4
70 60 16
33 23 30
71 61 15
62 52 23
34 24 30
30 20 30
79 69 9
65 55 20
16 6 30
84 74 6
51 41 30
25 15 30
74 64 12
21 11 30
61 51 24
36 26 30
40 30 30
83 73 7
55 45 30
91 81 3
75 65 12
86 76 5
43 33 30
56 46 29
50 40 30
78 68 10
26 16 30
76 66 11
88 78 4
76 66 11
72 62 14
68 58 17
77 67 10
12 2 30
21 11 30
78 68 10
81 71 8
40 30 30
83 73 7
79 69 9
78 68 10
49 39 30
48 38 30
17 7 30
75 65 12
71 61 15
31 21 30
93 83 2
57 47 28
85 75 6
91 81 3
90 80 4
30 20 30
32 22 30
69 59 16
84 74 6
48 38 30
93 83 2
75 65 12
83 73 7
26 16 30
87 77 5
57 47 28
50 40 30
94 84 2
83 73 7
35 25 30
79 69 9
84 74 6
91 81 3
13 3 28
92 82 3
92 82 3
76 66 11
11 1 28
45 35 28
66 56 19
27 17 28
86 76 5
95 85 2
87 77 5
42 32 28
38 28 28
79 69 9
84 74 6
77 67 10
92 82 3
89 79 4
79 69 9
74 64 12
11 1 28
73 63 13
72 62 14
91 81 3
71 61 15
80 70 9
88 78 4
29 19 28
86 76 5
72 62 14
42 32 28
41 31 28
83 73 7
74 64 12
62 52 23
68 58 17
52 42 28
86 76 5
52 42 28
86 76 5
26 16 28
70 60 16
83 73 7
12 2 28
89 79 4
76 66 11
43 33 28
88 78 4
87 77 5
81 71 8
92 82 3
79 69 9
40 30 28
84 74 6
79 69 9
11 1 28
24 14 28
85 75 6
94 84 2
43 33 28
87 77 5
16 6 28
22 12 28
92 82 3
56 46 28
63 53 22
59 49 26
94 84 2
69 59 16
94 84 2
78 68 10
33 23 28
77 67 10
32 22 28
84 74 6
65 55 20
93 83 2
50 40 28
36 26 28
71 61 15
79 69 9
84 74 6
69 59 16
11 1 26
65 55 20
85 75 6
59 49 26
79 69 9
49 39 26
96 86 1
85 75 6
85 75 6
71 61 15
71 61 15
95 85 2
93 83 2
67 57 18
85 75 6
63 53 22
67 57 18
90 80 4
69 59 16
67 57 18
44 34 26
82 72 7
74 64 12
64 54 21
31 21 26
92 82 3
94 84 2
80 70 9
61 51 24
87 77 5
95 85 2
20 10 26
91 81 3
71 61 15
75 65 12
41 31 26
92 82 3
67 57 18
56 46 26
88 78 4
40 30 26
52 42 26
83 73 7
79 69 9
70 60 16
76 66 11
66 56 19
79 69 9
54 44 26
24 14 26
55 45 26
29 19 26
56 46 26
92 82 3
96 86 1
25 15 26
76 66 11
79 69 9
29 19 26
45 35 26
62 52 23
62 52 23
49 39 26
34 24 26
87 77 5
55 45 26
96 86 1
96 86 1
68 58 17
87 77 5
83 73 7
80 70 9
76 66 11
78 68 10
76 66 11
90 80 4
67 57 18
75 65 12
89 79 4
51 41 26
17 7 26
44 34 26
52 42 26
58 48 26
61 51 24
94 84 2
90 80 4
63 53 22
96 86 1
84 74 6
69 59 16
46 36 26
62 52 23
78 68 10
95 85 2
92 82 3
46 36 26
70 60 16
81 71 8
84 74 6
87 77 5
93 83 2
91 81 3
86 76 5
35 25 26
63 53 22
44 34 26
66 56 19
23 13 26
20 10 26
34 24 26
96 86 1
75 65 12
91 81 3
33 23 26
59 49 24
78 68 10
70 60 16
56 46 24
75 65 12
67 57 18
96 86 1
64 54 21
97 87 1
90 80 4
92 82 3
57 47 24
67 57 18
92 82 3
64 54 21
79 69 9
76 66 11
21 11 24
53 43 24
26 16 24
84 74 6
64 54 21
85 75 6
69 59 16
82 72 7
93 83 2
92 82 3
89 79 4
35 25 24
69 59 16
93 83 2
12 2 24
29 19 24
73 63 13
92 82 3
87 77 5
48 38 24
83 73 7
28 18 24
86 76 5
79 69 9
65 55 20
58 48 24
83 73 7
78 68 10
84 74 6
97 87 1
94 84 2
36 26 24
29 19 24
82 72 7
93 83 2
95 85 2
77 67 10
91 81 3
92 82 3
55 45 24
29 19 24
91 81 3
43 33 24
14 4 24
94 84 2
72 62 14
59 49 24
49 39 24
56 46 24
88 78 4
64 54 21
84 74 6
92 82 3
62 52 23
84 74 6
71 61 15
93 83 2
13 3 24
84 74 6
21 11 24
90 80 4
86 76 5
77 67 10
11 1 24
17 7 24
74 64 12
54 44 24
91 81 3
83 73 7
95 85 2
12 2 24
51 41 24
58 48 24
27 17 24
94 84 2
74 64 12
96 86 1
71 61 15
43 33 24
86 76 5
83 73 7
94 84 2
89 79 4
97 87 1
90 80 4
30 20 24
80 70 9
97 87 1
73 63 13
88 78 4
79 69 9
15 5 24
64 54 21
91 81 3
30 20 24
56 46 24
34 24 24
66 56 19
84 74 6
62 52 22
66 56 19
97 87 1
75 65 12
35 25 22
67 57 18
98 88 1
77 67 10
87 77 5
94 84 2
27 17 22
96 86 1
92 82 3
61 51 22
72 62 14
46 36 22
75 65 12
49 39 22
32 22 22
56 46 22
65 55 20
80 70 9
88 78 4
76 66 11
39 29 22
87 77 5
60 50 22
90 80 4
70 60 16
56 46 22
91 81 3
39 29 22
93 83 2
88 78 4
28 18 22
42 32 22
50 40 22
31 21 22
95 85 2
54 44 22
46 36 22
96 86 1
92 82 3
73 63 13
83 73 7
83 73 7
67 57 18
70 60 16
78 68 10
97 87 1
91 81 3
19 9 22
97 87 1
96 86 1
95 85 2
64 54 21
90 80 4
80 70 9
63 53 22
64 54 21
26 16 22
64 54 21
95 85 2
81 71 8
91 81 3
35 25 22
22 12 22
77 67 10
56 46 22
74 64 12
85 75 6
98 88 1
55 45 22
77 67 10
94 84 2
96 86 1
88 78 4
96 86 1
61 51 22
73 63 13
18 8 22
40 30 22
94 84 2
96 86 1
95 85 2
68 58 17
51 41 22
77 67 10
77 67 10
71 61 15
79 69 9
95 85 2
72 62 14
91 81 3
25 15 22
73 63 13
92 82 3
95 85 2
43 33 22
93 83 2
22 12 22
37 27 22
50 40 22
55 45 22
90 80 4
66 56 19
48 38 22
96 86 1
52 42 20
72 62 14
46 36 20
64 54 20
90 80 4
67 57 18
79 69 9
58 48 20
96 86 1
64 54 20
49 39 20
38 28 20
92 82 3
99 89 1
86 76 5
70 60 16
90 80 4
71 61 15
93 83 2
12 2 20
32 22 20
87 77 5
95 85 2
31 21 20
99 89 1
56 46 20
99 89 1
90 80 4
52 42 20
64 54 20
59 49 20
91 81 3
99 89 1
88 78 4
98 88 1
46 36 20
19 9 20
96 86 1
95 85 2
35 25 20
54 44 20
66 56 19
69 59 16
52 42 20
95 85 2
99 89 1
78 68 10
48 38 20
59 49 20
92 82 3
52 42 20
50 40 20
91 81 3
96 86 1
82 72 7
94 84 2
99 89 1
75 65 12
92 82 3
21 11 20
25 15 20
86 76 5
71 61 15
86 76 5
48 38 20
61 51 20
97 87 1
86 76 5
50 40 20
99 89 1
76 66 11
95 85 2
88 78 4
48 38 20
89 79 4
83 73 7
55 45 20
89 79 4
86 76 5
99 89 1
80 70 9
48 38 20
72 62 14
81 71 8
99 89 1
69 59 16
94 84 2
56 46 20
87 77 5
76 66 11
82 72 7
99 89 1
95 85 2
91 81 3
95 85 2
83 73 7
95 85 2
37 27 20
40 30 20
48 38 20
98 88 1
67 57 18
64 54 20
89 79 4
82 72 7
23 13 20
99 89 1
97 87 1
67 57 18
95 85 2
70 60 16
98 88 1
90 80 4
57 47 18
99 89 1
52 42 18
98 88 1
84 74 6
99 89 1
30 20 18
93 83 2
97 87 1
74 64 12
70 60 16
98 88 1
88 78 4
69 59 16
81 71 8
83 73 7
93 83 2
86 76 5
89 79 4
99 89 1
77 67 10
47 37 18
63 53 18
93 83 2
96 86 1
67 57 18
96 86 1
47 37 18
45 35 18
44 34 18
99 89 1
94 84 2
91 81 3
97 87 1
38 28 18
45 35 18
75 65 12
66 56 18
95 85 2
34 24 18
65 55 18
92 82 3
98 88 1
58 48 18
95 85 2
78 68 10
88 78 4
51 41 18
95 85 2
32 22 18
94 84 2
87 77 5
79 69 9
94 84 2
54 44 18
98 88 1
100 90 1
26 16 18
64 54 18
89 79 4
100 90 1
81 71 8
99 89 1
65 55 18
98 88 1
93 83 2
68 58 17
99 89 1
13 3 18
37 27 18
100 90 1
71 61 15
93 83 2
81 71 8
54 44 18
96 86 1
100 90 1
64 54 18
98 88 1
95 85 2
97 87 1
84 74 6
69 59 16
69 59 16
99 89 1
36 26 18
99 89 1
87 77 5
64 54 18
56 46 18
70 60 16
59 49 18
99 89 1
78 68 10
99 89 1
75 65 12
75 65 12
85 75 6
62 52 18
51 41 18
12 2 18
99 89 1
53 43 18
25 15 18
98 88 1
64 54 18
95 85 2
27 17 18
15 5 18
72 62 14
48 38 18
98 88 1
22 12 18
57 47 18
60 50 18
75 65 12
99 89 1
68 58 16
96 86 1
81 71 8
97 87 1
97 87 1
92 82 3
11 1 16
59 49 16
50 40 16
83 73 7
94 84 2
65 55 16
49 39 16
40 30 16
94 84 2
21 11 16
13 3 16
95 85 2
97 87 1
85 75 6
69 59 16
100 90 1
66 56 16
94 84 2
85 75 6
98 88 1
99 89 1
101 91 0
23 13 16
61 51 16
69 59 16
37 27 16
51 41 16
94 84 2
80 70 9
17 7 16
97 87 1
94 84 2
65 55 16
94 84 2
83 73 7
53 43 16
77 67 10
61 51 16
95 85 2
96 86 1
18 8 16
49 39 16
95 85 2
48 38 16
62 52 16
58 48 16
99 89 1
91 81 3
92 82 3
57 47 16
85 75 6
100 90 1
99 89 1
76 66 11
61 51 16
56 46 16
101 91 0
71 61 15
73 63 13
100 90 1
99 89 1
94 84 2
11 1 16
76 66 11
42 32 16
69 59 16
61 51 16
99 89 1
94 84 2
94 84 2
96 86 1
34 24 16
81 71 8
99 89 1
29 19 16
101 91 0
101 91 0
66 56 16
46 36 16
29 19 16
20 10 16
92 82 3
86 76 5
69 59 16
74 64 12
68 58 16
23 13 16
69 59 16
91 81 3
81 71 8
101 91 0
83 73 7
82 72 7
58 48 16
61 51 16
93 83 2
12 2 16
101 91 0
85 75 6
77 67 10
57 47 16
66 56 16
42 32 16
11 1 16
100 90 1
92 82 3
77 67 10
84 74 6
100 90 1
84 74 6
96 86 1
101 91 0
52 42 16
19 9 16
94 84 2
61 51 16
87 77 5
91 81 3
98 88 1
98 88 1
99 89 1
38 28 16
86 76 5
87 77 5
53 43 16
35 25 14
97 87 1
72 62 14
26 16 14
78 68 10
101 91 0
99 89 1
100 90 1
101 91 0
33 23 14
88 78 4
81 71 8
54 44 14
63 53 14
100 90 1
73 63 13
101 91 0
92 82 3
90 80 4
101 91 0
72 62 14
91 81 3
65 55 14
84 74 6
70 60 14
39 29 14
60 50 14
77 67 10
100 90 1
90 80 4
79 69 9
102 92 0
83 73 7
89 79 4
102 92 0
36 26 14
94 84 2
72 62 14
73 63 13
72 62 14
96 86 1
35 25 14
51 41 14
23 13 14
73 63 13
102 92 0
87 77 5
95 85 2
33 23 14
100 90 1
66 56 14
33 23 14
90 80 4
60 50 14
34 24 14
100 90 1
88 78 4
58 48 14
14 4 14
69 59 14
72 62 14
100 90 1
60 50 14
102 92 0
40 30 14
55 45 14
24 14 14
83 73 7
93 83 2
85 75 6
89 79 4
42 32 14
99 89 1
92 82 3
62 52 14
61 51 14
88 78 4
80 70 9
85 75 6
37 27 14
102 92 0
89 79 4
74 64 12
102 92 0
85 75 6
96 86 1
36 26 14
44 34 14
84 74 6
90 80 4
90 80 4
100 90 1
98 88 1
96 86 1
85 75 6
49 39 14
78 68 10
43 33 14
34 24 14
83 73 7
88 78 4
101 91 0
11 1 14
101 91 0
67 57 14
28 18 14
92 82 3
87 77 5
75 65 12
79 69 9
100 90 1
60 50 14
63 53 14
58 48 14
52 42 14
18 8 14
45 35 14
59 49 14
99 89 1
28 18 14
32 22 14
96 86 1
53 43 14
64 54 14
86 76 5
92 82 3
98 88 1
97 87 1
91 81 3
95 85 2
39 29 12
73 63 12
98 88 1
87 77 5
92 82 3
60 50 12
72 62 12
102 92 0
90 80 4
86 76 5
63 53 12
89 79 4
93 83 2
93 83 2
91 81 3
68 58 12
95 85 2
103 93 0
39 29 12
99 89 1
98 88 1
88 78 4
23 13 12
98 88 1
58 48 12
78 68 10
73 63 12
96 86 1
51 41 12
95 85 2
100 90 1
61 51 12
30 20 12
92 82 3
71 61 12
40 30 12
99 89 1
40 30 12
50 40 12
99 89 1
99 89 1
85 75 6
87 77 5
66 56 12
52 42 12
70 60 12
31 21 12
97 87 1
99 89 1
100 90 1
92 82 3
79 69 9
95 85 2
101 91 0
79 69 9
101 91 0
97 87 1
33 23 12
49 39 12
78 68 10
39 29 12
101 91 0
14 4 12
50 40 12
99 89 1
22 12 12
31 21 12
70 60 12
62 52 12
63 53 12
103 93 0
80 70 9
103 93 0
89 79 4
85 75 6
12 2 12
60 50 12
35 25 12
43 33 12
101 91 0
66 56 12
96 86 1
97 87 1
98 88 1
93 83 2
64 54 12
95 85 2
38 28 12
83 73 7
67 57 12
95 85 2
97 87 1
81 71 8
87 77 5
61 51 12
59 49 12
94 84 2
96 86 1
103 93 0
100 90 1
81 71 8
55 45 12
37 27 12
44 34 12
81 71 8
29 19 12
101 91 0
98 88 1
101 91 0
90 80 4
31 21 12
103 93 0
19 9 12
95 85 2
76 66 11
39 29 12
55 45 12
95 85 2
14 4 12
57 47 12
89 79 4
47 37 12
87 77 5
102 92 0
61 51 12
102 92 0
58 48 12
99 89 1
43 33 12
79 69 9
103 93 0
101 91 0
103 93 0
80 70 9
98 88 1
100 90 1
92 82 3
100 90 1
72 62 12
103 93 0
100 90 1
103 93 0
89 79 4
104 94 0
87 77 5
97 87 1
66 56 10
98 88 1
46 36 10
45 35 10
70 60 10
73 63 10
103 93 0
91 81 3
100 90 1
103 93 0
103 93 0
71 61 10
82 72 7
73 63 10
31 21 10
102 92 0
77 67 10
33 23 10
104 94 0
104 94 0
14 4 10
72 62 10
83 73 7
104 94 0
72 62 10
86 76 5
103 93 0
86 76 5
64 54 10
102 92 0
94 84 2
101 91 0
68 58 10
86 76 5
103 93 0
80 70 9
96 86 1
15 5 10
101 91 0
68 58 10
22 12 10
78 68 10
65 55 10
101 91 0
25 15 10
99 89 1
80 70 9
101 91 0
94 84 2
89 79 4
46 36 10
104 94 0
101 91 0
96 86 1
89 79 4
66 56 10
87 77 5
76 66 10
40 30 10
73 63 10
86 76 5
92 82 3
100 90 1
20 10 10
53 43 10
101 91 0
93 83 2
81 71 8
73 63 10
104 94 0
88 78 4
36 26 10
57 47 10
56 46 10
28 18 10
97 87 1
93 83 2
48 38 10
101 91 0
99 89 1
55 45 10
86 76 5
102 92 0
94 84 2
70 60 10
84 74 6
11 1 10
96 86 1
14 4 10
88 78 4
70 60 10
93 83 2
84 74 6
102 92 0
46 36 10
94 84 2
93 83 2
39 29 10
98 88 1
29 19 10
103 93 0
94 84 2
54 44 10
104 94 0
104 94 0
94 84 2
100 90 1
83 73 7
91 81 3
89 79 4
23 13 10
87 77 5
82 72 7
65 55 10
18 8 10
94 84 2
22 12 10
77 67 10
77 67 10
71 61 10
20 10 10
101 91 0
62 52 10
100 90 1
103 93 0
104 94 0
61 51 10
104 94 0
98 88 1
102 92 0
93 83 2
27 17 10
104 94 0
99 89 1
79 69 8
49 39 8
27 17 8
31 21 8
104 94 0
29 19 8
27 17 8
86 76 5
74 64 8
39 29 8
95 85 2
104 94 0
105 95 0
61 51 8
98 88 1
95 85 2
92 82 3
100 90 1
99 89 1
76 66 8
104 94 0
23 13 8
100 90 1
87 77 5
15 5 8
45 35 8
92 82 3
88 78 4
39 29 8
21 11 8
40 30 8
65 55 8
104 94 0
80 70 8
87 77 5
80 70 8
54 44 8
65 55 8
95 85 2
49 39 8
61 51 8
79 69 8
55 45 8
100 90 1
102 92 0
102 92 0
58 48 8
97 87 1
71 61 8
58 48 8
77 67 8
68 58 8
99 89 1
98 88 1
18 8 8
104 94 0
40 30 8
100 90 1
89 79 4
33 23 8
91 81 3
56 46 8
12 2 8
105 95 0
81 71 8
105 95 0
66 56 8
58 48 8
90 80 4
105 95 0
100 90 1
36 26 8
83 73 7
26 16 8
103 93 0
102 92 0
82 72 7
79 69 8
102 92 0
103 93 0
101 91 0
39 29 8
59 49 8
70 60 8
35 25 8
92 82 3
101 91 0
72 62 8
104 94 0
95 85 2
92 82 3
103 93 0
84 74 6
70 60 8
75 65 8
59 49 8
71 61 8
95 85 2
66 56 8
96 86 1
56 46 8
66 56 8
45 35 8
33 23 8
44 34 8
100 90 1
104 94 0
101 91 0
90 80 4
84 74 6
105 95 0
91 81 3
87 77 5
87 77 5
48 38 8
104 94 0
86 76 5
94 84 2
86 76 5
88 78 4
103 93 0
59 49 8
21 11 8
103 93 0
83 73 7
52 42 8
101 91 0
103 93 0
104 94 0
23 13 8
97 87 1
94 84 2
105 95 0
77 67 8
33 23 8
92 82 3
89 79 4
93 83 2
97 87 1
81 71 8
101 91 0
102 92 0
89 79 4
94 84 2
58 48 8
95 85 2
50 40 8
96 86 1
79 69 8
73 63 8
30 20 8
76 66 8
84 74 6
105 95 0
103 93 0
25 15 6
87 77 5
98 88 1
26 16 6
100 90 1
13 3 6
83 73 6
106 96 0
104 94 0
92 82 3
50 40 6
62 52 6
82 72 6
104 94 0
51 41 6
103 93 0
103 93 0
83 73 6
60 50 6
66 56 6
96 86 1
66 56 6
35 25 6
42 32 6
83 73 6
81 71 6
31 21 6
78 68 6
104 94 0
33 23 6
92 82 3
58 48 6
106 96 0
103 93 0
103 93 0
84 74 6
70 60 6
16 6 6
27 17 6
106 96 0
28 18 6
99 89 1
50 40 6
34 24 6
92 82 3
27 17 6
49 39 6
98 88 1
94 84 2
62 52 6
106 96 0
85 75 6
38 28 6
105 95 0
83 73 6
102 92 0
106 96 0
35 25 6
91 81 3
105 95 0
102 92 0
49 39 6
101 91 0
88 78 4
105 95 0
95 85 2
58 48 6
84 74 6
82 72 6
100 90 1
50 40 6
24 14 6
106 96 0
63 53 6
78 68 6
43 33 6
79 69 6
105 95 0
80 70 6
104 94 0
103 93 0
105 95 0
20 10 6
23 13 6
92 82 3
62 52 6
101 91 0
15 5 6
91 81 3
85 75 6
95 85 2
102 92 0
100 90 1
100 90 1
102 92 0
102 92 0
96 86 1
21 11 6
101 91 0
81 71 6
92 82 3
102 92 0
84 74 6
100 90 1
102 92 0
93 83 2
56 46 6
97 87 1
86 76 5
53 43 6
87 77 5
105 95 0
58 48 6
96 86 1
61 51 6
106 96 0
106 96 0
95 85 2
93 83 2
82 72 6
73 63 6
105 95 0
68 58 6
106 96 0
97 87 1
102 92 0
98 88 1
102 92 0
104 94 0
106 96 0
44 34 6
102 92 0
37 27 6
106 96 0
81 71 6
71 61 6
68 58 6
76 66 6
105 95 0
93 83 2
101 91 0
80 70 6
78 68 6
62 52 6
105 95 0
106 96 0
106 96 0
65 55 6
41 31 6
96 86 1
106 96 0
90 80 4
98 88 1
105 95 0
58 48 6
91 81 3
76 66 6
99 89 1
11 1 6
107 97 0
85 75 4
45 35 4
70 60 4
85 75 4
106 96 0
107 97 0
97 87 1
56 46 4
103 93 0
38 28 4
104 94 0
97 87 1
17 7 4
93 83 2
33 23 4
98 88 1
105 95 0
84 74 4
105 95 0
102 92 0
100 90 1
107 97 0
99 89 1
96 86 1
83 73 4
98 88 1
84 74 4
46 36 4
101 91 0
105 95 0
81 71 4
26 16 4
99 89 1
83 73 4
94 84 2
38 28 4
107 97 0
92 82 3
69 59 4
80 70 4
16 6 4
85 75 4
99 89 1
73 63 4
31 21 4
98 88 1
106 96 0
48 38 4
78 68 4
56 46 4
80 70 4
73 63 4
86 76 4
107 97 0
13 3 4
94 84 2
103 93 0
103 93 0
107 97 0
34 24 4
29 19 4
107 97 0
97 87 1
107 97 0
106 96 0
65 55 4
101 91 0
95 85 2
52 42 4
48 38 4
94 84 2
105 95 0
106 96 0
107 97 0
44 34 4
12 2 4
104 94 0
32 22 4
21 11 4
39 29 4
46 36 4
81 71 4
81 71 4
104 94 0
93 83 2
59 49 4
38 28 4
107 97 0
104 94 0
68 58 4
105 95 0
35 25 4
79 69 4
100 90 1
35 25 4
58 48 4
86 76 4
77 67 4
81 71 4
31 21 4
24 14 4
35 25 4
97 87 1
25 15 4
90 80 4
101 91 0
91 81 3
81 71 4
85 75 4
12 2 4
104 94 0
106 96 0
106 96 0
103 93 0
92 82 3
92 82 3
81 71 4
102 92 0
103 93 0
56 46 4
34 24 4
97 87 1
18 8 4
106 96 0
86 76 4
100 90 1
75 65 4
14 4 4
93 83 2
102 92 0
69 59 4
101 91 0
74 64 4
102 92 0
65 55 4
53 43 4
77 67 4
106 96 0
102 92 0
63 53 4
93 83 2
24 14 4
99 89 1
99 89 1
104 94 0
57 47 4
72 62 4
50 40 4
86 76 4
103 93 0
99 89 1
67 57 4
98 88 1
68 58 4
30 20 4
106 96 0
100 90 1
95 85 2
88 78 4
106 96 0
102 92 0
106 96 0
49 39 4
106 96 0
102 92 0
95 85 2
71 61 4
106 96 0
102 92 0
95 85 2
104 94 0
36 26 4
78 68 4
97 87 1
108 98 0
94 84 2
108 98 0
92 82 2
26 16 2
37 27 2
91 81 2
108 98 0
104 94 0
74 64 2
106 96 0
80 70 2
58 48 2
32 22 2
108 98 0
108 98 0
84 74 2
92 82 2
20 10 2
93 83 2
47 37 2
104 94 0
48 38 2
105 95 0
103 93 0
108 98 0
53 43 2
108 98 0
104 94 0
107 97 0
101 91 0
104 94 0
55 45 2
74 64 2
108 98 0
107 97 0
79 69 2
108 98 0
103 93 0
100 90 1
39 29 2
108 98 0
107 97 0
104 94 0
57 47 2
95 85 2
89 79 2
21 11 2
24 14 2
84 74 2
78 68 2
105 95 0
23 13 2
64 54 2
52 42 2
75 65 2
91 81 2
102 92 0
20 10 2
89 79 2
69 59 2
34 24 2
106 96 0
105 95 0
107 97 0
106 96 0
35 25 2
52 42 2
74 64 2
68 58 2
20 10 2
87 77 2
51 41 2
90 80 2
59 49 2
35 25 2
100 90 1
58 48 2
108 98 0
106 96 0
108 98 0
107 97 0
102 92 0
103 93 0
108 98 0
12 2 2
102 92 0
84 74 2
99 89 1
91 81 2
42 32 2
108 98 0
105 95 0
58 48 2
108 98 0
99 89 1
27 17 2
108 98 0
91 81 2
108 98 0
102 92 0
31 21 2
101 91 0
82 72 2
108 98 0
97 87 1
105 95 0
74 64 2
87 77 2
106 96 0
103 93 0
100 90 1
103 93 0
107 97 0
86 76 2
95 85 2
104 94 0
76 66 2
95 85 2
101 91 0
102 92 0
87 77 2
86 76 2
101 91 0
106 96 0
33 23 2
80 70 2
102 92 0
108 98 0
106 96 0
106 96 0
79 69 2
100 90 1
108 98 0
103 93 0
100 90 1
35 25 2
96 86 1
105 95 0
108 98 0
97 87 1
105 95 0
106 96 0
104 94 0
57 47 2
105 95 0
108 98 0
105 95 0
104 94 0
71 61 2
107 97 0
83 73 2
88 78 2
12 2 2
13 3 2
36 26 2
52 42 2
11 1 2
64 54 2
98 88 1
93 83 2
63 53 2
72 62 2
87 77 2
107 97 0
96 86 1
99 89 1
101 91 0
66 56 2
64 54 2
99 89 1
80 70 2
31 21 2
108 98 0
103 93 0
23 13 2
91 81 2
62 52 2
108 98 0
106 96 0
102 92 0
108 98 0
86 76 2
25 15 2
109 99 0
98 88 0
101 91 0
39 29 0
94 84 0
89 79 0
102 92 0
105 95 0
38 28 0
31 21 0
110 100 0
106 96 0
45 35 0
110 100 0
107 97 0
101 91 0
102 92 0
18 8 0
110 100 0
101 91 0
110 100 0
85 75 0
110 100 0
96 86 0
107 97 0
107 97 0
105 95 0
110 100 0
109 99 0
76 66 0
109 99 0
110 100 0
109 99 0
105 95 0
109 99 0
109 99 0
47 37 0
98 88 0
109 99 0
66 56 0
108 98 0
109 99 0
108 98 0
110 100 0
101 91 0
103 93 0
107 97 0
109 99 0
95 85 0
107 97 0
104 94 0
94 84 0
97 87 0
81 71 0
99 89 0
110 100 0
96 86 0
109 99 0
110 100 0
108 98 0
110 100 0
109 99 0
109 99 0
108 98 0
108 98 0
109 99 0
109 99 0
35 25 0
89 79 0
110 100 0
73 63 0
94 84 0
42 32 0
61 51 0
101 91 0
77 67 0
109 99 0
50 40 0
30 20 0
46 36 0
109 99 0
110 100 0
109 99 0
92 82 0
74 64 0
95 85 0
110 100 0
108 98 0
109 99 0
64 54 0
110 100 0
109 99 0
102 92 0
105 95 0
109 99 0
110 100 0
107 97 0
110 100 0
76 66 0
90 80 0
110 100 0
108 98 0
65 55 0
109 99 0
90 80 0
11 1 0
96 86 0
108 98 0
69 59 0
106 96 0
100 90 0
109 99 0
101 91 0
110 100 0
108 98 0
110 100 0
109 99 0
108 98 0
52 42 0
107 97 0
32 22 0
109 99 0
109 99 0
108 98 0
100 90 0
108 98 0
104 94 0
80 70 0
99 89 0
97 87 0
110 100 0
99 89 0
89 79 0
63 53 0
109 99 0
100 90 0
23 13 0
88 78 0
105 95 0
109 99 0
43 33 0
108 98 0
109 99 0
95 85 0
105 95 0
103 93 0
55 45 0
109 99 0
102 92 0
104 94 0
106 96 0
109 99 0
60 50 0
108 98 0
109 99 0
109 99 0
32 22 0
57 47 0
109 99 0
96 86 0
13 3 0
109 99 0
109 99 0
16 6 0
110 100 0
101 91 0
110 100 0
43 33 0
87 77 0
109 99 0
109 99 0
105 95 0
105 95 0
109 99 0
100 90 0
109 99 0
96 86 0
108 98 0
20 10 0
104 94 0
43 33 0
110 100 0
110 100 0
110 100 0
94 84 0
98 88 0
110 100 0
24 14 0
109 99 0
98 88 0
110 100 0
53 43 0
109 99 0
110 100 0
11 1 0
71 61 0
109 99 0
44 34 0
110 100 0
95 85 0
103 93 0
87 77 0
83 73 0
73 63 0
109 99 0
46 36 0
107 97 0
109 99 0
89 79 0
94 84 0
26 16 0
58 48 0
106 96 0
103 93 0
110 100 0
105 95 0
110 100 0
110 100 0
110 100 0
21 11 0
110 100 0
54 44 0
110 100 0
104 94 0
107 97 0
75 65 0
107 97 0
90 80 0
95 85 0
102 92 0
88 78 0
88 78 0
91 81 0
86 76 0
108 98 0
91 81 0
102 92 0
75 65 0
81 71 0
79 69 0
11 1 0
109 99 0
108 98 0
109 99 0
92 82 0
105 95 0
110 100 0
109 99 0
109 99 0
56 46 0
110 100 0
110 100 0
109 99 0
91 81 0
44 34 0
110 100 0
105 95 0
92 82 0
20 10 0
53 43 0
108 98 0
109 99 0
39 29 0
109 99 0
109 99 0
100 90 0
108 98 0
109 99 0
78 68 0
70 60 0
94 84 0
110 100 0
83 73 0
109 99 0
109 99 0
106 96 0
109 99 0
110 100 0
42 32 0
55 45 0
109 99 0
109 99 0
110 100 0
65 55 0
110 100 0
102 92 0
107 97 0
34 24 0
91 81 0
59 49 0
109 99 0
109 99 0
102 92 0
