5000 5000 4.3589
517 17 9952
537 37 9630
602 102 9626
608 108 9596
713 213 9572
604 104 9570
670 170 9546
611 111 9510
593 93 9498
784 284 9352
695 195 9338
819 319 9270
684 184 9270
538 38 9246
648 148 9200
531 31 9180
761 261 9172
511 11 9148
658 158 9090
716 216 9088
668 168 9084
532 32 9082
710 210 9062
858 358 9058
850 350 9012
909 409 9004
786 286 8988
551 51 8938
1009 509 8904
663 163 8892
664 164 8870
699 199 8822
891 391 8818
877 377 8788
1011 511 8768
1013 513 8750
728 228 8744
594 94 8732
525 25 8714
676 176 8680
1096 596 8680
909 409 8680
557 57 8648
1097 597 8618
671 171 8610
916 416 8574
818 318 8554
673 173 8540
1008 508 8532
944 444 8526
1104 604 8518
897 397 8510
566 66 8502
520 20 8494
859 359 8480
784 284 8478
1026 526 8476
1180 680 8474
1186 686 8466
584 84 8464
1119 619 8460
759 259 8448
691 191 8432
1148 648 8416
1200 700 8414
609 109 8408
745 245 8400
884 384 8382
660 160 8382
1196 696 8378
669 169 8376
975 475 8356
567 67 8350
884 384 8306
1266 766 8290
803 303 8278
1216 716 8272
562 62 8254
1317 817 8250
1158 658 8244
1185 685 8234
1104 604 8224
1218 718 8224
630 130 8220
732 232 8212
1308 808 8200
789 289 8160
1176 676 8158
579 79 8144
1107 607 8144
595 95 8136
647 147 8120
1183 683 8112
1355 855 8100
1265 765 8082
1309 809 8070
1312 812 8062
913 413 8060
1052 552 8060
1219 719 8056
1177 677 8032
805 305 8020
1346 846 7996
974 474 7976
574 74 7962
680 180 7956
826 326 7932
1235 735 7924
1239 739 7922
558 58 7910
1377 877 7902
810 310 7884
1516 1016 7876
1079 579 7866
1441 941 7856
1535 1035 7842
690 190 7840
777 277 7820
938 438 7808
630 130 7804
1065 565 7798
561 61 7792
773 273 7780
665 165 7774
956 456 7768
1428 928 7760
1341 841 7756
572 72 7756
1394 894 7754
1078 578 7732
816 316 7724
910 410 7724
1529 1029 7718
1219 719 7716
1501 1001 7716
771 271 7712
1185 685 7702
715 215 7686
1472 972 7680
1386 886 7658
910 410 7656
1110 610 7636
923 423 7616
1465 965 7606
1381 881 7594
1331 831 7582
507 7 7562
856 356 7554
1282 782 7538
508 8 7530
1718 1218 7530
572 72 7528
1603 1103 7526
750 250 7516
849 349 7516
1089 589 7508
1109 609 7506
678 178 7506
1096 596 7502
630 130 7494
1302 802 7490
1119 619 7486
1350 850 7472
624 124 7464
1500 1000 7452
689 189 7450
982 482 7448
669 169 7444
1216 716 7444
942 442 7434
1441 941 7428
955 455 7426
1470 970 7418
880 380 7416
1746 1246 7414
1743 1243 7414
941 441 7410
1386 886 7402
1705 1205 7396
1081 581 7396
1377 877 7396
1668 1168 7392
1225 725 7390
1787 1287 7386
735 235 7386
707 207 7384
1470 970 7382
1804 1304 7376
1445 945 7374
1511 1011 7366
648 148 7366
593 93 7352
1611 1111 7348
727 227 7340
1027 527 7336
1471 971 7332
823 323 7326
695 195 7326
1798 1298 7322
1779 1279 7312
1726 1226 7310
1780 1280 7300
727 227 7300
1395 895 7290
559 59 7286
1751 1251 7284
1057 557 7280
829 329 7278
1826 1326 7264
991 491 7262
1851 1351 7256
1000 500 7250
1123 623 7250
1290 790 7250
1752 1252 7244
764 264 7242
832 332 7238
742 242 7236
1848 1348 7234
979 479 7234
776 276 7228
782 282 7226
1199 699 7224
1051 551 7222
1885 1385 7220
1404 904 7218
1074 574 7218
1176 676 7216
790 290 7210
1119 619 7204
990 490 7200
672 172 7192
1845 1345 7184
1591 1091 7178
1223 723 7168
871 371 7166
598 98 7166
1592 1092 7158
695 195 7156
1651 1151 7152
533 33 7152
1328 828 7150
764 264 7148
1910 1410 7146
1681 1181 7140
1349 849 7138
1884 1384 7132
628 128 7124
1891 1391 7120
1665 1165 7118
607 107 7116
1540 1040 7116
1253 753 7116
585 85 7112
1397 897 7090
1173 673 7090
1693 1193 7088
1241 741 7088
1664 1164 7084
1252 752 7076
1565 1065 7060
740 240 7044
1369 869 7030
683 183 7026
1022 522 7024
729 229 7022
1286 786 7012
1643 1143 7012
810 310 7000
1436 936 6996
1183 683 6992
1318 818 6990
1141 641 6980
1408 908 6970
1615 1115 6962
1297 797 6954
1729 1229 6934
1315 815 6934
1662 1162 6928
590 90 6914
1443 943 6910
1950 1450 6900
1804 1304 6892
1324 824 6888
1673 1173 6880
1632 1132 6874
1137 637 6870
1245 745 6860
606 106 6858
1386 886 6856
2060 1560 6854
1750 1250 6852
1258 758 6846
548 48 6838
1324 824 6836
1443 943 6834
885 385 6832
1960 1460 6826
1190 690 6816
769 269 6810
1694 1194 6810
928 428 6808
1796 1296 6800
1140 640 6788
1787 1287 6784
933 433 6782
1539 1039 6778
1926 1426 6772
1084 584 6772
1933 1433 6740
1577 1077 6734
1848 1348 6728
1873 1373 6726
1489 989 6726
1433 933 6724
1714 1214 6724
1003 503 6720
2025 1525 6718
864 364 6714
1255 755 6702
870 370 6698
1126 626 6690
1676 1176 6686
2010 1510 6682
1798 1298 6680
1655 1155 6666
2071 1571 6664
893 393 6654
1969 1469 6650
2057 1557 6644
2112 1612 6644
1199 699 6636
1894 1394 6634
2063 1563 6632
1451 951 6626
787 287 6624
1299 799 6624
618 118 6620
1265 765 6620
1198 698 6616
921 421 6612
2115 1615 6612
1988 1488 6612
639 139 6602
1669 1169 6600
1379 879 6600
1565 1065 6598
1236 736 6596
980 480 6582
1729 1229 6582
514 14 6574
1419 919 6564
2106 1606 6564
1335 835 6554
1150 650 6554
867 367 6550
1547 1047 6550
1223 723 6548
2089 1589 6534
1926 1426 6532
1446 946 6530
1898 1398 6528
2206 1706 6526
2171 1671 6520
2094 1594 6512
2248 1748 6502
1123 623 6498
1423 923 6496
964 464 6494
825 325 6492
878 378 6488
1180 680 6486
1564 1064 6478
1432 932 6472
1624 1124 6468
1465 965 6464
878 378 6462
2094 1594 6458
2154 1654 6456
1580 1080 6454
1567 1067 6450
2182 1682 6446
1886 1386 6446
910 410 6434
1772 1272 6432
1704 1204 6430
1944 1444 6416
719 219 6412
1311 811 6410
1096 596 6408
522 22 6408
2208 1708 6408
712 212 6404
1081 581 6400
1532 1032 6388
2010 1510 6380
2005 1505 6372
2139 1639 6368
884 384 6368
2038 1538 6358
988 488 6350
1498 998 6346
1301 801 6344
1464 964 6332
1388 888 6324
1733 1233 6320
992 492 6318
1900 1400 6314
1980 1480 6296
2172 1672 6292
2016 1516 6286
1850 1350 6274
2167 1667 6272
747 247 6264
1552 1052 6260
1227 727 6260
2081 1581 6254
1332 832 6250
1538 1038 6248
2050 1550 6238
1652 1152 6236
1576 1076 6230
1089 589 6224
1089 589 6212
1817 1317 6210
2011 1511 6208
1831 1331 6206
2016 1516 6202
1496 996 6200
570 70 6192
2231 1731 6192
834 334 6190
502 2 6180
2185 1685 6176
1930 1430 6176
1228 728 6174
1126 626 6174
2014 1514 6172
2258 1758 6170
941 441 6162
2176 1676 6158
1736 1236 6156
1557 1057 6152
978 478 6152
1109 609 6146
1783 1283 6144
1325 825 6142
1409 909 6142
1966 1466 6140
1550 1050 6132
2343 1843 6132
1770 1270 6124
701 201 6124
581 81 6120
966 466 6118
1512 1012 6112
1055 555 6104
1788 1288 6092
1904 1404 6090
1281 781 6088
936 436 6082
2063 1563 6080
2075 1575 6078
1833 1333 6066
1309 809 6064
905 405 6064
1444 944 6064
1612 1112 6056
1083 583 6052
2006 1506 6044
1916 1416 6042
1063 563 6034
1540 1040 6030
815 315 6026
2432 1932 6014
1018 518 6012
1659 1159 6010
2364 1864 6010
1916 1416 6008
1018 518 6008
1434 934 6006
1927 1427 6004
2007 1507 5998
562 62 5990
2412 1912 5982
648 148 5982
2308 1808 5980
2156 1656 5976
2083 1583 5974
1291 791 5970
618 118 5966
1274 774 5964
1719 1219 5962
2502 2002 5960
1110 610 5956
2511 2011 5952
1705 1205 5950
640 140 5942
677 177 5938
2145 1645 5934
1442 942 5932
1751 1251 5918
1435 935 5916
719 219 5900
2165 1665 5896
853 353 5892
728 228 5886
2164 1664 5884
1133 633 5880
1633 1133 5878
2220 1720 5878
1979 1479 5874
1551 1051 5870
1067 567 5870
2414 1914 5866
683 183 5866
1476 976 5862
828 328 5860
1934 1434 5856
2538 2038 5850
1342 842 5846
1301 801 5838
2114 1614 5836
517 17 5828
2233 1733 5818
883 383 5812
885 385 5812
2192 1692 5804
965 465 5804
2015 1515 5796
1138 638 5796
2338 1838 5794
1559 1059 5790
901 401 5788
1752 1252 5786
1360 860 5784
1757 1257 5784
1928 1428 5782
868 368 5780
1807 1307 5780
2197 1697 5776
903 403 5776
1221 721 5774
1189 689 5766
986 486 5764
1194 694 5754
595 95 5752
1627 1127 5748
1553 1053 5746
2466 1966 5746
737 237 5742
1208 708 5740
1340 840 5738
1520 1020 5730
1614 1114 5730
2052 1552 5726
1802 1302 5722
1477 977 5720
2469 1969 5716
1494 994 5704
2600 2100 5700
926 426 5696
598 98 5694
2529 2029 5692
2392 1892 5690
2197 1697 5690
2120 1620 5680
1049 549 5674
1033 533 5670
2035 1535 5662
2575 2075 5660
1261 761 5654
2454 1954 5654
721 221 5652
1961 1461 5644
696 196 5642
1322 822 5640
2654 2154 5636
1410 910 5630
2226 1726 5626
1796 1296 5626
2346 1846 5626
2585 2085 5624
1469 969 5622
1337 837 5620
1492 992 5620
1706 1206 5620
2432 1932 5620
2350 1850 5616
1050 550 5612
2667 2167 5604
1112 612 5602
1263 763 5596
2202 1702 5586
2176 1676 5580
1652 1152 5574
1142 642 5572
1627 1127 5572
2494 1994 5568
2688 2188 5568
2031 1531 5568
2339 1839 5566
2084 1584 5564
2149 1649 5562
2222 1722 5560
1978 1478 5556
834 334 5552
888 388 5548
2498 1998 5542
1062 562 5540
2472 1972 5540
876 376 5540
848 348 5540
2450 1950 5538
1153 653 5538
2146 1646 5534
1102 602 5534
1057 557 5532
2263 1763 5532
1725 1225 5526
2260 1760 5524
2507 2007 5522
1052 552 5520
1742 1242 5518
2575 2075 5518
2276 1776 5512
1705 1205 5510
1999 1499 5506
1943 1443 5498
1907 1407 5490
1044 544 5488
2146 1646 5488
621 121 5488
1855 1355 5486
1580 1080 5486
1358 858 5486
2257 1757 5486
2469 1969 5484
2410 1910 5476
508 8 5474
2203 1703 5464
1359 859 5458
1767 1267 5456
1996 1496 5454
1925 1425 5452
889 389 5452
2113 1613 5448
2221 1721 5444
1751 1251 5444
941 441 5440
2054 1554 5438
1624 1124 5430
2571 2071 5430
2218 1718 5422
882 382 5420
2188 1688 5420
2248 1748 5416
1544 1044 5412
2453 1953 5406
1507 1007 5406
1807 1307 5404
2037 1537 5400
1897 1397 5400
2491 1991 5398
856 356 5390
2179 1679 5390
2067 1567 5384
2243 1743 5382
1822 1322 5380
1428 928 5372
2090 1590 5368
1917 1417 5366
1749 1249 5362
2041 1541 5362
2061 1561 5362
1159 659 5360
2595 2095 5354
2303 1803 5354
2305 1805 5352
2518 2018 5348
2545 2045 5346
2637 2137 5342
2360 1860 5334
1209 709 5332
2216 1716 5322
2367 1867 5322
2704 2204 5322
2612 2112 5318
2455 1955 5318
1265 765 5316
1946 1446 5312
592 92 5300
1314 814 5296
2441 1941 5294
2315 1815 5286
1355 855 5284
1837 1337 5280
2663 2163 5270
2842 2342 5270
971 471 5262
2676 2176 5260
619 119 5260
2140 1640 5258
2643 2143 5254
2252 1752 5254
2803 2303 5254
2870 2370 5248
1486 986 5246
2374 1874 5246
2675 2175 5242
2850 2350 5238
1563 1063 5236
1254 754 5228
1625 1125 5216
798 298 5214
2565 2065 5214
943 443 5212
2082 1582 5210
1855 1355 5206
2755 2255 5192
1096 596 5192
632 132 5190
1142 642 5186
2741 2241 5186
721 221 5180
2694 2194 5178
2675 2175 5176
1958 1458 5172
1063 563 5170
758 258 5168
588 88 5168
2244 1744 5166
853 353 5164
2335 1835 5164
1469 969 5162
1274 774 5160
1184 684 5156
1724 1224 5152
2502 2002 5144
721 221 5142
2909 2409 5136
562 62 5134
788 288 5134
971 471 5132
2371 1871 5128
1869 1369 5128
1750 1250 5126
2204 1704 5118
1131 631 5118
1114 614 5116
1745 1245 5110
525 25 5108
2653 2153 5106
2280 1780 5106
2839 2339 5104
2767 2267 5102
983 483 5100
1802 1302 5096
2008 1508 5092
2870 2370 5090
2926 2426 5090
515 15 5084
2659 2159 5082
1487 987 5078
1964 1464 5070
833 333 5064
2740 2240 5060
1399 899 5058
2091 1591 5054
2091 1591 5054
2722 2222 5044
1674 1174 5044
911 411 5042
1942 1442 5040
996 496 5036
1320 820 5030
2124 1624 5030
2023 1523 5026
817 317 5024
2940 2440 5022
2872 2372 5022
660 160 5016
2881 2381 5014
532 32 5012
2918 2418 5008
2970 2470 5006
655 155 5002
2727 2227 4998
1920 1420 4996
2776 2276 4996
2735 2235 4992
2344 1844 4986
961 461 4984
668 168 4982
1940 1440 4972
1205 705 4966
2549 2049 4964
1208 708 4962
732 232 4958
883 383 4952
2207 1707 4950
2098 1598 4950
1159 659 4944
2910 2410 4944
1826 1326 4944
1128 628 4942
1594 1094 4938
634 134 4936
2729 2229 4936
1676 1176 4934
1496 996 4932
2397 1897 4932
916 416 4926
2141 1641 4924
2006 1506 4924
2706 2206 4922
1629 1129 4916
1764 1264 4910
1472 972 4908
1636 1136 4908
1406 906 4904
1684 1184 4902
2864 2364 4902
2617 2117 4902
2172 1672 4898
2972 2472 4898
1948 1448 4896
576 76 4888
2114 1614 4888
2888 2388 4888
2028 1528 4886
1479 979 4880
1356 856 4870
1888 1388 4862
1538 1038 4862
2730 2230 4858
1718 1218 4856
1703 1203 4854
2541 2041 4854
2609 2109 4852
1851 1351 4852
1043 543 4848
2927 2427 4846
3048 2548 4836
2610 2110 4836
2375 1875 4834
1861 1361 4834
974 474 4830
790 290 4830
2011 1511 4830
2065 1565 4824
1031 531 4822
2937 2437 4822
2805 2305 4816
2881 2381 4812
2349 1849 4808
530 30 4806
2971 2471 4806
2460 1960 4804
2509 2009 4804
774 274 4800
803 303 4794
2782 2282 4792
2848 2348 4788
1139 639 4788
1668 1168 4774
2872 2372 4772
3013 2513 4772
2138 1638 4772
1581 1081 4770
704 204 4770
2964 2464 4768
670 170 4766
926 426 4766
729 229 4760
543 43 4760
654 154 4754
3045 2545 4748
2246 1746 4746
2850 2350 4744
2457 1957 4738
1485 985 4738
2270 1770 4734
2864 2364 4732
1914 1414 4732
619 119 4730
1046 546 4726
1641 1141 4722
2229 1729 4720
2628 2128 4720
2294 1794 4720
3115 2615 4720
1642 1142 4714
2184 1684 4706
2314 1814 4706
1475 975 4706
2565 2065 4704
1161 661 4702
2131 1631 4700
2934 2434 4700
2132 1632 4700
1622 1122 4698
3073 2573 4698
2226 1726 4694
2404 1904 4694
1183 683 4694
2580 2080 4692
2715 2215 4686
2859 2359 4682
1931 1431 4680
2876 2376 4678
1570 1070 4676
866 366 4674
1054 554 4672
2520 2020 4672
2468 1968 4668
2443 1943 4662
2380 1880 4662
1415 915 4660
2181 1681 4654
2158 1658 4654
3056 2556 4652
2400 1900 4650
3164 2664 4648
2842 2342 4648
2485 1985 4646
1359 859 4640
1687 1187 4640
1969 1469 4636
2059 1559 4634
2659 2159 4630
1728 1228 4628
3143 2643 4626
932 432 4624
1917 1417 4614
2685 2185 4614
1904 1404 4612
502 2 4610
2705 2205 4608
2926 2426 4606
3002 2502 4604
3020 2520 4604
2150 1650 4602
2800 2300 4602
2360 1860 4598
2393 1893 4596
3029 2529 4596
3020 2520 4594
2654 2154 4592
2534 2034 4590
999 499 4578
3134 2634 4578
1278 778 4572
2902 2402 4572
926 426 4568
1092 592 4566
2300 1800 4566
701 201 4564
2931 2431 4552
2156 1656 4552
2674 2174 4550
2053 1553 4548
2097 1597 4546
2087 1587 4542
1432 932 4542
1730 1230 4540
2388 1888 4532
2465 1965 4532
749 249 4530
3041 2541 4518
1741 1241 4504
2238 1738 4502
1099 599 4502
1411 911 4492
3061 2561 4488
2147 1647 4488
1575 1075 4486
1625 1125 4484
2505 2005 4480
3045 2545 4478
3222 2722 4478
1383 883 4476
2250 1750 4474
2743 2243 4468
1262 762 4468
2405 1905 4466
2407 1907 4462
643 143 4460
943 443 4460
2110 1610 4460
1000 500 4458
1200 700 4458
623 123 4454
2712 2212 4450
2797 2297 4450
886 386 4444
2393 1893 4440
1423 923 4440
997 497 4440
2287 1787 4438
2910 2410 4436
2871 2371 4434
2034 1534 4426
1392 892 4426
3022 2522 4424
2292 1792 4424
1323 823 4422
1769 1269 4418
2181 1681 4418
2073 1573 4416
1493 993 4416
716 216 4416
1466 966 4416
932 432 4416
2790 2290 4412
1615 1115 4412
3284 2784 4412
1429 929 4406
2957 2457 4400
3261 2761 4396
2912 2412 4396
3262 2762 4390
1130 630 4386
2261 1761 4386
3060 2560 4384
2830 2330 4378
1710 1210 4376
913 413 4370
2853 2353 4368
3192 2692 4368
935 435 4362
1039 539 4360
1693 1193 4360
2914 2414 4350
2864 2364 4348
3194 2694 4346
3270 2770 4344
980 480 4342
1126 626 4342
1481 981 4342
2620 2120 4336
541 41 4336
1510 1010 4330
2417 1917 4330
2401 1901 4324
1395 895 4324
1976 1476 4322
2341 1841 4322
3041 2541 4320
2594 2094 4318
2573 2073 4318
2097 1597 4318
2672 2172 4316
1002 502 4316
2648 2148 4314
1333 833 4310
2342 1842 4310
3232 2732 4310
1017 517 4306
2442 1942 4302
2108 1608 4300
1961 1461 4298
2276 1776 4296
1741 1241 4296
3238 2738 4294
2823 2323 4286
1271 771 4284
3028 2528 4284
3237 2737 4284
1891 1391 4282
1859 1359 4278
805 305 4278
1051 551 4276
948 448 4276
2454 1954 4274
2953 2453 4274
3082 2582 4268
3043 2543 4266
1349 849 4264
3248 2748 4262
3012 2512 4260
1847 1347 4260
3223 2723 4256
2444 1944 4256
2637 2137 4256
1796 1296 4252
954 454 4248
1883 1383 4244
1663 1163 4240
3026 2526 4236
1693 1193 4234
1122 622 4232
2158 1658 4232
1602 1102 4232
2144 1644 4230
2081 1581 4230
2714 2214 4226
2040 1540 4226
3244 2744 4224
995 495 4222
3006 2506 4222
3050 2550 4220
3137 2637 4218
516 16 4214
516 16 4210
1232 732 4210
2098 1598 4210
2168 1668 4208
875 375 4206
1567 1067 4206
1979 1479 4204
1387 887 4202
3378 2878 4202
3395 2895 4194
2598 2098 4194
2115 1615 4192
912 412 4190
3005 2505 4188
2096 1596 4184
2557 2057 4176
2542 2042 4176
1913 1413 4176
2194 1694 4174
1332 832 4174
1275 775 4174
3413 2913 4170
1655 1155 4170
2837 2337 4168
3149 2649 4164
3098 2598 4160
1874 1374 4160
3257 2757 4160
2555 2055 4158
2750 2250 4158
2156 1656 4150
746 246 4150
2237 1737 4144
3105 2605 4142
1680 1180 4132
902 402 4132
1350 850 4128
3172 2672 4126
2259 1759 4126
2358 1858 4124
540 40 4122
2219 1719 4120
1843 1343 4118
3376 2876 4114
3212 2712 4112
2011 1511 4108
2433 1933 4104
3068 2568 4102
1353 853 4100
3332 2832 4094
1806 1306 4090
2680 2180 4086
822 322 4086
3003 2503 4080
3297 2797 4076
1655 1155 4076
727 227 4072
3335 2835 4072
1526 1026 4070
3218 2718 4068
1083 583 4062
2739 2239 4062
2951 2451 4062
1502 1002 4060
776 276 4056
1591 1091 4054
2415 1915 4054
668 168 4050
1355 855 4048
2497 1997 4046
3292 2792 4046
3293 2793 4046
1747 1247 4044
2406 1906 4044
1800 1300 4040
1096 596 4038
1820 1320 4030
1066 566 4028
2103 1603 4024
1047 547 4018
607 107 4014
2288 1788 4010
2629 2129 4006
2161 1661 4006
1183 683 4004
1977 1477 3998
2392 1892 3996
2409 1909 3990
2844 2344 3988
2317 1817 3988
1561 1061 3982
1191 691 3980
3179 2679 3980
1838 1338 3978
2353 1853 3978
3205 2705 3972
2372 1872 3972
1638 1138 3972
2392 1892 3968
3074 2574 3968
3361 2861 3962
748 248 3960
2917 2417 3960
986 486 3956
3186 2686 3954
1190 690 3952
3201 2701 3952
3314 2814 3950
3444 2944 3950
3248 2748 3950
2740 2240 3950
2798 2298 3950
2845 2345 3946
2861 2361 3946
2409 1909 3946
1184 684 3944
2350 1850 3942
2406 1906 3938
2406 1906 3936
566 66 3936
1465 965 3934
1647 1147 3932
1506 1006 3920
2314 1814 3920
2029 1529 3912
2796 2296 3908
2991 2491 3906
3169 2669 3902
2583 2083 3902
765 265 3900
1596 1096 3900
3510 3010 3894
2790 2290 3894
2439 1939 3886
2590 2090 3882
2498 1998 3880
2855 2355 3874
2132 1632 3872
686 186 3870
655 155 3868
1733 1233 3864
945 445 3864
2815 2315 3862
3309 2809 3860
1179 679 3856
1870 1370 3854
3120 2620 3854
896 396 3854
3152 2652 3852
3014 2514 3850
2997 2497 3850
1164 664 3848
2512 2012 3846
2973 2473 3844
998 498 3844
2715 2215 3842
3563 3063 3842
608 108 3838
2457 1957 3836
2248 1748 3828
1531 1031 3826
615 115 3826
3213 2713 3820
2156 1656 3820
3331 2831 3816
3518 3018 3816
2525 2025 3814
3444 2944 3808
2931 2431 3808
2442 1942 3808
2403 1903 3804
2756 2256 3804
2693 2193 3800
1211 711 3796
905 405 3796
2480 1980 3796
3407 2907 3794
712 212 3790
1196 696 3788
2713 2213 3786
3381 2881 3780
984 484 3778
2706 2206 3770
2468 1968 3770
2336 1836 3766
2434 1934 3766
666 166 3762
3603 3103 3762
2165 1665 3758
2285 1785 3752
1484 984 3748
3478 2978 3748
3625 3125 3742
3085 2585 3742
3517 3017 3740
3067 2567 3736
1094 594 3736
2881 2381 3734
3251 2751 3732
699 199 3726
2148 1648 3724
1789 1289 3724
3222 2722 3724
2393 1893 3720
1821 1321 3720
1697 1197 3718
514 14 3718
3557 3057 3718
2274 1774 3718
2693 2193 3716
1647 1147 3716
1555 1055 3716
2121 1621 3712
1661 1161 3710
2852 2352 3706
3069 2569 3704
1194 694 3704
2653 2153 3700
3349 2849 3696
1101 601 3694
2720 2220 3692
2950 2450 3692
846 346 3690
1340 840 3690
3270 2770 3690
3007 2507 3688
1169 669 3686
1037 537 3686
2072 1572 3686
3134 2634 3684
1834 1334 3684
3633 3133 3680
3618 3118 3680
3465 2965 3678
3547 3047 3676
1668 1168 3674
3555 3055 3674
2103 1603 3672
2718 2218 3670
2535 2035 3670
3211 2711 3662
1432 932 3662
2765 2265 3660
1195 695 3658
2266 1766 3658
3266 2766 3658
691 191 3656
3665 3165 3656
3171 2671 3652
2983 2483 3646
1051 551 3646
2759 2259 3646
1727 1227 3636
1635 1135 3634
3014 2514 3632
3356 2856 3632
3074 2574 3632
2388 1888 3628
2837 2337 3628
2287 1787 3628
704 204 3626
3361 2861 3624
3129 2629 3624
3219 2719 3624
1689 1189 3622
3066 2566 3620
546 46 3620
1145 645 3620
2249 1749 3618
3649 3149 3618
1191 691 3616
3488 2988 3616
1201 701 3616
1634 1134 3616
3207 2707 3610
2960 2460 3610
3123 2623 3608
2144 1644 3608
3210 2710 3602
2376 1876 3600
2574 2074 3600
2820 2320 3598
2662 2162 3598
3526 3026 3596
2645 2145 3586
2522 2022 3580
3351 2851 3578
1116 616 3576
1851 1351 3576
3151 2651 3572
2142 1642 3572
3468 2968 3568
2549 2049 3566
929 429 3560
3592 3092 3560
950 450 3560
1083 583 3558
1782 1282 3556
1898 1398 3552
3463 2963 3550
607 107 3548
3158 2658 3548
1293 793 3548
2134 1634 3546
1620 1120 3546
3504 3004 3544
2445 1945 3542
3279 2779 3542
3359 2859 3542
3607 3107 3540
2776 2276 3540
1076 576 3536
3151 2651 3534
1914 1414 3534
1127 627 3532
2661 2161 3530
3120 2620 3524
3728 3228 3520
1316 816 3520
3529 3029 3518
2832 2332 3516
2380 1880 3516
3665 3165 3514
3301 2801 3512
2594 2094 3510
3722 3222 3506
1902 1402 3506
2984 2484 3500
1882 1382 3500
2283 1783 3500
3563 3063 3498
709 209 3496
3091 2591 3494
3482 2982 3494
3600 3100 3490
3227 2727 3488
2821 2321 3486
910 410 3486
3556 3056 3484
1764 1264 3484
1013 513 3484
2143 1643 3482
1111 611 3480
2849 2349 3480
3387 2887 3478
525 25 3476
3359 2859 3474
2963 2463 3470
3478 2978 3468
2662 2162 3464
2869 2369 3464
3493 2993 3462
2673 2173 3462
1942 1442 3462
2447 1947 3460
3120 2620 3458
1989 1489 3458
2803 2303 3458
3580 3080 3454
1807 1307 3452
2794 2294 3448
3002 2502 3446
3043 2543 3446
2076 1576 3446
1341 841 3444
1861 1361 3442
2914 2414 3442
3245 2745 3440
866 366 3440
3368 2868 3438
3599 3099 3436
2342 1842 3432
2637 2137 3432
2305 1805 3432
3760 3260 3432
1668 1168 3430
3465 2965 3428
1499 999 3426
930 430 3426
3479 2979 3426
2007 1507 3426
2975 2475 3422
2004 1504 3420
2793 2293 3416
3506 3006 3414
2950 2450 3412
3469 2969 3412
3552 3052 3402
1966 1466 3400
2125 1625 3400
2521 2021 3400
2860 2360 3398
2011 1511 3396
2397 1897 3392
3783 3283 3392
1753 1253 3390
2279 1779 3384
3717 3217 3382
3041 2541 3380
3685 3185 3380
2196 1696 3376
1395 895 3372
2356 1856 3368
2157 1657 3366
959 459 3366
857 357 3364
1496 996 3362
1623 1123 3362
1275 775 3360
3801 3301 3360
1547 1047 3358
955 455 3354
2700 2200 3352
3599 3099 3352
1496 996 3350
571 71 3350
1721 1221 3348
3696 3196 3346
3782 3282 3344
2475 1975 3344
3426 2926 3344
692 192 3344
2997 2497 3340
2733 2233 3338
1135 635 3338
2983 2483 3332
3757 3257 3332
3552 3052 3328
3391 2891 3324
2845 2345 3324
3014 2514 3320
3217 2717 3320
3189 2689 3318
915 415 3316
2101 1601 3316
3793 3293 3308
1378 878 3302
914 414 3302
3677 3177 3300
3099 2599 3298
982 482 3294
1608 1108 3292
3549 3049 3288
3792 3292 3282
1355 855 3278
2920 2420 3278
3234 2734 3278
3467 2967 3272
2647 2147 3268
2991 2491 3268
1627 1127 3264
1012 512 3264
3220 2720 3262
2094 1594 3260
625 125 3256
3840 3340 3256
1436 936 3252
3603 3103 3250
1667 1167 3248
2934 2434 3246
3413 2913 3246
2198 1698 3242
3185 2685 3240
3639 3139 3240
3185 2685 3238
2107 1607 3232
3078 2578 3226
2522 2022 3222
1565 1065 3216
2723 2223 3216
3657 3157 3214
680 180 3214
1213 713 3212
1213 713 3210
1994 1494 3210
2038 1538 3210
3220 2720 3204
810 310 3198
3033 2533 3198
2803 2303 3194
3278 2778 3194
3482 2982 3192
2321 1821 3192
3809 3309 3192
2430 1930 3190
2456 1956 3190
2455 1955 3188
2608 2108 3186
2202 1702 3184
3313 2813 3184
943 443 3184
2103 1603 3184
2364 1864 3180
3694 3194 3180
3339 2839 3180
2564 2064 3174
737 237 3174
2898 2398 3172
2861 2361 3172
2458 1958 3170
1145 645 3166
2360 1860 3166
3724 3224 3166
3417 2917 3166
1731 1231 3164
3582 3082 3164
3658 3158 3160
3094 2594 3160
556 56 3160
3462 2962 3158
2103 1603 3142
2023 1523 3138
3465 2965 3136
3479 2979 3134
1339 839 3126
3713 3213 3124
2582 2082 3122
2516 2016 3122
3149 2649 3116
872 372 3114
3542 3042 3114
3885 3385 3112
2754 2254 3112
3631 3131 3110
1400 900 3108
2811 2311 3108
3595 3095 3106
842 342 3104
3046 2546 3102
2707 2207 3102
3156 2656 3100
3908 3408 3084
1252 752 3084
3349 2849 3078
621 121 3076
3224 2724 3074
3670 3170 3074
3357 2857 3072
3583 3083 3064
3181 2681 3064
1364 864 3062
3148 2648 3060
3864 3364 3058
1075 575 3056
2732 2232 3056
3787 3287 3054
3418 2918 3054
1599 1099 3054
3956 3456 3052
1860 1360 3052
695 195 3048
2659 2159 3048
2163 1663 3048
3700 3200 3046
2970 2470 3046
1201 701 3044
3543 3043 3044
2558 2058 3042
1090 590 3042
3119 2619 3042
3555 3055 3042
3734 3234 3042
3166 2666 3040
3924 3424 3036
3823 3323 3032
3095 2595 3032
1847 1347 3028
3356 2856 3022
3277 2777 3022
2228 1728 3022
1169 669 3018
2068 1568 3016
2475 1975 3016
3962 3462 3014
2474 1974 3014
1584 1084 3012
864 364 3010
2459 1959 3004
2318 1818 3004
3856 3356 2998
1013 513 2992
986 486 2992
3325 2825 2988
1332 832 2984
3393 2893 2982
772 272 2982
1924 1424 2980
3740 3240 2980
3836 3336 2980
2648 2148 2980
2974 2474 2978
3623 3123 2978
2308 1808 2978
3727 3227 2978
2371 1871 2976
1286 786 2976
1981 1481 2976
2456 1956 2972
2156 1656 2972
3743 3243 2968
3648 3148 2968
2922 2422 2962
3735 3235 2960
2565 2065 2956
1793 1293 2956
2353 1853 2950
3367 2867 2950
3799 3299 2944
3262 2762 2944
3021 2521 2938
2804 2304 2936
2988 2488 2936
3934 3434 2934
735 235 2928
1424 924 2926
2859 2359 2926
2254 1754 2926
2988 2488 2922
4018 3518 2922
2820 2320 2922
3413 2913 2920
1779 1279 2918
2333 1833 2918
2917 2417 2914
2528 2028 2912
3404 2904 2908
4041 3541 2908
680 180 2904
3760 3260 2904
2003 1503 2902
4043 3543 2898
3422 2922 2894
1043 543 2894
993 493 2894
2618 2118 2894
1448 948 2892
917 417 2886
699 199 2886
2061 1561 2882
4022 3522 2882
1443 943 2880
1260 760 2880
3600 3100 2876
3762 3262 2872
3411 2911 2872
3976 3476 2870
1170 670 2870
3262 2762 2870
1265 765 2868
3533 3033 2868
1073 573 2862
2067 1567 2862
3561 3061 2860
3415 2915 2860
3471 2971 2860
2410 1910 2856
2329 1829 2854
2978 2478 2846
1012 512 2846
2430 1930 2842
961 461 2840
3296 2796 2838
3333 2833 2834
4024 3524 2834
3721 3221 2834
3860 3360 2830
3051 2551 2830
2773 2273 2830
3615 3115 2822
2842 2342 2818
2189 1689 2818
3824 3324 2816
2672 2172 2814
612 112 2812
3103 2603 2808
4050 3550 2808
3760 3260 2800
3670 3170 2798
3685 3185 2796
2810 2310 2796
2097 1597 2796
3613 3113 2794
3102 2602 2794
715 215 2794
4090 3590 2792
3278 2778 2790
3832 3332 2788
3844 3344 2788
2488 1988 2788
3985 3485 2786
2767 2267 2786
4046 3546 2786
712 212 2786
1273 773 2786
2836 2336 2782
3886 3386 2782
1053 553 2780
3874 3374 2778
3090 2590 2778
3528 3028 2776
3352 2852 2776
3357 2857 2776
3853 3353 2776
3442 2942 2776
958 458 2774
3656 3156 2774
3810 3310 2772
3954 3454 2770
1646 1146 2764
2462 1962 2762
4093 3593 2762
3354 2854 2760
1175 675 2760
3075 2575 2758
779 279 2754
1613 1113 2752
2593 2093 2750
3897 3397 2748
2891 2391 2748
4022 3522 2748
1956 1456 2748
872 372 2746
3216 2716 2744
4063 3563 2744
2630 2130 2744
3227 2727 2742
3732 3232 2740
3032 2532 2740
505 5 2738
3339 2839 2736
3191 2691 2734
3987 3487 2732
3863 3363 2732
1571 1071 2728
2506 2006 2726
3655 3155 2726
3922 3422 2724
3656 3156 2724
3832 3332 2724
4126 3626 2724
2550 2050 2720
4075 3575 2720
1157 657 2718
1162 662 2718
2173 1673 2716
3774 3274 2716
792 292 2716
3600 3100 2712
3490 2990 2706
3337 2837 2704
3661 3161 2704
579 79 2700
2330 1830 2700
4118 3618 2698
3664 3164 2696
1065 565 2696
3262 2762 2696
4123 3623 2694
4104 3604 2694
968 468 2688
805 305 2688
2508 2008 2686
2736 2236 2686
2312 1812 2686
2042 1542 2684
2289 1789 2684
2621 2121 2684
2938 2438 2682
4116 3616 2680
2420 1920 2680
1338 838 2680
3623 3123 2678
3056 2556 2678
2924 2424 2678
3823 3323 2676
3643 3143 2674
2547 2047 2674
1184 684 2674
1658 1158 2670
3899 3399 2670
3723 3223 2668
1677 1177 2666
2189 1689 2664
3581 3081 2664
3762 3262 2664
1362 862 2662
892 392 2662
3049 2549 2660
2842 2342 2658
2382 1882 2656
4138 3638 2656
1487 987 2656
4147 3647 2654
2738 2238 2652
1674 1174 2650
2207 1707 2650
1844 1344 2648
3403 2903 2648
1808 1308 2648
3848 3348 2648
2435 1935 2646
3646 3146 2644
2860 2360 2640
1944 1444 2636
1680 1180 2632
792 292 2632
2168 1668 2628
3108 2608 2626
3517 3017 2624
3579 3079 2622
3474 2974 2622
3215 2715 2622
2215 1715 2622
3451 2951 2620
3499 2999 2620
2960 2460 2618
1995 1495 2618
3654 3154 2616
3910 3410 2616
3697 3197 2616
3335 2835 2616
686 186 2614
2545 2045 2614
3346 2846 2612
3819 3319 2610
2708 2208 2606
3477 2977 2606
2755 2255 2606
1846 1346 2604
907 407 2604
2288 1788 2600
2767 2267 2598
1047 547 2594
2485 1985 2594
786 286 2592
3472 2972 2590
3464 2964 2590
1762 1262 2590
3847 3347 2586
3827 3327 2586
1269 769 2584
3750 3250 2582
2056 1556 2578
4120 3620 2578
2351 1851 2578
2812 2312 2576
4194 3694 2576
3003 2503 2574
4160 3660 2574
1737 1237 2574
3997 3497 2574
1756 1256 2572
1699 1199 2572
830 330 2566
1914 1414 2566
2252 1752 2566
2420 1920 2564
1600 1100 2560
3282 2782 2560
3781 3281 2560
3427 2927 2560
3201 2701 2558
3764 3264 2558
3710 3210 2556
503 3 2556
828 328 2556
3802 3302 2548
2809 2309 2548
3210 2710 2548
3403 2903 2546
1577 1077 2540
1638 1138 2538
3973 3473 2536
3054 2554 2532
2137 1637 2532
3558 3058 2530
3898 3398 2530
4125 3625 2530
1941 1441 2526
1121 621 2524
2973 2473 2524
2368 1868 2516
3869 3369 2516
1530 1030 2514
3221 2721 2512
3306 2806 2512
1617 1117 2510
1577 1077 2508
3700 3200 2508
4050 3550 2508
3637 3137 2506
3503 3003 2504
2162 1662 2504
3027 2527 2502
3804 3304 2502
4050 3550 2500
654 154 2500
908 408 2498
1659 1159 2498
4219 3719 2496
3418 2918 2494
2876 2376 2492
3884 3384 2492
4222 3722 2492
4087 3587 2492
4138 3638 2488
3163 2663 2488
3123 2623 2486
3148 2648 2486
3204 2704 2484
3062 2562 2482
3822 3322 2482
4062 3562 2480
3644 3144 2480
3913 3413 2480
4202 3702 2478
4052 3552 2476
3077 2577 2472
3173 2673 2472
2293 1793 2470
3798 3298 2470
3202 2702 2468
1601 1101 2466
2747 2247 2466
3960 3460 2466
3969 3469 2462
1237 737 2458
3066 2566 2458
2535 2035 2456
4040 3540 2456
746 246 2456
4234 3734 2454
2374 1874 2452
3274 2774 2452
3498 2998 2450
3570 3070 2450
2990 2490 2450
4081 3581 2448
2993 2493 2448
2266 1766 2446
2374 1874 2446
1910 1410 2446
4096 3596 2444
3791 3291 2442
2000 1500 2442
3806 3306 2436
2308 1808 2436
3825 3325 2434
2085 1585 2432
3448 2948 2432
2755 2255 2430
1482 982 2430
2848 2348 2428
2120 1620 2428
3310 2810 2426
4000 3500 2426
1322 822 2426
3593 3093 2426
3445 2945 2424
3091 2591 2422
4079 3579 2422
655 155 2420
1739 1239 2418
1101 601 2416
2589 2089 2414
3094 2594 2414
1229 729 2414
3839 3339 2414
3148 2648 2414
2807 2307 2412
3116 2616 2412
1566 1066 2412
3072 2572 2408
3779 3279 2408
2942 2442 2404
3643 3143 2404
3802 3302 2404
4011 3511 2400
3822 3322 2400
2598 2098 2400
2822 2322 2398
2829 2329 2396
3687 3187 2396
3691 3191 2394
4060 3560 2394
3108 2608 2392
4055 3555 2392
4139 3639 2390
2026 1526 2390
2244 1744 2388
2662 2162 2386
2635 2135 2386
1569 1069 2384
3197 2697 2384
2408 1908 2382
3451 2951 2380
2574 2074 2376
3918 3418 2376
1102 602 2376
2175 1675 2374
4248 3748 2374
1139 639 2374
3618 3118 2374
3911 3411 2374
886 386 2372
4144 3644 2370
662 162 2368
3854 3354 2368
1252 752 2366
2446 1946 2366
3922 3422 2364
2888 2388 2362
807 307 2362
2000 1500 2362
3256 2756 2360
3363 2863 2358
881 381 2356
2257 1757 2354
1429 929 2354
3150 2650 2352
4200 3700 2352
3905 3405 2350
3512 3012 2346
2677 2177 2346
1843 1343 2346
2574 2074 2342
4141 3641 2340
1869 1369 2340
1938 1438 2340
3406 2906 2338
3210 2710 2338
3346 2846 2334
1795 1295 2332
3997 3497 2330
4235 3735 2330
3780 3280 2328
1167 667 2326
1787 1287 2322
1978 1478 2322
2789 2289 2320
3802 3302 2320
2647 2147 2320
2533 2033 2320
3025 2525 2318
3735 3235 2318
569 69 2316
2281 1781 2316
3251 2751 2316
3736 3236 2310
2531 2031 2310
2989 2489 2308
3590 3090 2306
3318 2818 2300
2380 1880 2300
2266 1766 2298
4292 3792 2296
2391 1891 2296
4113 3613 2296
3314 2814 2294
1441 941 2292
3885 3385 2290
3789 3289 2288
2806 2306 2288
2610 2110 2288
4332 3832 2286
1388 888 2284
3118 2618 2284
4283 3783 2284
2094 1594 2284
922 422 2282
4067 3567 2282
2794 2294 2280
2867 2367 2280
4141 3641 2274
1318 818 2274
4002 3502 2272
4095 3595 2270
3993 3493 2268
3630 3130 2268
3248 2748 2268
3801 3301 2266
3221 2721 2266
3985 3485 2266
2349 1849 2258
1217 717 2256
4270 3770 2256
4130 3630 2254
1220 720 2254
786 286 2252
3373 2873 2252
3964 3464 2250
1961 1461 2250
4125 3625 2246
4013 3513 2246
3486 2986 2244
3804 3304 2242
1698 1198 2242
633 133 2242
922 422 2242
4220 3720 2240
4088 3588 2238
1561 1061 2238
1875 1375 2236
3304 2804 2234
2089 1589 2234
2069 1569 2234
2854 2354 2234
4249 3749 2230
3809 3309 2228
4355 3855 2228
2864 2364 2228
4381 3881 2228
3983 3483 2226
3708 3208 2224
4219 3719 2222
1865 1365 2218
538 38 2218
2009 1509 2218
4174 3674 2216
3646 3146 2216
2637 2137 2214
2471 1971 2214
4349 3849 2214
4073 3573 2214
3239 2739 2212
3433 2933 2212
3991 3491 2210
2482 1982 2208
1773 1273 2206
3970 3470 2206
3846 3346 2204
3463 2963 2204
2388 1888 2202
2207 1707 2202
4331 3831 2200
3412 2912 2198
2875 2375 2198
4135 3635 2198
2984 2484 2198
888 388 2196
2469 1969 2196
3818 3318 2196
3980 3480 2194
3337 2837 2194
4345 3845 2192
550 50 2192
2880 2380 2192
2815 2315 2192
2736 2236 2190
2880 2380 2190
1923 1423 2190
4139 3639 2190
3094 2594 2188
922 422 2186
1684 1184 2184
2866 2366 2182
3187 2687 2182
2962 2462 2182
3047 2547 2182
1125 625 2180
4234 3734 2180
3950 3450 2180
2114 1614 2178
4031 3531 2176
4297 3797 2174
3306 2806 2172
2632 2132 2172
1225 725 2172
3693 3193 2170
2146 1646 2170
3868 3368 2170
2086 1586 2168
3922 3422 2168
4101 3601 2168
3149 2649 2166
3795 3295 2164
2878 2378 2164
3444 2944 2164
4256 3756 2162
1512 1012 2158
3488 2988 2158
1420 920 2156
2791 2291 2152
1870 1370 2152
3413 2913 2150
3249 2749 2150
1475 975 2150
1962 1462 2148
1310 810 2148
2474 1974 2148
2517 2017 2144
1323 823 2142
3940 3440 2138
1081 581 2136
1690 1190 2134
1436 936 2134
3962 3462 2134
817 317 2132
4149 3649 2132
1666 1166 2132
4200 3700 2132
1137 637 2130
1787 1287 2128
1345 845 2126
1468 968 2126
2778 2278 2124
3664 3164 2124
1906 1406 2122
3850 3350 2118
2564 2064 2118
2758 2258 2114
4211 3711 2114
3516 3016 2112
2176 1676 2112
3823 3323 2110
2954 2454 2110
2572 2072 2108
1942 1442 2106
2712 2212 2104
2548 2048 2102
3510 3010 2100
3346 2846 2100
4399 3899 2100
4132 3632 2098
2160 1660 2094
4182 3682 2094
3755 3255 2094
2649 2149 2094
4237 3737 2094
4304 3804 2092
3253 2753 2090
1181 681 2088
3792 3292 2088
4104 3604 2084
1950 1450 2082
3871 3371 2080
3615 3115 2078
4080 3580 2078
1325 825 2076
4371 3871 2076
2657 2157 2076
1529 1029 2076
3933 3433 2076
4311 3811 2074
2466 1966 2074
3687 3187 2074
3321 2821 2072
2129 1629 2070
3010 2510 2062
3443 2943 2060
3494 2994 2058
3729 3229 2058
2519 2019 2056
4150 3650 2054
4454 3954 2052
911 411 2052
2781 2281 2050
3237 2737 2048
2617 2117 2048
728 228 2048
2686 2186 2042
3038 2538 2042
677 177 2040
3395 2895 2040
4442 3942 2040
4369 3869 2038
4180 3680 2038
2906 2406 2038
2364 1864 2036
3348 2848 2034
2747 2247 2032
2534 2034 2030
4386 3886 2028
4269 3769 2026
1669 1169 2024
3274 2774 2024
2249 1749 2022
3435 2935 2022
1957 1457 2022
4130 3630 2020
4439 3939 2020
3118 2618 2018
4366 3866 2018
3649 3149 2018
4008 3508 2016
1648 1148 2016
3413 2913 2014
3985 3485 2012
525 25 2012
3696 3196 2012
3314 2814 2010
2888 2388 2010
1838 1338 2006
1765 1265 2006
3335 2835 2002
3298 2798 2000
1685 1185 2000
1350 850 1998
4404 3904 1998
3523 3023 1998
2489 1989 1996
3962 3462 1994
2652 2152 1992
720 220 1992
2555 2055 1992
4483 3983 1992
4099 3599 1990
1477 977 1990
541 41 1990
3490 2990 1988
3338 2838 1986
4401 3901 1986
1239 739 1984
611 111 1984
3439 2939 1978
2857 2357 1978
2016 1516 1976
1237 737 1974
4206 3706 1974
4082 3582 1972
2221 1721 1970
3089 2589 1968
2781 2281 1968
2425 1925 1966
3782 3282 1966
733 233 1964
1102 602 1964
827 327 1960
1490 990 1958
3813 3313 1958
1871 1371 1956
3703 3203 1956
1531 1031 1954
4096 3596 1954
3813 3313 1954
3022 2522 1952
3840 3340 1952
4306 3806 1950
1439 939 1950
3107 2607 1950
953 453 1948
505 5 1948
2384 1884 1946
1820 1320 1946
2399 1899 1944
1408 908 1942
3753 3253 1940
2799 2299 1938
3638 3138 1938
3438 2938 1938
3068 2568 1938
2916 2416 1938
4080 3580 1938
4352 3852 1936
1631 1131 1936
2556 2056 1936
1828 1328 1934
2109 1609 1934
3245 2745 1930
2750 2250 1928
2200 1700 1926
2270 1770 1926
2726 2226 1926
2349 1849 1926
1011 511 1926
3535 3035 1924
4068 3568 1924
3752 3252 1922
985 485 1920
840 340 1920
1592 1092 1920
1136 636 1920
2679 2179 1920
1597 1097 1920
3103 2603 1918
2404 1904 1918
3907 3407 1916
1071 571 1916
4338 3838 1916
4466 3966 1916
2967 2467 1914
4474 3974 1912
3560 3060 1912
2093 1593 1908
4229 3729 1908
3501 3001 1908
2256 1756 1906
2053 1553 1904
4391 3891 1902
3094 2594 1902
2710 2210 1902
4256 3756 1902
4446 3946 1902
4395 3895 1902
1039 539 1900
1203 703 1898
2154 1654 1896
4255 3755 1896
4030 3530 1896
4302 3802 1894
3674 3174 1894
3069 2569 1894
3120 2620 1894
4447 3947 1892
4129 3629 1890
638 138 1890
1001 501 1890
4552 4052 1888
3827 3327 1888
3999 3499 1888
4496 3996 1888
1008 508 1886
3883 3383 1882
4483 3983 1882
4200 3700 1882
3786 3286 1880
1276 776 1880
2951 2451 1878
3241 2741 1878
767 267 1878
4463 3963 1876
1287 787 1876
3670 3170 1872
531 31 1872
4324 3824 1872
730 230 1870
3412 2912 1868
4344 3844 1868
1307 807 1866
3450 2950 1864
3531 3031 1864
3149 2649 1864
763 263 1862
1274 774 1862
2238 1738 1860
1679 1179 1860
4070 3570 1858
2808 2308 1858
4078 3578 1856
4289 3789 1854
3829 3329 1852
3635 3135 1848
3780 3280 1848
3974 3474 1848
4538 4038 1848
1138 638 1844
3679 3179 1844
3865 3365 1844
1837 1337 1844
4127 3627 1842
4553 4053 1842
2379 1879 1838
2516 2016 1836
3991 3491 1836
3007 2507 1836
4321 3821 1834
3499 2999 1834
3695 3195 1832
4032 3532 1832
1452 952 1832
2082 1582 1830
1542 1042 1830
1901 1401 1828
1372 872 1828
2422 1922 1824
3888 3388 1824
873 373 1824
3463 2963 1820
4147 3647 1820
1129 629 1818
3024 2524 1818
1642 1142 1816
3989 3489 1814
4374 3874 1814
3900 3400 1812
4224 3724 1812
2721 2221 1812
4422 3922 1810
3348 2848 1808
4498 3998 1808
1094 594 1806
3368 2868 1806
3759 3259 1804
2351 1851 1804
4568 4068 1804
3021 2521 1802
3438 2938 1802
1338 838 1800
3898 3398 1798
1693 1193 1796
2530 2030 1794
1922 1422 1790
4081 3581 1788
1501 1001 1786
4597 4097 1784
3840 3340 1782
1841 1341 1780
2516 2016 1780
3402 2902 1780
4100 3600 1776
2807 2307 1774
3152 2652 1774
2750 2250 1772
4604 4104 1772
2874 2374 1770
3370 2870 1766
4319 3819 1766
4466 3966 1766
1649 1149 1764
4537 4037 1764
1775 1275 1762
1293 793 1760
3788 3288 1760
3523 3023 1760
4027 3527 1756
4258 3758 1756
3549 3049 1754
4345 3845 1754
2329 1829 1752
4123 3623 1752
4211 3711 1752
4552 4052 1750
3837 3337 1748
2815 2315 1748
4201 3701 1746
4332 3832 1746
4203 3703 1746
1290 790 1746
3274 2774 1744
2086 1586 1744
4556 4056 1744
567 67 1742
3382 2882 1738
4573 4073 1738
4025 3525 1738
4411 3911 1738
3264 2764 1736
3714 3214 1734
3358 2858 1734
3074 2574 1734
4440 3940 1732
4213 3713 1732
3614 3114 1732
4137 3637 1732
2878 2378 1732
2911 2411 1730
2729 2229 1730
2878 2378 1730
3354 2854 1726
4361 3861 1726
3984 3484 1724
1773 1273 1724
2295 1795 1724
4343 3843 1722
3049 2549 1722
4207 3707 1720
1842 1342 1720
4485 3985 1718
4262 3762 1718
4335 3835 1718
2097 1597 1716
4008 3508 1714
3979 3479 1714
3164 2664 1714
3346 2846 1712
2918 2418 1712
4265 3765 1712
3678 3178 1708
4632 4132 1708
4635 4135 1708
3690 3190 1704
2104 1604 1704
1832 1332 1704
3173 2673 1704
4028 3528 1700
4492 3992 1698
4194 3694 1698
1205 705 1696
1261 761 1696
2893 2393 1694
1324 824 1694
1871 1371 1694
971 471 1694
4620 4120 1694
2541 2041 1694
4482 3982 1692
4291 3791 1692
4551 4051 1690
1090 590 1690
3309 2809 1688
2383 1883 1686
4042 3542 1686
598 98 1686
3734 3234 1684
3722 3222 1684
624 124 1684
2758 2258 1684
4079 3579 1682
3226 2726 1680
3926 3426 1676
4282 3782 1676
799 299 1676
3383 2883 1676
2359 1859 1676
1692 1192 1676
2666 2166 1674
3904 3404 1672
4575 4075 1672
1028 528 1670
820 320 1670
4439 3939 1668
4532 4032 1666
1364 864 1664
3837 3337 1664
4472 3972 1664
2776 2276 1664
4445 3945 1664
3787 3287 1664
3284 2784 1660
4396 3896 1658
3257 2757 1658
2248 1748 1656
3537 3037 1656
1434 934 1650
4152 3652 1648
3151 2651 1648
3030 2530 1648
2888 2388 1648
1412 912 1646
4635 4135 1644
2547 2047 1644
4182 3682 1642
3707 3207 1642
3584 3084 1640
2156 1656 1640
4133 3633 1640
2788 2288 1638
3965 3465 1638
4345 3845 1638
3985 3485 1636
3451 2951 1634
3678 3178 1632
1491 991 1630
4064 3564 1630
721 221 1630
518 18 1628
1407 907 1628
4421 3921 1628
3979 3479 1626
4232 3732 1626
1595 1095 1626
657 157 1626
1673 1173 1624
3589 3089 1624
4528 4028 1622
1835 1335 1620
3788 3288 1620
3525 3025 1620
3982 3482 1618
3057 2557 1616
4219 3719 1616
2901 2401 1614
3201 2701 1614
4551 4051 1614
4496 3996 1612
3988 3488 1612
4315 3815 1612
2925 2425 1612
4421 3921 1612
1986 1486 1610
2094 1594 1610
1070 570 1610
4412 3912 1610
3942 3442 1608
2249 1749 1608
4586 4086 1606
4613 4113 1604
4243 3743 1602
2409 1909 1602
4695 4195 1602
3883 3383 1602
4408 3908 1602
2012 1512 1600
4570 4070 1600
4495 3995 1598
3427 2927 1596
4051 3551 1594
3511 3011 1592
1950 1450 1590
4257 3757 1590
1407 907 1590
3341 2841 1588
4615 4115 1586
2538 2038 1586
4410 3910 1586
3532 3032 1586
2034 1534 1584
3026 2526 1582
3771 3271 1582
4094 3594 1582
3432 2932 1582
3270 2770 1582
3927 3427 1580
4656 4156 1580
931 431 1578
4120 3620 1578
800 300 1576
4322 3822 1576
4310 3810 1576
4556 4056 1574
4546 4046 1572
2943 2443 1572
1685 1185 1572
1906 1406 1570
3189 2689 1570
4240 3740 1570
4573 4073 1570
4550 4050 1568
4684 4184 1568
4609 4109 1566
3703 3203 1566
3886 3386 1566
3480 2980 1564
2927 2427 1564
1707 1207 1560
4601 4101 1560
1676 1176 1558
4548 4048 1558
4214 3714 1556
4408 3908 1556
3572 3072 1552
3915 3415 1550
4567 4067 1548
1140 640 1548
4116 3616 1548
4296 3796 1546
2827 2327 1546
3994 3494 1546
2397 1897 1544
3557 3057 1544
2124 1624 1540
2834 2334 1534
4364 3864 1534
2199 1699 1534
4151 3651 1534
4506 4006 1534
3052 2552 1532
2259 1759 1530
4052 3552 1526
2956 2456 1526
4583 4083 1526
1973 1473 1524
3016 2516 1522
1287 787 1522
606 106 1522
3475 2975 1518
4515 4015 1518
3630 3130 1518
4515 4015 1518
3031 2531 1516
1570 1070 1516
2124 1624 1516
3391 2891 1514
4239 3739 1512
642 142 1510
3017 2517 1508
2923 2423 1508
4001 3501 1504
2699 2199 1498
4639 4139 1498
1799 1299 1494
4150 3650 1492
4483 3983 1490
2185 1685 1488
4097 3597 1488
3881 3381 1488
3701 3201 1486
2867 2367 1486
2652 2152 1484
3781 3281 1484
3948 3448 1482
1343 843 1482
4307 3807 1480
1557 1057 1480
4068 3568 1480
1849 1349 1478
2386 1886 1476
3509 3009 1476
3376 2876 1474
3304 2804 1474
4311 3811 1474
4016 3516 1472
4564 4064 1468
4306 3806 1466
1274 774 1466
3080 2580 1466
4549 4049 1464
2476 1976 1462
4639 4139 1462
4335 3835 1462
3584 3084 1462
4007 3507 1460
4709 4209 1460
3078 2578 1458
4245 3745 1454
1351 851 1454
4062 3562 1454
4307 3807 1452
4118 3618 1452
960 460 1450
4076 3576 1450
2604 2104 1450
3748 3248 1448
1065 565 1448
4467 3967 1448
1289 789 1446
4246 3746 1442
3866 3366 1442
4101 3601 1440
2934 2434 1440
3920 3420 1440
3255 2755 1436
2843 2343 1436
4529 4029 1436
1963 1463 1436
4652 4152 1434
4646 4146 1434
4136 3636 1432
4398 3898 1432
4636 4136 1432
926 426 1432
2022 1522 1428
4576 4076 1426
2390 1890 1426
3738 3238 1424
693 193 1424
2395 1895 1422
4607 4107 1422
4480 3980 1416
4250 3750 1416
597 97 1414
2907 2407 1414
3149 2649 1412
3765 3265 1412
3028 2528 1410
2870 2370 1408
3377 2877 1402
2340 1840 1402
3229 2729 1402
2894 2394 1400
2407 1907 1400
4206 3706 1398
4631 4131 1398
2707 2207 1396
3339 2839 1396
4438 3938 1394
4712 4212 1394
1818 1318 1392
4385 3885 1392
2052 1552 1392
3321 2821 1390
4788 4288 1388
4422 3922 1386
4226 3726 1386
4551 4051 1382
3198 2698 1382
4344 3844 1380
4453 3953 1378
3831 3331 1376
4375 3875 1376
4775 4275 1374
1891 1391 1374
4600 4100 1372
995 495 1372
4316 3816 1370
4095 3595 1370
910 410 1368
4095 3595 1368
1879 1379 1368
4446 3946 1366
4250 3750 1366
4355 3855 1362
4435 3935 1358
610 110 1358
3210 2710 1356
4597 4097 1356
3573 3073 1356
4157 3657 1356
2472 1972 1354
4003 3503 1352
4216 3716 1352
3692 3192 1350
3262 2762 1348
3826 3326 1348
1086 586 1348
4769 4269 1344
4625 4125 1344
4759 4259 1344
2964 2464 1342
4619 4119 1342
3038 2538 1338
4131 3631 1336
3279 2779 1334
4571 4071 1334
4738 4238 1332
4617 4117 1332
897 397 1330
1818 1318 1328
4598 4098 1326
4518 4018 1326
4377 3877 1326
2998 2498 1324
4070 3570 1324
4453 3953 1322
1175 675 1320
3702 3202 1320
3865 3365 1320
2975 2475 1318
4711 4211 1318
1652 1152 1316
2105 1605 1316
3377 2877 1316
4417 3917 1316
3853 3353 1316
3175 2675 1314
4788 4288 1312
1465 965 1312
3404 2904 1312
3088 2588 1312
2201 1701 1310
4632 4132 1308
4718 4218 1308
4759 4259 1306
3956 3456 1306
3889 3389 1306
4680 4180 1306
1538 1038 1304
671 171 1304
2083 1583 1302
2115 1615 1302
4436 3936 1300
4265 3765 1300
4270 3770 1300
3042 2542 1300
4506 4006 1298
4713 4213 1296
3762 3262 1296
4813 4313 1292
3508 3008 1290
4809 4309 1290
4831 4331 1290
4490 3990 1286
4443 3943 1284
1673 1173 1284
3373 2873 1284
3886 3386 1284
3796 3296 1284
1953 1453 1282
1404 904 1282
3824 3324 1280
4054 3554 1276
4727 4227 1276
1649 1149 1274
2990 2490 1274
3830 3330 1274
3603 3103 1274
4013 3513 1270
600 100 1268
2735 2235 1268
963 463 1266
3504 3004 1266
2921 2421 1262
3355 2855 1260
2806 2306 1258
2036 1536 1256
4718 4218 1254
4827 4327 1252
4696 4196 1252
3309 2809 1250
4321 3821 1250
2904 2404 1248
4579 4079 1246
1445 945 1246
4607 4107 1244
2897 2397 1244
3384 2884 1244
4162 3662 1244
3529 3029 1240
4319 3819 1238
1814 1314 1238
4871 4371 1236
4240 3740 1236
2988 2488 1234
3257 2757 1232
3039 2539 1232
4725 4225 1232
3376 2876 1232
610 110 1230
2939 2439 1230
4455 3955 1228
4346 3846 1226
4536 4036 1226
4051 3551 1226
4315 3815 1224
2003 1503 1224
3981 3481 1224
813 313 1224
1834 1334 1220
3314 2814 1218
1473 973 1218
2989 2489 1218
4887 4387 1218
3668 3168 1218
4639 4139 1216
2338 1838 1216
2855 2355 1214
4422 3922 1214
4747 4247 1212
2899 2399 1212
1852 1352 1212
1696 1196 1208
4147 3647 1206
1888 1388 1206
817 317 1206
4745 4245 1206
2324 1824 1204
2815 2315 1204
2173 1673 1202
4507 4007 1200
1633 1133 1200
3938 3438 1200
4568 4068 1198
4820 4320 1196
4894 4394 1194
4673 4173 1190
4666 4166 1188
767 267 1186
4480 3980 1186
3107 2607 1184
3285 2785 1184
4650 4150 1182
4426 3926 1182
4718 4218 1182
2620 2120 1182
4809 4309 1180
4300 3800 1180
2914 2414 1178
4293 3793 1178
2556 2056 1176
3461 2961 1176
2873 2373 1174
4156 3656 1174
4406 3906 1174
3379 2879 1172
4855 4355 1168
1217 717 1168
4141 3641 1166
4792 4292 1164
4792 4292 1164
4159 3659 1162
3431 2931 1162
3822 3322 1162
2774 2274 1162
902 402 1162
4420 3920 1160
4218 3718 1158
4727 4227 1156
2088 1588 1154
4684 4184 1154
2347 1847 1154
3623 3123 1154
1736 1236 1154
4867 4367 1154
4055 3555 1152
4122 3622 1152
3268 2768 1152
4803 4303 1150
2392 1892 1150
786 286 1150
2497 1997 1150
1882 1382 1148
4237 3737 1146
4577 4077 1146
4187 3687 1144
4418 3918 1144
3780 3280 1144
4618 4118 1142
2453 1953 1142
3836 3336 1142
3637 3137 1140
1841 1341 1140
4097 3597 1138
3619 3119 1138
4438 3938 1136
1708 1208 1134
2759 2259 1134
1557 1057 1132
4190 3690 1132
3597 3097 1130
2492 1992 1130
4785 4285 1128
4794 4294 1128
4835 4335 1128
4525 4025 1126
2159 1659 1126
3054 2554 1124
1628 1128 1124
4206 3706 1124
1846 1346 1124
1756 1256 1124
4122 3622 1122
4904 4404 1122
4882 4382 1120
4852 4352 1118
4279 3779 1118
4330 3830 1118
4744 4244 1118
4875 4375 1118
4002 3502 1116
2879 2379 1116
1708 1208 1116
3340 2840 1116
2337 1837 1116
2554 2054 1114
4405 3905 1114
4697 4197 1114
3776 3276 1114
4562 4062 1114
4584 4084 1112
4495 3995 1110
3834 3334 1110
4601 4101 1110
3378 2878 1110
1437 937 1104
4440 3940 1102
4620 4120 1102
4810 4310 1100
4108 3608 1100
983 483 1098
4871 4371 1098
3525 3025 1096
2368 1868 1096
2145 1645 1096
4148 3648 1094
3883 3383 1094
1905 1405 1092
2055 1555 1090
2066 1566 1090
4924 4424 1086
4757 4257 1086
649 149 1084
3862 3362 1084
3216 2716 1082
4362 3862 1080
1952 1452 1080
3184 2684 1078
2123 1623 1078
2097 1597 1078
2876 2376 1078
2555 2055 1074
4457 3957 1074
4140 3640 1072
3313 2813 1070
3929 3429 1070
3981 3481 1070
1462 962 1070
902 402 1070
3694 3194 1070
4066 3566 1068
4627 4127 1066
3792 3292 1066
4164 3664 1066
3627 3127 1066
844 344 1064
4391 3891 1062
4368 3868 1062
2831 2331 1062
4364 3864 1062
3718 3218 1060
4958 4458 1060
4255 3755 1058
4062 3562 1058
4298 3798 1056
1561 1061 1054
3699 3199 1054
1018 518 1052
4864 4364 1052
3737 3237 1048
4264 3764 1048
674 174 1048
3975 3475 1046
771 271 1046
4799 4299 1044
4870 4370 1044
3342 2842 1044
1014 514 1042
4784 4284 1040
3332 2832 1040
4903 4403 1040
1874 1374 1040
4449 3949 1036
3185 2685 1036
2747 2247 1036
3967 3467 1036
2171 1671 1034
2041 1541 1034
4659 4159 1034
3288 2788 1032
3656 3156 1032
4377 3877 1030
4068 3568 1030
3357 2857 1028
3577 3077 1028
4660 4160 1028
2356 1856 1026
4697 4197 1026
4408 3908 1026
1559 1059 1026
4541 4041 1024
3834 3334 1022
3554 3054 1020
3992 3492 1018
1889 1389 1016
4116 3616 1016
4879 4379 1014
3248 2748 1014
3910 3410 1014
4741 4241 1012
4836 4336 1012
3940 3440 1012
3295 2795 1010
2898 2398 1008
4640 4140 1008
2499 1999 1008
4641 4141 1006
4795 4295 1006
4905 4405 1004
3227 2727 1004
4376 3876 1000
4532 4032 998
4777 4277 998
3596 3096 998
4312 3812 998
4000 3500 996
4143 3643 996
2402 1902 996
986 486 994
4949 4449 992
4700 4200 990
1836 1336 990
3953 3453 990
2083 1583 990
1396 896 990
3585 3085 988
709 209 988
2501 2001 988
3430 2930 988
4647 4147 988
5003 4503 986
4396 3896 984
4438 3938 984
4979 4479 984
4783 4283 984
2997 2497 984
2411 1911 980
4980 4480 980
4706 4206 980
4962 4462 978
4889 4389 974
4894 4394 974
4026 3526 972
4740 4240 972
1867 1367 970
2962 2462 970
2782 2282 970
3505 3005 970
3077 2577 968
4880 4380 968
1143 643 968
893 393 966
1662 1162 966
4928 4428 964
4384 3884 964
4734 4234 964
4943 4443 964
1607 1107 962
3127 2627 960
4304 3804 960
3557 3057 958
2478 1978 956
1858 1358 954
4208 3708 954
1663 1163 954
3858 3358 954
3858 3358 954
3695 3195 952
3415 2915 952
3301 2801 950
4898 4398 950
3295 2795 946
4224 3724 946
3926 3426 946
3904 3404 946
3939 3439 944
2933 2433 942
4517 4017 942
3450 2950 942
2390 1890 940
4251 3751 940
3635 3135 940
3698 3198 940
1661 1161 938
3825 3325 938
1828 1328 938
4620 4120 938
3242 2742 938
4885 4385 938
4970 4470 936
4492 3992 932
4525 4025 932
4146 3646 930
2855 2355 930
4668 4168 928
4570 4070 928
3560 3060 926
1116 616 926
4730 4230 926
2511 2011 924
3303 2803 922
1494 994 922
4669 4169 922
4737 4237 920
1156 656 920
2194 1694 918
2477 1977 918
4975 4475 918
4920 4420 916
3868 3368 916
3508 3008 914
3760 3260 914
4801 4301 914
3511 3011 912
4719 4219 910
3165 2665 910
4870 4370 910
1320 820 910
4814 4314 908
5040 4540 902
4824 4324 902
4900 4400 902
4669 4169 898
4730 4230 896
1350 850 894
4097 3597 894
4592 4092 894
1134 634 894
4769 4269 894
4831 4331 894
2787 2287 894
3893 3393 894
3618 3118 892
5034 4534 892
1754 1254 892
4560 4060 890
1682 1182 890
4660 4160 890
4857 4357 888
5037 4537 888
3155 2655 888
2269 1769 888
2490 1990 888
3869 3369 888
4357 3857 886
5014 4514 886
5021 4521 884
4049 3549 884
4377 3877 882
4555 4055 882
3854 3354 882
2198 1698 882
5030 4530 882
3994 3494 880
4953 4453 880
1504 1004 880
4463 3963 878
4692 4192 876
4550 4050 876
1413 913 874
4808 4308 874
4956 4456 872
3991 3491 872
4440 3940 870
1123 623 870
4989 4489 868
1929 1429 868
4949 4449 868
4916 4416 866
3721 3221 864
3536 3036 864
2549 2049 862
4500 4000 862
3979 3479 862
4551 4051 860
2066 1566 860
4045 3545 860
3268 2768 860
3001 2501 858
596 96 858
3714 3214 856
5060 4560 856
4653 4153 856
2406 1906 856
4996 4496 854
4867 4367 852
2701 2201 850
4032 3532 848
4972 4472 846
4643 4143 846
5068 4568 846
2096 1596 844
5032 4532 844
3139 2639 844
658 158 842
4121 3621 842
1321 821 842
4607 4107 842
4229 3729 842
1108 608 840
1479 979 840
3793 3293 838
3471 2971 838
4577 4077 838
3404 2904 838
5004 4504 836
4990 4490 836
3740 3240 836
4736 4236 834
5039 4539 834
4872 4372 834
4846 4346 834
5024 4524 832
3828 3328 830
3365 2865 830
1942 1442 830
4814 4314 828
4757 4257 828
2940 2440 828
2280 1780 826
3190 2690 826
3278 2778 824
4975 4475 824
4133 3633 824
3796 3296 824
4883 4383 820
4902 4402 820
5074 4574 820
3940 3440 820
2985 2485 820
2590 2090 820
4131 3631 818
766 266 818
3347 2847 818
4719 4219 818
4925 4425 816
2757 2257 816
3065 2565 814
4768 4268 812
1046 546 812
3382 2882 812
4964 4464 812
4558 4058 810
5016 4516 810
4456 3956 806
1667 1167 806
4910 4410 806
4867 4367 804
4392 3892 804
1927 1427 804
4620 4120 802
5095 4595 802
3618 3118 802
3902 3402 802
2017 1517 800
4675 4175 800
3775 3275 800
4962 4462 798
3004 2504 798
4026 3526 798
4311 3811 796
4989 4489 796
4324 3824 796
3851 3351 796
3771 3271 796
4937 4437 796
2369 1869 796
857 357 794
5020 4520 794
2334 1834 792
3278 2778 792
4344 3844 792
4743 4243 792
1687 1187 790
4575 4075 790
3940 3440 790
4651 4151 788
4417 3917 788
5056 4556 788
5064 4564 786
3626 3126 786
4786 4286 784
5025 4525 784
3068 2568 784
3042 2542 784
1758 1258 784
3046 2546 782
1343 843 780
1464 964 780
4969 4469 780
3564 3064 780
3781 3281 778
2946 2446 778
1747 1247 778
845 345 778
3516 3016 776
4853 4353 776
3787 3287 776
4910 4410 776
3292 2792 774
3856 3356 774
4194 3694 772
3084 2584 772
4546 4046 770
3176 2676 770
1781 1281 770
3225 2725 768
1656 1156 768
4702 4202 768
3392 2892 766
2915 2415 764
2447 1947 764
4869 4369 764
4728 4228 762
3823 3323 762
4648 4148 762
3375 2875 760
911 411 758
1493 993 758
3512 3012 758
4731 4231 756
4700 4200 756
5122 4622 750
4377 3877 750
4746 4246 750
5031 4531 750
3634 3134 750
3830 3330 750
4641 4141 744
2910 2410 742
4642 4142 742
2721 2221 742
3333 2833 740
3463 2963 740
1710 1210 738
3974 3474 738
3767 3267 738
2487 1987 738
4403 3903 736
4795 4295 736
2816 2316 736
1712 1212 732
4810 4310 732
2662 2162 732
2258 1758 730
3415 2915 730
3745 3245 730
5130 4630 728
5018 4518 728
2903 2403 726
725 225 726
3202 2702 726
3519 3019 726
3750 3250 726
4897 4397 724
1325 825 724
4879 4379 722
4833 4333 722
2249 1749 722
1580 1080 722
4704 4204 718
2533 2033 718
1319 819 716
4845 4345 714
5054 4554 714
3437 2937 714
5136 4636 714
3937 3437 712
2772 2272 712
3323 2823 712
3230 2730 712
4639 4139 710
3714 3214 710
4435 3935 710
4358 3858 710
5003 4503 710
4927 4427 708
3102 2602 708
620 120 708
5035 4535 706
5029 4529 706
2970 2470 706
3060 2560 706
4810 4310 704
4719 4219 704
4938 4438 702
4586 4086 702
3913 3413 702
5035 4535 700
2369 1869 698
2987 2487 698
4136 3636 698
5065 4565 698
5006 4506 698
2483 1983 696
5086 4586 696
5048 4548 696
5045 4545 696
4954 4454 696
2670 2170 694
4424 3924 692
975 475 692
4023 3523 692
1944 1444 692
2810 2310 690
5154 4654 688
3017 2517 688
2381 1881 688
4147 3647 688
5138 4638 684
5097 4597 684
3612 3112 682
4966 4466 682
1193 693 680
4609 4109 680
1727 1227 678
5146 4646 678
4887 4387 678
3332 2832 676
2959 2459 676
2637 2137 674
4912 4412 674
4183 3683 672
2429 1929 672
4416 3916 672
4342 3842 670
4722 4222 670
3026 2526 666
4085 3585 666
5123 4623 666
1854 1354 666
4386 3886 666
2962 2462 664
5019 4519 664
2507 2007 664
5121 4621 662
1637 1137 662
4902 4402 662
4563 4063 660
1647 1147 660
688 188 660
3903 3403 660
4758 4258 658
4073 3573 658
885 385 656
4794 4294 656
4057 3557 656
4818 4318 656
4445 3945 654
5107 4607 654
3219 2719 654
4263 3763 652
2232 1732 652
4585 4085 652
1470 970 652
1247 747 650
2338 1838 650
4823 4323 650
2173 1673 650
5057 4557 648
4817 4317 648
751 251 648
5166 4666 646
1617 1117 646
3663 3163 646
2620 2120 646
4646 4146 644
2697 2197 644
5038 4538 644
3995 3495 644
5159 4659 644
4385 3885 644
2807 2307 642
4940 4440 642
4610 4110 640
4532 4032 640
4524 4024 640
2036 1536 640
5044 4544 640
4481 3981 640
4786 4286 638
4811 4311 638
5096 4596 638
3709 3209 638
3702 3202 638
1368 868 638
1852 1352 638
5014 4514 638
4412 3912 636
4582 4082 636
5112 4612 634
3934 3434 634
4044 3544 632
2434 1934 632
2241 1741 632
2337 1837 632
4817 4317 630
5154 4654 630
1687 1187 628
1811 1311 628
5089 4589 628
3550 3050 626
4874 4374 624
3425 2925 624
4860 4360 624
4734 4234 622
4143 3643 622
4134 3634 620
3164 2664 620
4802 4302 618
4854 4354 618
4209 3709 618
4439 3939 618
4000 3500 618
4446 3946 616
4617 4117 616
3577 3077 616
1057 557 614
4374 3874 614
2563 2063 612
1392 892 612
2146 1646 612
4561 4061 610
4358 3858 610
4615 4115 610
4790 4290 608
3621 3121 608
4938 4438 606
4083 3583 606
5159 4659 604
3837 3337 604
4620 4120 602
3972 3472 602
5151 4651 600
2730 2230 600
5155 4655 600
4506 4006 598
4296 3796 598
3281 2781 598
5118 4618 596
3595 3095 596
2819 2319 596
3015 2515 594
3546 3046 594
3814 3314 592
5108 4608 592
2463 1963 590
5198 4698 590
4123 3623 588
1076 576 588
2697 2197 588
4138 3638 588
3628 3128 586
4844 4344 586
1968 1468 586
3600 3100 584
2814 2314 584
5171 4671 582
4786 4286 580
3014 2514 580
2342 1842 580
5141 4641 580
4940 4440 578
4498 3998 578
3067 2567 578
3775 3275 576
5070 4570 576
4851 4351 574
5135 4635 574
4577 4077 574
2074 1574 574
1447 947 574
2387 1887 572
3549 3049 572
3910 3410 572
4733 4233 572
4720 4220 570
5124 4624 570
1305 805 570
5022 4522 570
1789 1289 568
3365 2865 568
5054 4554 568
3928 3428 566
3513 3013 566
3360 2860 566
3775 3275 564
3324 2824 562
4266 3766 562
5129 4629 562
5057 4557 562
1903 1403 562
4601 4101 562
1236 736 560
840 340 560
5024 4524 560
3676 3176 558
5119 4619 558
5179 4679 558
5056 4556 556
4982 4482 556
3533 3033 556
5162 4662 556
4492 3992 554
2915 2415 554
4467 3967 552
4747 4247 550
4043 3543 550
1588 1088 550
4540 4040 548
5200 4700 546
4912 4412 546
3783 3283 546
5000 4500 546
4608 4108 544
4258 3758 544
1826 1326 542
3082 2582 542
3902 3402 540
2735 2235 540
3196 2696 540
3056 2556 540
4649 4149 540
5195 4695 540
909 409 538
4314 3814 538
4699 4199 538
1567 1067 538
2493 1993 538
3770 3270 538
5018 4518 536
4535 4035 536
3893 3393 536
2028 1528 536
587 87 534
4854 4354 534
4976 4476 534
4835 4335 534
5001 4501 530
4788 4288 530
4884 4384 530
2383 1883 528
3522 3022 524
3095 2595 524
5187 4687 522
4532 4032 520
4980 4480 520
3528 3028 520
4941 4441 520
2342 1842 518
2466 1966 518
5154 4654 518
5206 4706 516
5204 4704 516
3298 2798 516
3793 3293 516
4766 4266 516
4684 4184 514
1434 934 512
857 357 512
3479 2979 510
3548 3048 510
2337 1837 510
4355 3855 510
4108 3608 508
4864 4364 506
3908 3408 506
1508 1008 504
2418 1918 504
4422 3922 504
4488 3988 502
2034 1534 500
4119 3619 500
4252 3752 500
2685 2185 500
4983 4483 498
3905 3405 496
5219 4719 496
4453 3953 496
2505 2005 496
5218 4718 496
1554 1054 496
4241 3741 494
3818 3318 494
2503 2003 492
2017 1517 490
4101 3601 490
4247 3747 490
3559 3059 488
534 34 488
5101 4601 488
4872 4372 486
3337 2837 486
1861 1361 486
1059 559 484
794 294 484
4465 3965 484
1190 690 484
4894 4394 482
1797 1297 482
2697 2197 480
4961 4461 480
5021 4521 480
2712 2212 480
4635 4135 480
2756 2256 478
917 417 478
5070 4570 478
3499 2999 476
4692 4192 474
5133 4633 474
4708 4208 474
4752 4252 474
5222 4722 474
4606 4106 474
2555 2055 472
4312 3812 470
3448 2948 470
4505 4005 470
5071 4571 468
5264 4764 468
4546 4046 468
5149 4649 466
2523 2023 466
4351 3851 466
2974 2474 464
5161 4661 464
3437 2937 464
5253 4753 464
5253 4753 462
3174 2674 462
2937 2437 460
3895 3395 460
5268 4768 460
3742 3242 460
4376 3876 460
4293 3793 458
5143 4643 458
3647 3147 456
1052 552 456
2322 1822 456
5156 4656 456
4755 4255 454
4704 4204 454
1901 1401 454
4655 4155 452
4944 4444 452
5091 4591 452
4995 4495 452
5242 4742 450
2353 1853 450
5243 4743 450
4984 4484 450
3109 2609 448
4678 4178 448
4469 3969 448
4787 4287 446
4478 3978 446
2206 1706 444
4395 3895 444
3725 3225 444
1473 973 444
4428 3928 442
4900 4400 442
5060 4560 442
3512 3012 442
4717 4217 442
5253 4753 442
2039 1539 440
4178 3678 440
4190 3690 440
4110 3610 440
5206 4706 440
2772 2272 438
3814 3314 436
4658 4158 434
4745 4245 434
3302 2802 432
2309 1809 432
4127 3627 432
4994 4494 432
4784 4284 430
5219 4719 430
2255 1755 430
4312 3812 430
671 171 428
4273 3773 428
5144 4644 428
4729 4229 426
5217 4717 426
801 301 426
3864 3364 424
4140 3640 424
3681 3181 424
5196 4696 424
4666 4166 424
4701 4201 422
4289 3789 422
5126 4626 422
2159 1659 420
4688 4188 420
5117 4617 418
4064 3564 418
5188 4688 418
4743 4243 418
4789 4289 418
4523 4023 418
3231 2731 416
5290 4790 416
5135 4635 414
3951 3451 414
3380 2880 412
4606 4106 412
4790 4290 412
5028 4528 410
4587 4087 410
4653 4153 408
3385 2885 408
5268 4768 408
4730 4230 408
5181 4681 406
1669 1169 406
4253 3753 406
3782 3282 406
4379 3879 404
5011 4511 402
5226 4726 402
4649 4149 402
4917 4417 402
5287 4787 400
4374 3874 400
5252 4752 398
4547 4047 396
4752 4252 396
3948 3448 396
5004 4504 396
4365 3865 396
4439 3939 394
5301 4801 394
1496 996 394
5011 4511 394
4485 3985 392
3726 3226 392
4485 3985 392
1265 765 392
5219 4719 392
5288 4788 390
1896 1396 390
2287 1787 390
5269 4769 390
1012 512 390
5081 4581 386
4226 3726 386
988 488 386
4862 4362 384
4810 4310 384
2952 2452 384
4881 4381 382
3985 3485 380
1124 624 380
4287 3787 380
836 336 380
5176 4676 380
5214 4714 380
4985 4485 380
5197 4697 378
4883 4383 378
4636 4136 376
5147 4647 376
2637 2137 376
2276 1776 374
4420 3920 374
4466 3966 374
4497 3997 374
2524 2024 370
824 324 370
4789 4289 368
4698 4198 368
2099 1599 368
2459 1959 366
2405 1905 366
3013 2513 366
3422 2922 366
5226 4726 366
715 215 366
2135 1635 364
1538 1038 364
4642 4142 364
1707 1207 364
5283 4783 362
3933 3433 360
2719 2219 358
3158 2658 358
1590 1090 358
5012 4512 358
5224 4724 358
4766 4266 358
4660 4160 358
4285 3785 358
1099 599 358
5320 4820 324
5286 4786 356
4991 4491 356
4297 3797 356
2934 2434 356
4947 4447 356
4407 3907 354
5195 4695 354
4294 3794 354
1765 1265 354
2978 2478 354
4841 4341 352
1006 506 352
5319 4819 327
3832 3332 352
3732 3232 350
5213 4713 350
2339 1839 350
5082 4582 350
3918 3418 350
4515 4015 348
1988 1488 348
2511 2011 348
5253 4753 348
954 454 346
4246 3746 346
5203 4703 346
3598 3098 344
3871 3371 344
4919 4419 344
5184 4684 344
4969 4469 342
2633 2133 342
5083 4583 342
4872 4372 340
5286 4786 340
4338 3838 340
5085 4585 340
2733 2233 340
5159 4659 340
5097 4597 338
1755 1255 338
3566 3066 338
3355 2855 336
4613 4113 336
4695 4195 336
3438 2938 334
1608 1108 334
2587 2087 334
2041 1541 334
4532 4032 334
5285 4785 334
4552 4052 332
4753 4253 332
2129 1629 332
5276 4776 330
4682 4182 330
5324 4824 309
4678 4178 328
5208 4708 328
1701 1201 328
5255 4755 324
5305 4805 324
1200 700 324
2784 2284 324
1120 620 324
4472 3972 324
1888 1388 322
3643 3143 320
5237 4737 320
1831 1331 316
4670 4170 316
4663 4163 314
5020 4520 314
5010 4510 312
3340 2840 312
1896 1396 312
5024 4524 310
3915 3415 310
5309 4809 310
3270 2770 310
1659 1159 308
3389 2889 308
5173 4673 308
4730 4230 308
4017 3517 306
4832 4332 306
4223 3723 306
4953 4453 306
5183 4683 306
4604 4104 304
2201 1701 304
4385 3885 304
2885 2385 302
2622 2122 302
3150 2650 300
5227 4727 300
3300 2800 298
4609 4109 298
4898 4398 298
2348 1848 298
5309 4809 296
3729 3229 296
4841 4341 296
5318 4818 294
1151 651 294
2851 2351 294
5065 4565 292
4684 4184 292
5073 4573 292
5289 4789 292
3500 3000 290
4858 4358 290
1603 1103 290
4230 3730 290
4745 4245 290
5337 4837 265
3828 3328 288
809 309 288
5302 4802 286
5227 4727 286
5117 4617 284
5059 4559 284
4657 4157 284
4775 4275 282
5329 4829 282
5312 4812 282
3734 3234 282
2177 1677 282
5091 4591 280
5326 4826 280
3679 3179 280
4247 3747 280
3951 3451 280
4343 3843 280
5026 4526 278
4585 4085 278
2237 1737 278
1961 1461 278
4140 3640 276
4246 3746 276
3561 3061 276
1031 531 274
4919 4419 272
5350 4850 225
3810 3310 270
5215 4715 270
5278 4778 270
2105 1605 268
4761 4261 268
5097 4597 268
5352 4852 219
5194 4694 268
3857 3357 268
2812 2312 266
4121 3621 266
3153 2653 264
4871 4371 262
4965 4465 262
3100 2600 262
3676 3176 260
2852 2352 260
5174 4674 260
4528 4028 260
5291 4791 260
4348 3848 260
1023 523 260
5311 4811 260
1261 761 258
5213 4713 258
5269 4769 258
4935 4435 258
5370 4870 169
5178 4678 256
5014 4514 254
3585 3085 254
4350 3850 254
4961 4461 254
3616 3116 254
5319 4819 254
5332 4832 254
4910 4410 252
5321 4821 250
5196 4696 250
3575 3075 250
5259 4759 250
2223 1723 248
4859 4359 248
4954 4454 248
3416 2916 248
3600 3100 248
5213 4713 248
5276 4776 246
3460 2960 246
5245 4745 246
3649 3149 246
4870 4370 244
3736 3236 242
5109 4609 242
3175 2675 240
2805 2305 240
5304 4804 240
4614 4114 238
5010 4510 238
3382 2882 238
4639 4139 238
3582 3082 236
4559 4059 236
5362 4862 190
5280 4780 234
1263 763 234
5170 4670 234
5382 4882 139
3181 2681 232
3669 3169 232
4729 4229 232
1134 634 232
4980 4480 232
5146 4646 232
4553 4053 230
3319 2819 230
3711 3211 230
996 496 228
5126 4626 228
4456 3956 226
5030 4530 226
5260 4760 226
4327 3827 224
4439 3939 224
5371 4871 166
3064 2564 224
5159 4659 224
1400 900 224
5223 4723 224
4437 3937 224
1906 1406 224
503 3 224
3109 2609 224
2253 1753 224
1016 516 222
4256 3756 222
663 163 222
4420 3920 220
5079 4579 220
5317 4817 220
5226 4726 218
4256 3756 218
5029 4529 218
4700 4200 218
5198 4698 216
4662 4162 216
5120 4620 216
4799 4299 216
3329 2829 216
2995 2495 214
5380 4880 144
4319 3819 212
5285 4785 212
2760 2260 212
4903 4403 210
5364 4864 184
1500 1000 208
5254 4754 208
1817 1317 208
4744 4244 206
1537 1037 206
5290 4790 206
701 201 206
5321 4821 206
833 333 206
4730 4230 204
5336 4836 204
5342 4842 204
3938 3438 202
1880 1380 202
5306 4806 202
5393 4893 114
612 112 198
4655 4155 198
4406 3906 196
5262 4762 196
1963 1463 196
4571 4071 196
5238 4738 194
5356 4856 194
5270 4770 194
5296 4796 194
5316 4816 194
5291 4791 192
4845 4345 192
4505 4005 192
5205 4705 192
3502 3002 190
4713 4213 190
2341 1841 190
4094 3594 188
3585 3085 186
5284 4784 186
3880 3380 186
4663 4163 186
5042 4542 186
5194 4694 186
1446 946 186
5377 4877 151
2542 2042 184
5180 4680 184
2154 1654 184
5317 4817 184
3903 3403 182
3342 2842 182
1701 1201 182
3364 2864 182
2206 1706 182
645 145 180
5386 4886 129
4012 3512 180
4163 3663 180
5222 4722 180
5335 4835 178
1631 1131 178
4219 3719 178
3382 2882 178
4840 4340 176
3010 2510 176
5403 4903 94
4402 3902 176
5232 4732 174
5152 4652 174
4510 4010 174
5349 4849 174
4808 4308 172
5365 4865 172
4815 4315 172
5265 4765 172
5130 4630 172
4792 4292 172
1255 755 170
5311 4811 168
4365 3865 168
836 336 168
5333 4833 168
2820 2320 168
3168 2668 168
2218 1718 166
3125 2625 166
3342 2842 166
4051 3551 166
3175 2675 164
5402 4902 96
5111 4611 164
4679 4179 164
1278 778 164
5006 4506 164
5364 4864 164
5334 4834 162
3379 2879 160
5259 4759 160
5063 4563 160
2056 1556 158
2358 1858 158
2185 1685 158
5138 4638 158
5326 4826 158
4500 4000 158
5225 4725 158
2887 2387 158
5401 4901 98
4864 4364 156
2578 2078 156
4699 4199 156
4991 4491 156
4932 4432 152
1585 1085 152
2586 2086 150
3879 3379 148
4729 4229 148
4279 3779 148
3902 3402 148
5383 4883 136
4333 3833 146
5246 4746 146
3032 2532 146
5349 4849 146
5074 4574 146
4478 3978 146
1921 1421 144
5415 4915 72
2912 2412 144
4963 4463 144
4892 4392 142
5426 4926 54
4031 3531 142
1388 888 140
4280 3780 140
3777 3277 140
5317 4817 140
2985 2485 140
5237 4737 140
5339 4839 140
5295 4795 140
5347 4847 140
1396 896 138
3017 2517 138
2217 1717 138
4151 3651 138
2758 2258 136
1489 989 136
5291 4791 136
4188 3688 134
5198 4698 134
5414 4914 73
2458 1958 134
5123 4623 132
2916 2416 132
4846 4346 132
5268 4768 130
5130 4630 130
5426 4926 54
5231 4731 130
5364 4864 128
4814 4314 128
5135 4635 128
2970 2470 128
4751 4251 126
5395 4895 110
2989 2489 126
2176 1676 126
5073 4573 124
4451 3951 124
4246 3746 124
4983 4483 124
5396 4896 108
5367 4867 124
4624 4124 122
3925 3425 122
5366 4866 122
2900 2400 122
5308 4808 120
4895 4395 120
4337 3837 120
5397 4897 106
5043 4543 118
3089 2589 118
5419 4919 65
2941 2441 116
2357 1857 116
5441 4941 34
5198 4698 116
5232 4732 116
890 390 116
5182 4682 114
5292 4792 114
4802 4302 114
5419 4919 65
5257 4757 114
2078 1578 112
5412 4912 77
5286 4786 112
4684 4184 112
5287 4787 110
4685 4185 110
3512 3012 110
3267 2767 110
5053 4553 110
4954 4454 108
5299 4799 108
5317 4817 108
5374 4874 106
5202 4702 104
3799 3299 104
2729 2229 104
2928 2428 104
3183 2683 104
3733 3233 102
2868 2368 102
2791 2291 102
4530 4030 100
4570 4070 100
2493 1993 100
4668 4168 98
5053 4553 98
5380 4880 98
5141 4641 98
5055 4555 98
5351 4851 98
5400 4900 98
5405 4905 90
2948 2448 96
5315 4815 96
3547 3047 96
4310 3810 94
3096 2596 94
1082 582 94
5054 4554 92
5290 4790 92
5126 4626 92
5134 4634 92
2759 2259 92
547 47 92
5384 4884 92
3570 3070 92
4841 4341 90
4362 3862 90
4263 3763 90
5422 4922 60
5136 4636 88
4302 3802 88
5183 4683 88
4471 3971 86
5386 4886 86
2804 2304 86
5283 4783 86
5318 4818 84
2271 1771 84
4192 3692 84
5413 4913 75
1465 965 82
4427 3927 82
4596 4096 82
4991 4491 82
4950 4450 82
3942 3442 82
5340 4840 80
5299 4799 80
5324 4824 78
2817 2317 76
4734 4234 76
5439 4939 37
4490 3990 76
4487 3987 76
5400 4900 76
3305 2805 74
4739 4239 74
2941 2441 74
4306 3806 74
5451 4951 24
5388 4888 74
5387 4887 74
1477 977 74
5435 4935 42
3856 3356 72
5379 4879 72
4605 4105 72
4723 4223 72
5448 4948 27
5345 4845 72
5448 4948 27
5462 4962 14
5198 4698 70
5037 4537 70
1498 998 70
1176 676 68
4931 4431 68
2671 2171 68
3235 2735 68
5263 4763 68
632 132 68
5196 4696 68
4916 4416 66
5402 4902 66
4958 4458 66
5215 4715 66
2772 2272 66
4941 4441 66
5383 4883 64
4125 3625 64
5465 4965 12
5077 4577 64
1855 1355 62
5361 4861 62
4542 4042 62
4884 4384 62
534 34 62
5311 4811 60
5018 4518 58
5001 4501 58
5415 4915 58
4769 4269 58
4036 3536 58
5226 4726 56
5375 4875 56
5469 4969 9
5098 4598 54
5289 4789 54
856 356 54
5420 4920 54
5453 4953 22
4103 3603 54
3678 3178 54
5424 4924 52
5390 4890 52
5436 4936 40
4318 3818 52
5161 4661 52
5008 4508 52
5458 4958 17
5257 4757 50
3556 3056 50
4451 3951 50
5424 4924 48
5230 4730 48
634 134 48
5445 4945 30
1408 908 46
3220 2720 46
5144 4644 46
2413 1913 46
4186 3686 46
5416 4916 44
5473 4973 7
3551 3051 44
5467 4967 10
5397 4897 42
5447 4947 28
5171 4671 42
5183 4683 40
3059 2559 40
1218 718 40
4711 4211 40
5201 4701 40
3976 3476 40
5423 4923 38
5089 4589 38
2636 2136 38
5324 4824 38
3962 3462 36
4899 4399 36
2637 2137 36
2452 1952 36
4386 3886 36
5475 4975 6
1238 738 34
2752 2252 34
5443 4943 32
4816 4316 34
5479 4979 4
4819 4319 34
5348 4848 34
5422 4922 34
3093 2593 32
3088 2588 32
4931 4431 30
4211 3711 30
5465 4965 12
5325 4825 30
4416 3916 30
4931 4431 30
5133 4633 30
5328 4828 28
5386 4886 28
5350 4850 28
5396 4896 28
4545 4045 28
1256 756 28
3138 2638 28
5083 4583 28
5125 4625 28
5476 4976 5
4636 4136 26
1857 1357 26
5432 4932 26
5178 4678 26
5275 4775 26
5397 4897 26
3661 3161 26
5391 4891 26
4083 3583 24
5461 4961 15
4815 4315 24
5448 4948 24
5392 4892 22
5352 4852 22
5487 4987 1
5335 4835 22
5300 4800 22
5468 4968 10
5232 4732 22
5465 4965 12
5352 4852 20
5432 4932 20
5467 4967 10
5048 4548 20
5462 4962 14
5438 4938 20
5452 4952 20
5239 4739 20
1524 1024 18
5479 4979 4
5489 4989 1
5488 4988 1
5408 4908 18
5011 4511 16
3490 2990 16
5302 4802 16
3339 2839 16
4222 3722 14
5299 4799 14
5485 4985 2
5469 4969 9
5474 4974 6
5466 4966 11
5472 4972 7
5429 4929 14
4850 4350 14
5355 4855 14
3139 2639 14
5436 4936 14
5344 4844 14
4915 4415 14
5170 4670 14
4407 3907 14
5341 4841 14
2799 2299 12
5352 4852 12
3746 3246 12
2812 2312 12
5337 4837 12
3435 2935 12
5262 4762 12
5458 4958 10
3253 2753 10
5394 4894 10
5494 4994 0
5094 4594 10
5452 4952 10
5494 4994 0
5195 4695 10
4943 4443 10
4751 4251 10
5260 4760 10
2311 1811 10
1505 1005 10
5297 4797 8
5470 4970 8
4848 4348 6
4009 3509 6
5428 4928 6
5478 4978 4
5484 4984 2
5216 4716 6
5490 4990 1
1525 1025 4
1346 846 4
5487 4987 1
5135 4635 4
5496 4996 0
4623 4123 4
5446 4946 4
3789 3289 4
4567 4067 4
5497 4997 0
5494 4994 0
5067 4567 2
5349 4849 2
5497 4997 0
3884 3384 2
5378 4878 2
5485 4985 2
5493 4993 0
5496 4996 0
5497 4997 0
5494 4994 0
4815 4315 0
5478 4978 0
2738 2238 0
5499 4999 0
5492 4992 0
5498 4998 0
