500 100 4.3589
7 10 81
9 13 75
5 15 72
15 7 86
16 16 70
8 2 96
16 10 81
1 6 88
1 5 90
3 2 96
24 19 65
10 15 72
7 3 94
1 2 96
27 20 64
26 17 68
20 22 60
9 9 82
28 22 60
17 17 68
23 13 75
1 7 86
9 7 86
36 28 51
18 14 73
18 28 51
29 33 44
29 28 51
28 21 62
25 21 62
40 32 46
25 31 47
1 2 96
25 25 56
3 9 82
8 5 90
46 38 38
39 33 44
41 33 44
42 32 46
1 3 94
36 42 33
17 22 60
35 26 54
41 41 34
37 33 44
35 30 49
1 5 90
43 41 34
42 35 42
21 25 56
22 25 56
27 36 40
27 19 65
35 31 47
31 39 37
48 43 32
53 43 32
15 7 86
29 36 40
6 7 86
46 47 28
53 47 28
33 29 50
13 3 94
12 16 70
35 28 51
28 25 56
10 15 72
9 6 88
1 7 86
7 2 92
27 25 56
48 40 36
15 23 59
32 38 38
10 17 68
42 44 31
44 54 21
10 9 82
1 8 84
56 46 29
23 15 72
36 34 43
39 35 42
14 17 68
10 11 79
42 46 29
33 35 42
20 24 57
32 31 47
42 50 25
28 26 54
29 38 38
42 51 24
39 40 36
7 2 82
36 42 33
46 37 39
23 13 75
42 33 44
36 32 46
31 30 49
60 52 23
38 30 49
43 49 26
67 59 16
7 17 68
20 14 73
25 24 57
45 50 25
9 2 76
1 4 76
37 46 29
10 13 75
42 33 44
50 56 19
1 8 76
51 55 20
29 20 64
23 16 70
11 9 76
15 13 74
41 37 39
49 56 19
17 13 74
54 45 30
65 60 16
58 51 24
39 35 42
12 2 70
9 15 70
47 40 36
14 15 70
58 64 12
53 50 25
38 30 49
35 42 33
61 52 23
27 31 47
25 15 66
11 5 66
23 32 46
53 46 29
49 46 29
46 53 22
45 50 25
35 39 37
57 60 16
35 37 39
24 23 59
61 54 21
31 27 53
50 56 19
54 50 25
8 1 60
40 39 37
60 58 17
6 4 60
12 12 60
29 35 42
56 66 11
8 18 58
42 36 40
70 60 16
67 67 10
13 4 56
46 36 40
48 39 37
31 35 42
66 71 8
60 53 22
50 59 16
51 59 16
63 69 9
62 60 16
38 29 50
74 64 12
49 53 22
11 16 54
60 68 10
81 73 7
59 66 11
66 65 12
40 48 27
17 8 50
60 66 11
41 47 28
7 7 50
72 73 7
62 56 19
41 50 25
48 47 28
78 75 6
12 5 48
54 44 31
55 63 13
74 74 6
38 41 34
50 51 24
6 5 46
31 36 40
63 71 8
71 65 12
28 33 44
49 50 25
30 26 44
6 6 44
40 49 26
85 75 6
60 59 16
33 33 42
21 15 42
40 32 42
1 4 40
72 75 6
46 37 39
69 74 6
67 74 6
27 19 40
23 20 40
66 64 12
63 71 8
48 50 25
76 78 4
70 75 6
9 9 38
33 33 38
77 70 9
28 22 38
51 52 23
57 67 10
15 11 38
69 73 7
55 51 24
10 14 36
83 75 6
85 79 4
38 30 34
76 70 9
35 37 34
76 74 6
84 80 4
90 81 3
81 81 3
1 2 34
42 38 34
57 65 12
45 42 33
40 41 34
62 68 10
9 13 32
12 14 32
59 55 20
80 83 2
70 60 16
1 6 32
57 52 23
39 29 30
93 83 2
19 17 30
26 25 30
76 68 10
45 48 27
79 78 4
72 73 7
66 59 16
34 26 30
59 63 13
53 43 30
65 72 7
65 67 10
26 24 28
80 75 6
76 78 4
72 82 3
21 15 28
74 71 8
68 77 5
65 64 12
85 81 3
81 75 6
75 78 4
87 81 3
35 43 26
77 84 2
84 77 5
53 51 24
78 77 5
22 24 24
58 60 16
76 76 5
79 83 2
1 7 24
21 26 24
73 82 3
93 83 2
45 40 24
8 4 22
82 81 3
54 63 13
55 56 19
82 85 2
85 79 4
28 33 22
72 73 7
79 78 4
67 68 10
75 78 4
85 77 5
85 83 2
14 23 20
70 75 6
13 4 20
62 59 16
71 68 10
69 71 8
12 11 20
12 15 20
10 19 20
44 40 18
80 79 4
81 74 6
5 6 18
81 85 2
54 49 18
4 11 18
78 87 1
35 38 18
39 31 18
82 89 1
65 55 18
66 66 11
71 63 13
94 88 1
9 1 16
55 49 16
96 86 1
79 88 1
27 34 16
87 88 1
48 52 16
79 77 5
85 91 0
89 88 1
77 86 1
83 76 5
85 81 3
84 84 2
33 25 14
67 61 14
72 64 12
34 36 14
67 75 6
68 60 14
27 27 14
78 72 7
87 78 4
74 82 3
23 27 14
52 50 14
16 18 14
81 76 5
87 92 0
26 20 12
85 93 0
81 82 3
89 87 1
58 50 12
18 15 12
54 49 12
85 86 1
84 93 0
100 90 1
54 63 10
82 77 5
86 83 2
38 43 10
89 89 1
89 90 1
76 84 2
93 93 0
87 85 2
68 67 10
22 14 10
25 28 10
31 22 10
90 90 1
13 19 10
98 90 1
94 89 1
93 90 1
86 93 0
94 84 2
71 63 8
63 65 8
95 90 1
102 95 0
47 38 8
70 74 6
81 74 6
60 67 8
50 53 8
59 62 8
96 89 1
55 59 8
104 94 0
15 23 6
76 66 6
82 78 4
83 84 2
80 77 5
25 32 6
86 92 0
65 75 6
89 80 4
87 93 0
83 85 2
96 95 0
78 73 6
73 69 6
63 54 6
100 92 0
28 21 4
83 88 1
86 86 1
43 37 4
95 90 1
100 97 0
105 96 0
47 44 4
56 63 4
90 95 0
64 63 4
10 11 4
62 63 4
68 72 4
20 28 4
10 11 4
60 61 4
15 7 4
21 19 4
87 90 1
96 94 0
84 93 0
76 75 4
81 74 4
98 94 0
88 95 0
83 74 2
86 87 1
69 62 2
92 90 1
10 9 2
72 81 2
93 98 0
88 98 0
89 98 0
73 72 2
83 89 1
33 23 2
88 97 0
22 31 2
93 92 0
65 71 2
73 83 2
81 91 0
35 35 2
40 34 2
96 95 0
105 98 0
96 96 0
98 96 0
70 65 2
40 44 2
41 44 2
28 30 2
85 79 2
59 57 0
101 99 0
89 99 0
93 100 0
105 100 0
108 99 0
100 92 0
107 100 0
105 100 0
92 100 0
99 98 0
35 31 0
79 75 0
94 100 0
85 91 0
74 66 0
93 96 0
90 99 0
88 93 0
45 36 0
99 90 0
101 98 0
