100 100 4.3589
18 8 84
31 21 62
30 20 64
31 21 62
12 2 96
21 11 79
37 27 53
37 27 53
25 15 72
34 24 57
36 26 54
42 32 46
27 17 68
45 35 42
35 25 56
52 42 33
49 39 37
49 39 37
61 51 24
12 2 92
59 49 26
34 24 57
31 21 62
30 20 64
57 47 28
69 59 16
51 41 34
43 33 44
58 48 27
57 47 28
44 34 43
40 30 49
59 49 26
20 10 64
59 49 26
74 64 12
78 68 10
64 54 21
74 64 12
69 59 16
75 65 12
81 71 8
39 29 48
35 25 46
20 10 46
17 7 46
19 9 44
83 73 7
59 49 26
86 76 5
64 54 21
86 76 5
63 53 22
20 10 34
23 13 34
36 26 34
63 53 22
82 72 7
73 63 13
15 5 30
18 8 28
12 2 28
86 76 5
78 68 10
54 44 26
16 6 22
15 5 22
89 79 4
16 6 22
98 88 1
41 31 18
100 90 1
102 92 0
100 90 1
97 87 1
56 46 14
102 92 0
81 71 8
63 53 12
45 35 12
83 73 7
100 90 1
38 28 10
87 77 5
99 89 1
26 16 8
77 67 8
87 77 5
107 97 0
65 55 4
107 97 0
45 35 2
18 8 2
65 55 0
87 77 0
98 88 0
110 100 0
109 99 0
100 90 0
93 83 0
