100 100 4.3589
2 2 96
7 7 86
5 5 90
5 5 90
15 15 72
19 19 65
21 21 62
21 21 62
27 27 53
11 11 79
27 27 53
26 26 54
41 41 34
44 44 31
31 31 47
11 11 79
26 26 54
48 48 27
44 44 31
4 4 92
33 33 44
38 38 38
40 40 36
30 30 49
17 17 68
21 21 62
42 42 33
56 56 19
26 26 54
45 45 30
55 55 20
60 60 16
36 36 40
54 54 21
64 64 12
56 56 19
56 56 19
14 14 64
36 36 40
65 65 12
53 53 22
23 23 54
28 28 51
53 53 22
2 2 52
67 67 10
50 50 25
70 70 9
4 4 48
48 48 27
16 16 44
50 50 25
64 64 12
21 21 40
70 70 9
27 27 38
62 62 14
63 63 13
2 2 36
54 54 21
18 18 34
70 70 9
8 8 28
19 19 28
61 61 15
67 67 10
70 70 9
69 69 9
69 69 9
34 34 22
70 70 9
1 1 18
70 70 9
70 70 9
70 70 9
70 70 9
70 70 9
33 33 14
66 66 11
15 15 14
70 70 9
70 70 9
70 70 9
70 70 9
55 55 10
70 70 9
70 70 9
70 70 9
70 70 9
70 70 9
70 70 9
70 70 9
66 66 2
70 70 9
70 70 9
70 70 9
70 70 9
70 70 9
70 70 9
13 13 0
