500 100 4.3589
6 6 88
5 5 90
5 5 90
10 10 81
9 9 82
6 6 88
8 8 84
1 1 98
10 10 81
12 12 77
10 10 81
2 2 96
11 11 79
16 16 70
4 4 92
6 6 88
6 6 88
1 1 98
5 5 90
14 14 73
3 3 94
22 22 60
25 25 56
19 19 65
2 2 96
12 12 77
17 17 68
13 13 75
11 11 79
29 29 50
17 17 68
6 6 88
12 12 77
29 29 50
4 4 92
13 13 75
16 16 70
22 22 60
26 26 54
11 11 79
1 1 98
3 3 94
8 8 84
28 28 51
5 5 90
14 14 73
29 29 50
17 17 68
12 12 77
23 23 59
6 6 88
5 5 90
29 29 50
11 11 79
32 32 46
33 33 44
2 2 96
32 32 46
39 39 37
8 8 84
1 1 98
41 41 34
42 42 33
13 13 75
32 32 46
36 36 40
27 27 53
13 13 75
44 44 31
36 36 40
30 30 49
35 35 42
20 20 64
47 47 28
35 35 42
23 23 59
14 14 73
41 41 34
32 32 46
27 27 53
46 46 29
26 26 54
43 43 32
11 11 79
39 39 37
37 37 39
28 28 51
33 33 44
14 14 73
23 23 59
21 21 62
53 53 22
14 14 73
22 22 60
4 4 90
54 54 21
44 44 31
34 34 43
49 49 26
11 11 79
13 13 75
49 49 26
32 32 46
37 37 39
4 4 86
32 32 46
31 31 47
25 25 56
33 33 44
24 24 57
21 21 62
52 52 23
60 60 16
36 36 40
46 46 29
42 42 33
43 43 32
8 8 76
46 46 29
61 61 15
23 23 59
9 9 74
26 26 54
56 56 19
11 11 72
63 63 13
55 55 20
34 34 43
65 65 12
2 2 68
64 64 12
61 61 15
43 43 32
64 64 12
15 15 66
33 33 44
29 29 50
53 53 22
54 54 21
33 33 44
45 45 30
32 32 46
47 47 28
58 58 17
62 62 14
63 63 13
8 8 62
66 66 11
30 30 49
55 55 20
43 43 32
41 41 34
65 65 12
63 63 13
55 55 20
48 48 27
28 28 51
64 64 12
44 44 31
62 62 14
62 62 14
22 22 58
6 6 58
52 52 23
41 41 34
24 24 56
20 20 56
55 55 20
46 46 29
70 70 9
46 46 29
68 68 10
62 62 14
17 17 54
16 16 54
56 56 19
42 42 33
46 46 29
39 39 37
36 36 40
6 6 50
67 67 10
56 56 19
64 64 12
36 36 40
70 70 9
69 69 9
17 17 50
57 57 18
58 58 17
51 51 24
21 21 48
59 59 16
25 25 48
41 41 34
33 33 44
21 21 48
44 44 31
17 17 46
42 42 33
12 12 46
59 59 16
58 58 17
6 6 46
33 33 44
69 69 9
23 23 46
70 70 9
61 61 15
70 70 9
19 19 44
65 65 12
70 70 9
70 70 9
68 68 10
32 32 42
70 70 9
56 56 19
2 2 42
12 12 42
33 33 42
46 46 29
70 70 9
39 39 37
70 70 9
63 63 13
36 36 40
70 70 9
70 70 9
24 24 40
3 3 38
63 63 13
28 28 38
11 11 38
41 41 34
70 70 9
30 30 38
19 19 38
70 70 9
70 70 9
63 63 13
12 12 36
46 46 29
12 12 36
28 28 36
55 55 20
70 70 9
52 52 23
70 70 9
35 35 36
56 56 19
70 70 9
53 53 22
70 70 9
55 55 20
64 64 12
70 70 9
70 70 9
70 70 9
18 18 34
25 25 34
69 69 9
70 70 9
70 70 9
51 51 24
32 32 32
41 41 32
70 70 9
70 70 9
13 13 30
68 68 10
30 30 30
70 70 9
70 70 9
43 43 30
68 68 10
70 70 9
24 24 30
70 70 9
52 52 23
68 68 10
3 3 28
62 62 14
70 70 9
70 70 9
70 70 9
49 49 26
36 36 26
68 68 10
70 70 9
47 47 26
70 70 9
67 67 10
30 30 26
70 70 9
43 43 24
70 70 9
70 70 9
43 43 24
43 43 24
70 70 9
66 66 11
70 70 9
45 45 22
25 25 22
64 64 12
26 26 22
68 68 10
70 70 9
38 38 22
14 14 22
67 67 10
36 36 20
21 21 20
70 70 9
51 51 20
70 70 9
11 11 20
70 70 9
64 64 12
22 22 20
58 58 17
41 41 20
70 70 9
70 70 9
69 69 9
45 45 20
70 70 9
49 49 18
70 70 9
47 47 18
66 66 11
69 69 9
22 22 18
37 37 18
1 1 18
60 60 16
70 70 9
70 70 9
70 70 9
70 70 9
58 58 17
68 68 10
70 70 9
70 70 9
70 70 9
47 47 16
70 70 9
70 70 9
70 70 9
51 51 16
5 5 16
25 25 16
28 28 16
70 70 9
66 66 11
70 70 9
70 70 9
7 7 16
13 13 14
1 1 14
70 70 9
70 70 9
17 17 14
70 70 9
70 70 9
1 1 14
32 32 14
27 27 14
70 70 9
57 57 14
30 30 14
39 39 12
43 43 12
70 70 9
70 70 9
34 34 12
70 70 9
70 70 9
61 61 10
70 70 9
70 70 9
70 70 9
70 70 9
57 57 10
70 70 9
45 45 10
44 44 8
70 70 9
70 70 9
70 70 9
59 59 8
13 13 8
59 59 8
70 70 9
1 1 8
69 69 8
70 70 9
54 54 8
70 70 9
70 70 9
70 70 9
70 70 9
55 55 6
38 38 6
54 54 6
58 58 6
70 70 9
70 70 9
70 70 9
70 70 9
50 50 6
47 47 6
70 70 9
55 55 6
70 70 9
70 70 9
43 43 6
70 70 9
61 61 6
70 70 9
21 21 4
37 37 4
52 52 4
70 70 9
70 70 9
70 70 9
52 52 4
6 6 4
70 70 9
70 70 9
70 70 6
70 70 9
37 37 4
40 40 4
70 70 9
19 19 4
70 70 9
28 28 2
67 67 2
18 18 2
70 70 9
70 70 9
70 70 9
70 70 9
70 70 9
1 1 2
58 58 2
70 70 9
70 70 9
70 70 9
70 70 9
70 70 9
70 70 9
70 70 9
70 70 9
70 70 9
70 70 9
3 3 2
56 56 2
39 39 2
70 70 9
65 65 0
70 70 9
70 70 9
52 52 0
70 70 9
70 70 9
70 70 9
70 70 9
70 70 9
70 70 9
70 70 9
70 70 9
70 70 9
70 70 9
70 70 9
68 68 0
70 70 9
70 70 2
54 54 0
70 70 9
70 70 9
70 70 9
70 70 9
70 70 2
70 70 9
70 70 9
70 70 9
70 70 9
65 65 0
70 70 9
70 70 9
70 70 9
70 70 9
65 65 0
70 70 9
70 70 9
70 70 9
70 70 9
