500 100 4.3589
27 1 98
83 6 88
63 4 92
99 2 96
87 16 70
17 13 75
74 10 81
77 21 62
67 13 75
98 1 98
36 5 90
74 16 70
23 16 70
89 24 57
25 5 90
87 6 88
99 22 60
30 11 79
28 17 68
37 12 77
44 27 53
31 4 92
72 9 82
61 18 67
75 11 79
8 23 59
96 22 60
62 16 70
71 1 98
22 29 50
32 9 82
53 7 86
75 31 47
36 8 84
74 8 84
19 21 62
52 28 51
9 20 64
76 33 44
68 9 82
71 26 54
50 20 64
99 19 65
20 37 39
36 21 62
78 27 53
56 19 65
83 37 39
71 22 60
74 39 37
30 28 51
59 19 65
25 18 67
52 16 70
93 21 62
63 21 62
10 42 33
72 40 36
36 38 38
98 16 70
16 37 39
37 36 40
97 10 81
48 45 30
50 26 54
89 37 39
56 14 73
57 42 33
9 40 36
22 21 62
90 14 73
66 35 42
62 44 31
12 45 30
28 14 73
47 16 70
16 24 57
3 8 84
15 42 33
14 26 54
39 49 26
41 34 43
30 28 51
4 33 44
49 28 51
48 40 36
19 45 30
47 41 34
80 36 40
59 33 44
4 28 51
90 49 26
69 26 54
88 20 64
7 49 26
14 31 47
26 21 62
1 9 82
68 52 23
68 35 42
1 51 24
19 48 27
64 41 34
94 44 31
1 10 81
96 5 84
37 48 27
59 27 53
57 9 82
15 26 54
24 22 60
68 49 26
23 36 40
10 15 72
50 44 31
66 26 54
51 58 17
58 17 68
30 59 16
82 39 37
34 53 22
82 8 76
44 24 57
5 8 76
69 61 15
48 32 46
40 29 50
34 52 23
99 43 32
99 50 25
36 33 44
17 61 15
23 27 53
23 56 19
37 13 72
26 63 13
86 42 33
67 28 51
15 41 34
90 54 21
73 45 30
13 62 14
54 45 30
95 51 24
83 59 16
95 2 68
25 44 31
67 62 14
73 7 68
63 6 68
47 21 62
67 15 68
17 35 42
61 46 29
48 50 25
60 2 66
98 37 39
49 25 56
47 36 40
99 60 16
57 24 57
71 65 12
15 10 64
7 48 27
89 5 64
84 45 30
78 8 62
34 44 31
35 67 10
5 57 18
74 57 18
70 27 53
6 29 50
57 49 26
58 60 16
37 56 19
95 67 10
33 69 9
13 7 58
4 9 58
4 28 51
83 49 26
39 51 24
76 37 39
85 3 56
73 59 16
9 68 10
88 57 18
43 23 54
78 66 11
16 28 51
44 47 28
94 26 54
52 52 23
94 20 54
54 59 16
61 25 52
68 60 16
38 47 28
55 18 52
23 36 40
80 51 24
90 37 39
73 51 24
63 26 50
72 36 40
3 61 15
66 37 39
57 69 9
4 17 48
39 48 27
10 64 12
64 37 39
54 42 33
2 70 9
56 70 9
89 70 9
47 56 19
42 37 39
46 62 14
3 8 44
33 59 16
100 64 12
95 39 37
64 5 42
96 68 10
13 76 5
83 36 40
72 76 5
33 76 5
46 68 10
12 31 40
3 9 40
37 50 25
34 73 7
51 70 9
77 30 38
48 16 38
82 69 9
13 79 4
22 23 38
49 35 38
30 38 38
5 24 38
15 39 36
35 45 30
90 41 34
86 66 11
17 67 10
65 75 6
52 23 36
21 70 9
58 68 10
82 9 36
90 22 36
60 77 5
5 20 36
98 1 34
70 66 11
92 26 34
1 28 34
69 53 22
14 60 16
49 78 4
77 28 32
74 82 3
48 62 14
8 15 32
48 46 29
10 34 32
27 55 20
57 56 19
1 51 24
85 74 6
75 69 9
75 73 7
51 74 6
71 74 6
61 74 6
100 41 30
44 55 20
14 47 28
11 66 11
25 15 28
65 14 28
79 69 9
6 41 28
61 69 9
79 20 28
48 81 3
11 8 28
48 74 6
16 43 28
43 84 2
61 78 4
81 80 4
1 12 26
63 84 2
57 79 4
11 65 12
55 9 26
100 73 7
42 81 3
83 84 2
97 78 4
6 65 12
61 33 24
22 82 3
29 46 24
46 24 24
40 80 4
63 78 4
23 58 17
70 82 3
15 81 3
37 84 2
33 24 22
24 54 21
70 88 1
30 87 1
56 14 22
64 87 1
21 42 20
46 83 2
90 68 10
34 3 20
63 79 4
80 69 9
26 39 20
99 48 20
44 78 4
30 1 18
81 87 1
63 88 1
97 32 18
45 73 7
56 68 10
11 70 9
13 82 3
13 45 16
8 72 7
11 57 16
96 20 16
40 43 16
10 77 5
84 87 1
91 70 9
90 90 1
6 28 16
42 91 0
15 76 5
67 82 3
10 80 4
70 59 14
25 68 10
27 82 3
39 4 14
83 38 14
43 81 3
23 85 2
55 54 12
80 51 12
83 16 12
13 53 12
93 48 12
98 21 12
10 62 12
14 93 0
57 51 12
73 77 5
25 82 3
15 92 0
74 85 2
46 11 10
70 24 10
34 73 7
61 55 10
25 1 10
79 77 5
87 51 10
60 55 10
1 47 10
38 53 10
33 55 10
2 81 3
29 64 10
56 70 9
50 58 10
26 92 0
78 91 0
86 81 3
20 9 8
63 85 2
63 64 8
27 89 1
42 93 0
9 65 8
35 44 8
56 48 8
88 88 1
99 86 1
79 93 0
66 50 8
93 87 1
56 91 0
92 95 0
42 82 3
99 95 0
84 96 0
15 38 6
28 52 6
55 70 6
71 49 6
71 89 1
72 63 6
61 90 1
8 94 0
10 81 3
95 93 0
58 26 4
33 97 0
35 58 4
24 59 4
58 88 1
66 87 1
74 57 4
10 66 4
4 89 1
91 66 4
96 97 0
75 87 1
15 85 2
19 93 0
83 79 4
30 93 0
97 91 0
86 81 3
84 29 4
76 11 4
61 77 2
92 98 0
17 94 0
98 98 0
88 82 2
48 76 2
83 66 2
70 74 2
50 96 0
66 94 0
13 1 2
62 94 0
21 97 0
44 48 2
40 98 0
70 78 2
83 97 0
37 68 2
12 38 2
62 95 0
59 94 0
70 56 0
89 99 0
8 100 0
92 99 0
11 35 0
66 76 0
94 96 0
100 100 0
70 99 0
100 100 0
85 94 0
47 99 0
78 94 0
79 18 0
11 99 0
81 96 0
47 87 0
57 51 0
63 95 0
78 99 0
69 100 0
26 99 0
46 94 0
9 99 0
15 99 0
32 26 0
68 99 0
41 99 0
86 98 0
46 72 0
93 57 0
81 81 0
17 98 0
55 97 0
82 100 0
92 99 0
9 50 0
19 96 0
31 99 0
87 66 0
