5000 100 4.3589
11 1 98
13 3 94
12 2 96
13 3 94
11 1 98
11 1 98
15 5 90
13 3 94
15 5 90
14 4 92
13 3 94
14 4 92
13 3 94
12 2 96
11 1 98
18 8 84
15 5 90
11 1 98
16 6 88
11 1 98
11 1 98
16 6 88
14 4 92
12 2 96
18 8 84
18 8 84
11 1 98
17 7 86
20 10 81
17 7 86
13 3 94
21 11 79
15 5 90
14 4 92
16 6 88
13 3 94
15 5 90
18 8 84
19 9 82
16 6 88
15 5 90
12 2 96
21 11 79
22 12 77
21 11 79
22 12 77
18 8 84
20 10 81
23 13 75
21 11 79
22 12 77
11 1 98
17 7 86
13 3 94
20 10 81
13 3 94
19 9 82
24 14 73
16 6 88
18 8 84
16 6 88
19 9 82
22 12 77
17 7 86
21 11 79
21 11 79
15 5 90
21 11 79
13 3 94
23 13 75
16 6 88
17 7 86
12 2 96
24 14 73
21 11 79
11 1 98
18 8 84
13 3 94
21 11 79
20 10 81
26 16 70
15 5 90
17 7 86
22 12 77
20 10 81
11 1 98
18 8 84
18 8 84
18 8 84
13 3 94
28 18 67
21 11 79
22 12 77
18 8 84
22 12 77
11 1 98
27 17 68
29 19 65
22 12 77
17 7 86
29 19 65
25 15 72
22 12 77
24 14 73
28 18 67
22 12 77
23 13 75
24 14 73
23 13 75
18 8 84
19 9 82
28 18 67
21 11 79
27 17 68
23 13 75
19 9 82
19 9 82
14 4 92
20 10 81
23 13 75
16 6 88
27 17 68
24 14 73
12 2 96
16 6 88
27 17 68
14 4 92
23 13 75
11 1 98
27 17 68
30 20 64
26 16 70
28 18 67
19 9 82
15 5 90
15 5 90
16 6 88
25 15 72
31 21 62
11 1 98
31 21 62
26 16 70
14 4 92
23 13 75
28 18 67
24 14 73
31 21 62
20 10 81
20 10 81
26 16 70
21 11 79
23 13 75
20 10 81
19 9 82
12 2 96
11 1 98
25 15 72
32 22 60
11 1 98
21 11 79
29 19 65
26 16 70
14 4 92
23 13 75
12 2 96
28 18 67
32 22 60
33 23 59
34 24 57
18 8 84
27 17 68
28 18 67
23 13 75
22 12 77
15 5 90
16 6 88
13 3 94
32 22 60
31 21 62
35 25 56
13 3 94
28 18 67
17 7 86
27 17 68
15 5 90
18 8 84
24 14 73
25 15 72
34 24 57
23 13 75
11 1 98
12 2 96
33 23 59
26 16 70
31 21 62
31 21 62
34 24 57
18 8 84
36 26 54
29 19 65
31 21 62
25 15 72
14 4 92
22 12 77
11 1 98
22 12 77
29 19 65
26 16 70
26 16 70
16 6 88
14 4 92
16 6 88
25 15 72
35 25 56
21 11 79
31 21 62
20 10 81
30 20 64
21 11 79
28 18 67
31 21 62
23 13 75
23 13 75
21 11 79
34 24 57
30 20 64
26 16 70
29 19 65
33 23 59
38 28 51
23 13 75
33 23 59
18 8 84
23 13 75
22 12 77
13 3 94
38 28 51
29 19 65
28 18 67
38 28 51
19 9 82
30 20 64
34 24 57
17 7 86
39 29 50
34 24 57
29 19 65
22 12 77
24 14 73
37 27 53
24 14 73
35 25 56
26 16 70
21 11 79
33 23 59
40 30 49
29 19 65
11 1 98
16 6 88
27 17 68
36 26 54
32 22 60
32 22 60
27 17 68
26 16 70
40 30 49
39 29 50
37 27 53
32 22 60
26 16 70
22 12 77
38 28 51
23 13 75
32 22 60
26 16 70
16 6 88
31 21 62
17 7 86
35 25 56
15 5 90
34 24 57
30 20 64
11 1 98
23 13 75
23 13 75
35 25 56
17 7 86
41 31 47
31 21 62
23 13 75
40 30 49
33 23 59
26 16 70
39 29 50
16 6 88
32 22 60
18 8 84
23 13 75
36 26 54
39 29 50
32 22 60
18 8 84
42 32 46
35 25 56
21 11 79
30 20 64
41 31 47
30 20 64
15 5 90
28 18 67
38 28 51
31 21 62
42 32 46
32 22 60
27 17 68
13 3 94
21 11 79
41 31 47
35 25 56
27 17 68
16 6 88
31 21 62
22 12 77
41 31 47
18 8 84
35 25 56
30 20 64
25 15 72
21 11 79
22 12 77
31 21 62
38 28 51
37 27 53
25 15 72
27 17 68
37 27 53
32 22 60
28 18 67
19 9 82
41 31 47
11 1 98
21 11 79
38 28 51
15 5 90
13 3 94
24 14 73
35 25 56
21 11 79
38 28 51
44 34 43
12 2 96
36 26 54
44 34 43
33 23 59
31 21 62
42 32 46
38 28 51
18 8 84
40 30 49
23 13 75
32 22 60
45 35 42
32 22 60
27 17 68
32 22 60
20 10 81
40 30 49
27 17 68
33 23 59
15 5 90
31 21 62
40 30 49
42 32 46
46 36 40
26 16 70
15 5 90
34 24 57
31 21 62
36 26 54
12 2 96
23 13 75
46 36 40
45 35 42
32 22 60
46 36 40
25 15 72
11 1 98
44 34 43
18 8 84
41 31 47
21 11 79
19 9 82
26 16 70
47 37 39
28 18 67
41 31 47
12 2 96
25 15 72
31 21 62
13 3 94
25 15 72
41 31 47
11 1 98
33 23 59
20 10 81
43 33 44
34 24 57
16 6 88
23 13 75
34 24 57
38 28 51
22 12 77
29 19 65
23 13 75
33 23 59
45 35 42
26 16 70
19 9 82
33 23 59
34 24 57
40 30 49
22 12 77
41 31 47
17 7 86
26 16 70
23 13 75
41 31 47
42 32 46
28 18 67
34 24 57
23 13 75
34 24 57
47 37 39
13 3 94
34 24 57
17 7 86
39 29 50
22 12 77
47 37 39
25 15 72
44 34 43
13 3 94
23 13 75
22 12 77
48 38 38
12 2 96
27 17 68
39 29 50
19 9 82
39 29 50
21 11 79
37 27 53
15 5 90
46 36 40
20 10 81
29 19 65
23 13 75
25 15 72
12 2 96
39 29 50
22 12 77
29 19 65
41 31 47
15 5 90
25 15 72
39 29 50
43 33 44
50 40 36
21 11 79
16 6 88
27 17 68
41 31 47
14 4 92
16 6 88
41 31 47
14 4 92
43 33 44
33 23 59
40 30 49
30 20 64
45 35 42
49 39 37
44 34 43
22 12 77
48 38 38
13 3 94
18 8 84
34 24 57
47 37 39
48 38 38
47 37 39
25 15 72
37 27 53
33 23 59
42 32 46
33 23 59
27 17 68
44 34 43
47 37 39
28 18 67
50 40 36
47 37 39
47 37 39
32 22 60
25 15 72
47 37 39
20 10 81
30 20 64
51 41 34
18 8 84
43 33 44
31 21 62
47 37 39
39 29 50
19 9 82
52 42 33
46 36 40
40 30 49
20 10 81
11 1 98
43 33 44
45 35 42
13 3 94
40 30 49
34 24 57
49 39 37
52 42 33
41 31 47
16 6 88
29 19 65
21 11 79
16 6 88
16 6 88
22 12 77
32 22 60
43 33 44
29 19 65
37 27 53
40 30 49
36 26 54
37 27 53
14 4 92
18 8 84
41 31 47
22 12 77
12 2 96
52 42 33
40 30 49
36 26 54
24 14 73
19 9 82
44 34 43
40 30 49
30 20 64
35 25 56
31 21 62
35 25 56
30 20 64
15 5 90
25 15 72
29 19 65
40 30 49
51 41 34
53 43 32
25 15 72
13 3 94
18 8 84
53 43 32
53 43 32
36 26 54
20 10 81
39 29 50
47 37 39
37 27 53
52 42 33
26 16 70
15 5 90
47 37 39
15 5 90
47 37 39
32 22 60
28 18 67
18 8 84
39 29 50
46 36 40
45 35 42
17 7 86
51 41 34
45 35 42
45 35 42
36 26 54
51 41 34
34 24 57
39 29 50
25 15 72
53 43 32
52 42 33
36 26 54
17 7 86
49 39 37
51 41 34
36 26 54
49 39 37
20 10 81
51 41 34
14 4 92
55 45 30
24 14 73
48 38 38
36 26 54
43 33 44
39 29 50
25 15 72
55 45 30
15 5 90
28 18 67
47 37 39
36 26 54
55 45 30
55 45 30
18 8 84
23 13 75
26 16 70
35 25 56
40 30 49
37 27 53
30 20 64
38 28 51
33 23 59
54 44 31
48 38 38
52 42 33
51 41 34
49 39 37
33 23 59
52 42 33
56 46 29
38 28 51
48 38 38
48 38 38
20 10 81
18 8 84
35 25 56
55 45 30
28 18 67
48 38 38
12 2 96
37 27 53
24 14 73
16 6 88
26 16 70
40 30 49
49 39 37
51 41 34
19 9 82
12 2 96
27 17 68
16 6 88
45 35 42
22 12 77
38 28 51
36 26 54
22 12 77
53 43 32
30 20 64
26 16 70
48 38 38
27 17 68
33 23 59
50 40 36
55 45 30
44 34 43
50 40 36
45 35 42
33 23 59
56 46 29
41 31 47
35 25 56
48 38 38
57 47 28
57 47 28
39 29 50
30 20 64
53 43 32
40 30 49
54 44 31
30 20 64
27 17 68
42 32 46
12 2 96
15 5 90
27 17 68
48 38 38
50 40 36
52 42 33
56 46 29
46 36 40
12 2 96
54 44 31
55 45 30
38 28 51
38 28 51
40 30 49
28 18 67
39 29 50
57 47 28
15 5 90
56 46 29
25 15 72
35 25 56
55 45 30
48 38 38
17 7 86
12 2 96
54 44 31
56 46 29
36 26 54
55 45 30
58 48 27
21 11 79
12 2 96
31 21 62
54 44 31
13 3 94
17 7 86
46 36 40
22 12 77
52 42 33
54 44 31
17 7 86
49 39 37
58 48 27
47 37 39
28 18 67
50 40 36
50 40 36
51 41 34
36 26 54
25 15 72
19 9 82
58 48 27
37 27 53
58 48 27
30 20 64
40 30 49
46 36 40
27 17 68
29 19 65
27 17 68
34 24 57
34 24 57
52 42 33
24 14 73
54 44 31
32 22 60
51 41 34
59 49 26
28 18 67
53 43 32
13 3 94
51 41 34
35 25 56
33 23 59
22 12 77
48 38 38
53 43 32
55 45 30
33 23 59
54 44 31
47 37 39
48 38 38
58 48 27
37 27 53
46 36 40
19 9 82
45 35 42
45 35 42
35 25 56
57 47 28
12 2 96
32 22 60
36 26 54
58 48 27
18 8 84
21 11 79
40 30 49
19 9 82
58 48 27
57 47 28
58 48 27
37 27 53
20 10 81
37 27 53
48 38 38
42 32 46
45 35 42
28 18 67
50 40 36
28 18 67
53 43 32
23 13 75
20 10 81
42 32 46
51 41 34
56 46 29
52 42 33
38 28 51
20 10 81
23 13 75
20 10 81
35 25 56
29 19 65
59 49 26
43 33 44
58 48 27
45 35 42
59 49 26
14 4 92
55 45 30
11 1 98
36 26 54
60 50 25
45 35 42
53 43 32
26 16 70
43 33 44
27 17 68
49 39 37
33 23 59
47 37 39
18 8 84
23 13 75
23 13 75
53 43 32
58 48 27
60 50 25
25 15 72
51 41 34
25 15 72
43 33 44
52 42 33
24 14 73
23 13 75
17 7 86
56 46 29
53 43 32
36 26 54
24 14 73
57 47 28
36 26 54
57 47 28
58 48 27
32 22 60
61 51 24
30 20 64
29 19 65
61 51 24
36 26 54
39 29 50
38 28 51
51 41 34
59 49 26
34 24 57
39 29 50
50 40 36
56 46 29
59 49 26
43 33 44
44 34 43
31 21 62
46 36 40
23 13 75
54 44 31
48 38 38
55 45 30
46 36 40
22 12 77
44 34 43
59 49 26
41 31 47
19 9 82
58 48 27
40 30 49
21 11 79
51 41 34
23 13 75
38 28 51
47 37 39
57 47 28
30 20 64
49 39 37
30 20 64
23 13 75
11 1 94
39 29 50
58 48 27
27 17 68
47 37 39
59 49 26
28 18 67
12 2 94
48 38 38
56 46 29
56 46 29
42 32 46
20 10 81
29 19 65
55 45 30
12 2 94
57 47 28
58 48 27
51 41 34
40 30 49
11 1 92
60 50 25
36 26 54
50 40 36
20 10 81
44 34 43
18 8 84
54 44 31
61 51 24
35 25 56
31 21 62
49 39 37
44 34 43
39 29 50
38 28 51
53 43 32
39 29 50
47 37 39
26 16 70
37 27 53
34 24 57
46 36 40
33 23 59
25 15 72
52 42 33
27 17 68
56 46 29
29 19 65
19 9 82
51 41 34
50 40 36
11 1 92
39 29 50
38 28 51
37 27 53
32 22 60
24 14 73
23 13 75
50 40 36
47 37 39
15 5 90
28 18 67
30 20 64
27 17 68
47 37 39
33 23 59
60 50 25
54 44 31
25 15 72
12 2 90
23 13 75
59 49 26
47 37 39
56 46 29
19 9 82
42 32 46
26 16 70
58 48 27
20 10 81
18 8 84
29 19 65
15 5 90
31 21 62
11 1 88
49 39 37
12 2 88
45 35 42
53 43 32
26 16 70
23 13 75
55 45 30
61 51 24
30 20 64
45 35 42
64 54 21
64 54 21
29 19 65
21 11 79
55 45 30
47 37 39
49 39 37
18 8 84
12 2 88
54 44 31
24 14 73
13 3 88
50 40 36
45 35 42
61 51 24
57 47 28
46 36 40
53 43 32
61 51 24
60 50 25
31 21 62
19 9 82
47 37 39
55 45 30
31 21 62
43 33 44
20 10 81
36 26 54
18 8 84
20 10 81
45 35 42
50 40 36
54 44 31
28 18 67
39 29 50
59 49 26
30 20 64
53 43 32
32 22 60
37 27 53
48 38 38
57 47 28
63 53 22
51 41 34
38 28 51
28 18 67
44 34 43
46 36 40
62 52 23
56 46 29
55 45 30
58 48 27
50 40 36
47 37 39
46 36 40
60 50 25
63 53 22
40 30 49
57 47 28
48 38 38
20 10 81
63 53 22
54 44 31
12 2 86
50 40 36
21 11 79
66 56 19
47 37 39
19 9 82
49 39 37
11 1 84
64 54 21
67 57 18
37 27 53
41 31 47
42 32 46
39 29 50
18 8 84
42 32 46
58 48 27
28 18 67
34 24 57
45 35 42
51 41 34
40 30 49
19 9 82
51 41 34
21 11 79
49 39 37
52 42 33
50 40 36
20 10 81
13 3 84
27 17 68
32 22 60
29 19 65
24 14 73
63 53 22
12 2 84
20 10 81
53 43 32
66 56 19
45 35 42
64 54 21
30 20 64
50 40 36
49 39 37
48 38 38
25 15 72
53 43 32
56 46 29
26 16 70
21 11 79
51 41 34
55 45 30
19 9 82
68 58 17
32 22 60
59 49 26
65 55 20
56 46 29
11 1 82
63 53 22
56 46 29
41 31 47
68 58 17
24 14 73
59 49 26
58 48 27
26 16 70
46 36 40
43 33 44
36 26 54
30 20 64
33 23 59
58 48 27
37 27 53
40 30 49
56 46 29
66 56 19
61 51 24
60 50 25
61 51 24
49 39 37
27 17 68
44 34 43
28 18 67
55 45 30
51 41 34
68 58 17
52 42 33
65 55 20
56 46 29
13 3 82
40 30 49
50 40 36
61 51 24
34 24 57
23 13 75
28 18 67
64 54 21
59 49 26
16 6 80
69 59 16
49 39 37
22 12 77
52 42 33
64 54 21
16 6 80
55 45 30
48 38 38
66 56 19
69 59 16
64 54 21
67 57 18
61 51 24
34 24 57
23 13 75
63 53 22
52 42 33
32 22 60
57 47 28
46 36 40
45 35 42
55 45 30
20 10 80
66 56 19
12 2 80
39 29 50
18 8 80
41 31 47
43 33 44
15 5 80
30 20 64
66 56 19
50 40 36
57 47 28
31 21 62
36 26 54
58 48 27
70 60 16
35 25 56
30 20 64
27 17 68
57 47 28
64 54 21
33 23 59
21 11 78
30 20 64
24 14 73
56 46 29
34 24 57
58 48 27
15 5 78
49 39 37
33 23 59
60 50 25
68 58 17
57 47 28
20 10 78
50 40 36
39 29 50
34 24 57
61 51 24
24 14 73
16 6 78
47 37 39
32 22 60
64 54 21
70 60 16
35 25 56
52 42 33
65 55 20
69 59 16
65 55 20
54 44 31
66 56 19
59 49 26
11 1 78
27 17 68
66 56 19
25 15 72
28 18 67
38 28 51
53 43 32
54 44 31
25 15 72
37 27 53
51 41 34
42 32 46
53 43 32
44 34 43
14 4 76
59 49 26
58 48 27
56 46 29
67 57 18
49 39 37
61 51 24
62 52 23
71 61 15
28 18 67
43 33 44
56 46 29
39 29 50
28 18 67
13 3 76
36 26 54
11 1 76
62 52 23
41 31 47
52 42 33
41 31 47
20 10 76
19 9 76
71 61 15
55 45 30
62 52 23
66 56 19
32 22 60
68 58 17
65 55 20
69 59 16
46 36 40
27 17 68
71 61 15
49 39 37
33 23 59
64 54 21
39 29 50
47 37 39
65 55 20
20 10 76
33 23 59
17 7 76
70 60 16
61 51 24
36 26 54
49 39 37
26 16 70
46 36 40
54 44 31
36 26 54
42 32 46
21 11 74
15 5 74
61 51 24
69 59 16
58 48 27
21 11 74
14 4 74
33 23 59
19 9 74
50 40 36
57 47 28
13 3 74
11 1 74
11 1 74
59 49 26
65 55 20
38 28 51
22 12 74
56 46 29
41 31 47
68 58 17
69 59 16
30 20 64
44 34 43
56 46 29
27 17 68
52 42 33
54 44 31
37 27 53
13 3 74
31 21 62
69 59 16
23 13 74
51 41 34
48 38 38
61 51 24
65 55 20
56 46 29
18 8 74
20 10 74
26 16 70
16 6 74
53 43 32
55 45 30
62 52 23
62 52 23
44 34 43
72 62 14
47 37 39
43 33 44
23 13 72
54 44 31
65 55 20
31 21 62
54 44 31
12 2 72
67 57 18
73 63 13
70 60 16
62 52 23
42 32 46
24 14 72
29 19 65
27 17 68
60 50 25
28 18 67
36 26 54
69 59 16
52 42 33
44 34 43
61 51 24
61 51 24
70 60 16
69 59 16
20 10 72
24 14 72
57 47 28
43 33 44
32 22 60
28 18 67
63 53 22
36 26 54
20 10 72
39 29 50
48 38 38
46 36 40
57 47 28
21 11 72
25 15 72
72 62 14
66 56 19
43 33 44
36 26 54
74 64 12
67 57 18
69 59 16
45 35 42
70 60 16
66 56 19
34 24 57
69 59 16
60 50 25
18 8 70
71 61 15
39 29 50
27 17 68
44 34 43
52 42 33
71 61 15
70 60 16
58 48 27
66 56 19
32 22 60
45 35 42
74 64 12
20 10 70
57 47 28
11 1 70
18 8 70
53 43 32
38 28 51
33 23 59
46 36 40
31 21 62
41 31 47
67 57 18
73 63 13
73 63 13
36 26 54
64 54 21
30 20 64
39 29 50
51 41 34
68 58 17
70 60 16
42 32 46
30 20 64
53 43 32
52 42 33
74 64 12
63 53 22
34 24 57
62 52 23
34 24 57
72 62 14
60 50 25
15 5 68
73 63 13
58 48 27
62 52 23
22 12 68
25 15 68
18 8 68
33 23 59
29 19 65
39 29 50
62 52 23
16 6 68
23 13 68
66 56 19
38 28 51
59 49 26
52 42 33
30 20 64
26 16 68
74 64 12
59 49 26
11 1 68
24 14 68
22 12 68
15 5 68
73 63 13
63 53 22
43 33 44
56 46 29
37 27 53
68 58 17
71 61 15
46 36 40
47 37 39
45 35 42
57 47 28
48 38 38
55 45 30
27 17 68
70 60 16
35 25 56
27 17 68
24 14 68
42 32 46
69 59 16
19 9 66
18 8 66
74 64 12
69 59 16
11 1 66
74 64 12
22 12 66
34 24 57
72 62 14
22 12 66
62 52 23
68 58 17
59 49 26
65 55 20
33 23 59
56 46 29
75 65 12
27 17 66
56 46 29
35 25 56
38 28 51
73 63 13
35 25 56
17 7 66
42 32 46
37 27 53
30 20 64
32 22 60
33 23 59
76 66 11
73 63 13
60 50 25
32 22 60
73 63 13
31 21 62
37 27 53
51 41 34
53 43 32
76 66 11
66 56 19
44 34 43
68 58 17
12 2 66
55 45 30
13 3 66
71 61 15
28 18 66
23 13 66
68 58 17
22 12 66
44 34 43
17 7 66
39 29 50
18 8 66
48 38 38
22 12 66
62 52 23
48 38 38
38 28 51
41 31 47
33 23 59
47 37 39
68 58 17
77 67 10
70 60 16
77 67 10
76 66 11
39 29 50
67 57 18
27 17 64
43 33 44
62 52 23
20 10 64
62 52 23
44 34 43
11 1 64
38 28 51
61 51 24
44 34 43
75 65 12
69 59 16
71 61 15
43 33 44
64 54 21
36 26 54
57 47 28
75 65 12
66 56 19
11 1 64
74 64 12
54 44 31
62 52 23
63 53 22
24 14 64
21 11 64
53 43 32
46 36 40
65 55 20
36 26 54
38 28 51
43 33 44
66 56 19
34 24 57
40 30 49
13 3 62
42 32 46
77 67 10
62 52 23
16 6 62
56 46 29
64 54 21
49 39 37
62 52 23
33 23 59
37 27 53
55 45 30
30 20 62
53 43 32
45 35 42
60 50 25
36 26 54
61 51 24
35 25 56
63 53 22
59 49 26
48 38 38
40 30 49
23 13 62
16 6 62
41 31 47
47 37 39
66 56 19
76 66 11
61 51 24
59 49 26
62 52 23
35 25 56
59 49 26
78 68 10
73 63 13
62 52 23
64 54 21
29 19 62
52 42 33
55 45 30
55 45 30
41 31 47
70 60 16
78 68 10
70 60 16
59 49 26
77 67 10
32 22 60
26 16 62
48 38 38
39 29 50
18 8 62
65 55 20
43 33 44
27 17 60
45 35 42
20 10 60
72 62 14
43 33 44
43 33 44
69 59 16
44 34 43
60 50 25
46 36 40
59 49 26
36 26 54
15 5 60
36 26 54
48 38 38
77 67 10
29 19 60
58 48 27
35 25 56
66 56 19
53 43 32
31 21 60
60 50 25
56 46 29
42 32 46
22 12 60
74 64 12
43 33 44
39 29 50
73 63 13
12 2 60
72 62 14
14 4 60
33 23 59
66 56 19
54 44 31
49 39 37
72 62 14
70 60 16
66 56 19
41 31 47
49 39 37
23 13 60
78 68 10
13 3 60
58 48 27
14 4 60
76 66 11
25 15 60
51 41 34
18 8 60
70 60 16
68 58 17
56 46 29
39 29 50
29 19 60
16 6 60
72 62 14
45 35 42
37 27 53
50 40 36
79 69 9
73 63 13
20 10 58
58 48 27
60 50 25
65 55 20
69 59 16
36 26 54
47 37 39
11 1 58
31 21 58
71 61 15
73 63 13
64 54 21
74 64 12
28 18 58
54 44 31
78 68 10
60 50 25
14 4 58
76 66 11
70 60 16
68 58 17
52 42 33
74 64 12
79 69 9
59 49 26
17 7 58
49 39 37
12 2 58
62 52 23
70 60 16
32 22 58
65 55 20
67 57 18
60 50 25
51 41 34
35 25 56
55 45 30
27 17 58
31 21 58
60 50 25
54 44 31
48 38 38
63 53 22
53 43 32
21 11 58
47 37 39
74 64 12
43 33 44
47 37 39
68 58 17
40 30 49
30 20 58
44 34 43
76 66 11
56 46 29
41 31 47
70 60 16
69 59 16
79 69 9
19 9 56
49 39 37
44 34 43
28 18 56
70 60 16
58 48 27
61 51 24
78 68 10
55 45 30
49 39 37
66 56 19
50 40 36
25 15 56
72 62 14
67 57 18
15 5 56
25 15 56
63 53 22
52 42 33
77 67 10
14 4 56
79 69 9
53 43 32
50 40 36
30 20 56
55 45 30
55 45 30
76 66 11
70 60 16
71 61 15
76 66 11
72 62 14
13 3 56
78 68 10
30 20 56
39 29 50
62 52 23
24 14 56
40 30 49
80 70 9
56 46 29
62 52 23
26 16 56
69 59 16
15 5 56
68 58 17
52 42 33
75 65 12
29 19 56
71 61 15
18 8 56
66 56 19
67 57 18
49 39 37
69 59 16
16 6 56
39 29 50
47 37 39
46 36 40
46 36 40
41 31 47
65 55 20
77 67 10
19 9 56
13 3 56
64 54 21
82 72 7
17 7 54
62 52 23
50 40 36
64 54 21
70 60 16
29 19 54
19 9 54
73 63 13
14 4 54
45 35 42
43 33 44
22 12 54
67 57 18
78 68 10
46 36 40
78 68 10
11 1 54
64 54 21
27 17 54
43 33 44
74 64 12
18 8 54
62 52 23
39 29 50
24 14 54
25 15 54
26 16 54
48 38 38
33 23 54
71 61 15
70 60 16
57 47 28
45 35 42
82 72 7
73 63 13
44 34 43
82 72 7
78 68 10
66 56 19
57 47 28
80 70 9
15 5 54
53 43 32
78 68 10
72 62 14
58 48 27
43 33 44
15 5 54
47 37 39
13 3 54
31 21 54
29 19 54
45 35 42
72 62 14
70 60 16
40 30 49
74 64 12
11 1 54
80 70 9
12 2 52
80 70 9
77 67 10
63 53 22
70 60 16
32 22 52
22 12 52
72 62 14
63 53 22
17 7 52
30 20 52
34 24 52
59 49 26
46 36 40
77 67 10
13 3 52
82 72 7
41 31 47
53 43 32
64 54 21
50 40 36
32 22 52
30 20 52
76 66 11
23 13 52
82 72 7
41 31 47
32 22 52
67 57 18
78 68 10
20 10 52
42 32 46
70 60 16
66 56 19
77 67 10
50 40 36
76 66 11
74 64 12
63 53 22
30 20 52
70 60 16
69 59 16
46 36 40
20 10 52
81 71 8
71 61 15
27 17 52
22 12 52
68 58 17
79 69 9
41 31 47
11 1 52
60 50 25
21 11 52
40 30 49
75 65 12
67 57 18
52 42 33
36 26 52
35 25 50
67 57 18
77 67 10
48 38 38
43 33 44
57 47 28
74 64 12
82 72 7
57 47 28
64 54 21
34 24 50
55 45 30
82 72 7
48 38 38
57 47 28
83 73 7
66 56 19
71 61 15
36 26 50
83 73 7
84 74 6
30 20 50
69 59 16
53 43 32
56 46 29
71 61 15
77 67 10
79 69 9
41 31 47
73 63 13
75 65 12
21 11 50
46 36 40
78 68 10
65 55 20
73 63 13
84 74 6
59 49 26
24 14 50
75 65 12
60 50 25
40 30 49
80 70 9
39 29 50
33 23 50
71 61 15
18 8 50
57 47 28
53 43 32
75 65 12
51 41 34
36 26 50
83 73 7
59 49 26
68 58 17
23 13 50
51 41 34
79 69 9
43 33 44
70 60 16
46 36 40
79 69 9
69 59 16
57 47 28
63 53 22
70 60 16
42 32 46
75 65 12
22 12 48
23 13 48
76 66 11
61 51 24
58 48 27
81 71 8
58 48 27
56 46 29
49 39 37
41 31 47
57 47 28
58 48 27
13 3 48
78 68 10
33 23 48
33 23 48
14 4 48
85 75 6
57 47 28
77 67 10
61 51 24
83 73 7
44 34 43
79 69 9
74 64 12
64 54 21
37 27 48
72 62 14
39 29 48
64 54 21
85 75 6
76 66 11
41 31 47
53 43 32
65 55 20
31 21 48
60 50 25
73 63 13
47 37 39
56 46 29
26 16 48
78 68 10
83 73 7
48 38 38
64 54 21
54 44 31
55 45 30
37 27 48
65 55 20
80 70 9
69 59 16
28 18 48
50 40 36
68 58 17
81 71 8
58 48 27
61 51 24
33 23 48
65 55 20
82 72 7
50 40 36
65 55 20
12 2 48
31 21 48
82 72 7
80 70 9
55 45 30
52 42 33
52 42 33
82 72 7
58 48 27
64 54 21
59 49 26
67 57 18
41 31 46
70 60 16
71 61 15
32 22 46
84 74 6
75 65 12
24 14 46
58 48 27
67 57 18
85 75 6
68 58 17
78 68 10
33 23 46
47 37 39
76 66 11
86 76 5
60 50 25
62 52 23
37 27 46
68 58 17
60 50 25
66 56 19
15 5 46
86 76 5
37 27 46
75 65 12
60 50 25
29 19 46
67 57 18
39 29 46
53 43 32
75 65 12
33 23 46
67 57 18
51 41 34
82 72 7
67 57 18
16 6 46
54 44 31
84 74 6
34 24 46
72 62 14
45 35 42
65 55 20
73 63 13
58 48 27
67 57 18
53 43 32
70 60 16
66 56 19
69 59 16
79 69 9
30 20 46
78 68 10
84 74 6
69 59 16
80 70 9
44 34 43
76 66 11
75 65 12
85 75 6
72 62 14
25 15 46
44 34 43
56 46 29
62 52 23
81 71 8
85 75 6
86 76 5
57 47 28
63 53 22
75 65 12
72 62 14
43 33 44
87 77 5
44 34 43
69 59 16
26 16 44
65 55 20
43 33 44
59 49 26
24 14 44
24 14 44
45 35 42
40 30 44
18 8 44
33 23 44
81 71 8
64 54 21
78 68 10
52 42 33
59 49 26
86 76 5
79 69 9
31 21 44
18 8 44
83 73 7
58 48 27
77 67 10
85 75 6
49 39 37
72 62 14
84 74 6
27 17 44
22 12 44
24 14 44
37 27 44
86 76 5
75 65 12
75 65 12
73 63 13
54 44 31
72 62 14
34 24 44
80 70 9
58 48 27
27 17 44
68 58 17
81 71 8
72 62 14
81 71 8
86 76 5
84 74 6
71 61 15
27 17 44
81 71 8
18 8 44
19 9 44
30 20 44
72 62 14
66 56 19
50 40 36
67 57 18
13 3 44
74 64 12
74 64 12
18 8 44
43 33 44
36 26 44
78 68 10
51 41 34
82 72 7
76 66 11
33 23 44
69 59 16
69 59 16
37 27 44
24 14 44
85 75 6
59 49 26
73 63 13
82 72 7
83 73 7
41 31 44
34 24 44
27 17 44
63 53 22
76 66 11
74 64 12
79 69 9
79 69 9
78 68 10
45 35 42
84 74 6
78 68 10
14 4 42
24 14 42
84 74 6
77 67 10
44 34 42
60 50 25
71 61 15
83 73 7
48 38 38
46 36 40
84 74 6
70 60 16
45 35 42
43 33 42
30 20 42
40 30 42
21 11 42
52 42 33
68 58 17
28 18 42
28 18 42
39 29 42
67 57 18
74 64 12
79 69 9
35 25 42
33 23 42
85 75 6
74 64 12
64 54 21
86 76 5
59 49 26
15 5 42
82 72 7
70 60 16
60 50 25
47 37 39
58 48 27
66 56 19
58 48 27
46 36 40
32 22 42
49 39 37
52 42 33
87 77 5
63 53 22
84 74 6
74 64 12
82 72 7
41 31 42
83 73 7
42 32 42
37 27 42
40 30 42
70 60 16
57 47 28
87 77 5
61 51 24
24 14 42
28 18 42
39 29 42
51 41 34
77 67 10
22 12 42
19 9 42
64 54 21
84 74 6
37 27 42
79 69 9
86 76 5
68 58 17
62 52 23
81 71 8
32 22 42
16 6 40
54 44 31
79 69 9
42 32 40
79 69 9
58 48 27
84 74 6
38 28 40
70 60 16
71 61 15
66 56 19
73 63 13
83 73 7
77 67 10
89 79 4
80 70 9
49 39 37
56 46 29
39 29 40
39 29 40
74 64 12
12 2 40
84 74 6
27 17 40
76 66 11
27 17 40
88 78 4
88 78 4
53 43 32
71 61 15
72 62 14
37 27 40
88 78 4
19 9 40
54 44 31
51 41 34
83 73 7
49 39 37
38 28 40
88 78 4
68 58 17
29 19 40
77 67 10
81 71 8
61 51 24
44 34 40
22 12 40
85 75 6
33 23 40
75 65 12
19 9 40
73 63 13
85 75 6
85 75 6
46 36 40
87 77 5
26 16 40
65 55 20
87 77 5
81 71 8
73 63 13
71 61 15
79 69 9
81 71 8
62 52 23
30 20 40
58 48 27
75 65 12
73 63 13
46 36 38
79 69 9
79 69 9
76 66 11
69 59 16
79 69 9
83 73 7
86 76 5
21 11 38
87 77 5
82 72 7
23 13 38
68 58 17
75 65 12
67 57 18
47 37 38
72 62 14
23 13 38
78 68 10
85 75 6
73 63 13
48 38 38
73 63 13
66 56 19
79 69 9
73 63 13
20 10 38
90 80 4
90 80 4
73 63 13
85 75 6
63 53 22
61 51 24
86 76 5
52 42 33
75 65 12
51 41 34
89 79 4
59 49 26
55 45 30
19 9 38
73 63 13
77 67 10
55 45 30
25 15 38
89 79 4
52 42 33
81 71 8
87 77 5
86 76 5
67 57 18
20 10 38
24 14 38
49 39 37
86 76 5
69 59 16
32 22 38
67 57 18
87 77 5
89 79 4
55 45 30
27 17 38
79 69 9
43 33 38
71 61 15
34 24 38
15 5 36
64 54 21
79 69 9
88 78 4
79 69 9
79 69 9
69 59 16
83 73 7
78 68 10
78 68 10
24 14 36
44 34 36
22 12 36
26 16 36
86 76 5
45 35 36
77 67 10
83 73 7
90 80 4
63 53 22
87 77 5
42 32 36
87 77 5
54 44 31
66 56 19
69 59 16
76 66 11
74 64 12
30 20 36
65 55 20
60 50 25
21 11 36
64 54 21
34 24 36
72 62 14
81 71 8
86 76 5
73 63 13
65 55 20
46 36 36
66 56 19
82 72 7
29 19 36
65 55 20
83 73 7
33 23 36
67 57 18
85 75 6
25 15 36
74 64 12
83 73 7
90 80 4
74 64 12
77 67 10
78 68 10
83 73 7
24 14 36
59 49 26
70 60 16
91 81 3
31 21 36
86 76 5
78 68 10
78 68 10
33 23 36
72 62 14
64 54 21
79 69 9
59 49 26
85 75 6
75 65 12
29 19 36
75 65 12
64 54 21
57 47 28
79 69 9
70 60 16
85 75 6
87 77 5
48 38 36
36 26 36
40 30 36
28 18 36
62 52 23
64 54 21
91 81 3
64 54 21
37 27 34
27 17 34
74 64 12
62 52 23
51 41 34
48 38 34
43 33 34
92 82 3
17 7 34
80 70 9
62 52 23
38 28 34
79 69 9
18 8 34
82 72 7
75 65 12
86 76 5
71 61 15
76 66 11
41 31 34
49 39 34
61 51 24
41 31 34
34 24 34
37 27 34
90 80 4
71 61 15
47 37 34
22 12 34
16 6 34
91 81 3
77 67 10
55 45 30
50 40 34
65 55 20
66 56 19
86 76 5
66 56 19
81 71 8
76 66 11
70 60 16
31 21 34
92 82 3
91 81 3
83 73 7
82 72 7
82 72 7
45 35 34
82 72 7
91 81 3
81 71 8
58 48 27
63 53 22
87 77 5
17 7 34
83 73 7
76 66 11
26 16 34
63 53 22
61 51 24
46 36 34
86 76 5
69 59 16
66 56 19
75 65 12
67 57 18
13 3 34
72 62 14
68 58 17
82 72 7
89 79 4
18 8 34
86 76 5
91 81 3
89 79 4
48 38 34
82 72 7
46 36 32
18 8 32
89 79 4
79 69 9
76 66 11
27 17 32
84 74 6
64 54 21
14 4 32
85 75 6
19 9 32
57 47 28
67 57 18
68 58 17
62 52 23
56 46 29
81 71 8
79 69 9
61 51 24
59 49 26
93 83 2
72 62 14
80 70 9
75 65 12
73 63 13
34 24 32
57 47 28
38 28 32
43 33 32
50 40 32
12 2 32
72 62 14
68 58 17
12 2 32
47 37 32
41 31 32
50 40 32
22 12 32
47 37 32
81 71 8
81 71 8
29 19 32
68 58 17
89 79 4
92 82 3
93 83 2
77 67 10
11 1 32
54 44 31
83 73 7
87 77 5
51 41 32
80 70 9
85 75 6
49 39 32
43 33 32
81 71 8
69 59 16
65 55 20
83 73 7
87 77 5
93 83 2
41 31 32
88 78 4
36 26 32
28 18 32
47 37 32
85 75 6
93 83 2
80 70 9
21 11 32
83 73 7
61 51 24
91 81 3
67 57 18
84 74 6
14 4 32
71 61 15
55 45 30
78 68 10
82 72 7
65 55 20
44 34 32
52 42 32
43 33 32
26 16 32
42 32 32
93 83 2
37 27 32
66 56 19
70 60 16
57 47 28
80 70 9
77 67 10
88 78 4
13 3 32
33 23 32
88 78 4
28 18 30
58 48 27
80 70 9
71 61 15
62 52 23
84 74 6
94 84 2
63 53 22
79 69 9
90 80 4
89 79 4
92 82 3
52 42 30
86 76 5
86 76 5
87 77 5
92 82 3
41 31 30
89 79 4
92 82 3
79 69 9
42 32 30
34 24 30
85 75 6
25 15 30
66 56 19
50 40 30
89 79 4
29 19 30
78 68 10
73 63 13
18 8 30
42 32 30
27 17 30
92 82 3
42 32 30
92 82 3
66 56 19
80 70 9
84 74 6
74 64 12
21 11 30
73 63 13
74 64 12
49 39 30
84 74 6
84 74 6
35 25 30
85 75 6
93 83 2
67 57 18
89 79 4
85 75 6
78 68 10
75 65 12
54 44 30
68 58 17
27 17 30
85 75 6
91 81 3
64 54 21
58 48 27
87 77 5
68 58 17
35 25 30
89 79 4
11 1 30
93 83 2
20 10 30
63 53 22
90 80 4
29 19 30
78 68 10
65 55 20
38 28 30
77 67 10
38 28 30
79 69 9
79 69 9
87 77 5
13 3 30
85 75 6
35 25 30
55 45 30
20 10 30
44 34 30
88 78 4
28 18 30
49 39 30
51 41 30
61 51 24
45 35 30
75 65 12
55 45 30
20 10 30
89 79 4
84 74 6
64 54 21
68 58 17
72 62 14
43 33 30
22 12 30
74 64 12
20 10 30
70 60 16
73 63 13
71 61 15
86 76 5
15 5 28
84 74 6
90 80 4
74 64 12
79 69 9
95 85 2
69 59 16
77 67 10
82 72 7
60 50 25
76 66 11
88 78 4
74 64 12
49 39 28
69 59 16
58 48 27
54 44 28
47 37 28
58 48 27
53 43 28
87 77 5
81 71 8
64 54 21
11 1 28
50 40 28
30 20 28
57 47 28
95 85 2
87 77 5
82 72 7
73 63 13
59 49 26
54 44 28
16 6 28
72 62 14
61 51 24
66 56 19
43 33 28
33 23 28
71 61 15
60 50 25
54 44 28
89 79 4
43 33 28
90 80 4
95 85 2
94 84 2
67 57 18
26 16 28
87 77 5
21 11 28
85 75 6
87 77 5
84 74 6
94 84 2
89 79 4
90 80 4
72 62 14
21 11 28
73 63 13
70 60 16
30 20 28
71 61 15
53 43 28
64 54 21
25 15 28
93 83 2
40 30 28
80 70 9
58 48 27
27 17 28
93 83 2
89 79 4
85 75 6
35 25 28
70 60 16
72 62 14
77 67 10
89 79 4
82 72 7
86 76 5
48 38 28
42 32 28
17 7 28
33 23 28
68 58 17
72 62 14
70 60 16
67 57 18
81 71 8
20 10 28
68 58 17
95 85 2
60 50 25
86 76 5
89 79 4
39 29 28
93 83 2
66 56 19
87 77 5
73 63 13
44 34 26
38 28 26
94 84 2
92 82 3
67 57 18
85 75 6
92 82 3
21 11 26
74 64 12
50 40 26
25 15 26
87 77 5
83 73 7
92 82 3
74 64 12
94 84 2
67 57 18
90 80 4
91 81 3
79 69 9
89 79 4
93 83 2
65 55 20
94 84 2
74 64 12
67 57 18
11 1 26
65 55 20
41 31 26
91 81 3
63 53 22
93 83 2
33 23 26
57 47 26
87 77 5
89 79 4
26 16 26
85 75 6
35 25 26
76 66 11
38 28 26
18 8 26
74 64 12
50 40 26
86 76 5
64 54 21
94 84 2
96 86 1
11 1 26
65 55 20
84 74 6
51 41 26
91 81 3
11 1 26
79 69 9
89 79 4
87 77 5
17 7 26
77 67 10
62 52 23
29 19 26
94 84 2
90 80 4
85 75 6
20 10 26
48 38 26
81 71 8
74 64 12
51 41 26
83 73 7
90 80 4
71 61 15
93 83 2
47 37 26
80 70 9
89 79 4
62 52 23
70 60 16
95 85 2
93 83 2
85 75 6
93 83 2
96 86 1
76 66 11
17 7 26
56 46 26
21 11 26
63 53 22
24 14 24
95 85 2
91 81 3
86 76 5
80 70 9
66 56 19
82 72 7
58 48 24
24 14 24
81 71 8
64 54 21
37 27 24
28 18 24
96 86 1
70 60 16
28 18 24
90 80 4
84 74 6
47 37 24
87 77 5
32 22 24
70 60 16
51 41 24
90 80 4
36 26 24
66 56 19
86 76 5
93 83 2
64 54 21
94 84 2
95 85 2
89 79 4
87 77 5
92 82 3
94 84 2
95 85 2
96 86 1
95 85 2
61 51 24
51 41 24
84 74 6
87 77 5
56 46 24
77 67 10
33 23 24
58 48 24
94 84 2
19 9 24
38 28 24
57 47 24
54 44 24
79 69 9
52 42 24
93 83 2
91 81 3
64 54 21
94 84 2
80 70 9
76 66 11
96 86 1
20 10 24
76 66 11
34 24 24
90 80 4
22 12 24
31 21 24
73 63 13
22 12 24
89 79 4
45 35 24
76 66 11
74 64 12
96 86 1
61 51 24
86 76 5
85 75 6
57 47 24
43 33 24
86 76 5
67 57 18
19 9 24
68 58 17
28 18 24
73 63 13
62 52 23
96 86 1
97 87 1
88 78 4
97 87 1
91 81 3
89 79 4
11 1 24
50 40 24
55 45 24
46 36 24
77 67 10
83 73 7
95 85 2
98 88 1
90 80 4
20 10 22
94 84 2
93 83 2
88 78 4
77 67 10
98 88 1
92 82 3
89 79 4
92 82 3
41 31 22
75 65 12
82 72 7
68 58 17
49 39 22
68 58 17
19 9 22
75 65 12
98 88 1
83 73 7
67 57 18
63 53 22
47 37 22
98 88 1
72 62 14
39 29 22
41 31 22
26 16 22
25 15 22
85 75 6
49 39 22
85 75 6
91 81 3
89 79 4
30 20 22
48 38 22
92 82 3
22 12 22
81 71 8
75 65 12
77 67 10
28 18 22
74 64 12
86 76 5
80 70 9
72 62 14
77 67 10
73 63 13
17 7 22
96 86 1
70 60 16
59 49 22
64 54 21
43 33 22
50 40 22
75 65 12
94 84 2
46 36 22
16 6 22
86 76 5
90 80 4
77 67 10
95 85 2
97 87 1
16 6 22
94 84 2
34 24 22
26 16 22
67 57 18
70 60 16
97 87 1
88 78 4
61 51 22
91 81 3
96 86 1
79 69 9
74 64 12
97 87 1
74 64 12
92 82 3
73 63 13
86 76 5
82 72 7
89 79 4
97 87 1
96 86 1
40 30 22
79 69 9
65 55 20
39 29 22
38 28 22
47 37 22
91 81 3
91 81 3
32 22 22
15 5 22
21 11 22
87 77 5
93 83 2
67 57 18
17 7 22
98 88 1
97 87 1
95 85 2
95 85 2
88 78 4
41 31 22
79 69 9
20 10 22
79 69 9
95 85 2
77 67 10
93 83 2
26 16 22
13 3 22
47 37 22
92 82 3
24 14 22
57 47 22
41 31 22
85 75 6
97 87 1
48 38 20
26 16 20
67 57 18
38 28 20
90 80 4
26 16 20
82 72 7
88 78 4
65 55 20
76 66 11
79 69 9
44 34 20
70 60 16
14 4 20
88 78 4
12 2 20
90 80 4
31 21 20
98 88 1
48 38 20
64 54 20
82 72 7
96 86 1
96 86 1
94 84 2
66 56 19
77 67 10
62 52 20
33 23 20
92 82 3
80 70 9
31 21 20
99 89 1
71 61 15
33 23 20
45 35 20
88 78 4
89 79 4
97 87 1
19 9 20
99 89 1
56 46 20
63 53 20
72 62 14
17 7 20
65 55 20
98 88 1
60 50 20
74 64 12
14 4 20
51 41 20
65 55 20
49 39 20
15 5 20
71 61 15
76 66 11
42 32 20
86 76 5
84 74 6
94 84 2
93 83 2
54 44 20
44 34 20
96 86 1
16 6 20
95 85 2
69 59 16
90 80 4
19 9 20
93 83 2
78 68 10
66 56 19
99 89 1
67 57 18
64 54 20
24 14 20
98 88 1
24 14 20
33 23 20
85 75 6
73 63 13
48 38 20
87 77 5
96 86 1
70 60 16
89 79 4
97 87 1
92 82 3
70 60 16
67 57 18
59 49 20
92 82 3
88 78 4
76 66 11
53 43 20
69 59 16
81 71 8
89 79 4
96 86 1
77 67 10
49 39 20
80 70 9
18 8 20
99 89 1
77 67 10
97 87 1
94 84 2
99 89 1
84 74 6
86 76 5
65 55 18
92 82 3
98 88 1
30 20 18
24 14 18
39 29 18
97 87 1
93 83 2
33 23 18
100 90 1
82 72 7
99 89 1
67 57 18
99 89 1
73 63 13
67 57 18
90 80 4
70 60 16
44 34 18
91 81 3
97 87 1
58 48 18
15 5 18
60 50 18
59 49 18
74 64 12
96 86 1
14 4 18
87 77 5
81 71 8
87 77 5
73 63 13
88 78 4
99 89 1
60 50 18
100 90 1
94 84 2
82 72 7
95 85 2
96 86 1
83 73 7
57 47 18
81 71 8
99 89 1
89 79 4
54 44 18
18 8 18
100 90 1
90 80 4
66 56 18
55 45 18
96 86 1
88 78 4
93 83 2
84 74 6
99 89 1
73 63 13
99 89 1
100 90 1
86 76 5
21 11 18
32 22 18
66 56 18
73 63 13
89 79 4
56 46 18
97 87 1
99 89 1
71 61 15
55 45 18
47 37 18
78 68 10
27 17 18
88 78 4
57 47 18
94 84 2
86 76 5
91 81 3
62 52 18
86 76 5
72 62 14
98 88 1
77 67 10
99 89 1
98 88 1
85 75 6
100 90 1
86 76 5
24 14 18
92 82 3
24 14 18
84 74 6
62 52 18
36 26 18
82 72 7
18 8 18
73 63 13
38 28 18
83 73 7
93 83 2
99 89 1
69 59 16
94 84 2
90 80 4
74 64 12
81 71 8
89 79 4
77 67 10
99 89 1
57 47 16
39 29 16
89 79 4
92 82 3
36 26 16
100 90 1
51 41 16
60 50 16
38 28 16
81 71 8
62 52 16
23 13 16
75 65 12
99 89 1
94 84 2
68 58 16
80 70 9
93 83 2
66 56 16
41 31 16
45 35 16
99 89 1
79 69 9
75 65 12
17 7 16
95 85 2
83 73 7
85 75 6
50 40 16
72 62 14
62 52 16
82 72 7
49 39 16
74 64 12
27 17 16
54 44 16
49 39 16
97 87 1
32 22 16
64 54 16
97 87 1
74 64 12
64 54 16
76 66 11
55 45 16
91 81 3
86 76 5
88 78 4
75 65 12
71 61 15
90 80 4
51 41 16
60 50 16
50 40 16
86 76 5
30 20 16
95 85 2
48 38 16
75 65 12
100 90 1
80 70 9
89 79 4
60 50 16
51 41 16
46 36 16
61 51 16
94 84 2
37 27 16
96 86 1
93 83 2
94 84 2
77 67 10
45 35 16
51 41 16
98 88 1
93 83 2
88 78 4
44 34 16
101 91 0
73 63 13
99 89 1
97 87 1
20 10 16
77 67 10
76 66 11
94 84 2
14 4 16
100 90 1
45 35 16
99 89 1
33 23 16
74 64 12
84 74 6
101 91 0
84 74 6
98 88 1
76 66 11
87 77 5
98 88 1
51 41 16
78 68 10
81 71 8
12 2 16
96 86 1
64 54 16
98 88 1
76 66 11
68 58 16
94 84 2
77 67 10
99 89 1
39 29 16
61 51 16
34 24 16
98 88 1
75 65 12
31 21 14
62 52 14
53 43 14
75 65 12
96 86 1
95 85 2
16 6 14
92 82 3
95 85 2
98 88 1
42 32 14
70 60 14
89 79 4
93 83 2
47 37 14
74 64 12
85 75 6
78 68 10
63 53 14
67 57 14
46 36 14
100 90 1
94 84 2
43 33 14
101 91 0
90 80 4
55 45 14
94 84 2
25 15 14
100 90 1
83 73 7
92 82 3
101 91 0
74 64 12
101 91 0
91 81 3
100 90 1
99 89 1
58 48 14
16 6 14
85 75 6
50 40 14
58 48 14
98 88 1
28 18 14
91 81 3
21 11 14
75 65 12
96 86 1
69 59 14
96 86 1
82 72 7
38 28 14
66 56 14
87 77 5
42 32 14
88 78 4
79 69 9
73 63 13
100 90 1
96 86 1
76 66 11
67 57 14
58 48 14
25 15 14
98 88 1
90 80 4
67 57 14
68 58 14
50 40 14
92 82 3
71 61 14
71 61 14
65 55 14
58 48 14
37 27 14
53 43 14
82 72 7
38 28 14
94 84 2
99 89 1
54 44 14
95 85 2
12 2 14
92 82 3
50 40 14
102 92 0
95 85 2
34 24 14
37 27 14
89 79 4
38 28 14
86 76 5
45 35 14
86 76 5
87 77 5
97 87 1
78 68 10
88 78 4
99 89 1
102 92 0
95 85 2
93 83 2
101 91 0
35 25 14
100 90 1
35 25 14
55 45 14
81 71 8
69 59 14
76 66 11
98 88 1
102 92 0
88 78 4
98 88 1
99 89 1
36 26 14
55 45 14
68 58 14
51 41 14
78 68 10
94 84 2
80 70 9
98 88 1
91 81 3
102 92 0
76 66 11
30 20 14
66 56 14
100 90 1
89 79 4
47 37 14
42 32 14
60 50 14
100 90 1
80 70 9
90 80 4
98 88 1
100 90 1
89 79 4
83 73 7
75 65 12
100 90 1
26 16 12
38 28 12
103 93 0
98 88 1
75 65 12
96 86 1
61 51 12
100 90 1
96 86 1
94 84 2
28 18 12
88 78 4
91 81 3
83 73 7
46 36 12
57 47 12
79 69 9
94 84 2
103 93 0
85 75 6
60 50 12
73 63 12
100 90 1
102 92 0
92 82 3
64 54 12
99 89 1
26 16 12
86 76 5
85 75 6
85 75 6
94 84 2
103 93 0
89 79 4
100 90 1
102 92 0
98 88 1
32 22 12
78 68 10
101 91 0
39 29 12
45 35 12
98 88 1
91 81 3
95 85 2
96 86 1
78 68 10
72 62 12
100 90 1
98 88 1
97 87 1
103 93 0
103 93 0
98 88 1
83 73 7
23 13 12
97 87 1
73 63 12
52 42 12
100 90 1
45 35 12
84 74 6
59 49 12
15 5 12
34 24 12
58 48 12
96 86 1
89 79 4
52 42 12
87 77 5
74 64 12
60 50 12
101 91 0
79 69 9
96 86 1
86 76 5
100 90 1
83 73 7
100 90 1
86 76 5
40 30 12
87 77 5
102 92 0
82 72 7
92 82 3
84 74 6
46 36 12
73 63 12
101 91 0
102 92 0
80 70 9
53 43 12
43 33 12
93 83 2
71 61 12
96 86 1
85 75 6
59 49 12
41 31 12
95 85 2
82 72 7
103 93 0
56 46 12
86 76 5
89 79 4
38 28 12
88 78 4
87 77 5
99 89 1
96 86 1
70 60 12
82 72 7
19 9 12
102 92 0
84 74 6
96 86 1
31 21 12
96 86 1
46 36 12
65 55 12
86 76 5
89 79 4
66 56 12
99 89 1
39 29 10
48 38 10
49 39 10
96 86 1
94 84 2
21 11 10
74 64 10
94 84 2
86 76 5
92 82 3
99 89 1
37 27 10
104 94 0
100 90 1
101 91 0
25 15 10
99 89 1
104 94 0
102 92 0
95 85 2
97 87 1
85 75 6
103 93 0
104 94 0
74 64 10
82 72 7
90 80 4
17 7 10
87 77 5
101 91 0
101 91 0
101 91 0
51 41 10
48 38 10
24 14 10
102 92 0
96 86 1
103 93 0
69 59 10
24 14 10
90 80 4
101 91 0
92 82 3
89 79 4
101 91 0
77 67 10
92 82 3
76 66 10
104 94 0
40 30 10
104 94 0
27 17 10
97 87 1
102 92 0
102 92 0
104 94 0
88 78 4
77 67 10
56 46 10
40 30 10
26 16 10
94 84 2
84 74 6
84 74 6
104 94 0
93 83 2
99 89 1
97 87 1
88 78 4
104 94 0
89 79 4
13 3 10
104 94 0
15 5 10
104 94 0
70 60 10
47 37 10
88 78 4
79 69 9
92 82 3
92 82 3
74 64 10
103 93 0
25 15 10
99 89 1
44 34 10
103 93 0
74 64 10
40 30 10
94 84 2
98 88 1
52 42 10
97 87 1
87 77 5
76 66 10
90 80 4
92 82 3
103 93 0
63 53 10
90 80 4
103 93 0
98 88 1
38 28 10
80 70 9
95 85 2
34 24 10
48 38 10
76 66 10
74 64 10
86 76 5
53 43 10
84 74 6
59 49 10
96 86 1
94 84 2
101 91 0
101 91 0
99 89 1
104 94 0
86 76 5
100 90 1
99 89 1
42 32 10
77 67 10
76 66 10
85 75 6
53 43 10
104 94 0
60 50 10
90 80 4
95 85 2
43 33 10
73 63 10
97 87 1
103 93 0
13 3 10
85 75 6
94 84 2
77 67 8
96 86 1
98 88 1
105 95 0
97 87 1
14 4 8
68 58 8
18 8 8
89 79 4
39 29 8
103 93 0
90 80 4
104 94 0
59 49 8
86 76 5
105 95 0
14 4 8
73 63 8
81 71 8
43 33 8
77 67 8
105 95 0
96 86 1
90 80 4
104 94 0
89 79 4
87 77 5
105 95 0
44 34 8
100 90 1
50 40 8
61 51 8
74 64 8
56 46 8
104 94 0
101 91 0
50 40 8
32 22 8
95 85 2
76 66 8
32 22 8
98 88 1
105 95 0
84 74 6
75 65 8
67 57 8
100 90 1
91 81 3
103 93 0
51 41 8
104 94 0
101 91 0
103 93 0
104 94 0
101 91 0
55 45 8
32 22 8
61 51 8
98 88 1
95 85 2
95 85 2
85 75 6
29 19 8
95 85 2
78 68 8
96 86 1
53 43 8
48 38 8
29 19 8
88 78 4
72 62 8
66 56 8
70 60 8
101 91 0
21 11 8
43 33 8
47 37 8
64 54 8
26 16 8
98 88 1
29 19 8
105 95 0
105 95 0
30 20 8
75 65 8
16 6 8
98 88 1
98 88 1
25 15 8
97 87 1
72 62 8
105 95 0
104 94 0
60 50 8
103 93 0
100 90 1
101 91 0
95 85 2
102 92 0
19 9 8
105 95 0
105 95 0
51 41 8
96 86 1
67 57 8
47 37 8
58 48 8
102 92 0
104 94 0
86 76 5
24 14 8
102 92 0
82 72 7
100 90 1
31 21 8
102 92 0
99 89 1
105 95 0
99 89 1
51 41 8
102 92 0
77 67 8
104 94 0
82 72 7
53 43 8
101 91 0
12 2 8
102 92 0
101 91 0
104 94 0
31 21 8
61 51 8
103 93 0
102 92 0
39 29 8
104 94 0
82 72 7
50 40 8
104 94 0
83 73 7
105 95 0
61 51 8
37 27 8
104 94 0
105 95 0
103 93 0
96 86 1
88 78 4
55 45 8
72 62 8
55 45 8
105 95 0
65 55 8
82 72 7
83 73 7
15 5 8
102 92 0
31 21 6
100 90 1
58 48 6
22 12 6
93 83 2
97 87 1
93 83 2
94 84 2
104 94 0
76 66 6
97 87 1
83 73 6
105 95 0
90 80 4
106 96 0
104 94 0
106 96 0
105 95 0
68 58 6
48 38 6
105 95 0
102 92 0
75 65 6
106 96 0
66 56 6
57 47 6
74 64 6
106 96 0
97 87 1
106 96 0
93 83 2
67 57 6
64 54 6
105 95 0
103 93 0
63 53 6
80 70 6
33 23 6
106 96 0
35 25 6
49 39 6
101 91 0
83 73 6
83 73 6
27 17 6
70 60 6
91 81 3
60 50 6
93 83 2
37 27 6
104 94 0
98 88 1
99 89 1
102 92 0
79 69 6
63 53 6
104 94 0
98 88 1
58 48 6
101 91 0
82 72 6
103 93 0
102 92 0
91 81 3
106 96 0
95 85 2
106 96 0
24 14 6
72 62 6
26 16 6
90 80 4
98 88 1
96 86 1
106 96 0
99 89 1
102 92 0
72 62 6
102 92 0
38 28 6
40 30 6
92 82 3
90 80 4
106 96 0
105 95 0
80 70 6
76 66 6
89 79 4
94 84 2
103 93 0
103 93 0
44 34 6
106 96 0
53 43 6
43 33 6
101 91 0
50 40 6
99 89 1
99 89 1
72 62 6
73 63 6
80 70 6
102 92 0
103 93 0
47 37 6
98 88 1
81 71 6
25 15 6
105 95 0
102 92 0
93 83 2
82 72 6
83 73 6
11 1 6
46 36 6
83 73 6
61 51 6
80 70 6
102 92 0
93 83 2
105 95 0
99 89 1
84 74 6
100 90 1
92 82 3
76 66 6
53 43 6
105 95 0
99 89 1
90 80 4
104 94 0
103 93 0
99 89 1
57 47 6
73 63 6
103 93 0
105 95 0
99 89 1
38 28 6
99 89 1
102 92 0
34 24 6
104 94 0
43 33 6
103 93 0
105 95 0
82 72 6
106 96 0
69 59 6
43 33 6
78 68 6
104 94 0
106 96 0
64 54 6
87 77 5
96 86 1
100 90 1
56 46 6
104 94 0
97 87 1
106 96 0
16 6 6
82 72 6
80 70 6
106 96 0
95 85 2
81 71 6
85 75 6
100 90 1
20 10 6
54 44 6
85 75 6
100 90 1
87 77 4
106 96 0
103 93 0
82 72 4
39 29 4
46 36 4
107 97 0
95 85 2
106 96 0
78 68 4
92 82 3
102 92 0
29 19 4
105 95 0
42 32 4
103 93 0
107 97 0
50 40 4
58 48 4
95 85 2
88 78 4
15 5 4
101 91 0
71 61 4
107 97 0
93 83 2
89 79 4
105 95 0
92 82 3
67 57 4
105 95 0
79 69 4
75 65 4
98 88 1
76 66 4
16 6 4
99 89 1
106 96 0
70 60 4
92 82 3
102 92 0
107 97 0
50 40 4
102 92 0
97 87 1
98 88 1
91 81 3
81 71 4
104 94 0
105 95 0
107 97 0
101 91 0
28 18 4
96 86 1
103 93 0
25 15 4
56 46 4
44 34 4
104 94 0
96 86 1
98 88 1
37 27 4
37 27 4
71 61 4
105 95 0
105 95 0
98 88 1
38 28 4
107 97 0
100 90 1
102 92 0
104 94 0
107 97 0
104 94 0
94 84 2
107 97 0
103 93 0
26 16 4
70 60 4
54 44 4
83 73 4
99 89 1
106 96 0
47 37 4
106 96 0
102 92 0
98 88 1
105 95 0
107 97 0
106 96 0
106 96 0
91 81 3
107 97 0
107 97 0
30 20 4
86 76 4
80 70 4
13 3 4
103 93 0
62 52 4
59 49 4
105 95 0
89 79 4
106 96 0
55 45 4
47 37 4
105 95 0
97 87 1
102 92 0
101 91 0
14 4 4
95 85 2
77 67 4
105 95 0
105 95 0
49 39 4
107 97 0
104 94 0
107 97 0
55 45 4
107 97 0
100 90 1
107 97 0
92 82 3
81 71 4
100 90 1
11 1 4
65 55 4
73 63 4
104 94 0
100 90 1
96 86 1
25 15 4
62 52 4
74 64 4
104 94 0
106 96 0
104 94 0
74 64 4
63 53 4
15 5 4
107 97 0
38 28 4
104 94 0
67 57 4
84 74 4
76 66 4
62 52 4
100 90 1
106 96 0
26 16 4
15 5 4
102 92 0
79 69 4
97 87 1
103 93 0
98 88 1
107 97 0
100 90 1
86 76 4
105 95 0
97 87 1
35 25 4
106 96 0
83 73 4
90 80 4
102 92 0
107 97 0
97 87 1
80 70 4
88 78 4
108 98 0
106 96 0
62 52 2
92 82 2
104 94 0
91 81 2
98 88 1
97 87 1
77 67 2
107 97 0
100 90 1
107 97 0
62 52 2
88 78 2
108 98 0
108 98 0
39 29 2
108 98 0
99 89 1
108 98 0
88 78 2
106 96 0
107 97 0
102 92 0
102 92 0
79 69 2
48 38 2
52 42 2
92 82 2
89 79 2
90 80 2
105 95 0
108 98 0
59 49 2
108 98 0
11 1 2
79 69 2
82 72 2
83 73 2
81 71 2
101 91 0
108 98 0
104 94 0
11 1 2
108 98 0
85 75 2
103 93 0
77 67 2
75 65 2
38 28 2
100 90 1
51 41 2
107 97 0
19 9 2
22 12 2
20 10 2
107 97 0
41 31 2
107 97 0
82 72 2
102 92 0
102 92 0
11 1 2
107 97 0
106 96 0
107 97 0
102 92 0
101 91 0
108 98 0
107 97 0
102 92 0
105 95 0
107 97 0
108 98 0
103 93 0
90 80 2
95 85 2
62 52 2
11 1 2
97 87 1
107 97 0
60 50 2
97 87 1
91 81 2
107 97 0
99 89 1
103 93 0
40 30 2
106 96 0
65 55 2
107 97 0
105 95 0
106 96 0
97 87 1
94 84 2
93 83 2
85 75 2
83 73 2
107 97 0
69 59 2
101 91 0
108 98 0
22 12 2
55 45 2
92 82 2
17 7 2
99 89 1
94 84 2
84 74 2
105 95 0
102 92 0
88 78 2
102 92 0
108 98 0
103 93 0
108 98 0
92 82 2
84 74 2
104 94 0
55 45 2
105 95 0
106 96 0
103 93 0
69 59 2
89 79 2
29 19 2
100 90 1
84 74 2
104 94 0
33 23 2
102 92 0
99 89 1
51 41 2
107 97 0
42 32 2
107 97 0
97 87 1
107 97 0
19 9 2
83 73 2
85 75 2
94 84 2
99 89 1
108 98 0
105 95 0
83 73 2
66 56 2
104 94 0
108 98 0
107 97 0
108 98 0
51 41 2
106 96 0
108 98 0
108 98 0
94 84 2
78 68 2
102 92 0
108 98 0
93 83 2
108 98 0
106 96 0
102 92 0
103 93 0
95 85 2
101 91 0
86 76 2
84 74 2
106 96 0
28 18 2
106 96 0
96 86 1
106 96 0
90 80 2
108 98 0
108 98 0
88 78 2
105 95 0
85 75 2
62 52 2
98 88 1
106 96 0
107 97 0
61 51 2
107 97 0
108 98 0
93 83 2
101 91 0
39 29 2
108 98 0
89 79 2
33 23 2
51 41 2
101 91 0
108 98 0
104 94 0
103 93 0
59 49 2
101 91 0
108 98 0
98 88 1
106 96 0
76 66 2
99 89 1
76 66 2
31 21 0
109 99 0
110 100 0
98 88 0
99 89 0
110 100 0
65 55 0
110 100 0
109 99 0
107 97 0
40 30 0
110 100 0
83 73 0
108 98 0
109 99 0
107 97 0
71 61 0
110 100 0
105 95 0
109 99 0
97 87 0
73 63 0
110 100 0
108 98 0
101 91 0
103 93 0
110 100 0
110 100 0
109 99 0
97 87 0
106 96 0
75 65 0
103 93 0
96 86 0
110 100 0
54 44 0
97 87 0
110 100 0
20 10 0
109 99 0
100 90 0
76 66 0
109 99 0
110 100 0
18 8 0
110 100 0
101 91 0
103 93 0
108 98 0
93 83 0
98 88 0
110 100 0
13 3 0
89 79 0
109 99 0
109 99 0
110 100 0
110 100 0
101 91 0
92 82 0
108 98 0
108 98 0
90 80 0
108 98 0
99 89 0
106 96 0
85 75 0
66 56 0
27 17 0
56 46 0
110 100 0
102 92 0
108 98 0
109 99 0
110 100 0
103 93 0
42 32 0
91 81 0
106 96 0
40 30 0
103 93 0
110 100 0
87 77 0
109 99 0
110 100 0
110 100 0
109 99 0
105 95 0
104 94 0
110 100 0
83 73 0
109 99 0
102 92 0
84 74 0
107 97 0
80 70 0
100 90 0
110 100 0
73 63 0
94 84 0
109 99 0
105 95 0
25 15 0
110 100 0
108 98 0
78 68 0
60 50 0
34 24 0
105 95 0
106 96 0
108 98 0
110 100 0
107 97 0
98 88 0
110 100 0
103 93 0
97 87 0
94 84 0
109 99 0
102 92 0
57 47 0
105 95 0
102 92 0
109 99 0
109 99 0
109 99 0
110 100 0
79 69 0
107 97 0
109 99 0
108 98 0
26 16 0
110 100 0
109 99 0
99 89 0
102 92 0
44 34 0
104 94 0
108 98 0
110 100 0
71 61 0
96 86 0
108 98 0
108 98 0
110 100 0
40 30 0
94 84 0
104 94 0
92 82 0
99 89 0
108 98 0
109 99 0
77 67 0
58 48 0
97 87 0
76 66 0
103 93 0
102 92 0
61 51 0
107 97 0
110 100 0
60 50 0
109 99 0
99 89 0
101 91 0
93 83 0
109 99 0
16 6 0
98 88 0
110 100 0
110 100 0
94 84 0
87 77 0
92 82 0
107 97 0
110 100 0
109 99 0
23 13 0
99 89 0
107 97 0
108 98 0
60 50 0
91 81 0
108 98 0
11 1 0
109 99 0
108 98 0
104 94 0
107 97 0
106 96 0
102 92 0
109 99 0
109 99 0
108 98 0
110 100 0
107 97 0
108 98 0
63 53 0
21 11 0
110 100 0
20 10 0
104 94 0
110 100 0
73 63 0
97 87 0
104 94 0
110 100 0
107 97 0
13 3 0
96 86 0
70 60 0
58 48 0
108 98 0
109 99 0
18 8 0
102 92 0
107 97 0
78 68 0
100 90 0
87 77 0
98 88 0
104 94 0
98 88 0
108 98 0
109 99 0
101 91 0
99 89 0
110 100 0
110 100 0
49 39 0
101 91 0
109 99 0
109 99 0
109 99 0
88 78 0
30 20 0
110 100 0
53 43 0
107 97 0
98 88 0
110 100 0
72 62 0
108 98 0
85 75 0
109 99 0
110 100 0
110 100 0
54 44 0
108 98 0
110 100 0
56 46 0
67 57 0
106 96 0
102 92 0
105 95 0
22 12 0
109 99 0
105 95 0
24 14 0
19 9 0
110 100 0
74 64 0
110 100 0
103 93 0
84 74 0
108 98 0
60 50 0
109 99 0
108 98 0
85 75 0
110 100 0
107 97 0
105 95 0
98 88 0
110 100 0
109 99 0
96 86 0
109 99 0
12 2 0
44 34 0
99 89 0
110 100 0
110 100 0
103 93 0
99 89 0
15 5 0
109 99 0
110 100 0
95 85 0
107 97 0
81 71 0
45 35 0
102 92 0
96 86 0
92 82 0
55 45 0
101 91 0
109 99 0
82 72 0
36 26 0
109 99 0
96 86 0
108 98 0
106 96 0
109 99 0
105 95 0
104 94 0
109 99 0
107 97 0
64 54 0
100 90 0
