100 100 4.3589
8 8 84
20 20 64
15 15 72
12 12 77
20 20 64
33 33 44
14 14 73
35 35 42
24 24 57
15 15 72
35 35 42
36 36 40
30 30 49
1 1 98
38 38 38
2 2 96
35 35 42
44 44 31
30 30 49
3 3 94
49 49 26
47 47 28
40 40 36
38 38 38
4 4 84
17 17 68
53 53 22
39 39 37
12 12 76
49 49 26
12 12 72
23 23 59
34 34 43
3 3 66
44 44 31
67 67 10
20 20 56
50 50 25
52 52 23
62 62 14
31 31 47
44 44 31
70 70 9
53 53 22
68 68 10
70 70 9
31 31 38
42 42 33
36 36 34
65 65 12
60 60 16
70 70 9
51 51 24
70 70 9
60 60 16
54 54 21
65 65 12
2 2 24
70 70 9
70 70 9
70 70 9
59 59 16
5 5 20
48 48 20
70 70 9
70 70 9
20 20 18
63 63 13
21 21 16
1 1 16
70 70 9
70 70 9
70 70 9
70 70 9
64 64 12
46 46 12
70 70 9
59 59 12
70 70 9
70 70 9
70 70 9
61 61 10
70 70 9
59 59 10
43 43 10
70 70 9
70 70 9
70 70 9
70 70 9
36 36 8
70 70 9
9 9 6
24 24 4
70 70 9
70 70 9
25 25 2
70 70 9
70 70 9
70 70 9
70 70 9
