5000 1000 4.3589
294 1 1974
976 5 1958
640 12 1952
874 8 1934
832 29 1930
653 5 1922
179 4 1898
956 31 1886
835 54 1884
65 49 1884
726 29 1878
854 29 1866
724 34 1858
150 26 1852
19 13 1842
174 51 1842
297 4 1838
491 4 1838
995 54 1832
169 72 1826
93 53 1822
750 42 1820
537 84 1820
464 69 1816
843 21 1808
437 50 1804
336 7 1798
297 21 1794
958 20 1794
249 65 1788
801 94 1786
816 25 1784
974 82 1780
985 60 1776
605 99 1774
870 53 1774
136 106 1770
735 95 1768
711 9 1764
961 86 1764
76 24 1758
942 37 1756
297 101 1756
13 6 1750
718 39 1742
37 5 1738
926 14 1728
265 110 1726
721 22 1724
592 53 1722
319 2 1720
210 63 1718
290 79 1716
585 137 1716
733 66 1714
694 76 1714
41 116 1710
695 57 1710
435 48 1708
170 40 1708
127 54 1698
534 98 1698
78 33 1696
876 75 1694
861 110 1690
801 113 1686
306 114 1686
521 144 1684
35 137 1684
223 24 1682
54 38 1682
705 131 1682
603 14 1678
15 152 1672
367 52 1672
429 27 1670
148 122 1666
326 157 1666
507 88 1662
720 121 1662
123 117 1656
509 134 1654
499 136 1652
818 166 1646
566 121 1644
369 91 1642
749 91 1640
51 55 1640
77 92 1638
70 119 1638
938 31 1638
706 134 1636
236 10 1636
329 8 1634
206 89 1634
245 123 1632
581 104 1632
517 55 1626
852 64 1624
61 106 1624
262 9 1620
441 127 1618
391 110 1618
993 5 1618
263 138 1618
725 18 1616
979 38 1614
683 92 1612
864 77 1610
346 170 1608
276 183 1606
862 67 1598
589 72 1598
406 180 1596
760 120 1594
166 193 1592
841 145 1592
278 31 1588
744 185 1584
417 121 1582
579 85 1582
304 130 1576
279 68 1576
685 153 1574
42 60 1574
963 52 1570
854 178 1566
208 1 1566
218 24 1562
243 212 1562
881 68 1560
100 97 1558
858 198 1556
743 167 1554
174 108 1554
918 29 1550
227 101 1550
425 19 1548
594 156 1548
952 77 1548
269 18 1548
759 122 1546
511 170 1546
122 37 1546
176 168 1544
401 116 1544
742 79 1544
838 86 1542
706 203 1542
121 191 1540
115 118 1540
421 216 1538
373 11 1538
343 40 1538
187 152 1538
423 89 1538
897 1 1536
907 137 1534
10 193 1534
503 232 1530
675 56 1530
825 86 1526
727 6 1526
33 128 1522
776 144 1522
450 98 1522
681 133 1520
728 149 1518
386 152 1518
718 115 1518
764 160 1518
195 84 1516
703 104 1516
590 180 1514
256 155 1510
210 52 1510
14 75 1508
655 86 1508
109 196 1506
210 189 1506
877 125 1504
545 70 1504
569 163 1504
680 24 1502
780 163 1502
116 14 1502
108 73 1500
322 141 1496
307 172 1494
955 19 1492
367 4 1492
66 245 1484
319 35 1484
254 28 1484
241 203 1484
493 28 1482
575 169 1480
792 119 1478
463 222 1476
435 136 1476
829 65 1476
833 256 1474
155 54 1472
165 131 1472
484 120 1470
637 105 1468
890 212 1468
742 215 1464
332 94 1464
108 37 1462
98 209 1462
865 189 1462
360 147 1458
841 235 1458
461 122 1454
374 266 1452
522 257 1452
513 141 1450
937 146 1450
479 98 1448
780 171 1442
247 215 1442
476 17 1440
381 162 1438
598 153 1438
236 263 1436
787 263 1436
63 218 1436
658 43 1434
216 192 1434
546 153 1432
500 157 1432
127 243 1430
573 137 1430
413 266 1426
321 176 1424
29 131 1424
530 41 1424
849 233 1422
474 220 1422
494 163 1420
834 128 1418
821 49 1416
146 266 1416
681 196 1414
422 43 1414
42 133 1414
597 122 1414
726 213 1412
270 147 1412
431 53 1412
56 121 1410
193 251 1408
537 167 1408
98 278 1408
329 37 1406
926 127 1406
987 167 1406
567 164 1406
383 223 1404
941 131 1402
635 281 1402
788 166 1402
847 260 1400
45 178 1400
879 88 1400
889 62 1396
684 78 1396
629 186 1394
888 263 1394
96 129 1392
547 111 1392
730 227 1392
660 118 1390
102 184 1390
220 304 1390
527 290 1390
978 207 1390
589 197 1390
869 119 1386
383 209 1386
80 209 1386
354 270 1384
502 206 1384
809 44 1382
369 274 1382
63 218 1378
713 241 1378
632 36 1376
514 174 1376
572 311 1374
787 75 1374
559 27 1372
935 139 1372
525 191 1372
686 162 1372
4 188 1370
46 66 1370
357 57 1368
182 52 1368
158 312 1366
997 21 1366
581 244 1366
224 214 1364
206 67 1364
665 40 1362
145 18 1360
916 240 1356
652 171 1352
844 43 1352
915 184 1352
501 140 1350
61 66 1350
259 275 1350
300 59 1346
818 70 1344
842 231 1344
687 44 1342
743 238 1340
124 4 1338
329 288 1336
789 128 1336
461 55 1334
326 40 1332
356 59 1330
92 271 1330
653 242 1328
10 33 1328
350 145 1324
40 92 1322
894 53 1320
933 254 1320
689 308 1320
630 318 1320
332 45 1320
713 232 1318
890 84 1316
673 169 1316
685 270 1316
304 81 1312
364 63 1312
232 5 1310
702 325 1308
55 109 1308
3 235 1306
617 255 1304
895 287 1304
693 127 1302
208 226 1302
370 212 1302
839 278 1302
288 278 1302
848 259 1298
397 328 1298
667 28 1296
108 70 1296
619 203 1296
595 192 1294
683 18 1294
878 199 1292
407 274 1292
207 216 1290
225 352 1290
798 6 1288
266 324 1288
949 133 1288
356 251 1288
280 17 1286
846 218 1284
781 94 1282
371 243 1282
589 201 1282
430 350 1282
356 340 1282
94 24 1282
604 128 1280
897 29 1280
428 351 1280
271 13 1278
351 205 1276
351 152 1274
552 121 1274
770 238 1274
344 30 1274
217 336 1274
745 71 1272
50 24 1270
515 271 1268
756 80 1268
937 12 1268
805 249 1268
646 194 1266
438 109 1266
212 321 1266
17 213 1264
213 239 1264
796 38 1264
208 264 1264
336 76 1264
51 363 1264
11 70 1262
754 308 1262
999 267 1260
891 280 1260
598 293 1260
377 277 1260
468 222 1260
694 144 1258
568 307 1258
868 345 1256
574 219 1256
782 106 1256
799 84 1256
99 283 1254
429 279 1254
749 174 1254
358 75 1252
458 319 1252
745 327 1252
12 4 1250
260 119 1250
52 226 1250
580 347 1250
606 254 1250
116 34 1248
568 240 1246
595 4 1244
737 304 1244
928 35 1242
225 300 1242
815 326 1240
247 98 1240
456 310 1240
256 222 1240
415 347 1238
417 244 1238
94 171 1238
110 315 1236
994 209 1234
790 112 1234
601 186 1232
782 190 1232
141 185 1230
483 77 1230
821 62 1228
356 110 1228
396 216 1226
473 266 1226
411 21 1224
316 276 1224
990 33 1222
606 209 1220
954 196 1220
600 65 1220
109 362 1220
597 236 1218
534 359 1218
354 349 1218
716 46 1218
937 93 1216
248 293 1216
131 333 1214
231 362 1214
522 188 1210
208 88 1210
458 282 1210
181 289 1208
9 359 1208
356 327 1208
484 49 1208
920 67 1206
355 140 1206
184 4 1206
908 226 1206
979 46 1206
582 196 1204
237 184 1204
807 353 1204
958 265 1202
241 377 1198
919 129 1198
354 59 1198
683 267 1198
169 395 1196
872 148 1196
296 159 1196
925 382 1196
618 35 1194
467 390 1192
844 157 1190
57 265 1190
561 308 1190
125 306 1190
767 351 1188
174 88 1188
72 362 1186
342 61 1186
46 258 1186
908 14 1184
105 34 1182
340 241 1182
917 338 1182
381 187 1182
683 227 1180
887 293 1180
400 223 1178
171 185 1178
345 172 1172
992 262 1172
675 414 1170
193 171 1170
94 262 1170
21 19 1168
909 245 1168
244 55 1166
220 236 1166
72 140 1166
26 209 1166
904 190 1164
688 114 1164
17 323 1162
314 401 1162
563 127 1160
535 73 1160
177 143 1158
151 338 1156
829 197 1154
17 145 1154
805 300 1154
391 37 1154
148 29 1154
568 211 1152
223 127 1152
629 286 1152
622 251 1150
648 310 1150
43 336 1148
577 71 1148
524 101 1146
603 401 1144
633 48 1144
313 412 1144
281 278 1144
150 306 1142
686 384 1142
958 424 1142
802 60 1140
83 211 1140
641 262 1140
453 402 1140
461 41 1138
300 178 1138
307 195 1138
903 113 1136
509 304 1136
999 99 1134
79 348 1134
91 257 1134
93 188 1132
874 190 1132
495 264 1132
579 11 1130
988 17 1130
605 314 1128
91 291 1128
637 391 1128
655 244 1126
146 305 1126
526 375 1126
919 431 1124
46 309 1124
782 192 1122
340 329 1122
37 139 1122
263 159 1122
983 313 1122
836 248 1122
995 351 1120
516 238 1118
655 153 1118
287 222 1116
664 221 1116
407 345 1116
747 311 1116
539 339 1114
151 381 1114
916 272 1112
764 36 1112
560 437 1112
762 64 1112
319 171 1110
416 21 1110
805 197 1108
263 170 1108
218 260 1108
532 334 1108
820 295 1108
197 302 1106
847 66 1106
309 236 1106
684 320 1106
562 216 1106
157 232 1106
72 233 1104
199 149 1104
995 82 1102
301 438 1100
642 366 1100
615 126 1100
144 181 1098
830 191 1098
36 337 1098
75 428 1096
339 142 1096
496 121 1096
37 338 1096
979 390 1096
212 350 1094
955 65 1094
323 327 1094
328 362 1092
428 343 1092
429 315 1090
91 398 1090
690 306 1090
159 361 1090
970 170 1088
13 296 1088
186 359 1086
820 445 1084
522 298 1084
333 227 1084
515 447 1084
681 428 1082
152 272 1082
445 398 1082
492 303 1082
635 336 1082
839 351 1082
750 270 1078
367 330 1076
566 206 1076
815 168 1072
656 329 1072
288 343 1072
423 450 1070
623 370 1070
215 360 1070
331 400 1068
164 162 1068
876 317 1068
415 193 1068
803 436 1068
703 267 1066
129 48 1066
745 399 1066
342 435 1066
20 355 1066
87 220 1066
914 405 1064
102 438 1064
481 105 1064
573 222 1064
933 215 1062
538 411 1062
809 70 1062
299 80 1062
715 352 1060
268 439 1058
192 64 1056
274 331 1056
300 284 1056
260 76 1054
440 88 1054
734 470 1054
597 419 1054
935 401 1054
440 297 1054
137 420 1052
629 29 1052
869 176 1050
16 229 1050
806 423 1048
945 2 1046
990 135 1046
548 265 1046
447 406 1044
719 250 1044
261 232 1042
237 310 1042
288 432 1040
152 463 1040
408 165 1040
176 33 1040
454 26 1040
893 95 1038
993 49 1038
549 52 1038
356 405 1036
317 400 1036
923 386 1034
168 176 1034
575 249 1034
440 165 1032
168 403 1030
316 380 1030
105 384 1030
579 109 1030
253 225 1030
703 435 1028
305 230 1026
858 174 1026
223 121 1026
943 20 1026
970 466 1024
830 483 1024
376 452 1024
179 98 1022
119 434 1022
634 487 1022
994 467 1020
36 108 1020
985 184 1020
69 247 1018
660 443 1018
946 133 1018
507 393 1018
867 490 1018
228 89 1018
600 186 1016
31 202 1016
563 452 1014
250 148 1014
297 354 1014
927 385 1014
40 384 1012
739 393 1012
847 291 1010
300 487 1010
961 296 1010
534 452 1010
135 386 1010
799 277 1008
839 74 1008
157 478 1006
420 141 1006
668 225 1006
245 426 1006
591 379 1004
374 344 1004
413 486 1004
25 381 1004
156 437 1004
497 280 1002
368 141 1002
922 234 1000
994 129 1000
340 380 1000
363 260 1000
220 490 1000
415 226 1000
351 117 998
731 215 998
69 346 996
911 135 996
328 216 996
840 386 996
865 238 996
533 396 996
780 496 994
974 327 994
324 385 994
933 455 992
523 269 992
304 341 992
216 144 992
716 68 992
400 421 990
809 249 990
420 111 990
582 80 988
471 464 988
942 179 986
328 424 984
776 198 984
448 475 982
303 148 982
511 494 980
107 471 976
857 365 976
593 461 976
970 291 974
489 271 974
130 382 974
974 260 972
583 234 970
429 184 970
490 492 970
108 56 970
523 64 970
237 495 970
765 48 970
184 148 970
576 433 970
985 386 968
866 375 966
412 277 966
248 197 966
290 236 966
873 509 966
572 171 964
832 412 964
595 392 964
212 219 964
360 501 962
216 86 962
82 492 962
365 238 960
692 435 960
857 119 960
27 208 960
162 478 960
980 154 958
476 461 958
99 204 958
553 117 958
909 45 958
111 153 958
179 143 956
939 343 956
216 56 956
98 319 956
274 130 956
707 502 956
12 42 954
945 424 954
499 449 954
286 93 954
995 469 954
20 394 952
504 169 952
954 439 952
952 414 952
812 18 950
95 356 950
28 336 950
794 497 950
103 117 950
68 213 948
897 215 948
811 505 946
591 319 946
483 411 946
572 414 946
348 94 944
202 506 944
355 494 942
281 263 942
576 291 942
306 71 940
11 400 940
450 163 940
526 381 940
946 99 940
757 261 940
521 489 938
607 329 938
550 368 938
421 69 938
99 25 938
925 208 938
856 362 938
827 357 936
980 516 936
979 450 934
700 92 934
216 489 932
181 270 932
378 335 932
576 442 932
501 428 932
381 371 932
919 10 932
787 47 932
318 503 930
881 417 930
72 40 930
594 483 928
107 431 928
215 36 928
972 101 928
219 496 926
836 477 924
731 495 924
530 175 924
417 393 922
489 18 922
54 203 922
526 127 922
6 24 922
497 319 920
124 333 920
961 286 920
376 102 920
511 274 918
724 29 918
977 324 918
946 449 916
887 460 916
412 262 916
449 109 916
240 164 916
721 135 916
728 389 914
5 137 914
551 485 914
665 263 914
254 439 912
575 471 912
485 511 910
792 391 910
897 286 910
316 266 910
480 320 908
407 218 908
526 36 906
416 161 906
568 415 906
441 369 906
960 171 906
103 515 906
200 513 906
63 367 904
416 477 904
782 216 904
884 351 904
993 168 904
498 525 902
70 541 902
649 546 902
328 27 902
54 67 902
835 72 902
585 354 902
489 52 898
475 55 898
129 178 898
527 333 898
721 215 896
668 37 896
331 150 896
174 487 896
574 272 896
675 347 896
175 351 894
724 98 894
374 526 894
940 154 894
359 401 892
740 367 892
629 165 892
458 137 892
239 11 892
220 214 892
740 249 892
461 486 892
211 303 890
71 437 890
776 267 890
314 448 890
632 108 890
229 538 888
577 102 888
193 407 888
885 535 886
292 231 886
208 404 884
201 550 884
236 419 884
100 227 884
949 435 884
1000 393 884
40 242 884
590 184 882
433 424 882
145 555 882
763 225 882
624 156 880
128 536 880
202 507 880
89 393 880
644 263 880
179 258 880
686 72 880
819 346 880
752 6 878
565 419 878
444 9 878
35 532 878
140 485 878
53 276 876
678 539 876
666 540 876
902 478 876
762 348 876
901 216 874
1000 388 874
856 308 874
94 343 874
256 197 874
956 49 872
144 409 872
667 260 872
214 234 870
291 390 868
678 456 868
215 250 868
284 19 868
385 290 866
372 117 866
653 250 866
655 89 866
507 282 866
535 360 866
907 211 866
931 538 866
119 282 864
801 302 862
620 372 862
615 294 862
425 561 862
842 529 862
278 33 862
808 99 860
162 527 860
476 482 860
402 470 860
576 357 858
227 33 858
739 313 856
94 92 856
335 451 856
661 322 854
353 239 854
750 315 854
561 151 854
246 218 852
270 360 852
754 345 852
594 402 852
277 221 850
622 272 850
196 371 848
211 537 848
452 32 848
474 97 848
84 408 848
438 106 846
444 321 844
628 500 844
672 104 844
436 462 844
599 552 844
307 442 844
562 95 844
939 408 842
81 64 842
307 526 842
279 402 842
900 456 840
77 545 840
346 438 840
116 77 840
833 102 840
860 455 840
263 477 838
749 550 838
975 261 838
909 566 838
108 249 838
740 552 836
255 450 836
148 373 836
563 559 836
193 412 836
594 210 836
845 41 836
833 313 834
15 132 834
461 512 834
414 435 834
109 544 834
72 26 834
81 105 834
512 412 832
236 182 832
480 219 832
662 434 832
646 308 830
77 266 830
801 459 830
326 463 830
456 470 830
674 85 830
220 38 830
217 32 830
782 342 828
461 322 828
754 428 828
110 389 828
740 382 826
562 444 826
501 11 826
297 163 826
7 493 826
626 123 826
780 406 826
45 29 824
889 256 824
585 166 824
873 570 824
829 471 824
589 221 822
216 220 822
285 18 822
78 458 822
266 51 822
268 540 820
631 515 820
523 499 820
354 408 820
864 142 820
33 493 818
801 65 816
108 547 816
337 302 816
425 452 816
325 432 814
405 488 814
545 184 814
434 46 814
239 462 814
758 500 814
403 590 812
934 153 812
210 556 812
3 175 812
19 455 810
140 126 810
618 582 808
494 595 808
634 581 806
261 515 806
57 328 806
148 591 806
643 491 804
690 399 804
444 186 804
832 502 804
602 419 804
940 549 802
531 548 802
715 81 802
550 561 802
325 549 800
718 465 800
857 303 800
761 159 798
168 558 798
686 335 798
942 141 798
93 411 796
169 290 796
168 287 796
484 453 794
704 425 794
923 512 794
927 292 794
991 384 792
564 430 792
493 497 792
681 602 792
616 104 792
712 581 792
345 578 792
108 588 790
699 341 790
97 334 790
518 516 790
535 527 790
502 106 790
235 396 788
467 306 786
504 300 786
290 379 786
168 254 786
765 315 786
676 68 786
34 558 786
47 182 786
439 555 786
315 554 786
21 161 786
307 586 784
290 164 784
426 280 784
537 502 784
695 569 784
888 153 784
34 345 784
103 486 784
97 553 782
615 59 782
560 165 782
361 207 782
270 44 782
369 45 782
860 160 780
496 457 780
15 581 780
796 437 780
196 472 780
371 28 778
26 63 778
710 602 778
209 499 778
457 595 776
540 167 776
64 278 776
337 539 776
918 457 776
389 234 776
952 464 776
919 133 776
899 479 774
412 403 774
365 332 774
468 32 774
686 147 774
758 546 772
1 317 772
895 9 772
994 296 772
238 337 772
810 386 770
263 39 770
154 14 770
808 175 770
433 539 770
963 416 770
805 343 770
354 362 768
442 286 768
543 545 768
283 177 768
301 482 768
152 477 768
30 243 764
562 319 764
720 488 764
931 535 764
115 326 764
613 558 762
746 553 762
290 616 762
585 473 760
43 513 760
270 421 760
186 280 758
909 351 758
904 394 758
816 168 758
744 556 758
82 595 758
698 497 758
330 282 756
141 597 756
486 112 756
750 301 756
9 205 756
15 540 756
403 478 756
108 283 754
190 462 754
530 509 754
913 564 754
372 598 754
902 426 754
606 111 754
762 260 754
132 532 754
14 168 754
534 425 754
535 466 754
450 494 752
287 65 752
304 334 752
424 194 752
578 281 752
508 333 752
310 455 750
824 599 750
688 404 750
836 427 750
863 304 748
492 499 748
729 480 748
221 372 748
572 538 748
471 45 748
57 92 748
637 242 748
376 174 746
324 466 746
1 611 744
467 100 744
789 267 744
489 382 742
301 264 742
396 253 740
168 562 740
230 322 740
483 478 740
410 595 740
336 468 740
573 310 740
962 126 738
983 204 736
980 35 736
471 79 736
294 445 736
432 340 736
817 466 734
971 104 734
758 589 734
905 395 734
967 25 734
465 632 732
826 277 732
460 509 732
514 575 732
253 552 730
559 527 730
782 626 730
452 445 730
109 363 730
163 150 730
782 578 730
94 335 730
358 432 728
975 362 728
989 543 728
901 255 726
859 636 726
840 154 726
934 233 726
200 158 726
539 436 726
634 550 726
74 605 724
965 544 724
858 3 724
406 610 724
310 366 722
30 403 722
894 6 722
971 571 722
186 609 722
143 601 722
993 78 720
741 515 720
95 60 718
605 131 718
631 163 718
638 552 718
363 637 716
103 484 716
116 318 716
558 158 716
662 356 716
870 88 714
450 233 714
718 622 714
693 625 714
355 344 714
724 320 714
887 626 712
302 127 712
111 442 712
89 371 712
415 332 710
629 440 710
790 336 710
464 430 710
153 400 710
178 540 710
863 520 710
392 536 710
223 401 708
893 572 708
304 7 708
689 59 706
923 497 706
596 144 706
13 548 704
484 289 704
941 498 704
636 512 704
302 170 704
706 587 704
519 70 702
387 606 702
831 240 702
498 11 700
172 227 700
140 169 700
668 141 700
652 84 700
411 441 700
826 382 700
877 518 700
223 215 700
757 476 700
60 66 700
967 444 700
875 646 700
18 138 700
296 244 700
559 424 698
750 360 698
419 171 698
400 266 698
376 93 698
362 1 698
872 403 696
706 509 696
902 621 696
399 259 696
309 346 696
952 161 696
734 620 696
879 590 694
679 549 694
31 361 694
31 591 694
531 608 694
98 571 694
440 247 694
682 296 692
346 503 692
239 644 692
611 529 692
886 526 692
626 553 692
478 188 692
291 478 690
154 566 690
754 387 690
527 254 690
132 385 690
827 464 690
322 183 690
198 476 688
335 534 688
964 464 688
366 522 688
922 427 686
737 388 686
961 582 686
148 29 686
504 321 686
232 423 684
564 379 684
171 30 684
784 81 684
228 548 684
951 250 684
523 325 684
886 246 682
499 526 682
696 9 682
923 531 682
183 542 682
998 521 682
929 304 682
320 536 682
91 204 680
731 79 680
370 338 680
233 613 680
572 78 680
325 376 680
14 232 680
675 397 680
971 27 678
526 613 678
816 609 678
111 571 678
186 462 678
287 552 678
746 518 678
971 284 678
708 645 676
19 505 676
308 553 676
453 656 676
948 660 676
181 596 676
660 17 676
249 244 676
179 13 676
308 515 674
606 294 674
287 322 674
472 457 672
476 622 672
746 624 672
210 278 672
489 209 672
224 265 672
544 611 672
207 419 670
501 623 670
671 511 668
116 233 668
669 70 668
352 544 668
270 618 668
120 236 666
760 600 666
202 89 666
903 600 666
818 63 666
638 306 666
836 246 666
468 228 664
146 532 664
253 231 664
21 153 664
590 374 664
731 417 664
345 84 664
334 223 664
273 667 664
741 604 664
829 510 664
689 329 664
543 636 664
702 95 662
174 306 662
468 27 662
506 570 662
382 335 662
591 25 660
892 206 660
522 581 658
765 332 658
656 616 658
24 226 656
521 389 656
759 84 656
829 304 656
688 81 656
430 543 656
877 131 654
420 206 654
153 292 654
932 358 652
303 513 650
899 581 650
168 90 650
310 508 650
716 470 650
429 661 650
374 442 650
39 324 648
549 638 648
435 546 648
864 18 648
318 224 648
438 151 648
798 489 648
381 522 648
772 76 646
789 437 646
381 435 646
769 309 646
581 256 646
28 380 646
343 206 646
530 295 646
322 493 646
304 353 646
717 588 646
666 605 644
773 602 644
243 107 644
857 253 644
803 142 642
943 386 642
147 676 642
795 132 642
317 418 642
930 507 640
121 325 640
710 509 640
2 55 638
976 48 638
634 617 638
920 243 638
800 630 636
852 247 636
504 623 636
982 229 636
27 450 634
781 412 634
8 632 632
282 255 632
352 626 632
36 304 632
873 426 632
695 255 632
631 514 632
532 382 632
954 675 630
180 436 630
23 496 630
354 631 630
864 58 630
659 671 628
649 334 628
407 651 628
398 610 626
208 403 626
4 246 626
787 513 626
19 17 626
183 633 626
326 199 626
533 468 626
112 324 624
776 522 624
153 367 624
319 37 624
516 279 624
616 531 624
200 197 624
631 364 622
615 679 622
538 362 622
128 461 622
320 345 622
463 163 622
929 302 620
668 651 620
460 534 620
47 481 620
281 449 618
782 214 618
775 195 618
726 619 618
346 385 618
928 417 618
684 601 618
579 589 616
634 387 616
838 173 614
234 571 614
179 479 614
820 649 614
6 462 614
813 530 614
941 534 614
813 118 612
628 182 612
448 554 612
111 386 612
999 442 612
460 6 610
538 658 610
702 561 610
996 660 608
749 409 608
26 195 608
392 134 608
100 635 608
429 549 608
11 481 608
113 451 608
522 477 608
740 695 608
36 688 606
470 223 606
248 338 606
840 668 606
798 589 606
592 652 606
198 617 606
670 16 606
575 41 604
410 680 604
262 604 604
70 681 604
900 559 604
66 621 604
92 80 604
443 84 604
896 141 604
719 593 604
811 533 602
33 647 602
919 672 602
73 614 602
975 2 602
77 470 602
144 641 602
617 466 602
165 673 602
843 549 602
936 213 600
547 337 598
227 95 598
362 362 596
458 462 596
956 625 596
861 611 596
890 664 594
928 457 594
400 647 594
560 611 594
428 479 594
57 660 594
518 675 594
269 612 594
711 213 594
203 580 594
337 397 592
594 446 592
148 300 592
203 693 592
439 672 592
834 278 592
65 131 592
761 545 590
333 675 590
312 526 590
96 592 590
801 563 588
322 584 588
496 200 588
5 463 588
78 372 588
625 546 588
693 512 586
240 699 586
760 247 586
365 422 586
362 556 586
7 372 586
387 509 584
599 11 584
614 586 584
239 529 584
273 468 584
433 96 582
686 580 582
856 570 582
491 320 582
376 190 582
223 545 582
536 104 582
128 692 582
156 460 582
713 638 580
445 295 580
684 363 580
598 439 580
796 689 580
202 264 580
330 251 580
937 375 580
469 501 580
399 291 580
569 124 578
243 439 578
633 508 578
416 285 578
704 5 578
58 232 578
110 701 578
573 560 578
401 528 578
499 517 578
590 604 578
981 424 578
16 536 576
112 626 576
720 458 576
537 702 576
896 571 576
897 85 576
96 644 576
428 573 576
947 633 574
231 447 574
797 585 574
105 259 574
778 691 574
721 512 574
417 337 574
827 415 574
701 632 572
813 456 572
232 310 572
898 377 572
870 189 572
904 250 572
500 542 572
786 430 570
83 644 570
935 703 570
334 599 570
984 447 570
962 636 570
596 672 568
910 672 568
406 253 568
668 52 568
641 609 568
681 653 568
921 669 568
528 36 568
459 42 568
758 545 566
527 631 566
50 20 566
922 311 564
698 292 564
116 519 564
467 551 562
948 425 562
625 695 562
657 637 562
472 455 562
300 140 562
144 328 560
626 696 560
91 681 560
839 151 560
879 574 560
711 478 560
607 303 560
489 513 560
939 16 560
838 309 558
133 175 558
244 432 558
251 494 558
103 513 558
557 434 556
825 280 556
597 165 556
562 251 556
566 576 556
333 253 556
173 616 554
234 141 554
905 374 554
921 667 554
764 601 554
769 136 552
486 707 552
646 461 552
622 661 552
855 618 552
311 75 552
941 641 552
946 211 550
112 680 550
376 123 550
300 703 550
711 398 550
622 134 550
140 620 548
289 106 548
839 200 548
339 197 548
356 674 548
408 121 548
73 115 548
507 638 548
615 616 548
466 494 546
787 523 546
472 356 546
656 146 546
371 357 546
399 578 546
840 695 544
328 176 544
594 440 544
671 200 544
461 118 544
963 545 544
620 484 542
233 138 542
546 161 542
159 648 542
433 515 542
399 492 542
574 18 542
775 616 542
74 256 542
8 183 540
993 459 540
749 643 540
550 475 540
222 642 540
208 192 540
941 451 538
749 321 538
311 682 538
618 533 538
207 401 538
759 120 538
235 470 536
98 593 536
534 472 536
91 614 536
919 675 536
706 628 536
47 255 536
394 693 536
554 636 536
684 499 536
209 461 536
400 510 534
903 346 534
130 498 534
658 708 534
134 53 534
175 410 532
319 348 532
636 690 532
61 551 532
217 640 532
182 398 532
919 568 530
478 553 530
784 33 530
291 581 530
164 265 528
367 384 528
350 164 528
934 596 528
638 218 528
379 386 528
676 726 528
328 590 526
959 385 526
263 670 526
853 354 526
392 594 526
461 734 526
618 562 526
427 564 526
591 687 526
340 376 526
334 633 524
496 598 524
347 712 524
92 727 524
934 598 524
551 726 524
980 687 522
172 734 522
286 676 522
771 595 522
28 561 522
720 35 520
456 609 520
730 372 520
56 726 520
566 728 520
411 546 520
17 537 520
583 93 518
208 603 518
149 714 518
296 402 518
108 122 518
60 156 518
551 520 518
806 699 518
946 492 516
238 345 516
131 735 516
236 534 516
658 287 516
785 389 516
706 542 514
944 580 514
737 527 514
497 601 514
179 245 514
41 359 514
924 678 514
492 669 514
976 321 514
864 256 514
388 266 512
536 12 512
123 545 512
690 689 512
822 301 512
78 668 512
31 703 512
548 680 510
944 55 510
194 711 510
557 588 510
529 600 510
627 36 510
689 627 510
420 557 510
249 427 510
991 630 510
935 67 508
361 78 508
609 592 508
884 379 508
337 119 508
644 497 508
886 25 506
767 537 506
989 358 506
68 609 506
163 632 506
215 738 504
140 569 504
407 420 504
428 630 504
386 733 504
749 651 504
589 747 504
352 413 502
116 703 502
247 739 502
70 481 502
100 229 502
843 218 500
910 517 500
901 385 500
698 346 500
352 651 500
480 734 500
671 93 500
113 319 498
134 298 498
951 561 498
370 706 498
343 537 498
842 745 498
700 452 498
471 337 498
278 149 496
635 738 496
50 609 496
451 208 496
254 405 496
218 657 496
972 223 496
919 748 496
724 101 496
566 704 494
293 396 494
24 17 494
53 21 492
348 537 492
469 667 492
406 391 492
611 159 492
431 60 492
152 734 490
665 516 490
762 336 490
447 197 490
343 688 490
304 388 490
219 331 490
178 371 488
431 533 488
336 583 488
350 440 488
111 513 486
131 683 486
537 748 486
857 466 486
113 528 484
457 529 484
464 588 484
640 746 484
839 401 484
400 672 484
246 564 484
168 643 484
481 690 482
468 379 482
842 636 482
952 574 482
61 429 482
381 589 480
802 204 480
91 82 480
470 37 478
73 549 478
795 423 478
333 501 478
165 711 478
360 247 478
412 8 478
340 71 478
268 52 478
317 216 478
617 262 478
774 374 476
898 745 476
309 257 476
663 367 476
566 214 476
586 96 474
143 414 474
422 743 474
248 478 474
942 93 474
737 740 474
980 555 474
982 56 474
412 751 474
871 646 474
889 253 474
213 28 472
330 284 472
66 333 472
86 252 472
893 506 472
599 532 472
394 714 472
196 737 470
425 749 470
21 136 470
703 470 470
401 556 470
253 404 468
66 317 468
556 42 468
739 681 468
952 699 468
552 557 468
154 511 466
569 596 466
956 530 466
214 434 466
477 521 466
427 590 466
624 71 464
106 449 464
372 715 464
969 546 464
692 349 464
281 592 464
310 326 464
174 679 464
851 552 464
815 496 464
977 675 462
345 198 462
797 252 462
469 169 462
454 520 462
478 200 462
890 132 462
99 767 462
545 487 462
560 565 462
440 391 462
905 98 460
374 387 460
312 738 460
796 667 460
495 352 460
791 428 460
497 721 460
913 700 460
867 451 460
454 407 460
816 124 458
945 183 458
40 78 458
954 704 458
887 302 458
848 549 458
691 427 458
241 732 458
778 726 458
418 651 456
209 747 456
577 733 456
278 698 456
198 14 456
427 409 456
333 183 456
978 578 456
181 177 456
133 562 454
722 507 454
827 479 454
649 210 454
629 735 452
598 733 452
758 730 452
693 270 452
122 685 452
30 635 450
492 746 450
941 488 450
545 19 450
677 739 450
262 92 450
310 706 450
412 152 450
355 329 450
95 391 448
866 677 448
228 594 446
545 666 446
744 402 446
716 537 446
767 24 446
33 557 446
752 105 444
499 88 444
786 700 444
913 296 444
102 626 444
762 24 444
637 753 444
994 753 444
745 767 444
512 439 444
77 298 444
264 401 442
831 417 442
538 732 442
491 421 442
31 301 442
634 451 442
286 552 442
279 388 440
879 117 440
353 627 440
937 692 440
578 671 440
41 738 440
526 338 440
227 777 440
43 750 440
208 37 440
280 735 440
275 160 440
835 498 438
713 186 438
549 616 438
143 557 438
797 681 438
376 604 438
553 457 438
427 198 438
498 465 438
750 280 438
990 781 436
556 645 436
757 388 436
261 753 436
391 427 436
121 739 436
218 451 434
370 635 434
2 742 434
110 628 434
109 712 434
364 458 434
525 274 434
761 206 434
921 214 434
189 84 432
279 692 432
66 612 432
828 508 432
85 640 432
239 776 430
273 622 430
636 378 430
827 216 430
981 365 430
744 782 430
662 501 428
890 688 428
502 668 428
645 40 428
920 261 428
476 305 428
783 656 428
404 707 428
927 763 428
411 780 428
563 743 428
488 362 426
740 326 426
340 608 426
593 541 426
646 331 426
643 641 424
353 573 424
164 328 424
129 174 424
964 783 424
653 13 424
415 732 424
431 504 424
440 628 424
522 573 424
988 424 424
817 66 424
551 641 422
933 438 422
568 734 422
293 308 422
816 677 422
193 614 422
773 725 420
675 171 420
1 174 420
179 707 420
237 534 418
881 173 418
373 477 418
230 713 418
241 780 418
934 661 418
58 260 418
461 756 418
214 316 416
230 418 416
583 734 416
356 777 416
609 172 416
529 370 416
751 386 416
163 782 416
981 497 416
786 225 414
3 680 414
554 5 414
284 503 414
376 682 414
441 507 414
969 643 414
544 630 414
168 275 412
442 334 412
831 699 412
862 620 412
862 761 412
80 238 412
526 581 412
105 419 412
715 663 412
16 543 412
723 363 410
871 2 410
789 675 410
65 463 410
957 777 410
711 669 408
551 483 408
719 762 408
170 610 408
317 616 408
323 29 408
139 545 408
955 592 406
540 248 406
518 379 406
607 762 406
614 778 406
1000 416 406
453 462 406
990 22 406
845 712 406
683 790 406
295 230 404
712 797 404
588 448 404
674 739 404
1000 428 404
948 334 404
657 688 404
163 484 404
720 721 404
256 485 404
298 437 402
917 643 402
628 566 402
657 310 402
213 599 402
369 633 402
232 576 402
642 409 402
633 284 400
399 182 400
884 439 400
595 711 400
624 577 400
906 196 400
916 780 400
514 406 400
988 534 400
803 60 400
842 247 400
963 49 400
11 678 398
466 653 398
720 593 398
880 422 398
352 446 398
688 757 398
226 559 398
276 412 398
10 311 398
982 350 396
996 796 396
8 290 396
613 717 396
228 677 396
791 563 396
421 709 396
213 576 396
721 713 396
250 570 396
404 475 394
313 13 394
643 723 394
848 800 394
616 645 394
592 204 394
415 523 394
735 672 394
200 518 394
991 595 394
419 775 394
78 654 394
596 789 394
171 242 394
108 417 394
954 611 392
65 462 392
801 465 392
518 150 392
561 689 392
923 416 392
735 497 392
871 650 392
139 781 392
359 29 392
219 638 390
604 690 390
634 680 390
375 190 390
771 589 390
594 771 390
527 218 390
832 800 390
917 228 388
277 641 388
257 63 388
327 713 388
43 463 388
116 771 388
449 106 388
145 63 388
217 581 386
153 714 386
935 545 386
50 212 386
953 310 386
948 760 384
591 805 380
302 761 384
118 144 384
808 642 382
324 793 382
720 465 382
598 671 382
240 248 382
323 709 382
173 109 382
498 616 382
940 712 382
892 269 382
41 650 380
789 438 380
727 571 380
958 548 380
261 783 380
739 756 380
638 580 380
158 585 378
263 765 378
617 414 378
572 750 378
918 601 376
65 562 376
857 804 376
430 465 376
113 427 376
776 527 376
698 800 376
808 612 376
228 624 376
600 545 376
533 439 376
501 87 376
797 236 376
137 702 376
212 595 374
287 681 374
167 793 374
152 679 374
498 253 374
656 556 374
446 550 374
482 649 372
285 809 364
310 417 372
281 368 372
788 647 372
274 666 372
763 37 372
358 797 370
560 764 370
593 514 370
93 731 370
166 456 370
295 773 370
706 176 370
46 774 368
328 811 357
967 178 368
200 662 368
217 452 368
200 550 366
853 392 366
947 467 366
309 806 366
353 420 366
247 707 366
132 815 342
130 600 366
448 581 364
435 435 364
455 788 364
974 642 364
788 236 364
202 49 364
394 653 364
394 326 364
892 626 364
436 31 362
539 765 362
135 664 362
682 781 362
107 18 362
130 530 362
654 535 362
227 416 360
64 287 360
248 306 360
158 539 360
507 620 360
789 514 360
739 652 360
631 495 358
896 537 358
142 246 358
211 654 358
665 693 358
543 452 358
784 426 358
995 616 358
581 124 358
490 496 358
627 675 358
214 708 358
568 278 356
606 194 356
74 399 356
920 601 356
121 294 356
903 760 354
314 634 354
866 359 354
801 467 354
699 644 354
508 728 352
151 818 331
29 704 352
693 818 331
432 803 350
551 764 350
621 219 350
278 814 345
631 554 350
190 413 350
261 615 350
52 819 327
550 51 350
699 325 348
640 501 348
636 732 348
680 488 348
138 782 348
472 619 348
354 584 348
855 768 348
462 492 346
536 251 346
617 753 346
676 588 346
426 816 338
898 72 346
886 472 346
684 98 346
529 751 346
330 821 320
573 88 346
403 111 346
451 381 346
275 770 346
46 112 344
748 25 344
256 556 344
318 659 344
747 274 344
80 268 344
414 645 344
1000 198 344
137 810 344
815 640 344
729 516 344
697 679 342
101 545 342
438 455 342
337 538 342
198 151 342
855 266 342
108 394 342
857 790 342
897 789 342
155 772 342
753 55 340
874 483 340
554 822 316
578 491 340
236 631 340
304 227 340
504 566 340
399 775 340
617 762 340
790 692 340
391 828 295
610 583 340
740 352 340
889 647 340
137 797 340
914 750 338
515 816 338
217 591 338
536 590 338
589 736 338
403 632 338
660 303 336
416 812 336
224 140 336
518 331 336
404 732 336
925 533 336
398 734 334
325 730 334
385 720 334
282 468 334
87 187 334
326 822 316
251 725 334
7 634 334
605 484 334
744 418 334
62 772 334
278 519 332
382 562 332
666 808 332
653 660 332
24 785 332
675 797 332
709 567 332
414 819 327
947 719 332
218 545 332
739 804 332
994 536 330
589 562 330
586 784 330
94 750 330
298 755 330
547 670 330
266 402 330
938 798 330
489 748 330
219 489 330
461 773 330
946 641 330
415 482 330
722 765 328
832 179 328
557 523 328
560 568 328
417 428 328
422 539 328
389 427 328
561 632 328
981 442 328
891 82 328
22 734 326
858 582 326
722 629 326
543 698 326
17 827 299
199 512 326
211 587 324
394 374 324
244 641 324
470 728 324
836 794 324
728 403 324
550 229 324
954 705 324
288 655 324
272 162 324
956 487 322
633 473 322
190 619 322
651 572 322
212 268 322
363 628 322
472 422 322
845 610 322
88 755 322
40 810 322
823 312 322
279 811 322
287 719 322
673 818 322
792 651 320
742 402 320
259 224 320
206 407 320
598 727 320
97 763 320
75 643 320
115 283 320
485 624 320
157 149 320
625 512 320
460 495 320
881 663 318
450 714 318
147 252 318
936 743 318
509 800 318
52 826 302
351 189 318
288 821 318
983 827 299
720 741 318
915 440 318
114 415 318
316 296 318
183 666 318
67 473 318
473 586 318
164 832 282
50 816 316
91 823 313
452 685 316
198 754 316
763 235 316
450 367 316
672 341 316
941 837 265
649 732 316
724 816 314
99 828 295
892 450 314
340 664 314
632 609 314
960 577 314
209 328 314
403 636 314
904 671 314
604 703 314
859 712 314
400 812 312
117 658 312
593 108 312
61 686 312
377 771 312
389 529 312
684 92 312
846 519 312
649 818 312
87 674 312
903 246 312
370 439 312
625 620 312
334 278 312
893 426 310
401 335 310
124 82 310
777 811 310
165 421 310
829 737 310
103 738 310
826 726 310
834 27 310
747 15 308
841 44 308
632 613 308
722 803 308
786 813 308
989 533 308
470 442 308
175 540 308
637 518 308
463 391 308
362 705 308
274 717 308
624 817 308
273 487 306
813 796 306
856 41 306
524 845 240
1000 518 306
800 94 306
649 671 306
33 628 306
641 207 306
770 745 306
329 482 306
505 214 306
540 304 306
248 832 282
215 280 304
145 794 304
136 582 304
489 758 304
319 498 304
965 106 302
625 722 302
397 754 302
688 188 302
447 605 302
192 215 302
850 780 302
660 706 302
569 652 302
684 493 302
752 213 302
643 755 300
387 796 300
598 818 300
472 224 300
724 588 300
853 605 298
780 584 298
198 337 298
99 404 298
214 645 298
569 626 298
24 663 298
123 731 298
90 822 298
429 581 298
158 845 240
343 551 296
587 730 296
135 818 296
645 590 296
534 226 296
63 538 296
158 313 294
991 664 294
20 542 294
464 668 294
168 714 294
762 836 268
582 674 294
152 595 294
373 717 294
985 220 294
173 630 294
948 481 292
633 51 292
629 812 292
380 841 252
132 842 249
464 38 292
353 812 290
97 625 290
58 388 290
768 785 290
328 668 290
478 147 290
288 651 290
405 761 290
429 565 290
398 330 290
283 516 290
102 743 288
374 358 288
20 501 288
673 799 288
321 474 288
771 30 286
365 815 286
617 722 286
367 620 286
937 176 286
771 565 286
153 471 286
972 716 286
39 830 286
222 186 286
506 628 286
544 355 286
208 592 284
898 424 284
830 171 284
451 354 284
741 460 284
393 660 284
247 60 284
946 478 282
849 758 282
236 836 268
62 582 282
634 845 240
35 725 282
775 589 282
317 599 282
268 799 280
855 472 280
2 87 280
453 401 280
763 765 280
927 837 265
46 679 280
296 617 278
877 54 278
816 798 278
195 826 278
172 846 237
729 848 231
782 751 278
915 728 278
823 503 278
13 377 278
381 738 278
495 832 278
440 431 278
804 689 276
942 323 276
211 422 276
777 198 276
755 546 276
43 585 276
213 321 274
373 719 274
468 397 274
433 793 274
535 155 274
111 439 274
295 836 268
790 259 274
517 481 274
500 807 274
957 762 274
639 353 272
155 771 272
595 709 272
804 341 272
634 614 272
563 544 272
937 737 272
163 471 272
942 630 272
512 436 272
947 202 272
236 701 272
117 626 272
581 309 272
389 111 272
720 61 270
382 809 270
698 581 270
596 170 270
331 759 270
728 183 270
685 690 270
599 113 270
215 544 268
235 207 268
500 589 268
406 749 268
544 709 268
424 697 268
146 698 268
649 156 266
594 861 193
618 733 266
476 353 266
86 745 266
97 445 266
206 103 266
308 317 266
307 41 266
441 558 266
396 782 264
886 645 264
947 795 264
280 719 264
166 608 264
706 833 264
428 571 264
306 717 264
908 853 216
684 667 262
524 792 262
149 341 262
547 88 262
809 638 262
981 446 262
177 469 262
725 68 262
37 658 262
271 763 262
328 851 222
921 808 260
160 808 260
933 378 260
668 839 259
975 706 260
415 175 260
868 835 260
271 817 260
94 687 258
904 737 258
47 259 258
134 436 258
74 394 258
199 586 258
709 487 258
889 545 258
775 814 258
403 293 256
374 552 256
117 587 256
858 62 256
720 497 256
442 724 256
106 291 256
147 466 256
289 612 256
463 811 256
358 173 256
190 381 256
203 744 256
171 567 256
980 455 254
601 832 254
151 756 254
898 837 254
754 657 254
797 337 254
874 677 254
866 569 254
183 792 254
38 60 254
730 369 254
724 812 254
728 278 252
207 561 252
631 633 252
317 790 252
854 823 252
41 127 252
457 121 252
458 378 252
55 288 252
76 799 250
327 842 249
444 632 250
395 206 250
763 860 196
498 645 250
966 708 250
757 820 250
740 799 250
164 816 250
858 205 250
382 814 248
825 290 248
122 632 248
548 541 248
532 607 248
926 615 248
136 405 248
188 867 176
975 478 248
520 339 246
720 297 246
150 853 216
915 830 246
673 748 246
126 644 246
745 857 204
632 785 246
182 422 246
882 326 246
534 136 246
692 126 244
772 617 244
461 706 244
868 812 244
123 626 244
455 816 244
631 15 242
82 245 242
16 690 242
614 239 242
952 790 242
495 735 242
829 273 242
984 63 242
131 651 240
94 750 240
35 526 240
851 842 240
138 514 240
967 658 240
357 727 238
870 846 237
564 721 238
623 732 238
693 343 238
199 169 238
715 548 236
266 272 236
422 721 236
774 2 236
906 810 236
765 501 236
836 258 236
302 603 234
476 693 234
119 511 234
380 747 234
809 148 234
92 602 234
223 719 234
97 780 234
317 538 234
496 804 234
110 877 151
55 737 232
915 670 232
688 635 232
28 519 232
82 749 232
339 816 232
588 527 232
303 722 232
810 635 232
598 643 232
187 202 232
70 274 232
202 859 198
343 199 230
764 801 230
567 676 230
263 318 230
953 596 230
729 268 230
86 275 230
578 615 230
658 221 230
886 663 230
418 745 230
306 702 228
749 100 228
379 383 228
760 680 228
903 209 228
21 344 228
158 461 228
300 839 228
505 873 161
496 684 228
350 860 196
267 759 228
669 605 228
213 797 228
538 547 228
911 122 226
901 403 226
447 560 226
1000 780 226
642 461 226
300 828 226
543 578 224
851 719 224
574 796 224
249 516 224
321 878 148
152 384 224
899 11 224
413 881 141
290 638 224
20 809 224
813 854 213
643 685 224
681 440 222
357 875 156
133 271 222
908 299 222
527 804 222
871 796 222
120 809 222
689 806 220
702 493 220
885 330 220
467 861 193
684 772 220
425 201 218
321 885 132
1000 488 218
799 767 218
318 768 218
428 671 218
63 10 218
716 628 216
15 511 216
169 872 163
965 858 201
943 480 216
907 868 174
829 594 216
830 449 216
347 298 216
989 862 190
923 860 196
566 209 214
242 430 214
385 339 214
489 771 214
376 685 214
269 558 214
34 831 214
944 859 198
38 373 214
423 887 127
712 686 212
979 787 212
908 715 212
152 807 212
487 715 212
159 359 212
672 622 212
947 474 212
34 784 212
980 711 212
740 780 212
159 728 212
545 765 210
357 789 210
298 490 210
191 826 210
844 815 210
680 629 210
624 829 210
272 718 210
870 548 210
331 534 210
728 801 210
580 390 210
945 536 210
528 851 210
615 657 210
841 803 208
477 368 208
545 452 208
178 431 208
180 781 208
606 785 208
621 749 208
482 856 206
825 415 206
723 749 206
666 861 193
543 632 206
518 388 206
456 265 206
266 11 206
770 668 206
515 892 116
334 488 204
305 800 204
686 571 204
750 609 204
538 154 204
326 700 204
449 677 204
305 803 204
903 470 204
743 825 204
546 447 204
954 135 204
499 588 202
398 726 202
79 645 202
987 431 202
269 890 121
122 830 202
330 680 202
573 846 202
474 889 123
593 565 202
304 757 200
473 289 200
195 729 200
460 202 200
558 394 200
115 899 102
171 691 200
128 235 200
819 824 200
335 774 200
125 894 112
905 865 182
322 360 200
63 850 200
295 160 200
726 813 200
128 820 198
233 824 198
762 447 198
688 451 198
845 323 198
950 780 198
529 266 198
741 887 127
811 680 198
770 321 198
44 890 121
981 726 198
477 824 196
544 893 114
568 403 196
515 637 196
480 673 196
118 187 196
591 757 196
903 733 194
270 584 194
579 763 194
922 625 194
777 839 194
517 669 194
129 84 194
277 740 194
907 875 156
229 689 194
646 630 194
396 880 144
706 381 194
354 671 192
978 534 192
924 444 192
171 877 151
424 735 192
520 853 192
623 117 192
154 803 192
839 736 192
345 506 192
225 870 169
395 725 192
508 693 192
934 43 190
356 657 190
310 304 190
604 860 190
833 694 190
703 448 190
212 827 190
270 901 98
952 872 163
274 460 188
746 815 188
883 135 188
944 397 188
851 694 188
988 874 158
720 569 188
843 714 188
678 496 188
792 678 188
915 242 188
397 128 186
685 414 186
572 731 186
7 896 108
350 302 184
468 299 184
348 653 184
787 291 184
705 288 184
838 676 184
909 26 184
356 362 184
215 171 184
772 580 184
38 768 184
437 837 184
839 883 136
157 860 182
160 411 182
191 758 182
243 172 182
187 806 182
915 713 182
97 629 182
436 484 182
381 641 182
103 710 182
885 900 100
580 616 180
857 131 180
286 594 180
80 230 180
217 842 180
628 196 180
974 730 180
682 838 180
403 433 178
944 653 178
109 197 178
48 311 178
528 354 178
757 842 178
16 850 178
51 671 178
574 470 178
780 420 178
121 59 178
171 351 178
657 782 178
934 558 178
644 652 176
253 891 118
515 59 176
653 563 176
739 42 174
974 430 174
89 413 174
519 891 118
109 157 174
920 730 174
453 626 174
504 787 174
754 894 112
40 647 174
744 812 174
139 842 174
873 889 123
126 241 174
819 749 174
997 431 174
848 794 172
343 132 172
70 553 172
13 344 172
377 440 172
431 653 172
332 473 172
973 848 172
985 686 172
771 781 172
73 873 161
507 798 170
402 546 170
744 164 170
548 899 102
447 653 170
839 695 170
192 815 170
174 898 104
391 406 168
865 645 168
311 407 168
213 467 168
793 907 86
964 890 121
519 569 168
307 895 110
477 882 139
633 895 110
969 570 166
770 865 166
557 151 166
461 783 166
67 746 166
469 448 166
448 796 166
478 622 166
850 882 139
955 313 166
186 207 164
80 46 164
10 112 164
979 692 164
524 119 164
443 440 164
204 626 164
600 902 96
371 32 164
529 12 164
156 287 164
302 916 70
307 773 164
884 390 162
195 698 162
456 853 162
614 756 162
569 854 160
663 484 160
166 907 86
458 877 151
876 738 160
611 840 160
740 610 160
691 738 160
588 780 160
550 397 160
291 297 160
994 130 160
638 555 160
307 762 160
531 141 160
211 876 153
260 775 158
111 771 158
653 916 70
646 33 158
73 817 158
354 358 158
602 839 158
37 641 158
384 766 158
652 366 158
30 753 158
539 636 156
660 732 156
395 575 156
293 890 121
562 742 156
113 857 156
312 668 156
796 886 129
430 790 156
914 834 156
498 601 156
551 279 156
220 836 154
358 829 154
920 911 79
640 834 154
767 737 154
936 835 154
805 502 154
899 784 154
854 589 154
727 732 154
941 363 152
991 898 104
231 915 72
225 809 152
261 796 152
323 822 152
447 385 152
672 308 152
736 675 152
915 494 152
889 72 152
709 751 150
445 450 150
696 886 129
49 809 150
792 488 150
492 825 150
256 746 150
818 527 150
233 406 150
934 923 59
340 500 150
858 908 84
576 911 79
125 910 81
85 815 148
529 759 148
815 170 148
995 128 148
67 704 148
855 804 148
700 19 148
880 44 148
631 230 148
190 892 116
513 48 148
483 585 148
761 775 146
112 836 146
873 421 146
799 470 146
378 790 146
291 914 73
881 865 146
204 767 146
560 839 146
298 780 146
259 654 146
273 598 144
285 918 67
72 892 116
735 649 144
265 689 144
791 903 94
581 609 144
468 901 98
212 730 144
827 459 144
650 740 144
97 213 144
75 902 96
832 735 144
453 901 98
146 893 114
672 786 142
950 845 142
912 745 142
577 851 142
31 166 142
45 922 60
530 916 70
732 904 92
858 903 94
335 802 142
388 358 142
32 868 142
508 521 142
235 920 64
234 773 140
758 869 140
31 839 140
174 264 140
863 709 140
91 854 140
781 632 140
201 664 140
22 441 140
409 858 140
561 888 125
286 346 140
91 877 140
260 846 138
117 662 138
932 866 138
735 29 138
590 878 138
390 254 138
267 824 138
640 778 138
731 907 86
960 814 136
902 907 86
732 756 136
169 679 136
586 914 73
653 879 136
577 474 136
34 893 114
115 801 136
133 401 136
831 768 136
787 462 136
390 842 134
457 928 51
922 417 134
768 920 64
926 853 134
245 852 134
28 6 134
124 926 54
937 498 134
953 902 96
68 318 134
787 309 134
16 920 64
738 408 134
169 793 134
848 64 134
595 745 134
345 608 134
429 924 57
374 4 132
205 706 132
967 715 132
533 630 132
363 894 112
408 615 132
873 857 132
252 538 132
323 24 132
760 855 132
666 873 130
51 825 130
308 926 54
577 797 130
129 923 59
753 680 130
90 874 130
312 850 130
694 738 130
329 864 128
804 808 128
398 614 128
635 703 128
565 306 128
158 372 128
406 916 70
379 928 51
517 932 46
564 793 128
467 891 118
878 428 128
218 35 128
578 340 128
380 769 128
804 878 126
984 853 126
437 872 126
527 790 126
967 610 126
931 890 121
944 102 126
250 821 126
482 791 126
568 768 126
285 792 124
488 891 118
293 551 124
646 866 124
606 747 124
639 698 124
363 626 124
333 913 75
836 386 124
980 712 124
669 795 124
992 781 122
693 765 122
280 111 122
404 843 122
277 235 122
441 872 122
788 858 122
605 471 122
824 733 122
17 429 122
384 924 57
114 855 122
976 452 122
692 802 122
662 594 122
559 897 106
464 651 120
155 646 120
825 434 120
74 906 88
388 890 120
753 451 120
756 515 120
466 726 120
263 882 120
972 840 120
442 865 120
379 864 120
23 682 120
227 432 120
707 794 120
637 926 54
47 842 120
908 321 120
676 899 102
47 733 118
982 939 37
905 787 118
323 598 118
901 940 36
716 786 118
354 754 118
814 398 118
658 932 46
959 639 118
439 548 116
504 935 42
439 762 116
786 277 116
779 224 116
571 559 116
935 641 116
284 845 116
490 631 116
920 585 116
172 305 114
244 717 114
315 864 114
179 867 114
113 746 114
816 572 114
551 903 94
415 574 114
964 911 79
895 433 114
186 652 114
551 851 114
800 827 114
828 928 51
786 721 114
883 294 114
751 810 114
134 375 114
57 804 114
774 870 114
386 297 112
564 790 112
433 906 88
456 167 112
201 879 112
402 133 112
756 847 112
938 503 112
408 425 112
266 428 112
120 886 112
807 880 110
136 852 110
273 559 110
395 402 110
499 711 110
339 830 110
161 787 110
810 941 34
357 644 110
79 904 92
642 936 40
353 850 110
580 676 110
576 287 108
282 936 40
440 10 108
809 332 108
974 582 108
445 799 108
86 459 108
455 694 108
689 285 108
785 461 108
542 904 92
533 927 53
119 930 49
645 671 108
282 899 102
87 905 90
369 718 106
596 725 106
959 565 106
351 555 106
36 18 106
425 865 106
668 347 104
343 623 104
467 685 104
772 846 104
261 593 104
23 855 104
97 880 104
106 643 104
511 922 60
613 599 104
136 875 104
589 922 60
406 550 104
839 751 104
634 809 102
208 610 102
156 339 102
524 687 102
113 432 102
552 633 102
104 296 102
218 668 102
411 765 102
382 40 102
431 75 102
907 69 102
948 908 84
210 446 100
725 727 100
248 75 100
47 934 43
763 900 100
559 936 40
805 759 100
725 228 100
886 816 100
348 945 30
135 729 100
134 936 40
766 936 40
790 923 59
147 943 32
437 586 98
861 192 98
327 1 98
564 611 98
37 398 98
358 635 98
427 760 98
597 881 98
328 120 98
186 940 36
586 898 98
963 909 82
964 934 43
108 363 98
152 867 98
479 908 84
276 546 98
544 710 96
610 857 96
30 939 37
385 890 96
685 889 96
897 704 96
453 247 96
663 935 42
71 289 96
17 45 96
724 869 96
462 863 96
546 829 96
579 928 51
386 460 96
335 841 96
438 645 96
885 308 96
333 778 96
586 660 94
260 659 94
841 940 36
323 354 94
865 951 24
774 590 94
825 861 94
871 703 94
576 240 94
640 922 60
570 943 32
668 752 94
63 848 94
415 330 94
14 919 65
977 911 79
716 110 94
982 928 51
450 545 92
616 953 22
560 411 92
533 951 24
508 773 92
538 683 92
775 862 92
745 737 92
789 919 65
356 311 92
966 898 92
493 867 92
838 838 92
578 729 92
80 653 90
197 937 39
267 825 90
899 358 90
932 268 90
975 950 25
211 557 90
13 930 49
800 951 24
654 601 90
139 954 21
850 773 90
841 933 44
513 905 88
58 645 88
230 945 30
125 953 22
476 843 88
941 702 88
360 854 88
475 923 59
17 725 88
874 145 88
48 542 88
676 593 88
473 701 88
324 417 88
690 892 88
813 747 86
834 700 86
135 909 82
920 122 86
229 581 86
320 845 86
529 323 86
475 771 86
509 281 86
206 542 86
303 806 86
240 878 86
125 869 86
145 848 86
311 290 84
695 697 84
294 621 84
711 919 65
829 558 84
949 775 84
846 841 84
163 742 84
48 801 84
962 754 84
489 817 84
201 30 82
526 945 30
980 696 82
957 501 82
136 746 82
107 463 82
191 243 82
327 893 82
982 893 82
711 582 82
404 34 82
266 945 30
359 950 25
459 878 82
703 955 20
966 233 82
330 848 82
112 782 82
42 853 80
716 948 27
47 864 80
857 865 80
913 420 80
896 869 80
47 924 57
931 666 80
769 395 80
919 281 80
130 538 80
879 950 25
151 421 80
867 927 53
974 1 80
503 847 78
444 651 78
916 432 78
636 656 78
209 196 78
783 782 78
391 958 17
105 898 78
831 753 78
140 927 53
636 829 78
803 793 78
648 841 78
760 959 16
827 680 76
185 612 76
345 940 36
592 864 76
500 519 76
224 907 76
212 955 20
56 957 18
931 319 76
413 776 76
119 901 76
542 950 25
679 651 76
111 854 76
355 961 15
102 938 38
125 953 22
964 908 74
138 703 74
754 644 74
406 499 74
227 24 74
128 930 49
42 803 74
659 533 74
676 276 74
841 348 74
13 935 42
981 925 56
97 880 72
782 726 72
960 909 72
213 901 72
660 780 72
822 962 14
933 270 72
354 681 72
110 245 72
985 196 72
58 951 24
726 942 33
124 484 72
920 602 72
520 796 72
711 480 72
953 674 70
941 543 70
863 701 70
13 843 70
698 766 70
830 200 70
890 887 70
241 933 44
281 900 70
131 957 18
459 944 31
217 931 47
992 959 16
561 960 16
322 958 17
530 208 70
589 788 70
230 900 70
556 431 68
883 469 68
439 40 68
307 904 68
558 896 68
180 808 68
898 341 68
73 831 68
96 884 68
756 753 68
480 741 68
399 267 68
557 546 68
79 813 68
618 669 68
198 377 66
741 822 66
188 952 23
109 662 66
515 929 50
483 857 66
494 819 66
842 762 66
327 958 17
184 390 66
208 62 66
487 432 66
627 902 66
871 863 66
760 503 66
892 556 66
836 946 29
616 966 11
403 940 36
336 866 64
223 706 64
582 938 38
592 964 12
861 955 20
295 572 64
714 827 64
680 945 30
752 641 64
72 748 64
772 546 64
248 311 62
910 112 62
694 901 62
470 954 21
800 528 62
83 180 62
583 914 62
422 925 56
851 397 62
278 861 62
719 543 62
374 899 62
900 518 62
608 757 62
499 965 12
585 771 62
760 887 62
649 481 62
151 906 62
732 809 62
766 700 62
216 947 28
261 768 62
765 179 60
69 611 60
696 792 60
274 965 12
909 628 60
320 926 54
822 928 51
586 803 60
910 707 60
152 542 60
344 841 60
573 769 60
833 866 60
723 831 60
861 890 60
971 913 60
965 722 60
204 813 60
55 624 60
807 423 60
787 771 58
482 405 58
698 886 58
606 632 58
702 488 58
228 952 23
280 955 20
212 963 13
135 304 58
205 856 58
905 945 30
352 645 58
223 399 58
922 919 58
729 253 58
76 970 9
505 655 58
538 574 56
431 917 56
398 795 56
704 968 10
793 627 56
87 834 56
911 859 56
964 964 12
107 788 56
203 848 56
839 909 56
933 963 13
864 940 36
726 946 29
606 304 56
639 726 56
214 964 12
964 853 54
105 682 54
294 548 54
25 746 54
893 778 54
181 872 54
359 920 54
870 176 54
697 956 19
270 631 54
149 964 12
316 713 54
667 876 54
76 917 54
962 744 54
20 904 54
871 850 54
156 634 54
550 563 52
19 958 17
184 424 52
237 583 52
374 937 39
672 349 52
714 928 51
242 76 52
717 230 52
272 803 52
402 536 52
365 966 11
200 872 52
129 234 52
134 966 11
216 198 50
72 634 50
226 841 50
484 948 27
929 898 50
722 598 50
301 964 12
824 965 12
278 852 50
278 907 50
803 425 50
832 949 26
980 672 50
380 950 25
517 945 30
149 970 9
401 141 48
173 369 48
110 806 48
404 924 48
484 181 48
463 963 13
614 865 48
402 694 48
745 124 48
624 941 34
286 971 8
328 922 48
389 605 48
857 960 16
621 185 48
898 868 48
378 951 24
675 618 48
166 662 48
12 945 30
21 914 48
739 851 46
358 956 19
111 959 16
383 622 46
105 539 46
235 959 16
607 418 46
673 934 43
757 877 46
391 286 46
496 634 46
852 576 46
890 360 44
900 970 9
909 941 34
848 30 44
362 557 44
500 874 44
758 790 44
68 725 44
730 732 44
947 414 44
255 568 44
78 962 14
139 471 44
53 586 44
796 977 5
271 841 42
857 540 42
865 339 42
250 795 42
750 873 42
909 65 42
991 799 42
59 946 29
5 575 42
90 327 42
655 698 42
938 930 42
245 374 42
478 405 42
232 930 42
565 976 5
956 968 10
913 712 42
356 579 42
731 943 32
499 788 42
693 901 42
869 795 42
203 779 40
981 966 11
625 904 40
739 754 40
323 956 19
161 801 40
324 716 40
282 327 40
172 957 18
139 753 40
228 924 40
854 765 40
775 971 8
484 463 40
312 218 40
195 957 18
399 893 40
506 858 40
876 778 40
916 960 16
300 849 38
879 710 38
713 964 12
277 204 38
42 915 38
132 842 38
95 857 38
159 750 38
934 933 38
913 959 16
904 919 36
163 888 36
561 480 36
710 977 5
285 206 36
839 973 7
224 860 36
651 937 36
13 960 16
944 773 36
400 963 13
997 397 36
608 700 36
501 954 21
39 682 36
464 952 23
851 959 16
873 981 3
186 861 34
130 890 34
679 804 34
823 899 34
113 957 18
91 981 3
808 926 34
132 927 34
889 875 34
919 873 34
621 883 34
452 890 34
358 890 34
675 980 4
830 967 10
182 585 34
272 982 3
123 441 34
324 965 12
696 182 34
348 956 19
382 863 34
415 969 9
157 278 32
490 873 32
763 941 32
435 22 32
618 887 32
402 967 10
390 419 32
219 981 3
915 832 32
829 48 32
930 278 32
16 754 32
477 50 32
819 974 6
523 728 32
907 316 32
149 768 32
231 900 32
528 983 2
718 982 3
394 653 32
371 152 32
967 977 5
296 858 32
703 678 32
395 961 15
762 822 30
23 956 19
514 910 30
477 874 30
739 136 30
336 651 30
475 887 30
253 972 7
353 688 30
223 946 29
537 792 30
202 946 29
864 975 6
775 950 25
724 939 30
103 869 30
162 732 30
184 922 30
548 937 30
685 948 27
861 393 30
796 465 30
889 957 18
246 659 30
86 978 4
111 482 30
264 984 2
776 883 30
166 824 28
133 917 28
130 956 19
788 971 8
690 675 28
259 960 16
124 124 28
310 937 28
291 980 4
429 898 28
562 840 28
649 775 28
862 645 28
591 947 28
296 926 28
125 510 28
612 670 28
841 800 28
883 976 5
950 858 28
34 698 28
15 630 28
397 739 28
666 856 28
206 650 28
69 985 2
118 466 28
819 954 21
83 209 26
329 671 26
288 307 26
189 181 26
245 983 2
483 850 26
73 973 7
926 919 26
632 496 26
956 971 8
854 307 26
705 882 26
608 983 2
670 398 26
533 920 26
819 905 26
890 745 26
397 765 26
9 840 26
715 962 14
795 915 24
733 978 4
21 749 24
660 622 24
961 984 2
456 946 24
872 984 2
187 317 24
70 983 2
123 784 24
607 882 24
800 956 19
996 192 24
759 985 2
363 540 24
387 974 6
343 884 22
185 955 20
352 839 22
328 888 22
984 716 22
297 975 6
704 686 22
152 965 12
281 976 5
643 929 22
647 911 22
235 413 22
104 678 22
942 941 22
838 872 22
849 556 22
972 873 22
531 399 22
842 844 22
900 981 3
527 466 22
643 808 22
647 792 22
758 770 22
272 499 22
443 268 22
176 371 22
457 566 22
823 912 22
2 671 22
428 842 20
358 984 2
130 986 1
890 794 20
863 962 14
703 586 20
685 980 4
770 982 3
977 673 20
96 967 10
498 955 20
250 977 5
347 839 20
972 967 10
325 948 20
6 981 3
459 654 18
253 765 18
111 953 18
639 53 18
866 537 18
42 934 18
847 77 18
409 894 18
225 558 18
964 974 6
293 734 18
993 659 18
494 984 2
583 49 18
340 800 18
507 423 18
888 893 18
787 761 18
978 984 2
403 896 18
763 461 18
32 581 18
770 980 4
593 988 1
146 975 6
225 975 6
102 978 4
770 960 16
61 925 18
375 906 18
356 638 18
216 452 16
185 929 16
704 553 16
247 957 16
361 855 16
444 316 16
480 964 12
728 982 3
962 247 16
70 886 16
577 968 10
996 983 2
391 983 2
374 893 16
185 987 1
559 799 16
430 838 16
501 913 16
434 275 16
564 534 16
591 977 5
727 939 16
159 961 14
60 943 14
188 569 14
684 981 3
694 991 0
811 898 14
232 929 14
271 978 4
636 959 14
561 930 14
635 929 14
871 753 14
478 663 14
989 950 14
953 409 14
806 709 14
408 375 14
460 361 14
302 990 1
156 980 4
413 983 2
888 918 14
505 992 0
453 937 14
894 914 14
717 992 0
987 828 14
452 990 1
657 991 0
980 971 8
496 595 12
513 984 2
237 759 12
113 986 1
234 670 12
625 639 12
311 920 12
148 573 12
28 969 9
848 906 12
842 605 12
503 988 1
683 900 12
466 345 12
682 908 12
489 982 3
674 830 12
715 972 7
939 886 12
557 950 12
354 969 9
709 924 12
55 212 12
81 992 0
230 982 3
843 910 12
531 987 1
506 898 12
582 632 12
632 204 12
881 966 11
953 940 12
208 987 1
881 968 10
725 874 12
953 825 12
287 985 2
651 983 2
380 706 10
110 466 10
502 303 10
135 992 0
112 988 1
429 940 10
655 810 10
313 748 10
556 336 10
733 931 10
487 812 10
584 631 10
666 957 10
133 956 10
775 670 10
133 994 0
90 964 8
840 964 8
416 922 8
771 686 8
611 994 0
571 874 8
486 544 8
222 952 8
716 843 8
474 856 8
738 883 8
733 832 8
689 914 8
976 960 8
389 993 0
480 990 1
844 789 8
468 995 0
174 954 8
339 983 2
824 292 8
350 995 0
779 992 0
915 987 1
409 985 2
268 995 0
555 985 2
446 888 8
543 336 8
133 981 3
398 995 0
500 986 1
281 851 6
919 986 1
472 592 6
323 984 2
757 466 6
981 906 6
705 852 6
442 934 6
652 612 6
285 993 0
951 794 6
671 422 6
358 963 6
86 995 0
755 931 6
411 991 0
677 942 6
382 986 1
632 861 6
918 501 6
99 949 6
928 988 1
681 695 6
38 901 6
741 488 6
986 582 6
479 996 0
815 956 6
272 963 4
228 973 4
862 699 4
474 993 0
711 240 4
962 790 4
665 613 4
218 993 0
764 996 0
675 263 4
868 967 4
443 996 0
6 993 0
594 433 4
205 924 4
434 785 4
663 993 0
295 867 4
197 60 4
67 980 4
881 822 4
763 993 0
189 923 4
270 971 4
798 985 2
278 993 0
82 959 4
785 867 4
68 880 4
99 969 4
238 518 4
128 985 2
977 954 4
870 994 0
821 905 4
104 871 4
769 975 4
273 532 4
427 619 4
366 964 4
73 961 4
666 319 4
814 597 4
828 995 0
12 32 2
798 700 2
709 902 2
674 970 2
958 130 2
568 129 2
375 429 2
330 739 2
237 993 0
741 990 1
64 986 1
218 841 2
652 997 0
85 992 0
396 997 0
605 992 0
28 963 2
901 992 0
488 61 2
573 936 2
767 997 0
450 894 2
53 997 0
639 992 0
227 997 0
432 992 0
5 7 2
899 315 2
618 932 2
733 801 2
920 982 2
617 316 2
242 802 2
300 966 2
964 721 2
352 977 2
224 989 1
356 981 2
592 722 0
35 724 0
83 915 0
781 662 0
137 1000 0
551 430 0
307 999 0
676 750 0
627 998 0
194 871 0
449 990 0
127 982 0
237 979 0
716 999 0
432 1000 0
868 834 0
150 999 0
692 986 0
586 918 0
159 1000 0
515 871 0
68 821 0
206 998 0
445 999 0
562 950 0
431 993 0
863 426 0
616 993 0
691 999 0
169 954 0
505 992 0
4 996 0
350 1000 0
756 997 0
822 1000 0
255 986 0
69 231 0
319 998 0
795 736 0
893 997 0
973 368 0
213 833 0
713 989 0
52 916 0
547 999 0
76 991 0
466 997 0
854 997 0
631 958 0
237 1000 0
487 999 0
268 868 0
