5000 100 4.3589
1 1 98
2 2 96
1 1 98
3 3 94
4 4 92
5 5 90
7 7 86
8 8 84
8 8 84
3 3 94
8 8 84
2 2 96
8 8 84
7 7 86
3 3 94
3 3 94
7 7 86
7 7 86
5 5 90
8 8 84
7 7 86
9 9 82
10 10 81
9 9 82
7 7 86
8 8 84
7 7 86
2 2 96
7 7 86
12 12 77
2 2 96
5 5 90
1 1 98
2 2 96
9 9 82
4 4 92
3 3 94
3 3 94
1 1 98
9 9 82
7 7 86
11 11 79
13 13 75
8 8 84
5 5 90
10 10 81
14 14 73
12 12 77
9 9 82
10 10 81
5 5 90
7 7 86
3 3 94
12 12 77
14 14 73
1 1 98
13 13 75
10 10 81
10 10 81
14 14 73
15 15 72
12 12 77
17 17 68
12 12 77
10 10 81
7 7 86
1 1 98
1 1 98
1 1 98
7 7 86
2 2 96
2 2 96
8 8 84
17 17 68
17 17 68
1 1 98
11 11 79
17 17 68
8 8 84
8 8 84
18 18 67
6 6 88
6 6 88
8 8 84
14 14 73
12 12 77
6 6 88
6 6 88
19 19 65
13 13 75
9 9 82
11 11 79
7 7 86
5 5 90
1 1 98
12 12 77
15 15 72
10 10 81
12 12 77
14 14 73
9 9 82
20 20 64
2 2 96
8 8 84
16 16 70
5 5 90
10 10 81
2 2 96
13 13 75
11 11 79
17 17 68
4 4 92
16 16 70
16 16 70
16 16 70
4 4 92
10 10 81
14 14 73
8 8 84
4 4 92
13 13 75
17 17 68
7 7 86
21 21 62
14 14 73
9 9 82
14 14 73
1 1 98
3 3 94
9 9 82
18 18 67
7 7 86
20 20 64
19 19 65
19 19 65
10 10 81
7 7 86
22 22 60
20 20 64
19 19 65
22 22 60
2 2 96
4 4 92
19 19 65
16 16 70
22 22 60
21 21 62
20 20 64
2 2 96
17 17 68
16 16 70
22 22 60
2 2 96
10 10 81
12 12 77
17 17 68
18 18 67
16 16 70
4 4 92
16 16 70
23 23 59
16 16 70
10 10 81
25 25 56
13 13 75
14 14 73
15 15 72
13 13 75
24 24 57
4 4 92
24 24 57
23 23 59
18 18 67
24 24 57
20 20 64
25 25 56
14 14 73
18 18 67
7 7 86
17 17 68
11 11 79
25 25 56
3 3 94
23 23 59
13 13 75
14 14 73
20 20 64
8 8 84
27 27 53
11 11 79
17 17 68
22 22 60
23 23 59
7 7 86
24 24 57
4 4 92
1 1 98
3 3 94
6 6 88
3 3 94
9 9 82
9 9 82
20 20 64
9 9 82
16 16 70
23 23 59
26 26 54
20 20 64
3 3 94
8 8 84
15 15 72
27 27 53
26 26 54
1 1 98
21 21 62
15 15 72
4 4 92
1 1 98
23 23 59
13 13 75
25 25 56
4 4 92
8 8 84
17 17 68
2 2 96
18 18 67
8 8 84
7 7 86
26 26 54
5 5 90
20 20 64
5 5 90
15 15 72
15 15 72
13 13 75
7 7 86
14 14 73
22 22 60
30 30 49
10 10 81
8 8 84
1 1 98
3 3 94
26 26 54
9 9 82
5 5 90
19 19 65
28 28 51
12 12 77
14 14 73
24 24 57
26 26 54
23 23 59
20 20 64
26 26 54
6 6 88
6 6 88
26 26 54
29 29 50
30 30 49
8 8 84
10 10 81
20 20 64
23 23 59
17 17 68
7 7 86
23 23 59
31 31 47
21 21 62
23 23 59
3 3 94
10 10 81
6 6 88
29 29 50
17 17 68
1 1 98
21 21 62
25 25 56
21 21 62
19 19 65
22 22 60
17 17 68
18 18 67
13 13 75
12 12 77
9 9 82
26 26 54
26 26 54
21 21 62
9 9 82
5 5 90
32 32 46
23 23 59
12 12 77
1 1 98
12 12 77
9 9 82
3 3 94
12 12 77
23 23 59
12 12 77
29 29 50
19 19 65
8 8 84
18 18 67
22 22 60
26 26 54
2 2 96
21 21 62
17 17 68
6 6 88
17 17 68
34 34 43
14 14 73
11 11 79
29 29 50
10 10 81
13 13 75
21 21 62
26 26 54
21 21 62
17 17 68
2 2 96
25 25 56
20 20 64
31 31 47
10 10 81
16 16 70
33 33 44
13 13 75
9 9 82
23 23 59
35 35 42
30 30 49
14 14 73
13 13 75
1 1 98
19 19 65
6 6 88
24 24 57
14 14 73
28 28 51
11 11 79
18 18 67
21 21 62
13 13 75
34 34 43
19 19 65
3 3 94
5 5 90
21 21 62
32 32 46
33 33 44
22 22 60
30 30 49
11 11 79
10 10 81
24 24 57
25 25 56
21 21 62
4 4 92
10 10 81
21 21 62
25 25 56
16 16 70
18 18 67
35 35 42
3 3 94
7 7 86
8 8 84
5 5 90
21 21 62
20 20 64
21 21 62
28 28 51
28 28 51
36 36 40
37 37 39
31 31 47
28 28 51
11 11 79
27 27 53
18 18 67
20 20 64
16 16 70
1 1 98
33 33 44
30 30 49
22 22 60
15 15 72
35 35 42
9 9 82
31 31 47
22 22 60
17 17 68
3 3 94
17 17 68
24 24 57
25 25 56
22 22 60
17 17 68
27 27 53
11 11 79
11 11 79
35 35 42
18 18 67
36 36 40
20 20 64
30 30 49
29 29 50
23 23 59
17 17 68
15 15 72
34 34 43
18 18 67
22 22 60
19 19 65
14 14 73
12 12 77
9 9 82
16 16 70
21 21 62
22 22 60
35 35 42
37 37 39
9 9 82
31 31 47
12 12 77
33 33 44
32 32 46
24 24 57
29 29 50
23 23 59
34 34 43
8 8 84
5 5 90
23 23 59
37 37 39
21 21 62
40 40 36
2 2 96
17 17 68
35 35 42
30 30 49
29 29 50
26 26 54
27 27 53
32 32 46
37 37 39
19 19 65
14 14 73
24 24 57
30 30 49
3 3 94
15 15 72
11 11 79
7 7 86
37 37 39
6 6 88
35 35 42
10 10 81
21 21 62
30 30 49
6 6 88
34 34 43
11 11 79
23 23 59
34 34 43
27 27 53
22 22 60
41 41 34
40 40 36
18 18 67
10 10 81
15 15 72
17 17 68
40 40 36
37 37 39
39 39 37
7 7 86
12 12 77
15 15 72
7 7 86
2 2 96
26 26 54
19 19 65
14 14 73
10 10 81
17 17 68
20 20 64
25 25 56
19 19 65
22 22 60
23 23 59
35 35 42
36 36 40
26 26 54
36 36 40
3 3 94
33 33 44
42 42 33
29 29 50
7 7 86
36 36 40
20 20 64
30 30 49
40 40 36
34 34 43
14 14 73
30 30 49
12 12 77
7 7 86
2 2 96
3 3 94
3 3 94
15 15 72
12 12 77
27 27 53
30 30 49
1 1 98
10 10 81
14 14 73
29 29 50
22 22 60
36 36 40
3 3 94
13 13 75
40 40 36
3 3 94
38 38 38
27 27 53
36 36 40
38 38 38
7 7 86
26 26 54
32 32 46
18 18 67
17 17 68
21 21 62
18 18 67
32 32 46
41 41 34
36 36 40
4 4 92
20 20 64
36 36 40
32 32 46
13 13 75
38 38 38
23 23 59
32 32 46
18 18 67
27 27 53
35 35 42
18 18 67
21 21 62
23 23 59
35 35 42
1 1 98
37 37 39
20 20 64
25 25 56
27 27 53
43 43 32
33 33 44
15 15 72
40 40 36
12 12 77
13 13 75
12 12 77
41 41 34
20 20 64
21 21 62
37 37 39
6 6 88
42 42 33
33 33 44
32 32 46
18 18 67
23 23 59
44 44 31
1 1 98
19 19 65
37 37 39
14 14 73
10 10 81
21 21 62
43 43 32
12 12 77
15 15 72
15 15 72
24 24 57
29 29 50
21 21 62
15 15 72
1 1 98
15 15 72
9 9 82
24 24 57
29 29 50
29 29 50
4 4 92
32 32 46
37 37 39
15 15 72
4 4 92
42 42 33
4 4 92
13 13 75
12 12 77
37 37 39
26 26 54
24 24 57
39 39 37
40 40 36
35 35 42
32 32 46
46 46 29
3 3 94
16 16 70
27 27 53
37 37 39
47 47 28
40 40 36
20 20 64
29 29 50
39 39 37
39 39 37
14 14 73
8 8 84
37 37 39
33 33 44
47 47 28
5 5 90
20 20 64
45 45 30
25 25 56
22 22 60
47 47 28
33 33 44
12 12 77
26 26 54
40 40 36
36 36 40
26 26 54
25 25 56
47 47 28
46 46 29
15 15 72
19 19 65
10 10 81
29 29 50
5 5 90
13 13 75
43 43 32
10 10 81
16 16 70
41 41 34
8 8 84
41 41 34
38 38 38
31 31 47
29 29 50
28 28 51
11 11 79
34 34 43
23 23 59
11 11 79
28 28 51
42 42 33
15 15 72
43 43 32
4 4 92
48 48 27
17 17 68
48 48 27
27 27 53
38 38 38
25 25 56
16 16 70
15 15 72
5 5 90
18 18 67
26 26 54
30 30 49
38 38 38
16 16 70
25 25 56
48 48 27
26 26 54
1 1 98
36 36 40
36 36 40
42 42 33
39 39 37
33 33 44
22 22 60
9 9 82
41 41 34
14 14 73
21 21 62
48 48 27
27 27 53
38 38 38
33 33 44
30 30 49
47 47 28
39 39 37
12 12 77
39 39 37
21 21 62
7 7 86
14 14 73
15 15 72
18 18 67
44 44 31
26 26 54
45 45 30
20 20 64
16 16 70
40 40 36
28 28 51
45 45 30
25 25 56
38 38 38
28 28 51
28 28 51
47 47 28
34 34 43
23 23 59
28 28 51
7 7 86
41 41 34
43 43 32
33 33 44
50 50 25
41 41 34
2 2 96
47 47 28
37 37 39
12 12 77
39 39 37
49 49 26
47 47 28
35 35 42
2 2 96
33 33 44
4 4 92
46 46 29
35 35 42
40 40 36
13 13 75
45 45 30
15 15 72
47 47 28
34 34 43
7 7 86
23 23 59
29 29 50
44 44 31
6 6 88
35 35 42
35 35 42
16 16 70
12 12 77
10 10 81
43 43 32
32 32 46
29 29 50
48 48 27
48 48 27
6 6 88
48 48 27
36 36 40
30 30 49
13 13 75
24 24 57
16 16 70
24 24 57
43 43 32
20 20 64
12 12 77
24 24 57
14 14 73
40 40 36
41 41 34
45 45 30
40 40 36
21 21 62
7 7 86
12 12 77
15 15 72
7 7 86
11 11 79
27 27 53
41 41 34
26 26 54
8 8 84
2 2 94
38 38 38
46 46 29
14 14 73
28 28 51
7 7 86
52 52 23
9 9 82
20 20 64
49 49 26
25 25 56
2 2 94
2 2 94
31 31 47
44 44 31
50 50 25
50 50 25
14 14 73
25 25 56
4 4 92
16 16 70
4 4 92
46 46 29
42 42 33
28 28 51
24 24 57
9 9 82
11 11 79
34 34 43
52 52 23
42 42 33
42 42 33
20 20 64
40 40 36
26 26 54
7 7 86
46 46 29
25 25 56
16 16 70
39 39 37
52 52 23
26 26 54
18 18 67
17 17 68
49 49 26
26 26 54
8 8 84
49 49 26
9 9 82
36 36 40
2 2 92
18 18 67
36 36 40
50 50 25
26 26 54
15 15 72
39 39 37
39 39 37
8 8 84
50 50 25
52 52 23
1 1 92
22 22 60
7 7 86
48 48 27
35 35 42
16 16 70
53 53 22
41 41 34
47 47 28
44 44 31
52 52 23
17 17 68
46 46 29
36 36 40
6 6 88
53 53 22
41 41 34
20 20 64
8 8 84
3 3 90
29 29 50
54 54 21
51 51 24
12 12 77
46 46 29
48 48 27
11 11 79
46 46 29
42 42 33
11 11 79
8 8 84
48 48 27
14 14 73
36 36 40
52 52 23
16 16 70
25 25 56
53 53 22
44 44 31
31 31 47
2 2 90
15 15 72
39 39 37
23 23 59
42 42 33
6 6 88
54 54 21
41 41 34
8 8 84
39 39 37
53 53 22
4 4 90
16 16 70
46 46 29
17 17 68
2 2 90
21 21 62
44 44 31
31 31 47
54 54 21
19 19 65
49 49 26
35 35 42
13 13 75
25 25 56
33 33 44
23 23 59
25 25 56
23 23 59
7 7 86
29 29 50
13 13 75
9 9 82
54 54 21
19 19 65
50 50 25
28 28 51
12 12 77
38 38 38
32 32 46
38 38 38
15 15 72
55 55 20
54 54 21
46 46 29
47 47 28
22 22 60
53 53 22
13 13 75
2 2 88
44 44 31
36 36 40
35 35 42
16 16 70
42 42 33
21 21 62
47 47 28
52 52 23
29 29 50
20 20 64
18 18 67
38 38 38
30 30 49
20 20 64
9 9 82
2 2 88
40 40 36
52 52 23
26 26 54
45 45 30
42 42 33
33 33 44
38 38 38
11 11 79
3 3 86
29 29 50
45 45 30
5 5 86
17 17 68
7 7 86
50 50 25
38 38 38
6 6 86
28 28 51
43 43 32
54 54 21
28 28 51
34 34 43
22 22 60
1 1 86
26 26 54
34 34 43
14 14 73
12 12 77
24 24 57
49 49 26
17 17 68
7 7 86
5 5 86
53 53 22
16 16 70
53 53 22
52 52 23
6 6 86
53 53 22
29 29 50
29 29 50
19 19 65
42 42 33
54 54 21
28 28 51
14 14 73
53 53 22
57 57 18
20 20 64
46 46 29
50 50 25
30 30 49
10 10 81
53 53 22
20 20 64
48 48 27
16 16 70
10 10 81
54 54 21
7 7 84
56 56 19
25 25 56
13 13 75
41 41 34
36 36 40
45 45 30
23 23 59
35 35 42
13 13 75
21 21 62
40 40 36
57 57 18
54 54 21
50 50 25
48 48 27
52 52 23
7 7 84
36 36 40
47 47 28
51 51 24
12 12 77
25 25 56
16 16 70
33 33 44
20 20 64
31 31 47
54 54 21
34 34 43
38 38 38
47 47 28
34 34 43
55 55 20
12 12 77
20 20 64
58 58 17
44 44 31
19 19 65
31 31 47
25 25 56
13 13 75
2 2 82
17 17 68
57 57 18
17 17 68
56 56 19
11 11 79
52 52 23
50 50 25
41 41 34
57 57 18
44 44 31
35 35 42
15 15 72
40 40 36
50 50 25
1 1 82
38 38 38
16 16 70
13 13 75
19 19 65
5 5 82
32 32 46
10 10 81
26 26 54
51 51 24
43 43 32
7 7 82
13 13 75
45 45 30
45 45 30
16 16 70
10 10 81
17 17 68
40 40 36
11 11 79
36 36 40
31 31 47
12 12 77
38 38 38
47 47 28
14 14 73
5 5 82
19 19 65
28 28 51
41 41 34
51 51 24
38 38 38
26 26 54
38 38 38
27 27 53
36 36 40
1 1 80
44 44 31
53 53 22
4 4 80
27 27 53
35 35 42
17 17 68
37 37 39
30 30 49
30 30 49
4 4 80
51 51 24
24 24 57
48 48 27
33 33 44
57 57 18
54 54 21
1 1 80
41 41 34
59 59 16
43 43 32
56 56 19
59 59 16
34 34 43
44 44 31
16 16 70
41 41 34
23 23 59
18 18 67
18 18 67
55 55 20
57 57 18
58 58 17
33 33 44
4 4 80
3 3 80
45 45 30
17 17 68
36 36 40
22 22 60
53 53 22
35 35 42
16 16 70
11 11 78
31 31 47
26 26 54
12 12 77
5 5 78
16 16 70
12 12 77
41 41 34
33 33 44
19 19 65
52 52 23
54 54 21
10 10 78
42 42 33
4 4 78
47 47 28
47 47 28
56 56 19
48 48 27
38 38 38
45 45 30
30 30 49
10 10 78
38 38 38
40 40 36
8 8 78
6 6 78
60 60 16
31 31 47
19 19 65
34 34 43
17 17 68
5 5 78
46 46 29
18 18 67
56 56 19
55 55 20
52 52 23
54 54 21
16 16 70
58 58 17
39 39 37
30 30 49
4 4 78
33 33 44
10 10 78
26 26 54
44 44 31
33 33 44
38 38 38
15 15 72
28 28 51
2 2 76
50 50 25
24 24 57
58 58 17
57 57 18
51 51 24
54 54 21
21 21 62
34 34 43
1 1 76
60 60 16
51 51 24
57 57 18
1 1 76
14 14 73
42 42 33
29 29 50
35 35 42
19 19 65
24 24 57
14 14 73
61 61 15
37 37 39
3 3 76
32 32 46
55 55 20
42 42 33
54 54 21
6 6 76
35 35 42
59 59 16
10 10 76
23 23 59
15 15 72
46 46 29
29 29 50
50 50 25
42 42 33
45 45 30
42 42 33
15 15 72
50 50 25
61 61 15
61 61 15
60 60 16
30 30 49
49 49 26
40 40 36
53 53 22
28 28 51
39 39 37
13 13 74
59 59 16
46 46 29
8 8 74
41 41 34
40 40 36
6 6 74
60 60 16
50 50 25
13 13 74
61 61 15
44 44 31
12 12 74
20 20 64
50 50 25
12 12 74
60 60 16
28 28 51
61 61 15
13 13 74
32 32 46
40 40 36
59 59 16
48 48 27
13 13 74
25 25 56
21 21 62
35 35 42
60 60 16
39 39 37
43 43 32
43 43 32
48 48 27
29 29 50
33 33 44
41 41 34
58 58 17
28 28 51
48 48 27
7 7 74
38 38 38
35 35 42
33 33 44
50 50 25
59 59 16
54 54 21
38 38 38
7 7 72
6 6 72
59 59 16
46 46 29
51 51 24
59 59 16
20 20 64
55 55 20
38 38 38
20 20 64
63 63 13
52 52 23
60 60 16
19 19 65
33 33 44
51 51 24
26 26 54
45 45 30
47 47 28
34 34 43
39 39 37
20 20 64
6 6 72
10 10 72
48 48 27
52 52 23
40 40 36
61 61 15
60 60 16
34 34 43
12 12 72
63 63 13
25 25 56
26 26 54
40 40 36
37 37 39
17 17 68
22 22 60
22 22 60
40 40 36
3 3 72
36 36 40
56 56 19
51 51 24
36 36 40
35 35 42
44 44 31
16 16 70
32 32 46
53 53 22
18 18 67
37 37 39
61 61 15
50 50 25
37 37 39
40 40 36
36 36 40
16 16 70
53 53 22
42 42 33
44 44 31
55 55 20
16 16 70
54 54 21
59 59 16
47 47 28
55 55 20
48 48 27
36 36 40
15 15 70
26 26 54
62 62 14
10 10 70
9 9 70
29 29 50
36 36 40
38 38 38
31 31 47
18 18 67
34 34 43
49 49 26
6 6 70
26 26 54
29 29 50
47 47 28
48 48 27
49 49 26
55 55 20
29 29 50
2 2 70
50 50 25
64 64 12
58 58 17
45 45 30
35 35 42
16 16 68
34 34 43
34 34 43
28 28 51
40 40 36
41 41 34
23 23 59
60 60 16
5 5 68
18 18 67
58 58 17
59 59 16
44 44 31
57 57 18
48 48 27
57 57 18
9 9 68
61 61 15
3 3 68
56 56 19
24 24 57
15 15 68
28 28 51
21 21 62
53 53 22
35 35 42
12 12 68
21 21 62
45 45 30
53 53 22
30 30 49
29 29 50
45 45 30
6 6 68
25 25 56
37 37 39
40 40 36
47 47 28
42 42 33
32 32 46
29 29 50
58 58 17
42 42 33
6 6 68
9 9 68
3 3 68
51 51 24
49 49 26
20 20 64
8 8 68
18 18 67
51 51 24
58 58 17
25 25 56
2 2 68
57 57 18
37 37 39
24 24 57
48 48 27
60 60 16
52 52 23
20 20 64
60 60 16
41 41 34
57 57 18
29 29 50
47 47 28
42 42 33
3 3 66
50 50 25
31 31 47
34 34 43
9 9 66
30 30 49
57 57 18
53 53 22
65 65 12
16 16 66
32 32 46
64 64 12
21 21 62
31 31 47
34 34 43
25 25 56
39 39 37
39 39 37
13 13 66
50 50 25
6 6 66
64 64 12
44 44 31
57 57 18
46 46 29
14 14 66
44 44 31
58 58 17
40 40 36
23 23 59
54 54 21
49 49 26
52 52 23
54 54 21
60 60 16
59 59 16
54 54 21
55 55 20
66 66 11
27 27 53
66 66 11
32 32 46
59 59 16
63 63 13
57 57 18
58 58 17
59 59 16
35 35 42
57 57 18
28 28 51
29 29 50
38 38 38
65 65 12
46 46 29
56 56 19
53 53 22
27 27 53
32 32 46
24 24 57
58 58 17
27 27 53
26 26 54
34 34 43
17 17 64
47 47 28
36 36 40
57 57 18
65 65 12
41 41 34
59 59 16
24 24 57
47 47 28
26 26 54
41 41 34
50 50 25
10 10 64
63 63 13
32 32 46
51 51 24
6 6 64
48 48 27
60 60 16
22 22 60
59 59 16
63 63 13
58 58 17
43 43 32
52 52 23
37 37 39
40 40 36
51 51 24
44 44 31
60 60 16
1 1 64
58 58 17
56 56 19
21 21 62
50 50 25
41 41 34
51 51 24
64 64 12
50 50 25
67 67 10
13 13 64
65 65 12
26 26 54
40 40 36
42 42 33
61 61 15
48 48 27
52 52 23
1 1 62
52 52 23
55 55 20
42 42 33
3 3 62
68 68 10
4 4 62
15 15 62
59 59 16
52 52 23
42 42 33
30 30 49
29 29 50
44 44 31
48 48 27
56 56 19
41 41 34
66 66 11
46 46 29
56 56 19
58 58 17
62 62 14
55 55 20
2 2 62
27 27 53
46 46 29
43 43 32
33 33 44
63 63 13
54 54 21
3 3 62
44 44 31
40 40 36
67 67 10
29 29 50
53 53 22
61 61 15
64 64 12
52 52 23
54 54 21
56 56 19
59 59 16
67 67 10
57 57 18
61 61 15
69 69 9
48 48 27
64 64 12
40 40 36
27 27 53
54 54 21
10 10 60
42 42 33
69 69 9
60 60 16
65 65 12
60 60 16
62 62 14
54 54 21
34 34 43
9 9 60
30 30 49
41 41 34
3 3 60
52 52 23
16 16 60
31 31 47
49 49 26
35 35 42
56 56 19
52 52 23
24 24 57
26 26 54
27 27 53
67 67 10
37 37 39
38 38 38
45 45 30
69 69 9
2 2 60
37 37 39
49 49 26
51 51 24
61 61 15
55 55 20
45 45 30
59 59 16
38 38 38
61 61 15
57 57 18
61 61 15
64 64 12
58 58 17
46 46 29
68 68 10
68 68 10
52 52 23
40 40 36
59 59 16
22 22 58
67 67 10
31 31 47
24 24 57
68 68 10
66 66 11
21 21 58
34 34 43
41 41 34
21 21 58
60 60 16
59 59 16
35 35 42
30 30 49
3 3 58
17 17 58
11 11 58
32 32 46
4 4 58
32 32 46
56 56 19
30 30 49
25 25 56
10 10 58
61 61 15
69 69 9
1 1 58
52 52 23
27 27 53
38 38 38
8 8 58
70 70 9
40 40 36
67 67 10
70 70 9
14 14 58
35 35 42
7 7 58
63 63 13
67 67 10
23 23 58
66 66 11
56 56 19
70 70 9
26 26 54
62 62 14
22 22 58
53 53 22
59 59 16
5 5 58
43 43 32
24 24 57
67 67 10
44 44 31
1 1 58
5 5 58
48 48 27
42 42 33
37 37 39
9 9 58
69 69 9
10 10 58
51 51 24
25 25 56
49 49 26
28 28 51
26 26 54
2 2 56
64 64 12
37 37 39
16 16 56
33 33 44
70 70 9
64 64 12
48 48 27
66 66 11
22 22 56
55 55 20
61 61 15
9 9 56
15 15 56
70 70 9
12 12 56
61 61 15
68 68 10
9 9 56
56 56 19
20 20 56
40 40 36
9 9 56
57 57 18
63 63 13
51 51 24
66 66 11
66 66 11
42 42 33
27 27 53
58 58 17
56 56 19
15 15 56
13 13 56
44 44 31
65 65 12
35 35 42
32 32 46
45 45 30
52 52 23
4 4 56
16 16 56
70 70 9
41 41 34
18 18 56
15 15 56
70 70 9
25 25 56
27 27 53
58 58 17
28 28 51
4 4 56
51 51 24
70 70 9
9 9 56
69 69 9
59 59 16
52 52 23
36 36 40
70 70 9
20 20 56
60 60 16
14 14 54
38 38 38
66 66 11
8 8 54
65 65 12
34 34 43
3 3 54
50 50 25
70 70 9
59 59 16
21 21 54
11 11 54
18 18 54
41 41 34
60 60 16
31 31 47
52 52 23
69 69 9
43 43 32
46 46 29
51 51 24
65 65 12
63 63 13
1 1 54
58 58 17
41 41 34
59 59 16
54 54 21
43 43 32
70 70 9
38 38 38
51 51 24
17 17 54
6 6 54
37 37 39
46 46 29
56 56 19
70 70 9
52 52 23
60 60 16
56 56 19
34 34 43
58 58 17
16 16 54
69 69 9
30 30 49
59 59 16
33 33 44
26 26 54
46 46 29
69 69 9
67 67 10
11 11 54
25 25 54
22 22 54
18 18 54
16 16 54
35 35 42
26 26 54
46 46 29
62 62 14
64 64 12
5 5 54
70 70 9
67 67 10
17 17 54
15 15 54
39 39 37
11 11 54
22 22 54
66 66 11
23 23 52
17 17 52
40 40 36
60 60 16
10 10 52
11 11 52
55 55 20
23 23 52
70 70 9
46 46 29
31 31 47
43 43 32
31 31 47
67 67 10
33 33 44
11 11 52
56 56 19
16 16 52
29 29 50
47 47 28
50 50 25
65 65 12
52 52 23
53 53 22
36 36 40
56 56 19
45 45 30
59 59 16
53 53 22
48 48 27
58 58 17
27 27 52
70 70 9
65 65 12
59 59 16
63 63 13
50 50 25
53 53 22
23 23 52
51 51 24
58 58 17
55 55 20
37 37 39
53 53 22
55 55 20
53 53 22
68 68 10
64 64 12
29 29 50
16 16 52
66 66 11
15 15 52
25 25 52
63 63 13
2 2 52
65 65 12
70 70 9
38 38 38
14 14 52
38 38 38
7 7 52
43 43 32
47 47 28
18 18 52
60 60 16
20 20 52
57 57 18
65 65 12
70 70 9
49 49 26
53 53 22
65 65 12
70 70 9
38 38 38
46 46 29
52 52 23
44 44 31
61 61 15
25 25 50
35 35 42
51 51 24
5 5 50
21 21 50
49 49 26
25 25 50
58 58 17
32 32 46
29 29 50
70 70 9
70 70 9
7 7 50
62 62 14
27 27 50
16 16 50
48 48 27
33 33 44
42 42 33
33 33 44
57 57 18
17 17 50
47 47 28
2 2 50
70 70 9
11 11 50
41 41 34
61 61 15
70 70 9
18 18 50
44 44 31
33 33 44
62 62 14
67 67 10
61 61 15
22 22 50
66 66 11
57 57 18
22 22 50
70 70 9
70 70 9
26 26 50
4 4 50
69 69 9
21 21 50
66 66 11
42 42 33
9 9 48
52 52 23
48 48 27
67 67 10
51 51 24
70 70 9
9 9 48
55 55 20
67 67 10
53 53 22
66 66 11
70 70 9
54 54 21
39 39 37
70 70 9
70 70 9
58 58 17
68 68 10
63 63 13
33 33 44
67 67 10
69 69 9
4 4 48
63 63 13
35 35 42
11 11 48
12 12 48
34 34 43
10 10 48
65 65 12
70 70 9
70 70 9
62 62 14
70 70 9
27 27 48
54 54 21
60 60 16
70 70 9
64 64 12
70 70 9
14 14 48
46 46 29
10 10 48
70 70 9
25 25 48
1 1 48
66 66 11
57 57 18
68 68 10
62 62 14
67 67 10
67 67 10
55 55 20
26 26 48
45 45 30
26 26 48
46 46 29
70 70 9
38 38 38
16 16 48
58 58 17
26 26 46
70 70 9
47 47 28
37 37 39
65 65 12
52 52 23
19 19 46
70 70 9
70 70 9
69 69 9
59 59 16
65 65 12
35 35 42
63 63 13
66 66 11
70 70 9
70 70 9
70 70 9
65 65 12
50 50 25
11 11 46
58 58 17
59 59 16
16 16 46
63 63 13
46 46 29
70 70 9
70 70 9
8 8 46
52 52 23
51 51 24
57 57 18
9 9 46
48 48 27
69 69 9
31 31 46
27 27 46
67 67 10
59 59 16
29 29 46
3 3 46
55 55 20
26 26 46
68 68 10
59 59 16
55 55 20
44 44 31
9 9 46
66 66 11
63 63 13
13 13 46
28 28 46
67 67 10
41 41 34
22 22 46
25 25 46
61 61 15
56 56 19
60 60 16
58 58 17
38 38 38
70 70 9
48 48 27
33 33 44
61 61 15
43 43 32
48 48 27
47 47 28
56 56 19
70 70 9
64 64 12
27 27 46
55 55 20
70 70 9
70 70 9
66 66 11
57 57 18
44 44 31
58 58 17
30 30 44
25 25 44
70 70 9
54 54 21
49 49 26
40 40 36
59 59 16
27 27 44
70 70 9
43 43 32
36 36 40
54 54 21
70 70 9
65 65 12
51 51 24
55 55 20
70 70 9
9 9 44
70 70 9
70 70 9
70 70 9
33 33 44
70 70 9
62 62 14
66 66 11
48 48 27
67 67 10
34 34 43
59 59 16
52 52 23
24 24 44
70 70 9
69 69 9
70 70 9
48 48 27
50 50 25
28 28 44
59 59 16
61 61 15
35 35 42
70 70 9
26 26 44
11 11 44
70 70 9
53 53 22
11 11 44
70 70 9
60 60 16
44 44 31
55 55 20
63 63 13
12 12 44
16 16 44
56 56 19
70 70 9
34 34 43
21 21 44
5 5 44
16 16 44
70 70 9
40 40 36
48 48 27
49 49 26
70 70 9
70 70 9
37 37 39
70 70 9
70 70 9
37 37 39
69 69 9
70 70 9
70 70 9
40 40 36
44 44 31
12 12 42
70 70 9
60 60 16
32 32 42
57 57 18
70 70 9
70 70 9
70 70 9
61 61 15
70 70 9
52 52 23
50 50 25
70 70 9
23 23 42
70 70 9
54 54 21
14 14 42
65 65 12
70 70 9
70 70 9
63 63 13
57 57 18
68 68 10
12 12 42
22 22 42
14 14 42
41 41 34
62 62 14
26 26 42
68 68 10
70 70 9
55 55 20
70 70 9
30 30 42
66 66 11
57 57 18
60 60 16
70 70 9
56 56 19
63 63 13
44 44 31
70 70 9
48 48 27
70 70 9
63 63 13
23 23 42
70 70 9
63 63 13
62 62 14
70 70 9
8 8 42
40 40 36
19 19 42
32 32 42
65 65 12
33 33 42
51 51 24
48 48 27
69 69 9
40 40 36
41 41 34
64 64 12
6 6 42
40 40 36
50 50 25
54 54 21
70 70 9
8 8 42
57 57 18
38 38 38
30 30 40
70 70 9
70 70 9
61 61 15
23 23 40
2 2 40
34 34 40
27 27 40
49 49 26
35 35 40
55 55 20
60 60 16
70 70 9
41 41 34
70 70 9
70 70 9
37 37 39
48 48 27
62 62 14
70 70 9
70 70 9
54 54 21
70 70 9
70 70 9
65 65 12
33 33 40
70 70 9
54 54 21
13 13 40
70 70 9
63 63 13
70 70 9
65 65 12
44 44 31
70 70 9
58 58 17
43 43 32
56 56 19
70 70 9
24 24 40
70 70 9
60 60 16
70 70 9
70 70 9
55 55 20
70 70 9
45 45 30
70 70 9
36 36 40
31 31 40
69 69 9
40 40 36
68 68 10
3 3 40
55 55 20
70 70 9
8 8 40
70 70 9
70 70 9
69 69 9
50 50 25
44 44 31
51 51 24
68 68 10
42 42 33
70 70 9
60 60 16
70 70 9
43 43 32
14 14 40
29 29 40
70 70 9
53 53 22
54 54 21
70 70 9
53 53 22
49 49 26
56 56 19
70 70 9
51 51 24
64 64 12
48 48 27
60 60 16
51 51 24
25 25 38
70 70 9
66 66 11
68 68 10
67 67 10
53 53 22
65 65 12
40 40 36
70 70 9
31 31 38
59 59 16
70 70 9
10 10 38
70 70 9
70 70 9
70 70 9
13 13 38
48 48 27
13 13 38
27 27 38
15 15 38
35 35 38
63 63 13
42 42 33
70 70 9
70 70 9
18 18 38
70 70 9
63 63 13
70 70 9
4 4 38
70 70 9
70 70 9
69 69 9
70 70 9
5 5 38
70 70 9
70 70 9
54 54 21
57 57 18
40 40 36
45 45 30
46 46 29
35 35 38
68 68 10
19 19 38
70 70 9
59 59 16
70 70 9
68 68 10
32 32 38
70 70 9
48 48 27
61 61 15
56 56 19
70 70 9
70 70 9
3 3 38
70 70 9
12 12 38
21 21 38
28 28 38
70 70 9
3 3 36
65 65 12
49 49 26
48 48 27
17 17 36
70 70 9
70 70 9
49 49 26
63 63 13
68 68 10
70 70 9
64 64 12
70 70 9
70 70 9
46 46 29
39 39 36
8 8 36
70 70 9
48 48 27
70 70 9
28 28 36
4 4 36
63 63 13
33 33 36
68 68 10
61 61 15
42 42 33
32 32 36
70 70 9
50 50 25
17 17 36
70 70 9
23 23 36
30 30 36
42 42 33
70 70 9
3 3 36
70 70 9
46 46 29
69 69 9
70 70 9
70 70 9
70 70 9
65 65 12
69 69 9
67 67 10
54 54 21
28 28 36
61 61 15
70 70 9
70 70 9
38 38 36
67 67 10
20 20 36
42 42 33
70 70 9
34 34 36
70 70 9
70 70 9
70 70 9
45 45 30
50 50 25
25 25 36
40 40 36
68 68 10
70 70 9
49 49 26
7 7 36
40 40 36
46 46 29
31 31 36
17 17 36
70 70 9
31 31 36
60 60 16
70 70 9
36 36 34
22 22 34
62 62 14
15 15 34
26 26 34
62 62 14
64 64 12
35 35 34
27 27 34
70 70 9
48 48 27
50 50 25
13 13 34
33 33 34
70 70 9
70 70 9
70 70 9
70 70 9
70 70 9
70 70 9
41 41 34
70 70 9
70 70 9
35 35 34
70 70 9
68 68 10
29 29 34
70 70 9
27 27 34
14 14 34
70 70 9
17 17 34
70 70 9
38 38 34
66 66 11
11 11 34
11 11 34
68 68 10
70 70 9
70 70 9
12 12 34
23 23 34
70 70 9
67 67 10
11 11 34
49 49 26
31 31 34
25 25 34
50 50 25
70 70 9
64 64 12
70 70 9
30 30 34
70 70 9
33 33 34
70 70 9
25 25 34
34 34 34
70 70 9
70 70 9
45 45 30
17 17 34
54 54 21
24 24 34
20 20 34
70 70 9
61 61 15
69 69 9
8 8 34
70 70 9
70 70 9
70 70 9
62 62 14
22 22 34
55 55 20
49 49 26
70 70 9
70 70 9
70 70 9
44 44 31
70 70 9
42 42 33
30 30 34
52 52 23
40 40 34
40 40 34
70 70 9
53 53 22
68 68 10
6 6 32
58 58 17
55 55 20
64 64 12
67 67 10
65 65 12
68 68 10
70 70 9
70 70 9
27 27 32
70 70 9
70 70 9
69 69 9
63 63 13
14 14 32
52 52 23
5 5 32
48 48 27
70 70 9
50 50 25
40 40 32
24 24 32
66 66 11
31 31 32
5 5 32
25 25 32
70 70 9
70 70 9
70 70 9
48 48 27
35 35 32
47 47 28
35 35 32
65 65 12
40 40 32
52 52 23
37 37 32
67 67 10
70 70 9
31 31 32
4 4 32
15 15 32
70 70 9
21 21 32
46 46 29
70 70 9
65 65 12
13 13 32
70 70 9
24 24 32
70 70 9
70 70 9
6 6 32
45 45 30
70 70 9
19 19 32
33 33 32
55 55 20
68 68 10
33 33 32
70 70 9
27 27 32
70 70 9
16 16 32
4 4 32
52 52 23
57 57 18
70 70 9
70 70 9
48 48 27
70 70 9
70 70 9
32 32 32
42 42 32
55 55 20
53 53 22
70 70 9
61 61 15
62 62 14
30 30 30
36 36 30
70 70 9
3 3 30
1 1 30
70 70 9
70 70 9
70 70 9
68 68 10
70 70 9
70 70 9
16 16 30
67 67 10
70 70 9
70 70 9
70 70 9
44 44 30
45 45 30
6 6 30
61 61 15
49 49 26
41 41 30
63 63 13
67 67 10
64 64 12
70 70 9
70 70 9
56 56 19
57 57 18
17 17 30
56 56 19
70 70 9
46 46 29
31 31 30
16 16 30
70 70 9
69 69 9
40 40 30
67 67 10
17 17 30
66 66 11
43 43 30
25 25 30
56 56 19
15 15 30
70 70 9
70 70 9
54 54 21
41 41 30
38 38 30
70 70 9
30 30 30
61 61 15
68 68 10
20 20 30
30 30 30
35 35 30
58 58 17
57 57 18
41 41 30
70 70 9
70 70 9
70 70 9
22 22 30
11 11 30
70 70 9
60 60 16
16 16 30
70 70 9
14 14 30
41 41 30
60 60 16
21 21 30
63 63 13
70 70 9
70 70 9
66 66 11
2 2 30
32 32 30
57 57 18
26 26 30
70 70 9
70 70 9
13 13 30
28 28 30
70 70 9
18 18 30
64 64 12
38 38 30
69 69 9
70 70 9
31 31 28
70 70 9
62 62 14
54 54 21
31 31 28
4 4 28
70 70 9
70 70 9
45 45 28
17 17 28
70 70 9
70 70 9
70 70 9
59 59 16
70 70 9
53 53 22
60 60 16
14 14 28
58 58 17
62 62 14
65 65 12
57 57 18
67 67 10
70 70 9
70 70 9
13 13 28
23 23 28
33 33 28
4 4 28
30 30 28
63 63 13
38 38 28
49 49 26
70 70 9
70 70 9
69 69 9
50 50 25
50 50 25
46 46 28
70 70 9
69 69 9
70 70 9
70 70 9
53 53 22
70 70 9
70 70 9
13 13 28
70 70 9
70 70 9
52 52 23
2 2 28
70 70 9
60 60 16
14 14 28
50 50 25
70 70 9
52 52 23
70 70 9
70 70 9
70 70 9
30 30 28
41 41 28
66 66 11
70 70 9
39 39 28
70 70 9
70 70 9
10 10 28
70 70 9
70 70 9
70 70 9
34 34 28
57 57 18
67 67 10
21 21 28
25 25 28
6 6 28
70 70 9
70 70 9
70 70 9
1 1 28
44 44 28
12 12 28
49 49 26
70 70 9
64 64 12
28 28 28
70 70 9
70 70 9
70 70 9
70 70 9
70 70 9
66 66 11
70 70 9
62 62 14
70 70 9
70 70 9
7 7 26
19 19 26
57 57 18
70 70 9
70 70 9
59 59 16
49 49 26
70 70 9
70 70 9
54 54 21
67 67 10
62 62 14
46 46 26
53 53 22
53 53 22
70 70 9
70 70 9
70 70 9
50 50 25
70 70 9
63 63 13
63 63 13
70 70 9
70 70 9
70 70 9
50 50 25
70 70 9
28 28 26
54 54 21
64 64 12
70 70 9
70 70 9
70 70 9
6 6 26
64 64 12
70 70 9
49 49 26
15 15 26
31 31 26
63 63 13
24 24 26
70 70 9
34 34 26
47 47 26
38 38 26
42 42 26
21 21 26
68 68 10
67 67 10
70 70 9
70 70 9
70 70 9
70 70 9
47 47 26
70 70 9
70 70 9
55 55 20
70 70 9
70 70 9
59 59 16
70 70 9
14 14 26
6 6 26
21 21 26
70 70 9
60 60 16
70 70 9
42 42 26
29 29 26
48 48 26
70 70 9
70 70 9
70 70 9
70 70 9
67 67 10
46 46 26
26 26 26
20 20 26
45 45 26
35 35 26
70 70 9
63 63 13
70 70 9
70 70 9
70 70 9
70 70 9
70 70 9
70 70 9
70 70 9
24 24 26
43 43 26
70 70 9
70 70 9
70 70 9
70 70 9
70 70 9
61 61 15
70 70 9
11 11 26
70 70 9
70 70 9
70 70 9
36 36 24
43 43 24
70 70 9
37 37 24
29 29 24
70 70 9
70 70 9
69 69 9
70 70 9
64 64 12
18 18 24
70 70 9
63 63 13
70 70 9
16 16 24
66 66 11
70 70 9
70 70 9
70 70 9
58 58 17
33 33 24
10 10 24
70 70 9
22 22 24
4 4 24
70 70 9
13 13 24
70 70 9
27 27 24
46 46 24
51 51 24
69 69 9
70 70 9
70 70 9
70 70 9
4 4 24
61 61 15
70 70 9
21 21 24
70 70 9
5 5 24
59 59 16
46 46 24
70 70 9
60 60 16
70 70 9
17 17 24
70 70 9
12 12 24
57 57 18
70 70 9
27 27 24
32 32 24
8 8 24
70 70 9
61 61 15
70 70 9
70 70 9
42 42 24
55 55 20
56 56 19
70 70 9
38 38 24
68 68 10
59 59 16
70 70 9
70 70 9
70 70 9
23 23 24
70 70 9
70 70 9
40 40 24
70 70 9
35 35 24
23 23 24
70 70 9
67 67 10
41 41 24
70 70 9
7 7 24
70 70 9
70 70 9
59 59 16
4 4 24
70 70 9
36 36 24
70 70 9
70 70 9
14 14 24
19 19 24
70 70 9
70 70 9
63 63 13
70 70 9
46 46 22
63 63 13
70 70 9
53 53 22
70 70 9
70 70 9
70 70 9
61 61 15
44 44 22
58 58 17
70 70 9
70 70 9
70 70 9
41 41 22
6 6 22
58 58 17
20 20 22
70 70 9
70 70 9
69 69 9
61 61 15
70 70 9
70 70 9
69 69 9
3 3 22
24 24 22
70 70 9
21 21 22
70 70 9
51 51 22
61 61 15
44 44 22
70 70 9
16 16 22
44 44 22
70 70 9
70 70 9
70 70 9
70 70 9
70 70 9
70 70 9
70 70 9
70 70 9
70 70 9
70 70 9
60 60 16
70 70 9
26 26 22
41 41 22
63 63 13
5 5 22
70 70 9
70 70 9
70 70 9
69 69 9
70 70 9
7 7 22
51 51 22
69 69 9
37 37 22
70 70 9
65 65 12
29 29 22
70 70 9
33 33 22
70 70 9
70 70 9
70 70 9
70 70 9
59 59 16
52 52 22
7 7 22
70 70 9
70 70 9
70 70 9
63 63 13
52 52 22
11 11 22
47 47 22
63 63 13
70 70 9
70 70 9
51 51 22
70 70 9
3 3 22
54 54 21
28 28 22
14 14 22
39 39 22
70 70 9
70 70 9
17 17 22
32 32 22
70 70 9
36 36 22
70 70 9
70 70 9
58 58 17
36 36 22
56 56 19
16 16 22
17 17 22
19 19 22
59 59 16
70 70 9
35 35 22
70 70 9
70 70 9
62 62 14
70 70 9
70 70 9
16 16 22
70 70 9
62 62 14
70 70 9
70 70 9
61 61 15
42 42 22
19 19 22
70 70 9
70 70 9
70 70 9
70 70 9
70 70 9
70 70 9
58 58 17
70 70 9
49 49 20
12 12 20
1 1 20
70 70 9
46 46 20
70 70 9
47 47 20
70 70 9
70 70 9
70 70 9
70 70 9
70 70 9
70 70 9
70 70 9
70 70 9
70 70 9
12 12 20
70 70 9
70 70 9
70 70 9
70 70 9
66 66 11
21 21 20
70 70 9
68 68 10
70 70 9
70 70 9
2 2 20
13 13 20
70 70 9
70 70 9
24 24 20
69 69 9
55 55 20
28 28 20
70 70 9
70 70 9
1 1 20
32 32 20
48 48 20
50 50 20
70 70 9
70 70 9
9 9 20
44 44 20
44 44 20
70 70 9
70 70 9
47 47 20
70 70 9
51 51 20
60 60 16
15 15 20
17 17 20
70 70 9
10 10 20
55 55 20
30 30 20
20 20 20
20 20 20
70 70 9
41 41 20
68 68 10
65 65 12
66 66 11
21 21 20
70 70 9
8 8 20
70 70 9
70 70 9
67 67 10
51 51 20
70 70 9
70 70 9
70 70 9
70 70 9
70 70 9
23 23 20
3 3 20
70 70 9
52 52 20
39 39 20
69 69 9
18 18 20
70 70 9
70 70 9
65 65 12
49 49 20
70 70 9
57 57 18
61 61 15
70 70 9
18 18 20
13 13 20
70 70 9
19 19 20
70 70 9
70 70 9
28 28 20
70 70 9
44 44 20
66 66 11
19 19 20
64 64 12
52 52 20
36 36 20
70 70 9
47 47 20
70 70 9
57 57 18
70 70 9
62 62 14
29 29 20
43 43 20
70 70 9
70 70 9
70 70 9
70 70 9
62 62 14
62 62 14
70 70 9
53 53 18
54 54 18
70 70 9
70 70 9
70 70 9
67 67 10
40 40 18
70 70 9
48 48 18
70 70 9
70 70 9
70 70 9
70 70 9
70 70 9
66 66 11
70 70 9
30 30 18
70 70 9
70 70 9
70 70 9
26 26 18
70 70 9
2 2 18
29 29 18
57 57 18
70 70 9
70 70 9
51 51 18
11 11 18
54 54 18
70 70 9
59 59 16
70 70 9
9 9 18
58 58 17
51 51 18
70 70 9
70 70 9
62 62 14
70 70 9
70 70 9
68 68 10
39 39 18
70 70 9
13 13 18
32 32 18
70 70 9
70 70 9
70 70 9
43 43 18
30 30 18
66 66 11
49 49 18
39 39 18
54 54 18
43 43 18
70 70 9
70 70 9
44 44 18
70 70 9
70 70 9
70 70 9
70 70 9
70 70 9
32 32 18
36 36 18
64 64 12
70 70 9
70 70 9
70 70 9
70 70 9
42 42 18
70 70 9
11 11 18
70 70 9
70 70 9
70 70 9
70 70 9
68 68 10
70 70 9
70 70 9
70 70 9
7 7 18
36 36 18
70 70 9
6 6 18
70 70 9
64 64 12
3 3 18
61 61 15
70 70 9
48 48 18
70 70 9
41 41 18
70 70 9
28 28 18
54 54 18
70 70 9
70 70 9
70 70 9
70 70 9
45 45 18
66 66 11
70 70 9
40 40 18
56 56 18
48 48 18
2 2 18
51 51 18
70 70 9
62 62 14
58 58 17
20 20 18
70 70 9
69 69 9
70 70 9
25 25 18
17 17 18
70 70 9
70 70 9
21 21 18
70 70 9
70 70 9
21 21 16
70 70 9
70 70 9
37 37 16
38 38 16
45 45 16
70 70 9
64 64 12
29 29 16
70 70 9
9 9 16
70 70 9
6 6 16
64 64 12
70 70 9
29 29 16
11 11 16
45 45 16
27 27 16
32 32 16
36 36 16
70 70 9
40 40 16
70 70 9
61 61 15
64 64 12
70 70 9
20 20 16
70 70 9
70 70 9
70 70 9
29 29 16
2 2 16
9 9 16
28 28 16
70 70 9
5 5 16
59 59 16
32 32 16
70 70 9
39 39 16
40 40 16
64 64 12
16 16 16
70 70 9
70 70 9
11 11 16
70 70 9
70 70 9
70 70 9
70 70 9
70 70 9
70 70 9
70 70 9
61 61 15
65 65 12
70 70 9
70 70 9
56 56 16
20 20 16
44 44 16
70 70 9
70 70 9
70 70 9
70 70 9
23 23 16
70 70 9
70 70 9
70 70 9
55 55 16
70 70 9
70 70 9
53 53 16
70 70 9
17 17 16
70 70 9
39 39 16
24 24 16
68 68 10
55 55 16
70 70 9
70 70 9
47 47 16
69 69 9
70 70 9
41 41 16
70 70 9
39 39 16
70 70 9
70 70 9
70 70 9
35 35 16
8 8 16
66 66 11
56 56 16
21 21 16
30 30 16
29 29 16
70 70 9
53 53 16
70 70 9
70 70 9
50 50 16
70 70 9
58 58 16
31 31 16
70 70 9
2 2 16
70 70 9
64 64 12
39 39 16
34 34 16
70 70 9
70 70 9
70 70 9
51 51 16
17 17 16
70 70 9
70 70 9
30 30 16
23 23 14
70 70 9
70 70 9
70 70 9
41 41 14
31 31 14
20 20 14
5 5 14
70 70 9
25 25 14
68 68 10
70 70 9
30 30 14
70 70 9
48 48 14
70 70 9
62 62 14
24 24 14
70 70 9
70 70 9
70 70 9
70 70 9
70 70 9
65 65 12
70 70 9
70 70 9
21 21 14
70 70 9
70 70 9
70 70 9
40 40 14
70 70 9
26 26 14
63 63 13
70 70 9
70 70 9
70 70 9
70 70 9
51 51 14
68 68 10
70 70 9
51 51 14
70 70 9
45 45 14
68 68 10
17 17 14
19 19 14
70 70 9
55 55 14
70 70 9
70 70 9
70 70 9
70 70 9
26 26 14
70 70 9
70 70 9
70 70 9
70 70 9
51 51 14
70 70 9
70 70 9
70 70 9
40 40 14
48 48 14
70 70 9
70 70 9
16 16 14
70 70 9
24 24 14
70 70 9
47 47 14
53 53 14
70 70 9
60 60 14
18 18 14
70 70 9
50 50 14
70 70 9
70 70 9
70 70 9
6 6 14
70 70 9
68 68 10
70 70 9
60 60 14
27 27 14
68 68 10
63 63 13
70 70 9
70 70 9
40 40 14
69 69 9
70 70 9
69 69 9
10 10 14
70 70 9
61 61 14
57 57 14
70 70 9
70 70 9
13 13 14
70 70 9
70 70 9
23 23 14
70 70 9
70 70 9
70 70 9
70 70 9
70 70 9
50 50 14
19 19 14
70 70 9
66 66 11
70 70 9
66 66 11
70 70 9
28 28 14
58 58 14
70 70 9
70 70 9
70 70 9
16 16 14
64 64 12
70 70 9
49 49 14
70 70 9
70 70 9
48 48 14
53 53 14
69 69 9
64 64 12
4 4 14
61 61 14
70 70 9
70 70 9
70 70 9
70 70 9
26 26 12
70 70 9
70 70 9
42 42 12
70 70 9
59 59 12
70 70 9
36 36 12
70 70 9
12 12 12
70 70 9
24 24 12
70 70 9
70 70 9
16 16 12
8 8 12
47 47 12
35 35 12
70 70 9
70 70 9
34 34 12
39 39 12
70 70 9
60 60 12
70 70 9
70 70 9
70 70 9
70 70 9
48 48 12
52 52 12
70 70 9
70 70 9
70 70 9
70 70 9
68 68 10
70 70 9
30 30 12
70 70 9
47 47 12
70 70 9
70 70 9
68 68 10
44 44 12
70 70 9
7 7 12
70 70 9
70 70 9
70 70 9
24 24 12
70 70 9
70 70 9
70 70 9
40 40 12
50 50 12
50 50 12
70 70 9
57 57 12
70 70 9
70 70 9
70 70 9
64 64 12
70 70 9
70 70 9
43 43 12
62 62 12
70 70 9
53 53 12
46 46 12
70 70 9
70 70 9
70 70 9
70 70 9
70 70 9
70 70 9
70 70 9
70 70 9
70 70 9
12 12 12
70 70 9
45 45 12
56 56 12
70 70 9
70 70 9
70 70 9
65 65 12
9 9 12
70 70 9
19 19 12
70 70 9
19 19 12
70 70 9
57 57 12
70 70 9
70 70 9
70 70 9
47 47 12
70 70 9
19 19 12
70 70 9
70 70 9
70 70 9
20 20 12
70 70 9
30 30 12
70 70 9
70 70 9
70 70 9
48 48 12
70 70 9
70 70 9
70 70 9
70 70 9
54 54 12
70 70 9
67 67 10
70 70 9
70 70 9
70 70 9
70 70 9
70 70 9
64 64 12
70 70 9
60 60 12
26 26 12
53 53 12
67 67 10
53 53 10
29 29 10
70 70 9
70 70 9
31 31 10
23 23 10
69 69 9
68 68 10
70 70 9
70 70 9
65 65 10
49 49 10
38 38 10
35 35 10
70 70 9
70 70 9
70 70 9
70 70 9
45 45 10
70 70 9
51 51 10
70 70 9
20 20 10
70 70 9
70 70 9
46 46 10
70 70 9
39 39 10
15 15 10
70 70 9
2 2 10
70 70 9
65 65 10
35 35 10
70 70 9
52 52 10
70 70 9
29 29 10
70 70 9
70 70 9
70 70 9
70 70 9
70 70 9
70 70 9
15 15 10
70 70 9
70 70 9
70 70 9
70 70 9
70 70 9
13 13 10
70 70 9
57 57 10
50 50 10
70 70 9
47 47 10
64 64 10
70 70 9
70 70 9
70 70 9
70 70 9
70 70 9
64 64 10
70 70 9
69 69 9
70 70 9
70 70 9
64 64 10
70 70 9
27 27 10
70 70 9
70 70 9
55 55 10
70 70 9
37 37 10
70 70 9
18 18 10
70 70 9
63 63 10
70 70 9
62 62 10
49 49 10
70 70 9
33 33 10
70 70 9
70 70 9
70 70 9
42 42 10
70 70 9
70 70 9
70 70 9
48 48 10
70 70 9
6 6 10
22 22 10
70 70 9
70 70 9
66 66 10
70 70 9
65 65 10
40 40 10
32 32 10
68 68 10
70 70 9
70 70 9
10 10 10
14 14 10
70 70 9
70 70 9
56 56 10
58 58 10
70 70 9
70 70 9
70 70 9
70 70 9
70 70 9
70 70 9
70 70 9
47 47 10
70 70 9
70 70 9
34 34 10
62 62 10
7 7 10
70 70 9
70 70 9
66 66 10
60 60 10
30 30 10
70 70 9
70 70 9
70 70 9
63 63 10
70 70 9
70 70 9
70 70 9
70 70 9
70 70 9
70 70 9
24 24 10
48 48 10
56 56 10
70 70 9
70 70 9
70 70 9
70 70 9
70 70 9
70 70 9
70 70 9
19 19 8
70 70 9
70 70 9
56 56 8
52 52 8
3 3 8
70 70 9
70 70 9
70 70 9
70 70 9
69 69 8
70 70 9
70 70 9
47 47 8
70 70 9
31 31 8
70 70 9
70 70 9
70 70 9
70 70 9
70 70 9
70 70 9
70 70 9
70 70 9
70 70 9
70 70 9
8 8 8
25 25 8
69 69 8
59 59 8
64 64 8
61 61 8
25 25 8
67 67 8
10 10 8
70 70 9
70 70 9
70 70 9
70 70 9
70 70 9
70 70 9
70 70 9
70 70 9
42 42 8
43 43 8
70 70 9
70 70 9
70 70 8
21 21 8
70 70 9
65 65 8
70 70 9
11 11 8
70 70 9
70 70 9
70 70 9
70 70 9
70 70 9
21 21 8
70 70 9
70 70 9
70 70 9
70 70 9
70 70 9
66 66 8
70 70 9
70 70 9
61 61 8
38 38 8
17 17 8
70 70 9
61 61 8
9 9 8
70 70 9
47 47 8
70 70 9
70 70 9
70 70 9
70 70 9
70 70 9
48 48 8
49 49 8
65 65 8
41 41 8
70 70 9
65 65 8
50 50 8
70 70 9
70 70 9
70 70 9
70 70 9
70 70 9
57 57 8
70 70 9
45 45 8
70 70 9
11 11 8
20 20 8
70 70 9
70 70 9
70 70 9
65 65 8
70 70 9
70 70 9
38 38 8
24 24 8
70 70 9
70 70 9
56 56 8
70 70 9
60 60 8
52 52 8
9 9 8
70 70 9
52 52 8
70 70 9
70 70 9
70 70 9
11 11 8
70 70 9
64 64 8
70 70 9
60 60 8
54 54 8
11 11 8
70 70 9
70 70 9
70 70 9
56 56 8
70 70 9
70 70 9
70 70 9
70 70 9
70 70 9
70 70 9
70 70 9
44 44 8
70 70 9
68 68 8
70 70 9
23 23 8
45 45 8
70 70 9
70 70 9
70 70 9
70 70 9
63 63 8
70 70 9
70 70 9
70 70 9
49 49 8
70 70 9
70 70 9
54 54 8
70 70 9
70 70 9
70 70 9
65 65 8
70 70 9
70 70 8
70 70 9
70 70 9
41 41 6
48 48 6
70 70 9
62 62 6
51 51 6
70 70 9
70 70 9
38 38 6
70 70 9
70 70 9
70 70 9
70 70 9
70 70 9
70 70 9
8 8 6
59 59 6
29 29 6
64 64 6
70 70 9
60 60 6
43 43 6
70 70 9
70 70 9
5 5 6
64 64 6
70 70 9
70 70 9
70 70 9
34 34 6
70 70 9
70 70 9
70 70 9
70 70 9
70 70 9
70 70 9
70 70 9
70 70 9
70 70 9
70 70 9
70 70 9
26 26 6
70 70 9
70 70 9
62 62 6
70 70 9
70 70 9
64 64 6
47 47 6
45 45 6
18 18 6
2 2 6
70 70 8
70 70 9
70 70 9
70 70 9
70 70 9
65 65 6
69 69 6
70 70 9
70 70 9
70 70 9
64 64 6
70 70 9
70 70 9
70 70 9
34 34 6
70 70 9
35 35 6
38 38 6
34 34 6
70 70 9
70 70 9
53 53 6
70 70 9
70 70 9
66 66 6
70 70 9
24 24 6
70 70 9
4 4 6
70 70 9
70 70 9
70 70 9
37 37 6
70 70 9
70 70 9
70 70 9
68 68 6
70 70 9
21 21 6
28 28 6
70 70 9
32 32 6
6 6 6
70 70 9
53 53 6
70 70 8
70 70 9
70 70 9
11 11 6
32 32 6
70 70 9
70 70 9
5 5 6
70 70 9
70 70 9
70 70 9
63 63 6
49 49 6
14 14 6
48 48 6
70 70 9
28 28 6
70 70 9
70 70 9
70 70 9
70 70 9
65 65 6
70 70 9
70 70 9
70 70 9
70 70 9
70 70 9
2 2 6
38 38 6
70 70 9
70 70 9
70 70 9
70 70 9
70 70 9
11 11 6
70 70 9
58 58 6
70 70 9
70 70 6
70 70 9
70 70 9
70 70 9
70 70 9
70 70 9
70 70 9
70 70 9
70 70 6
70 70 9
68 68 6
70 70 9
70 70 9
70 70 9
70 70 9
70 70 9
70 70 9
70 70 9
70 70 9
70 70 9
70 70 9
70 70 9
7 7 6
48 48 6
70 70 9
70 70 9
62 62 6
70 70 9
70 70 9
56 56 6
30 30 6
70 70 9
70 70 9
70 70 9
18 18 6
70 70 9
70 70 9
70 70 6
70 70 9
70 70 6
70 70 9
70 70 9
63 63 4
70 70 9
70 70 9
70 70 9
40 40 4
70 70 9
70 70 9
61 61 4
48 48 4
70 70 9
70 70 9
70 70 9
70 70 9
70 70 9
70 70 9
3 3 4
70 70 9
70 70 9
70 70 9
70 70 9
70 70 9
70 70 9
70 70 9
70 70 9
69 69 4
57 57 4
50 50 4
70 70 9
61 61 4
61 61 4
70 70 9
66 66 4
70 70 9
18 18 4
70 70 9
70 70 9
65 65 4
58 58 4
70 70 9
39 39 4
63 63 4
70 70 9
50 50 4
69 69 4
20 20 4
70 70 9
70 70 9
47 47 4
70 70 9
70 70 9
70 70 9
70 70 9
70 70 4
54 54 4
70 70 9
70 70 9
70 70 9
4 4 4
8 8 4
70 70 9
57 57 4
17 17 4
24 24 4
70 70 9
70 70 9
70 70 9
13 13 4
70 70 9
44 44 4
70 70 9
70 70 9
70 70 9
19 19 4
70 70 9
70 70 9
70 70 9
70 70 9
57 57 4
29 29 4
33 33 4
37 37 4
61 61 4
26 26 4
70 70 9
50 50 4
70 70 9
49 49 4
70 70 9
70 70 9
70 70 9
70 70 9
70 70 9
70 70 9
52 52 4
70 70 9
70 70 9
66 66 4
37 37 4
12 12 4
70 70 9
70 70 9
70 70 9
70 70 9
38 38 4
70 70 9
49 49 4
70 70 9
70 70 9
70 70 9
70 70 9
18 18 4
60 60 4
8 8 4
70 70 9
60 60 4
47 47 4
70 70 9
23 23 4
62 62 4
70 70 9
46 46 4
70 70 9
70 70 9
70 70 9
70 70 9
70 70 9
44 44 4
70 70 9
70 70 9
70 70 9
59 59 4
70 70 9
70 70 9
70 70 9
70 70 9
70 70 6
70 70 9
70 70 9
70 70 9
49 49 4
25 25 4
70 70 9
61 61 4
70 70 9
70 70 9
70 70 9
70 70 9
11 11 4
61 61 4
68 68 4
70 70 9
70 70 9
70 70 9
70 70 6
68 68 4
70 70 9
70 70 9
70 70 9
70 70 9
70 70 9
70 70 9
70 70 9
70 70 9
46 46 4
70 70 9
70 70 9
70 70 9
70 70 9
70 70 9
42 42 4
70 70 9
70 70 6
70 70 9
20 20 4
70 70 9
70 70 9
70 70 9
70 70 9
70 70 9
70 70 9
70 70 9
70 70 9
70 70 9
70 70 9
29 29 2
19 19 2
70 70 9
46 46 2
70 70 9
28 28 2
70 70 9
70 70 9
70 70 9
70 70 9
3 3 2
70 70 9
70 70 9
70 70 4
70 70 9
70 70 9
70 70 9
70 70 9
70 70 9
70 70 9
43 43 2
70 70 4
56 56 2
52 52 2
70 70 9
43 43 2
70 70 9
70 70 9
70 70 9
70 70 9
70 70 9
70 70 9
70 70 9
8 8 2
70 70 9
70 70 9
70 70 9
69 69 2
50 50 2
27 27 2
70 70 9
38 38 2
70 70 9
70 70 9
54 54 2
70 70 9
70 70 9
70 70 9
70 70 9
70 70 9
70 70 9
70 70 9
70 70 6
70 70 9
70 70 9
70 70 9
33 33 2
70 70 9
42 42 2
70 70 9
7 7 2
70 70 9
70 70 9
70 70 9
70 70 9
70 70 9
49 49 2
54 54 2
19 19 2
70 70 9
29 29 2
70 70 9
70 70 9
70 70 9
70 70 9
70 70 9
70 70 9
70 70 9
70 70 9
70 70 6
70 70 9
6 6 2
4 4 2
70 70 9
45 45 2
70 70 9
70 70 9
70 70 9
37 37 2
70 70 9
70 70 9
46 46 2
70 70 9
70 70 9
70 70 9
70 70 9
44 44 2
33 33 2
55 55 2
68 68 2
32 32 2
46 46 2
70 70 9
70 70 9
29 29 2
70 70 9
38 38 2
70 70 9
70 70 9
70 70 9
60 60 2
53 53 2
1 1 2
70 70 9
29 29 2
70 70 9
70 70 9
70 70 9
22 22 2
9 9 2
70 70 9
41 41 2
15 15 2
70 70 9
57 57 2
70 70 9
70 70 9
70 70 9
70 70 9
64 64 2
70 70 9
70 70 9
48 48 2
70 70 9
48 48 2
70 70 9
70 70 9
70 70 9
70 70 9
6 6 2
57 57 2
70 70 9
67 67 2
70 70 9
70 70 9
70 70 9
70 70 9
70 70 9
70 70 9
70 70 9
70 70 9
70 70 9
70 70 9
70 70 9
70 70 9
70 70 9
48 48 2
70 70 9
25 25 2
70 70 9
64 64 2
70 70 9
61 61 2
70 70 9
70 70 9
70 70 9
60 60 2
70 70 9
70 70 9
70 70 9
70 70 9
70 70 9
53 53 2
70 70 9
70 70 9
70 70 9
70 70 6
70 70 9
70 70 9
24 24 2
58 58 2
70 70 9
70 70 9
70 70 9
70 70 9
70 70 9
28 28 2
70 70 9
70 70 9
70 70 9
70 70 9
70 70 9
70 70 9
70 70 9
49 49 2
67 67 2
70 70 9
70 70 9
70 70 9
70 70 9
70 70 9
70 70 9
17 17 0
43 43 0
70 70 9
70 70 9
47 47 0
70 70 9
40 40 0
70 70 9
70 70 9
70 70 9
70 70 9
70 70 9
70 70 9
70 70 9
70 70 9
70 70 9
70 70 9
70 70 9
70 70 9
70 70 9
70 70 9
70 70 9
48 48 0
70 70 9
70 70 9
70 70 9
70 70 9
4 4 0
70 70 9
70 70 9
70 70 9
49 49 0
70 70 9
31 31 0
70 70 9
42 42 0
70 70 9
70 70 0
23 23 0
70 70 9
70 70 9
70 70 9
70 70 9
70 70 9
70 70 9
70 70 9
70 70 9
41 41 0
37 37 0
70 70 9
70 70 9
70 70 9
70 70 9
70 70 9
70 70 9
70 70 9
64 64 0
67 67 0
70 70 9
70 70 9
70 70 9
33 33 0
70 70 9
70 70 9
70 70 9
3 3 0
70 70 9
70 70 9
70 70 9
70 70 9
70 70 9
70 70 9
70 70 9
70 70 9
70 70 9
69 69 0
70 70 9
60 60 0
70 70 9
65 65 0
70 70 9
70 70 9
70 70 9
70 70 9
70 70 9
70 70 9
70 70 9
27 27 0
70 70 9
70 70 9
70 70 9
70 70 9
70 70 9
70 70 9
70 70 9
70 70 8
70 70 9
70 70 9
70 70 9
70 70 9
70 70 9
70 70 9
60 60 0
70 70 9
27 27 0
70 70 9
70 70 9
70 70 9
70 70 9
70 70 9
70 70 0
70 70 9
70 70 9
70 70 9
70 70 9
70 70 9
70 70 9
70 70 9
70 70 9
70 70 8
70 70 9
70 70 9
70 70 9
70 70 9
70 70 9
70 70 9
69 69 0
70 70 9
37 37 0
70 70 2
70 70 9
44 44 0
70 70 9
70 70 9
70 70 9
70 70 9
70 70 9
70 70 9
70 70 9
70 70 9
14 14 0
70 70 9
70 70 9
70 70 9
70 70 9
70 70 9
70 70 9
70 70 9
70 70 9
70 70 9
70 70 9
70 70 9
70 70 9
70 70 9
60 60 0
58 58 0
70 70 9
70 70 9
70 70 4
70 70 9
56 56 0
70 70 9
70 70 9
70 70 9
70 70 9
70 70 9
70 70 9
70 70 9
52 52 0
70 70 9
70 70 9
70 70 9
70 70 9
59 59 0
70 70 9
33 33 0
61 61 0
70 70 9
70 70 9
70 70 9
70 70 9
70 70 9
70 70 9
70 70 9
70 70 9
55 55 0
70 70 9
70 70 9
70 70 9
70 70 0
70 70 9
70 70 9
70 70 9
61 61 0
70 70 9
54 54 0
70 70 9
70 70 9
70 70 9
33 33 0
70 70 9
70 70 9
70 70 9
70 70 9
70 70 9
61 61 0
70 70 9
70 70 9
70 70 9
70 70 9
70 70 9
70 70 9
70 70 9
70 70 9
70 70 9
70 70 9
70 70 9
70 70 9
70 70 9
70 70 9
70 70 9
70 70 9
70 70 9
70 70 9
57 57 0
70 70 9
40 40 0
70 70 9
70 70 9
70 70 9
70 70 9
14 14 0
70 70 9
70 70 9
37 37 0
70 70 9
70 70 9
70 70 9
70 70 9
70 70 9
70 70 9
56 56 0
60 60 0
49 49 0
70 70 9
70 70 9
70 70 9
70 70 9
70 70 9
70 70 9
70 70 9
70 70 9
33 33 0
70 70 2
70 70 9
53 53 0
70 70 9
70 70 9
57 57 0
70 70 9
70 70 9
70 70 9
70 70 9
70 70 9
70 70 9
18 18 0
70 70 9
70 70 9
70 70 9
70 70 9
70 70 9
70 70 9
70 70 9
70 70 9
70 70 9
70 70 9
70 70 9
24 24 0
70 70 9
70 70 9
70 70 9
3 3 0
70 70 9
70 70 9
41 41 0
70 70 9
70 70 9
62 62 0
70 70 9
70 70 9
70 70 9
70 70 9
58 58 0
70 70 9
70 70 9
70 70 9
70 70 9
53 53 0
39 39 0
70 70 9
70 70 9
70 70 9
70 70 9
70 70 9
70 70 9
70 70 9
70 70 9
