5000 5000 4.3589
62 562 8834
18 518 8778
18 518 8754
104 604 8692
130 630 8674
114 614 8634
129 629 8630
109 609 8602
177 677 8574
235 735 8500
75 575 8490
131 631 8474
83 583 8382
211 711 8378
249 749 8360
123 623 8354
262 762 8336
64 564 8326
11 511 8246
258 758 8226
88 588 8220
302 802 8220
307 807 8164
68 568 8130
344 844 8122
171 671 8104
180 680 8092
111 611 8080
374 874 8052
211 711 8042
295 795 8028
445 945 8018
441 941 8016
463 963 8014
106 606 7998
56 556 7984
132 632 7978
138 638 7968
219 719 7934
411 911 7928
105 605 7892
456 956 7876
483 983 7866
370 870 7826
75 575 7810
468 968 7806
370 870 7806
375 875 7802
259 759 7788
145 645 7788
477 977 7780
368 868 7756
358 858 7742
139 639 7724
327 827 7714
507 1007 7712
630 1130 7710
493 993 7672
452 952 7644
439 939 7640
417 917 7626
542 1042 7626
191 691 7584
495 995 7570
115 615 7562
205 705 7548
150 650 7516
337 837 7506
201 701 7500
710 1210 7488
157 657 7464
288 788 7456
731 1231 7434
694 1194 7426
395 895 7404
134 634 7388
232 732 7382
165 665 7378
797 1297 7368
427 927 7366
344 844 7350
250 750 7346
713 1213 7336
778 1278 7334
152 652 7308
591 1091 7306
847 1347 7302
524 1024 7300
432 932 7296
128 628 7282
195 695 7270
608 1108 7262
340 840 7258
788 1288 7256
355 855 7244
103 603 7232
655 1155 7228
651 1151 7224
320 820 7224
331 831 7218
233 733 7212
339 839 7210
557 1057 7204
566 1066 7194
523 1023 7186
778 1278 7170
206 706 7146
378 878 7140
169 669 7138
897 1397 7136
630 1130 7132
473 973 7122
274 774 7120
140 640 7110
75 575 7110
697 1197 7094
799 1299 7092
608 1108 7090
78 578 7082
932 1432 7076
426 926 7070
502 1002 7070
431 931 7066
148 648 7060
480 980 7056
57 557 7052
479 979 7050
913 1413 7048
662 1162 7048
65 565 7044
931 1431 7044
209 709 7022
1001 1501 6994
243 743 6982
553 1053 6982
386 886 6980
789 1289 6980
527 1027 6978
729 1229 6976
7 507 6966
340 840 6938
553 1053 6922
675 1175 6916
874 1374 6916
497 997 6912
564 1064 6904
989 1489 6888
149 649 6882
1024 1524 6882
177 677 6870
608 1108 6866
302 802 6864
491 991 6844
546 1046 6840
221 721 6832
52 552 6818
675 1175 6808
294 794 6802
845 1345 6790
781 1281 6762
1036 1536 6750
798 1298 6750
676 1176 6742
1094 1594 6736
155 655 6732
941 1441 6728
1136 1636 6722
431 931 6716
810 1310 6714
114 614 6696
971 1471 6694
1113 1613 6676
764 1264 6672
46 546 6656
755 1255 6656
1081 1581 6646
1164 1664 6642
63 563 6642
934 1434 6632
1002 1502 6616
438 938 6610
117 617 6610
266 766 6610
417 917 6610
395 895 6608
1151 1651 6598
1065 1565 6596
208 708 6592
1141 1641 6592
1084 1584 6584
76 576 6584
273 773 6580
1074 1574 6580
1129 1629 6572
680 1180 6558
1011 1511 6542
269 769 6538
660 1160 6532
282 782 6526
1049 1549 6522
1199 1699 6518
167 667 6510
433 933 6504
373 873 6500
895 1395 6496
454 954 6482
1144 1644 6472
165 665 6460
508 1008 6454
380 880 6434
714 1214 6424
957 1457 6422
252 752 6418
959 1459 6414
5 505 6406
50 550 6402
695 1195 6394
231 731 6390
287 787 6376
438 938 6364
1154 1654 6352
595 1095 6350
1220 1720 6350
716 1216 6350
919 1419 6350
919 1419 6348
331 831 6348
1126 1626 6348
1166 1666 6340
1193 1693 6336
518 1018 6334
619 1119 6330
2 502 6326
492 992 6324
806 1306 6318
597 1097 6308
710 1210 6306
1276 1776 6304
1297 1797 6296
1126 1626 6284
895 1395 6278
748 1248 6278
801 1301 6274
1033 1533 6270
15 515 6270
681 1181 6268
845 1345 6268
363 863 6256
1039 1539 6248
696 1196 6242
719 1219 6238
1258 1758 6238
739 1239 6238
259 759 6236
1065 1565 6236
601 1101 6224
1247 1747 6218
539 1039 6214
768 1268 6212
826 1326 6198
1291 1791 6196
1372 1872 6192
231 731 6190
1058 1558 6190
1171 1671 6182
714 1214 6182
307 807 6182
871 1371 6178
978 1478 6166
1075 1575 6164
1005 1505 6164
895 1395 6162
1366 1866 6160
1150 1650 6156
201 701 6156
194 694 6148
576 1076 6146
1298 1798 6144
489 989 6140
643 1143 6132
1067 1567 6130
531 1031 6130
755 1255 6130
1266 1766 6128
1071 1571 6118
155 655 6118
948 1448 6116
1364 1864 6112
931 1431 6094
936 1436 6084
998 1498 6084
535 1035 6062
248 748 6062
1442 1942 6060
1035 1535 6054
1315 1815 6052
686 1186 6052
332 832 6050
265 765 6046
297 797 6044
1423 1923 6044
1060 1560 6036
957 1457 6036
1149 1649 6024
297 797 6020
58 558 6012
548 1048 6012
529 1029 5982
1333 1833 5980
696 1196 5964
281 781 5962
659 1159 5956
1400 1900 5954
354 854 5948
605 1105 5948
268 768 5946
1476 1976 5942
1458 1958 5942
1392 1892 5940
1270 1770 5938
1024 1524 5938
1055 1555 5932
550 1050 5928
1386 1886 5928
892 1392 5926
35 535 5926
1094 1594 5924
675 1175 5920
848 1348 5918
1245 1745 5908
238 738 5906
681 1181 5906
753 1253 5884
703 1203 5884
1220 1720 5876
857 1357 5874
248 748 5866
119 619 5864
1209 1709 5854
1474 1974 5848
208 708 5848
873 1373 5842
1295 1795 5842
50 550 5832
1286 1786 5832
793 1293 5830
899 1399 5818
783 1283 5810
1098 1598 5808
1200 1700 5794
157 657 5794
973 1473 5786
885 1385 5782
28 528 5782
147 647 5782
690 1190 5776
340 840 5770
1515 2015 5764
392 892 5762
491 991 5760
31 531 5756
393 893 5756
398 898 5754
620 1120 5746
1362 1862 5734
1023 1523 5726
1501 2001 5716
1125 1625 5714
731 1231 5714
447 947 5708
269 769 5708
1210 1710 5708
1633 2133 5708
404 904 5706
203 703 5704
160 660 5702
866 1366 5698
1611 2111 5680
1530 2030 5672
1016 1516 5666
1603 2103 5654
759 1259 5654
509 1009 5644
1233 1733 5634
256 756 5632
487 987 5632
1400 1900 5628
1276 1776 5626
469 969 5618
1637 2137 5616
1034 1534 5616
1234 1734 5614
1581 2081 5606
3 503 5602
1578 2078 5596
1184 1684 5590
1477 1977 5586
1404 1904 5582
334 834 5580
1520 2020 5578
1170 1670 5572
933 1433 5570
489 989 5568
1129 1629 5564
1442 1942 5554
1236 1736 5548
841 1341 5542
575 1075 5542
67 567 5542
1525 2025 5536
754 1254 5534
1612 2112 5528
1217 1717 5524
42 542 5522
792 1292 5520
183 683 5518
716 1216 5512
906 1406 5506
1369 1869 5500
1573 2073 5488
358 858 5484
1555 2055 5478
929 1429 5472
1211 1711 5468
1064 1564 5466
478 978 5440
451 951 5440
1482 1982 5438
1361 1861 5424
1097 1597 5422
5 505 5422
959 1459 5418
1687 2187 5416
1302 1802 5412
1125 1625 5412
218 718 5412
1613 2113 5406
1012 1512 5404
1538 2038 5402
1685 2185 5402
1514 2014 5396
978 1478 5396
1442 1942 5394
542 1042 5392
871 1371 5392
15 515 5388
1586 2086 5384
164 664 5384
1525 2025 5376
1523 2023 5374
487 987 5366
1296 1796 5358
530 1030 5356
1540 2040 5352
923 1423 5344
1226 1726 5342
965 1465 5342
782 1282 5340
1403 1903 5340
1432 1932 5338
1485 1985 5336
675 1175 5334
583 1083 5328
913 1413 5328
736 1236 5328
41 541 5326
928 1428 5320
1676 2176 5320
1548 2048 5316
1714 2214 5312
1836 2336 5306
1700 2200 5304
1547 2047 5302
753 1253 5300
1604 2104 5294
1577 2077 5292
855 1355 5290
469 969 5280
1805 2305 5280
1842 2342 5274
1590 2090 5272
266 766 5272
1599 2099 5268
533 1033 5268
1226 1726 5266
247 747 5266
779 1279 5264
1163 1663 5264
750 1250 5264
1830 2330 5262
638 1138 5260
1201 1701 5258
117 617 5252
658 1158 5250
1520 2020 5250
1423 1923 5248
1109 1609 5246
934 1434 5240
1392 1892 5238
1875 2375 5234
1287 1787 5220
658 1158 5214
559 1059 5210
1889 2389 5206
327 827 5192
1849 2349 5190
117 617 5190
848 1348 5188
609 1109 5188
1263 1763 5184
1142 1642 5180
1863 2363 5178
485 985 5176
1412 1912 5172
1552 2052 5168
1665 2165 5164
1448 1948 5164
501 1001 5162
1521 2021 5162
284 784 5154
901 1401 5148
1715 2215 5142
1813 2313 5142
670 1170 5138
1096 1596 5134
681 1181 5132
314 814 5130
296 796 5118
760 1260 5118
1693 2193 5116
99 599 5112
1064 1564 5108
173 673 5106
442 942 5100
353 853 5098
367 867 5096
1256 1756 5094
1200 1700 5086
668 1168 5084
1290 1790 5082
42 542 5080
333 833 5078
772 1272 5074
1014 1514 5074
254 754 5074
380 880 5070
1701 2201 5068
326 826 5068
1596 2096 5064
1702 2202 5056
1769 2269 5056
546 1046 5054
1013 1513 5050
1398 1898 5048
1960 2460 5044
955 1455 5044
1363 1863 5040
1752 2252 5038
1187 1687 5038
1871 2371 5036
1726 2226 5036
255 755 5034
369 869 5032
1920 2420 5030
223 723 5026
707 1207 5022
1748 2248 5022
931 1431 5022
1879 2379 5018
169 669 5018
1681 2181 5018
1257 1757 5014
91 591 5012
374 874 5008
35 535 5006
1636 2136 5002
984 1484 5000
1937 2437 4998
1767 2267 4998
1271 1771 4994
1247 1747 4990
1909 2409 4986
1285 1785 4986
666 1166 4986
1614 2114 4982
1820 2320 4980
1170 1670 4978
1649 2149 4978
1971 2471 4968
1587 2087 4968
1681 2181 4962
160 660 4956
1679 2179 4944
1645 2145 4942
626 1126 4940
1213 1713 4938
2017 2517 4936
1323 1823 4934
912 1412 4930
714 1214 4928
1055 1555 4924
1709 2209 4924
1353 1853 4922
366 866 4918
1416 1916 4916
940 1440 4914
771 1271 4914
1629 2129 4910
1369 1869 4910
1290 1790 4906
1774 2274 4902
1212 1712 4900
1475 1975 4896
1434 1934 4896
73 573 4890
2030 2530 4888
1435 1935 4886
1511 2011 4886
973 1473 4882
1187 1687 4878
1033 1533 4874
1458 1958 4874
665 1165 4874
16 516 4872
2014 2514 4872
157 657 4856
464 964 4856
1855 2355 4854
1784 2284 4850
1374 1874 4848
659 1159 4848
961 1461 4846
1397 1897 4844
751 1251 4838
1218 1718 4832
1136 1636 4828
644 1144 4826
79 579 4826
269 769 4826
1248 1748 4816
1054 1554 4816
198 698 4814
1477 1977 4814
1548 2048 4814
1886 2386 4806
1871 2371 4804
1353 1853 4802
513 1013 4792
1245 1745 4790
863 1363 4786
1183 1683 4786
1587 2087 4784
717 1217 4784
1295 1795 4784
1488 1988 4778
2051 2551 4776
892 1392 4776
994 1494 4774
1560 2060 4768
2016 2516 4766
1007 1507 4766
1252 1752 4762
1057 1557 4762
1800 2300 4758
746 1246 4756
324 824 4748
1768 2268 4746
1894 2394 4744
325 825 4740
1085 1585 4738
1845 2345 4738
1127 1627 4732
1622 2122 4730
542 1042 4728
1891 2391 4728
1912 2412 4724
1451 1951 4724
1232 1732 4712
1650 2150 4706
1444 1944 4700
1572 2072 4700
1678 2178 4692
113 613 4690
236 736 4686
881 1381 4686
354 854 4684
1615 2115 4682
813 1313 4682
1965 2465 4680
578 1078 4680
2122 2622 4678
1436 1936 4678
2018 2518 4676
362 862 4674
1075 1575 4666
692 1192 4664
1788 2288 4662
1780 2280 4662
1347 1847 4654
2137 2637 4654
186 686 4650
635 1135 4648
1859 2359 4640
1443 1943 4636
838 1338 4634
226 726 4622
1061 1561 4618
462 962 4612
2124 2624 4610
605 1105 4606
1011 1511 4604
580 1080 4604
2044 2544 4604
685 1185 4602
1966 2466 4600
1183 1683 4596
821 1321 4594
1670 2170 4594
834 1334 4590
912 1412 4588
1485 1985 4582
1897 2397 4580
1160 1660 4580
1707 2207 4576
1935 2435 4574
1237 1737 4572
1320 1820 4562
1993 2493 4562
1564 2064 4562
2176 2676 4558
227 727 4556
793 1293 4556
1947 2447 4554
1783 2283 4542
1475 1975 4542
2046 2546 4542
1379 1879 4542
213 713 4540
2041 2541 4534
2046 2546 4534
2042 2542 4532
2112 2612 4532
9 509 4524
2178 2678 4524
1459 1959 4520
1954 2454 4520
1215 1715 4518
2075 2575 4516
848 1348 4510
2202 2702 4508
887 1387 4504
448 948 4504
1589 2089 4504
1157 1657 4492
196 696 4484
185 685 4480
2202 2702 4474
1602 2102 4474
1963 2463 4468
913 1413 4468
820 1320 4468
1681 2181 4460
192 692 4456
1748 2248 4456
1154 1654 4454
1456 1956 4452
1638 2138 4452
2186 2686 4450
2214 2714 4450
540 1040 4446
1532 2032 4438
967 1467 4434
1464 1964 4430
165 665 4428
22 522 4426
761 1261 4422
35 535 4420
1132 1632 4418
996 1496 4416
1674 2174 4416
944 1444 4414
1202 1702 4410
219 719 4408
1462 1962 4406
547 1047 4404
57 557 4404
304 804 4402
289 789 4400
425 925 4398
1297 1797 4394
1757 2257 4394
683 1183 4392
1987 2487 4390
1869 2369 4390
1331 1831 4390
1577 2077 4386
1945 2445 4384
572 1072 4384
2255 2755 4380
1870 2370 4378
1849 2349 4376
1003 1503 4376
1319 1819 4376
1913 2413 4374
392 892 4372
1051 1551 4368
522 1022 4364
1339 1839 4362
311 811 4360
794 1294 4360
1191 1691 4356
322 822 4354
2134 2634 4354
376 876 4352
290 790 4350
2311 2811 4346
2286 2786 4346
1764 2264 4342
1696 2196 4342
414 914 4322
106 606 4322
1443 1943 4320
743 1243 4320
2092 2592 4320
1355 1855 4316
1053 1553 4304
1802 2302 4304
2338 2838 4304
1864 2364 4302
2203 2703 4300
1925 2425 4300
823 1323 4298
262 762 4298
1430 1930 4294
223 723 4294
2303 2803 4294
1011 1511 4290
1266 1766 4288
44 544 4286
2299 2799 4284
1685 2185 4284
1856 2356 4276
660 1160 4268
1303 1803 4266
2065 2565 4264
2275 2775 4256
1632 2132 4256
213 713 4252
1108 1608 4250
1447 1947 4250
770 1270 4246
1492 1992 4244
1758 2258 4238
478 978 4236
288 788 4236
244 744 4232
1780 2280 4232
363 863 4224
1760 2260 4220
1729 2229 4220
373 873 4220
2389 2889 4216
1232 1732 4214
2209 2709 4214
2242 2742 4208
1533 2033 4206
2200 2700 4204
937 1437 4204
2351 2851 4204
2253 2753 4202
1314 1814 4202
1717 2217 4198
1752 2252 4196
2377 2877 4194
479 979 4194
223 723 4192
1664 2164 4190
2310 2810 4186
1143 1643 4186
66 566 4184
32 532 4182
114 614 4176
2313 2813 4176
555 1055 4168
1394 1894 4158
861 1361 4156
1661 2161 4152
1564 2064 4152
1754 2254 4152
1048 1548 4150
877 1377 4148
647 1147 4146
2397 2897 4142
1656 2156 4140
1088 1588 4140
1612 2112 4140
1001 1501 4140
907 1407 4138
194 694 4138
2089 2589 4136
2224 2724 4136
1139 1639 4136
931 1431 4134
343 843 4132
2364 2864 4130
2208 2708 4130
1861 2361 4126
1844 2344 4124
2046 2546 4124
2055 2555 4118
316 816 4116
2391 2891 4116
2127 2627 4114
1048 1548 4112
2252 2752 4110
1147 1647 4104
1393 1893 4104
251 751 4102
1220 1720 4102
289 789 4100
1587 2087 4100
2255 2755 4094
2194 2694 4086
1728 2228 4086
1258 1758 4086
873 1373 4084
165 665 4082
1247 1747 4082
55 555 4082
1906 2406 4080
138 638 4078
483 983 4078
285 785 4076
171 671 4076
1616 2116 4074
706 1206 4070
2201 2701 4066
1730 2230 4064
451 951 4060
2314 2814 4056
874 1374 4038
2285 2785 4038
2090 2590 4036
2278 2778 4034
2429 2929 4032
566 1066 4030
610 1110 4026
1463 1963 4024
194 694 4018
2405 2905 4014
2296 2796 4012
2096 2596 4010
1950 2450 4008
1926 2426 4008
1292 1792 4008
466 966 4008
2236 2736 4002
1359 1859 4000
2279 2779 3998
2079 2579 3996
1713 2213 3996
1067 1567 3992
969 1469 3992
2272 2772 3990
844 1344 3990
1131 1631 3988
2020 2520 3986
1622 2122 3982
2386 2886 3982
1859 2359 3978
1372 1872 3978
332 832 3978
2380 2880 3974
2048 2548 3974
1618 2118 3970
456 956 3966
1325 1825 3966
2169 2669 3964
976 1476 3962
1444 1944 3960
2381 2881 3960
1414 1914 3958
1147 1647 3952
501 1001 3952
553 1053 3944
546 1046 3944
2515 3015 3942
1530 2030 3942
1980 2480 3930
568 1068 3930
327 827 3924
2425 2925 3922
2492 2992 3920
2047 2547 3916
1479 1979 3912
1215 1715 3910
1852 2352 3910
1409 1909 3906
1818 2318 3904
1244 1744 3902
2020 2520 3902
1655 2155 3900
2533 3033 3892
190 690 3892
840 1340 3890
2270 2770 3888
1411 1911 3886
1100 1600 3886
1334 1834 3882
2012 2512 3882
1921 2421 3880
1444 1944 3880
1233 1733 3878
53 553 3878
178 678 3870
1924 2424 3868
892 1392 3866
554 1054 3862
2129 2629 3856
2465 2965 3854
1913 2413 3852
2024 2524 3848
1388 1888 3848
2035 2535 3842
2281 2781 3840
967 1467 3838
1959 2459 3836
612 1112 3832
700 1200 3830
2098 2598 3828
275 775 3824
1309 1809 3822
705 1205 3822
2202 2702 3820
1512 2012 3816
351 851 3810
968 1468 3804
2056 2556 3802
237 737 3800
1990 2490 3798
534 1034 3794
1629 2129 3792
2500 3000 3790
212 712 3786
1247 1747 3784
2582 3082 3778
2385 2885 3778
1536 2036 3776
1801 2301 3774
1137 1637 3774
2114 2614 3772
38 538 3772
1432 1932 3772
1982 2482 3772
2036 2536 3766
1093 1593 3764
387 887 3760
553 1053 3758
813 1313 3754
2468 2968 3742
1303 1803 3742
1437 1937 3738
2547 3047 3736
2286 2786 3732
1922 2422 3732
1255 1755 3730
1109 1609 3730
2522 3022 3730
1858 2358 3728
2056 2556 3728
2016 2516 3726
1454 1954 3726
208 708 3724
801 1301 3720
2183 2683 3718
2361 2861 3712
556 1056 3710
775 1275 3710
1745 2245 3708
1521 2021 3708
1399 1899 3704
170 670 3702
687 1187 3698
2109 2609 3694
2125 2625 3694
1901 2401 3692
530 1030 3692
1261 1761 3690
2427 2927 3690
418 918 3688
285 785 3682
1601 2101 3680
2426 2926 3678
2559 3059 3678
584 1084 3676
463 963 3674
296 796 3670
599 1099 3670
2308 2808 3668
2441 2941 3668
616 1116 3668
2425 2925 3666
1773 2273 3662
2613 3113 3660
501 1001 3656
136 636 3656
2468 2968 3654
795 1295 3652
2203 2703 3648
1795 2295 3646
2653 3153 3636
1490 1990 3636
2382 2882 3630
610 1110 3628
1709 2209 3626
1809 2309 3624
2006 2506 3622
2331 2831 3620
1632 2132 3620
1541 2041 3616
565 1065 3616
1628 2128 3616
2293 2793 3610
749 1249 3606
1846 2346 3602
1675 2175 3602
1154 1654 3600
908 1408 3594
2273 2773 3592
1569 2069 3588
1020 1520 3588
50 550 3588
2280 2780 3588
2307 2807 3584
117 617 3582
1698 2198 3582
1920 2420 3580
796 1296 3578
1001 1501 3574
1717 2217 3574
1948 2448 3572
2052 2552 3572
2437 2937 3570
624 1124 3568
2583 3083 3568
659 1159 3560
431 931 3560
2483 2983 3556
2354 2854 3556
521 1021 3552
834 1334 3550
2188 2688 3550
496 996 3550
2195 2695 3548
1771 2271 3542
195 695 3538
122 622 3538
1058 1558 3536
300 800 3534
2075 2575 3534
1760 2260 3528
37 537 3526
2672 3172 3524
1918 2418 3522
2177 2677 3520
1350 1850 3518
1937 2437 3518
2685 3185 3514
2505 3005 3514
2502 3002 3514
683 1183 3510
2245 2745 3502
2554 3054 3502
1791 2291 3500
2334 2834 3498
467 967 3498
337 837 3498
1190 1690 3496
2519 3019 3496
141 641 3494
1902 2402 3494
1682 2182 3492
2691 3191 3492
2025 2525 3482
2551 3051 3474
1926 2426 3474
2010 2510 3474
2183 2683 3472
2081 2581 3468
1676 2176 3468
1092 1592 3466
1996 2496 3466
712 1212 3464
2389 2889 3464
362 862 3460
2352 2852 3458
660 1160 3458
2283 2783 3456
1914 2414 3454
2008 2508 3450
2094 2594 3448
221 721 3448
45 545 3446
2301 2801 3444
2342 2842 3440
2746 3246 3432
1591 2091 3426
2042 2542 3426
2736 3236 3422
2270 2770 3422
1687 2187 3418
1484 1984 3418
922 1422 3412
1191 1691 3410
429 929 3410
1441 1941 3410
330 830 3410
1967 2467 3408
1045 1545 3406
616 1116 3406
512 1012 3404
1527 2027 3402
1147 1647 3394
1111 1611 3394
2697 3197 3386
183 683 3376
204 704 3374
419 919 3374
1659 2159 3372
25 525 3366
170 670 3364
339 839 3360
2673 3173 3360
2767 3267 3360
1696 2196 3358
458 958 3354
2765 3265 3348
1373 1873 3348
2190 2690 3346
190 690 3346
1990 2490 3346
412 912 3344
1517 2017 3344
2176 2676 3338
2607 3107 3338
2668 3168 3336
2608 3108 3334
1152 1652 3332
884 1384 3330
2833 3333 3330
2314 2814 3328
1292 1792 3326
591 1091 3326
2259 2759 3320
1912 2412 3316
386 886 3316
2285 2785 3316
2190 2690 3316
2064 2564 3314
2425 2925 3312
467 967 3310
1067 1567 3308
153 653 3308
605 1105 3308
2550 3050 3306
1977 2477 3306
342 842 3300
1404 1904 3294
2090 2590 3294
2795 3295 3292
169 669 3292
2438 2938 3286
408 908 3282
816 1316 3280
2242 2742 3276
2520 3020 3276
1639 2139 3276
421 921 3276
2341 2841 3274
1634 2134 3272
2480 2980 3272
1117 1617 3270
2542 3042 3264
2010 2510 3262
2246 2746 3260
324 824 3256
752 1252 3254
1726 2226 3252
1120 1620 3250
692 1192 3248
2699 3199 3248
274 774 3248
2364 2864 3246
360 860 3242
1257 1757 3238
209 709 3232
2517 3017 3232
711 1211 3228
1091 1591 3226
949 1449 3226
718 1218 3224
2641 3141 3218
2890 3390 3218
2879 3379 3214
812 1312 3212
178 678 3210
2846 3346 3208
2336 2836 3204
2472 2972 3202
2806 3306 3200
2706 3206 3200
1618 2118 3200
2463 2963 3200
2475 2975 3194
1861 2361 3192
2524 3024 3190
2583 3083 3188
461 961 3184
1504 2004 3182
425 925 3178
1139 1639 3176
2542 3042 3176
292 792 3174
601 1101 3174
2307 2807 3172
2712 3212 3172
2353 2853 3166
2712 3212 3164
1867 2367 3164
160 660 3158
2916 3416 3156
2480 2980 3152
2085 2585 3152
1531 2031 3150
2312 2812 3146
977 1477 3146
119 619 3144
1196 1696 3142
1483 1983 3142
1090 1590 3140
55 555 3140
2811 3311 3140
2441 2941 3136
2552 3052 3134
1648 2148 3134
970 1470 3134
973 1473 3132
1210 1710 3132
1454 1954 3130
1071 1571 3130
2394 2894 3126
1528 2028 3126
2614 3114 3124
329 829 3122
2062 2562 3120
2778 3278 3120
887 1387 3118
1997 2497 3116
1924 2424 3112
2501 3001 3106
1240 1740 3106
1576 2076 3104
144 644 3104
576 1076 3102
1505 2005 3102
1841 2341 3102
2270 2770 3102
1328 1828 3096
2279 2779 3092
2133 2633 3092
1349 1849 3090
605 1105 3090
1727 2227 3088
2841 3341 3088
2129 2629 3086
955 1455 3072
2665 3165 3072
2753 3253 3066
1491 1991 3064
2925 3425 3060
1726 2226 3060
2526 3026 3058
922 1422 3058
2075 2575 3056
2917 3417 3054
2222 2722 3052
2088 2588 3052
2745 3245 3052
1832 2332 3048
2317 2817 3046
1370 1870 3046
2870 3370 3044
1056 1556 3044
2613 3113 3042
2528 3028 3042
2098 2598 3040
542 1042 3038
2391 2891 3038
2421 2921 3038
2136 2636 3036
1053 1553 3034
1829 2329 3028
1663 2163 3026
491 991 3024
1348 1848 3022
1912 2412 3022
1806 2306 3020
2790 3290 3016
827 1327 3010
2865 3365 3006
1405 1905 3002
1921 2421 2990
1525 2025 2990
2189 2689 2988
1084 1584 2986
1617 2117 2986
1769 2269 2986
2473 2973 2982
2598 3098 2982
1497 1997 2980
570 1070 2978
303 803 2978
2388 2888 2976
1953 2453 2974
182 682 2972
558 1058 2970
253 753 2970
927 1427 2970
784 1284 2970
1788 2288 2966
1764 2264 2966
2937 3437 2964
2931 3431 2964
1166 1666 2958
1990 2490 2958
293 793 2956
788 1288 2950
1656 2156 2950
1448 1948 2942
1043 1543 2942
147 647 2942
229 729 2940
880 1380 2938
1917 2417 2938
1699 2199 2938
607 1107 2930
2567 3067 2930
2266 2766 2930
2379 2879 2928
1633 2133 2926
1196 1696 2926
2536 3036 2924
1807 2307 2924
1767 2267 2924
2154 2654 2922
2562 3062 2922
778 1278 2920
2352 2852 2918
2902 3402 2914
3044 3544 2910
2310 2810 2906
3024 3524 2906
170 670 2904
2414 2914 2902
2486 2986 2896
1122 1622 2894
2563 3063 2894
1133 1633 2892
2640 3140 2892
1551 2051 2892
1641 2141 2888
1622 2122 2884
2925 3425 2884
1234 1734 2882
1934 2434 2876
2834 3334 2876
1368 1868 2874
1053 1553 2874
2562 3062 2872
2724 3224 2870
1968 2468 2868
1898 2398 2868
2396 2896 2862
419 919 2862
1067 1567 2860
1350 1850 2858
1558 2058 2858
1095 1595 2852
3042 3542 2852
3026 3526 2852
2661 3161 2848
2156 2656 2846
2819 3319 2846
2491 2991 2844
555 1055 2838
2845 3345 2838
1308 1808 2836
1947 2447 2834
218 718 2834
1070 1570 2834
1265 1765 2832
7 507 2830
2714 3214 2830
829 1329 2828
1491 1991 2828
1458 1958 2828
2977 3477 2826
2913 3413 2826
2263 2763 2824
2935 3435 2822
1333 1833 2816
2384 2884 2814
1466 1966 2812
898 1398 2812
1071 1571 2808
1187 1687 2808
3069 3569 2806
2894 3394 2806
3009 3509 2804
2480 2980 2800
2358 2858 2798
369 869 2798
1382 1882 2796
2480 2980 2796
2455 2955 2794
1982 2482 2788
2704 3204 2786
359 859 2786
3022 3522 2782
1762 2262 2780
421 921 2778
2336 2836 2774
1369 1869 2772
2382 2882 2770
368 868 2770
386 886 2768
2564 3064 2768
1146 1646 2766
837 1337 2766
343 843 2766
2717 3217 2766
3081 3581 2766
2305 2805 2764
2955 3455 2760
3029 3529 2760
2869 3369 2758
1086 1586 2756
1368 1868 2754
1829 2329 2754
3072 3572 2752
1943 2443 2750
1326 1826 2750
1010 1510 2748
222 722 2748
1501 2001 2746
1160 1660 2734
707 1207 2730
892 1392 2728
1383 1883 2728
3043 3543 2724
1484 1984 2722
2315 2815 2722
2247 2747 2722
983 1483 2722
3037 3537 2718
899 1399 2718
2987 3487 2712
2554 3054 2710
2475 2975 2706
805 1305 2706
2349 2849 2704
2563 3063 2704
3054 3554 2702
3025 3525 2698
1804 2304 2696
1214 1714 2696
2833 3333 2696
1619 2119 2694
2253 2753 2692
2362 2862 2692
1992 2492 2692
1153 1653 2690
1792 2292 2690
2092 2592 2686
649 1149 2686
2471 2971 2684
2255 2755 2684
2962 3462 2682
3142 3642 2682
2040 2540 2680
453 953 2678
1618 2118 2678
3001 3501 2676
750 1250 2668
1324 1824 2668
2940 3440 2666
1087 1587 2664
1589 2089 2662
2673 3173 2662
2518 3018 2660
570 1070 2658
926 1426 2658
903 1403 2656
1503 2003 2654
1 501 2654
2686 3186 2654
2485 2985 2654
1079 1579 2652
3075 3575 2650
1795 2295 2646
1875 2375 2644
2439 2939 2644
90 590 2642
2624 3124 2640
325 825 2638
680 1180 2638
74 574 2638
2225 2725 2636
508 1008 2636
1992 2492 2632
101 601 2632
2921 3421 2630
678 1178 2630
890 1390 2628
1986 2486 2626
2627 3127 2624
2691 3191 2618
2454 2954 2618
2594 3094 2618
1727 2227 2614
3090 3590 2614
2410 2910 2614
3190 3690 2610
3161 3661 2608
460 960 2606
2694 3194 2604
531 1031 2602
1277 1777 2600
3193 3693 2598
1766 2266 2596
1638 2138 2594
571 1071 2592
2934 3434 2592
1080 1580 2592
2920 3420 2592
2511 3011 2588
2787 3287 2588
2429 2929 2588
819 1319 2588
2680 3180 2586
496 996 2586
1065 1565 2586
2783 3283 2584
1702 2202 2582
3135 3635 2582
889 1389 2580
2532 3032 2580
1824 2324 2578
2356 2856 2578
3183 3683 2572
2777 3277 2570
2562 3062 2570
1651 2151 2568
1364 1864 2566
3061 3561 2562
3040 3540 2562
1646 2146 2562
2983 3483 2562
2784 3284 2560
867 1367 2560
992 1492 2560
3122 3622 2558
2499 2999 2556
1529 2029 2556
1955 2455 2552
2261 2761 2552
2229 2729 2550
1696 2196 2548
2673 3173 2548
2016 2516 2548
3060 3560 2546
3134 3634 2546
1558 2058 2542
590 1090 2540
3090 3590 2540
3076 3576 2538
2412 2912 2536
2696 3196 2536
41 541 2536
3149 3649 2534
3195 3695 2530
3195 3695 2530
1877 2377 2528
653 1153 2528
3053 3553 2526
2529 3029 2524
188 688 2524
525 1025 2524
2918 3418 2522
1698 2198 2522
1696 2196 2522
1328 1828 2520
1777 2277 2516
3220 3720 2516
3011 3511 2514
130 630 2510
2587 3087 2510
3116 3616 2508
2689 3189 2508
131 631 2508
2230 2730 2508
1274 1774 2506
3001 3501 2506
2509 3009 2504
161 661 2504
2297 2797 2504
985 1485 2500
1534 2034 2498
2081 2581 2498
2036 2536 2498
2267 2767 2496
227 727 2492
2640 3140 2490
1860 2360 2488
2579 3079 2488
2410 2910 2486
1671 2171 2486
1936 2436 2486
2077 2577 2484
2834 3334 2484
3136 3636 2482
2736 3236 2482
2032 2532 2478
1412 1912 2476
1601 2101 2476
2850 3350 2476
3222 3722 2474
3067 3567 2472
2990 3490 2472
3119 3619 2468
2821 3321 2464
2210 2710 2464
2081 2581 2462
558 1058 2462
1480 1980 2462
1456 1956 2460
2270 2770 2458
2860 3360 2458
2900 3400 2456
900 1400 2456
2375 2875 2456
1147 1647 2454
291 791 2450
2521 3021 2444
3051 3551 2444
3007 3507 2444
3116 3616 2444
1615 2115 2440
938 1438 2436
3124 3624 2436
2057 2557 2434
289 789 2432
2363 2863 2430
1464 1964 2428
2516 3016 2426
2330 2830 2426
2400 2900 2426
3195 3695 2426
1341 1841 2422
3074 3574 2422
2650 3150 2418
2443 2943 2418
2539 3039 2418
1220 1720 2416
1140 1640 2414
3141 3641 2412
2572 3072 2412
1231 1731 2412
3037 3537 2410
1150 1650 2410
1137 1637 2408
928 1428 2406
2069 2569 2406
2573 3073 2402
1832 2332 2402
3219 3719 2400
1062 1562 2398
85 585 2396
1299 1799 2396
818 1318 2390
1779 2279 2390
3282 3782 2390
2980 3480 2388
1475 1975 2388
1729 2229 2386
2557 3057 2384
1300 1800 2382
1890 2390 2382
2455 2955 2378
1716 2216 2378
3102 3602 2376
1223 1723 2372
2538 3038 2370
3205 3705 2368
3201 3701 2366
3153 3653 2364
717 1217 2364
2130 2630 2360
470 970 2360
2936 3436 2360
960 1460 2358
2832 3332 2358
2528 3028 2356
443 943 2356
2746 3246 2354
1601 2101 2354
371 871 2352
2504 3004 2352
3104 3604 2350
1975 2475 2348
1935 2435 2348
3086 3586 2344
3111 3611 2342
3060 3560 2338
3247 3747 2336
2045 2545 2332
601 1101 2332
2340 2840 2328
3308 3808 2328
2412 2912 2326
1079 1579 2326
1619 2119 2326
3271 3771 2326
2978 3478 2318
1282 1782 2318
2277 2777 2318
905 1405 2316
1849 2349 2312
1397 1897 2312
1277 1777 2310
3308 3808 2308
2878 3378 2306
1960 2460 2304
2026 2526 2298
2453 2953 2296
3237 3737 2296
2144 2644 2296
1505 2005 2294
2363 2863 2294
2627 3127 2290
1706 2206 2288
1998 2498 2288
3022 3522 2288
1707 2207 2288
2760 3260 2284
1182 1682 2284
1176 1676 2284
2841 3341 2282
1027 1527 2282
2912 3412 2280
3350 3850 2280
913 1413 2280
137 637 2280
906 1406 2280
930 1430 2278
804 1304 2276
3026 3526 2276
3008 3508 2274
3046 3546 2274
964 1464 2272
1198 1698 2270
2088 2588 2266
3359 3859 2266
2690 3190 2264
3366 3866 2262
2686 3186 2258
1883 2383 2256
2800 3300 2256
1352 1852 2256
3324 3824 2256
708 1208 2254
882 1382 2250
1137 1637 2250
947 1447 2250
1623 2123 2244
2685 3185 2244
3347 3847 2244
3116 3616 2240
2875 3375 2238
2283 2783 2238
1700 2200 2238
2580 3080 2236
138 638 2234
969 1469 2234
222 722 2230
266 766 2228
202 702 2228
2879 3379 2226
1782 2282 2224
2488 2988 2222
3131 3631 2222
2393 2893 2212
2165 2665 2210
713 1213 2206
2211 2711 2206
2569 3069 2206
2463 2963 2206
410 910 2206
2739 3239 2204
935 1435 2204
1167 1667 2204
2870 3370 2202
3051 3551 2202
2392 2892 2198
2694 3194 2194
1670 2170 2194
2384 2884 2192
576 1076 2190
1573 2073 2186
1825 2325 2186
2232 2732 2186
3101 3601 2182
2049 2549 2182
2299 2799 2180
1422 1922 2178
2996 3496 2178
3339 3839 2176
691 1191 2176
2070 2570 2174
3249 3749 2170
1406 1906 2170
2914 3414 2170
1639 2139 2168
2270 2770 2166
1017 1517 2166
2231 2731 2164
1384 1884 2164
2606 3106 2162
2271 2771 2160
2796 3296 2160
2905 3405 2158
1846 2346 2156
2077 2577 2154
2856 3356 2152
2390 2890 2152
2999 3499 2152
3374 3874 2150
673 1173 2148
2509 3009 2148
153 653 2146
1965 2465 2146
2908 3408 2144
3084 3584 2142
3200 3700 2140
1100 1600 2140
672 1172 2136
3308 3808 2136
612 1112 2136
3095 3595 2134
3431 3931 2134
2587 3087 2134
1452 1952 2134
2896 3396 2134
2615 3115 2132
2412 2912 2130
2714 3214 2130
2393 2893 2128
2027 2527 2126
3436 3936 2126
656 1156 2124
3165 3665 2120
1117 1617 2120
1383 1883 2120
1265 1765 2118
3432 3932 2118
2120 2620 2118
2810 3310 2116
2722 3222 2116
2188 2688 2114
1281 1781 2112
1888 2388 2110
2159 2659 2108
2826 3326 2106
2279 2779 2106
3076 3576 2104
1902 2402 2104
1113 1613 2100
2967 3467 2098
2816 3316 2098
2466 2966 2096
2240 2740 2096
2094 2594 2094
2778 3278 2094
3131 3631 2088
403 903 2086
1507 2007 2086
2939 3439 2084
2436 2936 2082
144 644 2082
2855 3355 2080
1496 1996 2078
1908 2408 2078
2885 3385 2078
1163 1663 2074
3375 3875 2074
107 607 2070
2958 3458 2070
1698 2198 2070
2809 3309 2066
1551 2051 2064
2219 2719 2064
2998 3498 2064
759 1259 2060
2273 2773 2058
2895 3395 2058
3389 3889 2058
2956 3456 2056
31 531 2054
3008 3508 2050
118 618 2050
3457 3957 2048
1632 2132 2048
2849 3349 2046
2636 3136 2044
3269 3769 2042
2302 2802 2038
882 1382 2038
1813 2313 2036
3382 3882 2034
962 1462 2034
984 1484 2032
1250 1750 2032
2008 2508 2032
857 1357 2032
2468 2968 2032
1536 2036 2028
1591 2091 2026
2538 3038 2024
1160 1660 2022
812 1312 2020
2586 3086 2020
3450 3950 2016
2595 3095 2014
706 1206 2014
784 1284 2012
1867 2367 2012
937 1437 2004
3371 3871 2004
1510 2010 2000
2961 3461 2000
3369 3869 1998
2997 3497 1998
1549 2049 1992
3292 3792 1990
2240 2740 1988
3066 3566 1986
2273 2773 1986
1721 2221 1984
2933 3433 1984
2510 3010 1982
425 925 1982
3342 3842 1982
2922 3422 1980
2426 2926 1978
3485 3985 1976
569 1069 1976
2500 3000 1976
1593 2093 1976
2212 2712 1972
3175 3675 1972
2772 3272 1972
2843 3343 1970
856 1356 1968
2880 3380 1966
2208 2708 1964
512 1012 1960
2003 2503 1960
2079 2579 1956
100 600 1954
461 961 1954
2000 2500 1954
1556 2056 1952
2838 3338 1948
3099 3599 1948
1888 2388 1946
2705 3205 1942
562 1062 1938
2773 3273 1936
3386 3886 1936
3063 3563 1936
1752 2252 1934
2648 3148 1934
1520 2020 1932
787 1287 1930
3167 3667 1928
3282 3782 1926
314 814 1926
3235 3735 1926
2522 3022 1924
1445 1945 1924
3217 3717 1924
2295 2795 1924
2675 3175 1922
2387 2887 1922
970 1470 1922
3410 3910 1920
2995 3495 1918
3414 3914 1916
1433 1933 1916
1526 2026 1916
2795 3295 1914
2820 3320 1914
591 1091 1914
2991 3491 1914
1337 1837 1906
1721 2221 1904
3539 4039 1904
2969 3469 1904
3444 3944 1902
2677 3177 1902
1424 1924 1900
2718 3218 1900
1970 2470 1900
2164 2664 1898
2794 3294 1898
2293 2793 1896
3125 3625 1896
739 1239 1894
1877 2377 1894
1328 1828 1892
2389 2889 1890
515 1015 1890
1896 2396 1888
3158 3658 1888
3208 3708 1888
2725 3225 1886
1075 1575 1886
1376 1876 1886
444 944 1884
2028 2528 1884
2866 3366 1882
3348 3848 1880
2970 3470 1872
3415 3915 1872
3088 3588 1872
1534 2034 1872
3502 4002 1872
3533 4033 1870
404 904 1870
1833 2333 1868
2772 3272 1864
3352 3852 1862
2061 2561 1860
3079 3579 1860
1941 2441 1856
3368 3868 1856
1352 1852 1854
92 592 1854
1412 1912 1854
3104 3604 1852
1061 1561 1850
2521 3021 1850
3509 4009 1850
2335 2835 1850
3341 3841 1848
1612 2112 1844
2824 3324 1844
3361 3861 1842
3376 3876 1842
609 1109 1838
1454 1954 1838
2619 3119 1838
3319 3819 1834
3116 3616 1832
2110 2610 1832
2058 2558 1832
1213 1713 1832
23 523 1830
1261 1761 1830
3247 3747 1828
1456 1956 1826
1649 2149 1826
1246 1746 1824
1321 1821 1822
3379 3879 1820
2782 3282 1814
2977 3477 1814
3014 3514 1812
1552 2052 1810
3553 4053 1810
1323 1823 1810
3075 3575 1808
2135 2635 1808
816 1316 1808
3021 3521 1806
3204 3704 1804
2456 2956 1804
3209 3709 1802
1565 2065 1802
1184 1684 1802
2693 3193 1800
3184 3684 1800
2950 3450 1798
3053 3553 1798
1060 1560 1798
1451 1951 1796
1398 1898 1796
2517 3017 1794
2655 3155 1792
1188 1688 1792
2832 3332 1790
3107 3607 1790
2697 3197 1788
3459 3959 1788
3541 4041 1788
1275 1775 1788
433 933 1786
3411 3911 1784
2613 3113 1784
2069 2569 1784
1706 2206 1782
2861 3361 1782
2268 2768 1780
2805 3305 1778
2227 2727 1778
1925 2425 1778
2713 3213 1776
612 1112 1776
3480 3980 1776
66 566 1774
3567 4067 1774
3152 3652 1772
3448 3948 1772
2082 2582 1768
1144 1644 1768
3544 4044 1768
1539 2039 1766
2749 3249 1766
262 762 1766
2409 2909 1762
66 566 1762
3542 4042 1756
2827 3327 1754
2514 3014 1754
3036 3536 1754
504 1004 1748
410 910 1746
1733 2233 1746
3504 4004 1744
3332 3832 1744
3148 3648 1744
1548 2048 1744
3138 3638 1742
2086 2586 1742
422 922 1738
3272 3772 1738
3005 3505 1738
13 513 1736
3462 3962 1736
2056 2556 1734
2943 3443 1734
958 1458 1734
3600 4100 1732
2697 3197 1732
1142 1642 1730
749 1249 1730
2436 2936 1728
1914 2414 1726
3382 3882 1724
1609 2109 1724
2327 2827 1722
2108 2608 1722
2908 3408 1722
1398 1898 1722
3219 3719 1722
3477 3977 1718
3327 3827 1718
2554 3054 1718
2520 3020 1718
3389 3889 1718
2952 3452 1714
2809 3309 1714
2081 2581 1714
3496 3996 1712
860 1360 1712
2159 2659 1712
1175 1675 1710
2886 3386 1710
1637 2137 1710
754 1254 1706
2279 2779 1706
2963 3463 1704
3121 3621 1704
26 526 1702
2367 2867 1702
3285 3785 1696
3604 4104 1694
1796 2296 1692
3610 4110 1692
3229 3729 1688
3072 3572 1686
1028 1528 1686
3619 4119 1684
1726 2226 1684
3350 3850 1682
3514 4014 1680
2672 3172 1680
189 689 1680
2237 2737 1680
3645 4145 1678
791 1291 1678
3379 3879 1676
3174 3674 1676
2956 3456 1674
2250 2750 1670
2808 3308 1668
2063 2563 1666
2405 2905 1664
2774 3274 1662
2591 3091 1662
1791 2291 1660
2844 3344 1660
222 722 1658
3272 3772 1658
1878 2378 1654
2877 3377 1654
3096 3596 1654
1595 2095 1652
2902 3402 1652
529 1029 1650
1784 2284 1650
1422 1922 1648
632 1132 1648
2773 3273 1648
3060 3560 1644
413 913 1644
362 862 1642
3519 4019 1642
3435 3935 1642
2351 2851 1640
1979 2479 1640
2997 3497 1640
2394 2894 1638
3112 3612 1638
1817 2317 1636
1553 2053 1636
3541 4041 1636
3661 4161 1636
2369 2869 1634
1992 2492 1634
3082 3582 1634
3294 3794 1632
2150 2650 1630
2937 3437 1628
841 1341 1628
3071 3571 1628
450 950 1628
3607 4107 1626
1572 2072 1626
2599 3099 1626
2189 2689 1622
1802 2302 1622
3123 3623 1620
2534 3034 1620
1965 2465 1616
3227 3727 1616
1911 2411 1612
3507 4007 1610
1106 1606 1606
1320 1820 1602
1534 2034 1602
1611 2111 1600
1214 1714 1592
2477 2977 1592
3471 3971 1590
3122 3622 1590
2382 2882 1588
825 1325 1586
652 1152 1586
3651 4151 1584
2708 3208 1582
3107 3607 1582
3292 3792 1580
743 1243 1580
3062 3562 1580
3426 3926 1578
2825 3325 1576
1600 2100 1576
1201 1701 1574
2514 3014 1574
2904 3404 1574
2904 3404 1572
2079 2579 1570
1711 2211 1568
2763 3263 1564
3704 4204 1564
2510 3010 1564
2616 3116 1562
3074 3574 1560
2729 3229 1560
3243 3743 1560
378 878 1560
183 683 1560
2342 2842 1556
3577 4077 1554
1042 1542 1554
3583 4083 1552
2878 3378 1550
506 1006 1550
300 800 1550
3182 3682 1550
939 1439 1548
3656 4156 1546
3125 3625 1546
3124 3624 1546
873 1373 1546
216 716 1544
3090 3590 1542
1062 1562 1542
516 1016 1542
3630 4130 1542
2345 2845 1540
2509 3009 1540
189 689 1540
2587 3087 1540
3726 4226 1538
2850 3350 1538
2822 3322 1538
1924 2424 1532
944 1444 1532
2352 2852 1532
2700 3200 1532
2569 3069 1530
1040 1540 1528
239 739 1526
3005 3505 1526
3162 3662 1524
333 833 1522
2543 3043 1522
2900 3400 1522
3336 3836 1520
3680 4180 1520
3629 4129 1516
3609 4109 1516
3587 4087 1514
873 1373 1514
2500 3000 1514
3721 4221 1512
1706 2206 1512
3041 3541 1512
3494 3994 1510
47 547 1510
1559 2059 1510
2399 2899 1510
3391 3891 1508
2452 2952 1508
2697 3197 1508
2473 2973 1504
1851 2351 1504
2046 2546 1504
3182 3682 1502
1633 2133 1502
3079 3579 1502
2689 3189 1500
2087 2587 1498
3679 4179 1496
3507 4007 1496
2680 3180 1492
3539 4039 1492
1952 2452 1490
3745 4245 1490
479 979 1488
3607 4107 1488
3674 4174 1486
615 1115 1486
3578 4078 1484
1820 2320 1480
1018 1518 1480
3202 3702 1480
2582 3082 1478
1681 2181 1478
2101 2601 1478
1879 2379 1476
3013 3513 1474
3029 3529 1472
1671 2171 1472
2785 3285 1470
3267 3767 1468
947 1447 1468
3150 3650 1466
3526 4026 1466
2867 3367 1464
3713 4213 1462
3654 4154 1460
1803 2303 1460
3071 3571 1458
3696 4196 1458
3472 3972 1456
3209 3709 1454
3594 4094 1452
3362 3862 1452
1526 2026 1452
2138 2638 1448
3020 3520 1448
1991 2491 1446
1647 2147 1444
2467 2967 1444
1535 2035 1444
3369 3869 1444
3208 3708 1438
3153 3653 1436
2082 2582 1436
2635 3135 1436
3411 3911 1434
1736 2236 1434
1986 2486 1434
351 851 1434
3190 3690 1434
103 603 1434
3741 4241 1432
2601 3101 1432
828 1328 1430
3608 4108 1428
3660 4160 1428
2203 2703 1428
746 1246 1426
2988 3488 1426
3638 4138 1426
1996 2496 1422
3664 4164 1422
2823 3323 1422
3342 3842 1420
2718 3218 1420
2937 3437 1420
2616 3116 1420
1324 1824 1418
835 1335 1416
3639 4139 1416
1513 2013 1416
1308 1808 1414
3303 3803 1414
3759 4259 1414
1183 1683 1414
3651 4151 1410
121 621 1410
2542 3042 1404
2644 3144 1402
2539 3039 1402
2183 2683 1402
466 966 1400
2680 3180 1400
2079 2579 1398
1946 2446 1396
3290 3790 1396
3467 3967 1392
2538 3038 1392
2547 3047 1392
3407 3907 1390
2719 3219 1388
3749 4249 1388
3474 3974 1388
290 790 1386
3351 3851 1386
1960 2460 1386
3548 4048 1384
1880 2380 1380
2457 2957 1380
1890 2390 1378
2497 2997 1378
3126 3626 1376
3786 4286 1374
1923 2423 1372
1669 2169 1372
3203 3703 1372
3494 3994 1370
3051 3551 1368
948 1448 1366
2850 3350 1366
2101 2601 1366
3578 4078 1364
3085 3585 1362
2483 2983 1360
3802 4302 1360
3765 4265 1358
3378 3878 1358
1025 1525 1356
1622 2122 1356
3807 4307 1356
3438 3938 1354
3734 4234 1354
3819 4319 1354
1992 2492 1354
2612 3112 1352
3301 3801 1350
3427 3927 1350
3394 3894 1346
3537 4037 1346
3089 3589 1346
2278 2778 1344
3538 4038 1344
1472 1972 1342
2695 3195 1340
3545 4045 1340
2259 2759 1340
3224 3724 1340
235 735 1338
2733 3233 1336
2041 2541 1336
2804 3304 1336
3219 3719 1334
813 1313 1334
482 982 1328
3104 3604 1328
2036 2536 1328
159 659 1326
1235 1735 1326
3217 3717 1322
355 855 1322
1811 2311 1322
2979 3479 1320
148 648 1320
2290 2790 1320
1529 2029 1318
2220 2720 1314
2575 3075 1314
3348 3848 1314
2341 2841 1314
3034 3534 1314
2258 2758 1314
916 1416 1312
2862 3362 1312
3779 4279 1312
3274 3774 1312
3616 4116 1310
3813 4313 1308
2134 2634 1308
3727 4227 1308
3200 3700 1306
3374 3874 1306
1530 2030 1306
3508 4008 1304
3488 3988 1304
1068 1568 1302
1957 2457 1302
2676 3176 1302
3631 4131 1300
2973 3473 1300
1979 2479 1300
626 1126 1298
3752 4252 1298
1992 2492 1298
1401 1901 1296
3656 4156 1296
3529 4029 1296
2294 2794 1294
2602 3102 1290
2333 2833 1288
3500 4000 1288
3138 3638 1286
2519 3019 1286
3624 4124 1284
3200 3700 1284
247 747 1284
502 1002 1284
2825 3325 1284
2545 3045 1282
1720 2220 1280
3247 3747 1280
1615 2115 1278
791 1291 1276
3552 4052 1276
3227 3727 1274
1494 1994 1274
44 544 1274
3315 3815 1274
3564 4064 1274
1757 2257 1272
3643 4143 1270
2607 3107 1270
2490 2990 1268
2077 2577 1268
3732 4232 1268
3170 3670 1268
2407 2907 1268
1244 1744 1266
3053 3553 1266
3332 3832 1262
2762 3262 1262
3440 3940 1260
1590 2090 1260
3584 4084 1256
3781 4281 1254
507 1007 1254
3307 3807 1254
1022 1522 1254
2656 3156 1252
2785 3285 1248
312 812 1246
1713 2213 1246
890 1390 1246
3622 4122 1246
2074 2574 1244
2972 3472 1244
2411 2911 1242
3702 4202 1240
3134 3634 1240
3333 3833 1240
144 644 1238
1851 2351 1238
3445 3945 1238
3798 4298 1238
2329 2829 1236
2746 3246 1236
2761 3261 1236
1449 1949 1236
2257 2757 1234
2001 2501 1234
3389 3889 1234
3674 4174 1232
1657 2157 1232
2120 2620 1232
1686 2186 1230
1431 1931 1228
2493 2993 1228
288 788 1228
3862 4362 1228
3263 3763 1226
2631 3131 1226
2599 3099 1224
2340 2840 1224
2812 3312 1222
434 934 1222
3268 3768 1220
3225 3725 1220
2232 2732 1218
1697 2197 1218
2120 2620 1218
3445 3945 1218
2244 2744 1218
3573 4073 1214
3696 4196 1210
1204 1704 1210
2917 3417 1208
3439 3939 1208
3146 3646 1206
1701 2201 1206
225 725 1206
1359 1859 1204
3202 3702 1204
3299 3799 1204
3663 4163 1202
3094 3594 1202
2930 3430 1200
3607 4107 1200
1481 1981 1198
3547 4047 1198
1018 1518 1196
3810 4310 1196
1005 1505 1196
2416 2916 1196
3558 4058 1196
2347 2847 1194
855 1355 1192
1352 1852 1190
2682 3182 1190
394 894 1188
1114 1614 1188
2697 3197 1188
1182 1682 1186
3850 4350 1182
3829 4329 1182
665 1165 1182
2904 3404 1178
3798 4298 1178
3489 3989 1178
3595 4095 1174
66 566 1174
3444 3944 1172
1723 2223 1172
3089 3589 1170
3780 4280 1170
3094 3594 1168
3536 4036 1168
3189 3689 1166
349 849 1164
1158 1658 1164
1855 2355 1164
2257 2757 1162
3801 4301 1160
3586 4086 1158
3850 4350 1158
3752 4252 1158
1506 2006 1156
3704 4204 1156
3275 3775 1156
1049 1549 1154
3070 3570 1154
2987 3487 1154
692 1192 1154
2073 2573 1152
3692 4192 1152
1541 2041 1148
3449 3949 1146
3875 4375 1144
3853 4353 1144
3803 4303 1144
3432 3932 1142
3916 4416 1142
2760 3260 1142
3384 3884 1140
3240 3740 1140
81 581 1138
3123 3623 1138
1349 1849 1138
1769 2269 1136
1286 1786 1136
2603 3103 1136
352 852 1136
3298 3798 1136
1949 2449 1134
3600 4100 1134
2725 3225 1130
287 787 1126
3926 4426 1126
983 1483 1126
3791 4291 1124
2317 2817 1122
1657 2157 1122
119 619 1120
641 1141 1120
2212 2712 1120
3096 3596 1118
3279 3779 1118
3669 4169 1116
3783 4283 1116
2204 2704 1114
3720 4220 1114
2524 3024 1112
3646 4146 1112
3528 4028 1112
3710 4210 1110
3082 3582 1110
2286 2786 1110
3136 3636 1108
3458 3958 1108
2441 2941 1106
3753 4253 1106
3052 3552 1102
3513 4013 1102
1917 2417 1100
2862 3362 1098
2224 2724 1094
3822 4322 1092
3448 3948 1092
2713 3213 1090
399 899 1088
3945 4445 1086
1230 1730 1084
651 1151 1084
3594 4094 1084
1132 1632 1084
1897 2397 1082
3155 3655 1082
2569 3069 1082
2063 2563 1082
3958 4458 1080
3166 3666 1080
2732 3232 1080
3856 4356 1078
1185 1685 1078
24 524 1078
1003 1503 1078
2084 2584 1076
3346 3846 1076
3910 4410 1074
3821 4321 1074
2487 2987 1074
3563 4063 1072
3183 3683 1070
3884 4384 1070
3043 3543 1070
1035 1535 1070
1533 2033 1068
3791 4291 1068
3551 4051 1068
772 1272 1066
3640 4140 1066
1460 1960 1066
3699 4199 1066
2406 2906 1066
3372 3872 1066
1282 1782 1064
3633 4133 1064
3924 4424 1064
2841 3341 1064
3907 4407 1062
931 1431 1060
3685 4185 1060
2566 3066 1060
3103 3603 1058
3174 3674 1058
2207 2707 1054
3740 4240 1052
3949 4449 1052
3617 4117 1050
3246 3746 1048
258 758 1048
2158 2658 1048
3959 4459 1046
3630 4130 1046
3789 4289 1046
295 795 1042
3965 4465 1042
2076 2576 1042
1647 2147 1040
2680 3180 1040
3016 3516 1038
3310 3810 1038
3861 4361 1038
3429 3929 1038
2973 3473 1038
3510 4010 1038
2342 2842 1036
3717 4217 1036
3847 4347 1034
1282 1782 1034
3814 4314 1034
3954 4454 1032
3377 3877 1032
2982 3482 1028
2232 2732 1028
351 851 1028
3607 4107 1028
3856 4356 1026
3308 3808 1026
2702 3202 1026
1253 1753 1026
2118 2618 1026
2429 2929 1022
2545 3045 1022
2275 2775 1020
313 813 1020
3627 4127 1020
1695 2195 1020
3096 3596 1020
3618 4118 1018
3595 4095 1018
2405 2905 1014
2444 2944 1014
1999 2499 1014
3388 3888 1012
143 643 1012
3832 4332 1010
3897 4397 1006
3367 3867 1006
16 516 1006
3733 4233 1002
1795 2295 1002
1021 1521 1002
798 1298 1002
2393 2893 998
2694 3194 996
3744 4244 994
3842 4342 994
3486 3986 994
1967 2467 994
3090 3590 992
1051 1551 990
1981 2481 990
3901 4401 988
3749 4249 988
3287 3787 988
3641 4141 988
3847 4347 988
3385 3885 988
3890 4390 986
3814 4314 986
3903 4403 986
1281 1781 984
1976 2476 984
3923 4423 984
3739 4239 984
3786 4286 982
3491 3991 982
2467 2967 982
2606 3106 980
2330 2830 980
3233 3733 980
1832 2332 978
3169 3669 978
2492 2992 972
3449 3949 972
3997 4497 970
3157 3657 970
3702 4202 968
807 1307 968
3281 3781 966
3741 4241 966
685 1185 964
3615 4115 964
3954 4454 964
244 744 962
927 1427 962
1766 2266 962
2741 3241 960
1139 1639 960
3683 4183 960
2626 3126 960
2182 2682 958
887 1387 958
3686 4186 958
2054 2554 958
2291 2791 956
3718 4218 956
2613 3113 954
3123 3623 954
3585 4085 954
1520 2020 952
1695 2195 952
3636 4136 948
3613 4113 944
1090 1590 942
1984 2484 942
3349 3849 940
1534 2034 938
3983 4483 938
3116 3616 938
2485 2985 936
1661 2161 936
2369 2869 934
3343 3843 930
2060 2560 930
2141 2641 930
2620 3120 930
3198 3698 928
344 844 928
2146 2646 926
3831 4331 926
4007 4507 926
2146 2646 926
3767 4267 926
1735 2235 924
3507 4007 924
2190 2690 924
3630 4130 922
2578 3078 922
2927 3427 920
1892 2392 918
2612 3112 918
3997 4497 916
3286 3786 916
4025 4525 916
3945 4445 916
4010 4510 916
3799 4299 914
1622 2122 914
630 1130 914
3533 4033 912
3832 4332 912
3999 4499 910
3149 3649 908
3167 3667 908
3954 4454 906
2236 2736 906
1926 2426 904
3792 4292 904
692 1192 902
3537 4037 902
3008 3508 902
2258 2758 902
2847 3347 900
3187 3687 898
54 554 898
3914 4414 898
291 791 896
3690 4190 896
4003 4503 888
3141 3641 886
244 744 886
2252 2752 886
3550 4050 886
3676 4176 884
3549 4049 884
2845 3345 882
3054 3554 882
1352 1852 882
1582 2082 882
4038 4538 882
3077 3577 880
3281 3781 878
2976 3476 878
3666 4166 876
3105 3605 876
3104 3604 872
3553 4053 872
3640 4140 872
2663 3163 866
1739 2239 864
3581 4081 862
525 1025 862
3330 3830 862
3923 4423 862
3516 4016 860
2898 3398 856
1119 1619 856
3441 3941 856
1592 2092 854
3060 3560 854
3500 4000 854
2445 2945 852
3786 4286 852
1930 2430 852
2239 2739 852
3945 4445 850
1818 2318 846
3933 4433 844
3420 3920 844
1537 2037 844
3972 4472 842
2773 3273 840
3901 4401 840
3762 4262 840
3988 4488 838
323 823 838
2177 2677 838
346 846 836
1633 2133 836
3786 4286 834
4060 4560 834
466 966 834
2459 2959 834
2851 3351 832
3120 3620 832
4031 4531 830
2841 3341 830
3554 4054 828
2355 2855 828
328 828 828
3140 3640 826
3307 3807 824
1386 1886 824
1775 2275 824
3729 4229 822
3847 4347 822
3759 4259 822
2548 3048 822
2822 3322 820
4086 4586 820
2030 2530 820
1368 1868 820
4054 4554 820
3903 4403 818
3261 3761 816
3963 4463 816
3127 3627 814
2801 3301 814
2972 3472 814
3984 4484 814
4018 4518 812
3197 3697 812
3924 4424 810
3287 3787 810
2798 3298 810
2460 2960 810
978 1478 810
3813 4313 808
3326 3826 808
798 1298 808
2572 3072 808
2968 3468 808
3405 3905 808
3741 4241 806
2585 3085 804
3335 3835 804
3070 3570 800
3988 4488 800
4094 4594 800
3786 4286 800
1950 2450 800
3767 4267 800
1817 2317 796
2684 3184 796
2031 2531 796
3754 4254 796
1300 1800 794
2254 2754 794
4092 4592 792
3790 4290 792
1205 1705 790
2685 3185 790
3177 3677 790
1654 2154 788
2374 2874 788
4074 4574 786
3360 3860 786
3998 4498 786
3631 4131 784
2373 2873 784
1785 2285 784
3107 3607 784
2515 3015 782
3512 4012 780
3385 3885 778
59 559 778
2429 2929 776
2226 2726 776
3899 4399 776
318 818 776
4099 4599 774
3864 4364 774
782 1282 772
3718 4218 772
3159 3659 772
1427 1927 772
613 1113 772
3156 3656 770
3223 3723 764
1184 1684 764
3460 3960 758
1425 1925 758
1350 1850 756
3757 4257 756
2877 3377 756
3325 3825 754
3573 4073 752
3728 4228 752
475 975 752
2315 2815 750
2715 3215 750
4123 4623 750
3467 3967 750
4107 4607 750
3819 4319 748
3102 3602 748
3814 4314 748
3978 4478 746
2863 3363 746
690 1190 744
3548 4048 744
658 1158 744
1029 1529 742
3585 4085 742
2516 3016 740
2968 3468 740
3386 3886 738
4027 4527 736
1954 2454 736
3313 3813 732
3164 3664 730
3921 4421 730
2227 2727 730
4124 4624 728
3785 4285 728
4107 4607 728
3390 3890 728
3889 4389 726
3109 3609 724
3386 3886 724
1630 2130 724
1437 1937 724
3188 3688 722
1447 1947 722
2542 3042 722
1503 2003 722
4113 4613 722
2514 3014 722
1063 1563 722
2579 3079 718
3233 3733 718
3465 3965 718
1743 2243 716
2810 3310 716
2800 3300 714
2536 3036 714
885 1385 714
946 1446 714
3915 4415 712
2321 2821 712
93 593 710
1914 2414 706
3585 4085 706
191 691 702
4014 4514 700
3414 3914 700
3957 4457 700
3721 4221 698
3940 4440 698
3859 4359 696
2959 3459 694
2882 3382 694
4011 4511 694
4122 4622 692
329 829 692
3481 3981 692
3931 4431 690
242 742 688
1593 2093 688
2703 3203 688
1635 2135 686
577 1077 686
4127 4627 684
623 1123 682
3127 3627 682
4118 4618 682
2626 3126 682
3000 3500 682
2296 2796 680
3977 4477 680
3938 4438 678
3815 4315 678
3667 4167 676
1039 1539 676
998 1498 674
4120 4620 674
467 967 672
1522 2022 672
3845 4345 672
2221 2721 670
3873 4373 670
2481 2981 670
3106 3606 670
2859 3359 668
3990 4490 668
617 1117 666
4015 4515 666
2654 3154 664
647 1147 664
3817 4317 662
3405 3905 662
2258 2758 662
3504 4004 660
3678 4178 660
3518 4018 660
3315 3815 658
3332 3832 658
2595 3095 656
1790 2290 656
4015 4515 656
3722 4222 656
98 598 654
1743 2243 654
3962 4462 654
1656 2156 650
3920 4420 650
3179 3679 650
3136 3636 650
3264 3764 650
2360 2860 650
3997 4497 648
3931 4431 648
3234 3734 646
4163 4663 646
154 654 646
1046 1546 644
3925 4425 642
2212 2712 642
4156 4656 642
1983 2483 642
2092 2592 640
2917 3417 640
3702 4202 638
3770 4270 638
2387 2887 636
4003 4503 636
3396 3896 636
3286 3786 634
3587 4087 634
2636 3136 634
3326 3826 632
3856 4356 632
2755 3255 632
3960 4460 628
3789 4289 626
1115 1615 626
4100 4600 624
10 510 624
3464 3964 624
1568 2068 624
3628 4128 622
4047 4547 622
3954 4454 622
3576 4076 620
4099 4599 618
3023 3523 618
2025 2525 616
1741 2241 616
1250 1750 614
3824 4324 612
2315 2815 612
1946 2446 610
1297 1797 610
2251 2751 610
530 1030 610
4107 4607 608
3727 4227 608
4049 4549 608
922 1422 608
4017 4517 606
4145 4645 606
1535 2035 606
3836 4336 606
1387 1887 604
2080 2580 604
918 1418 602
3645 4145 602
3773 4273 602
315 815 600
3075 3575 600
3737 4237 600
3445 3945 598
620 1120 598
4091 4591 598
3297 3797 598
43 543 596
4199 4699 596
3813 4313 596
4145 4645 594
3739 4239 594
2992 3492 594
3907 4407 594
3407 3907 592
3223 3723 592
2140 2640 592
2013 2513 590
3991 4491 590
731 1231 590
3840 4340 590
3040 3540 588
3604 4104 588
2628 3128 586
1202 1702 584
3384 3884 582
3395 3895 582
3448 3948 578
3996 4496 578
1037 1537 578
3887 4387 576
4159 4659 574
207 707 574
3299 3799 574
3028 3528 574
4114 4614 574
2735 3235 572
1977 2477 572
372 872 570
374 874 570
2199 2699 570
2141 2641 570
2100 2600 568
4148 4648 566
3975 4475 562
864 1364 562
2880 3380 560
3928 4428 560
3397 3897 560
74 574 560
4042 4542 560
3822 4322 558
3676 4176 556
4205 4705 556
3062 3562 554
2921 3421 552
3374 3874 552
4033 4533 550
1033 1533 550
3582 4082 548
2331 2831 548
3186 3686 546
3961 4461 546
4142 4642 546
3608 4108 542
3571 4071 542
4136 4636 540
4041 4541 540
3960 4460 540
3459 3959 540
1939 2439 538
3322 3822 538
3631 4131 538
1780 2280 536
3413 3913 536
2539 3039 534
3426 3926 532
4212 4712 532
3914 4414 532
4227 4727 532
4019 4519 532
3273 3773 530
2548 3048 530
2069 2569 530
3942 4442 528
1792 2292 528
4208 4708 528
3584 4084 528
2635 3135 526
4162 4662 526
4182 4682 526
1669 2169 526
3784 4284 524
4164 4664 524
321 821 520
4114 4614 520
4053 4553 520
1800 2300 518
4145 4645 518
3901 4401 518
2935 3435 518
3052 3552 518
3983 4483 518
4238 4738 518
3337 3837 518
1978 2478 516
3891 4391 514
1897 2397 514
4000 4500 512
2457 2957 512
3196 3696 512
3732 4232 510
4043 4543 508
2932 3432 508
4174 4674 508
3605 4105 506
4230 4730 504
4025 4525 504
2248 2748 502
4177 4677 502
3720 4220 502
2448 2948 502
1587 2087 500
3251 3751 500
3083 3583 500
4081 4581 500
1212 1712 498
4176 4676 498
2711 3211 496
3823 4323 496
2744 3244 496
4234 4734 494
2283 2783 494
3655 4155 494
4191 4691 492
338 838 492
4002 4502 492
3843 4343 490
2790 3290 490
4175 4675 490
1357 1857 488
1194 1694 488
3640 4140 488
3785 4285 488
3402 3902 488
3409 3909 488
3027 3527 488
1635 2135 488
1814 2314 486
3058 3558 486
2035 2535 486
3145 3645 484
4177 4677 484
532 1032 484
3578 4078 484
1312 1812 482
4255 4755 482
2417 2917 482
4041 4541 480
3917 4417 480
3710 4210 480
3500 4000 478
1028 1528 478
3666 4166 478
2534 3034 478
4149 4649 478
4055 4555 476
2415 2915 476
3943 4443 476
3672 4172 476
3985 4485 474
1639 2139 474
3847 4347 472
340 840 472
3543 4043 472
4118 4618 472
4107 4607 472
4141 4641 470
2295 2795 470
4063 4563 470
4225 4725 470
4225 4725 468
2972 3472 468
4187 4687 468
4033 4533 466
3321 3821 466
4044 4544 462
2580 3080 462
2390 2890 462
4253 4753 460
4202 4702 460
3995 4495 458
3813 4313 456
1788 2288 456
2266 2766 456
3433 3933 456
4039 4539 454
2565 3065 452
527 1027 452
1053 1553 448
825 1325 446
3156 3656 446
90 590 446
3635 4135 444
4240 4740 444
2754 3254 444
3606 4106 444
4250 4750 444
4227 4727 444
3462 3962 442
2281 2781 442
2011 2511 442
3694 4194 442
3728 4228 440
2634 3134 440
398 898 440
1591 2091 440
1390 1890 440
3968 4468 438
3283 3783 438
2496 2996 438
3267 3767 438
3413 3913 438
2572 3072 436
3441 3941 436
172 672 436
2611 3111 436
1725 2225 434
2181 2681 432
3739 4239 432
1611 2111 430
4277 4777 430
4001 4501 430
3968 4468 430
3639 4139 428
2618 3118 428
1600 2100 428
2105 2605 428
530 1030 426
3954 4454 426
3906 4406 424
4081 4581 424
3251 3751 424
3779 4279 422
5 505 422
3532 4032 422
2374 2874 420
3753 4253 420
3283 3783 420
4251 4751 420
4053 4553 420
3813 4313 420
3337 3837 420
4193 4693 418
4128 4628 418
4251 4751 418
3470 3970 418
3835 4335 416
4249 4749 416
210 710 416
92 592 416
4255 4755 414
1115 1615 414
1552 2052 414
3761 4261 414
4212 4712 414
3973 4473 412
4150 4650 412
1264 1764 412
3288 3788 412
3654 4154 412
2871 3371 412
4122 4622 410
3856 4356 410
1268 1768 410
4174 4674 410
3885 4385 408
2956 3456 408
4254 4754 408
3527 4027 408
3463 3963 406
120 620 406
4091 4591 404
3309 3809 402
1688 2188 400
3885 4385 400
4289 4789 398
3444 3944 398
998 1498 398
4007 4507 398
4289 4789 396
3726 4226 396
2195 2695 394
4248 4748 392
4057 4557 392
4264 4764 392
3664 4164 390
3923 4423 390
4121 4621 390
4287 4787 388
3372 3872 386
4119 4619 386
2042 2542 386
3297 3797 386
1710 2210 386
4292 4792 386
4238 4738 384
1539 2039 384
3614 4114 384
3733 4233 384
4023 4523 382
3962 4462 380
3532 4032 380
3920 4420 380
2052 2552 380
2819 3319 380
3274 3774 380
3519 4019 380
3703 4203 378
1574 2074 378
2785 3285 378
3370 3870 378
3511 4011 376
3567 4067 376
2704 3204 376
2660 3160 376
2424 2924 376
4265 4765 374
828 1328 374
4103 4603 374
1439 1939 374
2705 3205 372
313 813 372
4304 4804 372
4266 4766 372
3471 3971 372
3556 4056 372
4037 4537 372
4303 4803 370
2957 3457 370
3612 4112 368
1938 2438 368
2827 3327 368
2115 2615 368
4012 4512 366
2571 3071 364
3825 4325 364
568 1068 364
3884 4384 362
2002 2502 362
2368 2868 362
3468 3968 362
3157 3657 362
401 901 360
3387 3887 360
515 1015 360
1716 2216 360
1806 2306 360
4071 4571 360
2854 3354 358
3884 4384 358
3850 4350 356
4136 4636 356
1876 2376 354
4317 4817 334
3863 4363 352
4201 4701 352
2889 3389 350
537 1037 350
768 1268 348
2978 3478 348
4123 4623 346
2213 2713 344
986 1486 344
4195 4695 344
1238 1738 344
1284 1784 342
2881 3381 342
4080 4580 342
2397 2897 342
571 1071 342
4235 4735 340
4291 4791 340
4222 4722 340
4176 4676 340
2841 3341 340
4253 4753 338
2593 3093 338
4245 4745 338
1946 2446 336
1114 1614 336
4038 4538 336
4216 4716 336
4253 4753 336
3823 4323 334
4208 4708 332
3239 3739 332
559 1059 332
893 1393 330
3157 3657 330
4310 4810 330
4291 4791 330
4224 4724 330
4057 4557 330
3437 3937 330
3910 4410 328
4211 4711 328
1728 2228 328
1918 2418 328
3414 3914 328
4162 4662 328
3889 4389 326
4283 4783 326
3412 3912 326
4108 4608 326
2843 3343 326
2189 2689 326
4081 4581 324
606 1106 324
2772 3272 324
3345 3845 324
4063 4563 322
3769 4269 322
3470 3970 320
4186 4686 320
4151 4651 320
4321 4821 320
2289 2789 318
4212 4712 318
4329 4829 292
3441 3941 318
4112 4612 318
4057 4557 318
2380 2880 316
4243 4743 316
3389 3889 316
3230 3730 316
3153 3653 316
3790 4290 314
3344 3844 314
4211 4711 314
3230 3730 314
4173 4673 312
4207 4707 312
3933 4433 312
4090 4590 312
3874 4374 312
3912 4412 312
2495 2995 310
3614 4114 310
3225 3725 308
3808 4308 308
2059 2559 308
1662 2162 306
1098 1598 306
4268 4768 306
3138 3638 304
3176 3676 298
2944 3444 296
4200 4700 296
4261 4761 296
3714 4214 296
4183 4683 296
3704 4204 294
250 750 294
2633 3133 294
985 1485 292
1470 1970 292
1148 1648 292
3195 3695 292
2611 3111 292
4009 4509 290
3875 4375 290
4207 4707 290
3160 3660 290
3544 4044 288
4309 4809 288
3934 4434 286
4180 4680 286
964 1464 284
2272 2772 284
4199 4699 284
899 1399 284
4178 4678 284
4353 4853 216
4247 4747 284
4276 4776 284
3153 3653 284
1478 1978 282
4120 4620 282
2837 3337 282
3138 3638 282
4205 4705 282
1975 2475 280
4299 4799 280
3812 4312 280
3419 3919 278
2002 2502 278
1509 2009 278
3981 4481 278
1143 1643 278
2913 3413 278
4186 4686 278
4285 4785 276
3633 4133 276
3351 3851 276
4160 4660 274
4349 4849 228
4050 4550 274
4143 4643 272
4357 4857 204
3531 4031 270
3322 3822 270
3925 4425 268
1129 1629 268
4107 4607 268
1925 2425 268
1972 2472 266
1198 1698 266
4351 4851 222
4118 4618 264
3936 4436 264
3676 4176 264
4312 4812 264
4354 4854 213
4367 4867 176
4322 4822 262
4362 4862 190
3773 4273 262
3752 4252 260
3322 3822 260
3559 4059 260
991 1491 260
4324 4824 260
4243 4743 260
4165 4665 260
3665 4165 260
3511 4011 260
4359 4859 198
3747 4247 256
3437 3937 254
3619 4119 254
741 1241 254
4366 4866 179
3202 3702 254
4076 4576 254
822 1322 252
3491 3991 252
2975 3475 252
334 834 252
4265 4765 250
4130 4630 250
4251 4751 250
3637 4137 250
4074 4574 248
2132 2632 248
3877 4377 248
4243 4743 246
4308 4808 246
3520 4020 244
4136 4636 244
4308 4808 244
3870 4370 244
2804 3304 242
3554 4054 240
1765 2265 240
4118 4618 240
1111 1611 240
145 645 240
3843 4343 238
3378 3878 238
1489 1989 238
4326 4826 236
4287 4787 234
4373 4873 161
1932 2432 234
4202 4702 234
4341 4841 232
4249 4749 232
3082 3582 232
3996 4496 232
4346 4846 232
4104 4604 232
4380 4880 144
3802 4302 230
4320 4820 230
3927 4427 230
4235 4735 230
2691 3191 230
1687 2187 230
3582 4082 230
3664 4164 230
4378 4878 148
4356 4856 207
1959 2459 228
2077 2577 228
4224 4724 228
4095 4595 226
4327 4827 226
4302 4802 226
1956 2456 226
3430 3930 224
2308 2808 224
3315 3815 222
4256 4756 222
4040 4540 222
2176 2676 220
1588 2088 220
3886 4386 220
4041 4541 220
3405 3905 218
4314 4814 218
1337 1837 218
4204 4704 216
4372 4872 163
3911 4411 216
4303 4803 216
3891 4391 214
4278 4778 214
4092 4592 214
923 1423 214
3441 3941 212
3815 4315 212
754 1254 212
4281 4781 212
3997 4497 212
4378 4878 148
3153 3653 210
4170 4670 210
1898 2398 210
2505 3005 210
4308 4808 210
1914 2414 208
3418 3918 208
3677 4177 208
2411 2911 208
3535 4035 208
526 1026 206
4178 4678 206
2850 3350 206
4397 4897 106
3502 4002 204
2775 3275 204
2926 3426 204
3026 3526 202
3388 3888 202
4395 4895 110
2786 3286 202
4372 4872 163
3458 3958 200
4301 4801 200
4387 4887 127
4024 4524 198
4292 4792 198
412 912 198
4170 4670 198
3917 4417 198
4133 4633 198
1931 2431 198
4305 4805 196
3601 4101 196
4065 4565 196
3992 4492 196
3315 3815 196
4257 4757 196
4363 4863 187
3958 4458 194
1558 2058 194
4280 4780 194
2603 3103 194
3587 4087 194
439 939 194
2199 2699 192
3879 4379 192
3021 3521 192
3239 3739 192
1652 2152 192
4400 4900 100
4247 4747 192
1106 1606 192
3638 4138 192
4072 4572 190
4007 4507 190
4274 4774 190
3978 4478 190
4108 4608 190
1328 1828 188
3712 4212 188
4328 4828 188
4168 4668 188
4228 4728 186
11 511 186
3899 4399 186
4003 4503 182
1926 2426 182
4383 4883 136
3013 3513 182
2726 3226 182
4233 4733 182
3806 4306 182
2023 2523 180
2802 3302 180
3886 4386 180
3631 4131 180
4348 4848 180
1190 1690 178
4269 4769 178
4364 4864 178
2566 3066 176
4382 4882 139
3081 3581 174
4038 4538 174
4182 4682 172
4373 4873 161
4350 4850 172
832 1332 172
4325 4825 170
4075 4575 170
4271 4771 170
3983 4483 170
1489 1989 170
4398 4898 104
3716 4216 168
4399 4899 102
1984 2484 168
4077 4577 166
1839 2339 166
4382 4882 139
3245 3745 166
3937 4437 166
4299 4799 166
4002 4502 164
1887 2387 164
2868 3368 164
4178 4678 164
3221 3721 164
4409 4909 82
4260 4760 162
4162 4662 162
3819 4319 162
4122 4622 162
4381 4881 141
1504 2004 162
2811 3311 162
4394 4894 112
3879 4379 160
4391 4891 118
4237 4737 160
3603 4103 158
3243 3743 156
4400 4900 100
1868 2368 154
4416 4916 70
192 692 154
4025 4525 154
4328 4828 152
154 654 152
4310 4810 150
4403 4903 94
4412 4912 77
4255 4755 148
1378 1878 148
1852 2352 146
4278 4778 146
4366 4866 146
1034 1534 144
1067 1567 144
403 903 144
3887 4387 144
4319 4819 142
4261 4761 142
4080 4580 140
2250 2750 140
4388 4888 125
4411 4911 79
3350 3850 138
3805 4305 138
3613 4113 138
4359 4859 138
4158 4658 138
4272 4772 138
4386 4886 129
2089 2589 136
3162 3662 136
4279 4779 134
3743 4243 134
312 812 134
2498 2998 134
2870 3370 132
4378 4878 132
2784 3284 132
3326 3826 132
2386 2886 130
4430 4930 49
619 1119 128
2192 2692 128
1765 2265 128
4375 4875 128
2860 3360 126
4412 4912 77
3452 3952 126
2513 3013 124
3810 4310 124
4162 4662 124
1120 1620 122
1824 2324 122
4434 4934 43
1926 2426 122
4253 4753 122
4433 4933 44
4407 4907 86
4077 4577 120
3931 4431 120
1708 2208 118
4372 4872 118
4386 4886 118
4414 4914 73
2068 2568 116
4139 4639 116
3003 3503 116
4334 4834 114
2776 3276 114
4425 4925 56
4264 4764 112
3041 3541 112
2884 3384 112
4368 4868 112
2497 2997 112
2777 3277 110
4330 4830 110
3634 4134 110
4219 4719 110
3196 3696 108
4406 4906 88
4330 4830 108
4138 4638 106
1980 2480 106
4379 4879 106
4357 4857 104
4293 4793 104
1870 2370 104
4267 4767 102
4432 4932 46
2209 2709 102
2676 3176 100
4426 4926 54
1126 1626 98
4167 4667 96
4337 4837 96
4295 4795 96
4396 4896 96
4370 4870 96
2332 2832 96
4379 4879 96
3237 3737 96
4445 4945 30
3006 3506 94
3917 4417 94
2971 3471 94
2707 3207 94
4135 4635 92
3876 4376 92
3839 4339 92
2897 3397 92
4322 4822 92
4317 4817 92
3806 4306 90
4454 4954 21
3900 4400 90
454 954 88
4333 4833 88
4352 4852 88
3889 4389 88
4443 4943 32
4223 4723 86
2504 3004 86
4226 4726 86
4449 4949 26
4408 4908 84
4117 4617 86
4385 4885 86
625 1125 84
3663 4163 84
1547 2047 84
2876 3376 84
4456 4956 19
4334 4834 84
3084 3584 84
601 1101 84
4012 4512 82
1355 1855 82
3706 4206 82
2067 2567 82
1363 1863 80
4300 4800 80
3544 4044 80
4409 4909 80
2671 3171 80
3950 4450 80
3201 3701 80
4408 4908 80
3127 3627 80
4442 4942 33
272 772 78
4448 4948 27
3404 3904 76
4202 4702 76
2486 2986 74
1693 2193 74
2151 2651 74
4367 4867 74
4416 4916 70
1044 1544 74
4077 4577 74
4068 4568 74
4304 4804 72
4427 4927 53
3829 4329 72
4309 4809 72
4463 4963 13
3015 3515 72
895 1395 72
4408 4908 70
4343 4843 70
2075 2575 70
4396 4896 70
427 927 70
4407 4907 70
1286 1786 70
4373 4873 70
4456 4956 19
1510 2010 68
4103 4603 68
4400 4900 68
4073 4573 68
4426 4926 54
4308 4808 66
4133 4633 66
4032 4532 66
4453 4953 22
4282 4782 64
4307 4807 64
1018 1518 64
4363 4863 64
3823 4323 62
4450 4950 25
4299 4799 62
4273 4773 60
4226 4726 60
4306 4806 60
4088 4588 60
3707 4207 58
3636 4136 58
4320 4820 58
4226 4726 58
4468 4968 10
4404 4904 56
2924 3424 56
4178 4678 56
563 1063 56
4460 4960 16
887 1387 54
4112 4612 54
4117 4617 54
4467 4967 10
2570 3070 54
3977 4477 54
3820 4320 54
4425 4925 54
4462 4962 14
3568 4068 54
4429 4929 50
4432 4932 46
4445 4945 30
4464 4964 12
4007 4507 52
1909 2409 52
3315 3815 52
4022 4522 50
4048 4548 50
4463 4963 13
4462 4962 14
4397 4897 48
3468 3968 48
4405 4905 48
4476 4976 5
4464 4964 12
3228 3728 46
4133 4633 46
3277 3777 44
4392 4892 44
3336 3836 42
2037 2537 42
4256 4756 42
3292 3792 42
4438 4938 38
3154 3654 42
4354 4854 42
3905 4405 42
4463 4963 13
1832 2332 42
4476 4976 5
4390 4890 40
2057 2557 40
3763 4263 40
4466 4966 11
4464 4964 12
2864 3364 40
3725 4225 38
3313 3813 38
3168 3668 38
4457 4957 18
4032 4532 38
4479 4979 4
3307 3807 36
4369 4869 36
4471 4971 8
3270 3770 36
3387 3887 34
4475 4975 6
3961 4461 34
4258 4758 34
3752 4252 30
4457 4957 18
4247 4747 30
681 1181 30
4484 4984 2
3514 4014 28
573 1073 28
4410 4910 28
4415 4915 28
4485 4985 2
2563 3063 28
4473 4973 7
3174 3674 28
4290 4790 26
1285 1785 26
4183 4683 26
4481 4981 3
4456 4956 19
4463 4963 13
2027 2527 24
4377 4877 24
4481 4981 3
3871 4371 24
4471 4971 8
4328 4828 22
4114 4614 20
4246 4746 20
2303 2803 20
4478 4978 4
3201 3701 20
4482 4982 3
4283 4783 20
4423 4923 20
4308 4808 18
3485 3985 18
4154 4654 18
4400 4900 18
4480 4980 4
1297 1797 16
4102 4602 16
4347 4847 16
4491 4991 0
4466 4966 11
4484 4984 2
4083 4583 14
3283 3783 14
4308 4808 14
4282 4782 14
1786 2286 12
4316 4816 12
4338 4838 12
2567 3067 12
3821 4321 12
4213 4713 12
4424 4924 12
4409 4909 12
4493 4993 0
4373 4873 12
4487 4987 1
4490 4990 1
4387 4887 12
370 870 12
4388 4888 10
413 913 10
4478 4978 4
4464 4964 10
2683 3183 8
4252 4752 8
4465 4965 8
4441 4941 8
4484 4984 2
3295 3795 8
4145 4645 6
1115 1615 6
3748 4248 6
4488 4988 1
4493 4993 0
4139 4639 6
4492 4992 0
4485 4985 2
4390 4890 4
3612 4112 4
4426 4926 4
3099 3599 4
4309 4809 4
180 680 4
4470 4970 4
4422 4922 4
4319 4819 4
2042 2542 4
3994 4494 4
4496 4996 0
4495 4995 0
4375 4875 2
4467 4967 2
4496 4996 0
4497 4997 0
4567 5000 0
4772 5000 0
4649 5000 0
4605 5000 0
4828 5000 0
4595 5000 0
4531 5000 0
4842 5000 0
4772 5000 0
4981 5000 0
4592 5000 0
4851 5000 0
4514 5000 0
4984 5000 0
4829 5000 0
4773 5000 0
4719 5000 0
4824 5000 0
4796 5000 0
4576 5000 0
4746 5000 0
4674 5000 0
4812 5000 0
4537 5000 0
4812 5000 0
4662 5000 0
4692 5000 0
4642 5000 0
4981 5000 0
4689 5000 0
4941 5000 0
4807 5000 0
4589 5000 0
4888 5000 0
4981 5000 0
4861 5000 0
4684 5000 0
4991 5000 0
4790 5000 0
4770 5000 0
4662 5000 0
4523 5000 0
4740 5000 0
4920 5000 0
4886 5000 0
4983 5000 0
4549 5000 0
4810 5000 0
4658 5000 0
4663 5000 0
4680 5000 0
4777 5000 0
4621 5000 0
4710 5000 0
4984 5000 0
4727 5000 0
4714 5000 0
4694 5000 0
4570 5000 0
4993 5000 0
4826 5000 0
4618 5000 0
4810 5000 0
4503 5000 0
4656 5000 0
4949 5000 0
4984 5000 0
4984 5000 0
4796 5000 0
4676 5000 0
4846 5000 0
4538 5000 0
4575 5000 0
4561 5000 0
4547 5000 0
4503 5000 0
4589 5000 0
4944 5000 0
4602 5000 0
4612 5000 0
4649 5000 0
4954 5000 0
4479 4979 0
4812 5000 0
4597 5000 0
4761 5000 0
4621 5000 0
4884 5000 0
4714 5000 0
4871 5000 0
4861 5000 0
4983 5000 0
4890 5000 0
4612 5000 0
4892 5000 0
4534 5000 0
4734 5000 0
4944 5000 0
4561 5000 0
4831 5000 0
4500 5000 0
4512 5000 0
4667 5000 0
4750 5000 0
4951 5000 0
4572 5000 0
4832 5000 0
4569 5000 0
4961 5000 0
4698 5000 0
4662 5000 0
4929 5000 0
4738 5000 0
4631 5000 0
4630 5000 0
4594 5000 0
4610 5000 0
4707 5000 0
4541 5000 0
4798 5000 0
4825 5000 0
4962 5000 0
4886 5000 0
4973 5000 0
4626 5000 0
4609 5000 0
4685 5000 0
4651 5000 0
4909 5000 0
4662 5000 0
4525 5000 0
4512 5000 0
4658 5000 0
4992 5000 0
4854 5000 0
4741 5000 0
4747 5000 0
4538 5000 0
4959 5000 0
4916 5000 0
4991 5000 0
4521 5000 0
4722 5000 0
4656 5000 0
4597 5000 0
4844 5000 0
4682 5000 0
4632 5000 0
4751 5000 0
4914 5000 0
4784 5000 0
4979 5000 0
4875 5000 0
4754 5000 0
4535 5000 0
4823 5000 0
4871 5000 0
4558 5000 0
4880 5000 0
4752 5000 0
4813 5000 0
4739 5000 0
4693 5000 0
4701 5000 0
4594 5000 0
4774 5000 0
4761 5000 0
4527 5000 0
4579 5000 0
4701 5000 0
4976 5000 0
4790 5000 0
4579 5000 0
4958 5000 0
4745 5000 0
4524 5000 0
4625 5000 0
4894 5000 0
4807 5000 0
4784 5000 0
4913 5000 0
4954 5000 0
4748 5000 0
4884 5000 0
4712 5000 0
4697 5000 0
4671 5000 0
4710 5000 0
4782 5000 0
4902 5000 0
4910 5000 0
4592 5000 0
4717 5000 0
4719 5000 0
4925 5000 0
4699 5000 0
4762 5000 0
4608 5000 0
4640 5000 0
4702 5000 0
4499 4999 0
3894 4394 0
4848 5000 0
4956 5000 0
4954 5000 0
4574 5000 0
4679 5000 0
4665 5000 0
4580 5000 0
4774 5000 0
4987 5000 0
4627 5000 0
4995 5000 0
4723 5000 0
4797 5000 0
4834 5000 0
4623 5000 0
4556 5000 0
4522 5000 0
4607 5000 0
4749 5000 0
4613 5000 0
4646 5000 0
4555 5000 0
4685 5000 0
4707 5000 0
4642 5000 0
4587 5000 0
4812 5000 0
4636 5000 0
4686 5000 0
4748 5000 0
4712 5000 0
4723 5000 0
4570 5000 0
4835 5000 0
4724 5000 0
4897 5000 0
4946 5000 0
4946 5000 0
4780 5000 0
4986 5000 0
4859 5000 0
4537 5000 0
4740 5000 0
4993 5000 0
4673 5000 0
4945 5000 0
4889 5000 0
4516 5000 0
4688 5000 0
4632 5000 0
4589 5000 0
4858 5000 0
4657 5000 0
4781 5000 0
4616 5000 0
4564 5000 0
4973 5000 0
4644 5000 0
4999 5000 0
4860 5000 0
4812 5000 0
4827 5000 0
4646 5000 0
4843 5000 0
4836 5000 0
4537 5000 0
4539 5000 0
4783 5000 0
4614 5000 0
4898 5000 0
4921 5000 0
4602 5000 0
4875 5000 0
4582 5000 0
4496 4996 0
4975 5000 0
4625 5000 0
4583 5000 0
4817 5000 0
4537 5000 0
4797 5000 0
4923 5000 0
4595 5000 0
4691 5000 0
4683 5000 0
4772 5000 0
4561 5000 0
4891 5000 0
4612 5000 0
4885 5000 0
4915 5000 0
4868 5000 0
4639 5000 0
4812 5000 0
4998 5000 0
4624 5000 0
4709 5000 0
4741 5000 0
4908 5000 0
4706 5000 0
4837 5000 0
4882 5000 0
4653 5000 0
4769 5000 0
4509 5000 0
4718 5000 0
4821 5000 0
4657 5000 0
4943 5000 0
4762 5000 0
4523 5000 0
4652 5000 0
4927 5000 0
4890 5000 0
4969 5000 0
4606 5000 0
4712 5000 0
4760 5000 0
4950 5000 0
4956 5000 0
4965 5000 0
4537 5000 0
4768 5000 0
4882 5000 0
4692 5000 0
4501 5000 0
4905 5000 0
4891 5000 0
4864 5000 0
4769 5000 0
4565 5000 0
4591 5000 0
4676 5000 0
4523 5000 0
4965 5000 0
4855 5000 0
4688 5000 0
4950 5000 0
4763 5000 0
4643 5000 0
4516 5000 0
4804 5000 0
4998 5000 0
4641 5000 0
4868 5000 0
4503 5000 0
4786 5000 0
4528 5000 0
4539 5000 0
4850 5000 0
4940 5000 0
4905 5000 0
4737 5000 0
4715 5000 0
4750 5000 0
4520 5000 0
4497 4997 0
4676 5000 0
3727 4227 0
4544 5000 0
4635 5000 0
4543 5000 0
4789 5000 0
4860 5000 0
1644 2144 0
4511 5000 0
4634 5000 0
4540 5000 0
4684 5000 0
4915 5000 0
4670 5000 0
4907 5000 0
4546 5000 0
4578 5000 0
4846 5000 0
4964 5000 0
4895 5000 0
4574 5000 0
4868 5000 0
4870 5000 0
4654 5000 0
4725 5000 0
4684 5000 0
4565 5000 0
4765 5000 0
4587 5000 0
4714 5000 0
4782 5000 0
4939 5000 0
4530 5000 0
4759 5000 0
4672 5000 0
4578 5000 0
4903 5000 0
4570 5000 0
4944 5000 0
4595 5000 0
4627 5000 0
4982 5000 0
4542 5000 0
4590 5000 0
4701 5000 0
4640 5000 0
4936 5000 0
4661 5000 0
4667 5000 0
4838 5000 0
4754 5000 0
4669 5000 0
4710 5000 0
4639 5000 0
4744 5000 0
4561 5000 0
4511 5000 0
4607 5000 0
4838 5000 0
4718 5000 0
4610 5000 0
4864 5000 0
4686 5000 0
4793 5000 0
4947 5000 0
4491 4991 0
4853 5000 0
4743 5000 0
4667 5000 0
4713 5000 0
4705 5000 0
4821 5000 0
4874 5000 0
4993 5000 0
4610 5000 0
4649 5000 0
4938 5000 0
4610 5000 0
4573 5000 0
4548 5000 0
4789 5000 0
4511 5000 0
4867 5000 0
4935 5000 0
4918 5000 0
4806 5000 0
4903 5000 0
4882 5000 0
4840 5000 0
4839 5000 0
4716 5000 0
4843 5000 0
4972 5000 0
4687 5000 0
4582 5000 0
4726 5000 0
4849 5000 0
4929 5000 0
4718 5000 0
4778 5000 0
4829 5000 0
4698 5000 0
4769 5000 0
4692 5000 0
4652 5000 0
4818 5000 0
4699 5000 0
4892 5000 0
4513 5000 0
4517 5000 0
4867 5000 0
4528 5000 0
4920 5000 0
4500 5000 0
4515 5000 0
4529 5000 0
