100 100 4.3589
20 10 81
19 9 82
13 3 94
12 2 96
26 16 70
15 5 90
33 23 59
34 24 57
41 31 47
31 21 62
28 18 67
17 7 86
25 15 72
13 3 94
22 12 77
47 37 39
49 39 37
57 47 28
21 11 79
37 27 53
48 38 38
28 18 67
19 9 82
37 27 53
28 18 67
48 38 38
53 43 32
58 48 27
59 49 26
43 33 44
66 56 19
61 51 24
76 66 11
34 24 57
56 46 29
75 65 12
72 62 14
26 16 60
74 64 12
35 25 56
57 47 28
60 50 25
58 48 27
42 32 46
17 7 46
13 3 42
74 64 12
48 38 36
16 6 34
43 33 34
73 63 13
35 25 32
78 68 10
77 67 10
82 72 7
91 81 3
65 55 20
83 73 7
91 81 3
86 76 5
92 82 3
95 85 2
70 60 16
18 8 22
91 81 3
19 9 22
84 74 6
38 28 20
46 36 20
89 79 4
80 70 9
89 79 4
78 68 10
94 84 2
12 2 14
96 86 1
94 84 2
94 84 2
84 74 6
52 42 10
21 11 10
59 49 10
104 94 0
103 93 0
71 61 8
105 95 0
63 53 6
85 75 4
56 46 4
41 31 4
104 94 0
103 93 0
101 91 0
98 88 0
102 92 0
109 99 0
94 84 0
81 71 0
110 100 0
110 100 0
