5000 5000 4.3589
4391 1 9926
3008 23 9920
2168 4 9912
4297 70 9856
108 23 9834
2805 116 9758
4375 94 9684
3958 47 9498
4371 244 9448
2554 114 9434
613 183 9410
2131 246 9400
1194 293 9378
4587 299 9326
4024 11 9276
3255 108 9260
4825 230 9214
2239 279 9212
30 200 9210
2080 238 9180
1122 357 9180
1412 132 9170
3204 155 9158
609 413 9130
2815 264 9110
4811 294 9108
753 441 9048
3996 184 9004
4728 40 8982
4227 51 8970
1615 1 8944
762 346 8914
2117 165 8904
2212 353 8894
3125 462 8870
225 414 8830
2764 502 8778
825 557 8776
2252 449 8774
1886 319 8758
862 591 8746
4559 601 8734
1630 84 8716
4070 24 8702
2831 207 8698
1470 652 8694
396 204 8642
1488 487 8616
4185 300 8604
3558 270 8590
4325 638 8586
3638 192 8580
4664 299 8564
3286 408 8556
2627 342 8556
1027 678 8548
4087 189 8546
3152 403 8542
4530 618 8540
1197 212 8534
3355 171 8522
633 590 8514
1680 287 8510
861 284 8506
3104 213 8502
4077 272 8494
4533 333 8492
1699 517 8486
3954 419 8438
2285 685 8400
691 131 8392
2927 704 8392
2874 566 8372
366 147 8364
1775 398 8360
4540 445 8358
1950 717 8348
2977 790 8346
4370 160 8334
121 317 8324
3872 403 8320
1875 793 8312
2335 17 8312
2235 583 8308
4366 482 8304
1872 486 8302
4503 798 8296
1827 359 8296
4458 253 8258
395 491 8250
3168 690 8244
4321 497 8236
1838 613 8234
1170 101 8228
3300 530 8228
1003 91 8224
2770 820 8216
808 289 8170
4349 305 8170
1637 902 8158
1200 182 8150
1497 778 8114
280 938 8094
2573 201 8074
2575 481 8066
1339 652 8064
2257 441 8060
3430 467 8056
2564 85 8052
505 489 8032
1449 314 8020
946 790 8010
4807 436 8008
3877 920 8002
3594 993 7996
4772 466 7996
976 846 7988
425 1005 7976
4783 194 7976
2118 642 7946
4568 125 7946
1713 760 7928
2592 616 7924
4794 510 7906
2614 901 7902
3932 649 7892
686 326 7892
2044 607 7884
4885 468 7880
1402 980 7880
1260 600 7874
1674 851 7872
2391 1046 7870
3925 906 7858
4160 821 7852
606 473 7838
848 34 7836
2951 1020 7834
4267 641 7828
4357 860 7810
2419 588 7796
2605 908 7782
1001 436 7776
4232 554 7766
447 75 7766
3693 366 7760
3318 473 7758
4396 1066 7754
3252 494 7752
4985 404 7752
4104 600 7746
4926 1035 7740
3633 70 7738
2086 286 7734
4424 930 7730
364 66 7722
4112 596 7714
2658 721 7702
2089 1130 7692
352 492 7686
3324 1142 7676
2323 982 7672
3310 982 7666
2404 194 7664
1847 355 7654
3098 850 7626
4012 334 7618
1184 1150 7610
4565 1199 7592
4749 723 7586
794 365 7582
3130 402 7582
4419 893 7572
2134 736 7572
1504 34 7566
633 1098 7556
3915 1219 7548
691 527 7544
3095 716 7534
3928 876 7532
2959 902 7528
2510 13 7526
2389 842 7516
709 220 7514
772 611 7510
4642 1098 7508
1845 48 7502
4142 678 7496
3751 767 7492
3758 59 7492
350 609 7482
2293 891 7468
386 294 7458
2036 853 7458
1532 513 7456
257 893 7446
4296 621 7424
1575 338 7404
4959 316 7380
3681 985 7380
1241 441 7380
3266 1110 7378
2193 512 7372
4227 285 7368
3037 844 7364
3098 207 7364
1954 537 7354
3374 1114 7350
2076 327 7350
533 1127 7350
2059 593 7346
3918 820 7324
136 947 7320
1620 739 7318
2378 57 7318
3695 1314 7306
548 74 7306
4459 566 7298
3297 787 7282
3193 1204 7280
2331 1140 7276
3914 1069 7272
3024 1283 7248
3937 447 7246
2080 1183 7246
4357 1054 7244
3436 1141 7234
4867 718 7218
803 1245 7212
4099 112 7210
4487 264 7206
4455 1220 7204
2077 63 7200
103 518 7180
4329 1338 7180
2564 927 7172
3380 143 7158
3426 773 7156
4446 1139 7134
4465 525 7134
1051 1417 7128
354 31 7128
2535 279 7118
3421 288 7114
1101 843 7110
3236 958 7102
4166 432 7098
2259 9 7094
2524 48 7094
924 89 7092
4321 1189 7086
271 492 7086
2097 1253 7084
4909 1128 7084
4874 920 7076
4181 821 7072
1274 1462 7070
1961 458 7064
3950 1083 7056
1754 1174 7056
2845 1070 7056
3101 1384 7040
1555 751 7038
656 933 7036
493 836 7036
2150 72 7034
4665 807 7014
4412 1406 7010
4086 645 7010
837 876 6990
1873 952 6986
4120 1117 6986
1519 1412 6968
586 286 6942
479 142 6932
3266 1250 6928
3642 753 6916
1534 248 6906
1005 874 6894
4860 1118 6894
4322 1545 6890
2020 327 6890
4312 1499 6886
201 327 6880
829 919 6876
4687 1307 6874
2801 55 6872
3071 804 6862
2286 882 6856
4130 994 6854
1603 1316 6848
3675 518 6846
408 928 6840
4068 61 6828
413 1315 6824
3745 1473 6822
1631 1408 6822
4269 1389 6816
1371 1149 6792
584 1314 6792
4224 1428 6788
33 1476 6784
1309 13 6780
4667 1264 6778
4104 955 6778
1562 608 6774
4580 1568 6770
4113 968 6768
2566 1148 6768
977 531 6748
3619 919 6728
2001 610 6728
4477 533 6708
71 1151 6702
2966 1581 6702
3595 269 6680
753 437 6678
4549 1108 6664
3317 925 6662
3290 226 6662
1066 1288 6658
1537 545 6654
1152 1264 6654
3087 845 6648
4170 1479 6644
4235 785 6636
1651 986 6628
3669 1126 6618
3456 841 6610
2108 1496 6596
1522 1366 6596
4012 169 6594
1117 410 6592
2417 1350 6588
1780 715 6588
126 174 6580
4541 914 6562
1262 1443 6560
4602 1462 6550
2350 716 6538
173 795 6532
518 1709 6528
4509 1271 6522
4096 590 6522
456 631 6522
3453 130 6518
2257 104 6514
1912 1477 6514
4149 1019 6506
4662 1232 6502
256 613 6502
4054 255 6492
2700 460 6490
4165 996 6486
3017 1044 6476
541 308 6472
560 1673 6464
678 830 6462
1088 913 6454
3191 827 6448
1377 699 6440
4645 1594 6436
314 823 6430
4578 1738 6428
1158 590 6422
1629 82 6416
624 1491 6414
2647 1584 6410
3093 1276 6410
3816 336 6408
2496 514 6408
2943 447 6406
1935 1028 6404
2161 1106 6402
221 1461 6398
4678 1705 6394
1589 358 6386
3120 640 6384
1313 1598 6384
3037 13 6376
1250 15 6374
2623 755 6360
133 1249 6352
4006 1695 6350
3567 301 6342
2410 1007 6336
4445 460 6334
2370 129 6322
3100 634 6320
2733 825 6314
2 642 6312
3668 1428 6312
2930 606 6312
2907 1683 6304
2920 1520 6304
4605 1340 6302
3857 1330 6298
2122 175 6296
4522 1154 6290
2113 838 6290
4548 574 6288
3099 1811 6288
4229 1438 6280
312 372 6274
375 374 6274
3215 1342 6268
3249 186 6262
720 1594 6260
1597 358 6258
1341 1494 6258
898 783 6256
2566 1612 6256
3899 152 6252
4638 796 6250
4454 209 6244
339 220 6242
1748 284 6242
691 1156 6242
2064 1015 6240
223 1186 6236
229 462 6224
1541 1678 6224
2738 828 6222
4244 233 6220
242 437 6220
2629 523 6212
4357 898 6212
4041 421 6204
1598 909 6204
3552 521 6194
1784 1240 6194
199 13 6194
4789 512 6192
3401 1729 6192
2934 1458 6190
4023 202 6184
1606 448 6184
2344 516 6182
561 362 6178
3798 1596 6174
1567 1842 6164
4798 498 6158
4191 218 6156
479 1244 6148
2539 1899 6144
45 1732 6140
681 1622 6138
4013 1919 6132
2173 594 6132
4991 800 6132
3235 1854 6132
3050 664 6126
4118 1124 6122
3999 1147 6118
2820 1371 6116
1402 1125 6072
4719 11 6072
2333 1169 6072
2062 1735 6068
3125 1067 6064
4723 1792 6054
2748 607 6052
3630 144 6052
4825 751 6050
4514 907 6044
3811 896 6044
2641 1562 6038
4303 285 6038
3405 1170 6038
3201 1388 6036
1177 1869 6036
3515 1153 6034
4128 1665 6032
3192 241 6030
2058 807 6020
4372 1659 6018
4493 639 6016
4858 80 6006
4880 1717 6006
2651 1217 6000
3630 919 5998
3488 1675 5996
3675 1793 5986
2729 790 5986
1336 197 5982
4564 438 5972
654 597 5970
4529 1952 5970
2903 1764 5968
2174 589 5962
3326 562 5956
4002 1430 5954
1446 1920 5954
1244 126 5952
2108 2020 5940
2464 1119 5940
2779 1115 5938
4348 1151 5936
377 519 5932
2388 1131 5924
3839 1809 5920
395 1381 5914
2621 606 5914
3668 970 5910
3974 217 5906
2008 436 5904
4587 183 5904
4191 1213 5902
3702 1007 5900
2876 1719 5894
4485 1843 5892
4645 1909 5886
3273 1896 5884
4994 775 5884
2668 1865 5876
1492 856 5870
3180 240 5870
3474 1179 5856
4378 1228 5852
3256 1668 5850
1765 1292 5844
4927 1442 5842
1391 1738 5836
3075 1823 5834
199 1887 5832
2290 1649 5828
1999 130 5822
2747 1883 5820
4574 66 5818
2118 1478 5818
790 525 5816
1646 1492 5814
1991 1597 5814
4698 1308 5814
4889 721 5812
2824 7 5810
1930 121 5810
2426 500 5810
3604 362 5808
2010 746 5800
4233 2030 5796
2698 1636 5794
3072 690 5788
1287 1813 5784
1933 351 5780
4046 1725 5774
2707 685 5774
4005 1023 5768
3791 2086 5762
688 1294 5760
4990 995 5758
2338 825 5748
210 2012 5746
1039 1112 5746
4507 1894 5742
180 2091 5738
1868 415 5734
3546 326 5732
109 936 5722
3948 1833 5716
1086 2065 5716
3558 1043 5702
4336 1614 5690
3924 1962 5688
1812 2109 5688
4365 1665 5684
565 776 5684
370 168 5682
2634 1162 5680
3294 445 5680
4060 2110 5674
4548 2148 5670
978 1610 5670
2189 1133 5660
4772 64 5658
3538 1252 5658
1208 303 5650
285 1713 5648
955 223 5642
4639 811 5640
2128 333 5638
1048 1153 5634
1666 1620 5634
1229 2096 5632
1248 1571 5632
3206 1771 5630
1997 476 5630
4335 1495 5628
1097 2007 5626
4038 1104 5624
1928 634 5618
4865 1694 5610
1793 1708 5610
2051 1872 5610
4247 1258 5608
2068 532 5606
1199 1885 5602
3078 1354 5602
448 1405 5602
3924 1314 5602
3954 1037 5600
4853 1596 5600
1318 1556 5600
1746 2096 5598
179 627 5592
2409 837 5590
4121 2135 5584
1318 960 5582
4687 1292 5580
259 2198 5578
4029 1045 5578
3138 779 5562
2793 1011 5552
711 355 5544
2422 577 5542
88 1530 5538
3410 165 5534
3410 2102 5530
3219 1928 5530
290 691 5530
3322 584 5528
501 1102 5516
3147 1430 5514
4345 1485 5514
668 1910 5506
2313 1564 5502
2355 969 5500
2717 1213 5498
1999 2075 5492
1108 2205 5480
4290 856 5480
1956 2260 5478
3506 1419 5474
4846 320 5470
1303 747 5470
434 572 5466
768 242 5464
1646 795 5460
3206 799 5458
4968 217 5450
2029 154 5450
1985 1848 5446
1550 704 5442
719 1808 5442
2664 1368 5438
1394 1408 5436
4834 320 5434
4333 668 5432
254 1263 5424
800 1167 5422
4307 1450 5422
3910 648 5422
1952 1035 5420
4659 440 5406
2857 241 5398
1949 1995 5396
3868 2223 5396
4555 561 5384
2337 1073 5378
1684 2203 5370
4124 1689 5362
1500 1559 5362
3995 1027 5352
1475 1947 5346
4547 1804 5346
1075 1108 5344
753 22 5342
3550 1716 5340
4883 1167 5340
737 1148 5332
652 1033 5330
4074 2030 5326
3268 1744 5324
1382 300 5324
2621 950 5324
1978 724 5318
3110 801 5318
77 925 5314
3937 987 5314
2158 1892 5312
1303 454 5310
752 1424 5306
4233 2321 5302
26 162 5296
4138 1428 5294
3515 1780 5294
675 61 5292
3854 963 5288
984 779 5286
4399 158 5278
1322 2104 5274
2801 1839 5272
3586 2348 5272
2192 1526 5272
4420 1411 5268
4852 1956 5262
82 2296 5262
929 812 5260
120 607 5246
2167 778 5244
638 1876 5238
819 2183 5238
4336 2208 5226
3987 1951 5226
3362 2338 5224
3959 488 5222
4376 2272 5222
4187 1327 5222
4439 1109 5218
4075 1634 5218
4564 2242 5216
4668 1732 5214
4011 2007 5212
3131 314 5210
3266 633 5210
4412 242 5206
313 401 5206
1618 608 5202
1629 1978 5200
2370 1192 5198
1153 1694 5196
947 178 5196
2891 1113 5188
2535 810 5186
2979 255 5182
1669 367 5174
3953 1414 5168
4612 1503 5164
2509 1979 5156
4298 2 5150
674 1178 5148
1689 1558 5146
978 2368 5136
1220 611 5134
214 2219 5134
49 1921 5132
3843 1590 5130
920 2367 5126
4620 47 5114
257 1125 5110
1778 2106 5108
1574 359 5106
2686 769 5104
1343 2054 5098
2940 90 5096
2389 921 5096
2200 2446 5094
1346 1650 5088
1897 2263 5080
154 1025 5072
2681 1669 5072
2323 265 5072
4364 338 5070
1646 1022 5066
3566 489 5066
1614 754 5064
4786 681 5064
1046 2465 5062
70 1083 5058
2681 2181 5052
3486 1896 5050
4921 277 5042
2708 142 5040
4819 502 5038
2445 2276 5036
2764 993 5026
2808 1336 5026
3456 129 5026
4901 1144 5024
1267 313 5024
717 502 5022
2855 179 5022
1139 842 5018
697 2331 5016
4754 1344 5012
1461 660 5008
2113 872 5002
2932 1742 4994
2692 908 4994
2132 1312 4992
2578 478 4990
1205 1813 4980
1474 2367 4976
1986 1662 4964
2822 31 4962
486 2477 4962
3025 555 4958
2338 2190 4954
2088 1651 4952
2149 2077 4948
4709 2117 4948
4420 1206 4946
601 1382 4946
1649 657 4942
3975 2507 4940
2299 2116 4940
836 1090 4938
4401 2402 4936
3075 1350 4936
4647 1897 4932
2500 1139 4930
867 254 4928
3386 2491 4926
4383 1021 4924
4437 881 4918
547 1818 4914
1294 1574 4914
4152 1834 4912
468 268 4912
4558 1795 4910
1992 2110 4904
3849 1608 4904
1941 2226 4902
1787 152 4894
300 1982 4892
4059 1164 4888
4501 1691 4884
430 1559 4884
1697 1513 4882
4633 561 4880
1460 1318 4878
1087 1167 4872
1711 1373 4870
2720 2555 4868
4922 1561 4862
4840 535 4860
1075 1684 4860
3157 2057 4860
4113 16 4856
868 1345 4850
2707 1717 4850
2606 500 4850
2075 2549 4846
30 805 4846
1674 2500 4844
1656 1332 4840
2501 1360 4832
232 1166 4830
4625 1121 4826
2630 2054 4824
298 2442 4822
1139 2058 4820
4421 1872 4820
344 2094 4818
3366 2589 4818
1877 2434 4818
4149 1514 4816
2505 1712 4814
2578 2528 4810
766 336 4806
1054 474 4802
3736 1207 4798
3902 2564 4796
3766 602 4790
3549 1570 4790
4142 432 4788
3051 309 4786
4350 1986 4778
1163 748 4776
2940 849 4776
2619 2543 4766
1235 1233 4756
4488 2613 4756
4745 32 4752
1894 699 4750
932 1105 4744
2071 1961 4744
4151 2469 4738
2116 1232 4736
2610 1079 4732
882 1670 4730
260 2467 4726
4089 202 4726
857 67 4726
2374 2547 4726
4098 839 4724
4372 2302 4718
3341 991 4718
1346 2599 4718
475 2344 4716
4989 2376 4714
1521 2637 4714
110 298 4712
3892 1941 4708
142 2591 4704
2734 984 4704
748 1733 4704
2279 387 4702
4258 2415 4698
3546 739 4692
1549 1445 4692
816 848 4690
1439 687 4682
1830 2119 4682
2843 908 4680
4930 1392 4676
2943 583 4676
1238 848 4670
4012 1739 4670
4910 893 4666
2776 1493 4666
874 2533 4664
1940 2216 4662
3026 1050 4660
3756 1451 4658
446 1762 4658
3013 2177 4654
2633 2236 4654
1668 697 4652
3221 710 4646
2158 1746 4642
4135 1997 4642
2666 2627 4642
1845 1470 4640
277 383 4638
1679 59 4638
2999 1301 4630
967 127 4626
1107 1336 4624
2137 1409 4624
588 2055 4622
2016 861 4622
2575 2214 4622
4556 1611 4620
4860 518 4612
1668 694 4606
4965 1769 4606
4380 462 4600
429 2154 4600
4801 2696 4598
2795 565 4594
4686 1584 4594
1667 2046 4592
4844 605 4578
693 39 4576
2872 987 4576
2484 564 4572
4759 768 4572
3232 725 4570
79 2290 4566
1827 643 4564
3195 1305 4558
3292 2681 4558
2410 2652 4556
3274 483 4548
460 835 4546
315 2079 4546
3841 541 4538
2042 1063 4538
2420 1125 4536
278 2296 4534
2201 2228 4530
4687 2561 4528
1276 899 4526
3129 2028 4522
2083 2089 4518
1682 1211 4518
2015 906 4514
4282 1015 4514
4638 2582 4512
3420 354 4508
429 1380 4506
204 1801 4502
4988 2190 4500
4174 762 4498
4394 2354 4494
4412 649 4488
1835 2029 4486
3454 2396 4484
726 2704 4484
3600 2326 4482
3243 2033 4474
483 981 4466
3584 1111 4466
3856 2141 4466
1600 1889 4462
441 1947 4460
2853 1693 4458
3561 2618 4458
4403 1308 4458
1003 2208 4458
182 1776 4448
2341 229 4442
832 465 4442
508 1845 4440
1489 2674 4422
583 777 4422
4350 522 4416
413 1877 4416
90 1144 4416
3638 906 4408
4192 835 4400
806 1031 4396
2354 556 4394
3288 2340 4392
2383 1303 4390
4255 2795 4388
12 741 4388
2881 1452 4388
897 2291 4386
4028 1558 4380
4296 2748 4378
344 2166 4378
2869 150 4376
437 378 4370
2934 2350 4368
3837 2155 4368
258 2158 4364
1927 1704 4364
263 411 4360
4934 1446 4356
2733 533 4354
3496 2631 4352
2739 2039 4350
4106 2066 4348
1201 2025 4346
1115 862 4346
1621 1757 4344
4797 150 4340
2815 2224 4340
2957 1676 4338
3061 1343 4334
3022 2000 4332
2888 2826 4330
1665 1942 4330
3118 2828 4330
2318 2487 4328
1700 2426 4326
3179 2322 4326
1103 2434 4326
3679 1560 4326
2849 2060 4326
3756 1791 4320
2649 833 4320
324 2619 4320
648 1288 4316
1422 948 4316
2270 2403 4314
3900 2654 4308
668 2810 4306
4605 511 4306
3729 396 4306
1306 2569 4298
2069 2164 4296
335 1328 4294
1048 1357 4294
855 2394 4288
421 1681 4288
3201 1752 4288
267 2595 4286
1500 2463 4284
2754 2352 4284
3225 1814 4284
789 1399 4284
848 1678 4282
4512 441 4280
659 1808 4280
2730 1512 4278
54 335 4276
354 687 4274
151 2641 4272
1391 1330 4268
2156 2450 4268
3183 747 4268
1526 2630 4262
4007 1032 4260
4322 611 4254
2872 1048 4252
3194 191 4246
2837 1455 4246
656 2570 4236
1082 1926 4236
2367 1258 4236
3920 2673 4236
3930 605 4234
444 130 4232
195 2614 4228
928 1455 4222
715 1946 4220
1727 1465 4218
1620 2474 4218
2838 535 4218
3017 1763 4216
2212 2412 4216
1669 1600 4216
4121 1147 4212
3646 2881 4204
2367 114 4204
4146 2787 4200
548 2366 4200
2738 1103 4198
3472 2842 4196
3554 524 4196
394 909 4194
1384 1609 4186
2916 1227 4184
1335 2209 4184
4826 1189 4182
2216 902 4180
3911 2902 4178
2922 373 4176
3297 1044 4174
4056 2419 4172
3329 1552 4172
2411 2066 4170
2857 2763 4164
1880 2173 4164
1615 82 4160
3213 929 4158
862 2774 4158
841 1993 4156
3453 2296 4156
4228 1705 4154
4702 1069 4150
2718 2204 4150
4751 2559 4146
4805 2028 4144
720 1969 4144
2195 828 4142
2369 2729 4142
3395 622 4138
3739 1171 4136
1509 289 4136
3134 1769 4134
4291 2317 4134
2262 1703 4132
3629 2850 4132
2575 1762 4130
1900 1235 4128
4754 470 4124
4965 2816 4122
4559 2508 4118
558 2359 4112
2190 257 4104
4227 752 4102
913 678 4102
3345 2620 4100
3589 1300 4094
3702 1676 4092
4521 1227 4090
2972 933 4082
4418 2911 4078
768 2716 4078
864 1780 4076
533 2463 4076
3339 2785 4072
3028 2094 4070
3994 2512 4070
2903 2534 4070
3327 705 4070
4269 768 4068
2509 1271 4064
3798 1146 4060
4646 2570 4060
2755 2871 4058
4872 1032 4056
3734 2423 4052
3353 1808 4050
2125 2434 4048
3096 1437 4044
2025 2554 4042
483 2327 4042
2634 2644 4038
2500 1353 4034
3288 2453 4030
710 1318 4026
2757 767 4026
4149 436 4022
1442 2767 4012
3462 2652 4012
3061 404 4012
798 2151 4010
2604 2369 4010
311 818 4006
3779 2422 4004
2772 2131 4002
2482 2960 4002
3494 2150 3996
3785 586 3996
4686 2069 3994
551 706 3994
4830 2331 3994
1000 1284 3992
3268 2827 3992
1611 2386 3982
4306 2843 3978
1679 2400 3978
2191 1484 3976
558 508 3974
48 924 3972
2994 2118 3968
2426 295 3966
3894 720 3966
473 2392 3966
1470 580 3958
3587 2571 3956
1042 1551 3952
3560 895 3952
3111 2758 3952
684 92 3950
1810 424 3948
1999 737 3948
1078 2991 3946
4297 2955 3946
64 3004 3942
3243 2586 3942
1140 1867 3942
3663 2047 3940
2312 2240 3940
660 1121 3938
4228 1680 3938
753 427 3926
94 2312 3926
567 1793 3922
3336 3002 3918
776 599 3914
2725 2989 3914
4733 320 3910
2347 2540 3908
1647 2650 3904
1761 2210 3902
111 3034 3902
4764 2388 3902
3283 2933 3900
3008 1353 3896
2826 2311 3896
1106 2027 3894
4925 38 3892
3314 923 3892
4546 2669 3892
3717 317 3890
318 2148 3888
446 807 3888
1490 1230 3886
3576 1115 3886
1619 2479 3884
4990 2704 3884
3558 2487 3882
1813 1987 3880
494 568 3878
3470 1462 3876
809 2455 3874
3437 1633 3874
2704 2498 3874
3531 282 3872
4423 150 3872
4303 888 3872
80 2215 3870
3508 1342 3870
3515 1223 3866
1889 2646 3864
4013 1452 3858
3174 1261 3858
4545 2250 3856
4260 886 3846
466 565 3846
3624 687 3844
2541 2970 3844
4965 1148 3840
3614 1233 3838
4216 1906 3834
2662 383 3832
1263 10 3830
2516 2875 3830
1675 2924 3830
1000 596 3820
3242 13 3818
1948 2224 3816
4067 213 3814
2941 510 3814
2191 256 3814
2212 2316 3812
362 1801 3804
629 2183 3802
1451 1306 3798
1349 2612 3794
4751 1068 3794
657 693 3792
1794 1263 3792
2512 660 3792
4623 420 3788
114 1895 3788
4877 2156 3782
4907 1114 3782
2538 2589 3780
667 1903 3778
1924 2883 3772
2436 138 3772
1349 447 3770
611 2502 3766
1492 1640 3766
2512 302 3766
3517 207 3762
263 1700 3762
2564 3113 3762
425 313 3760
385 472 3756
4918 646 3754
4562 2470 3752
1191 919 3752
2372 2942 3752
3942 2335 3750
2640 2988 3748
3336 2700 3748
4456 2060 3746
2839 2931 3740
3616 2125 3738
1083 2767 3734
4079 3029 3732
3640 2226 3732
4212 1416 3728
3562 363 3726
3266 330 3724
1444 3028 3722
2652 47 3722
1137 1911 3720
4524 3051 3720
2850 2802 3718
1178 1951 3716
3407 2755 3716
4780 2767 3716
171 1819 3712
3478 1361 3712
656 2140 3712
346 607 3706
3076 1135 3704
1020 2050 3702
13 417 3700
4582 1576 3698
969 347 3698
3491 1472 3698
2315 2349 3694
3920 1483 3694
2554 1292 3692
3479 822 3690
105 2829 3690
1152 2514 3686
1655 884 3686
3418 2614 3686
1846 2559 3680
3293 2183 3680
912 2707 3676
723 2768 3672
2969 2708 3672
2561 1226 3666
2764 983 3666
3997 2226 3664
3926 2449 3664
2621 2488 3664
3610 1657 3664
1484 150 3662
1351 3099 3660
1291 2513 3658
4125 2214 3658
3453 714 3656
2336 1379 3656
2326 2473 3654
1532 3130 3654
3249 729 3650
3643 2911 3648
2509 2903 3646
4603 2042 3642
2819 2691 3640
2421 2614 3636
156 550 3636
2916 1103 3636
319 1909 3636
519 2907 3634
777 2240 3634
2035 1153 3632
1896 3182 3628
2419 2797 3628
878 1919 3626
3028 1874 3620
4293 139 3620
4124 2209 3618
193 2290 3614
2880 492 3614
3722 3049 3612
3840 3138 3612
4323 488 3606
721 2462 3606
479 3181 3604
2626 2159 3604
4711 2883 3604
1105 3144 3600
178 2396 3598
4325 2534 3594
4624 2043 3594
3289 1402 3594
3450 2750 3588
1696 2710 3582
2647 2223 3580
1499 1118 3578
1891 1955 3578
829 1591 3576
2217 3093 3574
4578 3163 3574
4554 1796 3574
1411 2662 3574
4065 2724 3572
743 2297 3572
895 2978 3566
4217 2761 3564
3471 579 3564
2786 50 3562
4944 2800 3562
2219 2870 3562
3332 2278 3560
185 2016 3558
3192 1408 3552
3958 1932 3552
2897 2696 3550
1933 1316 3550
4586 3066 3550
2256 2262 3548
3843 493 3548
78 3052 3548
4338 3156 3546
2043 3194 3544
4319 2483 3544
1591 3148 3540
2489 1083 3540
460 2033 3538
1338 2791 3538
2161 932 3538
873 2629 3536
2116 3016 3534
2121 2073 3532
294 1053 3526
3635 2902 3524
2035 2319 3524
3296 2985 3522
2511 1466 3520
2166 650 3520
4624 541 3518
3747 2536 3518
3641 2659 3516
4246 390 3512
3371 2294 3510
773 2091 3508
4217 2644 3508
1076 1482 3496
4576 1668 3494
3930 3229 3492
843 713 3492
1520 2794 3488
3973 2010 3486
2737 1905 3486
1752 237 3482
1702 2484 3480
441 1361 3478
1178 2573 3472
3440 829 3472
3421 2767 3472
3411 1508 3470
1787 659 3470
2598 1401 3468
4868 1581 3466
1553 2324 3464
3919 2175 3458
1270 1197 3458
1589 1206 3458
436 2849 3458
3341 3236 3454
1233 2984 3450
1189 1477 3450
846 525 3446
726 2500 3446
4078 2262 3444
1179 1058 3444
2464 903 3444
2386 2910 3442
2128 1288 3442
2210 2838 3438
4018 2438 3438
4711 1969 3436
4679 3063 3432
223 1194 3432
3417 3085 3430
3142 2085 3428
3049 210 3424
1123 3049 3424
52 2697 3424
1979 2398 3422
3710 1906 3420
1428 1086 3420
2551 187 3420
1808 1168 3416
3603 3129 3416
4802 2784 3414
2023 2100 3412
2745 2357 3408
3297 2775 3408
2623 1664 3402
4705 403 3398
3871 1855 3398
1837 3169 3396
2802 3271 3396
3044 1820 3396
4539 2129 3394
1374 3039 3392
621 1876 3390
2724 991 3390
1383 2332 3386
4039 1790 3384
67 2117 3382
509 3085 3380
2139 1439 3380
3618 3066 3378
2003 3022 3374
3752 1537 3374
4364 1144 3374
430 3020 3372
2425 317 3372
4554 2508 3370
4895 2433 3368
3908 3104 3368
2587 3039 3368
3102 66 3364
4728 1745 3356
1113 2909 3356
927 2836 3352
2516 1130 3350
2393 87 3348
689 3096 3348
2801 2376 3348
4146 2020 3344
2014 2865 3342
3762 3258 3340
1841 2724 3334
2033 1741 3332
2083 659 3328
4716 883 3326
4417 817 3324
2814 2655 3322
4227 1163 3320
2234 2484 3316
3940 2764 3314
2110 2623 3312
1347 1141 3310
872 2940 3308
3999 2253 3308
2910 445 3304
943 3195 3302
4372 2216 3300
3482 1922 3298
3858 1931 3296
3874 2481 3296
1248 655 3290
2865 3353 3286
730 3209 3280
3698 1358 3276
1553 2958 3270
3591 686 3266
4659 1475 3266
4887 3323 3260
385 1738 3258
1460 3354 3258
801 1884 3250
4525 486 3250
4741 3240 3248
2536 3233 3246
1244 1906 3246
474 3231 3246
3698 2864 3242
3017 1389 3242
4118 206 3240
4338 310 3238
4544 3337 3238
4127 2454 3238
3323 2903 3234
4339 2058 3232
3407 2075 3232
3604 678 3230
3638 661 3228
17 1129 3228
2128 3052 3226
1177 676 3226
4861 2536 3220
1046 3047 3220
2989 2107 3218
2190 2272 3214
3529 2754 3214
1503 1894 3212
3547 1254 3208
141 2219 3206
835 1785 3206
57 3012 3206
3479 1879 3204
533 1210 3198
4521 2579 3198
1438 3102 3194
619 220 3192
4748 2848 3192
3909 2696 3192
2789 3025 3188
1385 3272 3188
2015 2216 3188
3120 3220 3186
367 2346 3184
1467 1005 3184
1948 1820 3182
3189 2099 3182
3470 1877 3182
2066 2554 3180
626 1832 3180
2045 3253 3178
106 2690 3176
3425 2110 3176
3545 2630 3176
3 3067 3174
3769 1370 3170
4531 2087 3168
3937 1942 3166
4793 10 3164
3972 1582 3164
3685 1246 3160
35 886 3154
1024 651 3154
1566 1162 3154
1250 2335 3152
4649 3121 3152
577 2451 3152
1496 1679 3150
2715 1359 3148
2995 1207 3148
4403 367 3148
1762 3207 3146
3535 3058 3146
4861 1067 3146
4015 2766 3144
4277 2134 3142
1274 1288 3140
836 635 3138
4111 2641 3138
2284 3139 3136
60 2926 3130
2907 1930 3130
3253 2822 3128
4137 2125 3126
150 829 3126
1231 833 3126
204 2645 3126
4340 1296 3124
3227 450 3120
600 3063 3120
3967 558 3118
136 968 3118
1990 3373 3116
3107 1014 3116
82 2487 3110
4295 3385 3108
3695 3239 3106
749 1023 3104
106 2177 3104
652 770 3104
3213 3408 3098
1328 1618 3096
1771 1760 3096
14 1329 3094
4241 1798 3090
3976 1541 3088
1489 81 3086
802 2738 3084
971 1060 3082
370 983 3082
58 3022 3080
3390 2385 3076
418 2187 3074
1536 3262 3068
3289 3147 3068
1904 1290 3068
1783 2640 3062
1038 2021 3058
761 3458 3058
1294 2525 3058
3431 3371 3058
3964 612 3056
3808 2366 3056
3243 1317 3054
4230 3049 3054
1817 2215 3048
2648 2764 3048
1611 3331 3048
2251 2800 3042
2334 1907 3042
4762 2035 3040
3445 3086 3038
4100 1268 3036
3896 668 3036
2024 1344 3036
754 585 3032
861 3120 3030
2740 320 3028
4079 1541 3020
3472 3459 3020
1521 1586 3016
3139 2880 3016
1647 1544 3008
3618 2771 3004
3652 976 3004
2436 3273 2998
2734 3291 2996
1181 3196 2994
1904 2848 2994
4741 936 2994
1695 2435 2992
4890 2480 2990
190 2862 2984
3811 1763 2984
682 1100 2984
3611 174 2984
1685 867 2984
1652 265 2982
2448 3467 2980
3440 519 2978
2484 3239 2974
4662 2067 2972
2385 1845 2972
2606 363 2966
3496 3302 2964
3232 1211 2962
2167 2574 2962
859 1206 2962
4006 2262 2960
477 2434 2958
1041 1254 2958
3402 2910 2956
4605 894 2956
2166 3318 2954
4156 3363 2952
609 1303 2952
1403 1141 2948
423 2402 2946
1083 2385 2944
2377 2860 2942
947 323 2940
622 1218 2938
2459 2444 2936
4426 3408 2934
4705 2788 2934
1673 2842 2928
2331 1544 2926
148 130 2924
825 126 2924
3639 2852 2922
2917 2719 2920
847 915 2920
540 2475 2920
2627 3501 2916
954 3141 2916
1055 3083 2914
1352 1654 2914
4275 1607 2912
2335 2971 2912
844 3455 2912
4172 3325 2912
2150 2960 2910
4500 3417 2908
3481 1946 2906
3883 2489 2906
2964 1643 2904
2419 186 2904
195 1413 2902
2157 1979 2894
2891 2667 2890
2434 1135 2890
4123 3538 2888
4044 3544 2884
1766 2243 2884
3048 2169 2880
2893 2853 2880
342 1568 2878
4591 478 2878
3794 1759 2872
3130 3360 2872
3943 3539 2872
3234 2114 2870
484 1296 2868
139 219 2868
4595 2247 2866
1797 3001 2866
4318 1476 2866
4319 1439 2866
3756 2576 2866
418 3267 2864
351 281 2864
3444 1600 2862
4733 1466 2860
2490 2476 2856
2723 1440 2856
2251 3129 2856
3103 3439 2854
606 1013 2854
865 2561 2846
1389 2180 2844
3218 1173 2844
1479 860 2844
4252 1724 2840
4611 1127 2840
4529 2769 2840
1914 3387 2838
2400 81 2838
4021 1663 2836
2662 2760 2834
2197 2181 2830
940 2525 2824
3696 3499 2824
701 1189 2822
3616 1090 2822
1929 3221 2820
1450 820 2820
538 3153 2816
726 3308 2814
1907 2758 2814
4754 3411 2812
2257 1422 2812
1303 492 2812
992 13 2812
4087 2539 2812
534 3068 2812
4820 3456 2808
2547 1733 2806
4666 2677 2804
2548 3045 2804
4779 3294 2804
3682 2148 2802
4731 1746 2802
497 1342 2800
3103 3464 2796
3805 335 2794
1425 1088 2792
3475 607 2792
3616 3541 2792
2670 2709 2792
3143 872 2792
2695 2324 2790
1130 1719 2790
1432 2879 2788
4770 444 2788
4680 522 2786
2903 2212 2786
2165 3175 2780
4381 1335 2780
2313 608 2778
4940 3358 2778
350 3345 2776
3518 55 2776
371 2847 2774
268 1252 2774
4192 461 2772
1980 1971 2772
2477 3325 2770
2554 3338 2770
1482 904 2762
1393 2327 2760
316 155 2758
4071 841 2754
2492 3488 2754
2090 2586 2752
2659 3397 2750
3669 3544 2750
2792 3315 2750
4531 3432 2750
429 1884 2750
3330 3094 2748
1536 3512 2744
3745 2377 2742
4364 3505 2740
940 1366 2740
248 1442 2738
4895 1630 2736
1488 262 2736
122 221 2736
318 3317 2736
1381 3098 2732
1048 3276 2730
4236 3569 2730
498 747 2730
4198 624 2730
901 2538 2728
920 2737 2726
1753 3386 2726
1818 3240 2724
3211 891 2724
1189 3533 2724
450 2537 2722
1931 542 2720
4936 3117 2720
4181 3490 2718
2941 3081 2718
1068 3170 2716
2670 57 2714
4049 3418 2714
1334 3294 2714
481 8 2712
1037 2461 2712
566 2900 2710
3872 2001 2706
3452 3605 2706
3261 3358 2700
167 2081 2700
2822 1460 2700
1213 3317 2700
1284 159 2696
3879 3175 2694
3297 2140 2694
701 195 2694
3930 3610 2692
2233 2494 2692
950 99 2692
1924 1718 2686
3488 3626 2682
3360 510 2682
2357 1503 2682
986 150 2680
4324 2321 2678
4857 2695 2678
4463 2946 2678
4081 2779 2676
3065 3516 2676
1335 3123 2676
3667 3627 2674
1649 3141 2668
3970 1698 2668
3599 1569 2668
3968 1763 2666
3259 3340 2666
2779 2644 2660
4687 1299 2658
4431 2577 2656
764 2817 2656
4698 1914 2652
461 2698 2650
684 1799 2650
2177 3438 2648
3745 1678 2648
2031 2831 2646
2906 1156 2642
617 3278 2638
166 3256 2638
1262 1803 2638
1766 2497 2638
2534 1888 2636
1850 2883 2634
4318 733 2632
2761 3625 2632
382 1789 2624
2403 3357 2624
393 2799 2624
1849 3351 2624
4783 1979 2622
3333 2642 2622
3898 3100 2622
2274 2868 2620
1014 2097 2618
915 3281 2616
651 644 2614
1268 3517 2612
4607 3424 2612
2798 3567 2610
911 2902 2610
3486 2708 2604
2018 2349 2600
3670 2501 2598
2764 3330 2598
4188 3339 2598
2887 3167 2596
4865 1568 2596
585 3353 2596
3676 1523 2594
2071 1423 2588
3581 3656 2588
4360 3532 2588
1831 3609 2586
2356 3508 2586
4426 2848 2584
4483 2875 2582
4278 2280 2582
3498 3068 2582
438 3648 2582
4858 3247 2582
1640 636 2580
3399 1595 2578
3267 1291 2574
4057 3537 2572
1987 1629 2570
3658 2276 2568
631 311 2568
736 1850 2568
2552 1881 2564
3322 1650 2560
4485 3133 2560
2950 1747 2556
1584 2757 2554
109 1638 2554
2229 653 2550
1953 3466 2550
637 2214 2548
4472 3714 2544
3345 1272 2542
4361 3439 2542
3263 3239 2542
3853 1795 2540
3936 2981 2540
494 2566 2540
1074 876 2538
410 1940 2538
1210 3117 2538
2642 1562 2538
4637 2926 2538
2698 476 2538
4530 2643 2536
1817 3192 2536
3663 1493 2536
672 32 2530
1398 1482 2528
146 3080 2524
1425 3224 2522
2039 3617 2522
4703 2102 2514
2728 1839 2514
1374 2726 2510
977 3118 2510
4156 3188 2508
4617 3253 2508
1318 3256 2506
3759 1080 2502
1928 2520 2500
3253 2223 2500
1450 3315 2498
2016 2587 2498
178 1775 2496
1633 1513 2496
3124 3455 2494
4535 3164 2494
3925 3352 2494
4889 3715 2488
2807 1305 2488
1015 1725 2484
3749 3195 2482
1432 3032 2482
1963 3665 2480
4170 3125 2480
2378 1065 2478
1740 3412 2478
4419 1667 2478
1258 2730 2476
3513 3445 2476
3985 834 2476
2085 3631 2472
2222 722 2470
33 1641 2470
436 2913 2462
209 3680 2460
2727 843 2460
2764 2340 2460
4400 711 2458
3717 3737 2458
4595 3753 2456
4448 3568 2456
4253 2820 2456
1515 2719 2454
1817 3482 2454
4194 2327 2454
154 2093 2452
1104 2799 2452
2152 3658 2450
303 2825 2448
4416 3753 2448
4438 1889 2448
843 3424 2442
1700 3764 2442
3008 3187 2442
3628 3480 2440
4518 2122 2440
3081 3063 2440
4924 1460 2438
676 2232 2436
4769 2145 2436
1266 3383 2436
4480 2676 2430
18 2886 2430
2273 3599 2428
430 2971 2428
3479 3730 2426
3958 1591 2426
2945 3690 2424
3407 2817 2424
1707 1469 2420
4502 1431 2420
955 3138 2420
972 2954 2418
4532 3655 2418
1463 2692 2416
3110 2490 2414
1684 1116 2414
1975 3717 2414
538 651 2412
2841 2162 2410
2983 1832 2410
3974 1314 2410
1832 1708 2410
3405 1667 2408
4231 2194 2406
1973 3403 2406
849 1339 2404
51 3268 2402
4172 3038 2398
3056 2799 2396
632 3726 2396
522 3088 2396
4335 1652 2394
953 936 2392
216 2807 2390
1335 1157 2388
40 1826 2384
4307 266 2382
725 3561 2382
2354 3285 2382
1959 1322 2380
1274 2187 2378
1172 3592 2378
2281 2741 2378
3669 3425 2376
2427 3753 2374
2446 735 2374
3947 431 2372
1150 2635 2370
3104 2728 2370
4840 705 2370
4863 1564 2370
2387 623 2370
664 3749 2368
4543 1156 2368
998 1903 2366
1254 3254 2366
1018 2611 2366
3789 3248 2366
1987 2213 2364
1834 1812 2364
1415 76 2364
2429 1785 2364
668 633 2362
189 3607 2362
3143 3116 2360
2832 2137 2360
723 2551 2358
3771 3487 2356
422 1366 2356
2573 3058 2354
3345 3554 2354
4824 2107 2352
1555 3204 2350
2730 1354 2348
2259 3064 2348
2140 2605 2346
3601 1094 2346
4472 2462 2342
4987 2270 2340
387 15 2338
3309 3448 2336
4559 3370 2336
2853 3153 2334
65 3696 2334
1654 1698 2332
2436 1787 2330
3824 3649 2330
4203 3674 2328
3576 1976 2328
27 2449 2328
2705 3574 2326
386 3450 2326
165 3361 2326
4870 3302 2326
139 2586 2324
1691 3787 2324
4024 3159 2324
576 3119 2322
1837 3069 2322
2810 2855 2322
2735 146 2322
1652 2436 2320
3148 2575 2318
3977 626 2314
2974 1388 2314
1496 1636 2314
3451 815 2310
1641 2927 2310
247 3306 2304
4941 2631 2302
4681 3039 2302
1198 3626 2302
1054 1514 2300
1047 3424 2298
3344 3337 2296
1419 203 2292
1575 3755 2290
4857 1120 2288
2015 3750 2288
1582 3099 2286
285 721 2284
577 2972 2280
1095 3783 2280
1434 431 2280
1826 288 2278
19 2279 2276
965 2551 2274
1206 3411 2272
564 350 2264
4397 509 2264
2009 1362 2264
3070 2978 2264
298 3218 2262
1652 2306 2260
3877 1912 2260
259 305 2252
4788 3658 2252
2690 3782 2250
1711 1350 2250
3824 2038 2246
4454 2870 2244
3822 3819 2244
3287 2021 2242
3879 3841 2242
1115 388 2240
4981 3845 2238
3873 3840 2236
1000 3732 2234
4199 3054 2232
4500 2535 2230
3196 3091 2228
4843 3792 2228
371 2063 2228
2266 3384 2226
399 1687 2224
271 2966 2224
1690 3852 2224
564 1819 2222
3645 2046 2222
3072 3671 2222
4154 3831 2222
357 3641 2220
275 3263 2218
1283 3697 2216
340 623 2214
297 2459 2212
2292 2259 2208
2400 733 2206
1768 297 2204
3588 3254 2204
4782 3208 2202
2995 366 2200
1447 2505 2200
4429 628 2198
2692 1323 2196
4422 2404 2194
89 1034 2194
3424 953 2190
1006 1102 2190
3616 3367 2190
1483 2351 2188
602 1322 2188
3337 3683 2188
3631 2889 2184
4187 3361 2182
2236 3904 2182
618 3796 2180
2163 2146 2176
1772 3707 2176
3151 1448 2176
4164 113 2174
2999 3777 2174
4973 3544 2174
1283 1031 2172
3920 2425 2170
3490 2529 2170
1465 921 2170
1481 1024 2168
4089 2859 2168
779 3219 2168
1020 3789 2168
1674 1843 2166
1990 1191 2166
4800 1799 2166
1815 103 2166
4010 2524 2164
1829 3000 2164
4452 2653 2162
1987 3423 2158
3373 2953 2156
4277 2739 2152
1899 3612 2152
1518 3904 2152
1329 3430 2150
4428 646 2148
2875 989 2146
3913 1022 2144
1753 2080 2144
2799 3732 2144
370 1027 2142
2155 3058 2142
4618 3592 2138
3375 2360 2138
846 3044 2138
2674 3233 2138
3593 1470 2136
3767 3200 2136
1703 2928 2136
620 2863 2134
2029 633 2130
2060 3249 2130
4733 2936 2126
1234 3412 2124
3097 3706 2124
4930 806 2122
2145 3918 2120
3562 3119 2120
3063 2339 2118
550 565 2116
4071 3639 2116
4172 2969 2114
363 3033 2114
3742 865 2114
1888 1428 2112
469 3891 2110
4837 1208 2110
751 3283 2110
1545 182 2108
2711 3112 2106
1998 3861 2106
739 441 2106
210 1779 2104
1354 234 2102
1677 3810 2098
798 3768 2096
4582 3834 2096
1661 3638 2094
2182 3611 2094
3576 615 2092
1869 2780 2092
1533 3224 2092
908 3802 2092
2991 3642 2090
268 2516 2090
629 3805 2090
10 2318 2086
2214 1390 2084
3570 3556 2084
4055 3588 2084
3149 3601 2080
2825 1875 2080
2290 3180 2080
3815 3861 2080
796 3913 2080
764 2795 2078
3009 2836 2078
2066 2883 2076
1614 3681 2072
306 1215 2070
3788 1854 2070
956 3299 2068
4057 862 2066
1792 2035 2062
2318 3222 2062
440 1844 2060
2097 3400 2058
548 3875 2058
2881 2169 2058
3441 3144 2056
3871 3202 2056
1157 155 2056
1752 2860 2056
2910 2885 2056
2413 3944 2054
3077 3603 2054
2708 2427 2054
2067 350 2054
1827 286 2054
2406 2139 2052
3398 3599 2052
4684 3532 2050
510 2667 2048
3765 953 2048
3307 3487 2046
4881 2483 2044
2941 1267 2040
4482 894 2038
1154 2521 2038
1554 1783 2038
3146 3847 2038
2756 2606 2034
2945 3030 2034
4171 3580 2034
2520 3291 2032
4597 922 2032
508 2340 2030
3933 3416 2030
1859 336 2026
718 2683 2026
3371 1844 2026
101 1107 2026
4898 2187 2024
4059 2531 2022
4440 3519 2022
3173 2102 2022
4142 2213 2022
3714 3984 2020
2272 3842 2018
1085 1255 2018
2500 3767 2014
793 2216 2014
27 3470 2014
3844 253 2014
2236 3859 2012
841 2953 2012
1960 2852 2012
3970 3971 2012
733 494 2012
2992 3811 2010
3051 3687 2010
1065 1436 2008
488 2020 2008
4852 336 2008
1708 2295 2006
2502 539 2006
2776 1915 2006
54 1015 2006
79 2294 2006
1156 2881 2002
754 3522 2000
2446 3837 2000
959 759 2000
1058 3325 1996
2470 2954 1996
2215 186 1996
2178 3325 1994
4139 1674 1990
3251 978 1988
383 3652 1984
2712 3461 1982
2138 3928 1982
2566 3876 1980
2821 1977 1980
759 3977 1978
1019 2370 1976
4879 2087 1976
1479 3615 1976
1416 1507 1974
2589 3797 1974
1845 811 1972
122 4013 1972
2498 2233 1972
4271 2404 1970
1402 2007 1968
4377 1759 1968
3016 3759 1966
2725 1951 1966
4766 3862 1964
2283 3502 1960
437 466 1960
1210 3774 1958
2936 3917 1958
1325 2163 1958
1876 3517 1956
974 3525 1956
1970 2871 1954
132 2546 1954
3801 2599 1950
4569 566 1950
2616 3746 1950
1781 3781 1946
3597 1573 1944
3987 3805 1942
2577 262 1942
2882 3300 1936
1001 3953 1936
3144 3972 1936
4094 3875 1936
2951 3085 1932
2965 2612 1930
4322 3524 1930
4517 2573 1930
1022 1865 1930
3504 3286 1928
2686 2829 1928
4846 2937 1926
4508 3809 1926
1765 3333 1924
1312 1323 1922
4791 2327 1920
226 3641 1920
4890 3424 1920
3121 3697 1918
4170 2861 1916
3893 868 1914
4822 422 1914
3222 3335 1912
630 2146 1912
4207 3924 1910
3862 1463 1910
2550 3785 1908
4171 2347 1906
3415 2751 1904
3845 3009 1902
4551 3851 1902
2250 2795 1902
1602 946 1900
1291 2129 1900
632 2102 1898
2916 2879 1896
1590 3813 1894
2512 316 1894
47 414 1892
4269 2687 1892
3777 863 1892
1403 3628 1890
4054 3224 1888
764 3463 1888
397 3449 1886
3902 1507 1886
4981 2408 1884
2115 3945 1884
4063 1748 1882
4327 3854 1880
1121 3446 1878
1282 3562 1876
980 16 1876
3264 4000 1874
3230 3440 1874
4639 3739 1870
2196 2779 1870
1335 3992 1868
1783 3569 1868
371 3829 1862
2967 3701 1862
3194 3840 1858
3502 1724 1858
4273 3158 1856
4066 2895 1854
4123 1079 1854
3319 3375 1852
2748 2974 1850
2699 1661 1850
825 3726 1850
4395 3767 1848
4625 3032 1848
3829 1855 1848
3628 3204 1844
2668 2122 1844
2659 3201 1844
3930 3237 1842
2979 3709 1842
4171 2088 1840
2348 3533 1838
4330 755 1836
42 114 1832
2632 2716 1828
966 3076 1828
4148 3833 1826
2748 394 1826
2714 200 1822
3339 2608 1820
4099 1577 1820
1779 2804 1820
2332 3823 1816
1305 4037 1814
3667 1538 1814
2079 721 1814
3448 1277 1814
3286 1266 1814
4877 2522 1812
1669 3180 1812
2515 4090 1812
624 1535 1810
267 3433 1808
903 3519 1808
3286 2571 1808
4789 3611 1808
1616 1336 1806
1471 3587 1806
3494 3589 1806
3054 1218 1806
199 2200 1806
4060 827 1806
697 3587 1804
1888 681 1804
4883 3167 1802
3461 3043 1802
3046 3004 1800
3043 2361 1800
2290 1298 1800
2370 1393 1800
4116 3548 1798
4495 2135 1796
203 3258 1792
1987 2764 1790
2925 3969 1790
2671 883 1788
1507 3717 1788
2711 2666 1786
1207 720 1786
4481 3607 1786
2314 3622 1782
4648 4041 1782
1924 649 1782
1192 3865 1780
4209 3813 1778
4917 3388 1778
4779 2153 1778
3425 1063 1776
130 3135 1776
2188 2962 1774
4568 3368 1774
4682 325 1772
2150 2772 1772
4869 3363 1772
1333 2736 1772
2279 3230 1770
2562 2740 1768
1455 3342 1768
4440 2870 1768
1078 3043 1766
146 3367 1764
505 1434 1762
866 1127 1762
4296 2368 1760
3089 2957 1760
4364 1286 1758
413 3703 1758
2559 2816 1756
2856 1293 1756
2790 3472 1754
2643 3935 1752
4993 2369 1752
1849 284 1750
1695 1221 1750
4717 402 1748
4680 1293 1748
1104 3945 1744
377 357 1744
2498 2613 1744
4904 3720 1744
3890 4023 1742
3968 2979 1742
2748 1405 1738
4018 3871 1738
2029 3771 1738
800 4112 1736
587 3913 1732
2039 1093 1732
600 2108 1730
3482 3360 1730
688 3076 1730
1589 3076 1730
283 3373 1730
229 1873 1728
3263 2572 1728
1385 322 1726
3330 557 1726
4855 3198 1724
4606 3366 1724
1690 3840 1722
2200 2107 1722
434 2511 1722
2945 2029 1722
2219 2326 1722
551 2404 1720
2526 3304 1718
1609 3145 1716
4642 501 1712
1565 4023 1710
3704 2444 1710
4662 877 1708
3659 3872 1708
4582 2891 1708
3449 2915 1708
2149 2578 1706
935 3451 1706
1911 3813 1706
192 107 1700
452 3122 1698
1265 3035 1694
4717 3218 1690
3973 597 1690
1882 1605 1690
4316 5 1688
2814 774 1688
61 3706 1686
3707 4051 1686
4876 755 1684
2799 2573 1682
1310 3602 1682
3562 930 1680
4510 4158 1678
455 2666 1678
4850 3904 1676
1536 3319 1676
3480 3029 1674
3222 4109 1674
4916 3058 1672
3506 938 1672
4352 1893 1670
2807 1737 1670
4950 2106 1670
2011 4050 1670
2439 1424 1670
2495 2716 1668
176 3030 1668
255 3429 1666
4763 4053 1664
3692 3106 1662
383 3896 1662
1753 335 1662
4608 3988 1662
768 3317 1660
1453 1613 1658
1083 2745 1658
3413 2088 1658
4684 3483 1652
953 562 1652
135 2017 1652
3661 1063 1650
3304 47 1648
3535 3212 1644
2502 546 1644
4515 2103 1644
3757 2347 1642
2816 3661 1640
2582 3763 1640
794 2117 1638
173 2434 1636
3879 1683 1636
516 3759 1636
2506 936 1632
4492 4152 1628
1549 2686 1628
4899 1399 1628
1918 2230 1624
4628 2783 1624
4330 4087 1622
593 297 1620
91 3569 1620
653 132 1614
3356 1817 1612
4221 3887 1612
1694 3511 1610
2046 3965 1610
2540 3986 1608
2865 3205 1606
1902 4139 1604
2398 3871 1604
1736 4179 1602
4962 2586 1600
1030 2112 1600
2169 1949 1600
4648 2613 1600
4096 884 1598
2714 1784 1592
663 2541 1592
1669 1719 1590
2856 555 1590
146 2446 1588
2298 3686 1588
3093 2022 1588
3475 3368 1586
3776 3777 1586
828 3394 1586
4961 3180 1586
1576 3881 1584
2556 4073 1582
3055 1742 1582
1215 3692 1580
2042 1601 1578
4017 1075 1578
602 273 1578
3293 3460 1574
4028 819 1574
4018 2610 1574
4471 3773 1574
1120 108 1572
1773 3986 1570
2557 2677 1568
1899 3407 1568
1222 3753 1568
1757 3000 1566
1710 2952 1566
2033 554 1566
992 3814 1566
4325 1871 1564
4829 2121 1564
2127 3085 1564
4359 3614 1562
2539 1936 1562
2689 1805 1562
179 1068 1560
2693 2059 1560
4249 3928 1556
3701 2741 1556
2353 3365 1554
1546 152 1552
318 3272 1552
4851 1129 1552
2516 2468 1550
1732 940 1548
976 2713 1548
1047 126 1546
4443 1233 1544
3782 3904 1544
193 2077 1544
1825 3235 1542
3249 3792 1542
1573 1434 1542
2714 2696 1540
3506 352 1540
3135 1939 1540
4194 1095 1536
1952 3765 1534
1565 4071 1534
4470 4002 1534
542 1641 1534
2624 853 1532
3122 858 1532
2174 2797 1532
1844 2400 1530
2210 3671 1530
2226 4060 1530
1206 2663 1528
1513 3993 1528
2501 1325 1526
2580 2932 1526
2543 118 1526
4915 3349 1526
1956 3934 1524
1831 3804 1524
3483 3328 1524
4924 1139 1524
2988 1365 1524
2579 1409 1522
2857 774 1522
2053 2948 1522
4215 3444 1520
3274 2607 1520
1224 2802 1520
3090 126 1518
3465 2997 1512
1096 3786 1512
1483 4083 1512
3272 840 1510
1165 1012 1510
1412 4122 1510
62 3555 1508
2764 4 1508
2391 2223 1508
4142 2755 1508
3376 2699 1508
1937 2577 1508
1068 3455 1506
4113 3090 1506
3544 3915 1504
2113 3112 1502
2044 2019 1502
3252 4202 1500
3908 260 1500
1761 670 1500
4586 4230 1496
4828 1311 1496
131 2329 1494
1992 4105 1492
3897 4125 1488
900 1162 1488
4161 4053 1486
4225 1057 1486
2147 3161 1484
52 3663 1484
873 3983 1484
2946 2198 1484
720 3491 1482
2519 2298 1480
1803 2648 1480
2129 4010 1480
2840 3260 1480
2225 3122 1480
812 3193 1478
3231 1020 1478
2719 4146 1478
4498 3941 1474
862 3234 1470
3141 4091 1470
1494 3231 1468
90 2570 1468
2383 651 1466
869 3024 1466
2954 1181 1466
3322 3596 1464
126 3883 1462
2597 343 1462
3100 3470 1462
143 3001 1460
3687 1573 1460
1353 3882 1460
4010 1769 1460
2899 4000 1458
1016 3125 1456
4015 3986 1454
883 4266 1454
3581 3665 1454
80 776 1450
1031 1063 1450
4241 2652 1448
4009 4006 1448
4689 2579 1448
3573 3918 1446
692 563 1444
4219 2816 1440
2366 3926 1440
4783 4102 1438
1535 3046 1438
2940 2430 1438
1208 2640 1436
337 3411 1436
2352 2665 1434
845 659 1432
4744 1893 1432
965 1976 1432
3047 494 1432
4693 1087 1430
4859 1656 1430
2041 2368 1430
3308 4124 1428
3603 1533 1428
682 1258 1426
3848 2455 1424
805 3943 1424
3737 3465 1424
2052 90 1424
3644 3731 1420
4102 2709 1420
1063 223 1418
4295 2064 1416
4166 4146 1414
2820 2106 1414
3267 430 1412
1126 3932 1412
2835 3955 1412
2769 2504 1412
4934 3059 1410
3539 622 1408
3167 3592 1408
2097 3745 1408
139 3655 1406
1789 3013 1406
1773 3172 1406
3720 2258 1404
1463 3821 1404
1986 4268 1402
4676 3868 1402
763 4072 1400
3549 4295 1400
2479 3277 1400
2168 1096 1400
4320 3615 1398
1984 3088 1396
3516 3218 1394
4369 1919 1394
3700 3307 1394
264 2861 1392
4217 3428 1392
4832 2084 1392
1738 3486 1390
2362 1748 1388
1528 2293 1384
732 4262 1382
1405 3866 1382
669 3165 1382
1697 1676 1382
1221 793 1382
4532 3182 1382
1430 3212 1376
271 4251 1376
2218 2776 1374
3262 4300 1374
1920 4215 1374
4150 1882 1372
2018 2976 1372
1667 3006 1372
2258 2854 1372
2291 3326 1370
1085 3659 1370
1979 4013 1368
2380 3766 1368
3563 2850 1366
3253 3071 1364
1408 2614 1362
3757 2938 1362
1640 4010 1362
2480 4234 1360
4455 2127 1360
890 3119 1360
625 1775 1358
4421 2358 1358
3582 1588 1356
1785 463 1354
2565 2004 1354
4292 4049 1354
3880 3510 1352
1259 1415 1352
4668 3482 1350
4477 3452 1350
650 4288 1348
4172 1621 1346
2809 4276 1344
1404 1579 1344
826 286 1342
2853 4236 1342
4845 3825 1340
684 4219 1340
2578 4089 1338
3344 4275 1338
2383 3442 1336
4107 3043 1334
3292 4028 1334
4617 2876 1332
3348 3710 1332
2701 2838 1332
2828 274 1330
4672 3924 1330
4852 4010 1328
4588 3359 1328
3785 3972 1326
2181 2941 1326
1769 4047 1324
149 2137 1324
799 3479 1324
4894 540 1322
4389 4068 1322
4137 2913 1320
4536 3544 1320
4749 3118 1318
573 3517 1318
1546 3329 1318
517 4036 1316
871 4265 1316
3180 9 1316
209 2336 1316
142 3467 1316
4294 3535 1314
1140 1039 1314
2030 513 1314
4387 4078 1310
1315 3904 1310
912 1470 1308
2312 2831 1306
624 3802 1306
4707 3966 1304
1951 3378 1302
636 2266 1300
3634 277 1300
2773 4303 1300
3056 4348 1298
4351 4003 1298
1896 251 1298
2334 3056 1298
2335 2903 1296
2916 3837 1296
4313 2238 1296
2220 3665 1294
4797 791 1294
4211 3027 1294
4926 864 1292
2746 269 1292
4023 588 1292
955 4319 1292
4356 615 1290
3459 3453 1290
2694 3593 1288
606 2167 1288
3902 3683 1286
2198 1050 1284
122 4249 1282
3845 1193 1282
1016 955 1280
4278 1550 1280
4496 1510 1278
943 2191 1278
4220 2006 1278
1451 4171 1278
3491 2245 1276
2008 4189 1274
4080 2437 1274
918 3908 1272
3443 465 1272
4838 225 1268
1260 1140 1268
2989 1542 1268
3565 1492 1266
3963 869 1266
1111 3750 1266
1810 4293 1264
481 3095 1264
2898 3511 1264
4754 921 1264
477 4197 1262
4772 4042 1262
4756 4208 1260
3353 3755 1260
4254 4312 1260
3956 2046 1258
4656 1482 1258
3286 4025 1258
585 4297 1256
4826 2519 1256
2791 3229 1256
312 2106 1256
742 3683 1254
1412 2463 1254
2864 3793 1254
1388 3104 1252
3544 4318 1252
1487 4233 1252
4727 3130 1252
3747 1063 1250
1122 2659 1248
2761 2514 1248
883 3096 1246
4116 1513 1244
3875 2281 1244
580 40 1242
568 4198 1242
4601 1510 1240
1663 3666 1240
538 2294 1238
3345 793 1238
4342 3984 1236
2721 4071 1236
1171 1881 1232
1748 1793 1232
4752 4361 1232
2318 4204 1230
1160 2608 1228
4170 4382 1226
1687 4126 1224
4651 4153 1222
2865 3777 1222
3630 4184 1220
4751 3718 1220
296 537 1220
833 1597 1218
1151 3833 1218
220 1898 1218
2280 2551 1218
4288 2401 1216
457 1398 1216
1783 2751 1216
3159 4026 1216
1810 1785 1214
4067 4193 1214
5 4130 1214
30 4362 1212
1409 2955 1206
256 3283 1206
1576 4152 1206
3672 3414 1206
4511 3962 1204
2292 2139 1202
4310 596 1202
4861 409 1202
4899 4217 1202
2881 2429 1202
1361 3417 1202
1017 4092 1200
2308 4245 1200
3791 2697 1200
2340 4280 1198
3190 3469 1198
865 2967 1196
1768 3884 1192
2926 2839 1192
4300 524 1192
3666 3429 1190
1399 3778 1190
3086 4344 1188
2878 3090 1188
431 2266 1188
237 4069 1188
622 3757 1186
1718 3590 1184
1307 4328 1184
3364 4094 1182
4739 3895 1182
876 4156 1178
1352 2899 1178
2114 4174 1178
2085 3070 1176
1684 3782 1174
476 3563 1174
3202 3089 1172
3147 2237 1172
3386 2201 1172
2022 4185 1172
337 2811 1172
1827 2851 1170
3216 290 1170
249 3375 1170
3126 2805 1170
4561 4318 1170
2049 3588 1170
1528 3111 1168
26 2491 1168
3973 1524 1166
1403 1167 1166
2076 928 1166
4282 4258 1166
4892 3652 1166
3562 3472 1164
2547 350 1164
3675 3790 1164
839 3937 1162
4755 3752 1162
2628 2362 1162
672 4096 1160
4155 2661 1160
1190 3950 1160
1827 4264 1160
2406 301 1160
875 3391 1158
630 3617 1156
2735 4040 1156
2970 2046 1156
4163 4004 1156
1567 4410 1154
968 4203 1154
2704 4074 1152
4298 3997 1152
821 3800 1150
4514 2677 1150
2705 3546 1150
2475 4173 1148
2734 4332 1144
814 2949 1142
4365 4366 1136
4636 1203 1136
3086 1395 1136
663 4227 1136
49 3760 1136
1325 2768 1134
4774 4309 1132
4862 4283 1132
308 4266 1132
4718 1997 1132
221 2670 1130
3569 3724 1130
3567 366 1130
3513 2414 1128
3837 3914 1128
2228 3831 1128
4044 4230 1128
2019 2014 1128
2371 2551 1128
921 4072 1126
1564 4269 1126
3286 2377 1126
361 1615 1124
3583 4330 1120
4716 377 1120
4580 3908 1120
2987 3914 1120
1293 4049 1120
3086 2166 1120
3290 3773 1118
3589 1779 1118
2274 4036 1118
976 2500 1116
763 4321 1116
3218 4002 1116
3607 886 1112
875 3254 1112
3885 1277 1110
580 3987 1110
761 2964 1108
720 4047 1104
952 3056 1104
4453 762 1102
1872 1509 1102
3145 1839 1100
1851 4302 1100
2687 2562 1100
2985 4396 1100
586 1091 1100
1506 1261 1100
154 2752 1100
566 1957 1098
3270 2580 1098
556 3093 1094
4618 4282 1094
4457 4424 1092
3213 2527 1092
612 2670 1088
3938 938 1088
1080 1997 1088
1546 4438 1084
2967 3467 1084
4373 2907 1082
2559 2821 1082
4225 3163 1082
4263 1911 1082
3455 3232 1082
2588 3823 1082
3912 4163 1082
2562 4251 1080
1923 3813 1080
4296 3080 1080
1661 4036 1078
943 3822 1078
526 573 1076
4477 2078 1076
2520 3235 1074
1169 3236 1072
1910 3696 1072
104 2874 1070
424 3596 1070
1978 2392 1070
2714 2190 1070
2799 578 1068
87 1098 1068
831 4344 1068
4962 2804 1066
660 3889 1062
1749 922 1062
755 3983 1062
3060 3588 1062
4985 4018 1062
2229 2845 1060
4544 4274 1060
3737 952 1060
919 3786 1060
4944 1532 1058
743 3554 1058
1281 243 1058
2105 4181 1056
1988 4432 1054
4366 4441 1054
1745 734 1054
1334 3798 1054
2779 4154 1052
627 1681 1052
1216 4147 1052
2210 3178 1050
1538 4350 1050
4689 2696 1050
445 4283 1048
3946 2154 1048
3940 2629 1044
614 2726 1044
750 2310 1044
1837 3727 1042
954 3063 1040
1242 1548 1040
37 2619 1038
2099 4409 1036
488 2249 1036
2790 3734 1036
2075 3472 1034
758 754 1034
4272 4100 1034
552 4359 1034
3121 3683 1032
1992 4313 1032
1792 4394 1030
1962 4074 1030
1613 1754 1028
4929 3163 1028
1569 3735 1026
2541 4237 1026
3176 4461 1026
1913 2720 1024
2517 3922 1024
927 2357 1022
1500 4425 1020
4377 4123 1020
4584 2758 1018
1794 1646 1018
2156 4093 1018
2859 2678 1016
493 4362 1016
4658 1250 1014
3896 3908 1014
2960 2049 1012
316 4164 1010
1725 3625 1010
435 1985 1008
4824 3596 1008
4992 4288 1006
4137 781 1006
540 3787 1006
281 1775 1006
972 2381 1006
2413 519 1004
776 4195 1002
4716 3544 1002
2629 2960 1002
2709 4242 1002
1066 4211 998
3459 4362 996
1182 3840 996
4742 2424 996
872 3148 994
1324 3366 994
3881 1212 994
4001 4164 992
2300 195 992
1264 4336 990
4573 4123 988
2761 4095 988
1222 3744 986
1948 1128 986
231 2734 986
4428 4476 984
781 807 984
2942 2790 984
2476 4064 984
790 1279 982
2589 4174 982
1947 2353 980
1523 3705 978
3902 428 978
3462 3829 978
954 4151 978
2574 2386 978
1678 343 976
1208 3591 976
739 4285 976
449 3801 974
2081 2560 974
3620 3487 974
3213 889 972
3403 3320 972
1755 1216 970
1830 712 970
1998 2966 968
4420 1381 968
2524 3047 966
1452 4316 966
3138 1641 964
3257 776 964
2390 4019 964
847 2806 960
901 3995 960
2998 2276 958
4976 3517 958
4377 4388 958
847 3798 958
3940 4472 956
911 4259 956
1181 3953 954
4830 3555 952
3383 2940 950
22 2130 950
3927 4157 948
886 4080 946
1339 2606 944
2070 3348 944
881 4005 944
4798 2998 942
508 1373 942
4041 4144 942
758 4143 940
854 1583 940
4198 517 940
716 4324 938
86 829 938
3792 4021 938
4332 3234 936
3749 2471 936
663 428 936
4583 3736 934
2980 3843 932
577 4460 932
3625 4169 932
4197 3767 930
123 3223 930
2916 3876 930
3246 4403 928
492 3924 928
416 529 928
2905 1786 926
2967 1480 924
4384 4529 924
2458 4529 924
4867 4441 924
2737 2506 922
3310 3905 920
1888 4398 918
1564 4324 916
3967 2303 916
1843 4296 916
4780 1038 914
2832 1081 914
2571 4016 914
4038 866 912
216 2927 912
654 3452 912
2829 3464 912
1462 4529 910
2109 3521 910
2575 3873 910
4063 3823 908
857 3519 906
3882 2080 904
1700 2007 904
2135 4488 902
2021 4112 902
4234 4315 902
1189 4279 900
488 3620 900
4664 3072 900
2454 3323 900
4870 3555 898
1201 3965 896
4893 1112 896
251 3314 896
2868 1967 896
3138 2265 894
346 1395 894
878 3096 894
2803 4236 892
4330 3808 892
2884 2664 892
2099 4371 892
1971 1720 892
3195 1969 890
997 3142 890
1217 2035 890
3058 4507 888
1642 2576 888
1017 2806 886
565 2859 886
2351 1353 886
1222 4088 884
4411 4269 880
4968 3894 880
189 4441 880
1004 4168 880
3258 2008 880
3923 3482 878
3119 4041 874
4247 3990 870
3684 4085 870
1752 3341 870
4657 4443 868
1726 1045 868
4912 2998 866
835 3761 866
2915 3310 866
917 4455 866
2980 4529 864
2844 2748 864
2124 3982 864
4587 1931 862
3246 4496 862
887 3503 860
3710 3913 860
3863 2787 860
2448 3695 860
2131 4556 856
1085 3012 854
2699 4035 854
127 4421 854
2110 244 852
4659 4326 850
2599 3641 850
2461 3708 850
3625 4541 848
805 4175 848
2618 462 848
89 4565 846
247 4334 846
1952 4573 844
2177 346 844
401 4524 842
2762 1816 840
4944 4012 840
461 4479 840
2708 4161 840
4156 4399 840
4289 4418 840
2816 3638 838
4297 3313 838
1974 3042 836
1950 3668 834
602 4468 834
2065 3453 834
2615 2674 834
157 2806 834
154 4550 834
1025 1144 830
1729 3609 828
3719 3568 828
3939 358 826
232 3512 824
3834 2920 824
3255 3723 822
4770 1995 822
1506 4222 822
3097 204 820
2853 4420 820
4605 2193 820
2590 3652 820
4432 4542 820
2843 1730 820
4962 1397 820
3218 2325 816
4705 2243 816
30 4488 816
1125 1921 814
1804 4299 812
578 3087 812
13 341 812
3900 2408 810
2748 4155 810
4603 3624 810
3285 3808 810
1641 762 810
2396 3587 810
800 3865 808
2595 3845 808
4816 4100 808
4172 2634 806
3013 4179 806
3422 3531 806
3385 3944 806
80 4377 804
4137 3864 802
128 4499 802
1913 4122 802
3255 4570 802
4024 1699 800
4666 4160 798
3433 4442 798
1461 4533 796
907 1966 794
1508 1124 792
3114 3066 790
3739 2189 790
900 3658 790
980 2350 790
4793 4522 790
3440 2765 788
3798 376 788
1461 3634 788
365 4442 788
397 4460 788
2241 2464 788
3782 4130 786
1999 4142 786
1898 2800 786
808 3614 784
2782 3957 782
291 4305 782
4750 1629 782
1362 2901 782
4920 2156 780
4735 2146 780
3190 615 780
520 4086 778
2365 1984 778
497 4113 776
2689 4480 776
2354 1861 776
2569 3001 774
1050 1315 768
3515 3958 768
4594 881 768
2791 3073 768
460 4441 766
3113 1465 764
4864 3328 764
1345 2000 762
4487 4462 762
3464 4431 762
678 4175 760
925 2496 760
4793 3303 760
3308 858 758
1372 4514 758
1306 741 758
2552 3777 756
2356 1993 754
123 1253 754
2339 2507 754
4851 4300 754
3075 3127 752
3898 2391 750
1627 4340 748
313 4507 748
4410 1315 748
1589 3263 744
1821 4342 742
1411 4585 740
3180 2179 740
2978 3822 740
3184 2115 738
2451 4353 738
4742 2052 738
4535 3250 738
2998 4553 736
1296 1572 736
3031 4579 736
3202 1387 734
716 2875 734
4344 4622 732
4404 756 732
2322 4494 732
2364 1700 732
1653 4441 730
2561 2501 730
2657 3914 730
1319 476 730
424 4038 730
2053 2986 728
3742 3305 728
4549 4245 726
3314 3805 726
4056 262 724
4679 4497 724
69 182 724
614 1853 724
1994 1706 722
1591 1579 722
474 1388 720
2355 4192 718
3349 3645 718
1041 4639 718
860 3786 718
763 643 718
1252 4474 716
575 4463 714
3254 2238 714
2840 4502 714
4963 710 712
4780 1408 712
1050 3355 710
947 2710 710
3266 4151 710
2368 4347 710
3117 4321 708
2926 3035 706
1085 4112 706
555 497 706
285 2886 706
3866 4171 704
834 4532 704
1617 3797 702
1343 4205 702
4116 2864 702
1073 1878 700
1209 4456 700
1405 2493 700
4432 4587 700
2351 4457 700
283 3075 700
2804 4512 700
2714 4648 698
280 2573 698
4779 4484 698
204 2806 698
4968 4167 696
14 271 694
432 3917 694
4344 3994 692
4474 4131 690
1307 1244 690
1600 2862 688
3205 4190 688
599 3018 688
601 4320 688
1835 421 688
513 1881 688
23 3710 688
3591 4252 688
3189 1774 688
4789 644 688
2049 3913 686
2146 2263 686
4805 894 684
199 4369 682
3621 4149 680
3982 416 680
4307 2598 680
3926 2157 678
1389 4369 678
3583 892 678
1590 4147 678
476 1000 676
4545 3322 676
3321 622 674
1758 2915 674
2537 4247 674
3802 2260 674
2853 4623 672
1409 3171 672
723 3369 672
4734 2989 670
391 4522 670
469 2615 670
4257 2864 670
2471 4127 670
3377 2678 670
1268 850 670
638 4414 666
1646 2815 666
1398 4395 666
44 4594 664
4380 2968 664
4130 410 664
4120 479 664
2269 3333 662
1579 4669 660
1288 4583 660
4631 2542 660
1297 3707 660
3861 3818 660
2230 1499 658
4946 3784 658
573 4393 656
923 2902 656
307 3862 656
456 3009 654
2475 4378 654
3367 4474 654
2531 3412 652
3887 4576 652
2724 3185 650
28 3152 650
3275 3895 650
1635 4363 648
2169 4347 648
3872 4331 648
3299 4669 646
2353 4268 644
2095 4352 644
2261 4361 642
291 4648 640
256 4247 640
798 4408 638
730 935 638
2181 3706 638
2193 3912 638
297 4229 638
4783 3117 638
2101 666 636
4807 3550 636
3899 464 632
1998 4046 632
2775 4235 632
248 4115 632
3486 4504 632
1765 2476 632
1971 1891 630
90 4371 628
4408 2274 626
4768 632 626
1441 3900 626
3323 4502 624
3916 195 624
4560 3254 624
2991 1321 624
360 4541 624
1295 4474 622
1991 4528 620
4052 918 620
699 344 620
1208 2024 620
3764 151 620
1964 1041 618
3846 2968 618
1237 3309 618
940 4556 616
2628 4432 616
2591 3076 616
3335 4342 614
3780 3881 612
2946 1116 612
3233 4441 612
3898 4226 612
4083 3428 610
3364 85 608
1722 4580 608
4779 3893 608
4213 2518 608
4361 2521 606
3831 1566 606
4611 4426 604
1241 4372 602
1017 1518 602
298 4400 602
3155 4623 602
2637 3108 600
2634 3967 600
1834 4571 600
2156 4668 600
3488 4480 598
4666 3668 596
4068 2886 596
4547 4699 596
3828 731 596
3680 4529 596
1363 1003 594
1291 3592 592
4224 3176 592
177 4310 592
4246 3541 592
2820 4415 592
4072 4419 592
4753 3204 590
1952 2770 586
2209 4615 584
678 2784 582
2448 719 582
1494 4664 582
4823 3536 580
4345 1521 580
428 3989 580
2473 2965 576
2303 1090 574
1982 743 574
4555 1473 574
4436 4229 574
1565 1834 574
259 2125 572
4534 4238 570
2151 624 570
332 4437 570
813 2893 570
4453 3232 570
812 3981 570
1 790 570
4799 4472 568
1896 4201 568
3557 3122 568
3902 3540 568
1992 4021 566
4541 4630 566
3490 2127 566
3657 1892 564
2508 762 564
1620 2198 564
3481 4477 564
875 2846 562
3870 3748 562
3275 3401 562
4852 4259 562
4218 4065 560
2753 4164 558
3806 932 558
1696 4553 558
1545 3663 558
31 4706 558
2286 4313 556
4043 4640 556
1331 3847 554
3672 2900 554
3119 3786 554
3338 113 554
1626 4210 552
1161 3373 552
4408 4649 550
1747 4128 550
4013 3939 550
645 2910 550
37 3777 550
4300 3737 550
4406 4174 548
2566 2582 548
338 3896 548
2064 4663 546
1105 3036 546
3485 3665 546
1123 4549 546
3167 4093 546
2608 1038 544
802 4007 544
3073 2274 544
1077 2937 544
3412 3576 542
3583 4618 540
1624 599 540
1682 3118 540
1499 2340 540
3132 3524 540
938 3517 540
2552 3874 538
1365 2134 538
2457 4711 536
4790 1619 536
3244 4627 536
1095 4476 536
4148 1261 534
3516 4688 534
3133 3084 532
2112 4700 528
2913 2717 528
719 4669 528
1890 3876 528
3425 1102 528
2098 4471 524
3708 4626 524
215 4693 524
2123 2503 524
3709 3247 524
2662 4319 524
1007 3212 524
3811 3987 522
3576 2436 520
3339 4576 520
2288 4581 520
4346 4597 520
450 4552 518
591 4618 518
737 4538 516
4888 2772 512
138 4554 512
1802 3693 512
1827 4088 510
1677 3072 510
4602 2057 510
1470 4633 510
1974 3663 506
1649 3838 506
3412 2065 504
4393 3600 504
698 3040 502
4928 3649 502
3023 4695 500
1308 4391 500
3743 3329 500
57 4670 498
2279 4307 498
2780 4446 498
3351 1221 496
2632 4296 496
4165 1910 494
1809 4674 494
3971 2446 494
3041 1310 492
3132 4708 492
2175 3770 492
1011 4168 492
1691 2968 490
2025 2487 488
1686 4309 488
3310 4457 486
2728 4516 486
2778 4272 486
2308 2875 486
421 4496 484
4304 4660 484
1885 3226 482
3358 4524 482
3713 519 482
706 4219 480
3883 4631 480
574 3498 480
3437 4415 480
1661 2431 478
4936 4482 478
118 3658 478
1597 4728 478
2535 2811 478
3306 1708 476
3904 2736 474
542 1245 474
819 4248 474
1759 2915 474
2380 4688 472
4072 1571 472
1382 839 472
4842 2888 472
2928 4579 472
4325 3573 470
2203 3286 468
4428 301 468
3309 4148 468
4559 4176 468
1931 3979 468
1537 4253 466
2466 4397 466
3285 3870 464
2488 1101 464
1685 4631 464
4810 4673 462
3598 2208 462
2455 4258 462
1048 4564 462
1608 4694 462
3765 4123 460
293 3129 460
2787 4569 458
3709 1246 458
2588 1137 456
2767 4433 456
2212 4284 456
887 4586 456
2354 4420 456
2687 3246 454
187 4516 454
2403 4502 454
2332 2721 454
457 4700 454
1481 4744 454
205 4464 454
2612 1502 454
3266 4483 452
4417 3966 452
4402 4761 452
4508 1016 450
4312 4295 450
4348 3381 450
360 4584 450
1908 1727 450
1486 3932 448
3430 3697 446
1239 4179 446
4028 4520 446
231 3125 446
2982 2819 442
2510 3603 442
2861 3125 442
2483 1357 442
1179 2521 440
4180 4537 438
59 3924 438
3446 4617 438
2599 3678 436
3455 4278 436
4584 4741 434
2459 3862 434
239 4340 434
441 2822 434
740 4098 434
4033 2995 432
4308 3781 432
2850 4485 432
3503 4240 430
4006 2115 430
1505 4244 428
1959 1390 428
4619 54 428
4272 2428 428
2691 4537 426
4465 889 426
987 603 424
1931 4699 424
1674 2077 420
939 2054 420
4571 4508 420
3732 4066 418
458 3943 418
1915 3170 418
1288 1498 418
3272 4756 418
1564 2124 418
2947 3936 416
2651 4573 416
2347 3341 416
1345 3015 416
1984 746 414
4462 4604 414
1076 4539 414
3491 4307 412
530 3188 412
4141 917 412
234 3561 412
2478 3616 412
4048 4527 410
4010 3879 410
2910 1471 410
2710 1742 410
729 4724 410
4499 2931 410
3565 4769 408
451 927 408
332 4006 408
774 4459 408
1165 4325 406
4123 4631 406
664 4480 406
659 3465 406
503 4145 406
1381 3521 402
4859 3327 402
1579 1233 400
1980 4791 400
3718 4285 398
2818 4796 396
3997 4171 396
925 4721 396
3966 4783 394
2811 4145 394
3221 3818 394
1787 4790 394
3842 4529 392
821 404 392
347 551 392
140 3200 392
2181 4711 392
3705 3376 392
3425 4539 390
614 3117 390
3422 3473 390
306 4737 390
3722 598 390
4312 4678 388
4899 3029 388
305 1362 388
4036 4489 388
4341 4599 388
1283 4483 386
1576 4527 386
1069 167 386
3135 4591 386
333 4728 386
323 1067 386
1067 27 384
759 4658 384
2746 1337 384
3244 4242 384
4990 3700 384
990 4053 382
1143 4139 382
1823 4778 382
3471 3535 382
4875 1840 382
2706 674 382
4527 2518 382
907 3505 378
3171 404 378
3245 901 378
4623 2582 376
56 4473 376
3424 4811 357
4814 4160 374
4066 3823 374
1176 4406 372
4056 4294 372
3542 3838 372
4334 2086 370
4208 4778 370
4008 2513 370
931 1315 368
2745 4702 366
416 4711 366
1740 3936 364
1271 1229 364
750 4333 362
4307 4785 362
2890 4444 362
4544 1553 358
2489 45 356
1503 563 356
147 3313 356
2855 4599 356
2249 4510 356
3447 4300 356
4860 4820 324
3774 2986 354
677 3491 352
603 4759 352
3384 4631 352
2629 2185 350
702 4679 350
1544 3234 350
3608 3652 350
733 4554 350
2149 3502 348
4943 1091 346
4334 3934 346
4198 3838 346
3166 653 346
3501 4231 344
2908 3745 344
297 4274 344
2567 3759 342
4015 4070 338
965 2313 338
4596 3400 338
4082 4764 338
3027 4739 338
4485 1299 338
847 3584 336
2243 2183 336
661 2398 336
2062 1361 336
1641 3929 336
2177 3604 336
571 4793 334
3587 4739 334
190 2484 334
1186 4520 334
1935 2043 332
3014 4666 332
3024 4543 332
3505 4689 332
940 3562 332
3530 3813 332
181 4145 332
4473 2917 332
2164 4669 332
4466 4458 330
1113 562 330
170 3830 330
4359 4673 330
4722 1708 330
1362 4716 330
1487 3047 330
3992 4629 328
3087 3243 324
2096 3788 324
1427 2976 324
4266 4693 324
5000 4703 322
3159 2750 322
2428 4274 322
4160 4575 322
666 4604 320
1020 4690 320
3265 1891 320
878 4756 320
3994 3594 318
2842 3121 318
2592 4588 318
1268 2625 316
3837 4753 316
4374 3917 314
4233 4512 314
4776 3240 314
4934 2167 312
4977 4322 312
310 3508 312
3486 979 310
1053 2158 308
3661 4027 308
1871 3138 306
4441 4253 306
3687 1936 306
1614 642 306
1362 1731 306
1032 4115 304
4911 4728 304
4853 895 304
1570 4737 302
3850 4830 289
1174 4061 302
4372 4199 302
2190 3014 300
3084 4777 300
749 1345 298
4733 4629 298
2513 4826 298
2544 4750 298
1366 2436 296
4887 4785 296
1917 2591 296
3731 4839 259
2230 4746 294
3210 2047 294
3544 2192 294
3703 3869 294
2105 4085 294
4055 3025 294
252 3602 292
1464 4836 268
492 2508 292
1715 4836 268
2868 3068 290
3824 4533 290
626 4624 290
1603 4759 290
3480 4845 240
3696 4370 286
3905 4848 231
2451 4624 286
327 2649 286
609 4509 284
3319 3012 284
1894 1638 284
2516 4802 282
190 4788 282
4017 3676 280
1594 3928 280
572 3665 280
815 4300 278
186 1895 278
2120 4703 278
1075 827 278
1475 4511 278
4299 4771 274
2130 4741 274
1567 4534 274
2798 4406 272
1327 4113 272
4928 3161 272
1079 3902 272
1099 3701 270
22 2956 270
921 2180 270
1998 4568 268
4327 4145 266
143 3776 266
1975 2465 266
1271 3242 266
357 3069 266
4874 4152 266
4833 4503 266
2024 4147 266
1588 4590 264
100 4189 264
2516 4177 264
4488 3581 264
2481 1493 264
621 3607 262
4328 3171 262
4331 3317 262
158 4757 260
4610 3025 260
4565 3130 260
4288 4550 260
4786 3707 260
2923 4429 258
2983 4629 258
2444 2832 258
4985 4831 258
1919 869 258
3258 4692 256
2200 2166 256
250 2807 256
2855 4739 254
2174 4867 176
1832 4392 254
4705 4788 254
1342 4168 254
1303 3968 252
2128 3614 252
2129 3903 252
4264 4567 252
3775 4379 250
1092 4240 250
3301 4857 204
1246 2775 250
3501 4539 250
4204 3049 248
1045 3272 248
780 2983 248
2087 4699 248
4037 4813 248
4869 4146 248
3573 4394 246
4788 4033 246
3132 4826 246
4595 3987 246
1828 4134 246
132 3121 244
4250 4639 244
3649 4582 244
4991 4864 184
3467 4783 240
3705 2757 240
400 4568 240
2128 4808 240
3037 966 240
2306 4723 240
4599 4854 213
2685 4324 238
2387 4865 182
28 4740 234
2887 4315 234
4446 4362 234
3223 4659 234
1802 4872 163
3375 4795 232
4428 3372 232
2063 4161 232
2517 2054 228
498 2022 226
4767 4534 226
300 4862 190
2362 4805 226
3018 4158 224
2577 2276 224
4669 4573 224
1836 3088 224
3997 4096 224
1673 4735 224
1155 899 224
4293 2698 222
4827 2944 222
1334 4778 222
2973 4752 222
1028 4632 222
1674 4864 184
4215 4225 220
4615 4800 220
4701 4748 220
2161 4361 220
4666 4873 161
3961 334 218
4569 4784 218
3383 4489 218
4840 2136 218
3504 4437 218
3395 1926 218
28 3067 218
1950 4869 171
3754 4672 216
2596 4598 216
3385 4863 187
4758 4385 214
127 3559 214
4411 4738 214
583 4786 214
4779 2932 214
4293 1905 212
2087 4866 179
312 4694 210
2930 4043 210
2269 4885 132
1977 3603 208
233 4877 151
1437 4828 206
3635 277 206
1104 3243 204
3808 4223 204
1955 4793 204
4278 4827 202
1963 2493 202
3232 4443 202
3166 4626 202
1658 2783 200
677 4530 200
1667 4593 200
3090 4546 200
2074 1683 198
200 3743 198
3004 3337 198
712 3210 198
1815 4873 161
3106 4848 196
992 3507 196
4082 4660 196
3750 2379 194
3212 2493 194
3241 1038 194
3957 4507 192
801 3803 192
1581 1864 192
146 4779 190
130 2910 190
1495 2939 188
3507 4456 188
218 4622 186
4507 2449 186
3229 2796 186
70 1697 186
536 4838 186
3395 4699 184
715 3847 184
2609 515 184
2477 1287 184
380 4749 184
4628 3283 182
4198 426 182
3051 4606 182
4697 4837 182
3996 4732 180
99 1775 180
315 3876 180
4105 2195 178
1817 1744 178
996 4719 178
2301 4852 178
899 2733 178
1481 4891 118
1619 2270 176
3978 4905 90
4339 4285 176
2689 3018 176
21 4465 176
3580 4870 169
3739 2810 176
3395 4782 174
2120 128 174
4149 4359 174
4020 4415 172
453 4277 172
3020 931 172
1851 4097 170
3944 4460 170
1657 4838 170
2410 1245 170
3818 2297 170
4058 4867 170
1617 3864 170
4837 1056 168
254 1944 168
1020 4580 168
4067 4096 168
2644 4713 168
655 4079 166
4798 2826 166
3446 2375 164
1348 4685 164
1717 4666 164
2041 3373 164
2234 4876 153
4638 1668 162
3970 3894 162
3217 4603 162
4114 4838 162
4940 4910 81
3066 1268 162
3701 2728 160
3596 3364 158
575 4628 158
516 3780 156
2630 3673 156
1515 4902 96
3072 4792 154
1257 4739 154
129 4387 154
3481 4791 152
2243 4141 152
4148 4898 104
2999 4068 150
2971 4903 94
232 1986 150
2707 4089 150
4358 4041 150
985 2272 150
3067 4428 150
990 4441 148
3724 1424 148
333 4852 146
2747 4827 146
1624 4805 146
106 4841 144
3062 3986 144
1010 4909 82
923 4891 118
2070 3788 144
1185 4922 60
2467 4914 73
4438 4360 144
4719 3878 140
1578 4209 140
3874 4674 140
3440 3457 140
1240 1446 140
1028 1175 140
2153 4039 140
1911 4818 138
2937 3580 138
205 3236 138
1184 10 138
4411 4794 138
4951 476 136
2641 4793 136
3329 4921 62
4235 4925 56
2715 4327 132
3803 4355 132
4504 3849 132
2728 4217 132
2909 4880 132
4602 4397 132
3157 1798 130
1562 288 130
851 2123 130
4393 3248 130
2919 4816 130
894 3882 130
703 4931 47
1187 4077 128
3933 4850 128
546 1104 128
4730 4339 128
3843 4888 125
2748 2204 128
1241 2186 128
390 4701 128
1623 2197 126
297 4773 126
423 3327 126
4269 4757 126
3251 3802 124
1810 4380 124
3382 3234 124
1141 1515 124
4361 4886 122
1801 1645 122
2296 3659 122
3154 1315 122
4857 855 122
4661 2826 122
2781 1907 122
2786 440 120
220 4583 120
240 4727 120
894 4929 50
3351 4931 47
3121 4813 118
3578 4385 116
133 1683 116
2803 4878 116
3517 4404 116
1710 4883 116
4901 4890 114
1398 4190 114
1141 3405 114
4724 4742 114
1986 3548 112
373 4102 112
3268 4171 112
1501 4897 106
155 3384 112
3506 4785 112
3866 3162 112
1992 4851 110
2374 4028 110
1530 4852 110
2105 2157 108
4191 4184 108
1142 2351 108
4911 4511 108
3896 442 108
2905 4847 106
3658 4765 106
3506 4554 106
640 2855 104
2018 4720 104
4759 3888 104
713 4923 59
1781 4324 104
442 4233 104
1368 4271 104
1533 4530 104
2487 4273 104
3554 4936 40
4378 2788 102
3738 3299 100
3721 104 100
812 3796 100
2837 4714 100
104 4950 25
914 4414 98
528 1784 98
2609 4594 98
4495 2234 96
1337 2334 96
992 4782 96
4849 2540 96
4422 2904 94
533 4846 94
697 4639 94
4988 4950 25
3702 733 92
4186 4042 92
4943 4620 92
1843 4552 90
1869 3286 90
1018 3662 90
2724 4898 90
4673 4680 88
3429 4536 88
4890 4633 86
1654 3706 86
1603 4938 38
1291 4646 84
4708 1474 84
3339 4851 84
224 1767 82
4937 4907 82
563 4759 80
3968 4618 80
966 2552 80
2711 4932 46
2241 4817 80
4077 1292 78
4803 3724 78
4516 4159 78
1697 208 78
4303 2390 76
2905 4795 76
3007 3429 76
2804 4894 76
4779 4932 46
2436 3805 76
1550 4807 74
4057 4847 72
3719 854 72
2451 4923 59
2966 4036 72
4704 4919 65
4926 3237 72
2910 4468 72
677 4925 56
1237 4506 70
2986 4956 19
4229 4955 20
2154 2980 70
3321 4892 70
1053 4595 68
768 892 68
4690 4963 13
322 4953 22
2125 4842 68
1263 4421 68
1986 4697 66
3966 2405 66
3004 4905 66
4672 3627 66
4273 4909 64
394 4874 64
3295 4390 64
2923 4900 64
2218 4896 64
4720 4885 64
4563 4956 19
4453 4915 64
215 2540 62
4277 4882 62
3372 1611 62
623 4444 62
3857 1912 62
2070 1541 62
3326 4518 62
2736 4962 14
2714 4903 60
1239 4950 25
943 4621 60
4537 4345 60
2479 2411 60
3369 4898 58
3416 3761 56
1665 4947 28
3190 4774 56
4444 4829 56
2740 2390 56
3138 4362 54
862 3378 54
1048 4201 54
560 4627 54
2887 4919 54
4313 4142 54
3866 4947 28
894 4620 52
3104 3887 52
3021 2916 52
2867 4863 52
185 4650 50
4246 4481 50
4387 1277 50
4734 4911 50
3119 1806 50
1700 4427 50
6 4957 18
4074 4837 50
1948 4956 19
2783 4574 48
1033 4315 48
2390 4900 48
2685 4531 48
4370 4072 46
4268 4678 46
4422 3716 46
2675 4757 46
3798 1549 44
239 2569 44
282 4974 6
2080 1916 42
3781 4967 10
735 4849 42
2200 2443 42
2640 4965 12
2277 4707 40
456 4891 40
431 4870 40
854 3714 40
2061 637 40
3330 1174 40
1769 1065 40
4987 4950 25
1123 2629 40
4199 1384 38
2473 4968 10
3997 4970 9
3134 4625 38
4443 2558 36
2199 3756 36
1682 3896 36
1733 4687 36
2878 2088 36
1748 4685 34
2170 4866 34
3987 4918 34
3964 1811 34
1903 4961 15
3684 4524 34
3950 4744 32
487 4901 32
1123 4515 32
2188 4925 32
285 4251 30
1570 2178 30
731 4755 30
1127 1562 30
2707 4976 5
2024 4763 28
2277 4834 28
4301 4820 28
4722 4439 28
3800 3011 28
163 3718 28
2599 4923 26
4144 2956 26
4536 4743 26
3722 4656 26
451 4961 15
2562 4966 11
4151 4678 26
467 4720 24
551 4986 1
327 4985 2
3703 4559 24
4697 3248 24
4853 4584 22
579 4798 22
2518 4978 4
4538 3127 22
2047 4987 1
899 475 22
2848 4446 22
1853 4988 1
1933 4983 2
1691 4921 18
2409 690 18
1436 4989 1
2102 4945 18
1869 4694 18
150 4974 6
1768 4924 18
2274 4900 16
1148 4029 16
29 4992 0
2546 1067 14
2928 4851 14
721 4863 12
1847 4849 12
306 4825 12
4261 4968 10
3646 4991 0
4139 3794 10
4151 4918 10
2649 4954 10
3305 3000 8
1360 2664 8
4151 2511 8
2992 4905 8
3266 4935 8
1387 4694 8
149 4743 6
767 2067 6
1374 4990 1
3531 4831 6
2645 4456 6
4317 4607 4
1470 4974 4
2039 4861 4
1075 4554 4
80 4989 1
1862 4989 1
4827 4491 2
2823 4757 2
3949 4766 2
4596 4891 2
4582 4944 2
1960 4767 2
1489 4999 0
3481 4964 0
4582 2608 0
4052 4997 0
86 1071 0
3498 4982 0
504 4969 0
2042 4990 0
4367 3352 0
2995 4990 0
546 4994 0
288 4380 0
2821 4949 0
