100 100 4.3589
1 1 98
18 18 67
10 10 81
15 15 72
22 22 60
11 11 79
15 15 72
40 40 36
31 31 47
9 9 82
28 28 51
42 42 33
6 6 88
50 50 25
39 39 37
30 30 49
43 43 32
30 30 49
12 12 77
12 12 77
10 10 81
5 5 82
19 19 65
48 48 27
53 53 22
4 4 76
63 63 13
6 6 64
51 51 24
3 3 60
28 28 51
49 49 26
7 7 54
41 41 34
48 48 27
39 39 37
51 51 24
70 70 9
27 27 44
68 68 10
45 45 30
2 2 38
60 60 16
62 62 14
4 4 34
18 18 34
41 41 32
34 34 30
60 60 16
70 70 9
14 14 28
70 70 9
34 34 26
70 70 9
46 46 24
44 44 22
69 69 9
70 70 9
70 70 9
70 70 9
55 55 16
70 70 9
50 50 14
31 31 14
23 23 14
37 37 14
52 52 14
70 70 9
46 46 12
66 66 11
61 61 12
16 16 12
34 34 10
70 70 9
70 70 9
57 57 8
70 70 9
70 70 9
51 51 8
70 70 9
70 70 9
70 70 9
70 70 9
8 8 4
67 67 4
70 70 9
70 70 9
55 55 4
70 70 9
70 70 9
70 70 9
70 70 9
70 70 9
70 70 9
70 70 9
70 70 9
70 70 9
70 70 9
70 70 9
70 70 9
