100 100 4.3589
14 10 81
9 15 72
14 12 77
9 4 92
16 10 81
12 18 67
24 22 60
18 9 82
2 5 90
39 35 42
24 19 65
43 46 29
29 28 51
33 29 50
12 20 64
43 45 30
43 36 40
38 31 47
23 24 57
47 48 27
57 63 13
53 50 25
50 54 21
3 10 70
11 13 70
23 17 68
1 3 66
16 6 66
11 18 62
11 2 62
49 42 33
35 35 42
46 55 20
24 30 49
63 67 10
33 24 52
63 62 14
4 7 50
76 68 10
18 12 46
40 44 31
46 47 28
27 27 44
32 36 40
39 47 28
56 60 16
34 24 36
88 80 4
66 76 5
78 78 4
40 40 32
49 58 17
23 24 32
66 60 16
39 34 30
44 54 21
39 38 28
88 84 2
93 83 2
56 53 22
26 32 26
62 64 12
38 47 24
74 80 4
84 76 5
77 80 4
74 80 4
70 78 4
49 56 18
67 60 16
87 88 1
98 90 1
38 34 14
6 10 12
83 93 0
51 59 12
80 81 3
62 72 7
71 77 5
10 4 10
58 53 8
71 75 6
73 76 5
85 89 1
79 89 1
85 78 4
82 81 3
92 87 1
99 94 0
42 36 4
103 98 0
51 43 2
106 96 0
49 55 2
55 61 2
73 75 0
101 94 0
77 76 0
78 75 0
85 89 0
