100 100 4.3589
2 12 77
12 22 60
7 17 68
27 37 39
26 36 40
32 42 33
27 37 39
34 44 31
31 41 34
43 53 22
32 42 33
16 26 54
43 53 22
6 16 70
38 48 27
30 40 36
37 47 28
26 36 40
45 55 20
27 37 39
14 24 57
37 47 28
10 20 62
52 62 14
27 37 39
3 13 58
12 22 58
31 41 34
17 27 53
50 60 16
61 71 8
48 58 17
29 39 37
39 49 26
26 36 40
35 45 30
5 15 44
46 56 19
29 39 37
8 18 40
34 44 31
23 33 40
69 79 4
50 60 16
59 69 9
68 78 4
69 79 4
51 61 15
63 73 7
61 71 8
8 18 28
52 62 14
61 71 8
66 76 5
60 70 9
57 67 10
50 60 16
7 17 18
65 75 6
11 21 18
57 67 10
70 80 4
74 84 2
71 81 3
47 57 14
73 83 2
15 25 12
58 68 10
13 23 8
77 87 1
82 92 0
54 64 6
85 95 0
85 95 0
78 88 1
77 87 1
88 98 0
86 96 0
83 93 0
82 92 0
88 98 0
71 81 2
8 18 2
97 100 0
93 100 0
92 100 0
67 77 0
99 100 0
94 100 0
92 100 0
89 99 0
97 100 0
90 100 0
83 93 0
100 100 0
29 39 0
92 100 0
54 64 0
94 100 0
97 100 0
