1000 100 4.3589
4 4 92
1 1 98
8 8 84
4 4 92
9 9 82
3 3 94
5 5 90
2 2 96
1 1 98
14 14 73
4 4 92
10 10 81
15 15 72
18 18 67
2 2 96
1 1 98
19 19 65
6 6 88
2 2 96
3 3 94
4 4 92
7 7 86
24 24 57
5 5 90
18 18 67
18 18 67
16 16 70
12 12 77
22 22 60
7 7 86
22 22 60
16 16 70
25 25 56
8 8 84
7 7 86
24 24 57
7 7 86
27 27 53
23 23 59
15 15 72
9 9 82
19 19 65
4 4 92
7 7 86
20 20 64
1 1 98
13 13 75
31 31 47
7 7 86
32 32 46
9 9 82
8 8 84
22 22 60
18 18 67
7 7 86
27 27 53
16 16 70
3 3 94
2 2 96
15 15 72
6 6 88
25 25 56
26 26 54
20 20 64
8 8 84
15 15 72
13 13 75
23 23 59
36 36 40
18 18 67
10 10 81
16 16 70
33 33 44
33 33 44
28 28 51
2 2 96
35 35 42
21 21 62
30 30 49
26 26 54
38 38 38
27 27 53
41 41 34
27 27 53
25 25 56
10 10 81
30 30 49
17 17 68
27 27 53
3 3 94
10 10 81
38 38 38
13 13 75
33 33 44
3 3 94
26 26 54
21 21 62
33 33 44
18 18 67
42 42 33
41 41 34
31 31 47
13 13 75
34 34 43
16 16 70
43 43 32
37 37 39
32 32 46
34 34 43
21 21 62
38 38 38
39 39 37
9 9 82
25 25 56
27 27 53
44 44 31
18 18 67
27 27 53
37 37 39
38 38 38
37 37 39
1 1 98
4 4 92
44 44 31
17 17 68
46 46 29
16 16 70
31 31 47
23 23 59
9 9 82
19 19 65
4 4 92
20 20 64
37 37 39
13 13 75
3 3 94
34 34 43
1 1 98
1 1 98
43 43 32
24 24 57
42 42 33
42 42 33
10 10 81
21 21 62
36 36 40
23 23 59
6 6 88
20 20 64
45 45 30
42 42 33
26 26 54
46 46 29
41 41 34
26 26 54
35 35 42
35 35 42
44 44 31
46 46 29
36 36 40
6 6 88
46 46 29
37 37 39
5 5 90
26 26 54
22 22 60
19 19 65
35 35 42
32 32 46
19 19 65
24 24 57
16 16 70
42 42 33
27 27 53
47 47 28
7 7 86
6 6 88
32 32 46
6 6 88
39 39 37
9 9 82
14 14 73
5 5 90
42 42 33
53 53 22
17 17 68
10 10 81
29 29 50
2 2 88
40 40 36
44 44 31
11 11 79
26 26 54
46 46 29
46 46 29
48 48 27
51 51 24
18 18 67
13 13 75
7 7 84
34 34 43
7 7 84
56 56 19
46 46 29
49 49 26
41 41 34
22 22 60
22 22 60
51 51 24
51 51 24
12 12 77
58 58 17
25 25 56
54 54 21
37 37 39
2 2 80
36 36 40
51 51 24
15 15 72
29 29 50
31 31 47
12 12 77
46 46 29
24 24 57
56 56 19
45 45 30
56 56 19
35 35 42
57 57 18
17 17 68
3 3 78
28 28 51
56 56 19
21 21 62
39 39 37
49 49 26
58 58 17
46 46 29
54 54 21
36 36 40
20 20 64
49 49 26
35 35 42
37 37 39
60 60 16
3 3 74
22 22 60
3 3 74
35 35 42
24 24 57
53 53 22
45 45 30
46 46 29
38 38 38
55 55 20
47 47 28
61 61 15
49 49 26
45 45 30
54 54 21
13 13 70
10 10 70
7 7 70
28 28 51
64 64 12
42 42 33
30 30 49
36 36 40
12 12 70
46 46 29
27 27 53
48 48 27
62 62 14
2 2 68
52 52 23
9 9 68
5 5 68
10 10 66
36 36 40
26 26 54
4 4 66
59 59 16
27 27 53
47 47 28
64 64 12
49 49 26
36 36 40
66 66 11
58 58 17
62 62 14
61 61 15
60 60 16
39 39 37
37 37 39
38 38 38
24 24 57
35 35 42
39 39 37
38 38 38
60 60 16
67 67 10
65 65 12
66 66 11
62 62 14
42 42 33
23 23 59
32 32 46
14 14 62
44 44 31
4 4 62
63 63 13
52 52 23
7 7 62
30 30 49
11 11 60
33 33 44
69 69 9
7 7 60
40 40 36
51 51 24
53 53 22
37 37 39
54 54 21
68 68 10
37 37 39
22 22 60
15 15 58
31 31 47
69 69 9
60 60 16
22 22 58
64 64 12
21 21 58
53 53 22
68 68 10
31 31 47
59 59 16
54 54 21
59 59 16
32 32 46
57 57 18
65 65 12
11 11 56
36 36 40
46 46 29
30 30 49
55 55 20
19 19 54
18 18 54
5 5 54
52 52 23
31 31 47
44 44 31
12 12 54
18 18 54
63 63 13
65 65 12
70 70 9
46 46 29
70 70 9
12 12 52
64 64 12
64 64 12
43 43 32
60 60 16
66 66 11
31 31 47
14 14 52
60 60 16
7 7 52
58 58 17
60 60 16
62 62 14
68 68 10
37 37 39
65 65 12
59 59 16
50 50 25
52 52 23
46 46 29
67 67 10
6 6 50
70 70 9
70 70 9
32 32 46
31 31 47
68 68 10
70 70 9
63 63 13
20 20 48
60 60 16
15 15 46
11 11 46
61 61 15
16 16 46
65 65 12
26 26 46
16 16 46
61 61 15
44 44 31
32 32 46
38 38 38
58 58 17
53 53 22
13 13 46
50 50 25
70 70 9
56 56 19
70 70 9
57 57 18
15 15 44
19 19 44
70 70 9
70 70 9
17 17 44
18 18 44
39 39 37
52 52 23
13 13 44
56 56 19
54 54 21
30 30 44
55 55 20
44 44 31
38 38 38
41 41 34
70 70 9
44 44 31
70 70 9
70 70 9
38 38 38
46 46 29
16 16 42
59 59 16
70 70 9
9 9 42
66 66 11
69 69 9
70 70 9
19 19 42
23 23 42
38 38 38
19 19 42
28 28 42
70 70 9
67 67 10
60 60 16
70 70 9
41 41 34
32 32 40
51 51 24
65 65 12
30 30 40
37 37 39
70 70 9
34 34 40
3 3 40
70 70 9
70 70 9
22 22 40
54 54 21
53 53 22
66 66 11
53 53 22
62 62 14
31 31 38
61 61 15
42 42 33
14 14 38
70 70 9
56 56 19
41 41 34
70 70 9
2 2 38
65 65 12
47 47 28
11 11 36
39 39 36
67 67 10
70 70 9
70 70 9
38 38 36
70 70 9
65 65 12
63 63 13
17 17 36
70 70 9
57 57 18
65 65 12
7 7 34
21 21 34
70 70 9
49 49 26
49 49 26
59 59 16
62 62 14
70 70 9
64 64 12
70 70 9
18 18 34
44 44 31
70 70 9
40 40 34
15 15 34
55 55 20
17 17 34
54 54 21
51 51 24
70 70 9
64 64 12
70 70 9
70 70 9
70 70 9
39 39 32
70 70 9
45 45 30
70 70 9
59 59 16
39 39 32
44 44 31
67 67 10
46 46 29
26 26 32
66 66 11
70 70 9
44 44 31
70 70 9
70 70 9
70 70 9
70 70 9
46 46 29
70 70 9
70 70 9
13 13 30
70 70 9
61 61 15
70 70 9
15 15 30
70 70 9
15 15 30
68 68 10
70 70 9
20 20 30
67 67 10
31 31 30
70 70 9
30 30 28
46 46 28
70 70 9
23 23 28
70 70 9
43 43 28
8 8 28
23 23 28
23 23 28
70 70 9
3 3 28
62 62 14
65 65 12
70 70 9
14 14 28
47 47 28
70 70 9
60 60 16
58 58 17
19 19 26
70 70 9
70 70 9
70 70 9
70 70 9
31 31 26
70 70 9
44 44 26
70 70 9
13 13 26
63 63 13
70 70 9
70 70 9
53 53 22
17 17 26
53 53 22
54 54 21
70 70 9
47 47 26
2 2 26
70 70 9
17 17 26
70 70 9
53 53 22
67 67 10
70 70 9
4 4 24
70 70 9
70 70 9
59 59 16
40 40 24
3 3 24
21 21 24
70 70 9
70 70 9
70 70 9
70 70 9
44 44 24
36 36 24
37 37 24
58 58 17
10 10 24
70 70 9
5 5 24
6 6 24
9 9 22
56 56 19
70 70 9
60 60 16
47 47 22
70 70 9
2 2 22
41 41 22
70 70 9
56 56 19
57 57 18
7 7 22
38 38 22
39 39 22
61 61 15
70 70 9
10 10 22
70 70 9
59 59 16
40 40 22
25 25 20
70 70 9
56 56 19
15 15 20
26 26 20
47 47 20
64 64 12
70 70 9
47 47 20
34 34 20
67 67 10
66 66 11
70 70 9
43 43 20
70 70 9
43 43 20
15 15 20
58 58 17
70 70 9
65 65 12
66 66 11
70 70 9
70 70 9
58 58 17
62 62 14
70 70 9
46 46 18
70 70 9
70 70 9
70 70 9
53 53 18
20 20 18
38 38 18
70 70 9
70 70 9
70 70 9
70 70 9
70 70 9
70 70 9
70 70 9
70 70 9
70 70 9
70 70 9
54 54 18
33 33 18
70 70 9
68 68 10
70 70 9
70 70 9
70 70 9
70 70 9
35 35 18
4 4 18
26 26 16
25 25 16
40 40 16
58 58 16
70 70 9
70 70 9
16 16 16
70 70 9
69 69 9
34 34 16
70 70 9
70 70 9
70 70 9
70 70 9
55 55 16
70 70 9
12 12 14
70 70 9
70 70 9
70 70 9
70 70 9
70 70 9
62 62 14
37 37 14
70 70 9
65 65 12
62 62 14
70 70 9
70 70 9
70 70 9
61 61 14
70 70 9
14 14 14
69 69 9
50 50 14
70 70 9
70 70 9
58 58 12
70 70 9
70 70 9
64 64 12
19 19 12
29 29 12
34 34 12
33 33 12
70 70 9
70 70 9
70 70 9
47 47 12
35 35 12
69 69 9
15 15 12
8 8 12
70 70 9
70 70 9
70 70 9
70 70 9
57 57 12
63 63 12
70 70 9
22 22 12
70 70 9
58 58 12
65 65 10
70 70 9
70 70 9
26 26 10
70 70 9
70 70 9
70 70 9
57 57 10
70 70 9
37 37 10
1 1 10
70 70 9
35 35 10
70 70 9
70 70 9
70 70 9
35 35 10
70 70 9
70 70 9
70 70 9
27 27 10
70 70 9
38 38 10
66 66 10
70 70 9
70 70 9
70 70 9
42 42 10
70 70 9
49 49 10
58 58 10
70 70 9
70 70 9
70 70 9
70 70 9
70 70 9
70 70 9
70 70 9
70 70 9
54 54 8
70 70 9
65 65 8
70 70 8
31 31 8
70 70 9
60 60 8
70 70 9
70 70 9
4 4 8
55 55 8
70 70 9
70 70 9
51 51 8
61 61 8
38 38 8
70 70 9
66 66 8
62 62 8
70 70 9
55 55 8
70 70 9
70 70 9
16 16 8
48 48 8
70 70 9
64 64 8
70 70 9
48 48 8
62 62 8
41 41 8
64 64 8
52 52 8
70 70 9
70 70 9
56 56 8
19 19 6
34 34 6
35 35 6
70 70 9
70 70 8
70 70 9
70 70 9
48 48 6
70 70 9
57 57 6
16 16 6
70 70 9
70 70 9
70 70 9
70 70 9
70 70 9
20 20 6
42 42 6
70 70 9
70 70 9
70 70 9
70 70 9
70 70 9
70 70 9
70 70 9
70 70 9
19 19 6
70 70 9
70 70 9
70 70 9
70 70 9
67 67 6
70 70 9
26 26 6
34 34 6
65 65 6
70 70 9
41 41 6
70 70 9
61 61 6
70 70 9
13 13 4
7 7 4
9 9 4
70 70 9
70 70 8
70 70 9
70 70 9
70 70 9
12 12 4
55 55 4
7 7 4
70 70 9
70 70 9
70 70 9
70 70 9
70 70 9
10 10 4
70 70 9
70 70 9
70 70 9
32 32 4
70 70 9
70 70 9
70 70 9
63 63 4
68 68 4
70 70 9
70 70 9
18 18 4
70 70 9
70 70 9
70 70 9
70 70 9
70 70 9
70 70 9
70 70 9
32 32 2
70 70 9
70 70 9
70 70 9
70 70 9
70 70 9
59 59 2
70 70 9
47 47 2
70 70 9
70 70 9
70 70 9
70 70 9
23 23 2
54 54 2
26 26 2
19 19 2
70 70 9
68 68 2
70 70 9
34 34 2
68 68 2
70 70 9
70 70 9
58 58 2
70 70 9
70 70 9
3 3 2
70 70 9
70 70 9
70 70 9
70 70 9
7 7 0
70 70 9
70 70 9
70 70 9
70 70 9
70 70 9
70 70 9
70 70 9
70 70 9
70 70 9
35 35 0
70 70 9
70 70 9
70 70 9
70 70 4
70 70 9
70 70 9
70 70 9
70 70 9
70 70 9
70 70 9
70 70 9
70 70 9
70 70 9
70 70 9
35 35 0
70 70 9
70 70 9
9 9 0
70 70 9
70 70 9
15 15 0
70 70 9
24 24 0
70 70 9
70 70 9
58 58 0
70 70 9
70 70 9
70 70 9
70 70 9
26 26 0
70 70 9
70 70 9
70 70 9
70 70 9
70 70 9
70 70 9
70 70 9
70 70 9
70 70 9
6 6 0
70 70 9
36 36 0
49 49 0
70 70 9
70 70 9
69 69 0
70 70 9
4 4 0
70 70 9
27 27 0
70 70 9
70 70 9
70 70 9
70 70 9
68 68 0
70 70 9
70 70 9
21 21 0
