5000 1000 4.3589
11 11 1916
12 12 1906
35 35 1906
44 44 1906
1 1 1904
4 4 1902
35 35 1902
46 46 1890
51 51 1882
3 3 1866
48 48 1858
34 34 1852
9 9 1848
61 61 1846
39 39 1838
2 2 1836
31 31 1834
40 40 1832
28 28 1822
69 69 1820
7 7 1814
60 60 1806
90 90 1802
63 63 1802
62 62 1800
13 13 1796
93 93 1792
40 40 1792
99 99 1788
4 4 1778
49 49 1772
96 96 1766
14 14 1762
74 74 1762
5 5 1756
107 107 1754
116 116 1754
35 35 1752
119 119 1744
36 36 1744
120 120 1740
118 118 1734
83 83 1730
91 91 1730
63 63 1728
49 49 1728
90 90 1726
61 61 1724
9 9 1722
100 100 1718
35 35 1718
122 122 1714
6 6 1708
145 145 1708
144 144 1704
116 116 1698
89 89 1692
88 88 1686
55 55 1686
134 134 1684
4 4 1682
52 52 1682
155 155 1682
140 140 1680
97 97 1674
57 57 1674
42 42 1674
77 77 1672
139 139 1668
79 79 1666
75 75 1662
84 84 1662
106 106 1660
95 95 1660
90 90 1656
108 108 1656
108 108 1656
10 10 1654
104 104 1652
144 144 1650
150 150 1646
107 107 1644
49 49 1642
106 106 1640
64 64 1638
172 172 1638
102 102 1636
31 31 1636
32 32 1634
46 46 1634
54 54 1628
33 33 1628
162 162 1624
144 144 1624
65 65 1622
56 56 1614
121 121 1612
7 7 1610
159 159 1610
32 32 1606
132 132 1606
31 31 1604
172 172 1604
191 191 1604
123 123 1602
175 175 1598
63 63 1596
121 121 1594
44 44 1594
163 163 1592
124 124 1590
194 194 1588
166 166 1588
137 137 1586
159 159 1584
38 38 1582
208 208 1582
189 189 1582
48 48 1580
107 107 1580
124 124 1580
50 50 1578
162 162 1576
183 183 1576
82 82 1576
141 141 1574
36 36 1574
128 128 1574
131 131 1566
193 193 1566
63 63 1566
12 12 1566
37 37 1566
94 94 1560
208 208 1560
172 172 1560
110 110 1560
164 164 1560
26 26 1560
175 175 1556
197 197 1556
4 4 1554
202 202 1554
58 58 1552
8 8 1550
107 107 1550
43 43 1548
6 6 1544
195 195 1542
100 100 1540
41 41 1540
120 120 1538
104 104 1538
87 87 1536
222 222 1536
202 202 1534
180 180 1532
221 221 1532
134 134 1530
219 219 1530
45 45 1528
37 37 1528
145 145 1524
1 1 1522
73 73 1522
206 206 1522
43 43 1520
133 133 1520
193 193 1516
32 32 1516
123 123 1514
195 195 1514
179 179 1512
84 84 1510
93 93 1508
149 149 1508
26 26 1508
227 227 1508
73 73 1504
92 92 1504
204 204 1504
10 10 1498
205 205 1496
239 239 1496
69 69 1496
88 88 1494
111 111 1492
194 194 1492
131 131 1486
173 173 1482
181 181 1482
36 36 1482
91 91 1480
47 47 1480
101 101 1480
49 49 1478
55 55 1478
240 240 1478
253 253 1474
209 209 1474
242 242 1474
45 45 1472
254 254 1470
154 154 1470
160 160 1470
125 125 1466
37 37 1464
46 46 1462
30 30 1462
248 248 1460
159 159 1460
174 174 1460
198 198 1458
58 58 1458
187 187 1456
179 179 1456
104 104 1454
204 204 1454
144 144 1452
159 159 1452
241 241 1450
208 208 1450
159 159 1448
250 250 1446
93 93 1444
71 71 1444
129 129 1442
274 274 1434
203 203 1434
40 40 1428
130 130 1426
268 268 1424
232 232 1424
163 163 1424
172 172 1422
149 149 1422
98 98 1422
36 36 1422
37 37 1420
68 68 1420
42 42 1416
241 241 1416
101 101 1414
285 285 1414
135 135 1412
89 89 1408
213 213 1406
103 103 1406
116 116 1406
213 213 1402
138 138 1400
269 269 1398
223 223 1398
62 62 1398
38 38 1398
169 169 1398
93 93 1396
128 128 1396
257 257 1396
61 61 1394
79 79 1394
194 194 1394
254 254 1394
269 269 1394
203 203 1394
213 213 1392
73 73 1392
106 106 1390
48 48 1390
153 153 1388
123 123 1386
91 91 1386
213 213 1384
213 213 1382
110 110 1382
70 70 1378
108 108 1376
54 54 1376
238 238 1370
121 121 1370
256 256 1366
29 29 1366
66 66 1366
315 315 1364
281 281 1362
106 106 1362
273 273 1360
161 161 1358
196 196 1358
283 283 1358
149 149 1358
18 18 1358
313 313 1356
281 281 1356
69 69 1356
98 98 1350
166 166 1348
68 68 1348
83 83 1346
234 234 1346
110 110 1344
264 264 1342
97 97 1340
25 25 1340
181 181 1340
21 21 1338
93 93 1336
266 266 1336
306 306 1336
218 218 1332
203 203 1328
168 168 1326
297 297 1326
150 150 1324
277 277 1324
294 294 1324
20 20 1324
245 245 1320
190 190 1320
256 256 1318
51 51 1316
201 201 1316
304 304 1316
171 171 1316
137 137 1314
287 287 1314
262 262 1314
290 290 1312
161 161 1312
316 316 1312
195 195 1310
275 275 1310
76 76 1310
99 99 1304
146 146 1302
272 272 1302
23 23 1302
268 268 1300
321 321 1298
344 344 1298
123 123 1298
152 152 1296
334 334 1294
143 143 1290
197 197 1290
196 196 1290
339 339 1288
257 257 1288
128 128 1286
294 294 1286
339 339 1284
180 180 1284
13 13 1282
295 295 1280
304 304 1280
271 271 1278
257 257 1278
192 192 1278
115 115 1276
211 211 1276
223 223 1276
307 307 1276
334 334 1276
49 49 1274
362 362 1274
25 25 1274
10 10 1272
299 299 1272
116 116 1272
175 175 1270
360 360 1268
337 337 1268
120 120 1266
220 220 1266
267 267 1266
141 141 1266
364 364 1264
17 17 1262
52 52 1262
222 222 1260
16 16 1260
353 353 1258
311 311 1258
329 329 1256
54 54 1256
147 147 1254
44 44 1254
312 312 1254
238 238 1252
234 234 1252
273 273 1248
368 368 1246
212 212 1246
185 185 1246
263 263 1246
365 365 1246
370 370 1246
318 318 1246
17 17 1244
353 353 1244
174 174 1242
133 133 1238
236 236 1236
117 117 1236
211 211 1236
371 371 1236
106 106 1236
107 107 1234
42 42 1234
90 90 1232
176 176 1232
155 155 1232
82 82 1232
101 101 1232
343 343 1230
147 147 1230
3 3 1230
167 167 1228
101 101 1228
270 270 1228
374 374 1226
281 281 1224
365 365 1224
162 162 1224
23 23 1222
255 255 1222
207 207 1222
117 117 1222
234 234 1220
316 316 1218
323 323 1218
28 28 1216
295 295 1216
355 355 1214
145 145 1214
295 295 1212
66 66 1210
389 389 1210
144 144 1210
381 381 1208
142 142 1206
350 350 1206
29 29 1206
135 135 1204
290 290 1204
397 397 1204
265 265 1204
44 44 1204
53 53 1202
43 43 1202
241 241 1202
81 81 1200
295 295 1200
364 364 1200
302 302 1198
267 267 1198
115 115 1198
5 5 1196
120 120 1196
211 211 1196
134 134 1196
272 272 1196
56 56 1194
204 204 1194
337 337 1194
74 74 1192
311 311 1192
183 183 1192
84 84 1188
325 325 1186
258 258 1186
315 315 1184
88 88 1182
242 242 1180
44 44 1180
362 362 1180
82 82 1178
175 175 1176
120 120 1176
213 213 1174
264 264 1174
187 187 1174
300 300 1172
290 290 1172
174 174 1170
180 180 1170
274 274 1170
239 239 1170
162 162 1170
57 57 1168
185 185 1168
384 384 1168
159 159 1168
280 280 1168
313 313 1166
312 312 1166
413 413 1166
170 170 1164
152 152 1162
76 76 1162
412 412 1162
343 343 1162
43 43 1162
129 129 1162
197 197 1162
301 301 1160
114 114 1160
74 74 1160
405 405 1160
375 375 1160
377 377 1158
213 213 1158
279 279 1158
48 48 1156
278 278 1154
411 411 1154
404 404 1152
418 418 1152
301 301 1150
350 350 1150
361 361 1150
147 147 1150
338 338 1148
341 341 1148
1 1 1148
73 73 1146
367 367 1146
142 142 1144
343 343 1144
401 401 1144
350 350 1142
130 130 1142
101 101 1140
233 233 1140
253 253 1136
417 417 1136
238 238 1136
259 259 1136
326 326 1136
347 347 1132
143 143 1132
431 431 1132
372 372 1132
173 173 1130
105 105 1128
263 263 1128
131 131 1128
113 113 1128
392 392 1126
48 48 1124
328 328 1124
30 30 1124
405 405 1122
211 211 1122
23 23 1122
45 45 1120
114 114 1120
1 1 1120
189 189 1118
174 174 1118
124 124 1118
427 427 1118
29 29 1116
309 309 1116
46 46 1114
304 304 1114
283 283 1114
318 318 1112
283 283 1112
207 207 1110
57 57 1110
338 338 1110
196 196 1108
254 254 1108
366 366 1108
419 419 1104
366 366 1100
422 422 1100
412 412 1098
280 280 1098
426 426 1098
333 333 1096
363 363 1096
46 46 1096
214 214 1096
46 46 1096
256 256 1092
50 50 1092
265 265 1092
298 298 1092
40 40 1092
110 110 1090
200 200 1090
201 201 1090
454 454 1090
313 313 1090
15 15 1088
296 296 1088
37 37 1088
16 16 1088
283 283 1088
240 240 1088
226 226 1086
36 36 1086
113 113 1084
379 379 1084
442 442 1084
93 93 1080
313 313 1080
386 386 1078
149 149 1076
362 362 1076
447 447 1076
23 23 1076
263 263 1074
419 419 1074
458 458 1074
39 39 1072
75 75 1072
178 178 1072
448 448 1072
270 270 1070
366 366 1070
453 453 1068
144 144 1068
365 365 1068
36 36 1068
242 242 1068
464 464 1068
389 389 1066
294 294 1066
463 463 1066
400 400 1066
92 92 1066
449 449 1064
290 290 1064
75 75 1064
249 249 1064
116 116 1062
207 207 1062
236 236 1062
394 394 1062
146 146 1060
103 103 1060
454 454 1060
297 297 1058
38 38 1058
97 97 1058
461 461 1056
79 79 1056
173 173 1056
63 63 1056
464 464 1054
306 306 1052
120 120 1052
207 207 1052
18 18 1052
275 275 1052
84 84 1050
445 445 1050
384 384 1048
346 346 1048
143 143 1048
266 266 1048
161 161 1048
42 42 1044
57 57 1044
56 56 1044
39 39 1042
204 204 1042
245 245 1042
449 449 1042
396 396 1040
445 445 1038
13 13 1038
265 265 1038
438 438 1038
39 39 1036
365 365 1036
326 326 1036
352 352 1036
377 377 1036
473 473 1034
101 101 1034
452 452 1034
319 319 1032
112 112 1032
461 461 1032
88 88 1032
10 10 1032
460 460 1030
203 203 1030
180 180 1028
177 177 1028
409 409 1028
43 43 1026
373 373 1026
483 483 1026
317 317 1026
274 274 1026
444 444 1024
98 98 1024
256 256 1024
259 259 1022
212 212 1022
486 486 1022
11 11 1022
39 39 1020
240 240 1020
234 234 1020
262 262 1018
226 226 1018
430 430 1018
237 237 1018
476 476 1018
141 141 1018
305 305 1018
79 79 1018
376 376 1018
396 396 1016
326 326 1016
45 45 1016
14 14 1014
481 481 1014
68 68 1012
396 396 1012
371 371 1012
88 88 1008
389 389 1008
437 437 1008
218 218 1008
266 266 1008
343 343 1008
249 249 1006
223 223 1006
286 286 1004
257 257 1004
100 100 1004
346 346 1004
464 464 1002
438 438 1002
208 208 1002
497 497 1002
398 398 1002
463 463 1000
384 384 1000
486 486 1000
164 164 998
103 103 998
30 30 998
382 382 996
134 134 996
489 489 996
34 34 996
96 96 996
41 41 994
483 483 994
297 297 992
136 136 992
459 459 990
12 12 990
353 353 990
475 475 990
433 433 990
106 106 990
396 396 986
467 467 986
175 175 984
474 474 984
78 78 984
354 354 984
111 111 982
156 156 982
339 339 982
193 193 982
396 396 980
280 280 978
167 167 978
427 427 978
126 126 978
235 235 976
480 480 976
218 218 976
246 246 974
102 102 974
376 376 974
217 217 974
483 483 974
477 477 972
386 386 972
196 196 972
503 503 972
431 431 972
279 279 972
334 334 972
269 269 972
2 2 972
389 389 970
102 102 970
304 304 968
129 129 966
347 347 966
451 451 966
343 343 966
2 2 966
203 203 966
285 285 964
491 491 964
199 199 964
302 302 964
403 403 964
130 130 964
128 128 964
475 475 964
379 379 962
517 517 962
93 93 962
247 247 962
376 376 960
488 488 958
336 336 956
113 113 956
448 448 954
479 479 954
338 338 954
248 248 954
473 473 954
84 84 952
522 522 948
165 165 946
350 350 946
213 213 946
262 262 946
88 88 946
459 459 944
515 515 944
279 279 944
466 466 944
523 523 944
437 437 944
43 43 942
411 411 942
477 477 940
353 353 940
493 493 940
170 170 940
473 473 940
518 518 938
194 194 938
40 40 938
291 291 938
465 465 938
23 23 938
220 220 936
417 417 936
30 30 936
152 152 936
235 235 934
527 527 934
198 198 932
231 231 932
344 344 930
233 233 930
360 360 928
178 178 928
251 251 928
264 264 926
378 378 926
533 533 926
400 400 926
233 233 926
386 386 924
491 491 924
407 407 924
179 179 924
412 412 924
522 522 924
451 451 922
397 397 922
376 376 922
218 218 922
364 364 920
530 530 918
259 259 918
438 438 918
541 541 916
339 339 916
490 490 916
257 257 916
316 316 916
87 87 914
439 439 914
451 451 912
397 397 912
217 217 912
213 213 910
543 543 910
385 385 910
294 294 908
295 295 908
51 51 906
209 209 906
331 331 904
60 60 904
454 454 904
28 28 904
154 154 904
498 498 904
201 201 904
355 355 904
510 510 902
222 222 902
37 37 902
201 201 902
407 407 900
72 72 900
238 238 900
104 104 900
215 215 900
198 198 900
164 164 900
198 198 900
81 81 900
428 428 898
48 48 898
46 46 896
457 457 896
544 544 896
336 336 896
200 200 896
488 488 894
20 20 894
148 148 894
286 286 892
453 453 892
344 344 892
64 64 892
20 20 892
383 383 892
209 209 892
531 531 890
386 386 890
448 448 890
157 157 888
49 49 888
358 358 888
63 63 888
456 456 886
456 456 886
196 196 884
362 362 884
494 494 884
292 292 884
209 209 884
363 363 884
324 324 882
297 297 882
327 327 882
276 276 880
490 490 880
10 10 880
222 222 880
537 537 880
470 470 880
404 404 880
13 13 878
100 100 878
535 535 878
414 414 876
128 128 876
470 470 876
491 491 876
472 472 876
75 75 876
38 38 876
62 62 876
218 218 876
79 79 876
207 207 874
403 403 874
92 92 874
126 126 874
38 38 874
258 258 874
546 546 872
213 213 872
426 426 872
209 209 872
200 200 870
414 414 870
291 291 870
529 529 870
318 318 870
396 396 870
457 457 868
428 428 868
42 42 868
187 187 866
366 366 866
62 62 866
446 446 866
446 446 864
109 109 864
111 111 864
231 231 862
82 82 862
262 262 862
401 401 862
551 551 860
398 398 860
67 67 860
449 449 860
63 63 860
537 537 858
388 388 858
566 566 856
485 485 856
287 287 854
475 475 854
280 280 852
70 70 852
382 382 852
223 223 852
327 327 850
457 457 850
447 447 850
499 499 850
238 238 848
220 220 848
526 526 848
88 88 848
520 520 848
478 478 848
27 27 848
247 247 846
179 179 846
70 70 846
473 473 846
435 435 846
176 176 844
133 133 844
460 460 844
2 2 844
561 561 844
484 484 842
96 96 840
190 190 840
540 540 840
469 469 838
446 446 838
248 248 838
325 325 836
373 373 836
408 408 836
552 552 834
341 341 834
508 508 834
171 171 834
460 460 834
400 400 834
520 520 834
516 516 832
506 506 832
183 183 832
520 520 830
494 494 830
4 4 830
32 32 830
290 290 830
442 442 828
540 540 828
430 430 828
532 532 828
429 429 828
132 132 828
482 482 826
123 123 826
489 489 826
263 263 826
66 66 824
105 105 824
575 575 822
516 516 822
571 571 822
497 497 822
537 537 822
95 95 820
512 512 820
520 520 820
21 21 820
421 421 820
19 19 818
403 403 818
454 454 816
83 83 816
329 329 816
217 217 816
24 24 816
184 184 814
310 310 814
554 554 814
316 316 814
168 168 814
416 416 812
110 110 812
324 324 812
335 335 812
150 150 812
5 5 812
207 207 812
562 562 810
265 265 810
490 490 810
557 557 808
271 271 808
475 475 808
514 514 806
479 479 806
471 471 806
152 152 806
318 318 806
237 237 806
274 274 806
268 268 804
10 10 804
494 494 804
285 285 802
381 381 802
188 188 802
325 325 802
37 37 802
384 384 798
291 291 798
498 498 798
317 317 798
240 240 798
561 561 798
593 593 798
588 588 796
62 62 796
493 493 796
583 583 796
586 586 796
588 588 796
395 395 796
494 494 794
63 63 794
574 574 794
516 516 794
1 1 794
497 497 792
504 504 792
538 538 792
478 478 790
604 604 790
588 588 790
468 468 790
517 517 790
481 481 790
238 238 788
353 353 788
442 442 788
178 178 788
533 533 788
127 127 788
369 369 788
205 205 788
323 323 786
508 508 786
406 406 786
26 26 786
378 378 784
247 247 784
460 460 784
376 376 782
581 581 782
474 474 782
551 551 780
46 46 780
526 526 780
26 26 778
514 514 778
367 367 778
99 99 778
29 29 778
526 526 778
369 369 778
165 165 776
345 345 776
591 591 776
482 482 776
375 375 776
245 245 774
362 362 774
418 418 774
461 461 774
558 558 774
293 293 774
337 337 772
485 485 772
263 263 772
211 211 770
441 441 770
336 336 768
213 213 768
352 352 768
225 225 768
143 143 766
511 511 766
267 267 766
305 305 764
462 462 764
140 140 764
411 411 764
552 552 764
9 9 764
43 43 764
445 445 762
478 478 762
111 111 762
148 148 762
291 291 762
600 600 762
1 1 762
11 11 760
573 573 758
514 514 758
319 319 758
63 63 758
615 615 758
522 522 758
600 600 758
444 444 756
597 597 756
619 619 756
227 227 756
60 60 756
469 469 756
458 458 756
229 229 756
522 522 754
273 273 754
564 564 754
220 220 754
256 256 754
566 566 754
241 241 754
49 49 752
612 612 752
471 471 752
169 169 752
417 417 750
192 192 750
573 573 750
400 400 750
406 406 750
462 462 750
430 430 748
99 99 748
263 263 746
135 135 746
520 520 746
495 495 746
563 563 746
583 583 744
335 335 744
171 171 744
283 283 742
374 374 742
611 611 742
585 585 742
226 226 740
110 110 740
364 364 740
480 480 740
564 564 738
444 444 738
528 528 738
156 156 738
338 338 738
613 613 738
585 585 738
207 207 738
487 487 738
613 613 738
547 547 736
475 475 736
572 572 736
309 309 736
196 196 736
444 444 736
453 453 736
396 396 736
386 386 736
473 473 734
223 223 734
126 126 734
44 44 734
233 233 734
269 269 734
193 193 732
563 563 732
484 484 732
171 171 732
159 159 732
208 208 730
125 125 730
446 446 730
485 485 730
239 239 730
442 442 730
172 172 730
372 372 728
468 468 728
197 197 728
315 315 726
252 252 726
331 331 724
437 437 724
188 188 722
92 92 722
631 631 722
214 214 720
362 362 720
634 634 720
303 303 720
236 236 720
406 406 720
113 113 720
444 444 720
589 589 718
620 620 718
67 67 718
588 588 718
632 632 716
294 294 716
537 537 716
423 423 716
332 332 714
154 154 714
414 414 714
403 403 714
63 63 714
434 434 712
365 365 712
125 125 712
617 617 712
581 581 712
131 131 712
587 587 710
136 136 710
375 375 710
629 629 710
520 520 710
480 480 710
101 101 710
381 381 710
575 575 708
555 555 708
173 173 708
489 489 708
519 519 706
186 186 706
482 482 706
537 537 706
520 520 706
487 487 706
282 282 706
417 417 706
442 442 704
491 491 704
620 620 704
634 634 704
641 641 702
528 528 702
480 480 702
592 592 702
344 344 702
335 335 702
462 462 702
312 312 700
244 244 700
604 604 700
563 563 700
133 133 700
476 476 700
180 180 700
619 619 698
291 291 698
613 613 698
600 600 698
333 333 698
143 143 698
622 622 698
216 216 696
454 454 696
633 633 696
457 457 696
630 630 694
465 465 694
616 616 694
417 417 694
580 580 694
487 487 694
67 67 694
218 218 694
563 563 692
300 300 692
484 484 692
118 118 690
465 465 690
415 415 690
539 539 690
420 420 690
485 485 690
326 326 688
350 350 688
237 237 688
402 402 688
506 506 688
402 402 688
601 601 686
179 179 686
494 494 686
495 495 686
186 186 686
393 393 686
521 521 686
587 587 686
599 599 686
548 548 686
625 625 686
535 535 686
23 23 684
575 575 684
631 631 684
476 476 684
655 655 684
465 465 684
475 475 684
373 373 684
642 642 684
442 442 684
382 382 682
635 635 682
542 542 682
616 616 682
443 443 682
496 496 680
372 372 680
509 509 680
557 557 680
47 47 680
82 82 678
90 90 678
634 634 678
154 154 678
619 619 676
652 652 676
446 446 676
369 369 676
158 158 676
378 378 676
339 339 674
509 509 674
591 591 674
391 391 674
281 281 674
554 554 674
536 536 672
228 228 672
533 533 672
616 616 672
316 316 672
188 188 672
225 225 672
108 108 672
286 286 672
627 627 670
528 528 670
483 483 670
118 118 670
478 478 670
339 339 668
439 439 668
595 595 668
267 267 668
114 114 668
635 635 668
463 463 668
137 137 668
643 643 668
190 190 666
655 655 666
367 367 666
168 168 666
576 576 666
612 612 664
259 259 664
87 87 664
553 553 664
6 6 662
391 391 662
539 539 662
650 650 662
624 624 662
69 69 662
405 405 660
561 561 660
567 567 660
517 517 660
284 284 660
19 19 658
482 482 658
168 168 658
466 466 658
337 337 656
321 321 656
42 42 656
495 495 656
667 667 656
437 437 656
564 564 654
378 378 654
614 614 654
609 609 654
298 298 654
459 459 654
651 651 652
378 378 652
403 403 652
663 663 652
303 303 652
31 31 650
497 497 650
262 262 650
309 309 648
613 613 648
603 603 648
479 479 648
670 670 648
511 511 648
655 655 648
655 655 648
452 452 646
76 76 646
510 510 646
78 78 644
625 625 644
3 3 644
130 130 644
652 652 644
673 673 644
587 587 644
626 626 644
637 637 642
510 510 642
492 492 642
671 671 642
647 647 642
500 500 642
621 621 642
438 438 642
431 431 642
592 592 642
281 281 642
595 595 642
477 477 640
200 200 640
423 423 640
299 299 640
9 9 640
89 89 640
622 622 638
492 492 638
305 305 638
238 238 638
72 72 636
24 24 636
235 235 636
349 349 636
635 635 636
378 378 634
467 467 634
167 167 634
87 87 634
428 428 634
524 524 634
230 230 634
440 440 632
368 368 632
196 196 632
585 585 632
458 458 632
579 579 632
682 682 632
611 611 630
554 554 630
328 328 630
541 541 630
275 275 630
116 116 630
463 463 628
566 566 628
650 650 628
573 573 628
26 26 628
619 619 628
486 486 628
194 194 628
514 514 628
611 611 628
566 566 626
460 460 626
450 450 626
70 70 626
191 191 626
336 336 626
420 420 624
472 472 624
602 602 624
685 685 624
295 295 624
229 229 624
447 447 624
550 550 624
178 178 622
622 622 622
495 495 622
268 268 622
341 341 622
209 209 622
449 449 622
687 687 622
476 476 622
235 235 622
507 507 620
314 314 620
486 486 620
112 112 618
418 418 618
486 486 616
411 411 616
286 286 616
312 312 616
443 443 616
562 562 614
510 510 614
283 283 614
613 613 614
433 433 614
462 462 612
440 440 612
534 534 612
395 395 612
15 15 612
661 661 612
451 451 612
579 579 612
556 556 612
549 549 608
158 158 608
362 362 608
484 484 608
652 652 608
341 341 608
489 489 606
267 267 606
166 166 606
360 360 606
149 149 606
463 463 604
490 490 604
186 186 604
288 288 604
677 677 602
31 31 602
690 690 602
534 534 602
606 606 600
377 377 600
681 681 600
149 149 600
277 277 600
356 356 598
117 117 598
333 333 598
301 301 598
58 58 598
621 621 598
674 674 598
123 123 598
187 187 598
582 582 598
38 38 596
689 689 596
124 124 596
25 25 596
667 667 596
657 657 596
688 688 594
647 647 594
132 132 592
264 264 592
611 611 592
492 492 590
527 527 590
603 603 590
543 543 590
640 640 590
309 309 590
334 334 588
591 591 588
418 418 588
622 622 588
124 124 588
596 596 588
207 207 588
306 306 588
26 26 588
469 469 588
466 466 586
544 544 586
410 410 586
363 363 584
277 277 584
700 700 584
22 22 584
236 236 584
667 667 584
594 594 584
563 563 582
442 442 582
638 638 582
126 126 582
495 495 582
166 166 582
659 659 582
653 653 580
343 343 580
612 612 580
122 122 580
459 459 578
252 252 578
330 330 578
22 22 578
329 329 576
148 148 576
2 2 576
678 678 576
425 425 576
390 390 576
240 240 576
632 632 576
552 552 576
530 530 576
298 298 576
371 371 574
699 699 574
128 128 574
663 663 574
436 436 574
565 565 574
682 682 574
449 449 574
605 605 572
188 188 572
501 501 572
189 189 572
213 213 572
671 671 572
565 565 572
462 462 572
521 521 572
214 214 570
677 677 570
441 441 570
455 455 570
425 425 570
492 492 568
388 388 568
223 223 568
229 229 568
358 358 566
43 43 566
601 601 566
643 643 566
663 663 566
511 511 564
141 141 564
329 329 564
353 353 564
352 352 562
173 173 562
450 450 562
550 550 562
467 467 560
660 660 560
550 550 560
627 627 560
420 420 560
700 700 594
635 635 558
466 466 558
33 33 558
423 423 558
575 575 558
606 606 558
453 453 558
71 71 558
608 608 556
587 587 556
658 658 556
417 417 556
259 259 556
503 503 556
589 589 556
700 700 564
511 511 554
277 277 554
632 632 554
273 273 554
633 633 554
233 233 554
277 277 552
439 439 552
661 661 550
297 297 550
443 443 550
580 580 550
204 204 550
126 126 550
486 486 548
350 350 548
597 597 548
608 608 548
579 579 548
97 97 548
456 456 546
67 67 546
487 487 546
698 698 546
569 569 546
177 177 546
700 700 570
345 345 544
690 690 544
453 453 544
428 428 544
611 611 544
547 547 542
65 65 542
551 551 542
700 700 560
143 143 542
86 86 542
586 586 542
678 678 542
422 422 540
620 620 540
187 187 540
333 333 540
665 665 540
463 463 540
700 700 584
14 14 540
680 680 540
700 700 562
468 468 538
695 695 538
363 363 538
511 511 538
268 268 538
67 67 538
531 531 536
576 576 536
21 21 536
635 635 534
342 342 534
121 121 534
700 700 594
556 556 534
8 8 534
667 667 532
700 700 534
139 139 532
290 290 532
594 594 532
637 637 532
533 533 530
244 244 530
700 700 550
523 523 530
700 700 584
318 318 528
658 658 528
512 512 528
642 642 528
490 490 528
692 692 528
176 176 526
700 700 562
251 251 526
583 583 526
560 560 526
493 493 526
255 255 526
680 680 526
429 429 524
470 470 524
575 575 524
472 472 524
410 410 524
483 483 524
583 583 524
610 610 524
462 462 524
635 635 524
663 663 522
700 700 560
351 351 522
700 700 590
224 224 522
489 489 522
582 582 520
455 455 520
80 80 520
195 195 520
343 343 520
310 310 520
539 539 520
549 549 520
700 700 586
660 660 518
700 700 560
653 653 518
620 620 518
700 700 574
632 632 518
379 379 518
689 689 518
563 563 516
696 696 516
582 582 516
202 202 516
700 700 572
700 700 552
435 435 516
496 496 514
440 440 514
463 463 514
345 345 514
556 556 514
492 492 512
681 681 512
15 15 512
400 400 512
128 128 512
398 398 512
688 688 510
329 329 510
221 221 510
611 611 510
181 181 510
101 101 510
545 545 510
465 465 510
679 679 510
700 700 574
119 119 508
78 78 508
318 318 508
5 5 508
525 525 508
619 619 508
2 2 508
128 128 508
700 700 526
114 114 508
506 506 508
113 113 506
126 126 506
530 530 506
700 700 552
418 418 504
700 700 518
193 193 504
303 303 502
614 614 502
700 700 532
508 508 502
700 700 576
99 99 502
554 554 502
620 620 502
172 172 502
697 697 500
451 451 500
526 526 500
429 429 500
700 700 568
220 220 500
106 106 500
565 565 500
114 114 500
82 82 498
682 682 498
256 256 498
646 646 498
690 690 498
597 597 498
288 288 496
491 491 496
497 497 496
568 568 496
467 467 496
700 700 508
453 453 496
362 362 496
523 523 496
348 348 494
596 596 494
591 591 494
333 333 494
75 75 494
345 345 494
331 331 494
700 700 524
210 210 494
556 556 494
595 595 492
700 700 558
700 700 552
700 700 524
700 700 494
548 548 490
660 660 490
591 591 490
589 589 490
394 394 490
130 130 488
471 471 488
393 393 488
19 19 488
641 641 486
262 262 486
161 161 486
700 700 502
676 676 486
390 390 486
214 214 484
395 395 484
439 439 484
105 105 484
700 700 490
586 586 484
605 605 484
685 685 484
344 344 484
700 700 558
213 213 484
336 336 482
473 473 482
607 607 482
700 700 548
671 671 482
671 671 482
546 546 482
403 403 482
616 616 480
655 655 480
588 588 480
558 558 480
592 592 480
700 700 506
634 634 480
665 665 480
199 199 480
227 227 480
82 82 478
540 540 478
691 691 478
225 225 478
700 700 540
458 458 478
636 636 478
94 94 476
700 700 512
460 460 476
280 280 476
565 565 474
571 571 474
700 700 594
700 700 572
423 423 474
422 422 472
384 384 472
16 16 472
167 167 472
645 645 472
644 644 472
700 700 522
468 468 472
700 700 552
625 625 472
700 700 484
594 594 472
158 158 470
675 675 470
598 598 470
463 463 470
538 538 470
158 158 470
700 700 474
517 517 470
507 507 470
311 311 468
577 577 468
686 686 468
464 464 468
582 582 468
508 508 468
466 466 468
481 481 468
306 306 468
629 629 466
522 522 466
369 369 466
496 496 466
507 507 466
242 242 466
700 700 566
437 437 464
516 516 464
647 647 464
700 700 566
700 700 494
268 268 464
700 700 486
700 700 522
547 547 464
391 391 464
362 362 464
332 332 462
691 691 462
598 598 462
606 606 462
157 157 462
697 697 462
562 562 462
616 616 460
366 366 460
700 700 460
490 490 460
64 64 460
82 82 460
700 700 486
316 316 458
520 520 458
110 110 458
672 672 458
505 505 456
500 500 456
55 55 456
558 558 456
652 652 456
459 459 456
700 700 512
535 535 456
58 58 456
620 620 456
668 668 454
700 700 486
687 687 454
578 578 454
352 352 454
671 671 454
700 700 534
700 700 534
700 700 484
615 615 452
345 345 452
527 527 452
525 525 452
227 227 452
700 700 488
655 655 450
525 525 450
582 582 450
360 360 450
410 410 450
499 499 450
42 42 450
212 212 450
601 601 450
664 664 448
90 90 448
508 508 448
700 700 476
693 693 448
700 700 506
653 653 446
499 499 446
700 700 520
655 655 446
666 666 446
671 671 446
679 679 446
700 700 502
339 339 446
514 514 446
580 580 446
497 497 444
700 700 496
263 263 442
686 686 442
271 271 442
596 596 442
700 700 452
620 620 440
505 505 440
473 473 440
329 329 440
523 523 440
325 325 440
334 334 440
517 517 440
423 423 438
609 609 438
44 44 438
691 691 438
646 646 436
155 155 436
700 700 470
126 126 436
237 237 436
619 619 436
700 700 562
208 208 434
700 700 532
523 523 434
346 346 434
646 646 434
445 445 434
700 700 548
20 20 432
700 700 438
148 148 432
442 442 432
50 50 432
629 629 432
280 280 432
638 638 430
140 140 430
700 700 536
700 700 550
507 507 430
176 176 430
50 50 428
657 657 428
1 1 428
662 662 428
335 335 428
700 700 562
400 400 428
700 700 494
588 588 426
290 290 426
700 700 520
476 476 426
628 628 426
642 642 426
143 143 424
690 690 424
643 643 424
673 673 424
434 434 424
457 457 424
293 293 422
700 700 486
212 212 422
461 461 422
658 658 422
196 196 422
673 673 422
380 380 422
700 700 480
210 210 422
460 460 422
121 121 420
700 700 510
532 532 420
227 227 420
678 678 420
571 571 420
515 515 420
2 2 420
669 669 418
700 700 426
689 689 418
247 247 418
165 165 416
700 700 532
495 495 416
522 522 416
444 444 416
268 268 416
700 700 428
307 307 414
700 700 462
638 638 414
670 670 414
592 592 414
112 112 414
108 108 414
43 43 414
360 360 414
435 435 414
88 88 414
505 505 414
667 667 412
494 494 412
490 490 412
664 664 412
700 700 590
700 700 462
409 409 412
61 61 412
601 601 410
668 668 410
570 570 410
262 262 410
700 700 504
398 398 410
425 425 410
700 700 424
700 700 554
399 399 408
649 649 408
597 597 408
636 636 408
700 700 544
700 700 462
700 700 580
94 94 406
51 51 406
467 467 406
700 700 504
128 128 406
700 700 408
437 437 404
668 668 404
684 684 404
317 317 404
700 700 520
445 445 404
36 36 404
560 560 404
614 614 404
642 642 402
334 334 402
683 683 402
513 513 402
132 132 402
700 700 436
700 700 438
700 700 414
72 72 400
426 426 400
700 700 562
277 277 400
700 700 410
586 586 400
660 660 400
439 439 400
483 483 398
700 700 436
230 230 398
4 4 398
566 566 398
700 700 460
241 241 396
700 700 474
700 700 548
81 81 396
393 393 396
700 700 524
577 577 396
700 700 596
617 617 394
700 700 548
700 700 484
267 267 394
579 579 394
453 453 392
7 7 392
700 700 410
156 156 392
355 355 392
658 658 392
564 564 392
263 263 390
250 250 390
688 688 390
604 604 390
274 274 390
674 674 388
700 700 500
386 386 388
556 556 388
481 481 388
270 270 388
700 700 410
78 78 386
324 324 386
700 700 598
700 700 488
361 361 386
587 587 386
656 656 386
405 405 386
552 552 386
700 700 554
120 120 384
448 448 384
675 675 384
550 550 384
444 444 384
345 345 384
538 538 382
630 630 382
37 37 382
700 700 452
416 416 382
397 397 382
303 303 382
463 463 382
700 700 384
33 33 382
700 700 584
286 286 380
210 210 380
202 202 380
700 700 430
700 700 548
603 603 380
441 441 378
367 367 378
505 505 378
700 700 482
361 361 378
277 277 378
655 655 378
700 700 424
700 700 598
700 700 416
249 249 378
700 700 496
484 484 378
700 700 460
114 114 376
670 670 376
412 412 376
522 522 376
700 700 382
694 694 376
700 700 532
540 540 376
336 336 376
651 651 376
628 628 374
451 451 374
121 121 374
585 585 374
29 29 374
115 115 374
649 649 374
399 399 374
462 462 374
22 22 374
339 339 374
627 627 374
1 1 374
700 700 592
208 208 372
645 645 372
700 700 592
700 700 480
230 230 372
700 700 598
234 234 372
250 250 370
700 700 522
700 700 570
613 613 370
219 219 370
223 223 370
700 700 466
25 25 370
200 200 370
700 700 472
557 557 368
102 102 368
611 611 368
235 235 368
72 72 368
258 258 368
700 700 574
645 645 368
700 700 490
700 700 578
651 651 366
700 700 492
625 625 366
666 666 366
612 612 366
700 700 430
269 269 366
411 411 366
214 214 364
700 700 372
700 700 542
81 81 364
700 700 556
700 700 470
252 252 362
671 671 362
700 700 426
700 700 458
434 434 362
700 700 562
700 700 370
375 375 360
388 388 360
286 286 360
285 285 360
658 658 360
142 142 360
209 209 360
650 650 360
215 215 358
243 243 358
14 14 358
700 700 540
533 533 358
626 626 358
700 700 590
700 700 420
700 700 584
700 700 452
652 652 358
620 620 358
700 700 418
566 566 356
548 548 356
658 658 356
700 700 492
199 199 356
552 552 356
612 612 356
613 613 356
629 629 354
246 246 354
660 660 354
92 92 354
191 191 354
700 700 398
274 274 352
2 2 352
700 700 360
184 184 352
484 484 352
410 410 352
657 657 352
308 308 352
35 35 352
431 431 350
638 638 350
700 700 452
113 113 350
700 700 594
700 700 570
613 613 350
632 632 350
610 610 350
700 700 586
77 77 348
700 700 520
470 470 348
466 466 348
700 700 542
143 143 348
160 160 348
434 434 348
700 700 532
285 285 346
700 700 500
700 700 574
406 406 346
529 529 346
666 666 346
700 700 410
138 138 346
137 137 344
571 571 344
508 508 344
700 700 490
700 700 458
448 448 344
700 700 576
506 506 344
668 668 344
580 580 344
361 361 344
700 700 508
385 385 344
390 390 342
525 525 342
580 580 342
532 532 342
700 700 478
700 700 594
614 614 342
638 638 342
350 350 342
162 162 342
327 327 342
571 571 340
700 700 566
363 363 340
397 397 340
515 515 340
359 359 340
402 402 338
700 700 454
146 146 338
700 700 386
696 696 338
674 674 338
580 580 338
700 700 392
350 350 338
526 526 338
597 597 338
446 446 338
700 700 484
149 149 338
7 7 336
133 133 336
616 616 336
326 326 336
700 700 364
580 580 336
553 553 336
700 700 390
600 600 334
700 700 562
357 357 334
19 19 334
700 700 384
700 700 368
523 523 332
518 518 332
224 224 332
481 481 332
622 622 332
58 58 330
255 255 330
670 670 330
424 424 330
700 700 456
700 700 376
74 74 328
700 700 376
99 99 328
700 700 394
694 694 328
481 481 328
647 647 328
700 700 338
700 700 570
652 652 326
700 700 570
278 278 326
499 499 326
268 268 326
700 700 562
700 700 366
700 700 584
255 255 326
700 700 586
700 700 528
393 393 324
700 700 470
129 129 324
407 407 324
485 485 324
700 700 342
138 138 324
700 700 332
700 700 510
700 700 360
594 594 322
533 533 322
293 293 320
700 700 472
700 700 348
700 700 504
292 292 320
253 253 320
556 556 320
534 534 318
700 700 346
513 513 318
676 676 318
367 367 318
233 233 318
157 157 318
700 700 404
604 604 316
624 624 316
495 495 316
626 626 316
216 216 316
700 700 428
425 425 316
672 672 316
413 413 314
653 653 314
620 620 314
428 428 314
535 535 314
390 390 314
396 396 314
700 700 440
504 504 314
700 700 408
700 700 358
700 700 332
664 664 314
129 129 314
538 538 312
700 700 516
443 443 312
625 625 312
700 700 536
700 700 488
323 323 312
700 700 592
700 700 558
700 700 456
700 700 498
472 472 310
700 700 402
446 446 310
509 509 310
255 255 310
651 651 310
389 389 310
226 226 310
382 382 310
109 109 310
636 636 310
665 665 308
700 700 312
522 522 308
700 700 590
270 270 308
382 382 308
700 700 422
593 593 308
76 76 308
541 541 308
700 700 462
604 604 306
700 700 566
700 700 436
316 316 306
636 636 306
700 700 574
700 700 554
111 111 306
598 598 306
167 167 306
694 694 306
700 700 396
700 700 512
700 700 318
578 578 306
688 688 306
659 659 304
700 700 572
27 27 304
628 628 304
376 376 302
594 594 302
700 700 418
458 458 302
700 700 528
66 66 302
657 657 302
676 676 300
552 552 300
101 101 300
128 128 300
700 700 550
166 166 300
136 136 298
700 700 406
264 264 298
700 700 342
515 515 296
622 622 296
561 561 296
486 486 296
211 211 296
262 262 296
700 700 388
514 514 296
648 648 296
646 646 296
607 607 296
700 700 524
598 598 294
379 379 294
672 672 294
370 370 294
700 700 516
700 700 402
605 605 294
691 691 294
244 244 292
163 163 292
700 700 488
526 526 292
700 700 384
700 700 450
465 465 292
700 700 448
243 243 292
143 143 292
700 700 364
700 700 392
700 700 400
700 700 552
700 700 342
700 700 466
476 476 292
431 431 292
700 700 586
522 522 290
472 472 290
700 700 362
699 699 290
700 700 578
700 700 524
228 228 290
168 168 290
700 700 550
231 231 290
700 700 518
679 679 290
700 700 494
700 700 526
674 674 288
137 137 288
700 700 450
536 536 288
521 521 288
700 700 582
700 700 396
573 573 286
657 657 286
589 589 286
158 158 286
68 68 286
490 490 286
677 677 286
509 509 286
700 700 586
700 700 570
551 551 284
700 700 474
700 700 504
700 700 584
198 198 282
561 561 282
700 700 520
488 488 282
700 700 282
700 700 578
480 480 282
378 378 282
542 542 282
700 700 460
192 192 282
700 700 492
184 184 282
573 573 282
110 110 280
687 687 280
700 700 500
332 332 280
700 700 572
553 553 280
689 689 280
614 614 280
700 700 344
700 700 450
189 189 280
571 571 280
700 700 596
426 426 280
700 700 584
56 56 278
505 505 278
700 700 516
700 700 476
196 196 278
630 630 278
700 700 588
393 393 278
257 257 278
425 425 278
700 700 562
700 700 566
337 337 278
656 656 278
279 279 278
643 643 276
61 61 276
700 700 486
328 328 276
685 685 276
661 661 276
494 494 276
541 541 276
118 118 274
700 700 402
487 487 274
700 700 318
700 700 318
700 700 488
255 255 274
286 286 274
505 505 272
96 96 272
354 354 272
700 700 350
700 700 410
482 482 272
25 25 272
700 700 382
579 579 272
662 662 270
700 700 494
541 541 270
700 700 382
551 551 270
700 700 440
586 586 270
52 52 270
700 700 376
700 700 578
395 395 268
528 528 268
700 700 494
700 700 334
127 127 268
618 618 266
700 700 560
561 561 266
700 700 412
538 538 266
700 700 492
118 118 266
667 667 266
700 700 550
681 681 266
416 416 264
475 475 264
140 140 264
700 700 432
463 463 264
267 267 264
16 16 264
700 700 358
440 440 264
287 287 264
700 700 386
700 700 520
690 690 264
229 229 262
700 700 370
699 699 262
700 700 514
700 700 446
647 647 262
266 266 262
339 339 262
700 700 312
700 700 460
586 586 262
496 496 262
248 248 262
390 390 260
415 415 260
632 632 260
700 700 470
313 313 260
700 700 558
489 489 260
645 645 260
700 700 570
449 449 258
679 679 258
103 103 258
302 302 258
289 289 258
700 700 596
700 700 408
672 672 258
700 700 494
246 246 258
215 215 258
700 700 540
368 368 258
700 700 588
649 649 258
700 700 530
97 97 256
206 206 256
700 700 404
700 700 268
540 540 256
436 436 256
81 81 256
664 664 256
700 700 568
74 74 256
62 62 256
700 700 294
700 700 572
228 228 254
35 35 254
700 700 400
97 97 254
700 700 346
698 698 254
520 520 254
700 700 468
607 607 254
700 700 578
489 489 252
199 199 252
700 700 584
555 555 252
613 613 252
62 62 252
700 700 556
251 251 252
668 668 252
455 455 250
332 332 250
700 700 594
388 388 250
700 700 278
372 372 250
596 596 250
483 483 250
325 325 250
268 268 250
700 700 494
627 627 250
700 700 428
700 700 342
146 146 250
700 700 588
700 700 478
700 700 308
570 570 248
684 684 248
254 254 248
700 700 594
297 297 248
355 355 248
700 700 342
700 700 422
305 305 248
700 700 420
518 518 248
700 700 468
659 659 246
481 481 246
700 700 428
188 188 246
68 68 246
700 700 460
155 155 246
700 700 316
539 539 246
700 700 596
109 109 246
700 700 556
592 592 244
677 677 244
540 540 244
700 700 478
174 174 244
672 672 244
427 427 244
631 631 244
700 700 494
175 175 244
419 419 244
700 700 254
224 224 242
700 700 366
616 616 242
613 613 242
692 692 242
700 700 566
700 700 492
700 700 484
641 641 242
368 368 242
700 700 518
591 591 242
87 87 242
76 76 242
668 668 242
345 345 242
700 700 412
374 374 240
666 666 240
700 700 508
615 615 240
700 700 586
271 271 240
700 700 280
477 477 240
700 700 294
556 556 240
96 96 238
481 481 238
700 700 574
700 700 462
212 212 238
63 63 238
524 524 238
598 598 238
21 21 238
700 700 598
660 660 238
518 518 238
700 700 590
616 616 238
362 362 238
700 700 526
700 700 498
700 700 514
700 700 452
261 261 236
700 700 442
700 700 438
678 678 234
586 586 234
700 700 454
571 571 234
256 256 234
437 437 234
241 241 234
185 185 234
700 700 480
700 700 454
370 370 232
700 700 472
80 80 232
441 441 232
629 629 232
475 475 232
700 700 526
700 700 586
700 700 464
207 207 232
700 700 466
700 700 520
285 285 230
688 688 230
529 529 230
617 617 230
700 700 578
413 413 230
700 700 462
700 700 256
405 405 228
458 458 228
421 421 228
700 700 478
693 693 228
508 508 228
410 410 228
139 139 228
700 700 250
700 700 408
276 276 228
344 344 228
700 700 424
33 33 228
700 700 304
700 700 292
606 606 226
700 700 590
700 700 508
700 700 398
700 700 560
700 700 288
700 700 436
700 700 306
479 479 226
626 626 226
131 131 226
502 502 224
253 253 224
700 700 324
700 700 524
182 182 224
700 700 228
700 700 472
700 700 498
644 644 224
602 602 222
573 573 222
535 535 222
637 637 222
78 78 222
528 528 222
700 700 572
144 144 222
132 132 222
700 700 456
689 689 222
700 700 298
700 700 548
700 700 224
579 579 220
700 700 322
700 700 450
700 700 258
700 700 342
700 700 514
433 433 220
700 700 354
255 255 218
700 700 468
700 700 500
700 700 336
202 202 218
700 700 480
700 700 430
700 700 510
700 700 484
700 700 332
77 77 216
700 700 426
71 71 216
700 700 368
348 348 216
700 700 584
45 45 216
700 700 598
117 117 214
656 656 214
160 160 214
700 700 320
502 502 214
16 16 214
485 485 214
700 700 280
406 406 214
92 92 214
444 444 214
700 700 428
700 700 420
700 700 494
700 700 576
700 700 486
700 700 354
700 700 470
700 700 560
700 700 250
700 700 344
700 700 536
700 700 264
477 477 210
673 673 210
257 257 210
700 700 594
386 386 210
700 700 288
52 52 210
477 477 210
237 237 210
662 662 208
490 490 208
700 700 522
700 700 542
700 700 496
700 700 414
658 658 208
563 563 208
450 450 208
492 492 208
700 700 412
700 700 502
653 653 206
507 507 206
386 386 206
182 182 206
458 458 206
694 694 206
700 700 378
700 700 486
700 700 326
103 103 206
695 695 206
700 700 406
700 700 394
565 565 206
700 700 448
700 700 590
452 452 206
700 700 548
700 700 592
201 201 204
548 548 204
700 700 514
28 28 204
700 700 568
541 541 204
700 700 536
646 646 204
527 527 204
408 408 204
700 700 512
700 700 400
700 700 526
700 700 242
623 623 202
58 58 202
700 700 204
700 700 576
180 180 202
287 287 202
700 700 580
663 663 200
327 327 200
700 700 570
700 700 556
20 20 200
336 336 200
526 526 200
700 700 358
700 700 540
320 320 200
700 700 500
206 206 200
311 311 200
392 392 198
700 700 214
678 678 198
700 700 356
149 149 198
700 700 366
700 700 346
700 700 492
482 482 198
700 700 598
700 700 550
700 700 436
340 340 198
700 700 454
349 349 198
700 700 334
613 613 196
661 661 196
30 30 196
700 700 584
448 448 196
700 700 376
700 700 340
700 700 264
700 700 304
610 610 194
589 589 194
700 700 590
229 229 194
673 673 192
700 700 346
700 700 390
581 581 192
700 700 366
700 700 268
700 700 428
700 700 194
426 426 192
700 700 410
700 700 534
13 13 190
154 154 190
700 700 258
700 700 244
700 700 386
681 681 190
539 539 190
700 700 272
677 677 190
700 700 504
654 654 190
700 700 222
649 649 190
700 700 334
700 700 360
662 662 188
700 700 316
359 359 188
700 700 450
700 700 262
700 700 376
700 700 382
113 113 186
328 328 186
286 286 186
700 700 284
700 700 370
700 700 254
700 700 572
635 635 184
700 700 314
700 700 376
700 700 434
346 346 184
562 562 184
347 347 184
700 700 470
634 634 184
338 338 182
252 252 182
424 424 182
700 700 200
700 700 590
700 700 366
424 424 182
700 700 468
700 700 316
700 700 528
446 446 182
216 216 182
432 432 180
700 700 486
141 141 180
700 700 286
700 700 372
493 493 180
700 700 366
623 623 180
700 700 238
700 700 526
700 700 346
700 700 528
700 700 596
700 700 554
700 700 346
463 463 178
224 224 178
125 125 178
543 543 178
633 633 178
593 593 178
510 510 178
700 700 374
188 188 176
505 505 176
569 569 176
700 700 436
700 700 384
700 700 292
700 700 284
662 662 176
700 700 532
110 110 174
127 127 174
700 700 540
371 371 174
668 668 174
700 700 426
700 700 422
585 585 174
700 700 376
700 700 326
700 700 390
198 198 174
383 383 174
700 700 526
700 700 450
700 700 410
700 700 524
398 398 172
496 496 172
700 700 546
700 700 402
596 596 172
700 700 474
265 265 172
700 700 366
215 215 172
700 700 346
368 368 172
700 700 552
312 312 172
700 700 268
643 643 172
628 628 170
647 647 170
700 700 538
683 683 170
700 700 184
446 446 170
542 542 170
214 214 170
700 700 570
700 700 424
117 117 170
700 700 302
700 700 584
700 700 488
246 246 168
700 700 174
655 655 168
700 700 374
551 551 166
661 661 166
700 700 234
657 657 166
700 700 554
594 594 166
700 700 590
700 700 374
700 700 468
75 75 166
700 700 380
692 692 166
700 700 186
534 534 166
700 700 376
17 17 166
77 77 164
700 700 354
700 700 404
680 680 164
461 461 164
700 700 566
700 700 426
700 700 448
700 700 548
663 663 162
700 700 594
529 529 162
364 364 162
568 568 162
356 356 162
672 672 162
454 454 162
700 700 444
252 252 162
700 700 222
621 621 162
700 700 594
700 700 536
700 700 170
700 700 536
686 686 160
481 481 160
700 700 332
435 435 160
661 661 160
688 688 160
700 700 224
700 700 540
442 442 160
74 74 158
700 700 404
700 700 246
700 700 510
700 700 564
667 667 158
700 700 516
700 700 534
539 539 158
700 700 528
310 310 158
700 700 320
560 560 158
700 700 330
234 234 156
693 693 156
290 290 156
700 700 398
700 700 570
474 474 156
700 700 442
445 445 154
130 130 154
700 700 214
445 445 154
700 700 460
700 700 324
700 700 496
239 239 154
647 647 154
700 700 306
700 700 522
315 315 154
700 700 306
700 700 324
700 700 316
419 419 154
700 700 546
700 700 474
700 700 400
393 393 152
474 474 152
700 700 426
700 700 510
427 427 152
700 700 458
638 638 152
700 700 548
437 437 152
700 700 398
700 700 298
680 680 152
700 700 180
700 700 502
700 700 478
567 567 152
700 700 396
700 700 218
593 593 150
700 700 500
593 593 150
1 1 150
578 578 150
700 700 464
700 700 478
700 700 500
208 208 150
700 700 448
700 700 310
700 700 372
700 700 344
566 566 148
700 700 512
662 662 148
700 700 214
700 700 364
208 208 148
646 646 148
397 397 148
167 167 148
700 700 516
518 518 146
700 700 576
700 700 582
700 700 432
193 193 146
500 500 146
700 700 270
697 697 146
603 603 146
700 700 566
247 247 144
700 700 586
647 647 144
700 700 224
700 700 440
27 27 144
700 700 316
655 655 144
700 700 350
700 700 166
700 700 198
447 447 142
565 565 142
700 700 508
328 328 142
606 606 142
264 264 142
700 700 552
487 487 142
595 595 142
700 700 344
693 693 142
700 700 594
418 418 142
700 700 362
700 700 216
700 700 532
479 479 140
183 183 140
337 337 140
549 549 140
610 610 140
584 584 140
700 700 428
700 700 182
700 700 552
700 700 568
244 244 138
525 525 138
700 700 332
700 700 518
649 649 138
700 700 524
700 700 298
700 700 570
396 396 138
700 700 306
700 700 188
700 700 416
457 457 136
601 601 136
700 700 578
162 162 136
700 700 552
249 249 136
645 645 136
700 700 332
391 391 136
604 604 136
700 700 562
700 700 390
700 700 408
700 700 546
127 127 134
700 700 500
700 700 394
442 442 134
700 700 282
627 627 134
700 700 530
700 700 326
456 456 134
700 700 492
700 700 578
700 700 532
558 558 134
700 700 370
653 653 134
528 528 134
510 510 134
329 329 134
54 54 134
700 700 204
127 127 132
700 700 466
424 424 132
491 491 132
700 700 164
630 630 132
197 197 132
560 560 132
700 700 136
700 700 418
191 191 132
691 691 132
700 700 524
700 700 562
68 68 130
700 700 232
700 700 480
700 700 466
576 576 130
700 700 482
591 591 130
110 110 130
453 453 130
567 567 130
687 687 130
691 691 130
381 381 130
422 422 130
37 37 130
700 700 342
595 595 128
700 700 460
700 700 436
700 700 526
700 700 266
432 432 128
135 135 128
700 700 492
95 95 128
700 700 332
700 700 512
80 80 128
700 700 548
700 700 404
700 700 556
700 700 366
691 691 126
9 9 126
679 679 126
65 65 126
700 700 380
700 700 310
340 340 124
587 587 124
331 331 124
550 550 124
52 52 124
376 376 124
660 660 124
700 700 344
700 700 212
700 700 594
700 700 436
700 700 584
562 562 124
700 700 378
700 700 388
322 322 122
700 700 540
406 406 122
700 700 250
700 700 336
700 700 548
700 700 330
700 700 480
391 391 122
700 700 458
308 308 122
700 700 212
700 700 308
535 535 122
700 700 178
700 700 426
635 635 120
700 700 138
421 421 120
700 700 550
586 586 120
700 700 588
700 700 138
473 473 120
369 369 120
700 700 222
428 428 120
276 276 120
588 588 120
700 700 260
427 427 118
700 700 392
700 700 420
700 700 534
700 700 144
700 700 512
700 700 516
665 665 116
700 700 464
700 700 422
698 698 116
700 700 490
700 700 424
485 485 116
264 264 116
194 194 116
614 614 116
72 72 116
412 412 116
700 700 436
700 700 580
700 700 586
700 700 384
482 482 116
700 700 426
700 700 266
318 318 114
404 404 114
246 246 114
700 700 594
697 697 114
700 700 580
323 323 114
700 700 500
700 700 454
488 488 114
453 453 114
592 592 114
277 277 114
700 700 244
364 364 114
643 643 114
405 405 112
700 700 172
700 700 542
700 700 564
654 654 112
375 375 112
700 700 408
700 700 160
700 700 274
700 700 338
426 426 112
225 225 112
700 700 564
492 492 112
677 677 110
624 624 110
240 240 110
275 275 110
700 700 590
700 700 366
556 556 110
381 381 110
700 700 546
700 700 420
295 295 110
407 407 110
700 700 164
700 700 512
700 700 364
700 700 476
700 700 584
700 700 426
700 700 492
552 552 108
700 700 492
582 582 108
539 539 108
700 700 160
470 470 108
700 700 314
640 640 108
700 700 352
700 700 458
243 243 106
700 700 558
207 207 106
544 544 106
700 700 266
700 700 248
700 700 286
623 623 106
667 667 106
294 294 106
700 700 160
357 357 106
700 700 498
209 209 106
491 491 106
700 700 548
700 700 448
627 627 104
261 261 104
667 667 104
440 440 104
700 700 438
689 689 104
700 700 304
700 700 564
700 700 528
483 483 102
700 700 370
700 700 556
216 216 102
700 700 514
700 700 298
700 700 468
700 700 574
184 184 102
646 646 102
405 405 102
700 700 394
274 274 102
95 95 100
56 56 100
700 700 566
700 700 100
606 606 100
405 405 100
123 123 100
700 700 346
700 700 560
700 700 462
304 304 100
590 590 100
700 700 116
264 264 100
700 700 464
407 407 100
700 700 584
700 700 436
700 700 304
668 668 98
700 700 208
700 700 590
700 700 430
232 232 98
700 700 304
700 700 486
700 700 562
700 700 534
700 700 448
60 60 98
700 700 402
700 700 550
304 304 98
700 700 596
700 700 354
700 700 536
700 700 356
644 644 96
700 700 592
700 700 484
162 162 96
683 683 96
700 700 458
700 700 590
700 700 590
440 440 96
700 700 498
700 700 372
700 700 212
700 700 234
696 696 96
232 232 94
518 518 94
700 700 348
434 434 94
700 700 574
700 700 574
700 700 160
700 700 148
700 700 554
635 635 94
700 700 504
700 700 502
700 700 444
700 700 560
700 700 560
700 700 346
700 700 340
700 700 578
593 593 94
323 323 94
700 700 572
700 700 574
700 700 394
700 700 334
700 700 210
700 700 490
660 660 92
249 249 92
700 700 360
330 330 92
700 700 592
700 700 190
700 700 538
700 700 246
700 700 524
700 700 546
593 593 90
700 700 524
700 700 554
700 700 558
700 700 382
327 327 90
492 492 90
700 700 186
700 700 384
376 376 90
700 700 278
14 14 90
700 700 512
414 414 90
700 700 92
700 700 564
685 685 88
700 700 214
700 700 576
700 700 130
513 513 88
700 700 390
700 700 570
464 464 88
352 352 88
700 700 500
165 165 88
700 700 442
700 700 392
700 700 170
470 470 88
679 679 88
700 700 506
700 700 486
699 699 88
700 700 372
687 687 86
700 700 484
249 249 86
139 139 86
700 700 152
700 700 464
700 700 360
700 700 358
587 587 86
700 700 402
700 700 290
207 207 86
700 700 366
570 570 86
700 700 528
700 700 404
586 586 86
700 700 586
670 670 84
700 700 102
700 700 506
700 700 216
658 658 84
700 700 536
700 700 542
700 700 422
700 700 598
343 343 82
700 700 428
384 384 82
405 405 82
700 700 582
700 700 540
700 700 490
700 700 500
484 484 82
700 700 192
700 700 486
700 700 460
393 393 82
700 700 538
431 431 82
700 700 538
700 700 470
174 174 80
355 355 80
700 700 336
579 579 80
700 700 196
388 388 80
700 700 532
700 700 494
700 700 458
700 700 458
496 496 78
140 140 78
700 700 446
700 700 592
410 410 78
249 249 78
700 700 126
700 700 572
700 700 562
127 127 78
502 502 76
244 244 76
689 689 76
33 33 76
536 536 76
652 652 76
499 499 76
700 700 172
700 700 382
700 700 460
448 448 76
512 512 76
588 588 76
700 700 598
386 386 76
700 700 490
700 700 90
700 700 508
519 519 76
700 700 462
700 700 410
649 649 76
700 700 146
700 700 232
571 571 74
74 74 74
603 603 74
590 590 74
700 700 188
533 533 74
700 700 510
700 700 452
165 165 74
572 572 74
405 405 72
700 700 584
700 700 486
700 700 476
620 620 72
700 700 576
590 590 72
700 700 492
289 289 72
654 654 72
700 700 574
700 700 522
700 700 196
700 700 424
700 700 286
700 700 548
700 700 312
700 700 178
160 160 70
370 370 70
700 700 594
700 700 448
481 481 70
700 700 484
700 700 582
700 700 440
154 154 70
584 584 70
700 700 520
265 265 70
700 700 268
700 700 518
700 700 428
669 669 70
626 626 68
122 122 68
700 700 260
700 700 526
700 700 466
700 700 548
700 700 488
700 700 448
700 700 438
700 700 72
613 613 68
700 700 540
700 700 402
700 700 560
700 700 598
700 700 518
700 700 192
615 615 66
311 311 66
700 700 348
677 677 66
700 700 212
657 657 66
600 600 66
421 421 66
348 348 66
700 700 414
700 700 484
18 18 66
700 700 356
700 700 498
58 58 64
122 122 64
700 700 382
580 580 64
700 700 232
378 378 64
700 700 362
700 700 210
700 700 552
700 700 594
546 546 64
700 700 354
27 27 64
700 700 532
700 700 558
658 658 62
700 700 592
420 420 62
700 700 406
651 651 62
700 700 382
700 700 516
700 700 128
700 700 582
700 700 546
700 700 554
516 516 62
700 700 404
212 212 62
700 700 240
700 700 384
459 459 60
700 700 332
700 700 562
700 700 498
676 676 60
700 700 282
180 180 60
700 700 528
584 584 60
700 700 324
668 668 60
700 700 408
700 700 524
700 700 548
595 595 58
700 700 166
700 700 566
700 700 568
700 700 460
700 700 548
339 339 58
281 281 58
635 635 58
700 700 200
692 692 58
700 700 202
700 700 584
700 700 504
39 39 58
700 700 150
682 682 56
27 27 56
519 519 56
89 89 56
700 700 232
700 700 592
99 99 56
332 332 56
444 444 56
437 437 56
1 1 56
700 700 500
89 89 56
700 700 560
657 657 56
511 511 56
399 399 56
700 700 484
700 700 596
700 700 536
700 700 396
700 700 432
690 690 54
269 269 54
700 700 512
700 700 548
700 700 524
530 530 54
57 57 54
700 700 166
700 700 552
700 700 194
700 700 544
616 616 54
700 700 468
680 680 54
634 634 52
700 700 352
700 700 538
700 700 292
700 700 70
342 342 52
700 700 464
61 61 52
700 700 360
700 700 58
124 124 52
700 700 360
568 568 52
700 700 264
700 700 120
566 566 52
700 700 514
428 428 52
698 698 50
579 579 50
700 700 276
601 601 50
700 700 456
700 700 436
700 700 452
333 333 50
571 571 50
700 700 594
700 700 510
700 700 494
237 237 50
700 700 562
700 700 396
647 647 50
365 365 50
700 700 206
700 700 500
700 700 326
700 700 218
381 381 48
245 245 48
700 700 596
700 700 560
700 700 594
700 700 94
700 700 462
413 413 48
107 107 48
700 700 590
495 495 48
700 700 510
676 676 48
698 698 48
700 700 574
335 335 48
700 700 528
589 589 48
491 491 46
700 700 526
700 700 498
496 496 46
117 117 46
700 700 566
666 666 46
700 700 508
700 700 480
700 700 104
700 700 448
700 700 348
424 424 46
651 651 46
700 700 462
700 700 442
700 700 292
643 643 44
583 583 44
90 90 44
54 54 44
700 700 542
700 700 160
700 700 258
407 407 44
700 700 390
700 700 536
700 700 384
700 700 304
616 616 42
270 270 42
503 503 42
509 509 42
700 700 74
624 624 42
408 408 42
700 700 250
206 206 42
700 700 480
675 675 42
464 464 42
184 184 42
400 400 42
700 700 442
700 700 596
613 613 40
666 666 40
700 700 520
700 700 478
700 700 504
700 700 450
700 700 216
700 700 396
700 700 512
700 700 154
700 700 294
434 434 40
700 700 570
291 291 40
700 700 258
700 700 544
700 700 72
700 700 230
700 700 266
414 414 38
532 532 38
452 452 38
700 700 384
227 227 38
700 700 294
700 700 512
700 700 588
700 700 338
700 700 566
700 700 514
78 78 38
700 700 552
467 467 38
332 332 38
700 700 224
477 477 36
602 602 36
700 700 522
700 700 592
700 700 542
700 700 496
700 700 214
700 700 598
491 491 36
700 700 546
375 375 36
700 700 224
700 700 352
700 700 578
700 700 324
700 700 418
700 700 78
450 450 36
700 700 222
93 93 34
700 700 430
626 626 34
700 700 530
700 700 110
700 700 548
700 700 568
700 700 468
528 528 34
247 247 34
288 288 34
700 700 188
700 700 448
124 124 34
621 621 34
700 700 326
700 700 378
247 247 34
326 326 34
235 235 32
700 700 574
700 700 464
700 700 538
700 700 438
690 690 32
700 700 50
22 22 32
700 700 526
362 362 32
700 700 582
700 700 420
661 661 32
121 121 32
700 700 534
695 695 32
700 700 598
700 700 42
700 700 598
700 700 578
635 635 32
700 700 380
700 700 444
700 700 592
545 545 32
700 700 524
700 700 532
700 700 582
700 700 494
199 199 32
124 124 32
700 700 542
700 700 536
555 555 30
700 700 52
700 700 592
700 700 394
700 700 402
101 101 30
178 178 30
700 700 402
700 700 586
700 700 184
700 700 574
65 65 30
700 700 308
700 700 436
700 700 480
700 700 392
700 700 314
700 700 580
565 565 28
609 609 28
700 700 542
691 691 28
700 700 378
700 700 484
700 700 558
152 152 28
700 700 596
214 214 28
700 700 428
465 465 28
700 700 538
368 368 28
692 692 28
700 700 432
223 223 28
700 700 584
700 700 508
389 389 26
370 370 26
78 78 26
700 700 132
700 700 546
700 700 254
700 700 524
700 700 520
700 700 582
700 700 590
409 409 26
524 524 26
676 676 26
700 700 562
281 281 26
565 565 26
700 700 468
609 609 26
700 700 476
700 700 454
608 608 26
700 700 588
700 700 590
144 144 24
700 700 592
700 700 588
700 700 580
700 700 560
700 700 314
700 700 318
620 620 24
700 700 562
700 700 492
700 700 492
700 700 504
700 700 572
700 700 590
700 700 274
700 700 554
700 700 26
335 335 24
364 364 24
700 700 472
620 620 24
700 700 440
632 632 24
530 530 24
700 700 586
700 700 112
700 700 546
700 700 40
700 700 440
700 700 560
700 700 44
700 700 594
286 286 22
550 550 22
700 700 348
700 700 312
700 700 586
485 485 22
700 700 586
663 663 22
700 700 490
700 700 388
700 700 552
700 700 342
595 595 22
690 690 22
700 700 298
700 700 594
506 506 20
700 700 64
699 699 20
700 700 530
700 700 378
700 700 572
700 700 292
700 700 462
486 486 20
700 700 548
700 700 498
700 700 262
391 391 20
700 700 594
700 700 556
700 700 502
700 700 230
259 259 20
700 700 332
700 700 550
700 700 36
700 700 592
700 700 362
700 700 586
700 700 536
700 700 594
700 700 562
700 700 568
612 612 18
700 700 296
473 473 18
700 700 320
517 517 18
700 700 452
700 700 566
611 611 18
700 700 566
700 700 200
700 700 556
700 700 444
700 700 194
700 700 318
700 700 20
700 700 446
316 316 18
700 700 362
700 700 492
700 700 116
700 700 480
700 700 236
700 700 214
700 700 454
314 314 16
397 397 16
334 334 16
700 700 584
700 700 410
700 700 598
669 669 16
700 700 586
464 464 16
700 700 532
700 700 200
700 700 566
700 700 400
700 700 516
700 700 568
700 700 164
700 700 352
662 662 16
700 700 394
700 700 594
700 700 598
700 700 586
700 700 380
700 700 494
700 700 558
700 700 534
700 700 592
700 700 418
700 700 498
700 700 474
152 152 14
513 513 14
311 311 14
700 700 546
700 700 376
700 700 566
98 98 14
700 700 454
700 700 242
700 700 536
479 479 14
700 700 592
700 700 500
700 700 528
700 700 476
307 307 14
700 700 450
700 700 230
700 700 574
700 700 592
389 389 12
200 200 12
700 700 258
700 700 386
700 700 442
700 700 566
700 700 252
700 700 112
216 216 12
128 128 12
700 700 534
700 700 16
461 461 12
700 700 594
700 700 456
241 241 12
700 700 564
134 134 12
700 700 466
700 700 478
125 125 12
329 329 12
700 700 584
700 700 574
700 700 560
700 700 548
700 700 596
700 700 556
700 700 432
700 700 506
164 164 10
700 700 544
27 27 10
700 700 448
700 700 556
700 700 524
700 700 570
700 700 538
481 481 10
700 700 386
700 700 590
700 700 406
700 700 378
87 87 10
700 700 592
700 700 358
700 700 534
700 700 466
234 234 10
700 700 406
700 700 498
486 486 10
700 700 80
48 48 10
39 39 10
222 222 10
700 700 434
700 700 436
700 700 594
700 700 310
700 700 146
700 700 582
435 435 10
700 700 592
700 700 578
700 700 598
700 700 488
700 700 574
331 331 8
700 700 598
700 700 492
295 295 8
367 367 8
700 700 592
519 519 8
514 514 8
700 700 454
700 700 250
83 83 8
632 632 8
700 700 556
194 194 8
700 700 540
171 171 8
700 700 588
700 700 412
700 700 590
700 700 226
700 700 416
700 700 482
700 700 204
700 700 576
700 700 568
700 700 554
700 700 532
700 700 596
700 700 462
700 700 584
700 700 472
700 700 548
700 700 210
700 700 416
700 700 502
700 700 538
644 644 6
700 700 556
527 527 6
700 700 580
526 526 6
622 622 6
700 700 10
700 700 214
700 700 586
700 700 588
671 671 6
700 700 402
700 700 534
700 700 226
700 700 572
700 700 552
700 700 598
700 700 598
700 700 588
303 303 4
700 700 368
700 700 320
700 700 118
199 199 4
700 700 452
700 700 494
700 700 502
700 700 596
478 478 4
700 700 258
700 700 446
700 700 598
700 700 564
700 700 592
700 700 274
700 700 572
700 700 466
272 272 4
700 700 596
327 327 4
700 700 430
700 700 538
86 86 4
700 700 498
700 700 252
700 700 506
700 700 594
700 700 598
700 700 550
700 700 382
700 700 514
700 700 480
700 700 374
700 700 322
700 700 462
700 700 598
700 700 162
700 700 598
700 700 594
700 700 500
700 700 594
296 296 2
700 700 566
700 700 412
700 700 486
700 700 204
700 700 582
700 700 48
16 16 2
700 700 310
700 700 538
17 17 2
700 700 344
700 700 544
700 700 590
700 700 312
415 415 0
700 700 596
15 15 0
700 700 594
700 700 574
700 700 576
700 700 40
700 700 574
700 700 508
700 700 600
700 700 568
700 700 588
700 700 596
515 515 0
700 700 548
700 700 600
700 700 368
700 700 598
700 700 188
700 700 548
700 700 574
700 700 318
700 700 288
360 360 0
700 700 580
700 700 596
239 239 0
292 292 0
700 700 294
700 700 600
700 700 584
700 700 596
700 700 600
700 700 594
