1000 100 4.3589
11 1 98
15 5 90
12 2 96
19 9 82
16 6 88
17 7 86
16 6 88
15 5 90
20 10 81
21 11 79
21 11 79
22 12 77
11 1 98
21 11 79
22 12 77
21 11 79
11 1 98
24 14 73
20 10 81
27 17 68
23 13 75
14 4 92
18 8 84
31 21 62
34 24 57
18 8 84
26 16 70
15 5 90
19 9 82
29 19 65
11 1 98
30 20 64
22 12 77
35 25 56
31 21 62
25 15 72
33 23 59
17 7 86
34 24 57
30 20 64
33 23 59
39 29 50
33 23 59
14 4 92
39 29 50
13 3 94
18 8 84
21 11 79
23 13 75
22 12 77
27 17 68
40 30 49
35 25 56
11 1 98
37 27 53
44 34 43
40 30 49
38 28 51
23 13 75
37 27 53
45 35 42
13 3 94
28 18 67
37 27 53
27 17 68
42 32 46
37 27 53
17 7 86
41 31 47
31 21 62
47 37 39
18 8 84
36 26 54
13 3 94
44 34 43
37 27 53
34 24 57
49 39 37
38 28 51
43 33 44
33 23 59
48 38 38
38 28 51
12 2 96
45 35 42
38 28 51
15 5 90
39 29 50
14 4 92
23 13 75
44 34 43
43 33 44
11 1 98
19 9 82
38 28 51
25 15 72
50 40 36
50 40 36
13 3 94
41 31 47
34 24 57
42 32 46
48 38 38
47 37 39
31 21 62
36 26 54
51 41 34
23 13 75
48 38 38
33 23 59
31 21 62
45 35 42
29 19 65
36 26 54
48 38 38
41 31 47
27 17 68
19 9 82
29 19 65
31 21 62
30 20 64
54 44 31
24 14 73
17 7 86
46 36 40
36 26 54
28 18 67
52 42 33
48 38 38
18 8 84
18 8 84
49 39 37
37 27 53
17 7 86
25 15 72
40 30 49
31 21 62
50 40 36
46 36 40
54 44 31
54 44 31
14 4 92
12 2 96
58 48 27
50 40 36
25 15 72
30 20 64
27 17 68
27 17 68
55 45 30
41 31 47
39 29 50
59 49 26
52 42 33
33 23 59
33 23 59
60 50 25
36 26 54
18 8 84
33 23 59
58 48 27
28 18 67
45 35 42
26 16 70
35 25 56
57 47 28
54 44 31
47 37 39
60 50 25
12 2 94
42 32 46
45 35 42
37 27 53
18 8 84
12 2 94
56 46 29
20 10 81
30 20 64
54 44 31
14 4 92
14 4 92
36 26 54
56 46 29
15 5 90
55 45 30
55 45 30
36 26 54
56 46 29
63 53 22
45 35 42
61 51 24
37 27 53
61 51 24
48 38 38
47 37 39
30 20 64
49 39 37
44 34 43
18 8 84
42 32 46
41 31 47
53 43 32
65 55 20
12 2 86
31 21 62
32 22 60
55 45 30
51 41 34
56 46 29
48 38 38
62 52 23
45 35 42
16 6 84
35 25 56
63 53 22
34 24 57
51 41 34
41 31 47
27 17 68
43 33 44
34 24 57
12 2 82
64 54 21
55 45 30
64 54 21
36 26 54
34 24 57
59 49 26
17 7 80
20 10 80
41 31 47
34 24 57
34 24 57
70 60 16
70 60 16
45 35 42
65 55 20
69 59 16
32 22 60
40 30 49
18 8 76
47 37 39
40 30 49
70 60 16
58 48 27
61 51 24
26 16 70
69 59 16
38 28 51
48 38 38
56 46 29
49 39 37
53 43 32
44 34 43
58 48 27
14 4 74
20 10 72
66 56 19
32 22 60
34 24 57
60 50 25
44 34 43
71 61 15
32 22 60
22 12 70
63 53 22
68 58 17
61 51 24
55 45 30
12 2 68
59 49 26
69 59 16
17 7 68
71 61 15
65 55 20
72 62 14
35 25 56
69 59 16
66 56 19
27 17 66
26 16 66
54 44 31
58 48 27
32 22 60
75 65 12
47 37 39
41 31 47
58 48 27
65 55 20
71 61 15
52 42 33
30 20 64
39 29 50
52 42 33
51 41 34
77 67 10
77 67 10
65 55 20
62 52 23
19 9 64
50 40 36
65 55 20
48 38 38
63 53 22
15 5 62
46 36 40
76 66 11
52 42 33
68 58 17
51 41 34
31 21 62
25 15 62
68 58 17
76 66 11
62 52 23
62 52 23
72 62 14
48 38 38
53 43 32
34 24 57
13 3 60
62 52 23
78 68 10
74 64 12
11 1 60
56 46 29
69 59 16
53 43 32
68 58 17
22 12 58
45 35 42
59 49 26
42 32 46
51 41 34
63 53 22
55 45 30
55 45 30
50 40 36
48 38 38
50 40 36
24 14 56
34 24 56
47 37 39
80 70 9
71 61 15
80 70 9
80 70 9
48 38 38
70 60 16
60 50 25
40 30 49
48 38 38
43 33 44
70 60 16
68 58 17
39 29 50
68 58 17
59 49 26
27 17 54
80 70 9
76 66 11
80 70 9
82 72 7
58 48 27
54 44 31
50 40 36
74 64 12
60 50 25
34 24 52
59 49 26
83 73 7
79 69 9
66 56 19
52 42 33
48 38 38
61 51 24
76 66 11
11 1 52
43 33 44
70 60 16
79 69 9
14 4 50
62 52 23
68 58 17
84 74 6
72 62 14
73 63 13
68 58 17
41 31 47
84 74 6
29 19 50
12 2 50
26 16 50
50 40 36
82 72 7
20 10 50
36 26 50
56 46 29
77 67 10
85 75 6
38 28 48
47 37 39
63 53 22
72 62 14
20 10 48
75 65 12
74 64 12
32 22 46
79 69 9
75 65 12
78 68 10
82 72 7
41 31 46
28 18 46
17 7 46
72 62 14
29 19 46
74 64 12
27 17 46
55 45 30
72 62 14
53 43 32
62 52 23
39 29 46
85 75 6
60 50 25
15 5 44
74 64 12
87 77 5
18 8 44
11 1 44
53 43 32
43 33 44
58 48 27
82 72 7
77 67 10
19 9 44
63 53 22
81 71 8
42 32 44
57 47 28
51 41 34
13 3 42
58 48 27
41 31 42
75 65 12
63 53 22
14 4 42
16 6 42
35 25 42
88 78 4
72 62 14
72 62 14
57 47 28
87 77 5
49 39 37
74 64 12
66 56 19
75 65 12
74 64 12
35 25 40
31 21 40
35 25 40
77 67 10
47 37 39
79 69 9
46 36 40
37 27 40
81 71 8
81 71 8
37 27 40
70 60 16
38 28 40
56 46 29
70 60 16
76 66 11
41 31 38
87 77 5
44 34 38
60 50 25
45 35 38
45 35 38
89 79 4
84 74 6
79 69 9
50 40 36
65 55 20
30 20 38
82 72 7
87 77 5
77 67 10
75 65 12
66 56 19
63 53 22
76 66 11
68 58 17
84 74 6
82 72 7
54 44 31
69 59 16
55 45 30
79 69 9
46 36 36
85 75 6
56 46 29
17 7 36
64 54 21
71 61 15
31 21 36
84 74 6
78 68 10
70 60 16
76 66 11
29 19 36
67 57 18
21 11 34
24 14 34
70 60 16
29 19 34
24 14 34
63 53 22
83 73 7
28 18 34
79 69 9
38 28 34
88 78 4
36 26 34
74 64 12
20 10 34
12 2 34
37 27 34
69 59 16
88 78 4
35 25 32
93 83 2
24 14 32
38 28 32
39 29 32
45 35 32
87 77 5
53 43 32
15 5 32
67 57 18
87 77 5
77 67 10
36 26 32
89 79 4
83 73 7
88 78 4
76 66 11
32 22 30
91 81 3
42 32 30
61 51 24
55 45 30
41 31 30
86 76 5
71 61 15
72 62 14
58 48 27
66 56 19
81 71 8
52 42 28
84 74 6
88 78 4
61 51 24
78 68 10
45 35 28
52 42 28
88 78 4
32 22 28
90 80 4
86 76 5
87 77 5
81 71 8
40 30 28
25 15 28
69 59 16
89 79 4
12 2 26
44 34 26
44 34 26
49 39 26
76 66 11
90 80 4
56 46 26
54 44 26
28 18 26
82 72 7
95 85 2
53 43 26
60 50 25
69 59 16
85 75 6
78 68 10
86 76 5
76 66 11
79 69 9
94 84 2
69 59 16
63 53 22
47 37 24
35 25 24
88 78 4
47 37 24
66 56 19
81 71 8
68 58 17
84 74 6
77 67 10
69 59 16
91 81 3
83 73 7
52 42 24
87 77 5
89 79 4
29 19 24
75 65 12
60 50 24
96 86 1
75 65 12
81 71 8
94 84 2
81 71 8
14 4 22
76 66 11
40 30 22
48 38 22
17 7 22
91 81 3
77 67 10
51 41 22
93 83 2
63 53 22
74 64 12
95 85 2
75 65 12
77 67 10
55 45 22
54 44 22
79 69 9
43 33 22
27 17 22
54 44 22
69 59 16
55 45 22
98 88 1
88 78 4
90 80 4
97 87 1
78 68 10
12 2 22
85 75 6
76 66 11
56 46 20
98 88 1
96 86 1
90 80 4
27 17 20
62 52 20
90 80 4
55 45 20
84 74 6
65 55 20
98 88 1
61 51 20
52 42 20
38 28 20
76 66 11
52 42 20
85 75 6
90 80 4
23 13 18
89 79 4
17 7 18
100 90 1
50 40 18
98 88 1
94 84 2
70 60 16
37 27 18
97 87 1
97 87 1
96 86 1
99 89 1
75 65 12
42 32 18
46 36 18
95 85 2
96 86 1
83 73 7
11 1 18
37 27 18
95 85 2
31 21 16
96 86 1
99 89 1
101 91 0
97 87 1
73 63 13
94 84 2
72 62 14
73 63 13
100 90 1
83 73 7
78 68 10
100 90 1
87 77 5
58 48 16
91 81 3
39 29 16
74 64 12
89 79 4
75 65 12
66 56 16
82 72 7
97 87 1
85 75 6
101 91 0
14 4 16
46 36 16
40 30 16
98 88 1
71 61 14
39 29 14
100 90 1
100 90 1
92 82 3
46 36 14
50 40 14
85 75 6
96 86 1
71 61 14
78 68 10
53 43 14
100 90 1
84 74 6
13 3 14
90 80 4
67 57 14
100 90 1
100 90 1
87 77 5
95 85 2
56 46 14
58 48 14
91 81 3
65 55 14
101 91 0
93 83 2
87 77 5
89 79 4
54 44 12
91 81 3
85 75 6
50 40 12
84 74 6
24 14 12
52 42 12
81 71 8
103 93 0
54 44 12
24 14 12
36 26 12
51 41 12
102 92 0
99 89 1
102 92 0
74 64 12
103 93 0
102 92 0
71 61 12
97 87 1
79 69 9
102 92 0
97 87 1
98 88 1
98 88 1
76 66 11
102 92 0
95 85 2
91 81 3
90 80 4
59 49 12
79 69 9
29 19 10
97 87 1
80 70 9
28 18 10
68 58 10
103 93 0
103 93 0
36 26 10
41 31 10
89 79 4
94 84 2
14 4 10
83 73 7
73 63 10
103 93 0
103 93 0
95 85 2
60 50 10
82 72 7
102 92 0
90 80 4
102 92 0
100 90 1
15 5 10
55 45 8
54 44 8
95 85 2
22 12 8
99 89 1
81 71 8
66 56 8
81 71 8
50 40 8
68 58 8
27 17 8
95 85 2
13 3 8
105 95 0
35 25 8
100 90 1
56 46 8
100 90 1
33 23 8
98 88 1
105 95 0
96 86 1
24 14 8
103 93 0
20 10 8
65 55 8
11 1 8
101 91 0
62 52 8
98 88 1
73 63 6
106 96 0
79 69 6
28 18 6
86 76 5
25 15 6
104 94 0
67 57 6
105 95 0
89 79 4
42 32 6
90 80 4
103 93 0
98 88 1
98 88 1
91 81 3
87 77 5
95 85 2
37 27 6
42 32 6
101 91 0
102 92 0
106 96 0
104 94 0
93 83 2
99 89 1
107 97 0
93 83 2
70 60 4
28 18 4
33 23 4
107 97 0
28 18 4
106 96 0
90 80 4
104 94 0
23 13 4
47 37 4
71 61 4
59 49 4
107 97 0
106 96 0
98 88 1
107 97 0
61 51 4
74 64 4
95 85 2
107 97 0
94 84 2
16 6 4
102 92 0
34 24 4
58 48 4
105 95 0
96 86 1
85 75 4
64 54 4
87 77 4
107 97 0
83 73 4
106 96 0
105 95 0
28 18 4
104 94 0
106 96 0
104 94 0
89 79 4
24 14 4
106 96 0
36 26 4
58 48 2
108 98 0
54 44 2
102 92 0
107 97 0
93 83 2
108 98 0
35 25 2
108 98 0
97 87 1
51 41 2
67 57 2
105 95 0
65 55 2
29 19 2
37 27 2
88 78 2
65 55 2
106 96 0
42 32 2
23 13 2
108 98 0
103 93 0
85 75 2
107 97 0
55 45 2
97 87 1
104 94 0
103 93 0
91 81 2
57 47 2
100 90 1
69 59 2
103 93 0
76 66 2
106 96 0
91 81 0
110 100 0
88 78 0
109 99 0
98 88 0
110 100 0
110 100 0
109 99 0
106 96 0
109 99 0
110 100 0
106 96 0
81 71 0
110 100 0
103 93 0
105 95 0
109 99 0
107 97 0
109 99 0
109 99 0
106 96 0
110 100 0
109 99 0
109 99 0
89 79 0
74 64 0
87 77 0
107 97 0
90 80 0
85 75 0
109 99 0
77 67 0
97 87 0
110 100 0
95 85 0
93 83 0
109 99 0
85 75 0
109 99 0
41 31 0
88 78 0
108 98 0
88 78 0
32 22 0
108 98 0
109 99 0
109 99 0
110 100 0
12 2 0
105 95 0
109 99 0
96 86 0
103 93 0
109 99 0
81 71 0
