5000 100 4.3589
63 1 98
5 5 90
52 5 90
88 5 90
2 5 90
92 1 98
35 6 88
12 7 86
17 6 88
99 7 86
9 2 96
52 3 94
92 8 84
22 2 96
84 7 86
54 11 79
71 11 79
35 2 96
5 11 79
75 5 90
77 5 90
77 5 90
12 8 84
89 4 92
71 2 96
25 5 90
16 4 92
27 10 81
63 2 96
6 3 94
22 4 92
13 7 86
12 12 77
47 14 73
12 11 79
7 7 86
89 8 84
41 6 88
18 3 94
75 15 72
2 6 88
63 3 94
58 8 84
75 7 86
98 7 86
74 14 73
20 16 70
45 1 98
90 9 82
36 8 84
97 13 75
43 1 98
62 15 72
64 2 96
47 9 82
2 17 68
90 8 84
98 16 70
88 17 68
63 18 67
40 14 73
67 17 68
45 13 75
28 7 86
67 7 86
50 2 96
62 13 75
68 19 65
81 18 67
30 5 90
24 5 90
94 3 94
44 4 92
43 2 96
47 6 88
52 14 73
34 17 68
82 7 86
23 2 96
94 8 84
68 9 82
64 1 98
60 11 79
68 4 92
60 4 92
16 11 79
61 4 92
5 1 98
84 5 90
71 10 81
51 19 65
10 8 84
81 13 75
5 1 98
17 15 72
1 20 64
4 13 75
72 15 72
68 17 68
80 18 67
69 19 65
8 20 64
80 9 82
98 19 65
8 18 67
43 18 67
94 11 79
5 1 98
6 18 67
1 7 86
46 3 94
36 12 77
16 4 92
95 17 68
3 5 90
36 6 88
70 12 77
74 22 60
50 6 88
88 2 96
34 14 73
6 13 75
11 16 70
57 17 68
99 14 73
73 14 73
47 21 62
14 10 81
39 22 60
11 15 72
44 19 65
10 10 81
8 10 81
74 17 68
95 12 77
98 23 59
95 3 94
15 4 92
100 19 65
48 23 59
3 23 59
70 16 70
14 21 62
49 14 73
64 9 82
63 16 70
62 10 81
48 1 98
99 15 72
62 10 81
79 20 64
95 13 75
3 10 81
96 2 96
11 9 82
1 1 98
74 22 60
5 7 86
47 10 81
18 13 75
24 24 57
16 5 90
99 14 73
14 19 65
91 19 65
96 21 62
46 5 90
79 12 77
62 20 64
39 14 73
100 10 81
89 17 68
35 13 75
22 4 92
76 18 67
50 5 90
36 6 88
16 20 64
48 1 98
96 21 62
70 24 57
26 24 57
39 1 98
16 21 62
81 25 56
92 1 98
67 6 88
49 27 53
48 25 56
50 27 53
84 27 53
76 14 73
46 20 64
72 16 70
99 15 72
98 22 60
34 11 79
11 9 82
11 20 64
7 10 81
79 26 54
63 3 94
66 11 79
9 25 56
77 19 65
89 10 81
11 9 82
90 23 59
15 26 54
79 25 56
68 10 81
7 22 60
50 15 72
64 5 90
80 2 96
13 6 88
50 2 96
73 26 54
56 15 72
44 4 92
71 3 94
10 14 73
76 5 90
5 21 62
56 23 59
86 22 60
59 20 64
64 13 75
5 24 57
73 8 84
46 6 88
47 23 59
28 14 73
86 3 94
53 10 81
61 26 54
94 18 67
94 26 54
55 23 59
11 22 60
44 18 67
52 9 82
34 15 72
60 9 82
94 28 51
32 18 67
46 15 72
90 17 68
66 5 90
98 17 68
72 28 51
5 8 84
16 13 75
97 27 53
75 25 56
55 15 72
45 2 96
99 10 81
52 29 50
91 3 94
26 7 86
58 11 79
79 30 49
77 1 98
28 28 51
77 1 98
89 28 51
97 28 51
47 7 86
23 8 84
29 4 92
52 6 88
90 30 49
3 10 81
97 2 96
60 1 98
11 30 49
87 28 51
43 25 56
27 26 54
58 21 62
71 15 72
99 28 51
31 14 73
78 20 64
8 27 53
87 6 88
59 1 98
51 14 73
55 25 56
58 6 88
82 19 65
59 17 68
59 26 54
42 11 79
22 15 72
29 4 92
16 23 59
30 5 90
71 1 98
11 21 62
35 23 59
40 23 59
85 8 84
92 7 86
16 8 84
17 29 50
85 24 57
25 15 72
29 12 77
25 24 57
58 14 73
53 15 72
37 20 64
58 29 50
23 19 65
60 32 46
44 28 51
30 33 44
23 10 81
11 7 86
19 33 44
12 14 73
44 21 62
90 11 79
69 30 49
25 8 84
73 6 88
95 6 88
27 10 81
51 28 51
11 26 54
31 34 43
96 10 81
50 28 51
30 30 49
56 28 51
11 21 62
49 22 60
72 25 56
67 2 96
33 18 67
64 30 49
38 32 46
91 3 94
90 28 51
55 14 73
8 25 56
72 33 44
42 31 47
53 22 60
35 15 72
56 16 70
95 26 54
68 17 68
8 25 56
82 22 60
73 32 46
92 4 92
81 29 50
86 29 50
6 21 62
47 30 49
35 23 59
98 11 79
15 32 46
42 13 75
88 19 65
24 2 96
59 33 44
65 10 81
98 35 42
98 6 88
44 20 64
85 33 44
97 15 72
99 26 54
66 14 73
26 34 43
21 28 51
9 22 60
96 35 42
70 18 67
88 25 56
29 25 56
50 31 47
69 34 43
86 35 42
50 5 90
94 7 86
83 24 57
38 21 62
79 36 40
41 11 79
70 9 82
18 18 67
10 27 53
68 24 57
61 15 72
61 17 68
48 26 54
52 8 84
54 7 86
2 3 94
88 16 70
46 13 75
99 10 81
16 33 44
65 37 39
75 31 47
51 11 79
23 20 64
11 32 46
82 28 51
90 9 82
41 8 84
79 26 54
11 36 40
36 18 67
86 30 49
77 33 44
2 19 65
43 18 67
28 15 72
5 8 84
41 7 86
59 29 50
70 4 92
18 3 94
75 15 72
43 33 44
77 37 39
94 29 50
52 20 64
74 33 44
14 14 73
39 27 53
11 36 40
86 24 57
96 26 54
89 1 98
27 28 51
48 31 47
78 15 72
90 36 40
42 16 70
94 34 43
56 6 88
89 30 49
6 11 79
35 23 59
91 26 54
9 4 92
69 33 44
72 28 51
1 7 86
50 20 64
97 32 46
50 13 75
32 25 56
36 35 42
95 35 42
67 12 77
40 25 56
32 26 54
94 28 51
92 16 70
39 36 40
98 23 59
79 17 68
82 17 68
38 39 37
80 32 46
33 13 75
90 26 54
16 36 40
48 28 51
39 15 72
50 36 40
63 26 54
42 25 56
23 14 73
51 30 49
61 12 77
21 34 43
74 28 51
8 3 94
25 25 56
42 37 39
15 36 40
11 36 40
95 15 72
60 9 82
57 32 46
45 26 54
65 25 56
78 29 50
33 15 72
5 35 42
16 18 67
50 28 51
68 1 98
2 12 77
61 34 43
93 39 37
78 26 54
12 7 86
67 41 34
17 28 51
60 41 34
35 24 57
69 30 49
21 4 92
20 13 75
56 26 54
30 28 51
10 42 33
86 30 49
56 17 68
26 14 73
45 22 60
87 11 79
21 25 56
70 29 50
37 34 43
37 38 38
39 31 47
76 41 34
73 10 81
58 27 53
50 3 94
23 41 34
24 7 86
52 11 79
79 20 64
87 25 56
6 37 39
68 2 96
50 19 65
94 17 68
33 7 86
70 35 42
62 18 67
14 7 86
96 28 51
90 22 60
88 35 42
83 32 46
40 36 40
73 26 54
27 4 92
28 16 70
81 4 92
53 18 67
79 19 65
79 23 59
81 33 44
77 41 34
78 41 34
81 23 59
8 2 96
35 8 84
80 38 38
49 2 96
67 44 31
61 9 82
94 11 79
66 29 50
73 13 75
100 31 47
47 34 43
20 25 56
41 11 79
67 40 36
95 18 67
61 42 33
84 35 42
45 37 39
27 3 94
91 34 43
5 1 98
5 20 64
68 5 90
18 35 42
26 39 37
20 30 49
40 36 40
29 33 44
23 17 68
9 29 50
90 22 60
86 20 64
7 45 30
80 37 39
58 42 33
76 36 40
47 31 47
95 32 46
52 43 32
58 17 68
90 29 50
31 22 60
8 10 81
16 3 94
36 33 44
46 37 39
37 36 40
35 26 54
11 22 60
30 4 92
62 8 84
35 12 77
7 44 31
12 34 43
89 5 90
27 45 30
54 20 64
18 30 49
87 29 50
47 7 86
35 20 64
82 34 43
40 17 68
28 14 73
77 44 31
88 27 53
42 5 90
1 16 70
19 44 31
22 10 81
75 42 33
70 27 53
36 26 54
69 39 37
62 13 75
86 37 39
24 32 46
38 41 34
59 19 65
28 36 40
45 15 72
36 38 38
59 21 62
18 34 43
53 16 70
65 18 67
39 29 50
73 30 49
56 22 60
99 23 59
36 12 77
86 13 75
47 27 53
33 42 33
6 36 40
79 21 62
61 42 33
60 31 47
28 17 68
62 17 68
79 33 44
97 42 33
68 33 44
17 37 39
10 3 94
22 28 51
75 37 39
81 37 39
30 39 37
90 44 31
52 46 29
33 6 88
14 36 40
51 3 94
50 22 60
71 12 77
77 20 64
49 38 38
29 26 54
85 45 30
41 39 37
24 38 38
94 31 47
30 30 49
79 47 28
66 35 42
96 2 96
43 4 92
36 24 57
63 28 51
79 42 33
51 15 72
79 36 40
19 46 29
15 46 29
72 40 36
24 5 90
58 44 31
79 47 28
89 43 32
42 35 42
96 47 28
29 5 90
93 8 84
69 17 68
73 24 57
30 36 40
83 6 88
100 24 57
50 13 75
41 17 68
89 36 40
19 48 27
64 21 62
74 40 36
45 36 40
74 40 36
20 17 68
86 15 72
49 9 82
23 34 43
82 37 39
19 3 94
4 35 42
93 49 26
5 27 53
91 46 29
30 9 82
82 39 37
83 44 31
4 37 39
43 11 79
6 42 33
56 15 72
20 11 79
66 44 31
55 34 43
43 39 37
46 1 98
56 45 30
74 49 26
78 35 42
75 44 31
4 17 68
74 2 96
37 50 25
70 24 57
9 30 49
94 36 40
69 48 27
66 7 86
49 4 92
27 50 25
51 17 68
79 15 72
88 47 28
79 10 81
5 35 42
99 23 59
20 38 38
68 41 34
98 17 68
16 24 57
9 34 43
72 17 68
8 41 34
52 15 72
95 45 30
60 45 30
19 46 29
43 32 46
27 46 29
55 15 72
82 7 86
15 10 81
25 43 32
65 2 96
10 9 82
63 2 96
12 50 25
10 46 29
82 47 28
12 50 25
61 39 37
71 45 30
55 35 42
41 33 44
40 35 42
9 12 77
64 25 56
89 44 31
48 42 33
84 37 39
93 45 30
49 4 92
2 22 60
73 42 33
34 2 96
83 28 51
68 14 73
31 43 32
88 50 25
43 18 67
41 4 92
5 19 65
20 30 49
44 14 73
91 41 34
92 22 60
45 14 73
92 39 37
38 40 36
45 7 86
31 29 50
95 45 30
77 1 96
24 46 29
66 16 70
70 46 29
95 1 94
56 12 77
8 20 64
78 14 73
36 47 28
12 8 84
82 23 59
57 37 39
10 3 94
96 40 36
39 4 92
30 44 31
8 26 54
24 48 27
85 38 38
74 49 26
26 34 43
76 32 46
44 52 23
99 33 44
45 39 37
17 48 27
76 21 62
88 42 33
69 43 32
19 15 72
66 6 88
44 2 94
94 47 28
26 44 31
80 46 29
7 39 37
20 20 64
32 16 70
80 37 39
20 23 59
14 29 50
35 45 30
48 53 22
34 33 44
100 22 60
75 10 81
7 42 33
97 22 60
25 31 47
72 1 92
98 17 68
14 44 31
63 21 62
100 40 36
5 6 88
10 35 42
78 37 39
97 30 49
3 51 24
83 40 36
96 42 33
25 40 36
56 6 88
31 42 33
35 34 43
25 46 29
28 13 75
2 4 92
64 50 25
48 50 25
68 22 60
93 11 79
51 38 38
78 12 77
86 23 59
29 43 32
74 9 82
25 20 64
90 52 23
43 25 56
66 37 39
77 34 43
52 30 49
30 12 77
29 11 79
47 7 86
73 41 34
53 24 57
83 12 77
42 30 49
80 1 90
20 16 70
12 11 79
39 7 86
4 43 32
28 54 21
22 23 59
8 42 33
6 9 82
71 37 39
5 33 44
24 11 79
45 6 88
17 52 23
28 21 62
21 27 53
36 5 90
51 33 44
93 41 34
77 32 46
26 38 38
73 10 81
48 42 33
25 23 59
77 27 53
15 17 68
38 4 88
73 30 49
60 40 36
1 15 72
62 40 36
4 47 28
77 25 56
5 21 62
86 25 56
2 29 50
31 7 86
30 38 38
24 55 20
50 48 27
65 15 72
54 21 62
46 54 21
96 20 64
5 43 32
32 55 20
9 40 36
56 36 40
100 46 29
67 32 46
67 26 54
75 22 60
98 50 25
17 32 46
82 53 22
86 15 72
28 15 72
61 46 29
16 51 24
7 14 73
43 43 32
30 13 75
20 17 68
88 45 30
49 48 27
8 22 60
51 19 65
30 3 86
92 23 59
15 41 34
54 6 86
63 48 27
5 33 44
19 9 82
39 22 60
34 43 32
21 36 40
93 38 38
45 16 70
48 1 86
28 50 25
55 27 53
10 47 28
85 32 46
73 46 29
63 16 70
84 28 51
98 13 75
64 5 86
14 22 60
56 56 19
73 34 43
58 51 24
20 49 26
40 39 37
15 26 54
72 46 29
46 23 59
31 37 39
13 13 75
26 2 84
62 55 20
46 22 60
39 25 56
59 3 84
15 14 73
40 55 20
85 54 21
100 17 68
19 28 51
50 34 43
94 7 84
44 47 28
84 24 57
80 43 32
67 56 19
49 42 33
21 48 27
13 28 51
16 49 26
18 55 20
68 31 47
52 48 27
91 3 84
58 16 70
55 11 79
72 47 28
14 32 46
30 7 84
52 33 44
35 45 30
10 4 84
68 47 28
52 44 31
35 10 81
93 33 44
41 18 67
27 15 72
46 2 84
50 43 32
97 53 22
58 48 27
96 55 20
36 54 21
60 48 27
13 5 84
49 31 47
78 51 24
100 55 20
47 41 34
45 45 30
6 16 70
100 36 40
22 30 49
29 23 59
2 8 82
87 20 64
57 54 21
26 33 44
3 5 82
96 58 17
2 54 21
61 44 31
26 58 17
95 46 29
93 42 33
20 46 29
9 20 64
18 12 77
61 5 82
91 10 81
91 37 39
93 12 77
61 2 82
54 56 19
18 26 54
77 32 46
33 36 40
14 45 30
46 4 82
18 21 62
85 22 60
100 29 50
56 44 31
98 56 19
97 8 82
29 38 38
58 44 31
31 30 49
19 3 82
70 57 18
46 24 57
21 36 40
48 37 39
26 34 43
93 31 47
66 41 34
46 18 67
21 23 59
100 56 19
67 15 72
9 33 44
99 49 26
76 45 30
34 8 80
37 24 57
6 36 40
17 33 44
55 44 31
45 39 37
79 32 46
46 53 22
20 24 57
17 47 28
97 38 38
16 48 27
26 27 53
75 10 80
48 52 23
25 9 80
47 31 47
81 55 20
69 38 38
92 7 80
52 44 31
76 24 57
87 27 53
71 10 80
71 44 31
99 33 44
57 36 40
73 40 36
87 19 65
97 52 23
46 16 70
43 13 75
15 32 46
89 10 80
43 8 80
18 52 23
66 48 27
64 57 18
39 58 17
14 16 70
63 46 29
83 56 19
18 49 26
24 22 60
7 41 34
3 59 16
4 43 32
78 26 54
65 6 78
25 19 65
4 14 73
2 55 20
29 56 19
68 55 20
9 49 26
23 60 16
73 39 37
71 48 27
55 6 78
38 51 24
17 43 32
49 20 64
97 53 22
84 42 33
27 57 18
75 60 16
27 39 37
47 58 17
58 44 31
41 13 75
34 53 22
1 43 32
45 30 49
33 9 78
71 43 32
96 10 78
84 3 78
47 35 42
25 29 50
24 40 36
37 30 49
41 24 57
12 9 78
6 40 36
32 41 34
35 50 25
29 59 16
55 28 51
81 36 40
54 6 76
61 51 24
71 49 26
91 13 75
6 49 26
36 31 47
35 56 19
23 35 42
22 10 76
88 14 73
39 61 15
25 8 76
1 53 22
17 25 56
73 41 34
27 24 57
72 35 42
71 61 15
68 42 33
46 29 50
77 56 19
50 26 54
50 44 31
53 27 53
71 56 19
18 12 76
30 8 76
73 42 33
95 44 31
96 40 36
28 41 34
52 35 42
2 50 25
1 46 29
25 58 17
69 44 31
99 19 65
74 53 22
32 54 21
67 20 64
14 56 19
1 36 40
85 37 39
43 4 74
3 44 31
91 39 37
12 37 39
88 59 16
17 34 43
14 44 31
98 59 16
79 27 53
59 46 29
93 29 50
51 40 36
29 35 42
74 57 18
86 21 62
78 30 49
28 39 37
19 40 36
52 54 21
20 61 15
58 54 21
92 40 36
57 26 54
14 43 32
49 18 67
96 2 74
49 62 14
63 55 20
90 47 28
9 55 20
34 39 37
64 19 65
20 62 14
77 55 20
62 56 19
15 53 22
74 50 25
19 47 28
72 30 49
72 49 26
60 62 14
71 40 36
18 44 31
81 63 13
58 60 16
81 18 67
40 24 57
36 23 59
85 7 72
61 24 57
10 14 72
43 43 32
20 7 72
76 60 16
29 6 72
67 10 72
30 14 72
8 54 21
90 60 16
18 22 60
14 42 33
32 47 28
42 48 27
39 32 46
13 47 28
18 11 72
91 36 40
95 43 32
29 58 17
74 49 26
75 23 59
38 51 24
8 28 51
48 42 33
22 2 72
63 37 39
96 1 72
85 54 21
24 49 26
86 38 38
15 13 72
18 9 72
55 54 21
44 49 26
7 9 72
63 63 13
35 13 72
97 36 40
14 5 72
35 62 14
85 22 60
14 13 72
38 4 72
31 30 49
22 40 36
80 3 70
52 26 54
80 62 14
44 43 32
65 32 46
52 60 16
2 56 19
85 49 26
70 9 70
91 55 20
45 62 14
77 42 33
5 56 19
41 59 16
8 2 70
27 14 70
15 59 16
27 24 57
80 22 60
1 45 30
45 33 44
76 2 70
77 64 12
63 15 70
30 36 40
33 59 16
4 58 17
43 17 68
39 59 16
83 47 28
82 64 12
52 17 68
26 54 21
13 44 31
63 47 28
45 46 29
80 62 14
24 49 26
5 60 16
9 55 20
69 45 30
86 54 21
8 14 70
79 29 50
15 39 37
6 19 65
70 56 19
9 19 65
32 35 42
15 28 51
21 32 46
14 39 37
12 15 70
99 32 46
68 34 43
24 50 25
75 46 29
10 55 20
72 38 38
24 18 67
8 44 31
68 58 17
58 63 13
91 39 37
92 38 38
48 25 56
52 46 29
29 6 68
76 34 43
32 59 16
97 29 50
90 47 28
10 27 53
35 63 13
21 41 34
13 49 26
39 64 12
45 36 40
84 34 43
62 36 40
43 37 39
49 54 21
64 45 30
88 40 36
54 54 21
95 40 36
87 15 68
5 40 36
35 59 16
23 45 30
45 32 46
13 18 67
17 4 68
32 36 40
73 21 62
38 51 24
47 65 12
84 32 46
68 61 15
22 35 42
93 60 16
28 22 60
87 63 13
62 36 40
53 53 22
70 5 68
77 6 68
84 9 68
100 40 36
53 21 62
74 64 12
86 61 15
24 15 68
54 36 40
18 63 13
2 14 66
67 57 18
34 64 12
48 6 66
35 49 26
28 60 16
13 17 66
35 58 17
40 58 17
73 28 51
94 41 34
26 49 26
80 62 14
46 22 60
71 23 59
54 52 23
25 60 16
69 26 54
77 49 26
44 58 17
45 58 17
4 21 62
88 11 66
51 51 24
89 14 66
2 32 46
5 34 43
4 8 66
77 66 11
91 31 47
8 22 60
16 49 26
5 57 18
12 25 56
58 61 15
85 48 27
52 19 65
59 34 43
81 38 38
67 3 66
46 9 66
38 5 66
33 53 22
57 53 22
69 47 28
14 57 18
45 13 66
6 38 38
55 29 50
20 64 12
49 35 42
67 41 34
42 55 20
18 44 31
89 14 64
67 33 44
17 41 34
75 52 23
30 20 64
85 29 50
36 14 64
78 7 64
47 45 30
21 53 22
56 18 64
44 17 64
89 4 64
38 35 42
41 44 31
77 43 32
96 14 64
95 50 25
75 5 64
7 21 62
65 39 37
59 52 23
65 36 40
73 13 64
80 63 13
63 60 16
25 61 15
33 37 39
75 56 19
77 60 16
86 65 12
1 51 24
41 9 64
100 32 46
10 42 33
50 49 26
99 41 34
32 37 39
60 53 22
91 51 24
82 67 10
71 66 11
24 67 10
16 50 25
40 20 64
32 67 10
62 49 26
4 28 51
19 62 14
58 48 27
53 37 39
31 61 15
2 41 34
4 16 64
46 55 20
28 57 18
38 30 49
8 5 62
40 58 17
85 5 62
61 49 26
18 40 36
69 7 62
69 51 24
33 28 51
50 58 17
17 45 30
40 67 10
23 41 34
32 66 11
13 68 10
97 67 10
30 66 11
60 57 18
57 59 16
38 33 44
41 23 59
65 66 11
39 17 62
78 12 62
94 11 62
39 45 30
12 60 16
30 21 62
21 65 12
60 68 10
3 56 19
25 55 20
6 33 44
53 61 15
90 43 32
14 65 12
80 17 62
66 29 50
92 66 11
27 57 18
96 16 62
11 66 11
1 62 14
54 37 39
7 19 62
34 16 62
20 27 53
51 49 26
10 39 37
26 52 23
81 26 54
40 51 24
4 61 15
36 42 33
86 58 17
79 63 13
95 21 62
16 58 17
66 20 62
90 36 40
6 17 62
10 67 10
92 9 62
76 44 31
87 27 53
32 33 44
63 27 53
22 16 62
90 61 15
71 49 26
73 2 62
64 38 38
44 68 10
16 4 60
23 1 60
77 47 28
68 14 60
72 4 60
89 64 12
46 22 60
41 47 28
7 58 17
83 48 27
56 52 23
21 69 9
33 5 60
25 35 42
20 43 32
33 25 56
49 67 10
82 37 39
65 42 33
57 20 60
92 24 57
1 55 20
20 17 60
57 54 21
3 28 51
59 65 12
86 30 49
39 21 60
11 44 31
37 57 18
63 45 30
52 65 12
74 43 32
77 8 60
5 39 37
13 36 40
57 44 31
1 68 10
100 51 24
65 33 44
38 13 60
15 37 39
48 66 11
25 35 42
83 57 18
86 60 16
33 48 27
29 20 60
69 67 10
92 42 33
98 60 16
86 48 27
3 53 22
51 15 60
53 19 60
62 46 29
68 55 20
17 55 20
95 63 13
94 63 13
55 27 53
44 17 60
48 60 16
20 65 12
83 22 60
23 55 20
1 66 11
11 58 17
76 38 38
4 65 12
80 60 16
43 35 42
45 17 60
37 36 40
37 18 58
1 70 9
18 16 58
87 50 25
26 47 28
82 62 14
37 46 29
75 34 43
59 1 58
95 61 15
28 68 10
89 50 25
69 27 53
13 54 21
94 60 16
69 21 58
87 55 20
100 60 16
2 58 17
5 59 16
93 12 58
86 55 20
8 64 12
47 66 11
33 42 33
41 15 58
70 63 13
58 68 10
68 24 57
32 52 23
87 65 12
51 60 16
60 59 16
9 67 10
75 15 58
41 30 49
15 11 58
56 47 28
17 58 17
100 57 18
19 12 58
55 24 57
44 61 15
6 34 43
75 63 13
60 22 58
91 18 58
89 40 36
67 17 58
43 63 13
61 68 10
29 55 20
62 60 16
47 31 47
60 40 36
4 29 50
45 57 18
48 5 58
46 63 13
84 12 58
54 41 34
90 32 46
100 60 16
5 34 43
9 36 40
31 40 36
54 60 16
17 24 57
69 16 56
96 68 10
54 18 56
55 12 56
80 2 56
57 13 56
22 33 44
46 23 56
10 69 9
70 41 34
87 55 20
100 60 16
79 34 43
86 63 13
4 67 10
32 33 44
35 48 27
97 18 56
58 58 17
84 52 23
43 61 15
50 38 38
14 42 33
67 43 32
31 39 37
43 69 9
100 53 22
47 4 56
21 69 9
2 67 10
58 68 10
74 9 56
18 55 20
58 22 56
2 34 43
63 45 30
25 66 11
6 7 56
48 39 37
85 14 56
38 44 31
55 40 36
79 50 25
14 11 56
44 6 56
60 65 12
76 63 13
46 61 15
1 68 10
19 70 9
24 16 56
7 70 9
78 31 47
1 59 16
46 40 36
66 40 36
82 69 9
81 59 16
35 31 47
83 50 25
43 66 11
34 20 56
2 69 9
99 30 49
65 66 11
12 57 18
65 33 44
63 39 37
35 72 7
21 35 42
8 3 54
97 56 19
36 44 31
26 11 54
83 69 9
10 67 10
78 45 30
36 72 7
54 55 20
75 23 54
22 66 11
50 27 53
5 67 10
52 45 30
28 44 31
59 64 12
16 70 9
95 9 54
2 44 31
97 59 16
41 62 14
85 54 21
90 69 9
94 13 54
88 63 13
45 59 16
68 71 8
16 61 15
12 65 12
30 72 7
16 68 10
31 72 7
90 22 54
83 63 13
43 19 54
31 5 54
5 9 54
29 63 13
59 70 9
88 69 9
89 43 32
83 57 18
79 18 54
88 15 54
89 53 22
86 38 38
28 41 34
95 33 44
8 5 54
61 48 27
24 17 54
22 66 11
48 53 22
26 51 24
64 61 15
87 70 9
8 55 20
38 41 34
87 40 36
16 4 52
53 68 10
79 3 52
17 33 44
59 63 13
39 2 52
47 6 52
53 4 52
71 56 19
12 52 23
65 69 9
91 64 12
52 67 10
8 73 7
65 39 37
99 66 11
38 71 8
72 26 52
85 46 29
58 44 31
90 4 52
29 31 47
27 30 49
60 65 12
84 72 7
73 38 38
3 56 19
73 42 33
24 8 52
17 47 28
52 69 9
54 57 18
16 61 15
3 47 28
94 58 17
54 8 52
98 56 19
27 70 9
34 53 22
86 56 19
68 72 7
32 53 22
8 51 24
11 34 43
31 29 50
57 61 15
42 23 52
70 21 52
26 66 11
48 24 52
65 13 52
18 65 12
92 56 19
40 44 31
62 17 52
65 66 11
90 56 19
67 73 7
100 12 52
27 50 25
59 58 17
86 27 52
6 67 10
65 71 8
67 68 10
90 65 12
32 19 52
24 16 52
77 46 29
59 66 11
80 71 8
98 65 12
73 46 29
63 65 12
53 31 47
5 65 12
81 37 39
23 60 16
53 2 50
51 56 19
38 22 50
48 35 42
19 67 10
89 25 50
67 27 50
15 25 50
42 33 44
38 46 29
96 72 7
14 55 20
39 66 11
36 38 38
20 50 25
99 72 7
36 32 46
88 16 50
39 9 50
63 10 50
10 60 16
77 74 6
98 52 23
78 13 50
21 11 50
63 68 10
40 22 50
24 61 15
6 34 43
11 67 10
64 46 29
3 38 38
51 72 7
36 73 7
15 57 18
10 62 14
91 54 21
58 57 18
24 72 7
85 21 50
15 43 32
11 25 50
29 56 19
96 66 11
59 57 18
72 52 23
77 69 9
88 10 50
91 44 31
47 74 6
88 28 50
69 46 29
55 23 50
72 29 50
94 24 50
65 71 8
97 75 6
9 59 16
95 75 6
45 53 22
91 38 38
11 43 32
10 1 48
10 70 9
50 7 48
26 73 7
58 68 10
89 62 14
3 40 36
23 16 48
74 1 48
7 34 43
79 71 8
55 51 24
2 36 40
1 31 47
4 65 12
55 56 19
44 70 9
37 37 39
59 36 40
65 73 7
16 49 26
92 51 24
4 53 22
21 48 27
25 51 24
9 31 47
78 68 10
23 34 43
74 15 48
84 29 48
76 65 12
90 38 38
34 63 13
10 50 25
74 75 6
65 46 29
75 47 28
42 23 48
43 62 14
4 70 9
66 63 13
48 50 25
75 70 9
56 65 12
65 68 10
10 74 6
67 39 37
50 22 48
95 7 48
3 31 47
68 33 44
38 30 48
53 73 7
22 69 9
77 27 48
37 67 10
95 64 12
17 66 11
89 17 48
31 55 20
56 75 6
12 71 8
71 30 46
82 46 29
19 38 38
20 37 39
52 61 15
67 63 13
85 69 9
25 63 13
91 75 6
85 47 28
57 19 46
29 73 7
94 57 18
31 27 46
72 49 26
78 12 46
95 54 21
46 50 25
27 56 19
11 55 20
93 28 46
21 31 46
85 71 8
91 54 21
89 14 46
8 2 46
69 15 46
71 73 7
99 14 46
45 28 46
70 48 27
40 40 36
12 54 21
56 31 46
19 8 46
38 64 12
67 47 28
19 45 30
4 57 18
2 18 46
31 52 23
36 10 46
28 45 30
31 41 34
55 10 46
93 67 10
47 7 46
47 61 15
99 67 10
88 66 11
81 56 19
88 60 16
58 61 15
54 18 46
96 15 46
36 40 36
34 38 38
18 20 46
16 52 23
99 52 23
52 63 13
80 75 6
60 51 24
68 5 46
79 40 36
27 46 29
41 22 46
25 40 36
15 33 44
32 35 42
6 43 32
83 49 26
23 66 11
37 42 33
80 48 27
100 63 13
41 3 46
21 43 32
25 59 16
83 10 44
75 55 20
3 66 11
56 4 44
61 58 17
74 77 5
53 76 5
14 68 10
64 54 21
19 74 6
13 52 23
63 28 44
57 14 44
78 27 44
83 54 21
50 76 5
43 69 9
31 70 9
50 67 10
63 43 32
2 52 23
36 63 13
87 13 44
38 66 11
29 44 31
81 38 38
77 72 7
21 25 44
90 41 34
1 70 9
26 4 44
89 61 15
66 58 17
18 6 44
74 59 16
100 60 16
89 77 5
39 12 44
77 16 44
31 43 32
99 57 18
46 62 14
77 35 42
66 10 44
71 41 34
59 56 19
78 73 7
20 37 39
10 68 10
77 41 34
94 75 6
20 54 21
93 46 29
56 69 9
37 76 5
100 70 9
9 40 36
62 64 12
57 35 42
50 65 12
9 4 42
76 1 42
5 21 42
80 3 42
23 52 23
13 71 8
83 55 20
52 31 42
25 41 34
29 15 42
27 52 23
6 78 4
28 73 7
57 54 21
48 43 32
54 27 42
34 47 28
44 69 9
67 48 27
48 10 42
67 76 5
51 37 39
8 71 8
51 58 17
68 22 42
11 63 13
31 30 42
11 16 42
11 41 34
90 62 14
43 78 4
73 32 42
34 68 10
88 62 14
22 16 42
29 15 42
74 77 5
42 56 19
14 39 37
69 22 42
30 42 33
30 72 7
32 40 36
78 34 42
10 5 42
95 74 6
32 49 26
56 71 8
12 66 11
48 65 12
38 74 6
8 70 9
15 34 42
80 10 42
60 39 37
94 65 12
71 22 42
54 72 7
5 54 21
43 6 42
54 59 16
67 64 12
20 59 16
7 73 7
91 41 34
53 64 12
10 48 27
48 37 39
55 77 5
89 20 42
62 12 42
68 52 23
36 19 42
71 74 6
84 67 10
24 71 8
94 75 6
33 13 42
8 65 12
71 70 9
51 78 4
3 42 33
32 40 36
24 41 34
72 49 26
61 38 38
57 57 18
13 38 38
48 74 6
87 79 4
76 3 40
58 62 14
40 25 40
58 48 27
28 73 7
30 9 40
8 63 13
73 46 29
100 72 7
80 29 40
43 60 16
33 74 6
17 58 17
52 49 26
25 6 40
32 64 12
22 77 5
13 62 14
37 73 7
64 59 16
54 22 40
55 52 23
38 10 40
94 78 4
80 67 10
34 74 6
31 17 40
89 18 40
57 41 34
99 44 31
96 46 29
36 18 40
73 20 40
65 71 8
58 54 21
24 75 6
36 27 40
90 77 5
82 74 6
9 33 40
60 32 40
24 54 21
62 62 14
9 79 4
90 39 37
55 54 21
29 24 40
92 58 17
62 35 40
58 70 9
71 65 12
96 56 19
65 57 18
71 68 10
35 6 40
47 20 40
100 77 5
64 66 11
89 77 5
94 9 40
79 75 6
81 51 24
62 2 40
9 29 40
43 29 40
4 46 29
100 29 38
27 59 16
5 72 7
31 50 25
48 38 38
39 34 38
92 44 31
34 25 38
41 10 38
42 21 38
61 4 38
8 59 16
64 47 28
96 6 38
64 71 8
76 76 5
92 6 38
10 55 20
77 31 38
20 26 38
24 15 38
67 60 16
99 55 20
23 62 14
99 39 37
93 58 17
48 58 17
23 68 10
15 30 38
62 57 18
93 60 16
64 76 5
58 36 38
66 74 6
46 57 18
94 59 16
81 19 38
82 80 4
53 50 25
35 29 38
45 65 12
92 67 10
65 20 38
71 6 38
39 58 17
51 59 16
78 20 38
99 55 20
16 79 4
86 38 38
23 67 10
84 52 23
62 72 7
42 37 38
1 80 4
42 41 34
41 3 38
58 64 12
2 29 38
52 40 36
31 24 38
95 77 5
34 73 7
94 8 38
40 18 38
53 71 8
21 63 13
97 30 38
70 43 32
4 77 5
41 22 36
50 49 26
78 62 14
95 30 36
69 79 4
56 5 36
52 59 16
28 54 21
21 81 3
89 75 6
14 62 14
28 79 4
78 62 14
88 72 7
15 81 3
44 25 36
61 77 5
8 8 36
16 67 10
92 16 36
12 56 19
42 51 24
37 62 14
58 72 7
62 60 16
19 33 36
47 62 14
75 39 36
27 8 36
38 75 6
95 35 36
78 37 36
14 50 25
31 80 4
96 52 23
78 34 36
17 59 16
1 73 7
6 65 12
41 40 36
2 56 19
97 54 21
95 66 11
32 38 36
42 18 36
19 24 36
5 48 27
76 69 9
7 23 36
7 80 4
55 50 25
54 69 9
81 6 36
62 38 36
38 79 4
9 64 12
38 39 36
78 70 9
53 49 26
97 79 4
99 78 4
15 19 36
34 1 36
38 74 6
53 25 36
36 18 36
71 80 4
68 43 32
12 37 36
11 70 9
1 58 17
21 31 36
26 63 13
34 5 36
56 48 27
29 75 6
52 60 16
65 71 8
67 37 36
18 45 30
43 16 34
65 67 10
68 61 15
15 12 34
14 9 34
22 7 34
49 80 4
67 57 18
6 27 34
52 63 13
34 20 34
64 82 3
5 36 34
22 23 34
39 65 12
93 73 7
40 15 34
89 54 21
5 69 9
57 81 3
100 50 25
36 45 30
13 12 34
12 55 20
74 46 29
33 59 16
85 68 10
28 72 7
72 43 32
63 31 34
47 52 23
30 54 21
32 40 34
26 70 9
7 66 11
39 69 9
83 74 6
46 74 6
19 46 29
36 42 33
98 27 34
24 63 13
13 39 34
4 67 10
13 48 27
100 76 5
80 68 10
29 67 10
4 6 34
79 36 34
5 69 9
84 63 13
87 45 30
37 62 14
78 57 18
13 75 6
87 58 17
33 11 34
46 40 34
60 64 12
3 76 5
31 32 34
85 64 12
83 65 12
78 82 3
58 77 5
60 31 34
44 59 16
30 52 23
79 75 6
73 46 29
29 79 4
38 18 34
52 75 6
100 20 34
51 59 16
84 17 34
94 9 34
61 80 4
53 67 10
56 51 24
47 49 26
38 38 34
58 46 29
98 45 30
68 67 10
48 79 4
21 26 32
91 73 7
68 68 10
60 4 32
5 28 32
6 63 13
81 54 21
52 18 32
60 19 32
86 82 3
85 53 22
17 74 6
96 57 18
99 33 32
91 50 25
69 64 12
34 66 11
57 36 32
24 32 32
66 53 22
83 52 23
38 80 4
61 54 21
14 67 10
53 79 4
7 79 4
12 65 12
2 76 5
51 76 5
34 59 16
70 62 14
2 47 28
72 64 12
35 52 23
32 19 32
84 6 32
8 27 32
61 16 32
62 68 10
66 55 20
27 78 4
66 69 9
80 76 5
99 22 32
4 74 6
99 62 14
5 47 28
36 78 4
13 45 30
48 8 32
32 75 6
3 57 18
93 58 17
77 59 16
86 68 10
25 74 6
59 77 5
24 77 5
38 49 26
19 64 12
11 35 32
49 70 9
39 30 32
53 56 19
8 35 32
25 55 20
83 70 9
50 30 32
72 44 31
65 82 3
68 68 10
10 16 30
24 16 30
96 58 17
42 56 19
43 65 12
77 81 3
23 83 2
77 73 7
52 43 30
43 68 10
59 64 12
19 80 4
22 80 4
4 33 30
34 75 6
87 53 22
35 81 3
48 9 30
29 70 9
11 53 22
2 69 9
55 69 9
22 70 9
23 37 30
94 67 10
41 65 12
5 71 8
66 74 6
11 58 17
4 47 28
44 73 7
53 43 30
63 76 5
43 17 30
35 45 30
51 81 3
88 84 2
81 54 21
44 71 8
34 50 25
41 63 13
47 73 7
31 42 30
38 67 10
6 28 30
11 39 30
99 29 30
36 62 14
90 66 11
93 41 30
42 78 4
35 75 6
25 55 20
81 72 7
83 82 3
67 81 3
7 45 30
50 7 30
47 81 3
57 3 30
77 59 16
16 59 16
58 15 30
15 49 26
44 51 24
35 74 6
42 32 30
5 29 30
75 42 30
41 1 30
71 84 2
61 78 4
5 56 19
98 78 4
93 67 10
93 45 30
7 12 30
33 67 10
39 78 4
37 25 30
12 78 4
50 8 28
77 73 7
47 84 2
24 23 28
35 84 2
67 57 18
28 65 12
7 72 7
91 81 3
67 25 28
34 12 28
31 74 6
89 27 28
16 19 28
80 83 2
66 7 28
40 50 25
60 15 28
86 33 28
5 37 28
24 80 4
60 74 6
29 27 28
60 80 4
32 66 11
27 68 10
92 83 2
94 57 18
59 15 28
79 13 28
86 43 28
48 78 4
55 60 16
38 56 19
71 42 28
20 50 25
18 71 8
19 37 28
90 66 11
66 83 2
17 19 28
33 56 19
94 65 12
99 72 7
22 52 23
75 52 23
86 82 3
78 46 28
61 85 2
4 67 10
26 71 8
60 31 28
3 83 2
99 1 28
64 47 28
47 84 2
50 15 28
47 14 28
89 72 7
13 32 28
77 79 4
72 57 18
76 80 4
86 47 28
61 41 28
27 46 28
16 69 9
24 82 3
56 78 4
66 6 28
63 27 28
45 41 28
12 67 10
11 63 13
3 82 3
100 81 3
52 67 10
60 16 28
72 62 14
38 77 5
32 51 24
71 54 21
21 1 28
57 68 10
72 12 28
34 80 4
16 16 28
65 80 4
48 69 9
57 74 6
18 72 7
36 56 19
39 45 26
92 13 26
97 82 3
70 53 22
9 25 26
70 74 6
90 78 4
48 37 26
61 68 10
94 25 26
70 67 10
82 71 8
99 83 2
44 86 1
70 12 26
27 1 26
29 60 16
77 40 26
50 62 14
16 84 2
65 43 26
68 71 8
52 46 26
90 67 10
45 61 15
1 72 7
27 32 26
50 16 26
20 25 26
60 67 10
94 19 26
48 27 26
36 75 6
43 68 10
6 81 3
82 69 9
74 68 10
62 56 19
14 78 4
39 34 26
99 78 4
72 83 2
45 4 26
61 41 26
84 57 18
54 76 5
100 60 16
14 40 26
63 66 11
73 83 2
38 81 3
96 68 10
12 39 26
83 24 26
6 56 19
26 72 7
93 64 12
10 47 26
22 83 2
37 83 2
52 63 13
83 83 2
99 81 3
33 74 6
77 82 3
99 45 26
66 40 26
25 14 26
67 43 26
6 70 9
25 24 26
29 86 1
53 85 2
80 30 26
48 81 3
88 54 21
15 69 9
83 61 15
96 62 14
16 86 1
37 77 5
62 3 26
98 82 3
88 63 13
33 72 7
78 20 26
71 22 26
69 31 26
4 51 24
96 74 6
40 74 6
35 64 12
89 47 26
94 86 1
25 81 3
49 26 26
84 7 26
59 13 26
21 70 9
40 38 26
25 83 2
91 37 24
53 60 16
62 81 3
34 58 17
23 65 12
56 38 24
45 14 24
43 84 2
89 75 6
58 2 24
75 83 2
48 64 12
94 54 21
19 50 24
50 41 24
34 82 3
6 65 12
92 63 13
2 29 24
6 86 1
1 60 16
13 77 5
71 67 10
96 87 1
56 65 12
44 11 24
18 80 4
49 86 1
66 64 12
48 74 6
81 80 4
49 40 24
1 47 24
67 79 4
51 78 4
34 71 8
26 10 24
93 84 2
68 56 19
60 78 4
63 58 17
25 13 24
54 26 24
57 83 2
100 78 4
61 42 24
59 64 12
54 87 1
91 87 1
51 66 11
41 33 24
46 41 24
35 50 24
71 10 24
33 77 5
50 58 17
72 71 8
28 72 7
26 44 24
74 15 24
59 39 24
91 83 2
29 10 24
3 85 2
32 31 24
46 26 24
68 41 24
91 64 12
30 81 3
78 63 13
12 53 22
13 82 3
53 23 24
76 53 22
16 26 24
89 25 24
95 70 9
58 78 4
60 26 24
21 20 24
76 85 2
43 19 24
89 87 1
98 68 10
53 34 24
61 64 12
53 63 13
99 74 6
55 86 1
63 83 2
3 36 24
63 66 11
23 42 24
2 68 10
43 67 10
80 72 7
94 64 12
21 6 22
84 84 2
50 88 1
55 81 3
17 43 22
99 6 22
87 82 3
23 16 22
43 69 9
68 87 1
84 56 19
45 9 22
29 88 1
44 21 22
82 82 3
87 87 1
93 77 5
41 77 5
70 48 22
5 80 4
72 61 15
87 22 22
61 29 22
9 20 22
70 5 22
1 30 22
43 86 1
83 69 9
25 72 7
76 57 18
87 13 22
63 51 22
9 86 1
60 19 22
69 81 3
3 63 13
78 68 10
47 74 6
84 48 22
76 29 22
27 87 1
98 84 2
3 13 22
7 27 22
73 86 1
60 78 4
51 15 22
62 44 22
100 85 2
47 27 22
4 60 16
61 8 22
5 14 22
56 87 1
66 77 5
86 2 22
91 75 6
25 75 6
85 65 12
11 48 22
87 80 4
55 21 22
93 41 22
90 57 18
30 70 9
3 68 10
72 40 22
23 70 9
34 82 3
28 18 22
57 79 4
54 31 22
39 36 22
94 79 4
89 40 22
5 32 22
30 12 22
45 80 4
42 30 22
63 81 3
30 62 14
8 58 17
24 76 5
45 83 2
45 41 22
36 86 1
71 42 22
29 12 22
33 48 22
69 7 22
32 66 11
28 87 1
9 85 2
93 12 22
10 84 2
78 81 3
16 73 7
85 53 22
84 37 22
58 8 22
59 16 22
52 76 5
3 46 22
44 74 6
39 76 5
32 57 18
5 46 22
68 85 2
40 86 1
46 52 22
2 84 2
26 11 22
37 68 10
72 87 1
38 30 22
49 3 22
91 79 4
94 86 1
72 37 20
76 89 1
22 56 19
38 76 5
38 59 16
39 54 20
35 85 2
36 10 20
76 78 4
5 63 13
70 31 20
41 51 20
57 19 20
76 84 2
16 56 19
61 64 12
73 87 1
68 47 20
96 89 1
77 85 2
47 66 11
69 85 2
42 2 20
25 45 20
51 78 4
21 72 7
45 1 20
30 81 3
8 87 1
97 6 20
70 18 20
85 77 5
55 25 20
4 21 20
81 78 4
31 83 2
43 62 14
16 8 20
1 66 11
33 42 20
33 67 10
99 15 20
77 22 20
78 60 16
67 85 2
28 85 2
100 17 20
3 16 20
3 11 20
56 40 20
12 42 20
62 87 1
40 56 19
36 13 20
10 62 14
15 83 2
52 38 20
88 16 20
87 27 20
57 1 20
84 28 20
23 35 20
3 84 2
56 14 20
28 18 20
82 74 6
55 81 3
45 47 20
28 52 20
38 31 20
16 76 5
91 4 20
66 72 7
92 25 20
63 85 2
67 42 20
23 76 5
67 87 1
45 58 17
84 71 8
47 79 4
20 81 3
11 55 20
12 84 2
5 61 15
84 61 15
42 44 20
9 89 1
49 51 20
8 76 5
88 69 9
93 61 15
59 16 20
85 79 4
69 74 6
91 58 17
41 76 5
93 60 16
87 85 2
31 84 2
84 85 2
33 68 10
98 24 20
89 37 20
5 64 12
48 46 20
47 44 18
19 67 10
15 71 8
74 75 6
14 71 8
55 67 10
65 10 18
64 39 18
5 33 18
20 78 4
49 32 18
82 29 18
20 55 18
64 67 10
78 90 1
58 75 6
91 36 18
38 31 18
74 68 10
88 75 6
45 85 2
36 78 4
99 75 6
53 5 18
7 15 18
1 25 18
61 84 2
30 74 6
32 12 18
25 44 18
6 23 18
74 64 12
79 77 5
86 65 12
36 81 3
8 83 2
58 81 3
4 68 10
54 84 2
70 74 6
55 59 16
98 49 18
68 31 18
2 59 16
24 74 6
97 86 1
82 78 4
37 74 6
63 83 2
77 55 18
35 89 1
56 72 7
31 85 2
65 77 5
9 72 7
65 16 18
9 83 2
81 79 4
72 83 2
41 80 4
85 67 10
94 78 4
95 49 18
94 86 1
89 42 18
48 86 1
43 43 18
52 6 18
41 50 18
17 58 17
79 52 18
51 57 18
68 58 17
60 35 18
88 85 2
19 18 18
40 33 18
59 82 3
75 60 16
73 58 17
70 86 1
53 3 18
34 51 18
40 87 1
45 68 10
93 68 10
39 82 3
61 53 18
31 85 2
49 66 11
38 75 6
38 48 18
68 6 18
54 27 18
43 86 1
21 82 3
27 71 8
27 4 18
48 83 2
74 86 1
76 86 1
77 33 18
2 50 18
4 8 18
12 53 18
32 45 18
93 88 1
94 11 18
38 43 18
66 53 18
24 15 18
77 47 18
36 75 6
36 90 1
85 36 18
41 60 16
73 89 1
54 25 18
50 59 16
88 33 18
6 16 18
43 69 9
29 82 3
53 13 16
38 80 4
97 13 16
8 53 16
69 85 2
93 81 3
91 85 2
65 51 16
28 85 2
33 67 10
30 32 16
26 29 16
30 65 12
42 89 1
9 42 16
27 30 16
82 65 12
22 24 16
92 60 16
96 51 16
21 72 7
66 47 16
44 89 1
49 91 0
46 90 1
32 86 1
16 87 1
50 4 16
31 22 16
35 88 1
80 90 1
41 5 16
40 83 2
2 8 16
53 62 14
98 91 0
90 77 5
79 73 7
96 47 16
92 64 12
45 69 9
52 69 9
61 67 10
66 85 2
72 65 12
40 72 7
84 71 8
98 74 6
61 87 1
61 80 4
36 14 16
12 52 16
25 52 16
63 62 14
66 82 3
50 91 0
69 72 7
69 59 16
29 63 13
21 89 1
23 68 10
29 90 1
64 37 16
30 8 16
45 72 7
47 81 3
15 57 16
8 64 12
49 90 1
97 49 16
9 89 1
79 62 14
27 42 16
94 80 4
28 35 16
97 69 9
40 82 3
46 9 16
16 14 16
91 45 16
65 69 9
62 71 8
78 37 16
24 75 6
17 40 16
25 91 0
6 43 16
46 76 5
34 89 1
60 63 13
100 74 6
4 81 3
45 65 12
72 89 1
26 81 3
57 35 16
43 36 16
95 76 5
89 80 4
36 82 3
29 8 16
43 37 16
18 52 16
34 37 16
80 75 6
57 82 3
90 53 16
95 57 16
55 80 4
87 75 6
96 86 1
69 71 8
85 72 7
14 45 16
25 15 16
14 31 16
44 51 16
78 76 5
16 78 4
37 54 16
90 55 14
19 91 0
21 45 14
84 88 1
94 91 0
48 86 1
82 19 14
60 14 14
73 66 11
24 68 10
65 45 14
93 68 10
62 92 0
64 62 14
28 22 14
14 82 3
27 89 1
74 92 0
87 86 1
3 81 3
37 87 1
82 71 8
69 92 0
41 85 2
4 88 1
93 77 5
29 6 14
92 17 14
90 77 5
43 63 13
66 79 4
16 79 4
82 92 0
35 52 14
79 62 14
71 89 1
24 34 14
68 76 5
23 57 14
46 2 14
74 76 5
22 55 14
61 32 14
82 84 2
29 77 5
63 59 14
10 57 14
39 46 14
98 78 4
68 28 14
37 76 5
63 78 4
24 16 14
78 92 0
84 67 10
73 81 3
82 92 0
52 88 1
4 59 14
12 59 14
75 24 14
99 91 0
7 65 12
40 11 14
75 51 14
22 78 4
85 79 4
97 43 14
36 84 2
72 84 2
13 92 0
48 89 1
69 74 6
5 37 14
42 66 11
74 79 4
40 6 14
87 62 14
18 53 14
53 92 0
71 89 1
52 56 14
78 66 11
44 30 14
32 77 5
100 91 0
26 91 0
39 89 1
34 62 14
86 89 1
53 7 14
16 10 14
8 71 8
3 80 4
74 78 4
62 24 14
55 60 14
76 90 1
47 78 4
13 84 2
93 49 14
57 48 14
60 72 7
71 84 2
2 77 5
27 87 1
68 86 1
84 41 14
63 71 8
60 36 14
66 67 10
50 23 14
8 86 1
88 91 0
75 90 1
60 62 14
52 30 14
67 50 14
56 73 7
67 17 14
98 52 14
48 88 1
74 67 10
72 8 14
25 80 4
64 89 1
22 88 1
67 79 4
84 91 0
61 84 2
20 79 4
25 56 14
94 16 14
89 77 5
71 76 5
92 83 2
59 71 8
61 75 6
22 66 11
51 59 12
73 21 12
17 46 12
27 23 12
36 66 11
21 83 2
87 69 9
25 82 3
98 84 2
83 48 12
98 86 1
36 81 3
91 88 1
66 40 12
41 90 1
69 86 1
73 83 2
19 1 12
67 39 12
100 93 0
37 91 0
13 38 12
91 31 12
83 82 3
67 69 9
59 83 2
77 70 9
30 93 0
85 68 10
43 85 2
9 90 1
1 92 0
55 90 1
11 15 12
10 81 3
18 87 1
80 81 3
91 92 0
91 75 6
74 13 12
18 66 11
49 32 12
90 84 2
57 92 0
82 82 3
97 56 12
85 32 12
40 93 0
74 82 3
29 87 1
13 84 2
30 75 6
26 12 12
95 62 12
83 10 12
98 50 12
68 17 12
74 32 12
92 6 12
45 66 11
69 73 7
56 92 0
64 93 0
84 71 8
1 87 1
95 17 12
87 85 2
88 92 0
76 58 12
2 90 1
7 84 2
88 56 12
48 16 12
64 85 2
99 79 4
9 11 12
90 44 12
97 68 10
61 76 5
84 84 2
48 74 6
35 84 2
52 82 3
92 87 1
66 85 2
86 83 2
2 77 5
89 90 1
88 91 0
52 53 12
65 24 12
76 48 12
89 65 12
15 44 12
83 81 3
53 71 8
34 71 8
23 3 12
94 75 6
18 83 2
10 92 0
91 89 1
77 81 3
69 70 9
79 6 12
23 71 8
71 49 12
80 75 6
22 85 2
54 90 1
63 87 1
99 92 0
40 91 0
14 88 1
19 81 3
95 22 12
54 93 0
60 9 12
73 59 12
53 82 3
14 87 1
43 86 1
17 63 12
21 93 0
61 86 1
47 87 1
26 48 12
55 35 12
51 65 12
64 91 0
30 65 12
11 46 12
56 74 6
71 90 1
68 55 12
10 89 1
5 93 0
89 93 0
39 28 12
20 66 11
92 82 3
11 77 5
19 79 4
70 57 12
72 81 3
65 89 1
75 38 12
60 15 12
88 57 12
4 56 12
31 53 12
20 72 7
40 76 5
65 5 12
77 93 0
34 92 0
72 90 1
40 88 1
80 71 8
40 70 9
58 53 10
34 76 5
23 78 4
75 92 0
25 75 6
16 87 1
39 63 10
59 74 6
7 85 2
13 46 10
57 52 10
39 94 0
68 86 1
22 63 10
33 86 1
85 77 5
91 77 5
91 93 0
9 53 10
40 20 10
32 65 10
54 54 10
80 73 7
71 93 0
58 44 10
55 63 10
52 93 0
60 49 10
78 1 10
53 87 1
93 71 8
92 14 10
23 91 0
79 22 10
35 92 0
51 92 0
91 83 2
54 94 0
62 89 1
29 76 5
24 53 10
7 90 1
4 91 0
25 54 10
37 76 5
9 90 1
51 90 1
68 89 1
85 78 4
81 89 1
46 91 0
99 89 1
56 58 10
7 84 2
64 72 7
34 88 1
83 80 4
87 77 5
95 87 1
96 83 2
17 29 10
16 89 1
41 68 10
77 2 10
40 94 0
1 92 0
56 61 10
18 49 10
6 81 3
17 63 10
14 18 10
75 80 4
16 91 0
49 32 10
93 92 0
6 81 3
84 49 10
55 76 5
40 64 10
53 2 10
54 74 6
57 69 9
85 25 10
63 89 1
100 86 1
1 61 10
44 88 1
81 80 4
30 64 10
8 74 6
61 94 0
61 91 0
35 37 10
86 89 1
15 11 10
96 89 1
99 37 10
23 62 10
32 67 10
71 51 10
38 94 0
10 84 2
8 85 2
15 71 8
95 91 0
98 85 2
97 11 10
93 93 0
44 90 1
39 88 1
19 61 10
52 57 10
96 56 10
1 93 0
14 55 10
12 82 3
23 68 10
68 82 3
26 77 5
22 61 10
53 33 10
35 94 0
3 91 0
97 72 7
79 16 10
89 93 0
55 85 2
61 32 10
88 88 1
67 87 1
11 4 10
89 90 1
72 61 10
70 92 0
88 33 8
17 39 8
72 87 1
63 5 8
57 67 8
2 94 0
83 18 8
9 75 6
71 68 8
89 95 0
73 53 8
66 95 0
50 89 1
86 19 8
82 55 8
52 86 1
50 92 0
25 40 8
38 81 3
9 72 7
90 49 8
70 89 1
81 18 8
42 60 8
93 84 2
70 95 0
53 92 0
17 93 0
64 60 8
46 71 8
4 88 1
59 34 8
14 80 4
87 94 0
53 35 8
75 93 0
97 95 0
9 93 0
93 76 5
67 13 8
48 13 8
23 88 1
78 94 0
14 47 8
73 88 1
69 85 2
25 67 8
58 95 0
29 68 8
8 27 8
79 64 8
30 85 2
70 95 0
51 95 0
39 95 0
94 90 1
13 48 8
37 14 8
50 41 8
84 95 0
29 81 3
97 93 0
97 83 2
71 48 8
35 73 7
30 61 8
14 92 0
66 77 5
20 93 0
98 89 1
48 76 5
52 22 8
38 92 0
8 95 0
81 33 8
78 54 8
69 94 0
82 54 8
36 94 0
34 34 8
39 84 2
80 91 0
83 92 0
21 89 1
70 81 3
10 83 2
77 94 0
9 49 8
74 85 2
84 18 8
48 46 8
39 95 0
94 91 0
54 55 8
72 90 1
28 90 1
20 91 0
37 95 0
77 78 4
85 64 8
88 77 5
65 77 5
7 95 0
95 55 8
78 94 0
67 73 7
57 83 2
73 86 1
10 76 5
68 88 1
50 93 0
71 95 0
71 76 5
8 55 8
12 93 0
77 44 8
1 86 1
37 83 2
1 57 8
8 83 2
78 81 3
84 63 8
2 22 8
10 93 0
1 20 8
93 34 8
81 91 0
67 3 8
57 94 0
7 95 0
51 93 0
35 31 8
61 8 8
78 43 8
78 69 8
86 94 0
85 10 6
66 93 0
20 11 6
4 74 6
18 92 0
59 96 0
80 76 5
25 28 6
27 84 2
10 93 0
3 95 0
8 96 0
66 57 6
10 89 1
58 95 0
14 96 0
80 87 1
92 66 6
64 75 6
88 6 6
71 90 1
86 43 6
66 63 6
78 85 2
7 22 6
24 49 6
32 96 0
14 96 0
79 17 6
91 94 0
39 17 6
19 2 6
19 89 1
54 57 6
28 60 6
9 95 0
59 36 6
80 69 6
40 75 6
62 91 0
47 83 2
11 84 2
8 61 6
86 39 6
100 73 6
25 94 0
41 87 1
49 66 6
4 88 1
41 28 6
22 63 6
65 61 6
21 93 0
27 96 0
77 96 0
81 24 6
99 96 0
47 42 6
63 89 1
76 73 6
98 89 1
53 77 5
97 47 6
91 96 0
69 90 1
18 54 6
10 28 6
90 96 0
74 71 6
1 85 2
27 92 0
50 90 1
65 94 0
89 7 6
56 63 6
35 68 6
32 89 1
80 18 6
74 73 6
10 58 6
73 86 1
68 94 0
70 61 6
98 92 0
92 95 0
76 87 1
5 94 0
95 69 6
93 95 0
97 62 6
97 93 0
74 82 3
40 85 2
91 87 1
73 96 0
35 95 0
80 91 0
91 95 0
50 80 4
32 53 6
29 89 1
91 79 4
8 63 6
29 73 6
66 63 6
30 48 6
100 81 3
10 95 0
39 94 0
22 91 0
85 84 2
95 94 0
41 94 0
28 77 5
27 93 0
64 41 6
11 95 0
20 96 0
29 82 3
44 96 0
26 96 0
7 87 1
48 36 6
81 90 1
8 5 6
65 93 0
47 57 6
60 84 2
13 96 0
28 81 3
10 95 0
24 94 0
46 93 0
70 39 6
68 19 6
88 91 0
37 26 6
48 55 6
98 90 1
19 42 6
71 94 0
26 23 6
6 70 6
85 95 0
24 7 6
28 80 4
52 75 6
15 34 6
45 62 6
6 51 6
16 9 6
66 61 6
68 68 6
78 93 0
96 93 0
11 50 6
27 94 0
33 34 6
37 52 6
74 93 0
5 79 4
14 84 2
92 48 6
68 60 6
55 89 1
65 69 6
100 94 0
43 96 0
9 33 6
28 36 6
73 95 0
90 92 0
72 80 4
8 89 1
15 64 6
5 23 6
73 97 0
16 84 2
1 76 4
57 74 4
83 97 0
73 97 0
100 6 4
86 82 3
63 9 4
58 90 1
47 93 0
37 97 0
15 74 4
76 89 1
1 89 1
21 95 0
30 97 0
54 87 1
9 65 4
19 70 4
79 76 4
36 40 4
42 97 0
5 75 4
93 94 0
10 75 4
7 95 0
11 96 0
70 97 0
84 97 0
10 94 0
93 85 2
100 94 0
68 97 0
5 90 1
86 94 0
90 92 0
82 92 0
100 80 4
43 40 4
57 90 1
52 65 4
86 85 2
57 34 4
83 5 4
57 91 0
72 97 0
31 76 4
29 43 4
25 92 0
50 1 4
26 54 4
43 33 4
42 76 4
2 57 4
52 44 4
59 91 0
16 77 4
59 34 4
47 97 0
22 95 0
66 91 0
88 29 4
45 87 1
90 45 4
98 97 0
36 97 0
53 34 4
69 28 4
76 96 0
39 94 0
81 78 4
76 71 4
41 85 2
31 97 0
4 92 0
60 57 4
15 86 1
62 31 4
4 88 1
78 94 0
64 80 4
42 83 2
10 96 0
20 74 4
57 96 0
88 16 4
71 92 0
98 92 0
87 97 0
22 17 4
91 95 0
43 23 4
66 40 4
16 97 0
89 97 0
40 94 0
88 97 0
9 76 4
74 52 4
76 28 4
23 86 1
49 86 1
48 95 0
21 95 0
11 63 4
50 95 0
88 81 3
71 97 0
21 80 4
44 17 4
79 74 4
77 28 4
54 91 0
79 93 0
68 88 1
25 91 0
55 60 4
79 87 1
12 86 1
14 88 1
17 97 0
60 68 4
66 12 4
77 48 4
5 96 0
17 37 4
96 69 4
93 82 3
40 13 4
72 88 1
30 11 4
94 96 0
98 86 1
99 95 0
73 40 4
45 62 4
8 96 0
59 45 4
97 31 4
96 73 4
90 79 4
25 49 4
2 94 0
88 21 4
21 69 4
86 96 0
96 27 4
86 86 1
51 92 0
74 96 0
69 83 2
15 81 3
37 80 4
88 96 0
26 90 1
31 96 0
17 77 4
98 36 4
37 87 1
50 52 4
37 93 0
49 23 4
42 82 3
33 47 4
61 91 0
87 61 4
47 51 4
46 76 4
99 93 0
100 49 4
26 92 0
52 36 4
7 38 4
19 63 4
14 88 1
84 95 0
91 96 0
36 93 0
83 2 4
60 45 4
33 85 2
21 84 2
76 25 4
74 61 4
37 93 0
7 87 1
19 49 4
94 47 4
60 77 4
32 96 0
48 32 4
65 73 4
68 58 4
18 10 4
33 66 4
84 63 4
30 91 0
27 97 0
3 86 1
48 92 0
85 94 0
21 93 0
50 81 2
77 93 0
10 98 0
87 86 1
85 97 0
9 96 0
47 95 0
32 98 0
83 92 0
31 91 0
14 91 0
58 21 2
36 64 2
50 97 0
43 85 2
75 83 2
17 80 2
63 94 0
93 90 1
3 92 0
41 57 2
84 95 0
76 66 2
54 98 0
85 76 2
35 91 0
81 57 2
96 92 0
54 93 0
54 97 0
84 54 2
37 98 0
54 90 1
21 89 1
60 16 2
26 90 1
88 92 0
73 97 0
7 86 1
19 77 2
6 46 2
58 41 2
81 65 2
80 98 0
71 98 0
5 94 0
7 81 2
12 95 0
44 85 2
94 95 0
1 66 2
95 90 1
57 23 2
74 79 2
67 28 2
26 73 2
15 97 0
43 38 2
28 97 0
11 28 2
3 53 2
9 83 2
62 64 2
31 82 2
80 96 0
6 96 0
16 96 0
34 97 0
90 96 0
25 82 2
36 98 0
32 92 0
9 98 0
78 21 2
94 98 0
65 86 1
100 82 2
83 17 2
83 58 2
35 65 2
79 35 2
50 94 0
2 9 2
44 87 1
45 45 2
49 23 2
23 86 1
69 15 2
89 98 0
59 84 2
97 98 0
77 97 0
2 95 0
9 65 2
5 89 1
40 97 0
68 88 1
56 97 0
28 98 0
74 79 2
68 98 0
91 58 2
72 94 0
32 89 1
64 77 2
49 95 0
11 89 1
42 93 0
16 87 1
77 48 2
13 97 0
83 41 2
88 8 2
47 61 2
7 94 0
72 75 2
68 97 0
46 63 2
64 81 2
22 81 2
78 94 0
29 90 1
11 92 0
19 64 2
55 97 0
44 87 1
33 86 1
30 43 2
93 88 1
91 98 0
23 73 2
35 92 0
80 75 2
24 97 0
57 88 1
97 66 2
34 98 0
38 85 2
87 98 0
65 98 0
44 70 2
38 1 2
89 92 0
96 74 2
80 54 2
93 94 0
93 97 0
80 84 2
71 47 2
57 83 2
32 93 0
70 98 0
74 59 2
30 81 2
77 85 2
58 98 0
58 10 2
97 51 2
88 81 2
33 69 2
11 96 0
10 96 0
49 97 0
10 98 0
42 81 2
91 63 2
42 97 0
54 55 2
79 98 0
57 95 0
23 45 2
4 37 2
78 95 0
6 80 2
69 63 2
76 75 2
70 94 0
28 74 2
44 58 2
29 87 1
59 11 2
37 55 2
92 98 0
78 89 1
94 95 0
30 88 1
92 73 2
13 77 2
24 96 0
83 71 2
94 95 0
32 96 0
96 86 1
37 88 1
90 88 1
79 50 2
88 95 0
97 64 2
65 75 2
80 78 2
82 5 2
60 89 1
27 61 2
36 93 0
8 98 0
78 99 0
18 94 0
33 98 0
96 97 0
44 100 0
48 28 0
67 72 0
42 97 0
79 73 0
44 90 0
48 35 0
37 73 0
12 85 0
24 100 0
79 94 0
92 75 0
15 80 0
3 58 0
4 100 0
49 95 0
15 63 0
68 99 0
52 68 0
75 99 0
72 99 0
31 95 0
64 99 0
95 92 0
7 93 0
67 65 0
97 100 0
38 97 0
13 45 0
84 99 0
16 99 0
69 87 0
90 98 0
54 48 0
62 83 0
54 99 0
83 99 0
3 4 0
7 100 0
6 86 0
37 88 0
54 99 0
15 72 0
1 93 0
69 92 0
61 57 0
31 97 0
83 76 0
19 43 0
78 83 0
69 92 0
83 27 0
63 86 0
83 97 0
16 70 0
53 29 0
45 96 0
29 97 0
94 96 0
22 56 0
94 93 0
97 99 0
87 60 0
56 98 0
37 84 0
77 99 0
28 99 0
10 84 0
58 100 0
42 93 0
80 97 0
53 98 0
34 100 0
40 98 0
54 56 0
16 85 0
38 100 0
81 71 0
19 73 0
27 99 0
57 84 0
48 99 0
90 100 0
62 99 0
16 100 0
53 45 0
44 11 0
79 48 0
44 75 0
51 100 0
92 99 0
100 100 0
56 95 0
66 96 0
76 98 0
80 99 0
21 100 0
58 84 0
58 16 0
35 82 0
64 98 0
76 95 0
87 22 0
71 90 0
64 97 0
97 2 0
82 92 0
70 89 0
37 94 0
7 93 0
61 82 0
65 100 0
6 99 0
91 19 0
60 100 0
18 90 0
64 35 0
90 88 0
77 34 0
90 100 0
27 33 0
19 89 0
80 100 0
23 98 0
33 79 0
23 5 0
7 97 0
17 96 0
53 99 0
31 99 0
85 60 0
82 98 0
49 47 0
45 98 0
4 78 0
93 100 0
25 100 0
78 100 0
33 65 0
61 99 0
69 98 0
36 81 0
37 97 0
34 99 0
9 100 0
66 100 0
97 68 0
49 100 0
38 100 0
98 100 0
84 92 0
14 99 0
69 87 0
54 99 0
45 82 0
71 89 0
95 91 0
93 36 0
66 99 0
40 77 0
93 86 0
65 68 0
19 100 0
2 100 0
29 97 0
98 99 0
61 46 0
74 98 0
77 97 0
31 99 0
70 93 0
19 99 0
72 93 0
8 100 0
7 78 0
11 94 0
78 99 0
22 99 0
41 98 0
70 100 0
53 96 0
45 93 0
96 75 0
24 99 0
39 17 0
89 81 0
48 66 0
66 49 0
68 99 0
90 12 0
24 100 0
90 43 0
14 4 0
90 100 0
27 100 0
26 89 0
81 81 0
28 96 0
99 98 0
1 93 0
69 99 0
69 55 0
90 6 0
4 100 0
31 96 0
44 100 0
9 96 0
52 99 0
28 94 0
92 90 0
49 99 0
9 100 0
88 100 0
48 40 0
10 99 0
31 95 0
50 25 0
89 85 0
82 98 0
65 98 0
68 84 0
85 99 0
100 88 0
21 100 0
37 27 0
60 91 0
25 96 0
72 41 0
99 75 0
55 90 0
22 46 0
5 99 0
40 94 0
68 97 0
9 74 0
52 100 0
74 78 0
79 96 0
70 13 0
50 11 0
47 98 0
6 99 0
83 100 0
15 97 0
43 94 0
35 94 0
66 100 0
29 72 0
4 92 0
85 100 0
34 100 0
36 88 0
95 99 0
77 98 0
57 99 0
60 94 0
22 96 0
5 100 0
12 99 0
7 98 0
32 97 0
6 89 0
26 2 0
15 100 0
24 98 0
94 86 0
15 94 0
52 100 0
1 80 0
4 99 0
72 98 0
90 99 0
57 97 0
56 94 0
66 61 0
40 92 0
37 97 0
18 94 0
72 100 0
12 84 0
91 97 0
92 96 0
11 89 0
8 91 0
73 69 0
3 41 0
97 81 0
57 96 0
18 100 0
9 100 0
94 53 0
56 94 0
73 2 0
80 95 0
36 97 0
