5000 5000 4.3589
3949 37 9890
4791 80 9686
1808 71 9682
1793 28 9624
4442 146 9552
2087 139 9536
960 157 9532
1232 7 9502
3050 90 9470
2865 18 9436
1170 290 9386
3373 224 9300
281 202 9286
621 20 9246
169 100 9244
3825 186 9214
1658 279 9212
4234 125 9206
4893 373 9160
3350 70 9126
4184 21 9120
96 405 9104
3360 414 9060
3106 7 9052
4339 185 9036
1498 184 9034
2265 496 8944
2189 404 8914
4063 540 8914
3068 264 8908
1845 373 8904
3931 508 8898
2048 209 8898
2165 552 8894
1390 226 8872
4348 490 8852
578 464 8838
3757 116 8834
1240 206 8822
3162 543 8818
1207 492 8792
4338 186 8746
1328 117 8728
3116 276 8702
4695 18 8702
4026 480 8696
764 233 8692
368 340 8670
1266 373 8662
2925 119 8658
2761 317 8654
1751 415 8634
2951 622 8604
4904 662 8592
3607 24 8586
615 441 8572
1891 48 8530
4595 635 8498
4999 150 8488
4833 440 8482
2185 642 8456
1304 745 8454
3982 454 8454
1593 474 8448
4060 296 8440
2384 247 8438
744 328 8430
1644 495 8428
2117 499 8420
3109 771 8410
1654 320 8384
2656 776 8382
2483 147 8358
1826 670 8350
2106 572 8344
3994 773 8340
4269 432 8340
130 572 8336
1879 390 8302
784 91 8292
4739 677 8290
3602 473 8282
3986 515 8260
2349 586 8234
2697 313 8232
44 508 8210
3479 765 8204
842 104 8204
3950 106 8182
916 775 8168
4228 475 8166
589 489 8166
2879 126 8164
3824 152 8162
4618 687 8160
400 620 8154
4288 439 8152
657 273 8152
2692 112 8140
2635 858 8124
7 294 8112
1141 61 8106
740 54 8098
4872 74 8088
1883 114 8050
2753 565 8048
2650 758 8044
1725 76 8022
2055 468 7992
1375 105 7968
3998 965 7956
4153 235 7954
1463 5 7952
860 931 7938
2954 327 7928
1766 860 7910
3545 30 7898
670 407 7892
1148 583 7876
2 83 7840
2465 942 7834
1132 1076 7830
519 268 7816
1515 932 7808
852 932 7788
4062 107 7770
2228 493 7766
3416 915 7766
256 751 7766
1545 890 7764
3888 800 7760
2465 782 7760
980 771 7742
3024 1036 7736
2670 392 7718
2516 631 7716
4577 901 7704
3581 385 7682
580 203 7672
2720 160 7670
1950 51 7664
156 116 7638
3555 950 7618
2853 311 7614
3800 732 7614
193 333 7606
4480 874 7602
1133 939 7592
4130 841 7590
2338 1074 7582
1546 532 7560
14 1141 7530
530 214 7528
3374 411 7528
4316 1051 7528
2500 1232 7518
3207 463 7496
1885 785 7480
3111 585 7476
155 20 7472
2589 407 7472
401 750 7472
4195 1144 7462
2628 993 7440
112 309 7428
3253 806 7426
2912 769 7418
1759 961 7406
11 837 7398
3721 1210 7390
1126 1296 7390
1079 425 7384
4430 1104 7382
675 1258 7378
4409 838 7378
1262 722 7374
2091 138 7370
2644 735 7370
2684 611 7354
1722 1000 7344
1135 136 7342
1649 934 7332
965 740 7332
3375 1227 7330
34 1141 7328
1271 542 7320
2437 1147 7316
1507 1314 7314
1764 869 7314
984 186 7308
3710 1008 7304
1020 1207 7262
4455 1001 7258
4567 1134 7258
20 386 7254
3021 742 7248
4438 702 7248
1606 1197 7246
2049 800 7244
587 1183 7238
997 894 7236
4064 748 7210
259 740 7206
139 373 7204
4871 967 7202
3293 1049 7200
4091 186 7192
4038 316 7176
2364 1202 7170
1348 1011 7168
1740 544 7162
3972 974 7160
4016 93 7158
294 612 7148
1511 1303 7146
4490 1192 7140
3219 670 7140
3236 557 7134
2798 1112 7132
3133 463 7124
4218 843 7122
2361 697 7122
4705 1330 7110
2241 1179 7108
3104 1209 7106
929 1057 7098
413 98 7092
3136 776 7086
3252 898 7086
1316 1214 7082
1855 43 7072
4053 507 7068
3548 721 7058
758 1156 7054
195 7 7048
1509 480 7040
4192 1092 7024
3275 21 7004
420 1137 6996
3945 43 6994
1058 1319 6990
4085 362 6986
1048 614 6984
110 898 6982
4284 1042 6980
1144 64 6966
1910 661 6962
3949 189 6946
4073 1178 6946
3098 196 6946
4500 562 6944
478 689 6940
2144 1504 6936
1323 1281 6936
2291 886 6932
4991 1096 6926
1154 1241 6912
4782 113 6892
2073 1055 6884
3914 1092 6878
2576 574 6878
145 297 6878
3125 1249 6864
1385 832 6862
3461 475 6858
114 1529 6858
2912 1542 6858
3194 259 6856
3894 10 6850
297 645 6850
672 1012 6846
479 922 6844
133 1395 6838
1195 1516 6838
4458 1163 6836
4458 803 6828
714 1488 6826
1185 1436 6806
3487 1193 6806
700 1162 6804
1651 843 6804
2055 1069 6802
611 769 6800
2734 329 6798
3633 1113 6796
2248 740 6796
4231 1073 6788
3139 337 6776
563 732 6776
2147 118 6770
2146 1297 6766
4870 630 6766
3181 1201 6760
1742 1054 6756
1699 360 6750
3528 760 6750
2319 6 6742
532 909 6742
992 147 6738
1129 1492 6738
741 1362 6730
3426 864 6726
4156 276 6720
2059 1491 6716
319 701 6710
4503 958 6706
2533 1548 6696
2180 1533 6696
2933 1579 6690
3779 48 6684
3267 973 6682
589 1570 6676
4268 832 6674
3556 800 6674
107 1135 6672
2212 1646 6666
4090 711 6664
417 1248 6664
74 429 6656
358 652 6654
4405 1419 6654
3427 1019 6652
2181 723 6650
2503 1622 6648
2347 1071 6642
496 443 6642
4103 1490 6638
4415 1656 6626
2639 757 6608
3607 1524 6594
1305 1281 6588
275 736 6586
17 268 6586
4885 47 6584
4914 582 6584
3119 1342 6580
142 119 6558
1080 136 6550
2463 1081 6544
2676 541 6544
3189 83 6544
3144 1274 6540
1269 701 6534
597 1514 6532
635 77 6520
3712 1494 6520
4897 1740 6518
3980 1633 6516
4707 146 6514
1455 223 6512
3706 1246 6502
4140 585 6502
2658 818 6490
4819 1736 6486
4704 1029 6476
2085 99 6474
1235 288 6474
1778 877 6466
4334 1178 6466
1096 704 6464
4421 22 6462
1292 186 6462
2954 745 6462
2487 1178 6458
3379 112 6456
1095 893 6450
4611 1115 6444
1560 501 6440
2015 1492 6434
1424 762 6428
594 455 6426
737 571 6424
2133 586 6412
4740 1386 6406
2447 1795 6404
2898 1359 6402
607 1025 6398
4034 52 6396
509 651 6384
2443 419 6382
1279 1245 6382
2829 1092 6380
2059 1633 6376
1886 1326 6376
3657 1312 6372
3851 1437 6366
2122 814 6360
4172 1570 6360
1360 532 6356
3033 1488 6354
3570 915 6348
715 767 6330
337 1630 6326
327 1254 6320
1334 1632 6314
3161 32 6312
2745 1576 6300
2838 1575 6296
4884 765 6292
960 207 6286
2265 375 6286
3820 358 6282
3185 701 6280
1462 633 6280
1912 1560 6278
4034 956 6278
1640 1211 6276
3714 1770 6272
1476 276 6268
3341 427 6266
471 389 6264
643 722 6264
2901 368 6258
3734 1212 6256
3018 1220 6252
4634 706 6244
2500 1733 6236
4190 501 6236
364 1831 6232
870 1289 6212
1043 1646 6204
3478 874 6182
2559 1806 6180
511 1537 6178
2515 421 6178
3497 700 6176
2436 250 6172
446 1849 6172
3745 674 6170
4933 1657 6170
1170 110 6168
3222 1825 6162
1082 787 6158
1575 327 6152
2455 1810 6152
1905 908 6148
587 1096 6146
731 573 6134
678 531 6134
3579 1470 6130
2240 1777 6124
2159 1118 6124
3643 1295 6118
3753 46 6114
2179 734 6108
644 1221 6100
4959 1656 6098
489 1350 6098
1734 1867 6096
491 1534 6092
4231 1421 6092
81 1421 6088
1859 1341 6088
3390 1407 6088
2305 1143 6084
11 1571 6080
41 802 6066
4879 1819 6062
3622 1760 6060
1928 1724 6060
1002 604 6058
1098 1389 6052
887 328 6052
618 1731 6050
2349 948 6048
385 1478 6044
2747 1947 6042
3196 1390 6040
760 979 6036
3341 56 6028
1762 1482 6024
3251 317 6022
1513 1725 6010
4785 5 6006
1207 1981 6000
3928 296 5992
2551 811 5992
3159 429 5978
445 451 5974
1437 551 5972
4550 1671 5972
4648 655 5966
3850 166 5960
4656 694 5960
3142 844 5954
4646 349 5950
4379 1857 5950
4411 903 5944
3263 208 5942
4802 1994 5940
673 1194 5928
702 1025 5920
3131 271 5918
3381 1322 5918
2540 1246 5918
1618 1792 5914
3835 1085 5912
3067 1671 5912
2954 1004 5910
4596 1782 5902
4188 733 5896
1530 1559 5894
4047 588 5892
1123 1104 5892
1700 1744 5892
3995 1959 5886
3294 1867 5874
4137 1996 5874
2207 1497 5872
1712 1666 5860
3585 1087 5860
2545 1651 5852
2667 1320 5836
4055 605 5834
482 1152 5832
4375 1066 5830
3702 2028 5830
4259 1265 5822
3001 1246 5822
3680 205 5818
3306 660 5816
635 531 5808
1037 665 5804
2662 2073 5802
288 1336 5802
4054 1657 5800
983 2028 5800
1558 1680 5800
974 1726 5796
142 236 5794
2876 663 5792
4065 587 5788
4048 1920 5786
3234 1266 5784
8 400 5784
4705 1370 5782
3562 14 5772
156 1836 5770
1789 911 5770
3605 978 5754
4849 359 5752
4817 1805 5748
4566 1703 5748
4448 1712 5744
523 154 5742
3088 682 5740
42 68 5738
3188 550 5732
3398 744 5730
3542 1177 5726
1858 1039 5722
1627 644 5720
1019 1520 5712
1222 349 5708
3828 1941 5690
4155 915 5688
3614 1706 5684
217 1218 5684
4327 1396 5682
3858 207 5682
4821 948 5674
4969 334 5664
621 796 5662
4828 1135 5658
1871 1929 5658
3019 1300 5642
23 1778 5642
1153 1338 5638
4858 1214 5630
420 453 5628
3503 1808 5626
4855 1130 5618
1137 656 5608
940 33 5602
2095 1330 5602
3744 1501 5600
1013 684 5598
489 1863 5596
2978 1796 5594
419 37 5588
2522 1549 5586
989 844 5586
1876 2184 5574
3814 1307 5568
636 465 5568
2115 384 5560
1476 1095 5556
118 1350 5550
3998 1103 5546
1103 336 5544
1293 2006 5542
3806 665 5538
2070 1902 5536
960 415 5524
3805 1243 5520
478 1230 5520
845 361 5520
1367 783 5518
2948 1606 5516
2582 1962 5510
1324 1163 5506
854 1713 5504
1089 1345 5500
4981 1247 5498
4318 678 5498
1053 1868 5492
583 1432 5486
3017 2093 5482
480 2203 5476
3390 391 5476
3360 1993 5476
2246 1087 5474
407 67 5472
259 2224 5472
2479 1263 5472
1700 1433 5470
2584 2212 5468
46 1031 5464
1635 1960 5460
1267 795 5458
4736 994 5454
3855 179 5454
2671 759 5452
3301 1018 5450
2415 446 5450
637 2017 5438
78 2215 5434
1603 1098 5430
3582 1259 5430
1668 1414 5428
2646 2025 5424
1564 1347 5422
2005 1340 5422
176 1323 5420
1066 627 5414
1679 2028 5412
2046 1647 5412
1572 2067 5406
16 1698 5398
4797 1471 5398
3742 2181 5396
4122 601 5396
1983 1161 5388
488 696 5386
1510 606 5386
2671 795 5382
3844 2022 5382
832 612 5382
631 398 5380
910 500 5372
350 287 5370
1110 396 5370
1762 1605 5368
4491 1596 5364
955 1546 5362
4123 2197 5358
3828 435 5354
4519 457 5340
3060 944 5336
2888 2266 5336
447 371 5334
5000 692 5334
1051 689 5334
200 2157 5332
4532 2111 5330
4226 614 5330
1017 499 5326
4268 88 5326
4137 107 5320
3616 1447 5320
3953 1022 5320
1221 1318 5320
4503 2317 5318
921 2015 5298
1977 2155 5288
4602 1559 5284
7 1765 5284
3926 183 5284
2213 2131 5276
407 1311 5266
3694 293 5260
1570 1444 5260
3015 383 5260
2461 1078 5244
4680 1459 5234
1904 1850 5234
403 377 5230
4584 2264 5220
2113 976 5220
37 1517 5218
334 579 5216
455 1817 5212
103 1333 5204
3878 1406 5196
278 1545 5194
3959 999 5194
1145 1967 5190
297 646 5188
1463 1862 5184
1071 514 5182
473 1948 5178
1507 758 5174
352 952 5172
2720 323 5170
514 236 5168
1356 832 5168
4877 1935 5166
2831 1202 5158
727 1449 5156
747 248 5150
4114 833 5148
3182 27 5146
1828 2261 5146
780 2318 5142
3128 2123 5142
414 1405 5138
4433 1434 5138
1690 1282 5138
23 1986 5136
2408 1415 5136
1651 603 5132
3398 2144 5130
3676 883 5122
1576 1690 5122
4152 2012 5118
242 144 5116
3858 1040 5112
3221 430 5112
1796 310 5108
4871 734 5106
2324 902 5106
2997 2439 5102
971 779 5098
772 1696 5098
2222 1358 5098
1714 503 5096
2364 1643 5096
3921 2284 5092
4375 1882 5088
3047 613 5082
169 2391 5082
41 141 5080
2230 136 5078
2559 601 5076
4744 225 5074
2460 1064 5066
3793 2438 5066
3152 1161 5064
2162 264 5064
3524 1093 5062
4185 1454 5062
3348 1208 5060
39 2428 5052
2681 873 5050
3540 1889 5046
2805 162 5044
2725 595 5038
4998 357 5038
1549 2003 5028
2165 2026 5026
3458 1841 5024
4255 1035 5018
4064 2263 5016
1607 83 5014
4464 347 5012
2327 830 5010
412 1099 5006
998 1159 5004
1908 2438 5004
815 2373 4998
1539 55 4996
917 565 4994
829 1734 4988
3927 2322 4986
2418 313 4984
2645 1414 4984
1734 1720 4978
4024 845 4978
197 2211 4976
1250 996 4972
1650 2151 4968
2187 1314 4964
2989 283 4960
4962 765 4958
3420 47 4952
1773 2287 4942
2157 3 4934
1753 1547 4930
3074 974 4928
4065 1945 4918
1484 2142 4910
3462 2139 4908
3177 1802 4906
2670 2108 4898
4614 2538 4898
1798 609 4898
2366 482 4894
2511 2092 4894
4291 1422 4890
4084 2529 4884
2781 212 4882
1595 2067 4874
2956 1672 4868
204 739 4868
3418 22 4862
2915 207 4858
4323 196 4854
4365 1753 4850
3017 2555 4848
4208 1130 4844
3767 959 4838
3853 1182 4838
2560 893 4838
4219 130 4838
1397 1582 4836
3854 2565 4836
1527 2214 4832
1461 2548 4830
3005 630 4822
3613 1389 4820
292 1727 4820
3055 2482 4820
3673 874 4808
3518 2127 4808
4892 2071 4802
238 123 4802
1030 510 4802
4901 2117 4794
1218 1396 4792
4687 2055 4790
4923 766 4786
4172 827 4784
2241 1660 4778
4482 685 4774
4726 2519 4770
376 381 4764
2628 1255 4762
2338 819 4760
1357 800 4758
4678 1668 4756
3300 2407 4754
1407 962 4752
1207 1894 4750
2959 2521 4748
385 2470 4748
3293 2610 4748
4430 1092 4742
1740 1912 4730
361 1399 4728
3705 1930 4728
4314 2254 4728
893 948 4724
2167 443 4718
2406 1611 4716
4038 1746 4714
3962 1025 4714
2262 77 4712
639 1130 4712
1744 2104 4710
606 1260 4710
1696 1267 4708
1412 1347 4708
2137 1343 4706
907 416 4704
2615 2478 4704
774 609 4698
4810 1858 4696
3100 2638 4694
1688 2526 4692
1361 856 4690
4574 1851 4682
2457 1409 4680
3831 848 4676
3792 2631 4674
4961 353 4672
274 9 4668
2233 1999 4664
622 58 4658
138 2163 4656
857 1334 4656
1664 1550 4652
789 2656 4650
2989 574 4650
3185 296 4648
3920 1041 4646
683 2420 4644
3707 2008 4640
3214 1016 4640
4089 1572 4628
2076 1612 4626
92 326 4622
1 875 4622
4701 2074 4620
893 239 4616
3874 665 4612
3393 183 4610
3685 1883 4608
2841 2361 4604
3926 1606 4602
3203 2677 4602
2052 2174 4600
122 2187 4598
2762 12 4598
889 1978 4596
923 1173 4596
2789 1975 4594
3784 1873 4592
1717 686 4592
4022 2371 4592
3851 1681 4588
4145 1899 4588
4872 374 4586
1585 2483 4584
57 1993 4582
2643 2672 4582
1796 1011 4582
3132 2101 4582
367 927 4578
4552 2080 4574
1102 1395 4572
4639 1994 4568
3384 2709 4562
639 2625 4560
1702 2672 4554
2617 2697 4550
4450 1705 4548
4731 2167 4548
4588 2256 4546
163 2211 4544
1635 1199 4536
1254 139 4534
2826 2128 4532
4486 2429 4530
103 299 4524
1871 2311 4518
1342 1358 4516
4450 1996 4514
4550 1774 4512
2723 1961 4512
908 429 4508
734 1155 4508
3624 2100 4508
1772 1769 4504
1760 2497 4504
2435 1377 4502
1992 796 4500
90 1150 4494
2859 2555 4494
3951 1682 4494
2241 1218 4490
2484 469 4488
3074 252 4488
141 1498 4486
1469 738 4482
2580 1332 4478
3423 730 4472
2545 2137 4470
4917 2373 4468
1443 2022 4466
2052 2526 4462
2814 2124 4462
4665 2275 4462
3616 2660 4458
3295 374 4458
2919 588 4458
321 2578 4454
1386 432 4450
4952 2199 4448
1798 2165 4444
3798 2623 4444
1838 2439 4442
2118 2600 4438
3993 1386 4438
361 2436 4436
2766 2288 4436
1817 2711 4436
4060 1673 4434
4455 2111 4434
2444 1396 4430
2009 883 4428
794 2438 4428
3359 2757 4426
4415 2725 4424
3300 1810 4424
3274 1024 4420
2796 2455 4418
3857 1539 4416
3991 1647 4414
960 288 4412
4013 2505 4406
3807 531 4406
1511 2434 4404
1684 2439 4402
818 2433 4400
2375 174 4396
4888 2170 4396
2869 2696 4392
503 1480 4392
3860 1763 4388
3498 1560 4386
3325 905 4386
4686 225 4382
3886 2206 4382
4584 2007 4378
3745 5 4378
4971 1893 4374
2813 1894 4372
2349 2529 4366
2333 928 4362
2947 2803 4360
3851 1292 4356
163 2165 4354
2361 2311 4350
4299 2407 4340
1017 2641 4338
2816 2077 4338
3480 720 4336
2890 2663 4336
546 2354 4334
1728 2822 4332
3036 2092 4330
1356 1403 4328
4286 2653 4328
1519 2771 4322
3739 237 4320
4445 2474 4316
4740 2705 4314
767 2839 4310
1937 1632 4306
2675 2612 4304
28 1245 4300
2209 2553 4298
1208 800 4294
3710 2016 4292
1574 980 4292
628 1708 4288
171 1586 4284
772 302 4284
2818 509 4282
2918 2092 4282
4158 53 4280
846 2325 4276
3888 1888 4266
4661 34 4264
494 1737 4262
1714 1490 4262
663 1431 4260
1541 2095 4258
2198 488 4258
4429 2414 4256
2352 1062 4256
481 789 4252
3492 593 4250
1765 723 4250
29 240 4244
3444 1729 4244
97 1197 4244
1964 2154 4244
360 1036 4242
1851 1126 4240
2673 1711 4238
1829 2825 4232
3549 2367 4232
4420 413 4230
3624 2080 4220
1411 391 4218
162 635 4214
4209 2272 4212
4656 91 4204
3693 514 4202
1363 2427 4200
2559 704 4200
4651 2536 4200
1452 2017 4194
2251 44 4194
1119 2425 4192
373 2783 4190
3319 447 4190
4501 2653 4184
4383 1607 4182
3886 2580 4178
3107 1744 4172
2606 2823 4172
3995 1829 4170
2858 1360 4168
3867 2001 4168
2571 1637 4164
3999 2702 4158
3946 120 4156
1848 1489 4154
2312 649 4152
1631 2723 4152
1373 2690 4148
2788 2316 4146
4032 2618 4142
1495 1556 4142
1965 2204 4140
180 2395 4138
543 1198 4136
3468 2313 4134
2648 1722 4134
255 1387 4132
3796 1150 4132
3003 1760 4132
4134 1941 4132
1633 468 4126
4377 45 4124
638 1437 4120
3436 1798 4116
1372 365 4116
3231 198 4110
1163 495 4108
4473 536 4106
3219 2184 4106
3301 13 4104
1856 1726 4100
442 2391 4098
652 86 4096
1426 1055 4090
3110 1948 4090
665 2049 4088
3254 1687 4088
3385 1852 4086
4550 1975 4086
2956 1318 4084
2648 2576 4084
1774 197 4080
541 2620 4080
4060 929 4074
303 585 4070
2299 2565 4070
1377 2360 4070
1630 2385 4070
2883 2836 4066
2190 2300 4066
1906 948 4064
4680 2925 4062
3449 2191 4062
1805 675 4058
1934 2940 4054
2282 1021 4054
122 1550 4048
2626 2426 4048
95 1311 4044
2963 377 4044
4377 2197 4042
1699 1478 4040
4090 1773 4040
2882 339 4036
4034 1900 4036
1072 396 4032
4524 56 4030
3065 169 4028
1496 2497 4028
300 2742 4026
2049 1400 4026
4190 2118 4024
3984 2592 4022
3510 2398 4020
1453 2773 4018
2945 1856 4014
423 1187 4014
1315 2001 4014
2599 2843 4010
2493 2406 4010
1600 1052 4008
1031 467 4002
266 1629 4002
4122 1647 4000
1560 1565 4000
4122 1718 3998
4450 1437 3994
1341 1548 3990
3999 2651 3986
1815 2046 3984
3413 2438 3978
1355 2075 3978
2260 360 3974
4880 1557 3974
4940 2208 3974
3914 1555 3972
2836 1597 3972
376 2952 3972
1557 2286 3972
4891 2621 3972
2098 2787 3970
2992 177 3964
3229 2355 3964
4041 2071 3960
1720 519 3954
1773 1246 3952
1552 2239 3952
3392 478 3950
3341 2609 3948
1871 1162 3948
2654 1638 3944
4658 2766 3942
1312 2266 3940
1936 2548 3938
664 2995 3934
3303 906 3934
884 1478 3934
4699 122 3934
3443 2985 3932
635 2345 3932
2714 2559 3930
1688 1418 3926
928 1684 3926
1376 1638 3926
1922 1831 3918
2028 2907 3918
27 216 3916
152 2434 3914
1749 1121 3914
1702 873 3912
3436 1599 3910
2583 2270 3908
4066 540 3902
3402 2865 3898
2403 910 3896
918 744 3894
968 297 3894
3206 995 3894
3501 1527 3894
1785 1655 3894
4962 356 3894
1010 2228 3892
748 1160 3890
1982 2485 3886
1252 2365 3886
908 41 3884
3494 2654 3884
4428 2791 3884
13 291 3882
1624 2159 3880
4968 1320 3880
4963 2279 3880
2656 1705 3880
3683 1617 3878
1386 307 3878
3684 2340 3876
801 1409 3874
1962 589 3870
2239 2337 3870
2142 1970 3868
1656 215 3868
4992 2774 3866
640 2245 3864
2899 3051 3854
4857 2859 3852
2230 644 3852
129 781 3848
2643 450 3846
1002 1397 3844
1327 1657 3842
4344 1135 3842
2244 1132 3840
4155 2217 3836
796 2231 3830
4201 1146 3830
3883 1453 3830
1541 918 3828
1179 611 3822
295 3024 3822
733 498 3820
737 22 3818
1028 2756 3818
225 2454 3818
2175 1159 3814
3020 1954 3812
3882 2779 3810
1310 1142 3808
130 427 3806
4392 1735 3804
4172 2837 3800
1310 2689 3796
1046 630 3790
4492 1425 3786
1395 2591 3786
2265 2981 3786
2514 1853 3784
4067 2676 3784
182 734 3784
3432 405 3782
4649 889 3782
83 3081 3778
4065 1990 3774
879 2051 3770
599 1278 3770
776 2932 3770
3621 1008 3768
926 3050 3768
4010 1868 3768
1109 1364 3764
4289 2805 3764
3335 2187 3764
2270 392 3764
2626 2759 3762
672 1203 3762
2951 2116 3760
1464 912 3760
3855 2763 3758
2754 2132 3756
3455 1900 3756
3840 1849 3756
4218 2949 3754
1760 382 3744
3689 2515 3740
2015 49 3740
3390 2371 3738
1876 552 3736
961 555 3732
2283 1208 3730
3432 274 3722
2517 1331 3720
1462 2922 3720
319 38 3712
3179 2804 3710
1342 3071 3706
730 2674 3706
2463 279 3702
1065 43 3702
2125 999 3700
4857 2381 3692
2167 2382 3692
4667 2406 3690
2748 2691 3686
3686 2240 3680
988 2947 3678
3932 2790 3676
4337 811 3674
2304 2117 3672
4177 2350 3672
745 1299 3672
4504 3086 3668
1226 2191 3668
1192 2819 3666
3974 2808 3666
3032 2420 3664
75 1298 3660
3563 1363 3658
4744 2417 3654
4075 1097 3648
1204 2378 3644
1966 3107 3642
2121 1956 3640
3356 1724 3638
694 1007 3636
3506 1548 3634
3737 1944 3634
1433 2836 3634
3552 1749 3632
4725 900 3628
1409 1975 3628
4420 1768 3626
2213 2104 3622
580 2891 3620
2406 3023 3620
683 2672 3620
645 1009 3616
2690 293 3616
2544 225 3616
1994 1467 3616
3121 1632 3614
1310 291 3614
465 1144 3614
24 3019 3610
1970 401 3608
633 1108 3602
3721 585 3602
3318 3139 3602
4798 2895 3600
4256 614 3598
4243 38 3596
2727 2498 3596
1138 274 3590
4379 2427 3588
1077 1285 3580
1258 42 3580
4433 1645 3574
30 1701 3570
4582 1531 3568
959 426 3568
4963 2774 3568
3178 2638 3568
2480 3094 3566
1391 2633 3562
4386 2987 3562
4151 882 3560
3017 107 3558
1689 2419 3552
2590 3082 3552
1313 766 3552
2283 1171 3550
1043 508 3548
1886 1517 3542
2203 2668 3540
1199 2443 3538
4972 2987 3536
1054 3196 3536
2920 1979 3534
2521 3083 3518
1206 1049 3514
4010 2062 3510
1252 1054 3508
1974 293 3508
4157 1619 3506
2602 3149 3504
310 1827 3502
911 1149 3502
3235 3123 3496
2759 1532 3494
2084 1043 3490
964 2654 3490
3859 2372 3488
3922 2902 3486
2554 437 3486
4868 2090 3486
1549 414 3484
2984 2538 3478
297 1026 3476
694 1888 3476
1878 2155 3476
3429 427 3472
2604 2785 3472
1529 2818 3472
961 2550 3470
2625 93 3466
80 861 3464
1421 1069 3462
1896 553 3458
2640 348 3456
4649 1747 3452
3831 104 3452
2419 1229 3450
1918 2831 3450
4057 2048 3448
4397 1644 3448
4082 1614 3446
3276 3096 3446
3560 1288 3446
23 1375 3444
4267 720 3442
4845 1936 3442
373 1968 3440
3844 2108 3436
1591 2424 3428
3919 2439 3428
2961 516 3428
2287 2994 3426
2971 2350 3426
3055 2590 3426
3939 2656 3426
3093 1545 3424
1131 1811 3422
1548 2955 3422
4405 1861 3422
3793 2959 3416
1496 23 3416
3104 2798 3412
36 3030 3410
428 1147 3410
1899 748 3408
417 1593 3408
1327 1983 3406
4525 1459 3402
2099 931 3402
550 2229 3398
1932 3196 3396
1896 2359 3394
2424 1779 3394
1867 2074 3392
1434 2223 3392
166 510 3390
540 1554 3384
1857 3307 3382
4601 454 3378
2689 2975 3378
1388 1630 3374
414 3069 3366
773 2368 3366
4448 764 3366
4613 2527 3364
2074 2697 3364
2481 2115 3364
3497 3184 3364
4489 2793 3362
224 3224 3360
3172 3128 3360
2460 1363 3360
2272 2225 3358
1817 3161 3352
1209 3062 3350
3577 375 3350
238 715 3348
4349 261 3346
4046 354 3344
3648 2391 3344
4654 2814 3342
62 2301 3336
3240 981 3334
2186 543 3330
1613 324 3328
4076 1431 3322
2661 3227 3322
4351 2887 3320
453 1008 3320
4260 2611 3318
4972 2505 3316
2551 2479 3316
768 3208 3316
83 2612 3314
3659 1941 3314
4740 1771 3314
1810 2246 3312
3725 819 3312
6 3219 3312
682 983 3306
4172 889 3306
2047 2504 3302
1142 147 3302
2127 2130 3302
3918 3196 3296
20 3202 3294
4896 446 3292
1393 3273 3288
3483 436 3284
4724 3214 3282
1619 3230 3282
640 1239 3280
994 3171 3278
3241 3158 3272
2092 2210 3268
2024 1433 3268
1044 1706 3268
1496 2155 3264
1567 2123 3262
4675 1174 3262
2260 3021 3260
3773 2455 3258
659 1831 3256
602 2825 3254
2541 1552 3254
3834 1460 3254
2811 2644 3254
1156 3114 3248
2188 2825 3244
482 1932 3244
487 2103 3242
4214 2886 3242
2615 617 3242
1660 2752 3238
4659 2763 3238
1374 3101 3236
3874 1682 3234
4678 97 3226
838 2066 3226
2724 1287 3224
3099 902 3224
3313 1579 3224
2442 2509 3220
3361 2027 3216
3356 2092 3212
4913 2686 3210
2383 1045 3210
970 3334 3208
687 1117 3208
790 3070 3208
3741 2218 3206
4295 1967 3204
2118 479 3204
3832 3088 3202
3035 1380 3196
881 2480 3194
2616 1339 3194
4644 1968 3192
3181 490 3190
3816 1106 3190
4154 1293 3190
3876 1728 3188
3816 3384 3188
4806 2407 3186
2336 653 3182
708 1130 3180
3118 476 3178
3394 1833 3170
2959 3057 3170
267 2177 3168
858 3063 3168
215 2346 3166
4014 1428 3166
3084 3204 3164
3316 3246 3164
1905 2851 3162
1074 848 3158
3331 2492 3158
3325 2237 3154
3277 3263 3152
772 3334 3152
257 1463 3150
3888 2340 3150
2645 2272 3148
979 3195 3148
4712 2874 3146
3843 3244 3146
4679 505 3146
1887 652 3144
1373 3350 3140
2817 3305 3140
4946 766 3138
4573 2867 3138
2756 717 3138
361 1669 3134
4528 373 3132
3764 2665 3132
876 1554 3132
218 3305 3128
2795 1070 3128
2521 1009 3126
3567 2078 3126
1627 2598 3124
3760 3115 3122
2347 167 3122
4834 3288 3116
1870 1624 3116
3387 2801 3116
2917 2692 3112
1017 2621 3112
38 3415 3108
4688 1812 3106
4958 2401 3104
1062 3027 3098
3445 3383 3098
439 2512 3098
959 2872 3098
3262 1100 3096
684 1854 3096
122 556 3094
4553 3266 3094
2962 3407 3092
1082 787 3092
1403 3215 3088
601 2641 3088
980 3381 3088
4410 361 3084
3094 3314 3076
3219 1678 3076
870 300 3074
801 1140 3074
327 1729 3072
339 849 3070
4876 2308 3068
4419 2515 3066
3653 1701 3064
4237 752 3062
1823 2558 3062
2328 2680 3060
1091 1796 3058
709 1386 3056
63 1543 3054
2396 1791 3054
2148 1245 3054
60 3344 3052
610 2671 3052
3247 3068 3052
218 1858 3050
4151 1939 3042
4582 3366 3042
2210 1006 3042
2387 3472 3040
2778 1270 3038
1660 998 3038
4024 666 3038
3623 3474 3036
4830 2111 3034
3799 3091 3032
4170 956 3030
3748 1040 3030
3216 2343 3028
1736 3361 3026
2194 3467 3024
3531 2859 3024
3983 2007 3024
3882 2315 3018
1727 3266 3018
4753 2300 3018
630 3154 3016
4949 1703 3014
2919 2346 3014
3014 1860 3014
1304 2785 3012
3122 1709 3010
2262 1964 3010
1521 2416 3006
1075 3324 3004
3065 2242 3002
358 2740 2998
2758 1275 2998
2514 3185 2998
406 2373 2996
2884 1016 2996
1161 549 2994
4489 967 2992
3640 1585 2992
4236 2198 2990
1823 3251 2988
1641 2765 2986
660 156 2986
3548 3429 2982
4249 2447 2982
4194 623 2980
861 281 2976
3149 1744 2974
2704 2659 2974
841 887 2970
4443 1119 2970
2823 3403 2968
627 1097 2962
1079 2640 2960
1522 2465 2960
2818 2809 2960
3821 92 2958
2289 1849 2956
3196 1626 2954
2064 3478 2954
2902 3193 2954
4461 2660 2948
70 2581 2946
991 2110 2940
3076 1046 2940
1054 329 2940
4270 3323 2930
4841 2330 2930
4757 2713 2928
251 3393 2926
4191 3057 2922
473 1064 2920
913 3444 2920
3537 2986 2918
2338 1504 2916
3528 1620 2916
2571 2895 2916
1922 3443 2914
4085 1815 2914
4168 3402 2912
2590 538 2910
2337 2621 2908
4415 2302 2908
1456 2368 2908
19 1940 2906
1830 721 2904
2905 2964 2902
4738 195 2900
964 3465 2900
670 1749 2898
1795 2917 2894
3782 3000 2884
353 3146 2880
4883 3050 2878
4661 3184 2878
3564 1203 2876
4399 3239 2876
3828 627 2876
3435 1473 2874
2266 2012 2874
4223 3534 2872
3086 442 2870
2197 3318 2868
4125 2713 2866
770 1140 2860
3490 979 2860
949 1596 2858
4767 2241 2856
2479 2733 2856
50 979 2854
3940 832 2854
3936 2366 2852
2602 2696 2852
284 1020 2852
2578 2684 2848
875 1245 2848
2986 3491 2848
1784 3521 2846
1829 1596 2844
4605 3444 2844
3622 99 2834
4137 2727 2832
2068 3418 2832
1254 3253 2828
540 426 2824
2137 3317 2822
2066 3100 2820
3055 824 2820
4378 3478 2816
1960 635 2816
4962 2285 2814
1128 425 2812
1327 3208 2810
4523 1843 2808
893 1058 2808
2807 1815 2806
3543 3481 2806
3781 3078 2806
4005 2486 2804
4660 1866 2804
1284 905 2802
3032 3401 2802
1768 3104 2800
386 2722 2798
510 2273 2798
1553 3594 2796
2091 2021 2796
886 2908 2794
4124 3455 2792
3296 2737 2790
3778 600 2790
1780 122 2790
3855 1391 2788
3390 1399 2788
548 2572 2786
4569 2044 2784
1309 3478 2784
4899 1486 2782
2830 415 2780
3489 2260 2776
958 3124 2776
2278 3597 2774
2067 3351 2772
585 3237 2768
4286 2974 2768
3549 688 2764
2227 238 2762
3885 2659 2760
440 1890 2758
1939 1506 2756
1511 3088 2754
643 640 2752
2192 3335 2748
19 2434 2746
3949 3312 2746
2426 2661 2744
3709 131 2744
3697 770 2742
3899 3443 2740
3350 3564 2738
3711 2975 2738
3849 3510 2736
329 3225 2732
244 3440 2732
1713 1389 2732
1446 3242 2730
1649 1564 2728
3281 3632 2728
3718 2808 2728
3743 24 2726
371 1511 2726
4315 2351 2724
2947 3515 2724
3832 3630 2720
1042 1185 2714
2074 3269 2714
3946 822 2714
2228 2047 2714
4265 2096 2712
1989 336 2710
4325 3115 2708
1328 2232 2708
212 3350 2706
1634 2750 2706
2260 44 2706
3474 3224 2704
1422 1988 2704
234 44 2702
1731 2025 2700
3463 3041 2700
1358 2190 2698
1439 2043 2698
4544 3343 2698
977 774 2698
4634 2434 2698
1775 1795 2698
1319 779 2696
544 1777 2694
1328 3068 2694
3450 3072 2694
386 1280 2692
2048 186 2692
3461 3289 2690
708 3416 2688
3795 3251 2686
1030 2897 2686
2317 2288 2684
3248 705 2684
3215 3149 2682
4625 1707 2680
190 2243 2680
4032 2432 2680
1988 1904 2678
608 715 2678
266 3315 2676
2248 727 2672
3698 554 2672
3197 1005 2670
1848 3371 2670
3491 3405 2670
1424 1032 2668
644 919 2668
212 2655 2668
95 1148 2664
3872 2811 2662
2237 3047 2662
2358 3516 2660
2750 3560 2658
864 605 2656
349 2548 2654
2976 358 2654
2986 2473 2652
3188 3219 2652
2375 517 2652
3181 3076 2650
2810 3438 2650
2564 1661 2648
967 2134 2646
2997 2650 2646
4480 2839 2644
3704 2034 2644
4050 1535 2644
1502 2833 2642
4923 2601 2640
4997 2766 2640
2090 3087 2638
3127 3517 2636
217 2690 2636
3934 2115 2636
4890 735 2636
2380 3429 2636
832 577 2632
728 3292 2632
734 2730 2632
2786 1908 2630
3236 2629 2628
1124 2142 2628
1706 816 2626
4476 3127 2624
4128 2797 2624
4088 3332 2624
3139 3651 2624
4859 1420 2622
1706 3275 2620
3031 3682 2618
2894 2805 2616
3614 3569 2616
4100 2972 2614
1245 1284 2614
3871 2158 2614
964 408 2614
3759 1923 2612
1788 3288 2612
4219 2893 2610
3151 1321 2608
3124 3607 2608
801 2777 2608
1955 3657 2606
2724 1292 2606
4106 721 2602
3716 3396 2600
2598 1129 2600
3296 482 2600
4014 3530 2598
3277 2048 2596
318 2302 2596
3734 2314 2596
4643 3475 2596
4409 2744 2592
1853 166 2590
2504 2854 2588
1722 2418 2586
3984 1589 2586
4391 103 2584
2426 3690 2582
1161 1799 2582
4789 3682 2580
3803 278 2580
1406 1697 2580
4322 2712 2578
923 3382 2576
755 28 2572
2957 2459 2572
4507 2342 2570
2308 3558 2568
496 1774 2566
1131 2429 2566
499 3062 2564
893 843 2562
4334 2517 2560
2915 3710 2556
789 2242 2556
2666 3102 2554
659 2720 2552
1211 3510 2546
3393 1511 2544
4214 1498 2542
4452 3579 2542
4511 1783 2540
731 2891 2540
3223 3645 2536
3448 3018 2534
997 2181 2532
4531 895 2530
53 2582 2528
837 3456 2526
597 3704 2524
1677 1632 2524
1179 3406 2522
206 3295 2520
2514 2820 2518
558 1844 2518
1135 1335 2516
4079 3103 2514
471 1399 2508
176 3045 2508
1146 1086 2508
2797 1262 2504
311 977 2504
3688 3135 2502
3204 3085 2502
4305 3703 2502
3539 3581 2500
4536 3331 2500
3908 770 2500
4517 3369 2500
1163 1916 2498
4674 3187 2498
2259 1848 2494
3693 2911 2494
2218 1602 2494
484 886 2494
1520 2711 2492
2381 62 2492
4038 2911 2492
1944 1939 2490
2124 2115 2490
2763 2897 2484
3883 2840 2484
3453 3714 2482
4867 3559 2480
3681 1291 2480
4200 2069 2478
1890 3222 2478
226 2603 2476
1375 3279 2476
1340 1329 2474
748 1971 2472
3237 1685 2470
1572 1658 2470
1533 3379 2468
1753 1407 2468
1816 2683 2468
3563 586 2464
2938 2643 2464
1976 2432 2462
3581 1271 2462
1885 372 2458
2182 2113 2458
1671 1188 2458
3180 113 2458
1362 2050 2456
1342 3483 2454
4724 1537 2452
3650 3428 2452
1836 2821 2450
1422 3305 2448
2752 1749 2446
3138 2444 2446
1414 1768 2446
1409 1434 2442
2016 2951 2442
3264 2800 2440
3893 2013 2438
4575 727 2436
1189 776 2436
2002 915 2436
2242 3053 2434
2274 3566 2434
1799 3627 2432
439 3624 2428
3365 3254 2426
3888 3555 2422
4830 152 2422
3566 3451 2420
74 3214 2420
3611 782 2420
1180 2828 2418
1151 3493 2416
1444 1651 2414
3306 3080 2412
4 3053 2412
551 3636 2410
4392 1489 2410
476 2613 2408
3632 2279 2408
1114 2239 2406
4678 3794 2406
3677 2852 2406
3105 2848 2402
641 417 2402
3282 3378 2402
875 2072 2400
2879 2576 2398
1576 2423 2394
1337 3751 2392
4147 648 2392
4159 3651 2390
2328 698 2390
3302 3372 2390
4182 3513 2388
1686 3669 2388
2478 2844 2386
1728 492 2386
1383 3609 2386
3518 800 2384
2016 1790 2380
1382 166 2380
2171 1300 2378
4297 3434 2378
4754 3095 2378
4419 2621 2378
2911 1172 2376
112 3415 2374
4035 2391 2372
374 3807 2372
2239 995 2372
4141 1914 2372
4145 3261 2370
3838 3280 2368
4173 3380 2368
3901 3685 2368
3802 2519 2366
3616 2927 2366
1800 1739 2362
3510 3306 2362
812 2509 2360
552 3399 2358
1711 1773 2358
858 2496 2356
1633 2824 2352
2315 2917 2350
99 1955 2350
1215 2026 2350
3988 3801 2348
3259 1468 2346
1697 1461 2340
2873 3248 2338
2281 1321 2336
4551 1971 2336
1715 481 2334
4667 1605 2334
3910 2215 2332
3856 460 2332
1339 3077 2330
614 323 2328
1620 3229 2326
1568 809 2324
2122 2112 2322
3649 3825 2322
296 3128 2320
2638 3594 2320
2240 3168 2318
128 3338 2316
4522 794 2316
2541 1319 2314
4387 2751 2314
2934 1713 2312
4196 11 2312
1412 3077 2312
235 2568 2310
4163 58 2306
2606 3545 2306
3756 3198 2304
9 3196 2302
2180 2891 2302
3272 1410 2302
1209 1835 2300
3640 2033 2300
4544 3215 2300
1929 2241 2300
4153 2034 2298
185 1487 2298
4939 2239 2296
4836 3048 2294
2278 3779 2294
2521 1712 2292
355 468 2290
438 1027 2288
2222 274 2286
651 3015 2286
1525 2036 2286
1797 2767 2284
2120 670 2282
3788 3591 2282
1185 3694 2282
3694 2573 2280
4547 3161 2278
1076 687 2276
1565 1229 2272
3095 2688 2270
102 2797 2270
1574 2875 2270
2119 3827 2268
1489 1930 2268
160 1192 2268
4886 3791 2266
3813 3737 2264
957 3311 2264
667 3487 2260
1022 2742 2258
2076 2853 2254
2791 957 2254
3172 876 2254
3707 2994 2254
2258 3738 2254
1376 3620 2252
3303 1654 2252
2144 2793 2252
4915 2984 2250
1191 2510 2250
2286 2537 2246
3983 2417 2246
4116 1245 2244
228 3751 2244
1165 1338 2240
918 2927 2240
4401 578 2240
4100 2279 2240
3076 2906 2236
992 1658 2234
2486 3371 2234
2916 136 2234
1033 3813 2232
2728 3221 2230
1221 2189 2230
625 3319 2230
936 2373 2230
3429 3471 2228
1710 3301 2228
3090 373 2228
449 3498 2226
4400 2496 2224
824 3114 2224
4898 2730 2222
2467 1442 2218
4304 3786 2218
902 332 2212
1227 2850 2212
4736 3103 2212
697 2972 2212
3231 1687 2210
1114 3561 2210
3160 2593 2208
3038 1971 2206
2544 3688 2206
3708 3175 2204
4006 1525 2204
1124 3370 2202
2499 2883 2200
1559 3852 2198
2014 2827 2198
2728 2586 2192
169 2632 2192
2233 3741 2190
4018 3119 2190
3507 3734 2188
3994 2984 2188
1289 3434 2188
2929 985 2188
1724 3315 2186
1464 539 2186
252 2992 2186
2947 3768 2186
745 345 2186
362 1846 2184
783 3638 2180
3007 1354 2174
234 2390 2174
3053 3709 2172
3187 3476 2170
3038 3509 2170
2292 3741 2170
921 2409 2168
4660 1793 2164
909 3326 2164
2027 1777 2160
1113 2418 2160
4387 1363 2156
3473 3847 2154
4746 1590 2152
526 723 2148
1956 2582 2146
3947 856 2146
447 2364 2146
4321 3765 2144
2587 1632 2144
534 3195 2144
1695 3515 2142
1630 1667 2142
4561 93 2140
915 1547 2138
5000 2533 2138
3449 2404 2138
2297 3590 2136
1216 95 2132
4755 3717 2132
3907 135 2130
4945 2902 2128
2036 2885 2128
3527 3209 2128
3766 2675 2126
4245 1887 2126
3757 3369 2126
3417 3895 2126
3852 1869 2124
3787 54 2122
3799 1082 2122
1114 3658 2120
2475 1790 2118
1510 2934 2116
1315 1344 2116
4791 3816 2116
198 3272 2114
3180 3829 2114
1292 2969 2112
2418 3468 2110
4247 2234 2106
3757 3030 2106
988 2360 2106
474 2635 2106
131 1142 2106
3226 3179 2102
4324 1073 2102
3038 1796 2102
4197 310 2096
1252 3097 2094
3242 1612 2094
1735 821 2094
4303 2861 2092
2962 3447 2092
4875 2303 2092
4308 3029 2090
887 1681 2090
3107 836 2090
4074 3298 2088
2360 2636 2088
2001 2324 2086
1311 1003 2084
2550 3546 2084
2381 3780 2084
2346 1850 2082
4798 1639 2080
2279 1242 2080
2547 1410 2080
3177 2887 2076
337 1746 2074
1488 1597 2074
1924 1097 2072
665 3735 2070
4628 3395 2070
964 368 2070
2040 2764 2070
4398 3024 2068
3471 965 2068
4646 3458 2066
1482 3530 2062
4102 3640 2062
3961 3759 2060
1099 3155 2058
3654 3593 2058
452 3453 2056
2751 289 2056
936 2629 2054
4324 3405 2054
3875 1422 2054
1012 121 2054
791 3061 2052
1669 1350 2048
498 2774 2046
4814 1837 2042
4502 408 2040
3101 2982 2038
1338 3809 2038
2721 3937 2036
284 852 2036
1544 351 2034
564 3841 2032
209 1434 2030
4746 2837 2028
2880 1836 2028
55 2000 2026
1495 756 2026
234 497 2022
1978 488 2020
3816 1750 2020
1944 3452 2018
4503 142 2016
1538 532 2016
1393 3631 2014
1892 3336 2012
2570 3955 2010
1310 1610 2008
3424 3959 2004
3663 2818 2002
2570 3432 2002
2377 411 2000
2896 644 2000
2794 1215 2000
1501 719 2000
244 1899 2000
4038 1780 1998
4960 1706 1998
3068 961 1998
4488 3720 1998
1695 704 1996
3621 2250 1996
1270 322 1994
4138 2892 1994
1108 2764 1992
4548 879 1992
3669 3738 1990
1602 3824 1988
1848 2536 1988
52 3505 1988
4689 608 1988
3432 3128 1986
4033 2110 1986
519 38 1984
1155 3397 1984
973 566 1978
2117 3673 1976
1577 1060 1974
4712 3145 1974
4862 470 1974
4396 3674 1974
1171 3348 1972
911 2437 1972
3449 3994 1970
144 3028 1970
920 3982 1966
1530 572 1964
491 2289 1962
452 623 1958
1788 3216 1958
4688 1485 1958
401 3998 1956
1387 1799 1954
623 4010 1952
4754 2886 1950
4885 1107 1950
3501 3190 1946
4305 3281 1940
2204 3396 1940
3302 3632 1938
3910 3025 1938
82 1732 1936
1086 3652 1934
4835 3475 1932
4391 3314 1932
1056 2717 1932
3919 244 1928
2954 3360 1926
2732 1008 1922
2642 3296 1920
1933 3109 1920
2114 2635 1918
4945 2374 1916
593 3529 1914
324 3110 1914
1549 3090 1914
1445 3715 1914
4075 845 1912
2220 3709 1912
1495 2993 1910
172 2556 1910
4293 730 1908
858 2834 1908
4469 2579 1906
4535 4025 1906
1915 3422 1904
2884 2879 1904
3320 3934 1904
979 2750 1902
915 3934 1900
4424 1674 1898
4851 3513 1898
4322 3014 1898
1886 2217 1894
4095 3299 1894
71 3090 1894
2368 805 1892
3461 3224 1888
339 2576 1888
4821 775 1886
4128 62 1886
4275 2569 1886
4004 3089 1886
3315 3852 1886
2 2501 1884
109 1053 1884
4028 3284 1880
33 1686 1874
3741 1874 1874
3760 271 1872
1845 3882 1872
3233 1693 1872
4245 3716 1870
1856 99 1870
2528 2879 1870
311 3195 1870
4393 2210 1866
2743 773 1864
4990 607 1864
3143 3558 1864
17 1149 1864
1739 3787 1862
2 2177 1862
172 2544 1862
1191 1066 1860
2843 1571 1860
2166 3971 1860
4522 3088 1860
3157 3951 1860
1200 1815 1858
4756 3112 1856
2716 3052 1856
2910 3604 1854
1210 3948 1852
4270 573 1852
1289 2494 1852
1410 3730 1848
2617 2095 1848
1756 2775 1846
1567 4056 1844
3008 1266 1844
2991 3023 1842
1138 3626 1840
3413 1815 1840
421 753 1840
4856 984 1838
4060 1442 1836
4555 298 1836
4179 2565 1836
4689 3997 1834
4953 3131 1834
4999 3748 1832
3500 1605 1830
1810 2518 1828
412 1281 1828
1683 3554 1828
4467 1438 1826
2440 2639 1826
1981 3124 1826
3142 3751 1824
1076 3035 1824
4790 3887 1824
4954 3813 1822
1455 3423 1822
4310 2874 1822
2002 1535 1820
413 2917 1818
1863 3494 1818
4884 969 1816
2872 3896 1816
3412 2614 1816
4736 3415 1814
2735 2338 1808
94 3621 1808
2631 1979 1806
4755 677 1806
3674 2113 1806
4563 1257 1804
3687 3941 1804
2387 3411 1800
1964 901 1796
107 3660 1794
1428 1217 1794
602 1660 1792
3037 2729 1792
1207 1598 1790
2571 4038 1788
3507 3894 1788
2622 3306 1788
722 1229 1786
2885 2180 1786
2583 3121 1784
978 1561 1780
2865 3757 1780
129 3068 1780
2968 510 1780
2678 3644 1780
4771 2945 1778
4276 3221 1776
3650 2275 1776
2140 2932 1776
1943 1827 1774
1303 1789 1774
3392 2495 1774
2193 3419 1774
4004 3796 1774
4682 1439 1772
4435 3794 1772
926 3417 1770
3150 3380 1770
3420 1613 1768
2841 2069 1768
4111 3871 1768
3534 1094 1768
524 4095 1766
4268 3710 1764
672 2338 1764
1290 1443 1764
888 1276 1764
2774 3851 1764
1070 3318 1762
2471 278 1760
4884 3672 1758
4422 1535 1758
346 2160 1758
1022 3694 1758
4282 1040 1756
764 3615 1754
3957 3879 1752
2231 1739 1752
1640 2524 1750
1964 3721 1750
2639 3116 1750
3264 3563 1750
4643 3933 1748
4350 2765 1746
3771 3702 1746
4325 3393 1746
1626 1431 1746
4804 4109 1746
3617 2774 1746
4443 3731 1744
3357 2789 1744
4933 3944 1744
3511 2960 1744
1216 3568 1742
1948 3412 1742
2443 2560 1738
4277 550 1734
743 3559 1734
3590 4013 1732
4977 2790 1732
1209 3918 1730
926 3441 1730
2732 1179 1728
2471 3724 1728
4768 4091 1728
2682 3833 1726
395 2536 1726
427 1601 1724
420 3484 1724
1971 3442 1724
4702 3994 1722
4075 3991 1722
4081 1741 1720
2454 3603 1720
2861 16 1716
237 3497 1716
4851 2903 1712
3307 3982 1712
2027 3351 1712
1633 3429 1712
2388 3699 1710
3922 1399 1708
4375 2491 1708
927 2921 1706
3733 4130 1706
2356 3306 1704
4007 4015 1702
1950 4135 1702
110 4142 1700
282 1843 1700
571 3215 1700
4451 394 1698
1969 953 1698
2832 2250 1698
4446 2454 1696
1259 3770 1696
4395 3833 1696
3413 3933 1694
3889 2326 1694
2423 1440 1692
4699 2236 1690
200 2463 1690
4569 4125 1688
3884 4109 1688
33 3687 1686
2935 4106 1686
3586 3933 1684
4446 2657 1684
4369 1076 1684
2842 3238 1684
4061 3689 1684
2015 2456 1684
4684 1308 1682
4984 3 1682
2713 3997 1680
3438 3628 1676
3407 3916 1676
2593 4004 1674
3319 2119 1674
1104 3957 1672
3704 906 1672
1044 2152 1670
4059 2785 1670
3392 2153 1668
4306 3072 1668
3964 3973 1668
2088 2494 1668
1894 3132 1666
529 3376 1664
3400 802 1664
4061 3423 1664
4264 1181 1662
4233 234 1660
4311 2544 1660
672 3847 1660
3755 4109 1658
4064 3935 1658
398 3616 1658
3759 2351 1656
1187 2573 1656
4921 3763 1656
3780 2567 1656
3122 4136 1654
509 521 1654
1066 491 1654
4354 3718 1652
1418 3528 1650
1349 3698 1650
318 797 1648
1586 3715 1648
1225 3751 1648
3053 3013 1644
1532 3365 1644
68 1841 1642
224 4058 1642
3087 2891 1640
250 3998 1636
931 2248 1636
847 2900 1636
1583 1899 1634
4820 4137 1634
1956 1502 1634
4808 1743 1632
1782 4104 1632
848 3151 1632
2 595 1632
4243 3207 1630
4480 3002 1628
3847 3252 1626
1310 2431 1624
2182 3981 1624
1425 3767 1624
270 2374 1624
3391 4009 1622
4447 2342 1622
3593 2591 1620
2879 300 1620
2547 4097 1618
1336 3793 1616
766 3279 1614
1639 1058 1614
2015 4011 1614
1481 2248 1614
897 1474 1612
4908 1442 1612
4002 2068 1610
3126 3792 1610
949 606 1608
3361 3420 1606
1994 2399 1604
4471 155 1602
1197 1796 1600
826 3884 1600
3946 134 1598
2230 1982 1596
1598 1914 1596
662 2782 1596
1532 1367 1596
3844 2483 1594
290 480 1594
4137 3711 1594
149 2182 1592
1343 3704 1592
3893 4163 1592
814 3605 1590
2161 4030 1590
3879 1185 1590
1746 4001 1590
4767 2987 1588
2240 2405 1584
1251 802 1584
1771 3200 1584
720 3040 1582
4339 3939 1580
2709 3923 1578
2843 1598 1576
2246 3738 1576
4290 4050 1574
434 609 1572
176 1013 1572
4963 4081 1572
2710 4000 1570
1680 4089 1570
998 1472 1570
4775 687 1568
3189 3180 1566
3088 1875 1564
4291 2620 1562
414 2740 1562
3725 2634 1560
4619 2843 1560
3678 372 1558
3790 3328 1556
1223 2056 1556
1132 4164 1556
3244 3970 1556
628 2654 1554
3816 1185 1552
4770 3549 1552
4622 3853 1550
3649 4027 1548
706 4104 1546
3980 4129 1544
2750 1506 1544
3967 3506 1542
2592 4135 1540
1071 1983 1538
1868 986 1538
337 1634 1538
1592 2987 1536
4782 2925 1534
2463 4192 1532
727 2130 1532
1033 2825 1530
2935 3889 1530
3870 984 1530
2899 2096 1528
1155 3835 1526
4722 3931 1524
3952 3268 1520
3780 621 1520
260 1975 1520
34 3426 1518
3748 2512 1516
2674 3816 1512
268 3748 1508
4665 4122 1506
105 2654 1504
101 617 1504
1634 3538 1500
3123 3247 1500
4420 2262 1498
2497 4143 1498
1783 2526 1496
2363 1461 1494
729 3154 1490
2453 2080 1490
3177 2528 1488
3973 4033 1488
2119 2973 1488
138 3459 1486
3988 2604 1486
334 2248 1486
2197 3202 1486
4619 3389 1484
2098 2643 1484
548 2766 1484
1241 4238 1484
2234 569 1482
1797 3041 1482
1187 3774 1480
1256 968 1478
1120 3536 1478
1770 3656 1478
1109 2321 1478
999 199 1478
666 1212 1476
3334 2638 1474
1372 3034 1474
4578 1999 1472
772 4153 1472
2205 4224 1472
591 245 1472
224 3597 1472
278 4177 1472
1093 3449 1470
552 3338 1468
3555 4121 1468
3080 2122 1468
805 903 1466
4174 3207 1464
3907 1213 1462
4953 2276 1460
3718 3474 1460
4498 1890 1458
1319 4037 1454
870 3358 1454
4533 3164 1454
1052 3422 1452
2887 2818 1450
646 2033 1450
1506 4216 1450
702 547 1448
1493 4053 1448
3084 2111 1448
3879 3145 1448
1905 4146 1448
533 1274 1446
665 2028 1446
4383 3592 1446
4421 3203 1440
3702 3637 1440
4138 3488 1440
663 3452 1440
3212 911 1440
4870 179 1438
96 2814 1438
965 1453 1436
3393 4218 1434
842 3509 1434
1011 4125 1432
214 3206 1430
1780 2341 1430
598 945 1428
3449 3367 1426
3720 2383 1424
3751 3310 1422
485 3370 1422
4827 2390 1420
4958 3315 1414
3622 718 1410
2247 3261 1410
1496 4177 1410
925 2028 1410
1320 3226 1408
4717 2958 1406
3119 2094 1404
2414 301 1404
387 2315 1404
1764 3988 1404
1594 2351 1402
4910 3668 1400
4152 4003 1400
3893 3587 1400
4701 4259 1396
441 4058 1394
3816 3061 1394
1972 3843 1392
1795 3995 1392
4817 2690 1392
4072 3348 1390
3692 1246 1388
3628 646 1386
4567 3610 1384
783 3837 1384
2353 2950 1384
2611 2480 1382
2794 3866 1382
1231 4004 1380
3348 4102 1380
2163 3986 1380
199 3765 1378
4749 1821 1378
4741 3814 1376
408 3878 1376
3942 2266 1376
4141 4207 1374
4911 796 1374
3001 2252 1372
2071 2909 1370
2880 1864 1370
4161 3244 1370
290 1900 1370
1098 3740 1368
3268 4249 1366
3745 2433 1364
4019 2618 1364
4085 4286 1364
3829 3829 1362
1819 791 1362
1383 3409 1362
3348 1023 1362
3446 3932 1360
3332 1885 1358
102 3136 1358
3637 3325 1358
4846 2078 1358
3728 609 1354
2203 4094 1354
2345 1844 1352
973 4029 1350
4905 1355 1350
4346 4245 1348
2535 2883 1348
276 1989 1348
4723 337 1346
1976 3907 1346
2710 3145 1346
4079 2013 1346
449 2781 1346
469 3230 1344
1468 4176 1340
1209 4301 1340
4120 922 1338
777 2489 1336
3855 1276 1334
2879 4186 1330
188 98 1330
1312 3658 1330
1912 2066 1330
541 2466 1328
3833 2575 1328
3562 2694 1328
1554 3747 1326
97 3156 1324
1810 1992 1322
2961 4287 1322
956 3501 1322
2747 1958 1322
4097 4040 1322
4710 775 1320
1627 3043 1320
334 1514 1320
2503 4088 1316
928 4124 1316
2552 283 1316
4663 3629 1312
4675 1476 1312
528 4230 1312
990 39 1312
2819 4074 1310
1879 2125 1308
23 157 1306
2349 936 1306
1956 4202 1306
617 704 1304
3432 808 1302
2338 4305 1300
882 1050 1300
2360 3083 1300
3734 265 1298
2081 3246 1296
3773 820 1296
4635 4130 1296
1148 1575 1292
3006 201 1292
3729 39 1292
2229 885 1292
619 3326 1290
2885 4273 1290
4946 3116 1288
2109 3362 1288
2243 3806 1288
685 906 1286
2549 4021 1286
1569 4228 1284
1824 1662 1282
4232 1344 1282
3175 3514 1282
3788 4181 1280
2476 989 1280
765 888 1278
3933 4338 1278
447 2996 1276
4129 2419 1276
2356 251 1274
560 1451 1274
4357 2458 1274
1859 4017 1274
2338 3938 1272
3850 4116 1270
2363 2534 1270
3647 1489 1270
106 1812 1270
1559 4204 1268
354 3591 1268
2939 1109 1268
2770 4126 1268
1826 3072 1266
630 1088 1266
2097 948 1266
3378 4119 1264
628 4182 1264
1763 2866 1264
1846 4342 1264
613 620 1262
19 1154 1262
4359 4292 1262
2572 1208 1260
1275 2673 1260
185 857 1258
3022 3451 1258
516 3488 1258
1583 2946 1256
3369 3441 1252
839 2612 1248
2820 3978 1244
1164 1845 1242
1310 1897 1242
4390 3466 1242
604 1771 1240
4084 1676 1238
1221 856 1238
3697 2451 1238
1611 3744 1236
1022 3830 1236
3834 2910 1234
1002 2397 1234
184 3926 1232
3266 3134 1232
2842 1742 1230
230 4308 1226
3637 3800 1224
3380 3888 1224
3787 4291 1222
1701 3398 1222
4656 3003 1222
4170 3392 1220
73 4075 1220
630 2279 1218
3775 1212 1218
86 2821 1218
3891 4349 1218
4343 780 1216
4395 1580 1216
3018 4337 1214
1570 3309 1214
2352 2957 1214
2619 639 1212
2918 3099 1212
4084 3919 1212
1097 2275 1212
4053 3160 1210
1778 2644 1208
3792 482 1208
598 3703 1206
253 2291 1206
2277 1627 1204
2353 3073 1204
4135 3441 1204
3830 2141 1204
1652 2014 1204
1430 3724 1202
4051 4207 1202
2703 3547 1200
3049 3802 1200
2700 4193 1200
3082 4335 1198
2345 4383 1196
1378 3588 1192
4083 4089 1190
2781 2077 1188
4636 3733 1184
2707 3989 1182
3038 3196 1182
4391 2278 1182
4944 1493 1180
1314 169 1180
1514 632 1178
2176 3634 1178
2191 3804 1176
152 4076 1176
2553 957 1174
3998 3723 1174
1352 1718 1170
943 4257 1168
3231 3826 1168
604 3935 1168
733 4376 1168
4463 3461 1168
4496 1534 1166
2837 378 1166
3011 2749 1164
2580 2365 1162
4064 4306 1162
3085 4124 1162
582 4387 1160
2172 2698 1160
1493 1370 1158
3827 4237 1156
3277 1262 1156
4731 4260 1156
4104 2135 1156
3921 4418 1154
2128 3943 1154
1875 4310 1154
4117 3010 1154
1053 3099 1152
4691 3384 1150
2629 178 1148
2790 4157 1146
2963 2603 1144
1866 4159 1142
3304 1335 1142
1463 3841 1140
631 4011 1140
4777 2931 1140
3427 4352 1140
2767 1266 1138
655 3290 1138
4816 3743 1138
3664 2374 1138
2046 3232 1136
2003 3937 1136
635 2418 1134
387 1694 1130
619 4159 1128
862 3188 1126
299 4179 1126
751 2837 1124
1790 4110 1124
1920 265 1124
1429 4178 1122
3095 3576 1122
1352 4272 1118
3702 3455 1118
4997 4330 1118
518 2844 1114
182 3847 1112
2536 4440 1112
1785 4318 1112
2338 3602 1112
887 4393 1110
3202 3755 1108
659 2277 1106
3839 396 1106
4139 2616 1104
4380 4427 1104
2793 2686 1104
37 4333 1102
551 1194 1102
231 4236 1102
2352 3500 1102
4152 3729 1102
3288 4380 1100
3977 4419 1100
4235 3553 1098
854 3901 1096
3732 3898 1096
4199 3968 1096
1776 3566 1096
3628 3175 1094
1950 1340 1092
4884 2142 1090
2651 2159 1086
2894 4292 1084
3402 1685 1082
217 2696 1082
886 4352 1080
1969 429 1080
2464 2632 1080
4022 4255 1078
2206 3623 1078
1647 4342 1078
2766 2471 1076
4921 4264 1076
3036 3789 1076
667 4318 1076
2920 453 1076
2292 3888 1072
2273 4148 1072
4098 155 1070
4537 3735 1070
122 2741 1070
3911 4102 1068
3855 3260 1066
930 3643 1066
2823 2347 1066
2567 1488 1064
4294 4071 1062
1918 4275 1062
1724 809 1060
2922 809 1060
2496 3452 1060
1207 790 1060
2515 4454 1060
2953 3790 1058
4610 2635 1058
3666 2886 1058
4286 4253 1058
1389 4467 1058
3452 2541 1056
4160 1434 1054
851 2852 1052
547 3026 1050
89 4395 1050
4952 1352 1050
3289 2159 1048
3368 3138 1048
347 4448 1048
993 4272 1048
2862 2636 1046
2890 2396 1044
2755 4277 1044
1410 516 1044
2202 1134 1044
416 3131 1042
710 1494 1042
2323 3788 1042
544 2081 1042
2992 4024 1042
4287 1531 1042
3904 4285 1042
3628 4202 1042
3181 586 1040
3329 4092 1038
4257 1001 1038
113 3517 1038
2061 282 1034
766 3487 1034
1576 3041 1032
2559 3468 1030
4402 246 1030
2266 962 1030
2419 3333 1030
3722 3443 1028
2956 1569 1028
2858 1994 1028
4970 4119 1028
1916 4481 1028
732 3385 1028
3075 770 1022
2028 2175 1022
3070 4447 1020
488 4443 1020
1453 2865 1018
4086 3638 1018
4669 4100 1018
2975 3533 1018
4517 3086 1016
763 4476 1016
4212 932 1016
2649 2823 1014
1944 1172 1014
1629 2916 1012
235 2365 1012
4882 4370 1012
3947 2205 1010
4589 3981 1010
3607 3582 1010
2876 3924 1010
699 134 1008
3157 3120 1008
3025 3364 1006
1801 330 1006
3337 3822 1004
75 3483 1004
4771 346 1004
3365 2064 1004
4850 2445 1002
4036 1655 1002
3525 3180 998
7 4106 998
3049 4445 998
124 2784 996
3311 4245 994
1609 4410 994
4277 2684 994
1384 1438 992
1082 3373 992
1762 2334 990
1121 3453 990
3578 4405 988
3311 2438 988
3348 3860 984
3167 4422 984
3058 4296 984
4927 226 980
1722 4176 980
891 921 980
4327 3554 976
3698 1840 976
3187 4145 974
4486 3223 974
4664 3415 974
2701 2160 972
1091 4451 972
4053 1631 972
631 3355 970
1297 2821 970
1531 2689 970
380 2637 968
213 4414 966
4349 3885 966
3288 1608 966
3777 3156 966
3243 3677 964
1402 3552 964
2497 2620 964
272 892 964
1565 3727 962
2660 127 960
1591 3561 960
2094 3860 958
2665 581 958
2851 3444 958
263 3035 956
2742 4316 956
4893 4047 956
2110 1848 954
331 2305 952
1591 3887 952
1833 3982 952
1615 1718 952
4868 1848 952
1799 4442 950
4251 4492 950
3787 2758 948
1351 4366 948
1857 4190 948
4920 4293 946
569 2744 946
4573 3879 946
1629 3442 946
2066 380 944
2174 4445 942
1163 1236 940
3858 4396 940
3868 2891 940
2359 1023 938
3278 1586 938
1382 1477 938
4636 4133 936
2439 4338 936
609 4204 934
182 4136 932
2395 3126 932
4940 3060 932
3520 1293 932
1215 2297 932
2671 4019 930
2945 4267 928
2641 4255 928
3839 2697 926
220 1243 926
462 4222 926
4307 4522 926
71 3091 926
1147 4258 924
1309 2435 924
629 4411 924
3324 4379 924
263 4255 924
2226 4167 920
4286 3827 920
1488 3360 918
4681 3582 916
3187 382 916
2010 4439 910
2770 1639 908
1658 3450 908
4125 3834 908
3689 3427 908
4106 4167 906
3170 4277 906
3338 1448 904
4774 4304 904
4276 3144 904
4859 3948 904
2363 4122 902
218 1358 902
4466 1175 902
612 3906 900
2521 3195 898
103 3086 898
345 1921 898
3571 4546 896
1539 3363 894
3291 4503 894
621 4208 894
2316 2346 892
2205 983 890
478 3719 888
2478 4534 884
2646 3181 884
794 4277 884
4293 4362 882
3423 2277 882
4932 3629 882
3891 2878 882
588 1449 882
4070 3327 880
2697 247 880
1807 2198 880
1337 2840 880
3217 3922 880
3791 4433 878
2008 2517 876
2098 2840 876
2046 4505 876
3787 4196 876
2040 335 876
4830 4309 874
4564 2213 872
1101 610 872
3363 1116 872
3838 4223 872
1708 4439 872
1299 1033 870
270 3602 870
3205 1102 868
3622 1150 868
1480 4281 868
1472 3794 868
1989 4407 868
62 3043 866
4180 4547 866
963 3891 864
853 67 862
1535 3366 860
546 3391 860
1873 2334 860
2992 4359 858
1760 2039 858
2951 3827 858
957 3548 856
1386 4390 856
1305 3506 856
2624 4476 856
1152 1663 854
257 2857 854
2380 2853 854
4234 3774 852
2203 601 852
1035 4459 852
3805 122 852
695 2962 850
3428 4392 850
4297 4334 850
4577 4395 850
3296 2463 850
54 1250 848
2897 1475 848
485 1268 846
2349 752 846
738 205 846
3885 4556 844
3602 1175 842
1283 2908 840
2267 2356 838
2852 4497 838
154 3589 836
2650 3379 834
2108 3179 834
4429 3519 834
4843 3844 832
1034 4413 832
1780 2098 832
2887 4308 832
4125 245 830
1070 4099 828
2695 3270 826
739 2962 826
4709 1711 824
500 772 824
4113 4545 824
128 2621 824
2034 3436 824
1793 4247 824
4734 3897 824
3646 4196 822
1089 4034 822
4251 4440 818
3276 3205 818
1796 3700 816
2039 3169 816
3296 1631 814
1108 4572 814
4257 4002 812
2253 3944 812
3862 4546 810
4701 4589 810
1376 4200 810
2107 4064 810
4579 4219 806
4850 102 806
3799 3010 806
573 1790 806
4644 2423 804
1497 4046 802
2851 2272 802
2428 2464 802
2081 830 802
1712 4360 802
2500 3935 802
2116 1677 802
4202 1301 800
2085 1655 800
1143 4551 798
230 2425 798
3565 4086 798
1135 3486 796
4751 3530 796
2920 3124 796
1592 4519 796
716 4564 796
623 4404 796
1820 4333 796
3613 4292 794
4206 4543 794
4936 2124 794
1911 1080 794
3722 2789 792
1811 2331 790
2924 582 790
993 2357 790
166 4269 788
2264 4260 788
528 1597 788
1118 1349 788
3277 3234 786
3808 2375 784
2047 1864 784
2494 4015 784
3711 913 784
1977 4461 784
1053 4033 784
518 4383 782
2033 4185 782
1438 2095 782
4804 236 780
208 4173 780
1513 4576 780
2800 4397 780
3787 4596 778
3603 4294 778
2097 4540 776
459 4356 776
470 2880 776
1938 2256 774
1401 3823 774
3401 1526 774
2837 3852 774
177 2280 772
3292 4536 772
3579 3581 772
2246 3767 770
4328 4599 770
4699 780 770
3584 2268 770
77 3296 768
282 4022 768
1383 4580 768
2999 4417 768
3350 3671 768
4051 3647 766
3593 2327 766
4106 4444 764
737 3232 764
1387 4187 764
358 1355 762
2099 2389 762
2975 2219 762
12 4555 762
1247 3741 760
2479 4159 760
1280 3792 758
3719 701 758
4481 4019 756
1634 4509 754
3228 4511 754
1098 2165 754
3789 3322 754
476 4047 754
3536 556 754
1178 2948 752
1337 4221 752
2617 3995 752
4479 4413 750
4770 1631 750
76 673 750
2534 1731 748
3119 4622 744
1685 3243 744
1747 4574 742
1075 4355 742
1093 3849 740
2071 4507 740
293 1682 740
3877 4603 738
3748 2513 738
4344 4415 738
4130 2818 738
4516 95 736
3532 2947 736
2187 2649 734
2616 4083 732
3094 4262 732
349 1553 730
1114 4596 730
1663 4113 730
409 4514 728
275 2575 728
2738 2768 724
2900 4606 724
2623 4405 722
3324 4581 722
1416 205 718
694 4447 718
3626 4618 718
3576 3707 718
731 4302 718
3212 4343 718
3360 4620 716
702 3647 712
1841 4619 712
4684 2932 712
3069 3198 710
1117 1657 710
4776 3468 710
4100 672 710
2086 498 710
3161 3383 710
2986 3364 708
4140 3876 708
134 4552 708
3743 1071 708
559 4057 706
2971 4629 704
906 3985 704
708 4642 704
2374 1361 704
1101 4096 702
2671 4574 702
2609 3993 700
433 1279 700
873 3141 700
1048 4511 700
2353 3792 698
4288 3946 698
367 4034 696
2849 3572 696
3104 2117 694
2631 2498 694
1041 4456 694
2436 907 692
4095 4488 692
4141 3421 692
866 4218 690
4335 4129 688
3828 3791 688
2034 21 686
3723 1728 686
1213 2326 686
1363 4562 686
3431 3742 684
661 3073 682
2381 4543 682
3140 4168 680
1596 4603 680
3591 948 680
950 2938 680
3576 2630 678
4604 1358 678
3174 3185 678
2939 2239 676
3682 3004 676
3403 2628 676
2662 964 676
3136 332 676
4243 3249 674
2080 3928 674
1361 2208 674
2492 2598 672
4601 4569 672
3385 4261 672
2834 2541 672
893 4121 672
3297 4447 670
60 3456 670
4655 4167 668
1351 2973 668
409 3523 666
371 3312 666
1800 2941 666
844 2867 662
2355 2224 662
3315 4568 658
3272 4083 658
1820 4228 658
3598 4470 658
3414 4380 658
369 239 658
2224 4348 656
2612 867 656
2563 3967 654
1781 152 654
1417 4561 654
118 4362 654
2523 4622 652
430 4000 652
418 3161 652
2149 1204 652
1791 4586 652
3538 3217 650
2280 3019 650
2100 4606 646
4464 3567 646
155 4326 646
2381 1882 646
1516 4617 644
1781 2583 644
3152 4040 644
4534 4571 642
3258 988 642
2165 94 642
4001 2595 640
2707 2043 638
3906 3132 636
1754 4551 636
4846 4611 636
540 4163 634
1626 3328 634
1089 4363 634
870 3789 634
436 1655 632
4220 3161 632
3891 2336 632
4475 4643 630
1403 4164 630
2532 4480 630
2720 4529 630
1045 4616 630
4819 2613 630
610 4531 628
2749 4315 628
2340 4421 628
4147 4351 626
1511 3957 626
4665 51 626
1851 4464 626
186 3870 626
2067 3563 624
3554 4675 622
4765 4330 622
1332 4620 620
2699 4073 620
1400 4482 620
1788 3123 620
171 4547 618
3746 1993 618
3487 4400 618
970 3592 618
731 73 616
2357 4662 616
2763 4363 614
1495 4554 614
1502 3501 614
2598 3737 614
4677 3870 614
1744 4330 612
44 4145 612
4903 4530 610
2549 3888 610
2951 4411 610
2704 3999 610
4277 3671 608
1107 2765 608
1875 4632 606
3849 4093 606
1990 4040 606
193 4152 604
4649 2555 604
190 2924 604
3507 3889 604
1916 4554 602
4452 1850 602
476 1330 602
3450 4626 602
2251 2078 602
3325 855 602
4468 3072 600
2236 1815 600
4267 96 600
2935 486 600
385 2901 598
194 2948 598
4934 3255 598
4794 2017 598
4210 2071 598
4961 1711 598
272 4182 598
308 3099 594
3526 4471 594
2363 4668 594
4121 315 594
3857 4403 592
2629 3357 592
4356 3384 590
3462 2544 588
3379 1279 586
389 4495 586
681 3936 586
2015 4666 584
504 3651 582
414 1867 582
3827 546 582
133 2516 582
1650 222 580
797 3923 580
3722 4653 580
1131 4700 578
1083 4003 578
698 3950 578
2087 4273 578
3249 4246 578
1297 1227 576
3260 2231 576
4287 7 576
3146 1229 574
2422 4260 574
2332 4009 570
3172 4103 570
4821 4470 570
4330 2091 570
668 4659 570
565 2818 568
3831 4430 568
1065 2149 568
3079 3490 566
1843 4372 564
3879 1692 564
429 4398 564
2888 1248 562
4394 3592 562
2983 3802 562
729 3892 562
3790 10 562
625 3360 560
2806 4618 560
1036 4634 560
4301 3067 560
1132 3543 560
1519 4274 558
3401 4474 558
868 1504 558
1659 4294 556
4445 4144 556
2772 1571 554
3801 4617 554
2020 3613 554
4532 2045 552
1328 4195 550
785 1678 550
4472 1890 550
347 4719 550
4919 4416 550
2748 925 550
4517 3621 548
18 2099 548
1141 3170 548
4051 2674 548
3394 2599 548
3891 4383 548
4538 3857 546
269 1859 542
1026 4228 540
597 3240 540
2366 2840 540
4317 3171 540
3336 4521 540
1279 3489 538
1836 2623 538
1625 4591 538
3865 3199 538
3628 3466 538
3850 4236 536
1972 4608 534
1500 913 534
4503 4185 534
4081 4485 534
4457 4724 534
30 4661 532
2539 3698 532
721 4095 530
3933 4721 530
926 2623 530
40 4697 530
1573 979 530
4615 1975 528
1489 3732 528
3183 3498 524
1185 4510 524
1456 2651 524
289 747 524
1946 4276 524
981 3813 522
3096 3527 520
1122 3364 520
2352 4424 518
4225 3420 516
2254 4476 516
2650 4573 516
1115 3137 516
3518 1473 516
1108 3523 516
518 2544 514
4032 4670 514
1571 4558 514
4744 2115 514
3357 86 514
1739 4295 512
4037 1718 512
768 3532 512
2256 4139 512
3777 1553 510
5 2806 510
3076 3108 508
3955 4708 508
3659 4064 508
2314 2807 508
296 4716 508
420 4629 508
2275 3973 506
3765 2869 506
131 4250 506
3536 2981 504
1643 1740 504
1675 4312 504
610 4521 504
828 4726 502
4177 4127 502
854 3796 500
3828 3465 498
2886 3329 498
3021 4318 498
94 3712 496
1036 4605 496
715 4499 496
1115 4120 496
227 3849 496
4319 4131 494
2257 2668 494
3004 3915 492
2743 3677 492
1217 3277 490
1876 1589 490
4425 4615 490
755 3997 488
851 4415 488
4427 3958 488
4070 4613 486
1683 2285 486
3247 4548 484
2702 3662 484
587 4285 484
1180 3479 484
2636 2854 482
1377 2866 480
549 882 480
3591 3555 480
4777 1482 478
2964 4110 476
3876 4655 474
4134 2228 474
3955 4617 474
1722 939 472
3463 4126 472
929 4228 470
4136 4579 470
2810 4434 468
3019 81 468
2 4206 468
4185 1957 466
531 4752 464
1003 899 462
1076 4738 462
2150 4459 460
933 2650 460
3703 4283 460
1391 2498 460
1581 4635 460
2318 4277 458
1621 4740 458
4624 4347 458
1425 4606 456
1087 540 456
2946 4541 456
3557 4581 456
558 4720 456
115 3558 454
2154 2871 454
3976 1389 452
1192 1009 452
2338 4330 452
622 228 448
4953 3597 448
2282 4345 448
1117 4729 448
376 4596 446
2673 2244 446
722 4694 446
297 3192 446
3724 4644 444
2013 4623 444
4931 2388 442
1615 4395 442
3300 4755 442
3115 2295 442
805 3404 442
1304 4747 440
221 4740 440
2254 4572 440
3436 2150 440
2894 4722 438
891 4703 436
3643 3519 436
1474 1543 436
4137 4704 434
2851 164 434
2458 4243 432
634 4756 432
4244 4094 430
2581 2028 430
4712 4525 430
1581 4100 430
2659 4373 428
2607 4019 428
4170 4733 426
1270 2019 426
3365 4448 426
743 3465 426
3130 3050 424
2198 4717 424
1268 3979 424
3288 4606 422
842 4688 422
2264 3454 422
2022 2591 422
4090 1178 420
678 4537 420
420 4453 418
1477 2888 418
4785 4410 418
1628 4240 416
47 3903 414
116 2644 414
4306 3623 414
835 4702 414
3316 4572 414
4307 3069 412
386 4183 410
1572 4670 410
1665 2165 410
608 4282 408
4510 4236 408
2146 3047 408
4109 3990 408
362 3108 406
1767 4531 406
4621 759 406
3113 4657 406
1186 3799 404
1333 4625 404
2914 3307 404
1790 4592 404
2739 490 404
4574 2485 402
4311 4359 402
2115 4674 400
1603 3774 400
2225 4725 398
71 4647 398
2853 850 398
920 1114 396
3771 4558 396
4491 4609 394
2488 4668 394
600 2059 394
2110 2213 394
4598 2197 394
4688 2302 394
526 1967 394
1638 4462 392
2003 3761 392
3286 4799 390
1590 4625 390
3065 4658 390
329 4676 388
4778 4758 388
3894 3355 388
1550 4358 388
1444 4668 388
4167 4633 388
3806 37 386
3953 4729 384
188 4488 384
3415 4620 384
3961 4358 384
2153 4473 382
3966 3421 382
738 4773 382
1345 3728 382
2918 1493 382
1263 1104 382
2085 4226 382
2827 3976 380
4107 4530 380
396 4545 378
1051 2618 378
3387 4159 378
326 3416 378
3386 941 376
42 4233 374
1508 2668 374
2528 2618 374
4204 4590 372
3182 4805 372
188 4563 372
3455 4245 372
3301 695 372
3985 4108 370
3948 4423 370
4730 4120 368
1369 3732 368
4848 3194 368
4650 2332 368
4211 4665 366
3526 3548 366
690 739 364
2728 2743 364
4004 1767 364
3915 4412 362
1956 4787 362
2123 4753 362
2081 4755 362
4765 1877 362
4739 4469 362
846 4342 360
1375 3617 360
3329 3760 360
2375 4685 360
78 3796 358
2240 3689 358
2650 4627 358
4118 4766 358
422 4742 356
4586 4178 356
4442 4340 356
451 4753 352
3812 4536 352
1310 4476 352
4415 4639 350
2907 3579 350
217 4065 350
3239 4224 350
1759 4552 348
2048 3618 348
3487 4824 309
2179 2592 346
1828 1945 346
2754 3735 346
2292 3148 344
3920 4701 344
2842 809 344
1557 4593 342
1369 4091 342
29 264 342
2168 1983 342
2551 3456 342
4854 3358 340
1218 1761 340
2544 4736 340
1606 4222 340
1 4321 338
1347 153 338
2081 737 336
719 2121 336
4119 262 334
1661 1637 334
4666 4228 334
2215 4238 334
1747 1247 334
2579 4103 334
4342 4677 332
4780 4569 332
4236 4281 332
4587 2207 332
541 1093 330
3082 4744 330
1856 1656 330
931 4775 330
3234 2328 328
1118 2809 328
2010 2572 328
173 4471 328
4108 4775 326
3925 4295 326
333 4545 326
1277 4484 326
1789 4647 326
3990 2292 324
2642 4823 313
2762 4682 322
1644 835 322
2389 4721 322
3192 4603 322
717 1724 322
1202 4710 320
4008 2004 320
4489 4734 320
4279 3767 320
4575 4425 320
3714 4369 318
2638 4213 318
1411 1748 318
4578 4734 318
3765 3814 316
4020 3882 316
32 4633 316
2000 4014 314
1402 2228 314
4387 3552 314
4578 3632 314
4161 3642 314
1124 2872 312
585 1056 312
3561 4610 312
4124 4132 310
1206 3655 310
4254 4431 310
1903 3626 308
3614 3548 308
707 2130 308
3831 4535 308
795 2554 306
2292 4773 306
2438 4404 306
1933 4697 306
4517 4473 304
690 4685 302
166 279 302
2759 2980 302
3627 4463 302
3630 3897 302
1968 4405 302
3381 4837 265
3738 4722 302
3026 4518 302
3489 3516 300
4427 4653 300
4882 3542 298
2900 4235 298
3000 1891 298
4881 2808 298
1602 350 296
4733 4661 296
4712 4830 289
3757 4578 294
2204 4730 294
4966 4451 292
2851 339 292
4216 4745 292
3886 3525 292
692 3919 290
1056 3586 290
152 3455 290
4758 3696 288
1340 4100 288
4832 4703 288
3362 3958 288
540 4815 288
2943 4626 288
4229 4399 286
2687 4832 282
4981 4342 284
1255 1061 284
4106 2192 284
106 3764 284
4641 89 284
1965 4678 282
3282 4749 282
1123 4545 282
3026 4736 280
2979 4548 280
4017 4069 280
3228 2017 280
2808 4763 280
2836 4274 280
494 4385 280
4862 2662 280
917 4342 278
4506 4595 278
3198 4793 278
3073 4513 276
2786 4837 265
164 4832 276
4712 4858 201
3018 4578 274
4509 21 274
2719 3364 274
4285 4339 274
4147 4802 272
1684 2471 272
2599 3179 272
430 4851 222
3461 3911 270
547 4596 270
4629 4376 270
2936 3435 270
1975 4852 219
2265 4768 268
2713 599 266
2326 4689 266
829 852 266
3655 1933 266
2627 3507 264
1126 4588 264
3168 403 264
4728 1176 264
1911 3767 264
3217 2003 264
1657 4248 264
3430 4412 262
553 4420 262
2579 4610 258
3005 4072 258
2798 2395 256
4679 3522 256
457 4839 256
2871 4595 254
269 981 254
301 4195 254
3291 4292 254
2437 3468 252
2607 4757 252
1633 2095 250
4517 4750 250
3389 4518 248
2714 4447 248
113 4351 248
471 4768 248
3013 3139 248
2029 4745 248
4445 4855 210
2089 4702 244
1557 1243 244
3149 4226 244
1765 3931 244
1479 3833 244
1934 4495 244
3027 4642 244
4073 432 244
563 4810 242
1403 2254 242
4932 2921 242
4246 1783 242
22 3387 240
2675 4805 240
2277 417 240
4169 4778 238
1608 4878 148
1546 3963 238
3786 4618 238
1998 4467 238
936 4094 238
2657 3562 236
3655 4708 236
4078 3887 234
2081 4745 234
4497 4604 234
1214 4831 232
296 4202 232
311 4831 232
4083 1531 232
3192 2974 232
1195 4759 232
459 203 232
4198 4427 230
3166 4710 230
1437 3794 230
3700 2299 226
2618 1560 226
3845 4702 226
3042 4712 222
409 4844 222
3837 1052 222
3609 4124 222
4880 4738 222
4243 2538 222
3260 3665 220
2009 4420 220
4779 2834 218
4349 3984 218
3437 4612 218
4699 2849 218
4893 3192 218
3414 4215 218
2904 4738 216
3359 4463 216
1805 2006 214
463 4113 214
2655 2805 214
3894 4525 212
1705 4870 169
1049 3085 212
3330 1715 212
1179 2458 212
2654 2220 212
3660 4244 212
349 3052 212
2837 4608 212
614 4664 212
3405 4892 116
4440 4893 114
1868 2804 210
3807 4298 210
1306 4155 210
4808 2037 208
836 3254 208
3777 2557 204
2873 4513 204
3804 3867 204
48 2985 198
1156 4727 198
2970 4694 198
442 4893 114
4923 4517 198
4115 3212 196
1367 4792 196
4704 4892 116
1013 1511 196
4728 4704 196
2237 4786 194
1818 4131 194
812 3165 194
4520 4899 102
1241 4835 192
522 4292 192
2773 3557 192
4246 4232 190
3209 3817 190
4952 4704 190
3308 4036 190
2377 2257 190
1330 3703 188
1257 3861 188
4373 2518 188
3123 2888 188
4456 4819 188
3427 3768 188
1088 4734 186
4038 2257 186
2550 4738 186
4565 4849 186
167 4764 186
3694 3148 184
1624 4870 169
3954 3747 182
4552 4700 182
1313 4634 182
2601 4344 182
3841 4809 182
3400 3734 182
534 3752 182
4895 4228 182
4234 4502 182
3019 4847 182
375 2413 182
3736 3599 180
3072 2370 180
1593 4687 180
4087 4269 178
3717 4657 178
2430 3938 178
868 2577 174
4697 4757 174
3437 4871 166
3120 4884 134
3154 3711 174
3905 4762 174
3309 4518 174
4782 4830 174
577 4763 172
3233 3397 172
1115 4873 161
2088 4653 170
3194 3937 170
3990 4793 170
3133 4565 168
3014 4913 75
2019 4288 168
2546 4202 168
4822 4856 168
4848 4324 168
2179 2999 166
662 4585 166
849 3068 166
4080 4898 104
2273 131 166
3501 4696 164
3054 4876 153
4253 4155 164
2261 4070 164
2994 4778 164
2366 3171 162
386 4478 162
24 2820 162
358 4376 162
3260 4918 67
1390 2881 162
35 4629 160
4408 4617 160
4287 4825 158
3990 4879 146
3705 3087 158
4863 4257 156
2871 4383 156
292 4903 94
1572 3454 156
3363 3548 154
3275 4180 154
2327 4500 154
2802 2350 154
2803 4773 154
4665 4490 154
271 2036 152
2228 4894 112
3563 4657 152
4359 4446 152
4646 3618 152
2063 4135 150
145 4649 150
4447 4741 150
4665 4697 150
3287 2538 148
4514 4220 148
4428 4898 104
3020 4080 146
3368 4897 106
2764 4858 146
3678 2576 146
4127 4228 146
4775 4361 144
2906 4812 144
62 3968 144
238 4410 142
2291 4818 142
1674 4498 142
3245 3111 142
1756 4680 140
2671 4690 140
2516 1535 140
4510 4792 138
275 4793 138
1304 4847 136
3377 4110 136
4389 4751 134
4786 2041 134
465 810 134
676 4898 104
11 4521 134
4147 4409 134
4333 2495 134
1049 4926 54
3059 4452 132
1392 3027 132
2251 4181 130
2123 587 130
2767 4844 130
4124 4853 130
478 4882 130
3298 4401 130
1878 4935 42
3992 4802 128
2790 956 128
129 3146 128
4609 4895 110
30 1542 126
4931 2449 126
728 4899 102
2489 3948 124
2070 4328 124
152 4467 124
1961 4351 124
813 3797 124
4129 4916 70
180 4888 124
348 4125 124
1200 4727 122
440 4319 122
4723 4108 122
1801 4913 75
2087 1860 120
4414 1989 118
1808 4827 118
325 2744 118
3976 3275 118
1141 3767 118
3502 4566 118
440 4882 116
3103 3700 116
2422 4549 116
4676 2380 116
2638 4897 106
267 2600 114
4429 4589 114
85 334 114
874 4904 92
4155 75 114
3978 4652 112
972 1453 112
4922 4303 112
416 4653 112
4390 4845 112
4679 4670 112
1651 4934 43
4218 2343 110
1640 3432 110
3660 4863 110
204 4304 110
4575 1637 110
3342 1466 110
2323 4922 60
2016 4902 96
1886 4863 108
97 3764 106
3965 714 106
444 4932 46
1397 4534 104
95 4469 104
3900 4676 104
1923 4063 104
1117 4941 34
856 4612 102
776 4302 102
4732 980 102
3246 4520 100
4856 4904 92
252 4509 100
2352 4653 98
875 4738 98
3743 3711 98
4559 4805 98
1179 4766 96
2441 3108 96
2184 1613 96
3079 4594 96
2329 4353 96
2251 1160 96
125 4936 40
152 3688 96
2033 4940 36
4845 4821 92
2692 4484 92
1717 4865 92
482 3353 92
3929 4708 92
3250 3507 92
42 4852 90
1164 4224 88
691 685 88
2109 192 88
95 4881 88
4438 4604 86
319 3653 86
1449 4161 86
4805 4152 86
3084 4069 86
4368 4610 86
2621 4047 86
553 4906 84
3313 4664 84
3407 4954 21
741 4736 84
4056 1452 82
993 4938 38
2600 2377 82
1022 4948 27
1917 4872 80
1524 4919 65
4274 4883 78
40 3999 78
3721 3729 76
444 3324 76
3304 4738 76
2432 1966 76
290 4843 76
264 4887 74
3810 4816 74
3012 896 74
1482 4731 72
655 4914 72
4841 1585 72
3411 4808 70
3003 4962 14
856 4534 70
2438 4951 24
1662 4642 70
1767 1869 70
1129 4746 68
4295 4548 68
3536 4960 16
3276 4711 68
3655 3322 66
4090 4907 66
1089 1491 66
4373 4874 66
1585 4950 25
3739 4934 43
4869 4731 64
3705 3508 64
1505 1333 64
1154 4856 64
2116 4954 21
2742 2714 60
3811 3418 60
3019 2586 60
541 3022 60
787 4883 60
4136 432 60
765 4933 44
3958 4958 17
1114 4914 58
130 4959 16
2578 4910 56
1821 4708 56
3634 3132 56
850 3792 56
4762 84 56
2058 1355 56
4299 4851 56
3605 4708 56
2382 657 54
2548 4785 54
4092 3050 54
4071 3846 54
3233 4869 54
3086 262 54
763 4795 54
4535 277 54
2211 4413 52
480 4767 52
3394 1246 52
4697 4652 50
1753 4025 50
3562 4920 50
1353 3893 50
2732 4944 31
560 4782 48
2069 2031 48
2760 4543 48
4495 4965 12
2985 4923 48
1021 1630 48
2997 4972 7
819 4556 46
1665 4461 46
2165 4818 46
1760 4819 46
2607 4457 44
4091 4976 5
76 4970 9
4833 3765 44
2924 4954 21
726 4116 44
473 3527 44
1574 4941 34
4688 4299 42
1059 4093 42
3140 4943 32
4057 4669 40
4754 3461 40
706 4647 40
4075 4899 40
4626 4728 40
824 4490 40
327 4979 4
564 828 38
3734 4976 5
997 4493 38
4148 4852 36
1656 4879 36
1842 4427 36
3800 4537 36
1541 1574 36
4468 4969 9
4366 3423 34
442 4556 32
2686 4815 32
2253 4776 32
3500 3030 32
3998 4979 4
3824 3879 30
3362 4383 30
2367 4955 20
2391 4068 30
4395 4978 4
2169 4981 3
880 4112 30
2847 4366 30
2653 4271 30
4066 808 30
4119 1968 28
2568 4936 26
675 4855 26
4704 4732 26
3671 3233 24
65 4987 1
4192 4950 24
4222 1415 24
3724 4879 24
4953 4530 22
3225 4975 6
2393 1054 22
2775 4888 20
1296 4948 20
637 4768 20
3136 4473 20
4691 3770 20
2087 3929 20
4739 1287 20
2360 1939 20
883 4906 20
4730 1732 18
2491 4985 2
4902 4953 18
4794 4927 18
4565 4754 18
1639 4014 18
4664 4686 18
2919 4914 18
299 4924 18
1756 4783 16
4359 4987 1
3485 4745 16
2161 4935 16
2314 3828 16
4763 4652 16
3098 3687 16
2294 1363 14
4853 1669 14
2968 4987 1
4818 4603 14
4726 4564 14
2393 4983 2
3154 4922 14
2751 2230 14
771 1900 14
3712 4188 14
177 4967 10
3495 4961 14
4982 4991 0
1666 3780 12
25 4988 1
223 2713 12
4743 4989 1
2345 4732 12
2514 4681 12
4967 4994 0
2018 1791 10
2012 4991 0
4383 4950 10
1855 4800 10
4428 3841 8
429 4215 8
154 1574 8
818 4984 2
220 4737 6
1000 4944 6
2856 4941 6
2575 4903 6
2675 2824 6
1925 4815 6
1061 4774 6
632 4994 0
3925 4996 0
1085 4930 6
1372 4997 0
2143 4973 4
3880 4997 0
4748 4997 0
1444 4976 4
4169 4995 0
2399 4950 2
3480 4986 1
1413 2723 2
2560 4998 0
3299 4368 2
431 367 2
3451 4748 2
2529 4992 0
3336 5000 0
1301 4995 0
2053 1419 0
1557 4998 0
1440 3393 0
1900 4982 0
