100 100 4.3589
19 10 81
3 1 98
22 22 60
43 33 44
27 21 62
14 10 81
37 33 44
41 37 39
35 34 43
40 33 44
23 28 51
1 4 92
14 22 60
1 2 96
42 32 46
19 9 82
24 32 46
47 50 25
20 23 59
37 43 32
54 46 29
22 32 46
42 44 31
26 26 54
14 12 77
6 11 79
53 58 17
9 2 76
43 33 44
41 50 25
59 56 19
60 58 17
49 47 28
70 67 10
68 73 7
62 54 21
51 46 29
71 62 14
49 50 25
35 31 47
67 57 18
44 38 38
61 67 10
51 52 23
72 66 11
43 40 36
56 61 15
28 21 36
75 73 7
63 62 14
48 38 32
81 83 2
1 7 30
63 65 12
32 26 30
79 77 5
62 59 16
73 79 4
82 82 3
84 79 4
75 85 2
45 49 22
75 82 3
36 38 22
92 84 2
98 89 1
80 74 6
50 58 17
83 73 7
80 88 1
62 59 16
54 64 12
74 84 2
78 88 1
86 81 3
72 62 14
78 76 5
86 93 0
87 94 0
95 93 0
93 87 1
54 55 10
61 58 10
54 61 10
88 92 0
55 60 8
93 95 0
80 77 5
80 72 6
76 69 6
86 83 2
82 86 1
88 90 1
71 69 2
103 95 0
103 97 0
102 96 0
98 96 0
94 100 0
84 87 0
