5000 1000 4.3589
108 8 1968
106 6 1926
137 37 1910
113 13 1908
144 44 1902
148 48 1894
143 43 1888
143 43 1888
147 47 1882
125 25 1878
148 48 1874
143 43 1870
105 5 1870
140 40 1862
129 29 1856
167 67 1846
131 31 1842
157 57 1842
180 80 1828
179 79 1826
165 65 1824
187 87 1818
173 73 1812
131 31 1808
108 8 1798
170 70 1796
157 57 1794
102 2 1792
136 36 1792
175 75 1786
158 58 1784
144 44 1780
106 6 1780
144 44 1778
210 110 1774
203 103 1772
167 67 1768
118 18 1768
103 3 1764
108 8 1762
113 13 1760
171 71 1758
223 123 1752
193 93 1752
175 75 1752
168 68 1750
215 115 1738
212 112 1736
211 111 1734
175 75 1734
172 72 1728
137 37 1726
193 93 1724
192 92 1718
122 22 1716
197 97 1714
213 113 1712
139 39 1712
174 74 1712
125 25 1710
165 65 1710
173 73 1706
149 49 1698
183 83 1696
124 24 1696
113 13 1694
223 123 1690
118 18 1686
244 144 1684
139 39 1680
116 16 1678
152 52 1676
249 149 1674
158 58 1666
224 124 1664
235 135 1662
127 27 1660
218 118 1660
210 110 1660
194 94 1658
170 70 1656
184 84 1654
168 68 1654
154 54 1654
144 44 1650
212 112 1648
204 104 1648
174 74 1644
165 65 1640
103 3 1636
160 60 1636
187 87 1634
134 34 1632
131 31 1630
135 35 1630
278 178 1624
277 177 1624
249 149 1622
268 168 1622
136 36 1620
202 102 1618
269 169 1612
192 92 1612
267 167 1610
136 36 1608
247 147 1604
108 8 1604
186 86 1602
255 155 1602
206 106 1600
122 22 1598
239 139 1598
271 171 1596
148 48 1592
177 77 1592
120 20 1592
261 161 1586
213 113 1586
210 110 1584
294 194 1584
135 35 1582
179 79 1582
174 74 1580
179 79 1578
307 207 1576
249 149 1570
298 198 1570
289 189 1570
101 1 1568
118 18 1566
301 201 1566
217 117 1560
126 26 1560
205 105 1552
197 97 1552
252 152 1550
297 197 1548
244 144 1546
147 47 1544
101 1 1536
261 161 1536
157 57 1532
140 40 1532
299 199 1532
322 222 1532
233 133 1528
243 143 1526
196 96 1526
175 75 1526
246 146 1522
176 76 1520
286 186 1518
182 82 1516
190 90 1514
338 238 1514
295 195 1512
236 136 1512
253 153 1510
187 87 1508
163 63 1508
188 88 1508
199 99 1508
259 159 1500
228 128 1498
166 66 1496
305 205 1496
182 82 1496
313 213 1494
108 8 1494
314 214 1494
145 45 1490
197 97 1484
204 104 1484
236 136 1480
332 232 1480
295 195 1478
183 83 1476
338 238 1474
278 178 1474
322 222 1474
159 59 1472
241 141 1472
333 233 1472
264 164 1470
292 192 1470
339 239 1466
280 180 1466
231 131 1464
330 230 1464
346 246 1462
191 91 1462
189 89 1460
266 166 1460
334 234 1456
177 77 1456
250 150 1456
327 227 1454
132 32 1454
166 66 1454
140 40 1454
176 76 1450
226 126 1448
375 275 1448
139 39 1446
289 189 1444
126 26 1444
312 212 1444
260 160 1442
107 7 1442
233 133 1438
252 152 1438
380 280 1438
288 188 1436
108 8 1430
135 35 1428
322 222 1428
251 151 1428
362 262 1426
198 98 1422
375 275 1420
352 252 1420
233 133 1420
297 197 1418
372 272 1416
196 96 1416
252 152 1416
379 279 1414
359 259 1414
368 268 1412
101 1 1412
230 130 1412
279 179 1412
177 77 1412
171 71 1412
115 15 1412
138 38 1410
290 190 1408
392 292 1406
313 213 1406
345 245 1404
304 204 1404
256 156 1404
219 119 1404
360 260 1404
166 66 1402
387 287 1400
370 270 1400
240 140 1398
379 279 1396
246 146 1396
297 197 1394
390 290 1392
321 221 1392
169 69 1388
368 268 1386
184 84 1382
271 171 1382
360 260 1378
283 183 1376
285 185 1376
148 48 1376
388 288 1376
117 17 1374
199 99 1374
150 50 1374
339 239 1374
219 119 1372
314 214 1372
130 30 1372
380 280 1370
305 205 1368
182 82 1366
204 104 1366
333 233 1364
189 89 1364
386 286 1364
400 300 1364
397 297 1362
306 206 1362
213 113 1362
241 141 1362
412 312 1362
220 120 1360
243 143 1360
415 315 1360
324 224 1360
234 134 1358
133 33 1358
378 278 1358
178 78 1358
369 269 1356
286 186 1354
313 213 1352
296 196 1350
118 18 1350
281 181 1348
249 149 1348
354 254 1346
363 263 1344
228 128 1344
400 300 1342
300 200 1338
121 21 1336
120 20 1336
110 10 1336
209 109 1336
334 234 1336
380 280 1336
124 24 1334
288 188 1334
370 270 1332
279 179 1332
370 270 1330
126 26 1330
177 77 1328
279 179 1328
414 314 1326
189 89 1326
427 327 1326
379 279 1324
236 136 1322
258 158 1322
209 109 1318
252 152 1318
385 285 1318
421 321 1318
208 108 1316
219 119 1312
212 112 1310
359 259 1310
201 101 1308
319 219 1306
333 233 1304
287 187 1302
233 133 1300
237 137 1296
432 332 1296
243 143 1294
275 175 1294
197 97 1292
259 159 1292
207 107 1292
372 272 1290
248 148 1290
117 17 1290
296 196 1290
161 61 1290
390 290 1290
390 290 1290
278 178 1288
355 255 1286
241 141 1286
423 323 1286
390 290 1286
446 346 1284
189 89 1284
162 62 1284
431 331 1284
350 250 1280
184 84 1280
429 329 1278
187 87 1278
355 255 1272
201 101 1272
339 239 1272
265 165 1272
344 244 1272
402 302 1270
435 335 1270
182 82 1268
124 24 1268
351 251 1268
276 176 1266
441 341 1266
410 310 1264
413 313 1262
401 301 1262
125 25 1260
103 3 1258
272 172 1258
314 214 1256
250 150 1256
173 73 1254
473 373 1252
364 264 1252
365 265 1252
144 44 1252
212 112 1250
297 197 1248
226 126 1248
393 293 1248
183 83 1248
449 349 1246
476 376 1244
149 49 1244
189 89 1244
248 148 1244
356 256 1244
194 94 1240
341 241 1240
304 204 1240
420 320 1238
317 217 1238
474 374 1238
435 335 1236
302 202 1236
304 204 1236
283 183 1236
347 247 1236
475 375 1234
387 287 1234
289 189 1234
467 367 1234
365 265 1234
273 173 1234
350 250 1232
308 208 1232
378 278 1232
382 282 1228
316 216 1226
472 372 1224
131 31 1224
130 30 1224
487 387 1222
103 3 1222
286 186 1222
237 137 1220
467 367 1220
379 279 1220
477 377 1220
323 223 1218
226 126 1216
140 40 1216
222 122 1214
379 279 1214
109 9 1214
376 276 1212
440 340 1210
140 40 1210
312 212 1208
356 256 1208
365 265 1206
391 291 1206
279 179 1206
110 10 1204
104 4 1204
440 340 1202
119 19 1202
274 174 1200
387 287 1200
126 26 1200
405 305 1200
334 234 1198
335 235 1196
366 266 1196
205 105 1196
466 366 1194
193 93 1194
156 56 1194
176 76 1192
470 370 1192
344 244 1192
440 340 1192
154 54 1190
362 262 1190
325 225 1190
147 47 1188
474 374 1188
442 342 1188
396 296 1188
441 341 1188
385 285 1186
402 302 1182
447 347 1180
349 249 1180
291 191 1178
241 141 1178
206 106 1176
214 114 1176
505 405 1176
204 104 1174
159 59 1174
486 386 1174
430 330 1174
344 244 1172
267 167 1172
245 145 1172
502 402 1172
360 260 1170
235 135 1170
278 178 1168
441 341 1168
445 345 1168
276 176 1168
465 365 1166
198 98 1166
488 388 1164
387 287 1164
484 384 1164
341 241 1164
141 41 1164
494 394 1162
469 369 1162
436 336 1162
338 238 1162
378 278 1160
214 114 1160
285 185 1160
130 30 1160
483 383 1160
165 65 1160
127 27 1158
155 55 1156
348 248 1156
348 248 1156
209 109 1156
457 357 1154
394 294 1154
463 363 1152
194 94 1152
258 158 1152
132 32 1150
436 336 1150
221 121 1148
235 135 1148
294 194 1148
216 116 1148
413 313 1148
313 213 1144
499 399 1144
348 248 1144
486 386 1142
377 277 1142
148 48 1142
139 39 1140
406 306 1140
446 346 1140
186 86 1140
203 103 1140
244 144 1138
464 364 1138
103 3 1138
253 153 1138
394 294 1136
192 92 1134
387 287 1134
370 270 1134
528 428 1134
306 206 1132
308 208 1132
479 379 1130
135 35 1130
329 229 1128
519 419 1126
145 45 1126
416 316 1124
335 235 1124
229 129 1124
515 415 1122
217 117 1122
381 281 1118
103 3 1118
235 135 1118
489 389 1118
199 99 1116
399 299 1116
265 165 1116
453 353 1114
479 379 1112
314 214 1110
391 291 1110
474 374 1110
506 406 1110
471 371 1110
463 363 1106
464 364 1106
139 39 1106
330 230 1104
324 224 1104
490 390 1102
124 24 1102
211 111 1102
157 57 1102
287 187 1102
417 317 1100
321 221 1096
531 431 1096
489 389 1096
345 245 1096
407 307 1094
486 386 1094
391 291 1092
548 448 1092
433 333 1090
121 21 1090
373 273 1088
290 190 1088
535 435 1088
293 193 1088
408 308 1086
374 274 1086
216 116 1086
246 146 1084
517 417 1084
533 433 1084
129 29 1082
356 256 1082
337 237 1082
110 10 1082
335 235 1080
463 363 1080
475 375 1080
197 97 1080
417 317 1080
549 449 1078
504 404 1078
548 448 1078
346 246 1078
333 233 1078
478 378 1076
311 211 1076
449 349 1074
479 379 1074
122 22 1072
436 336 1070
376 276 1070
359 259 1070
506 406 1068
430 330 1068
498 398 1068
146 46 1066
302 202 1066
354 254 1066
505 405 1066
551 451 1064
354 254 1064
550 450 1062
556 456 1062
320 220 1060
350 250 1060
466 366 1058
150 50 1058
163 63 1058
266 166 1058
529 429 1056
118 18 1056
496 396 1056
244 144 1056
527 427 1054
553 453 1052
361 261 1052
123 23 1052
499 399 1052
461 361 1052
476 376 1050
511 411 1050
433 333 1050
437 337 1048
345 245 1046
350 250 1046
310 210 1044
475 375 1044
238 138 1042
444 344 1042
452 352 1042
504 404 1042
349 249 1042
352 252 1040
523 423 1038
416 316 1038
256 156 1038
553 453 1038
505 405 1036
545 445 1036
250 150 1036
516 416 1036
406 306 1036
190 90 1034
474 374 1034
326 226 1032
562 462 1032
286 186 1032
229 129 1030
306 206 1030
464 364 1030
416 316 1030
288 188 1028
175 75 1028
373 273 1028
441 341 1026
526 426 1026
324 224 1026
553 453 1026
554 454 1026
228 128 1024
514 414 1024
376 276 1024
257 157 1024
511 411 1024
587 487 1024
458 358 1022
360 260 1022
565 465 1020
347 247 1020
548 448 1020
542 442 1020
245 145 1020
132 32 1020
241 141 1020
469 369 1020
411 311 1018
394 294 1018
482 382 1018
534 434 1018
368 268 1016
525 425 1016
223 123 1016
113 13 1016
265 165 1014
403 303 1014
575 475 1014
183 83 1014
132 32 1012
170 70 1012
518 418 1012
315 215 1012
123 23 1012
345 245 1010
433 333 1010
110 10 1010
466 366 1008
330 230 1008
451 351 1008
468 368 1008
539 439 1008
571 471 1008
514 414 1006
492 392 1006
416 316 1006
292 192 1006
281 181 1004
548 448 1004
543 443 1004
468 368 1004
336 236 1002
477 377 1002
148 48 1002
198 98 1000
291 191 1000
183 83 1000
448 348 1000
572 472 1000
458 358 996
299 199 996
310 210 996
351 251 994
219 119 994
535 435 994
118 18 992
554 454 992
343 243 990
362 262 990
356 256 988
236 136 986
493 393 986
457 357 986
516 416 986
348 248 984
587 487 984
474 374 984
415 315 984
412 312 982
317 217 980
463 363 980
581 481 980
592 492 980
183 83 980
362 262 980
137 37 980
500 400 980
508 408 980
209 109 978
372 272 978
453 353 978
490 390 978
356 256 978
450 350 976
523 423 976
167 67 976
123 23 974
532 432 974
536 436 974
410 310 972
609 509 972
290 190 972
264 164 972
404 304 972
188 88 972
241 141 972
322 222 968
112 12 968
399 299 968
613 513 966
576 476 966
309 209 964
322 222 964
353 253 964
297 197 964
289 189 962
216 116 962
415 315 958
241 141 958
433 333 958
265 165 956
253 153 956
563 463 956
246 146 954
164 64 954
235 135 954
436 336 954
514 414 954
318 218 954
137 37 954
468 368 954
242 142 952
296 196 952
530 430 952
485 385 952
214 114 950
295 195 948
538 438 948
430 330 946
623 523 946
454 354 946
509 409 946
360 260 944
582 482 944
469 369 944
494 394 944
486 386 944
129 29 944
518 418 944
123 23 942
134 34 942
452 352 942
275 175 942
203 103 942
506 406 942
102 2 942
498 398 940
619 519 940
439 339 940
465 365 940
433 333 938
334 234 938
315 215 938
499 399 938
574 474 938
522 422 938
417 317 936
460 360 936
626 526 936
572 472 934
306 206 934
583 483 934
160 60 934
548 448 934
244 144 934
568 468 932
335 235 932
263 163 932
155 55 932
230 130 930
627 527 930
525 425 930
245 145 930
238 138 930
104 4 930
566 466 930
549 449 930
515 415 928
604 504 928
109 9 928
547 447 928
154 54 926
573 473 926
249 149 926
321 221 926
395 295 924
259 159 924
148 48 922
109 9 922
302 202 922
317 217 922
554 454 920
504 404 920
255 155 918
600 500 918
575 475 918
551 451 916
196 96 916
485 385 914
312 212 914
394 294 914
594 494 914
183 83 912
170 70 912
579 479 912
630 530 912
437 337 910
435 335 910
460 360 910
639 539 910
305 205 910
279 179 910
448 348 908
177 77 908
605 505 908
512 412 908
585 485 908
631 531 906
197 97 904
151 51 904
517 417 904
620 520 902
250 150 900
631 531 900
536 436 900
420 320 900
547 447 900
116 16 900
326 226 900
443 343 900
177 77 898
155 55 898
198 98 898
629 529 896
267 167 896
392 292 896
609 509 896
650 550 896
495 395 896
134 34 896
508 408 892
643 543 892
211 111 892
627 527 890
592 492 890
628 528 888
511 411 888
643 543 888
398 298 888
120 20 888
425 325 886
513 413 886
498 398 886
364 264 886
504 404 886
154 54 886
379 279 884
337 237 884
146 46 884
486 386 884
600 500 884
472 372 884
278 178 882
530 430 882
311 211 882
161 61 882
452 352 880
528 428 880
560 460 880
466 366 880
526 426 880
540 440 880
493 393 878
296 196 878
152 52 878
505 405 878
439 339 878
354 254 878
391 291 876
586 486 876
604 504 876
423 323 876
451 351 874
571 471 874
624 524 874
563 463 874
626 526 874
589 489 872
622 522 872
663 563 870
496 396 870
626 526 868
192 92 868
153 53 868
451 351 868
580 480 868
640 540 866
620 520 866
643 543 866
611 511 864
221 121 864
340 240 864
608 508 864
394 294 864
603 503 862
415 315 862
143 43 862
401 301 860
133 33 860
182 82 860
271 171 860
360 260 860
451 351 860
283 183 858
660 560 856
494 394 856
109 9 856
618 518 856
113 13 856
326 226 856
249 149 856
550 450 854
348 248 854
616 516 854
650 550 854
437 337 852
577 477 852
503 403 852
639 539 852
379 279 850
562 462 850
496 396 850
230 130 848
657 557 848
593 493 848
285 185 846
643 543 846
101 1 844
257 157 844
676 576 844
375 275 844
353 253 844
105 5 842
162 62 842
543 443 840
312 212 840
659 559 840
522 422 840
358 258 840
256 156 840
256 156 838
393 293 838
600 500 838
395 295 836
603 503 836
453 353 836
205 105 836
644 544 836
630 530 834
515 415 834
232 132 834
179 79 834
674 574 832
638 538 832
311 211 832
440 340 832
644 544 830
591 491 830
495 395 830
377 277 830
565 465 830
642 542 830
614 514 828
569 469 828
670 570 828
578 478 826
179 79 826
238 138 824
221 121 822
121 21 822
126 26 822
310 210 822
324 224 820
101 1 820
585 485 820
209 109 820
487 387 818
663 563 818
305 205 816
441 341 816
528 428 814
574 474 814
559 459 814
558 458 814
439 339 814
512 412 814
332 232 812
170 70 812
546 446 812
175 75 812
586 486 810
195 95 810
681 581 808
453 353 808
628 528 808
471 371 808
162 62 808
554 454 808
299 199 808
315 215 808
288 188 806
141 41 806
463 363 806
111 11 806
370 270 806
670 570 806
602 502 804
444 344 804
552 452 804
662 562 804
655 555 802
680 580 802
236 136 802
349 249 800
679 579 800
444 344 800
253 153 800
232 132 796
516 416 796
585 485 796
311 211 796
282 182 796
347 247 796
466 366 796
325 225 796
522 422 794
481 381 794
461 361 794
524 424 794
553 453 794
235 135 794
151 51 792
222 122 792
528 428 792
462 362 792
565 465 792
370 270 792
314 214 792
551 451 792
210 110 792
610 510 792
391 291 790
234 134 790
389 289 790
315 215 790
630 530 790
693 593 788
107 7 788
589 489 788
688 588 788
185 85 788
609 509 788
680 580 788
345 245 786
601 501 786
302 202 786
291 191 786
252 152 786
631 531 786
706 606 784
113 13 784
689 589 784
303 203 784
697 597 784
405 305 782
223 123 782
237 137 782
399 299 780
207 107 780
348 248 780
320 220 780
372 272 780
687 587 780
433 333 778
202 102 778
615 515 778
527 427 778
640 540 778
277 177 776
117 17 776
290 190 776
456 356 776
610 510 774
599 499 774
150 50 774
225 125 774
445 345 774
594 494 774
352 252 774
570 470 774
630 530 774
318 218 772
588 488 772
564 464 772
368 268 772
361 261 772
410 310 770
652 552 770
590 490 770
150 50 770
260 160 770
473 373 770
622 522 768
684 584 766
406 306 766
398 298 766
128 28 766
659 559 766
712 612 766
689 589 764
592 492 764
598 498 764
591 491 764
616 516 764
713 613 762
160 60 762
521 421 760
677 577 760
654 554 760
258 158 760
572 472 760
421 321 760
676 576 758
321 221 758
497 397 758
424 324 756
116 16 756
590 490 756
490 390 756
122 22 756
568 468 756
474 374 754
233 133 754
157 57 752
418 318 752
248 148 752
572 472 752
664 564 752
419 319 750
600 500 750
544 444 750
534 434 750
661 561 750
250 150 750
382 282 750
427 327 748
386 286 748
647 547 748
684 584 748
683 583 748
338 238 746
608 508 746
564 464 746
436 336 746
292 192 746
368 268 746
417 317 744
173 73 744
273 173 744
560 460 744
571 471 742
306 206 742
666 566 742
387 287 742
445 345 740
606 506 740
682 582 740
519 419 740
695 595 740
694 594 738
261 161 738
637 537 738
713 613 738
273 173 736
659 559 736
175 75 736
584 484 736
618 518 736
564 464 734
530 430 734
625 525 734
210 110 734
177 77 734
543 443 734
663 563 734
582 482 732
245 145 732
154 54 732
719 619 732
337 237 732
443 343 730
671 571 730
412 312 730
578 478 730
321 221 730
561 461 728
148 48 728
651 551 728
126 26 728
453 353 728
144 44 728
428 328 728
504 404 728
451 351 728
513 413 728
695 595 726
501 401 726
562 462 726
716 616 726
569 469 726
530 430 724
726 626 724
396 296 724
665 565 724
675 575 724
630 530 724
593 493 724
199 99 724
588 488 724
445 345 722
116 16 720
596 496 720
709 609 720
711 611 720
614 514 720
587 487 718
567 467 718
281 181 718
682 582 718
451 351 718
332 232 718
688 588 718
343 243 718
689 589 716
732 632 714
389 289 714
333 233 714
254 154 712
351 251 712
735 635 712
625 525 712
695 595 712
504 404 712
710 610 712
702 602 710
264 164 710
605 505 710
419 319 710
549 449 710
683 583 710
549 449 710
123 23 710
487 387 710
649 549 710
596 496 708
620 520 708
478 378 708
503 403 708
512 412 706
472 372 706
746 646 706
688 588 706
461 361 706
730 630 704
423 323 704
744 644 704
579 479 702
716 616 702
670 570 702
364 264 702
616 516 702
321 221 700
147 47 700
422 322 700
542 442 700
326 226 700
697 597 700
569 469 698
345 245 696
711 611 696
530 430 696
656 556 696
244 144 696
235 135 696
282 182 694
401 301 694
454 354 694
690 590 694
521 421 694
483 383 694
522 422 694
488 388 692
470 370 692
220 120 692
171 71 692
208 108 692
744 644 692
516 416 692
694 594 692
125 25 690
411 311 690
540 440 690
713 613 690
574 474 690
474 374 690
668 568 688
611 511 688
534 434 688
658 558 688
196 96 688
409 309 688
559 459 688
751 651 686
273 173 686
451 351 686
355 255 684
490 390 684
603 503 684
666 566 684
422 322 684
416 316 684
755 655 684
107 7 684
648 548 682
670 570 682
456 356 682
418 318 682
195 95 680
539 439 680
645 545 680
181 81 680
133 33 680
744 644 680
313 213 680
725 625 678
372 272 678
604 504 678
413 313 678
489 389 678
717 617 678
751 651 678
632 532 678
384 284 676
319 219 676
452 352 676
335 235 676
401 301 676
296 196 674
472 372 674
449 349 674
611 511 674
599 499 674
419 319 674
593 493 674
642 542 672
187 87 672
299 199 672
755 655 672
544 444 670
688 588 670
310 210 670
729 629 668
532 432 668
630 530 668
490 390 668
680 580 668
747 647 668
751 651 668
168 68 668
615 515 666
120 20 666
398 298 666
104 4 666
500 400 666
117 17 666
320 220 666
323 223 664
454 354 664
381 281 664
643 543 664
742 642 664
333 233 662
763 663 662
753 653 662
625 525 660
101 1 660
585 485 660
276 176 660
205 105 660
389 289 658
259 159 658
354 254 658
561 461 656
579 479 656
641 541 656
744 644 656
639 539 654
735 635 654
554 454 654
649 549 654
525 425 654
678 578 654
703 603 654
645 545 652
131 31 652
602 502 652
300 200 652
751 651 650
361 261 650
381 281 650
319 219 650
144 44 650
192 92 648
651 551 648
600 500 648
747 647 648
448 348 646
438 338 646
271 171 646
602 502 644
539 439 644
604 504 644
477 377 644
505 405 644
361 261 644
255 155 644
245 145 644
245 145 642
664 564 642
730 630 642
732 632 642
743 643 640
722 622 640
569 469 640
692 592 640
367 267 640
371 271 640
137 37 640
407 307 638
290 190 638
433 333 638
705 605 638
360 260 638
678 578 638
576 476 638
569 469 638
672 572 636
518 418 636
134 34 636
513 413 636
649 549 636
669 569 636
337 237 636
603 503 636
767 667 636
394 294 634
364 264 634
717 617 634
369 269 634
723 623 634
635 535 634
362 262 634
653 553 634
751 651 634
271 171 634
656 556 634
583 483 632
512 412 632
522 422 632
356 256 632
625 525 632
186 86 632
196 96 632
491 391 632
738 638 630
764 664 630
151 51 630
755 655 630
781 681 630
480 380 630
419 319 630
268 168 630
400 300 630
450 350 630
253 153 628
384 284 628
300 200 628
656 556 628
530 430 628
714 614 628
510 410 628
748 648 628
722 622 628
463 363 628
517 417 628
148 48 626
172 72 626
706 606 626
689 589 626
417 317 626
472 372 626
684 584 626
772 672 626
705 605 626
707 607 626
439 339 624
572 472 624
131 31 624
714 614 624
693 593 624
423 323 624
576 476 624
381 281 624
549 449 622
691 591 622
568 468 622
492 392 622
124 24 622
701 601 622
252 152 622
747 647 620
365 265 620
460 360 620
668 568 620
746 646 620
351 251 620
302 202 620
778 678 618
779 679 618
480 380 618
742 642 618
457 357 618
789 689 616
639 539 616
401 301 616
715 615 616
640 540 616
736 636 614
644 544 614
257 157 614
189 89 614
343 243 614
352 252 612
510 410 612
136 36 612
728 628 612
569 469 612
772 672 612
616 516 612
506 406 612
401 301 610
538 438 610
406 306 610
226 126 610
762 662 610
188 88 610
390 290 608
737 637 608
772 672 608
741 641 608
326 226 608
241 141 608
393 293 608
743 643 608
651 551 606
444 344 606
616 516 606
257 157 604
496 396 604
260 160 604
643 543 604
761 661 604
522 422 604
412 312 604
166 66 602
775 675 602
668 568 602
342 242 602
125 25 600
640 540 600
567 467 600
440 340 600
367 267 598
665 565 598
406 306 598
579 479 598
691 591 596
391 291 596
199 99 596
407 307 594
496 396 594
195 95 594
758 658 594
172 72 594
394 294 594
590 490 594
799 699 594
784 684 594
734 634 594
788 688 594
735 635 594
696 596 594
504 404 594
544 444 594
570 470 592
568 468 592
632 532 592
586 486 592
775 675 592
401 301 592
769 669 590
326 226 590
259 159 590
776 676 588
625 525 588
704 604 586
335 235 586
791 691 586
555 455 586
345 245 584
772 672 584
803 703 584
158 58 582
282 182 582
275 175 582
378 278 582
311 211 580
462 362 580
681 581 580
129 29 578
762 662 578
478 378 578
735 635 578
528 428 578
719 619 578
691 591 578
486 386 578
170 70 576
243 143 576
682 582 576
655 555 576
678 578 574
365 265 574
344 244 574
554 454 572
703 603 572
703 603 572
614 514 572
689 589 570
258 158 570
713 613 570
183 83 568
801 701 568
607 507 568
809 709 568
505 405 568
372 272 566
249 149 566
778 678 566
185 85 566
812 712 566
692 592 566
456 356 566
536 436 566
634 534 566
199 99 566
338 238 566
605 505 564
236 136 564
546 446 564
752 652 564
703 603 564
699 599 564
535 435 564
763 663 562
790 690 562
709 609 562
744 644 562
614 514 562
624 524 562
481 381 562
536 436 562
339 239 562
490 390 562
196 96 562
309 209 562
643 543 562
496 396 562
764 664 560
567 467 560
797 697 560
492 392 560
690 590 560
708 608 560
565 465 560
785 685 560
754 654 560
663 563 560
817 717 560
587 487 558
414 314 558
596 496 558
690 590 558
796 696 558
600 500 558
689 589 558
766 666 556
696 596 556
462 362 556
714 614 556
718 618 556
484 384 556
160 60 554
519 419 554
508 408 554
614 514 554
768 668 554
387 287 554
719 619 554
341 241 552
175 75 552
417 317 552
653 553 552
421 321 552
577 477 552
715 615 552
810 710 552
777 677 552
637 537 552
133 33 550
564 464 550
800 700 550
679 579 550
162 62 550
804 704 550
805 705 550
703 603 548
572 472 548
278 178 548
734 634 548
704 604 548
518 418 548
658 558 546
227 127 546
718 618 546
795 695 546
340 240 546
214 114 546
807 707 544
498 398 544
356 256 544
516 416 542
508 408 542
677 577 542
710 610 542
629 529 542
827 727 542
733 633 542
520 420 540
627 527 540
463 363 540
320 220 540
761 661 538
817 717 538
648 548 538
674 574 538
214 114 538
346 246 538
742 642 538
406 306 538
688 588 538
106 6 536
742 642 536
762 662 536
155 55 534
375 275 534
759 659 534
334 234 534
238 138 532
743 643 532
424 324 532
480 380 532
350 250 532
758 658 532
393 293 530
393 293 530
745 645 530
283 183 528
748 648 528
572 472 528
642 542 528
486 386 528
509 409 528
151 51 528
108 8 528
818 718 528
248 148 528
564 464 526
788 688 526
786 686 526
271 171 526
709 609 526
790 690 526
677 577 526
417 317 526
750 650 524
305 205 524
688 588 524
809 709 524
754 654 524
514 414 524
268 168 522
595 495 522
691 591 522
750 650 522
483 383 522
761 661 522
815 715 522
589 489 520
390 290 520
446 346 520
263 163 520
199 99 520
399 299 520
653 553 520
760 660 520
194 94 518
839 739 518
510 410 518
219 119 518
773 673 518
797 697 518
800 700 516
830 730 516
815 715 516
467 367 516
333 233 516
329 229 516
655 555 516
244 144 516
130 30 514
838 738 514
667 567 514
832 732 514
371 271 514
236 136 514
707 607 512
639 539 512
278 178 512
837 737 512
581 481 510
446 346 510
254 154 510
757 657 510
824 724 510
706 606 510
365 265 510
215 115 510
751 651 508
676 576 508
401 301 508
273 173 508
827 727 508
199 99 508
753 653 506
722 622 506
705 605 506
707 607 506
571 471 506
412 312 504
649 549 504
425 325 504
842 742 504
833 733 504
249 149 504
739 639 504
262 162 504
783 683 502
675 575 502
605 505 502
565 465 502
761 661 500
592 492 500
172 72 500
262 162 500
183 83 500
798 698 500
450 350 500
178 78 498
427 327 498
391 291 498
208 108 496
836 736 496
849 749 496
780 680 496
823 723 496
638 538 496
148 48 496
430 330 496
839 739 494
797 697 494
383 283 494
329 229 494
217 117 494
796 696 494
611 511 494
581 481 494
838 738 494
763 663 494
619 519 494
837 737 492
272 172 492
762 662 492
828 728 492
236 136 492
805 705 492
835 735 492
687 587 492
503 403 492
278 178 492
688 588 492
221 121 492
516 416 490
430 330 490
183 83 490
491 391 490
216 116 490
568 468 490
635 535 490
249 149 488
540 440 488
371 271 488
479 379 488
180 80 488
713 613 488
208 108 486
196 96 486
514 414 486
828 728 486
696 596 486
790 690 486
519 419 486
634 534 484
312 212 484
853 753 484
275 175 482
834 734 482
584 484 482
822 722 482
591 491 482
534 434 482
153 53 482
648 548 482
102 2 482
764 664 480
678 578 480
836 736 480
787 687 480
308 208 480
710 610 478
228 128 478
222 122 478
768 668 476
382 282 476
261 161 476
161 61 476
114 14 476
610 510 476
260 160 476
559 459 476
710 610 474
695 595 474
593 493 474
451 351 474
496 396 474
344 244 474
544 444 474
194 94 474
839 739 474
413 313 472
643 543 472
387 287 472
572 472 472
835 735 470
370 270 470
428 328 470
252 152 470
451 351 470
848 748 468
689 589 468
399 299 468
550 450 466
727 627 466
566 466 466
501 401 466
477 377 466
166 66 466
608 508 464
585 485 464
101 1 464
789 689 464
501 401 464
718 618 464
413 313 464
168 68 464
866 766 464
725 625 464
822 722 464
714 614 464
676 576 464
616 516 462
829 729 462
701 601 462
154 54 462
816 716 462
217 117 462
373 273 462
728 628 462
779 679 460
839 739 460
822 722 460
611 511 460
112 12 460
747 647 460
243 143 460
694 594 460
418 318 460
554 454 458
201 101 458
784 684 458
621 521 458
302 202 458
755 655 458
479 379 456
328 228 456
366 266 456
854 754 456
276 176 456
772 672 456
858 758 454
580 480 454
496 396 454
281 181 454
676 576 454
498 398 454
827 727 452
491 391 452
263 163 452
657 557 452
197 97 452
311 211 452
656 556 452
753 653 450
666 566 450
472 372 450
612 512 450
694 594 448
832 732 448
557 457 448
305 205 448
766 666 448
874 774 446
686 586 446
364 264 446
369 269 446
455 355 446
180 80 446
443 343 446
660 560 446
861 761 444
444 344 444
621 521 444
663 563 444
613 513 444
657 557 444
525 425 442
294 194 442
813 713 442
498 398 440
323 223 440
630 530 440
302 202 440
581 481 440
304 204 440
577 477 440
676 576 440
875 775 440
792 692 440
854 754 438
758 658 438
827 727 438
716 616 438
547 447 438
788 688 438
709 609 438
287 187 438
801 701 436
405 305 436
534 434 436
799 699 436
870 770 436
107 7 436
762 662 436
833 733 436
564 464 436
857 757 434
808 708 434
655 555 434
511 411 434
589 489 434
670 570 434
874 774 434
305 205 434
634 534 434
237 137 434
751 651 434
519 419 434
740 640 434
548 448 432
222 122 432
807 707 432
206 106 432
874 774 432
468 368 432
154 54 432
190 90 432
631 531 432
794 694 432
460 360 430
464 364 430
875 775 430
781 681 430
779 679 430
488 388 430
160 60 430
720 620 428
693 593 428
238 138 428
398 298 428
418 318 428
750 650 428
194 94 428
544 444 428
446 346 428
806 706 426
821 721 426
879 779 426
600 500 426
764 664 426
696 596 426
841 741 426
478 378 426
569 469 426
173 73 426
582 482 426
282 182 426
852 752 424
749 649 424
816 716 424
459 359 424
853 753 424
703 603 424
691 591 424
716 616 424
725 625 424
325 225 424
636 536 424
303 203 422
690 590 422
391 291 422
648 548 422
768 668 422
162 62 420
744 644 420
548 448 420
511 411 420
831 731 420
848 748 420
703 603 420
517 417 418
673 573 418
568 468 418
758 658 418
706 606 418
153 53 418
694 594 418
731 631 418
330 230 418
817 717 418
885 785 418
206 106 416
302 202 416
662 562 416
632 532 416
479 379 416
719 619 416
287 187 416
779 679 416
636 536 416
455 355 416
511 411 416
609 509 416
819 719 416
474 374 414
225 125 414
729 629 414
688 588 414
788 688 414
352 252 414
513 413 414
582 482 414
832 732 412
335 235 412
427 327 412
167 67 412
495 395 412
103 3 412
511 411 412
550 450 412
421 321 410
834 734 410
769 669 410
640 540 410
487 387 408
246 146 408
553 453 408
244 144 406
411 311 406
324 224 406
533 433 406
804 704 406
875 775 406
187 87 404
825 725 404
272 172 404
785 685 404
184 84 404
321 221 404
430 330 404
804 704 402
735 635 402
263 163 402
801 701 402
860 760 402
461 361 402
385 285 400
754 654 400
418 318 400
663 563 400
631 531 400
414 314 400
279 179 398
880 780 398
814 714 398
308 208 398
366 266 398
867 767 398
748 648 398
416 316 396
623 523 396
487 387 396
786 686 396
361 261 396
152 52 394
739 639 394
712 612 394
753 653 394
810 710 394
893 793 394
780 680 394
867 767 394
659 559 394
849 749 394
699 599 392
837 737 392
879 779 392
790 690 392
875 775 392
187 87 392
897 797 392
731 631 392
567 467 392
610 510 390
903 803 388
447 347 390
848 748 390
334 234 390
574 474 390
440 340 390
786 686 388
709 609 388
419 319 388
860 760 388
525 425 388
684 584 388
859 759 388
615 515 388
445 345 388
587 487 388
662 562 388
670 570 388
763 663 386
641 541 386
353 253 386
462 362 386
498 398 386
558 458 386
490 390 386
508 408 386
794 694 386
878 778 386
101 1 386
793 693 386
695 595 386
739 639 386
489 389 386
765 665 386
610 510 384
784 684 384
542 442 384
834 734 384
363 263 384
482 382 382
465 365 382
356 256 382
775 675 382
820 720 382
149 49 382
584 484 382
664 564 382
619 519 380
870 770 380
789 689 380
458 358 380
700 600 380
248 148 380
892 792 380
166 66 380
750 650 378
599 499 378
867 767 378
815 715 378
692 592 378
695 595 378
250 150 378
727 627 376
299 199 376
581 481 376
819 719 376
819 719 376
904 804 376
247 147 376
681 581 376
882 782 376
625 525 376
897 797 376
524 424 376
832 732 376
805 705 376
311 211 376
867 767 376
180 80 376
234 134 374
527 427 374
613 513 374
790 690 374
862 762 374
779 679 374
658 558 374
638 538 374
426 326 372
204 104 372
515 415 372
435 335 372
852 752 372
302 202 372
780 680 372
562 462 372
209 109 372
635 535 370
717 617 370
812 712 370
849 749 370
658 558 370
300 200 370
367 267 370
783 683 368
194 94 368
910 810 361
423 323 368
882 782 368
361 261 368
480 380 368
806 706 368
892 792 368
550 450 366
833 733 366
521 421 366
915 815 342
745 645 364
696 596 364
411 311 364
455 355 364
407 307 364
900 800 364
518 418 364
630 530 364
657 557 364
909 809 364
453 353 362
610 510 362
371 271 362
719 619 362
209 109 362
728 628 362
590 490 362
462 362 362
848 748 360
237 137 360
899 799 360
856 756 360
807 707 360
762 662 360
479 379 358
757 657 358
423 323 358
588 488 358
499 399 358
800 700 358
496 396 358
703 603 358
853 753 358
793 693 358
196 96 358
288 188 358
195 95 356
455 355 356
194 94 356
667 567 356
750 650 356
834 734 356
293 193 356
315 215 356
357 257 356
225 125 354
782 682 354
769 669 354
908 808 354
364 264 354
748 648 354
923 823 313
112 12 352
488 388 352
337 237 352
810 710 352
869 769 352
415 315 352
575 475 352
227 127 350
901 801 350
185 85 350
599 499 350
336 236 350
643 543 350
897 797 350
851 751 350
719 619 350
574 474 348
457 357 348
605 505 348
238 138 348
772 672 348
171 71 348
681 581 348
767 667 346
912 812 346
859 759 346
765 665 346
645 545 346
608 508 346
732 632 346
142 42 346
353 253 346
905 805 344
723 623 344
845 745 344
872 772 344
725 625 344
749 649 344
671 571 344
391 291 344
612 512 344
596 496 344
491 391 344
836 736 344
130 30 344
848 748 342
369 269 342
684 584 340
304 204 340
561 461 340
894 794 340
927 827 299
922 822 316
862 762 340
918 818 331
568 468 340
737 637 340
515 415 340
856 756 340
902 802 340
876 776 340
695 595 340
653 553 340
424 324 340
882 782 340
867 767 338
587 487 338
157 57 338
751 651 338
433 333 338
755 655 338
766 666 338
280 180 338
809 709 338
748 648 338
723 623 338
825 725 336
577 477 336
877 777 336
140 40 336
806 706 336
683 583 336
832 732 336
822 722 336
842 742 336
407 307 334
826 726 334
749 649 334
699 599 334
898 798 334
813 713 334
813 713 332
806 706 332
730 630 332
895 795 332
841 741 332
404 304 332
377 277 332
884 784 332
513 413 332
729 629 330
381 281 330
109 9 330
896 796 330
388 288 330
261 161 328
916 816 328
920 820 324
529 429 328
873 773 328
670 570 328
917 817 328
632 532 328
920 820 324
604 504 328
727 627 328
932 832 282
354 254 328
469 369 328
918 818 328
205 105 328
819 719 328
205 105 326
590 490 326
300 200 326
774 674 326
864 764 326
664 564 326
320 220 324
510 410 324
876 776 324
522 422 324
576 476 324
935 835 272
611 511 324
356 256 324
864 764 322
911 811 322
888 788 322
104 4 322
863 763 322
852 752 322
469 369 322
852 752 322
760 660 322
565 465 322
276 176 322
928 828 295
528 428 322
890 790 322
575 475 322
407 307 322
834 734 320
572 472 320
313 213 320
788 688 320
897 797 320
535 435 320
598 498 318
837 737 318
913 813 318
848 748 318
413 313 318
819 719 318
235 135 318
607 507 318
898 798 318
700 600 318
450 350 318
843 743 318
256 156 318
442 342 318
569 469 318
779 679 316
839 739 316
216 116 316
632 532 314
849 749 314
925 825 306
722 622 314
673 573 314
734 634 314
620 520 314
298 198 312
786 686 312
426 326 312
597 497 312
748 648 312
598 498 312
567 467 312
897 797 312
428 328 310
820 720 310
449 349 310
765 665 310
505 405 310
791 691 310
543 443 310
754 654 308
777 677 308
833 733 308
455 355 308
540 440 308
885 785 308
783 683 308
880 780 308
849 749 308
110 10 308
523 423 306
887 787 306
943 843 246
902 802 306
674 574 306
716 616 306
861 761 306
692 592 306
432 332 306
214 114 304
574 474 304
206 106 304
942 842 249
680 580 304
908 808 304
913 813 304
885 785 304
550 450 302
858 758 302
807 707 302
159 59 302
772 672 302
753 653 302
336 236 302
930 830 289
222 122 300
555 455 300
840 740 300
301 201 300
934 834 275
659 559 298
757 657 298
410 310 298
416 316 298
862 762 298
120 20 298
181 81 296
306 206 296
901 801 296
535 435 296
449 349 296
859 759 296
790 690 296
821 721 296
832 732 296
584 484 296
434 334 296
393 293 296
947 847 234
782 682 294
143 43 294
611 511 294
596 496 294
814 714 294
311 211 294
496 396 294
514 414 294
166 66 294
547 447 294
931 831 285
755 655 294
571 471 292
850 750 292
811 711 292
885 785 292
863 763 292
624 524 292
890 790 292
519 419 292
234 134 292
882 782 292
237 137 290
926 826 290
894 794 290
667 567 290
872 772 290
126 26 290
669 569 290
826 726 290
873 773 290
103 3 290
185 85 290
930 830 289
504 404 290
836 736 288
925 825 288
902 802 288
935 835 272
800 700 288
375 275 288
715 615 288
937 837 265
930 830 288
724 624 288
697 597 288
939 839 259
378 278 286
492 392 286
926 826 286
673 573 286
705 605 286
724 624 286
654 554 286
468 368 286
782 682 286
833 733 286
432 332 286
919 819 284
562 462 284
758 658 284
948 848 231
442 342 284
945 845 240
922 822 284
530 430 284
498 398 284
948 848 231
948 848 231
681 581 282
946 846 237
930 830 282
328 228 282
490 390 282
131 31 282
589 489 282
483 383 282
778 678 282
538 438 280
689 589 280
930 830 280
739 639 280
841 741 280
129 29 280
857 757 280
951 851 222
499 399 278
480 380 278
960 860 196
357 257 278
699 599 278
953 853 216
841 741 278
646 546 278
165 65 276
856 756 276
919 819 276
317 217 276
900 800 276
414 314 276
713 613 276
782 682 276
670 570 276
798 698 276
573 473 276
846 746 276
464 364 276
903 803 276
829 729 276
884 784 274
874 774 274
114 14 274
855 755 274
956 856 207
509 409 274
907 807 274
950 850 225
730 630 274
495 395 274
846 746 274
825 725 274
770 670 274
877 777 272
942 842 249
740 640 272
491 391 272
356 256 272
706 606 272
585 485 272
154 54 272
654 554 270
115 15 270
691 591 270
229 129 270
854 754 270
944 844 243
257 157 270
818 718 270
497 397 268
839 739 268
524 424 268
250 150 268
526 426 268
881 781 268
418 318 268
708 608 268
418 318 268
962 862 190
554 454 268
638 538 266
177 77 266
877 777 266
433 333 266
890 790 266
594 494 266
555 455 266
106 6 266
880 780 266
494 394 266
723 623 266
876 776 264
593 493 264
557 457 264
748 648 264
708 608 264
824 724 264
865 765 264
111 11 264
615 515 264
960 860 196
808 708 264
533 433 262
934 834 262
335 235 262
935 835 262
933 833 262
114 14 262
199 99 262
575 475 262
734 634 262
857 757 262
762 662 262
834 734 262
630 530 260
468 368 260
952 852 219
864 764 260
806 706 260
671 571 260
675 575 260
364 264 258
664 564 258
914 814 258
576 476 258
469 369 258
510 410 258
925 825 258
867 767 258
896 796 258
747 647 258
199 99 256
902 802 256
802 702 256
318 218 256
872 772 256
945 845 240
862 762 256
948 848 231
855 755 254
932 832 254
794 694 254
840 740 254
844 744 254
743 643 254
938 838 254
562 462 254
917 817 254
957 857 204
852 752 254
104 4 254
931 831 254
925 825 254
934 834 252
821 721 252
531 431 252
247 147 252
902 802 252
271 171 252
881 781 252
299 199 252
681 581 250
876 776 250
374 274 250
454 354 250
828 728 250
735 635 250
865 765 250
718 618 250
937 837 250
964 864 184
783 683 250
691 591 250
920 820 248
542 442 248
890 790 248
573 473 248
368 268 248
974 874 158
411 311 248
813 713 248
767 667 248
358 258 248
279 179 246
903 803 246
853 753 246
382 282 246
946 846 237
874 774 246
667 567 246
913 813 246
257 157 246
132 32 246
847 747 244
389 289 244
180 80 244
452 352 244
499 399 244
259 159 244
825 725 244
928 828 244
577 477 244
953 853 216
732 632 244
649 549 244
895 795 244
908 808 244
948 848 231
479 379 242
595 495 242
364 264 242
900 800 242
267 167 242
346 246 242
931 831 242
366 266 242
841 741 242
770 670 242
558 458 242
215 115 242
260 160 242
745 645 242
317 217 242
948 848 231
821 721 240
978 878 148
916 816 240
383 283 240
239 139 240
508 408 240
961 861 193
775 675 240
886 786 240
698 598 240
959 859 198
218 118 240
843 743 240
496 396 238
729 629 238
911 811 238
376 276 238
974 874 158
962 862 190
947 847 234
918 818 236
897 797 236
570 470 236
663 563 236
380 280 236
777 677 236
795 695 236
648 548 236
284 184 236
906 806 236
752 652 236
353 253 236
925 825 234
708 608 234
279 179 234
820 720 232
293 193 232
573 473 232
189 89 232
901 801 232
325 225 232
966 866 179
524 424 232
873 773 232
925 825 232
675 575 232
804 704 232
797 697 232
908 808 230
842 742 230
844 744 230
753 653 230
526 426 230
817 717 230
780 680 230
812 712 230
115 15 230
948 848 230
278 178 230
863 763 230
370 270 228
537 437 228
138 38 228
926 826 228
295 195 228
575 475 228
173 73 228
897 797 228
573 473 228
548 448 228
490 390 228
955 855 210
915 815 226
850 750 226
880 780 226
944 844 226
765 665 226
774 674 226
746 646 226
768 668 226
842 742 226
310 210 226
915 815 226
535 435 226
769 669 226
842 742 226
493 393 224
539 439 224
854 754 224
311 211 224
951 851 222
966 866 179
544 444 224
747 647 224
946 846 222
937 837 222
754 654 222
910 810 222
579 479 222
784 684 222
751 651 222
269 169 222
772 672 222
926 826 222
476 376 222
284 184 222
953 853 216
703 603 220
418 318 220
258 158 220
977 877 151
620 520 220
915 815 220
299 199 220
922 822 220
137 37 220
249 149 220
864 764 220
797 697 220
217 117 220
741 641 220
877 777 218
404 304 218
930 830 218
880 780 218
647 547 218
913 813 218
986 886 129
858 758 218
440 340 218
457 357 218
332 232 218
196 96 218
559 459 218
963 863 187
625 525 218
680 580 216
553 453 216
825 725 216
141 41 216
897 797 216
588 488 216
899 799 216
797 697 216
503 403 216
655 555 216
817 717 216
858 758 216
392 292 216
609 509 216
537 437 216
842 742 214
629 529 214
912 812 214
805 705 214
372 272 214
448 348 214
868 768 214
565 465 214
274 174 214
983 883 136
754 654 214
579 479 214
680 580 214
788 688 214
935 835 214
880 780 212
207 107 212
844 744 212
842 742 212
290 190 212
894 794 212
608 508 212
974 874 158
551 451 212
464 364 212
971 871 166
944 844 212
874 774 212
990 890 121
943 843 210
902 802 210
526 426 210
709 609 210
884 784 210
297 197 208
689 589 208
798 698 208
978 878 148
901 801 208
703 603 208
944 844 208
927 827 208
102 2 208
976 876 153
171 71 208
852 752 208
916 816 206
722 622 206
981 881 141
972 872 163
720 620 206
634 534 206
882 782 206
641 541 206
896 796 206
981 881 141
885 785 204
936 836 204
230 130 204
890 790 204
249 149 204
971 871 166
865 765 204
957 857 204
539 439 204
742 642 204
901 801 202
427 327 202
688 588 202
923 823 202
978 878 148
663 563 202
159 59 202
647 547 202
879 779 202
638 538 202
239 139 200
893 793 200
882 782 200
893 793 200
613 513 200
445 345 200
950 850 198
984 884 134
380 280 198
990 890 121
940 840 198
776 676 198
673 573 198
870 770 198
897 797 198
483 383 198
906 806 198
979 879 146
311 211 198
134 34 198
865 765 196
1000 900 100
500 400 196
645 545 196
698 598 196
476 376 196
787 687 196
686 586 196
874 774 196
759 659 196
796 696 196
354 254 196
920 820 194
576 476 194
886 786 194
557 457 194
993 893 114
839 739 194
645 545 194
972 872 163
977 877 151
945 845 194
671 571 194
667 567 194
492 392 194
992 892 116
573 473 194
421 321 194
908 808 192
985 885 132
619 519 192
113 13 192
406 306 192
774 674 192
214 114 192
240 140 192
536 436 192
926 826 192
976 876 153
980 880 144
825 725 192
417 317 192
610 510 190
834 734 190
990 890 121
720 620 190
382 282 190
978 878 148
207 107 190
348 248 190
637 537 190
1001 901 98
915 815 188
390 290 188
297 197 188
557 457 188
904 804 188
167 67 188
876 776 188
630 530 186
486 386 186
428 328 186
768 668 186
772 672 186
219 119 186
640 540 186
205 105 186
629 529 186
196 96 186
584 484 184
1002 902 96
993 893 114
1001 901 98
1001 901 98
903 803 184
966 866 179
870 770 184
402 302 184
996 896 108
539 439 184
831 731 184
911 811 184
452 352 184
770 670 184
246 146 184
889 789 184
799 699 184
510 410 182
770 670 182
943 843 182
917 817 182
994 894 112
596 496 182
949 849 182
945 845 182
534 434 182
703 603 182
977 877 151
834 734 182
674 574 180
1002 902 96
1000 900 100
952 852 180
755 655 180
1000 900 100
309 209 180
480 380 180
906 806 180
882 782 178
366 266 178
939 839 178
802 702 178
206 106 178
703 603 178
980 880 144
458 358 178
713 613 178
779 679 178
636 536 178
899 799 178
959 859 176
789 689 176
690 590 176
878 778 176
991 891 118
990 890 121
268 168 176
935 835 176
893 793 176
775 675 174
918 818 174
625 525 174
960 860 174
759 659 174
983 883 136
910 810 174
662 562 174
880 780 174
977 877 151
670 570 174
974 874 158
979 879 146
976 876 153
442 342 172
983 883 136
715 615 172
620 520 172
842 742 172
887 787 172
461 361 172
141 41 172
510 410 172
406 306 172
864 764 172
816 716 172
272 172 170
741 641 170
995 895 110
206 106 170
543 443 170
337 237 170
598 498 170
281 181 168
907 807 168
433 333 168
1005 905 90
990 890 121
607 507 168
999 899 102
616 516 168
842 742 168
996 896 108
941 841 168
856 756 168
395 295 168
963 863 168
971 871 166
584 484 166
1004 904 92
856 756 166
964 864 166
252 152 166
755 655 166
188 88 166
108 8 166
349 249 166
862 762 166
790 690 166
706 606 166
577 477 166
448 348 166
875 775 164
730 630 164
1011 911 79
482 382 164
490 390 164
777 677 164
664 564 164
686 586 164
949 849 164
586 486 164
975 875 156
977 877 151
918 818 162
858 758 162
160 60 162
492 392 162
906 806 162
902 802 162
1017 917 68
1001 901 98
1011 911 79
858 758 160
916 816 160
822 722 160
392 292 160
620 520 160
939 839 158
178 78 158
705 605 158
792 692 158
594 494 158
922 822 158
832 732 158
977 877 151
321 221 158
940 840 158
761 661 158
1019 919 65
311 211 158
937 837 158
914 814 158
946 846 158
825 725 158
841 741 156
554 454 156
412 312 156
956 856 156
913 813 156
815 715 156
1017 917 68
975 875 156
927 827 156
333 233 156
397 297 156
652 552 156
603 503 156
824 724 156
149 49 156
828 728 156
903 803 156
937 837 156
631 531 156
1017 917 68
266 166 154
407 307 154
979 879 146
966 866 154
364 264 154
946 846 154
923 823 154
523 423 154
966 866 154
924 824 154
1007 907 86
622 522 154
999 899 102
891 791 154
359 259 152
731 631 152
300 200 152
649 549 152
780 680 152
783 683 152
857 757 152
902 802 152
841 741 152
1002 902 96
372 272 150
931 831 150
978 878 148
315 215 150
962 862 150
736 636 150
966 866 150
885 785 150
817 717 150
698 598 150
1006 906 88
623 523 150
502 402 148
556 456 148
968 868 148
384 284 148
980 880 144
685 585 148
348 248 148
974 874 148
328 228 148
464 364 148
264 164 148
494 394 146
721 621 146
784 684 146
980 880 144
1000 900 100
892 792 146
946 846 146
983 883 136
586 486 146
931 831 146
973 873 144
378 278 144
929 829 144
412 312 144
959 859 144
866 766 144
711 611 144
341 241 144
330 230 142
931 831 142
203 103 142
386 286 142
815 715 142
668 568 142
790 690 142
981 881 141
972 872 142
901 801 140
668 568 140
946 846 140
672 572 140
1027 927 53
613 513 140
808 708 140
1022 922 60
928 828 140
941 841 140
456 356 138
998 898 104
960 860 138
1001 901 98
477 377 138
947 847 138
256 156 138
861 761 138
577 477 138
994 894 112
713 613 138
892 792 138
807 707 138
956 856 138
343 243 138
315 215 138
840 740 138
732 632 138
903 803 138
587 487 138
948 848 136
821 721 136
612 512 136
637 537 136
965 865 136
1004 904 92
914 814 136
1024 924 57
399 299 136
1020 920 64
975 875 136
1030 930 49
1015 915 72
652 552 136
984 884 134
997 897 106
1022 922 60
381 281 134
758 658 134
608 508 134
950 850 134
957 857 134
655 555 134
539 439 134
644 544 134
977 877 134
582 482 134
997 897 106
247 147 134
851 751 132
106 6 132
816 716 132
863 763 132
801 701 132
1032 932 46
334 234 132
900 800 132
762 662 130
669 569 130
993 893 114
982 882 130
936 836 130
768 668 130
468 368 130
617 517 130
979 879 130
985 885 128
956 856 128
812 712 128
212 112 128
832 732 128
539 439 128
962 862 128
284 184 128
826 726 128
648 548 128
955 855 128
972 872 128
950 850 128
1032 932 46
934 834 126
1032 932 46
971 871 126
241 141 126
731 631 126
999 899 102
756 656 126
998 898 104
860 760 126
860 760 126
984 884 124
899 799 124
712 612 124
990 890 121
217 117 124
379 279 124
487 387 124
938 838 124
273 173 124
998 898 104
951 851 124
1013 913 75
899 799 122
813 713 122
1035 935 42
935 835 122
1018 918 67
995 895 110
333 233 122
618 518 122
668 568 122
961 861 122
598 498 120
809 709 120
577 477 120
1018 918 67
569 469 120
130 30 120
577 477 120
894 794 120
1031 931 47
510 410 120
741 641 120
999 899 102
926 826 118
912 812 118
695 595 118
859 759 118
910 810 118
563 463 118
976 876 118
151 51 118
116 16 118
997 897 106
373 273 118
1034 934 43
1009 909 82
1023 923 59
976 876 118
1030 930 49
1010 910 81
1014 914 73
145 45 116
425 325 116
853 753 116
270 170 116
864 764 116
1013 913 75
1012 912 77
736 636 116
746 646 116
392 292 116
999 899 102
955 855 116
325 225 114
280 180 114
1037 937 39
1035 935 42
682 582 114
1035 935 42
998 898 104
1004 904 92
984 884 114
1000 900 100
742 642 114
681 581 114
941 841 114
1030 930 49
214 114 114
977 877 114
1041 941 34
977 877 112
482 382 112
871 771 112
372 272 112
666 566 112
842 742 112
1000 900 100
970 870 112
973 873 112
457 357 112
435 335 112
926 826 112
946 846 112
483 383 112
923 823 112
984 884 110
1014 914 73
649 549 110
893 793 110
828 728 110
772 672 110
943 843 110
959 859 110
585 485 110
765 665 108
642 542 108
181 81 108
1036 936 40
392 292 108
572 472 108
931 831 108
957 857 108
1030 930 49
248 148 108
1044 944 31
762 662 108
181 81 108
943 843 106
985 885 106
1009 909 82
866 766 106
1001 901 98
773 673 106
777 677 106
1037 937 39
1043 943 32
878 778 106
915 815 104
367 267 104
594 494 104
613 513 104
770 670 104
938 838 104
317 217 104
452 352 104
1033 933 44
623 523 104
1029 929 50
233 133 104
1013 913 75
997 897 104
667 567 102
858 758 102
975 875 102
935 835 102
512 412 102
518 418 102
970 870 102
849 749 102
441 341 102
1038 938 38
873 773 102
386 286 102
958 858 102
916 816 102
256 156 102
654 554 100
1032 932 46
453 353 100
602 502 100
991 891 100
950 850 100
867 767 100
945 845 100
342 242 100
546 446 100
863 763 100
1023 923 59
888 788 100
1016 916 70
725 625 100
1017 917 68
172 72 100
244 144 100
959 859 100
1001 901 98
936 836 100
1011 911 79
961 861 100
813 713 100
840 740 98
944 844 98
228 128 98
1038 938 38
504 404 98
536 436 98
898 798 98
673 573 98
981 881 98
776 676 98
1042 942 33
442 342 98
1032 932 46
951 851 98
1026 926 54
298 198 98
985 885 98
914 814 98
1050 950 25
940 840 98
936 836 96
1018 918 67
725 625 96
734 634 96
1002 902 96
556 456 96
1038 938 38
728 628 96
1044 944 31
1027 927 53
159 59 96
411 311 96
534 434 96
1042 942 33
536 436 96
521 421 94
314 214 94
613 513 94
553 453 94
960 860 94
983 883 94
942 842 94
1048 948 27
829 729 94
1045 945 30
822 722 94
323 223 94
563 463 94
883 783 92
992 892 92
481 381 92
985 885 92
1018 918 67
740 640 92
954 854 92
998 898 92
1033 933 44
927 827 92
403 303 92
1007 907 86
1040 940 36
590 490 92
1021 921 62
476 376 90
1011 911 79
825 725 90
908 808 90
844 744 90
1002 902 90
722 622 90
958 858 90
424 324 90
628 528 90
744 644 90
990 890 88
980 880 88
781 681 88
941 841 88
1028 928 51
1003 903 88
871 771 88
1031 931 47
980 880 88
213 113 88
640 540 86
866 766 86
831 731 86
1041 941 34
1003 903 86
1026 926 54
941 841 86
961 861 86
433 333 86
875 775 86
1056 956 19
971 871 86
329 229 86
932 832 86
501 401 84
288 188 84
395 295 84
847 747 84
633 533 84
662 562 84
777 677 84
369 269 84
684 584 84
636 536 84
424 324 84
1056 956 19
796 696 84
611 511 84
1008 908 84
1011 911 79
858 758 84
876 776 84
1031 931 47
962 862 82
1055 955 20
963 863 82
953 853 82
1041 941 34
877 777 82
619 519 82
1002 902 82
754 654 82
684 584 82
945 845 82
502 402 82
267 167 82
1021 921 62
1057 957 18
888 788 82
783 683 82
1005 905 82
1018 918 67
1056 956 19
836 736 80
940 840 80
1035 935 42
1041 941 34
1022 922 60
952 852 80
472 372 80
1044 944 31
204 104 80
586 486 80
978 878 80
422 322 80
829 729 80
729 629 80
957 857 80
953 853 80
429 329 78
713 613 78
588 488 78
1015 915 72
531 431 78
989 889 78
150 50 78
851 751 78
910 810 78
1054 954 21
109 9 78
1060 960 16
514 414 78
993 893 78
1014 914 73
986 886 76
628 528 76
716 616 76
926 826 76
548 448 76
1009 909 76
1058 958 17
982 882 76
1049 949 26
892 792 76
582 482 76
1029 929 50
160 60 76
714 614 76
453 353 76
1024 924 57
1014 914 73
171 71 76
638 538 76
272 172 74
668 568 74
981 881 74
870 770 74
654 554 74
1032 932 46
822 722 74
918 818 74
902 802 74
619 519 74
1053 953 22
938 838 74
922 822 74
370 270 74
1049 949 26
199 99 74
860 760 72
927 827 72
1003 903 72
807 707 72
885 785 72
994 894 72
1046 946 29
389 289 72
873 773 72
1061 961 15
791 691 72
723 623 72
925 825 72
995 895 72
705 605 72
780 680 72
715 615 70
847 747 70
867 767 70
1053 953 22
967 867 70
1016 916 70
1047 947 28
1058 958 17
1054 954 21
829 729 70
901 801 70
1012 912 70
268 168 70
1018 918 67
988 888 68
885 785 68
665 565 68
933 833 68
623 523 68
840 740 68
1062 962 14
974 874 68
1005 905 68
1063 963 13
713 613 68
695 595 68
984 884 68
883 783 68
1016 916 68
1023 923 59
451 351 68
994 894 68
1028 928 51
953 853 68
145 45 68
1017 917 66
985 885 66
979 879 66
616 516 66
637 537 66
359 259 66
588 488 66
1012 912 66
841 741 66
855 755 66
987 887 66
533 433 66
788 688 66
993 893 66
631 531 66
833 733 66
989 889 66
982 882 66
1025 925 56
1022 922 60
1039 939 37
978 878 64
1016 916 64
1065 965 12
168 68 64
1065 965 12
145 45 64
840 740 64
1023 923 59
1036 936 40
844 744 64
589 489 64
1059 959 16
1016 916 64
726 626 64
589 489 64
659 559 64
1060 960 16
776 676 64
824 724 64
795 695 62
1031 931 47
279 179 62
840 740 62
844 744 62
264 164 62
351 251 62
187 87 62
769 669 62
538 438 62
1012 912 62
971 871 62
1001 901 62
1049 949 26
865 765 62
873 773 62
636 536 62
827 727 62
513 413 62
442 342 62
860 760 62
1050 950 25
1018 918 60
957 857 60
244 144 60
1066 966 11
832 732 60
580 480 60
814 714 60
1056 956 19
483 383 60
1060 960 16
388 288 60
569 469 60
154 54 60
979 879 60
792 692 60
923 823 58
397 297 58
846 746 58
1055 955 20
203 103 58
266 166 58
995 895 58
174 74 58
930 830 58
913 813 58
1065 965 12
638 538 58
863 763 58
969 869 58
998 898 58
857 757 58
1058 958 17
858 758 58
944 844 58
1050 950 25
558 458 56
1049 949 26
1070 970 9
663 563 56
198 98 56
1028 928 51
727 627 56
1012 912 56
987 887 56
997 897 56
970 870 56
899 799 56
1069 969 9
157 57 56
916 816 56
1040 940 36
1055 955 20
388 288 54
1068 968 10
870 770 54
839 739 54
934 834 54
957 857 54
967 867 54
533 433 54
1012 912 54
1060 960 16
1034 934 43
970 870 54
1056 956 19
638 538 54
890 790 54
513 413 52
1005 905 52
1060 960 16
836 736 52
1064 964 12
792 692 52
950 850 52
619 519 52
989 889 52
559 459 52
666 566 52
659 559 52
904 804 52
769 669 52
354 254 52
229 129 52
139 39 50
872 772 50
938 838 50
897 797 50
764 664 50
1054 954 21
863 763 50
1034 934 43
698 598 50
294 194 50
1041 941 34
830 730 50
1020 920 50
652 552 50
1053 953 22
1073 973 7
933 833 48
990 890 48
708 608 48
637 537 48
800 700 48
1049 949 26
391 291 48
361 261 48
763 663 48
1042 942 33
697 597 48
170 70 48
1054 954 21
796 696 48
738 638 46
773 673 46
1046 946 29
959 859 46
667 567 46
1009 909 46
1037 937 39
1047 947 28
993 893 46
635 535 46
661 561 46
308 208 46
1067 967 10
1059 959 16
806 706 46
227 127 46
905 805 46
1001 901 46
1076 976 5
120 20 44
1064 964 12
741 641 44
905 805 44
1077 977 5
1071 971 8
662 562 44
443 343 44
293 193 44
910 810 44
1062 962 14
979 879 44
1024 924 44
1070 970 9
514 414 44
825 725 44
129 29 42
820 720 42
1072 972 7
1064 964 12
1003 903 42
787 687 42
1051 951 24
324 224 42
1062 962 14
817 717 42
1066 966 11
1017 917 42
1036 936 40
1066 966 11
1057 957 18
973 873 42
861 761 42
539 439 42
1010 910 42
798 698 42
957 857 40
660 560 40
1028 928 40
1057 957 18
979 879 40
1073 973 7
1035 935 40
331 231 40
690 590 40
1056 956 19
1055 955 20
1071 971 8
980 880 40
893 793 40
1062 962 14
1077 977 5
1039 939 37
470 370 40
1031 931 40
1043 943 32
778 678 40
920 820 40
1005 905 40
573 473 40
1000 900 40
640 540 40
812 712 40
1052 952 23
489 389 38
1070 970 9
994 894 38
1040 940 36
199 99 38
1042 942 33
828 728 38
1062 962 14
395 295 38
482 382 38
1055 955 20
1002 902 38
1052 952 23
664 564 36
928 828 36
1076 976 5
1012 912 36
993 893 36
1032 932 36
1080 980 4
1071 971 8
1068 968 10
1031 931 36
722 622 36
111 11 36
1074 974 6
1036 936 36
1071 971 8
352 252 36
624 524 36
607 507 36
489 389 36
1058 958 17
1057 957 18
927 827 36
1075 975 6
324 224 36
1015 915 36
1026 926 36
1001 901 34
428 328 34
1076 976 5
869 769 34
381 281 34
662 562 34
1077 977 5
722 622 34
709 609 34
1070 970 9
493 393 34
692 592 34
144 44 34
776 676 34
1079 979 4
509 409 34
881 781 34
765 665 34
429 329 34
856 756 34
1082 982 3
888 788 34
634 534 32
943 843 32
1068 968 10
495 395 32
1027 927 32
933 833 32
481 381 32
1071 971 8
789 689 32
426 326 32
951 851 32
939 839 32
1059 959 16
606 506 32
886 786 32
220 120 32
758 658 32
677 577 32
1061 961 15
973 873 32
529 429 32
302 202 32
1050 950 25
1041 941 32
836 736 32
937 837 32
446 346 32
720 620 30
1025 925 30
845 745 30
768 668 30
964 864 30
740 640 30
1004 904 30
1069 969 9
848 748 30
388 288 30
770 670 30
1050 950 25
953 853 30
567 467 30
387 287 30
858 758 30
1084 984 2
468 368 30
813 713 30
1030 930 30
653 553 30
987 887 30
1076 976 5
406 306 30
1072 972 7
1053 953 22
1076 976 5
1010 910 30
1082 982 3
1082 982 3
788 688 28
792 692 28
1073 973 7
1078 978 4
811 711 28
942 842 28
938 838 28
1060 960 16
1051 951 24
1081 981 3
1032 932 28
167 67 28
1054 954 21
978 878 26
1063 963 13
585 485 26
539 439 26
775 675 26
908 808 26
435 335 26
549 449 26
611 511 26
1083 983 2
1069 969 9
1064 964 12
985 885 26
858 758 26
794 694 26
1086 986 1
538 438 24
1069 969 9
1062 962 14
960 860 24
1081 981 3
873 773 24
835 735 24
874 774 24
1032 932 24
998 898 24
331 231 24
1082 982 3
956 856 24
415 315 24
1034 934 24
767 667 24
280 180 24
770 670 24
1012 912 24
997 897 24
1084 984 2
1087 987 1
718 618 24
137 37 24
1071 971 8
1070 970 9
1026 926 22
959 859 22
922 822 22
1082 982 3
953 853 22
1065 965 12
623 523 22
1066 966 11
1001 901 22
1056 956 19
1088 988 1
1041 941 22
1007 907 22
1006 906 22
373 273 22
673 573 22
999 899 22
1071 971 8
1025 925 22
1053 953 22
305 205 22
858 758 22
869 769 22
1080 980 4
511 411 22
1067 967 10
1046 946 22
1030 930 22
284 184 22
341 241 20
1088 988 1
1015 915 20
1087 987 1
868 768 20
705 605 20
1062 962 14
1003 903 20
1089 989 1
860 760 20
1068 968 10
525 425 20
1022 922 20
1020 920 20
1047 947 20
991 891 20
820 720 20
818 718 20
755 655 20
974 874 20
1085 985 2
872 772 20
960 860 20
485 385 20
331 231 20
771 671 20
610 510 20
1033 933 20
1090 990 1
1089 989 1
945 845 18
1050 950 18
778 678 18
871 771 18
114 14 18
1073 973 7
517 417 18
1005 905 18
1064 964 12
866 766 18
1087 987 1
1033 933 18
848 748 18
643 543 18
1083 983 2
1018 918 18
332 232 18
1080 980 4
900 800 18
758 658 18
1090 990 1
1083 983 2
1090 990 1
1059 959 16
828 728 16
638 538 16
855 755 16
504 404 16
1063 963 13
575 475 16
1050 950 16
961 861 16
789 689 16
1049 949 16
910 810 16
919 819 16
669 569 16
1083 983 2
277 177 16
1079 979 4
940 840 16
203 103 16
1023 923 16
956 856 16
1090 990 1
956 856 16
986 886 16
827 727 16
1057 957 16
1039 939 16
843 743 16
1049 949 16
1055 955 16
1034 934 14
925 825 14
862 762 14
989 889 14
1084 984 2
922 822 14
944 844 14
1087 987 1
1036 936 14
1032 932 14
1053 953 14
1059 959 14
723 623 14
1077 977 5
1044 944 14
1088 988 1
941 841 14
1086 986 1
1074 974 6
431 331 14
1087 987 1
954 854 14
880 780 12
990 890 12
1080 980 4
452 352 12
856 756 12
834 734 12
1007 907 12
633 533 12
1092 992 0
1082 982 3
678 578 12
1022 922 12
1076 976 5
915 815 12
1046 946 12
1081 981 3
842 742 12
748 648 12
1092 992 0
879 779 12
1093 993 0
1092 992 0
628 528 10
828 728 10
1018 918 10
1076 976 5
1044 944 10
749 649 10
1057 957 10
261 161 10
1054 954 10
1092 992 0
855 755 10
915 815 10
1071 971 8
1084 984 2
826 726 10
1046 946 10
1088 988 1
1007 907 10
142 42 10
1088 988 1
1077 977 5
1066 966 10
1067 967 10
847 747 10
1082 982 3
946 846 10
734 634 10
1056 956 10
952 852 10
959 859 8
246 146 8
527 427 8
1072 972 7
1079 979 4
1077 977 5
840 740 8
1071 971 8
1011 911 8
1006 906 8
888 788 8
1054 954 8
1088 988 1
717 617 8
1086 986 1
1001 901 8
953 853 8
1077 977 5
927 827 8
1061 961 8
1058 958 6
650 550 6
1094 994 0
1095 995 0
954 854 6
1095 995 0
1095 995 0
920 820 6
1075 975 6
687 587 6
1073 973 6
1095 995 0
1036 936 6
223 123 6
927 827 6
1092 992 0
1081 981 3
1053 953 6
1089 989 1
1072 972 6
1089 989 1
1022 922 6
1019 919 6
1050 950 4
1018 918 4
867 767 4
1001 901 4
1083 983 2
1087 987 1
1097 997 0
223 123 4
618 518 4
954 854 4
1088 988 1
1092 992 0
1033 933 4
985 885 4
698 598 4
165 65 4
996 896 4
1094 994 0
758 658 4
524 424 4
387 287 4
747 647 4
956 856 4
993 893 4
870 770 4
237 137 4
1075 975 4
1096 996 0
931 831 4
1095 995 0
1086 986 1
1073 973 4
1067 967 4
1075 975 4
1082 982 3
642 542 2
1095 995 0
208 108 2
1005 905 2
591 491 2
1084 984 2
844 744 2
1098 998 0
1082 982 2
1090 990 1
1094 994 0
1093 993 0
1064 964 2
1069 969 2
1097 997 0
1042 942 2
1032 932 2
325 225 2
1097 997 0
1094 994 0
1090 990 1
1036 936 2
1062 962 2
1096 996 0
1094 994 0
1022 922 2
1076 976 2
963 863 2
1098 998 0
1088 988 1
990 890 2
867 767 2
1093 993 0
1098 998 0
1098 998 0
1043 943 2
861 761 2
1098 998 0
1099 999 0
1100 1000 0
1099 999 0
1099 999 0
1087 987 0
1088 988 0
1082 982 0
1092 992 0
954 854 0
1095 995 0
1098 998 0
1100 1000 0
1069 969 0
1093 993 0
1100 1000 0
1038 938 0
870 770 0
988 888 0
1099 999 0
1096 996 0
1070 970 0
1100 1000 0
1069 969 0
940 840 0
758 658 0
1100 1000 0
1098 998 0
1039 939 0
910 810 0
1098 998 0
1096 996 0
1079 979 0
1081 981 0
1100 1000 0
1003 903 0
348 248 0
1099 999 0
808 708 0
1091 991 0
671 571 0
1100 1000 0
1100 1000 0
727 627 0
817 717 0
