100 100 4.3589
9 19 65
4 14 73
15 25 56
3 13 75
14 24 57
7 17 68
11 21 62
5 15 72
26 36 40
24 34 43
28 38 38
34 44 31
35 45 30
37 47 28
37 47 28
7 17 68
25 35 42
50 60 16
16 26 54
26 36 40
34 44 31
40 50 25
11 21 62
52 62 14
4 14 62
35 45 30
49 59 16
39 49 26
45 55 20
46 56 19
12 22 52
63 73 7
55 65 12
28 38 38
23 33 44
50 60 16
65 75 6
27 37 39
61 71 8
47 57 18
37 47 28
66 76 5
34 44 31
34 44 31
53 63 13
26 36 34
72 82 3
56 66 11
44 54 21
49 59 16
56 66 11
75 85 2
69 79 4
59 69 9
48 58 17
68 78 4
48 58 17
61 71 8
34 44 22
56 66 11
54 64 12
79 89 1
11 21 18
78 88 1
83 93 0
58 68 10
79 89 1
27 37 12
51 61 10
58 68 10
78 88 1
76 86 1
66 76 5
16 26 10
32 42 8
81 91 0
86 96 0
84 94 0
67 77 5
9 19 6
83 93 0
76 86 1
85 95 0
27 37 2
86 96 0
87 97 0
3 13 2
93 100 0
95 100 0
98 100 0
91 100 0
83 93 0
15 25 0
89 99 0
90 100 0
94 100 0
100 100 0
13 23 0
98 100 0
91 100 0
