500 100 4.3589
3 13 75
7 17 68
5 15 72
6 16 70
4 14 73
11 21 62
3 13 75
9 19 65
12 22 60
6 16 70
19 29 50
20 30 49
16 26 54
18 28 51
19 29 50
24 34 43
12 22 60
8 18 67
8 18 67
15 25 56
27 37 39
17 27 53
25 35 42
1 11 79
20 30 49
13 23 59
19 29 50
26 36 40
28 38 38
11 21 62
16 26 54
26 36 40
29 39 37
13 23 59
22 32 46
5 15 72
10 20 64
13 23 59
28 38 38
35 45 30
27 37 39
36 46 29
16 26 54
11 21 62
28 38 38
9 19 65
9 19 65
7 17 68
22 32 46
34 44 31
8 18 67
27 37 39
10 20 64
30 40 36
33 43 32
32 42 33
1 11 79
4 14 73
42 52 23
7 17 68
39 49 26
38 48 27
28 38 38
14 24 57
14 24 57
42 52 23
43 53 22
42 52 23
43 53 22
14 24 57
36 46 29
16 26 54
35 45 30
12 22 60
43 53 22
11 21 62
44 54 21
43 53 22
39 49 26
30 40 36
36 46 29
10 20 64
18 28 51
20 30 49
31 41 34
15 25 56
21 31 47
25 35 42
37 47 28
49 59 16
24 34 43
11 21 62
2 12 77
23 33 44
21 31 47
40 50 25
10 20 64
44 54 21
22 32 46
47 57 18
50 60 16
29 39 37
1 11 72
13 23 59
53 63 13
42 52 23
40 50 25
51 61 15
21 31 47
6 16 70
28 38 38
39 49 26
41 51 24
32 42 33
42 52 23
42 52 23
49 59 16
42 52 23
19 29 50
53 63 13
38 48 27
33 43 32
52 62 14
51 61 15
25 35 42
45 55 20
21 31 47
23 33 44
47 57 18
54 64 12
46 56 19
28 38 38
29 39 37
46 56 19
60 70 9
8 18 58
47 57 18
14 24 57
57 67 10
26 36 40
3 13 56
57 67 10
48 58 17
47 57 18
22 32 46
31 41 34
57 67 10
5 15 54
51 61 15
19 29 50
5 15 54
42 52 23
31 41 34
35 45 30
63 73 7
63 73 7
61 71 8
11 21 52
41 51 24
50 60 16
56 66 11
60 70 9
46 56 19
9 19 50
52 62 14
5 15 50
6 16 50
56 66 11
7 17 50
33 43 32
42 52 23
12 22 48
49 59 16
58 68 10
43 53 22
21 31 47
26 36 40
43 53 22
37 47 28
35 45 30
2 12 44
65 75 6
19 29 44
59 69 9
14 24 44
63 73 7
61 71 8
65 75 6
25 35 42
23 33 42
35 45 30
46 56 19
2 12 42
62 72 7
20 30 42
59 69 9
33 43 32
30 40 36
64 74 6
41 51 24
70 80 4
37 47 28
61 71 8
65 75 6
67 77 5
33 43 32
41 51 24
14 24 36
4 14 36
4 14 36
68 78 4
59 69 9
70 80 4
38 48 27
29 39 34
22 32 34
65 75 6
60 70 9
67 77 5
72 82 3
41 51 24
63 73 7
63 73 7
51 61 15
64 74 6
11 21 34
53 63 13
47 57 18
59 69 9
13 23 32
57 67 10
55 65 12
62 72 7
73 83 2
26 36 32
55 65 12
53 63 13
5 15 32
69 79 4
70 80 4
68 78 4
47 57 18
54 64 12
54 64 12
39 49 26
65 75 6
45 55 20
17 27 26
33 43 26
43 53 22
57 67 10
67 77 5
10 20 26
13 23 26
47 57 18
13 23 26
60 70 9
50 60 16
39 49 26
64 74 6
53 63 13
42 52 23
75 85 2
52 62 14
70 80 4
9 19 24
76 86 1
24 34 24
70 80 4
66 76 5
71 81 3
64 74 6
33 43 22
74 84 2
73 83 2
10 20 20
24 34 20
78 88 1
57 67 10
63 73 7
41 51 20
27 37 20
54 64 12
35 45 20
4 14 20
79 89 1
9 19 18
48 58 17
74 84 2
73 83 2
69 79 4
25 35 18
70 80 4
49 59 16
80 90 1
12 22 18
80 90 1
10 20 16
73 83 2
77 87 1
81 91 0
35 45 16
78 88 1
81 91 0
37 47 16
77 87 1
41 51 16
81 91 0
81 91 0
82 92 0
52 62 14
65 75 6
74 84 2
58 68 10
82 92 0
82 92 0
65 75 6
68 78 4
63 73 7
54 64 12
64 74 6
73 83 2
43 53 12
55 65 12
74 84 2
70 80 4
39 49 12
16 26 12
81 91 0
81 91 0
29 39 12
68 78 4
79 89 1
54 64 10
82 92 0
5 15 10
81 91 0
53 63 10
66 76 5
52 62 10
74 84 2
28 38 10
58 68 10
83 93 0
79 89 1
72 82 3
56 66 10
82 92 0
12 22 10
76 86 1
71 81 3
63 73 7
16 26 8
18 28 8
83 93 0
23 33 8
34 44 8
15 25 8
56 66 8
81 91 0
79 89 1
16 26 8
76 86 1
61 71 8
49 59 8
84 94 0
68 78 4
85 95 0
78 88 1
72 82 3
83 93 0
60 70 6
13 23 6
46 56 6
73 83 2
84 94 0
75 85 2
79 89 1
82 92 0
79 89 1
64 74 6
64 74 6
9 19 6
66 76 5
86 96 0
82 92 0
73 83 2
86 96 0
86 96 0
80 90 1
56 66 6
57 67 6
67 77 5
55 65 4
78 88 1
86 96 0
58 68 4
53 63 4
84 94 0
80 90 1
49 59 4
5 15 4
41 51 4
51 61 4
87 97 0
54 64 4
84 94 0
32 42 4
86 96 0
85 95 0
63 73 2
38 48 2
79 89 1
45 55 2
76 86 1
75 85 2
72 82 2
62 72 2
53 63 2
81 91 0
88 98 0
87 97 0
100 100 0
88 98 0
96 100 0
95 100 0
90 100 0
90 100 0
91 100 0
88 98 0
100 100 0
98 100 0
95 100 0
96 100 0
94 100 0
99 100 0
95 100 0
82 92 0
94 100 0
98 100 0
99 100 0
95 100 0
18 28 0
82 92 0
84 94 0
77 87 0
88 98 0
83 93 0
89 99 0
92 100 0
97 100 0
36 46 0
38 48 0
100 100 0
98 100 0
90 100 0
97 100 0
90 100 0
75 85 0
92 100 0
91 100 0
93 100 0
93 100 0
96 100 0
77 87 0
92 100 0
100 100 0
91 100 0
89 99 0
95 100 0
94 100 0
12 22 0
80 90 0
84 94 0
98 100 0
93 100 0
84 94 0
83 93 0
93 100 0
97 100 0
71 81 0
56 66 0
95 100 0
91 100 0
92 100 0
92 100 0
91 100 0
100 100 0
93 100 0
90 100 0
87 97 0
96 100 0
98 100 0
100 100 0
92 100 0
99 100 0
90 100 0
92 100 0
92 100 0
99 100 0
