100 100 4.3589
94 3 94
44 6 88
14 4 92
44 3 94
54 13 75
95 25 56
13 14 73
54 21 62
49 30 49
9 5 90
94 5 90
97 24 57
62 4 92
72 41 34
44 9 82
68 19 65
80 31 47
93 18 67
24 8 84
71 14 73
74 25 56
3 22 60
2 10 78
46 9 74
72 40 36
64 59 16
21 1 70
64 53 22
89 26 54
23 28 51
99 28 51
18 67 10
59 10 58
27 44 31
32 26 54
94 72 7
89 67 10
7 73 7
33 14 48
19 62 14
4 74 6
79 70 9
6 74 6
97 63 13
79 48 27
66 61 15
35 63 13
32 58 17
98 75 6
99 75 6
7 70 9
89 47 28
72 81 3
69 45 30
95 61 15
37 81 3
94 72 7
55 77 5
41 82 3
53 61 15
51 66 11
45 42 24
26 85 2
10 65 12
48 62 14
15 54 16
30 66 11
40 85 2
39 90 1
20 89 1
35 78 4
38 46 14
28 88 1
85 93 0
10 87 1
29 88 1
15 89 1
74 94 0
29 12 10
19 77 5
60 91 0
68 95 0
54 72 6
40 32 4
85 94 0
64 96 0
11 23 4
55 48 4
69 58 2
85 97 0
11 93 0
42 70 2
28 100 0
10 100 0
76 94 0
35 100 0
81 79 0
62 97 0
73 99 0
69 91 0
