5000 5000 4.3589
37 537 8890
11 511 8882
80 580 8690
121 621 8650
187 687 8600
23 523 8560
121 621 8554
206 706 8516
45 545 8474
178 678 8456
249 749 8396
212 712 8378
129 629 8314
298 798 8282
3 503 8272
58 558 8262
92 592 8256
326 826 8238
369 869 8210
192 692 8210
37 537 8192
276 776 8190
19 519 8164
306 806 8162
164 664 8162
46 546 8138
45 545 8138
124 624 8136
6 506 8122
203 703 8106
149 649 8078
403 903 8078
425 925 8076
163 663 8028
397 897 8028
499 999 7994
412 912 7978
203 703 7968
152 652 7964
235 735 7942
70 570 7938
165 665 7922
277 777 7910
304 804 7896
496 996 7896
258 758 7870
356 856 7870
138 638 7848
263 763 7844
378 878 7844
449 949 7810
155 655 7782
578 1078 7768
376 876 7746
420 920 7730
212 712 7730
449 949 7730
509 1009 7688
238 738 7678
665 1165 7656
496 996 7652
590 1090 7652
10 510 7638
507 1007 7630
441 941 7576
660 1160 7524
389 889 7522
542 1042 7518
545 1045 7512
155 655 7492
361 861 7486
257 757 7484
617 1117 7472
391 891 7454
752 1252 7448
1 501 7446
74 574 7446
741 1241 7436
551 1051 7414
764 1264 7414
389 889 7410
476 976 7338
95 595 7338
787 1287 7330
370 870 7326
186 686 7314
226 726 7306
842 1342 7288
427 927 7280
664 1164 7268
78 578 7264
258 758 7258
504 1004 7252
703 1203 7240
29 529 7238
344 844 7228
629 1129 7226
616 1116 7220
508 1008 7218
341 841 7188
53 553 7186
406 906 7178
609 1109 7178
123 623 7178
608 1108 7170
245 745 7166
511 1011 7154
485 985 7142
595 1095 7134
584 1084 7118
651 1151 7104
906 1406 7104
378 878 7096
841 1341 7094
376 876 7086
395 895 7080
744 1244 7076
647 1147 7070
594 1094 7054
742 1242 7032
857 1357 7016
170 670 7006
677 1177 7006
725 1225 6988
17 517 6976
841 1341 6970
154 654 6948
943 1443 6946
554 1054 6930
809 1309 6928
354 854 6922
72 572 6918
269 769 6910
155 655 6896
1025 1525 6868
620 1120 6848
235 735 6844
33 533 6840
522 1022 6824
774 1274 6820
28 528 6812
1038 1538 6808
397 897 6808
962 1462 6806
917 1417 6800
552 1052 6796
97 597 6796
463 963 6778
465 965 6760
449 949 6754
336 836 6752
924 1424 6742
231 731 6740
927 1427 6740
660 1160 6736
234 734 6736
392 892 6730
719 1219 6694
888 1388 6688
734 1234 6688
16 516 6686
440 940 6684
638 1138 6678
234 734 6664
183 683 6662
509 1009 6662
1001 1501 6658
979 1479 6654
26 526 6652
921 1421 6650
1101 1601 6642
199 699 6632
621 1121 6624
576 1076 6622
1018 1518 6620
793 1293 6620
499 999 6618
78 578 6598
1000 1500 6594
736 1236 6592
187 687 6590
457 957 6590
976 1476 6584
629 1129 6582
618 1118 6580
661 1161 6578
637 1137 6576
291 791 6574
877 1377 6574
602 1102 6574
986 1486 6558
465 965 6556
78 578 6528
459 959 6526
601 1101 6524
828 1328 6524
557 1057 6512
134 634 6498
465 965 6490
23 523 6482
1154 1654 6474
974 1474 6472
610 1110 6460
751 1251 6458
1071 1571 6458
466 966 6450
800 1300 6450
725 1225 6446
481 981 6442
762 1262 6434
953 1453 6428
430 930 6426
540 1040 6422
459 959 6422
168 668 6406
1082 1582 6394
77 577 6390
1002 1502 6390
122 622 6388
283 783 6386
978 1478 6362
600 1100 6354
1260 1760 6352
322 822 6350
413 913 6350
1032 1532 6350
912 1412 6342
887 1387 6338
237 737 6330
1122 1622 6324
1117 1617 6318
1100 1600 6316
676 1176 6290
73 573 6286
922 1422 6284
53 553 6284
232 732 6278
1230 1730 6272
226 726 6266
1003 1503 6260
483 983 6258
92 592 6252
428 928 6242
1104 1604 6242
240 740 6240
37 537 6238
1261 1761 6214
322 822 6210
1191 1691 6202
265 765 6202
905 1405 6196
107 607 6194
1175 1675 6188
1289 1789 6186
1373 1873 6182
377 877 6172
1255 1755 6162
324 824 6162
55 555 6158
250 750 6156
1340 1840 6142
1285 1785 6142
1173 1673 6142
1157 1657 6132
91 591 6116
670 1170 6112
668 1168 6112
1256 1756 6110
1072 1572 6104
1305 1805 6104
603 1103 6096
239 739 6094
1197 1697 6086
640 1140 6082
1373 1873 6070
30 530 6068
333 833 6068
122 622 6066
528 1028 6064
322 822 6054
1077 1577 6050
610 1110 6042
1469 1969 6036
87 587 6030
731 1231 6026
1323 1823 6024
887 1387 6006
876 1376 6004
204 704 6002
815 1315 5998
598 1098 5992
1039 1539 5980
225 725 5976
515 1015 5976
719 1219 5968
434 934 5962
794 1294 5942
1266 1766 5932
720 1220 5930
308 808 5924
854 1354 5920
137 637 5920
246 746 5908
170 670 5896
1092 1592 5896
268 768 5896
1305 1805 5894
408 908 5892
1150 1650 5890
1386 1886 5886
831 1331 5876
101 601 5870
358 858 5866
1403 1903 5866
6 506 5864
114 614 5858
1479 1979 5858
617 1117 5842
191 691 5830
615 1115 5830
648 1148 5822
1162 1662 5820
89 589 5806
1518 2018 5802
299 799 5800
829 1329 5800
266 766 5798
325 825 5786
1337 1837 5784
1053 1553 5784
1313 1813 5782
943 1443 5780
1318 1818 5778
1414 1914 5778
1469 1969 5776
290 790 5774
1139 1639 5768
277 777 5758
642 1142 5748
1186 1686 5740
970 1470 5738
513 1013 5734
1113 1613 5728
935 1435 5724
706 1206 5720
393 893 5708
1223 1723 5706
1024 1524 5706
324 824 5702
1025 1525 5702
148 648 5700
837 1337 5692
110 610 5692
730 1230 5684
1595 2095 5684
1421 1921 5678
598 1098 5676
1115 1615 5668
1589 2089 5668
617 1117 5660
515 1015 5656
1444 1944 5654
608 1108 5652
1197 1697 5652
76 576 5644
808 1308 5638
444 944 5632
1476 1976 5630
590 1090 5626
1385 1885 5622
1665 2165 5618
900 1400 5616
955 1455 5614
1588 2088 5606
1565 2065 5606
326 826 5598
836 1336 5594
706 1206 5592
812 1312 5592
684 1184 5590
1413 1913 5586
1248 1748 5584
510 1010 5582
1607 2107 5580
942 1442 5574
183 683 5574
1668 2168 5564
1071 1571 5560
1203 1703 5558
249 749 5556
608 1108 5554
1315 1815 5542
1701 2201 5532
346 846 5530
296 796 5528
1070 1570 5518
1370 1870 5516
1538 2038 5504
188 688 5500
1067 1567 5500
275 775 5492
1690 2190 5488
733 1233 5488
1108 1608 5484
253 753 5480
181 681 5474
403 903 5470
935 1435 5470
415 915 5470
1747 2247 5466
789 1289 5464
684 1184 5462
1712 2212 5462
1251 1751 5458
711 1211 5448
363 863 5444
1379 1879 5442
999 1499 5438
1275 1775 5432
1243 1743 5432
1665 2165 5432
553 1053 5430
1422 1922 5426
742 1242 5426
1452 1952 5424
267 767 5422
1584 2084 5418
656 1156 5418
578 1078 5416
1100 1600 5414
1258 1758 5412
62 562 5408
1593 2093 5408
433 933 5402
473 973 5396
446 946 5386
1292 1792 5360
1566 2066 5358
1299 1799 5356
698 1198 5352
1390 1890 5350
1551 2051 5348
823 1323 5344
1393 1893 5344
1787 2287 5342
417 917 5332
943 1443 5324
1763 2263 5316
35 535 5314
1511 2011 5314
1066 1566 5314
1181 1681 5310
499 999 5310
1784 2284 5308
702 1202 5308
614 1114 5306
859 1359 5304
52 552 5302
640 1140 5294
688 1188 5292
392 892 5290
1226 1726 5290
1412 1912 5288
997 1497 5286
287 787 5286
896 1396 5286
914 1414 5282
1808 2308 5280
1157 1657 5266
1711 2211 5260
1208 1708 5260
1429 1929 5258
702 1202 5256
774 1274 5256
554 1054 5256
1365 1865 5256
14 514 5256
207 707 5248
1734 2234 5246
1725 2225 5240
1844 2344 5238
1179 1679 5236
194 694 5230
1026 1526 5224
46 546 5224
306 806 5222
369 869 5220
1323 1823 5220
454 954 5220
1176 1676 5216
1344 1844 5216
405 905 5214
337 837 5198
1501 2001 5196
259 759 5196
1217 1717 5194
223 723 5190
122 622 5188
836 1336 5188
560 1060 5180
1744 2244 5178
740 1240 5174
388 888 5168
1553 2053 5158
1697 2197 5158
755 1255 5150
963 1463 5148
40 540 5146
387 887 5142
1644 2144 5142
1506 2006 5142
1199 1699 5142
1701 2201 5138
1244 1744 5132
204 704 5122
585 1085 5122
715 1215 5120
1326 1826 5120
1619 2119 5110
267 767 5102
1114 1614 5100
1872 2372 5098
299 799 5098
310 810 5092
852 1352 5082
376 876 5074
1801 2301 5064
146 646 5054
404 904 5054
1931 2431 5052
1642 2142 5048
1641 2141 5038
1954 2454 5032
1554 2054 5022
288 788 5020
807 1307 5016
759 1259 5016
144 644 5016
1110 1610 5012
1050 1550 5004
1531 2031 5000
651 1151 4998
234 734 4998
1534 2034 4996
1811 2311 4996
1712 2212 4996
978 1478 4996
1379 1879 4994
1589 2089 4992
781 1281 4992
1054 1554 4992
143 643 4986
201 701 4984
1799 2299 4980
804 1304 4976
1538 2038 4974
1813 2313 4974
1332 1832 4970
1716 2216 4966
1113 1613 4962
932 1432 4956
1988 2488 4954
1197 1697 4954
266 766 4952
1854 2354 4950
123 623 4946
1909 2409 4940
1250 1750 4934
1732 2232 4920
2028 2528 4918
344 844 4912
165 665 4906
1377 1877 4904
1915 2415 4896
1648 2148 4890
1997 2497 4888
623 1123 4888
1373 1873 4888
1224 1724 4886
860 1360 4882
1816 2316 4878
127 627 4874
121 621 4872
340 840 4872
1476 1976 4870
2060 2560 4870
1612 2112 4868
598 1098 4866
1641 2141 4864
1156 1656 4860
50 550 4856
1071 1571 4854
329 829 4852
1459 1959 4852
1116 1616 4850
740 1240 4846
1686 2186 4846
37 537 4842
280 780 4838
1374 1874 4836
1141 1641 4832
1250 1750 4818
1223 1723 4818
997 1497 4814
1400 1900 4808
615 1115 4802
1813 2313 4798
1724 2224 4794
2050 2550 4792
232 732 4792
2055 2555 4790
1737 2237 4788
195 695 4788
1943 2443 4788
226 726 4786
842 1342 4784
1652 2152 4782
931 1431 4776
1679 2179 4774
1794 2294 4764
1153 1653 4762
1542 2042 4762
183 683 4760
1063 1563 4754
619 1119 4750
1849 2349 4746
1134 1634 4742
1140 1640 4740
1132 1632 4738
1412 1912 4738
178 678 4738
427 927 4738
1394 1894 4732
1550 2050 4732
2003 2503 4732
2076 2576 4730
998 1498 4728
1238 1738 4728
521 1021 4726
1402 1902 4724
644 1144 4722
1403 1903 4722
931 1431 4716
901 1401 4716
1508 2008 4712
1917 2417 4710
641 1141 4708
1742 2242 4704
788 1288 4700
2115 2615 4700
1395 1895 4698
1868 2368 4682
1432 1932 4668
801 1301 4666
1409 1909 4662
2159 2659 4660
1635 2135 4658
709 1209 4652
211 711 4646
2123 2623 4634
1319 1819 4632
498 998 4630
518 1018 4626
1447 1947 4622
387 887 4620
423 923 4614
479 979 4614
932 1432 4610
761 1261 4608
1996 2496 4608
950 1450 4606
1908 2408 4606
1311 1811 4604
1972 2472 4598
500 1000 4596
1402 1902 4592
1136 1636 4592
452 952 4590
879 1379 4590
1585 2085 4584
393 893 4582
1228 1728 4578
87 587 4576
1016 1516 4574
308 808 4572
2094 2594 4568
2029 2529 4568
681 1181 4560
440 940 4558
1305 1805 4554
617 1117 4552
2050 2550 4552
449 949 4550
1947 2447 4548
404 904 4546
771 1271 4546
1774 2274 4546
323 823 4544
2030 2530 4544
426 926 4542
1402 1902 4542
1610 2110 4536
3 503 4534
1751 2251 4524
302 802 4522
906 1406 4522
2184 2684 4514
1007 1507 4506
1301 1801 4504
1928 2428 4500
1517 2017 4486
1674 2174 4484
1774 2274 4484
423 923 4480
28 528 4476
637 1137 4476
1954 2454 4474
234 734 4464
355 855 4458
744 1244 4458
2258 2758 4456
2201 2701 4448
826 1326 4446
1701 2201 4444
217 717 4440
474 974 4438
1340 1840 4436
963 1463 4434
1247 1747 4428
1421 1921 4428
1650 2150 4426
1789 2289 4426
2252 2752 4424
1336 1836 4424
949 1449 4424
883 1383 4422
1294 1794 4418
458 958 4410
138 638 4410
2202 2702 4400
371 871 4398
557 1057 4396
1124 1624 4392
713 1213 4386
817 1317 4384
706 1206 4380
1961 2461 4380
1200 1700 4380
266 766 4378
1903 2403 4376
2200 2700 4376
1212 1712 4376
2199 2699 4374
1234 1734 4374
1324 1824 4374
1894 2394 4370
1896 2396 4366
2008 2508 4366
949 1449 4364
1867 2367 4362
1624 2124 4356
42 542 4338
2302 2802 4338
876 1376 4336
1073 1573 4336
368 868 4330
2290 2790 4326
2258 2758 4326
913 1413 4326
2086 2586 4324
2292 2792 4322
170 670 4318
987 1487 4316
846 1346 4316
1805 2305 4316
523 1023 4312
2067 2567 4312
330 830 4310
1515 2015 4308
1578 2078 4282
439 939 4282
2229 2729 4278
1355 1855 4276
1307 1807 4276
678 1178 4274
1825 2325 4274
1854 2354 4270
2066 2566 4268
2091 2591 4266
955 1455 4262
2174 2674 4260
1341 1841 4260
575 1075 4260
644 1144 4254
2093 2593 4244
771 1271 4242
1741 2241 4240
788 1288 4240
2150 2650 4240
73 573 4240
1380 1880 4240
452 952 4240
1605 2105 4238
750 1250 4236
1827 2327 4236
1467 1967 4234
928 1428 4232
664 1164 4230
1846 2346 4228
1058 1558 4224
1465 1965 4220
634 1134 4214
1127 1627 4212
1027 1527 4210
2389 2889 4206
1 501 4206
511 1011 4204
2218 2718 4202
279 779 4202
854 1354 4196
1057 1557 4196
442 942 4192
1225 1725 4192
485 985 4190
1106 1606 4190
38 538 4188
354 854 4186
202 702 4184
206 706 4184
1890 2390 4180
1001 1501 4180
1760 2260 4176
1530 2030 4174
1861 2361 4172
2168 2668 4172
1847 2347 4172
1151 1651 4170
2231 2731 4168
1051 1551 4152
1386 1886 4152
391 891 4152
1230 1730 4152
338 838 4148
151 651 4148
1855 2355 4148
2329 2829 4148
2264 2764 4146
773 1273 4146
2214 2714 4146
1788 2288 4144
1960 2460 4144
2238 2738 4142
275 775 4138
1811 2311 4136
2362 2862 4136
21 521 4136
1411 1911 4132
1509 2009 4130
2351 2851 4130
40 540 4124
1576 2076 4118
2121 2621 4118
1678 2178 4116
2026 2526 4112
259 759 4110
2252 2752 4108
1999 2499 4104
302 802 4104
371 871 4102
1511 2011 4102
781 1281 4100
2419 2919 4100
499 999 4098
2322 2822 4096
1297 1797 4094
1520 2020 4094
2297 2797 4094
1824 2324 4092
1846 2346 4092
1645 2145 4090
1587 2087 4088
2430 2930 4084
2213 2713 4080
1951 2451 4078
230 730 4076
1170 1670 4074
2130 2630 4074
2138 2638 4070
1864 2364 4064
848 1348 4064
947 1447 4062
1670 2170 4060
1739 2239 4056
425 925 4054
1392 1892 4050
866 1366 4046
2409 2909 4042
2365 2865 4038
1949 2449 4038
1399 1899 4038
1144 1644 4034
1135 1635 4032
769 1269 4030
1955 2455 4030
243 743 4030
678 1178 4030
2313 2813 4030
2099 2599 4028
1427 1927 4028
505 1005 4026
196 696 4024
95 595 4024
2342 2842 4022
422 922 4022
1888 2388 4020
409 909 4016
774 1274 4014
2435 2935 4012
1896 2396 4010
1725 2225 4010
1249 1749 4008
2103 2603 4004
1141 1641 3998
552 1052 3998
2251 2751 3998
2365 2865 3994
1727 2227 3994
366 866 3994
126 626 3988
2453 2953 3984
837 1337 3984
1360 1860 3984
1614 2114 3982
1982 2482 3978
2279 2779 3978
29 529 3976
226 726 3976
1107 1607 3974
2172 2672 3962
293 793 3962
141 641 3952
1330 1830 3948
232 732 3942
2514 3014 3940
1707 2207 3940
624 1124 3938
62 562 3934
1635 2135 3928
767 1267 3924
1699 2199 3924
1939 2439 3922
2172 2672 3920
221 721 3918
1169 1669 3914
225 725 3908
1949 2449 3908
640 1140 3906
698 1198 3904
1734 2234 3904
2275 2775 3902
1251 1751 3896
2461 2961 3894
1986 2486 3894
1155 1655 3894
1320 1820 3892
626 1126 3892
476 976 3886
1999 2499 3884
1448 1948 3882
291 791 3880
1005 1505 3880
906 1406 3872
1113 1613 3870
2051 2551 3870
458 958 3870
2197 2697 3868
93 593 3868
1030 1530 3866
2135 2635 3864
2082 2582 3864
950 1450 3862
1974 2474 3862
1761 2261 3860
2436 2936 3858
1217 1717 3858
2214 2714 3856
289 789 3854
322 822 3854
345 845 3850
508 1008 3850
1353 1853 3848
1206 1706 3846
2344 2844 3844
1659 2159 3844
1618 2118 3840
220 720 3838
265 765 3838
1934 2434 3836
1082 1582 3834
721 1221 3830
899 1399 3828
474 974 3808
2512 3012 3802
1708 2208 3800
130 630 3794
2302 2802 3794
1893 2393 3790
661 1161 3786
208 708 3786
1126 1626 3784
656 1156 3784
563 1063 3782
1177 1677 3778
1872 2372 3774
1825 2325 3772
577 1077 3770
220 720 3768
144 644 3768
2555 3055 3768
1945 2445 3764
1904 2404 3760
1844 2344 3758
1885 2385 3756
1015 1515 3756
1839 2339 3756
117 617 3750
1253 1753 3750
1616 2116 3746
65 565 3732
2357 2857 3730
1778 2278 3728
2032 2532 3728
586 1086 3726
2404 2904 3724
204 704 3722
1644 2144 3722
1920 2420 3722
2083 2583 3720
1208 1708 3718
747 1247 3716
1365 1865 3708
1140 1640 3706
265 765 3702
2327 2827 3702
2352 2852 3696
1567 2067 3694
1893 2393 3694
1818 2318 3692
426 926 3688
1378 1878 3686
2310 2810 3684
1628 2128 3684
802 1302 3682
2644 3144 3680
2604 3104 3680
1570 2070 3678
1865 2365 3676
2398 2898 3670
1581 2081 3670
136 636 3664
74 574 3658
2645 3145 3658
250 750 3656
1724 2224 3652
2171 2671 3648
1692 2192 3648
346 846 3644
2119 2619 3644
2564 3064 3644
1960 2460 3640
2422 2922 3638
240 740 3638
1419 1919 3636
2452 2952 3634
726 1226 3628
2486 2986 3628
1442 1942 3624
20 520 3620
1895 2395 3614
569 1069 3610
2249 2749 3608
25 525 3604
2175 2675 3604
658 1158 3604
2587 3087 3602
1242 1742 3600
458 958 3600
649 1149 3596
450 950 3594
2595 3095 3594
2037 2537 3588
1802 2302 3586
1463 1963 3584
1083 1583 3580
1273 1773 3574
2150 2650 3572
2202 2702 3572
936 1436 3572
655 1155 3570
2599 3099 3570
1516 2016 3570
2479 2979 3568
1953 2453 3568
1644 2144 3568
1572 2072 3564
1236 1736 3564
1946 2446 3560
1988 2488 3560
2563 3063 3560
10 510 3558
1059 1559 3554
2293 2793 3554
2153 2653 3552
1571 2071 3544
786 1286 3544
2334 2834 3540
1224 1724 3530
658 1158 3528
2591 3091 3526
10 510 3526
1887 2387 3522
1413 1913 3518
1684 2184 3518
9 509 3516
2638 3138 3516
2053 2553 3506
2454 2954 3506
866 1366 3506
2003 2503 3504
733 1233 3504
238 738 3488
253 753 3488
2364 2864 3486
2379 2879 3484
1345 1845 3482
1714 2214 3482
699 1199 3480
2316 2816 3474
2178 2678 3470
2312 2812 3468
2014 2514 3466
1187 1687 3464
614 1114 3464
10 510 3462
1300 1800 3462
1879 2379 3458
1888 2388 3454
1713 2213 3454
2461 2961 3454
317 817 3454
640 1140 3452
2749 3249 3452
846 1346 3438
2193 2693 3436
409 909 3436
2662 3162 3434
1671 2171 3432
1702 2202 3432
658 1158 3430
1966 2466 3424
2168 2668 3420
2443 2943 3418
712 1212 3418
2119 2619 3418
2079 2579 3416
566 1066 3412
2675 3175 3408
2013 2513 3408
2350 2850 3406
2318 2818 3404
483 983 3404
1696 2196 3402
1130 1630 3400
2572 3072 3400
1514 2014 3400
2281 2781 3396
1762 2262 3390
1594 2094 3386
2323 2823 3386
1973 2473 3382
1724 2224 3382
1231 1731 3382
1557 2057 3374
949 1449 3372
1907 2407 3370
2482 2982 3366
5 505 3360
2039 2539 3360
73 573 3358
866 1366 3358
2477 2977 3356
2313 2813 3348
1929 2429 3346
2036 2536 3346
1272 1772 3346
737 1237 3338
2342 2842 3334
2490 2990 3334
2575 3075 3326
1872 2372 3324
1243 1743 3324
2678 3178 3324
2585 3085 3318
2293 2793 3318
2731 3231 3314
1655 2155 3314
2548 3048 3314
2447 2947 3302
2575 3075 3300
2790 3290 3298
912 1412 3292
2620 3120 3290
1237 1737 3288
2789 3289 3286
1689 2189 3284
2661 3161 3282
1135 1635 3282
929 1429 3280
1048 1548 3278
1074 1574 3276
1587 2087 3276
573 1073 3274
127 627 3270
2246 2746 3268
1932 2432 3268
1810 2310 3266
2603 3103 3266
572 1072 3264
90 590 3264
2441 2941 3264
2311 2811 3264
1878 2378 3262
998 1498 3262
2315 2815 3262
1845 2345 3260
2214 2714 3258
1274 1774 3258
2275 2775 3256
126 626 3254
2333 2833 3254
1162 1662 3252
519 1019 3250
2442 2942 3250
1209 1709 3250
1559 2059 3246
1586 2086 3246
31 531 3244
2484 2984 3244
2556 3056 3242
2254 2754 3236
2036 2536 3236
2560 3060 3232
59 559 3226
2876 3376 3224
364 864 3222
1279 1779 3220
1168 1668 3220
645 1145 3220
1599 2099 3220
1811 2311 3220
1841 2341 3218
619 1119 3216
2857 3357 3216
1646 2146 3210
2090 2590 3210
2671 3171 3210
2884 3384 3206
2882 3382 3204
2845 3345 3202
2391 2891 3198
1156 1656 3194
2725 3225 3194
1001 1501 3192
536 1036 3190
167 667 3190
908 1408 3184
2668 3168 3182
1854 2354 3178
645 1145 3176
1902 2402 3176
2517 3017 3174
1555 2055 3172
256 756 3172
12 512 3170
950 1450 3170
2312 2812 3168
1129 1629 3164
1029 1529 3164
2698 3198 3162
820 1320 3160
1339 1839 3158
2411 2911 3158
2816 3316 3156
782 1282 3156
756 1256 3156
1679 2179 3150
2518 3018 3146
1392 1892 3146
1231 1731 3144
1084 1584 3144
2562 3062 3142
745 1245 3140
2049 2549 3140
2922 3422 3140
2796 3296 3140
2905 3405 3138
2334 2834 3138
1867 2367 3136
2631 3131 3136
645 1145 3124
1257 1757 3124
2291 2791 3120
1385 1885 3120
1967 2467 3110
2343 2843 3106
2379 2879 3106
1268 1768 3106
1363 1863 3104
1713 2213 3104
2193 2693 3102
2295 2795 3100
2513 3013 3096
715 1215 3092
172 672 3088
1648 2148 3086
304 804 3084
2536 3036 3082
670 1170 3076
211 711 3076
1933 2433 3068
2415 2915 3068
2844 3344 3064
2573 3073 3064
2103 2603 3058
1919 2419 3058
2917 3417 3058
2808 3308 3058
621 1121 3056
1974 2474 3056
504 1004 3054
2242 2742 3052
2716 3216 3052
2971 3471 3050
1575 2075 3050
2285 2785 3046
2398 2898 3044
36 536 3040
2523 3023 3040
1845 2345 3038
2798 3298 3038
1262 1762 3038
2292 2792 3036
2141 2641 3036
1723 2223 3034
2801 3301 3032
682 1182 3028
2707 3207 3028
2546 3046 3026
2519 3019 3024
2848 3348 3024
2495 2995 3018
106 606 3018
354 854 3016
2670 3170 3010
2560 3060 3010
2676 3176 3008
405 905 3008
2004 2504 3006
21 521 3004
2846 3346 2998
1904 2404 2998
2792 3292 2994
946 1446 2994
811 1311 2990
2110 2610 2990
2965 3465 2990
49 549 2984
1509 2009 2982
2732 3232 2980
2333 2833 2974
1275 1775 2972
1735 2235 2972
2771 3271 2964
38 538 2962
2124 2624 2960
2671 3171 2958
2684 3184 2958
407 907 2956
2391 2891 2956
338 838 2952
2740 3240 2952
2937 3437 2952
503 1003 2948
2955 3455 2942
2692 3192 2942
2749 3249 2940
1956 2456 2940
1436 1936 2938
695 1195 2936
2753 3253 2936
216 716 2934
172 672 2934
1748 2248 2932
2966 3466 2930
1695 2195 2928
1337 1837 2922
2841 3341 2922
2449 2949 2916
1497 1997 2912
2675 3175 2908
1503 2003 2908
1014 1514 2908
2307 2807 2906
1596 2096 2906
2310 2810 2902
1445 1945 2902
2866 3366 2900
1799 2299 2900
1842 2342 2886
2311 2811 2886
2176 2676 2884
2892 3392 2882
2501 3001 2882
2997 3497 2882
1689 2189 2882
124 624 2878
2320 2820 2874
1906 2406 2874
1825 2325 2870
2820 3320 2868
130 630 2866
841 1341 2866
2491 2991 2864
144 644 2862
1797 2297 2862
2300 2800 2860
2799 3299 2860
1699 2199 2858
1049 1549 2858
2863 3363 2856
2352 2852 2854
307 807 2854
2358 2858 2852
2679 3179 2850
538 1038 2850
668 1168 2846
2440 2940 2844
2148 2648 2842
2429 2929 2842
736 1236 2838
2761 3261 2838
1154 1654 2836
131 631 2836
2059 2559 2836
2691 3191 2834
211 711 2832
2949 3449 2830
2769 3269 2830
1986 2486 2828
2773 3273 2816
2075 2575 2816
2131 2631 2810
3062 3562 2808
2138 2638 2808
1355 1855 2808
2353 2853 2806
2675 3175 2806
2503 3003 2800
1084 1584 2798
632 1132 2794
2890 3390 2792
1646 2146 2790
2423 2923 2790
1622 2122 2788
1567 2067 2788
2571 3071 2786
963 1463 2786
799 1299 2782
2802 3302 2782
2142 2642 2778
1002 1502 2778
1097 1597 2772
976 1476 2766
873 1373 2764
2587 3087 2762
2948 3448 2762
1628 2128 2762
2619 3119 2758
3054 3554 2752
2858 3358 2750
1068 1568 2746
1794 2294 2746
1266 1766 2740
2648 3148 2738
508 1008 2734
2796 3296 2734
1357 1857 2734
2484 2984 2734
787 1287 2730
763 1263 2730
2967 3467 2730
1204 1704 2728
2942 3442 2728
1809 2309 2728
1491 1991 2726
2852 3352 2726
1020 1520 2724
1488 1988 2718
273 773 2716
179 679 2716
1142 1642 2716
2232 2732 2716
2277 2777 2710
1547 2047 2710
2340 2840 2708
1708 2208 2706
264 764 2706
2801 3301 2702
2243 2743 2700
3144 3644 2698
2544 3044 2698
1506 2006 2696
2000 2500 2696
2457 2957 2694
1566 2066 2694
2896 3396 2692
2232 2732 2692
1455 1955 2688
867 1367 2688
1404 1904 2684
799 1299 2680
468 968 2680
220 720 2678
1777 2277 2674
3036 3536 2674
626 1126 2672
1378 1878 2672
2864 3364 2670
1187 1687 2668
1636 2136 2668
1824 2324 2662
2855 3355 2656
3036 3536 2656
402 902 2654
3029 3529 2652
2315 2815 2652
400 900 2650
1806 2306 2648
3114 3614 2648
2109 2609 2646
248 748 2646
2815 3315 2646
3132 3632 2642
2684 3184 2640
2551 3051 2638
377 877 2634
2967 3467 2630
2559 3059 2628
384 884 2628
3085 3585 2628
2656 3156 2626
1555 2055 2624
506 1006 2624
2912 3412 2622
1925 2425 2620
1253 1753 2618
1481 1981 2618
2729 3229 2618
1379 1879 2614
2634 3134 2612
641 1141 2612
2338 2838 2610
1015 1515 2610
1279 1779 2608
1330 1830 2608
2203 2703 2604
948 1448 2604
2458 2958 2602
1772 2272 2602
2948 3448 2600
2276 2776 2598
957 1457 2596
1214 1714 2596
954 1454 2594
679 1179 2590
2662 3162 2588
2664 3164 2586
2893 3393 2584
2995 3495 2582
752 1252 2580
2524 3024 2580
58 558 2580
705 1205 2580
1194 1694 2578
2609 3109 2572
1989 2489 2570
688 1188 2568
2281 2781 2568
2757 3257 2564
1099 1599 2564
2826 3326 2558
2894 3394 2558
481 981 2554
3062 3562 2554
1248 1748 2550
792 1292 2550
2909 3409 2550
1100 1600 2548
1738 2238 2548
1943 2443 2548
432 932 2542
1466 1966 2542
240 740 2542
2958 3458 2540
3218 3718 2538
2773 3273 2538
1520 2020 2536
1114 1614 2534
63 563 2534
978 1478 2532
1289 1789 2532
1500 2000 2532
1718 2218 2530
2763 3263 2528
943 1443 2526
2942 3442 2520
2360 2860 2520
1460 1960 2518
1958 2458 2518
3130 3630 2518
2646 3146 2518
2390 2890 2516
3120 3620 2516
1478 1978 2516
1771 2271 2512
3194 3694 2512
3060 3560 2512
1843 2343 2510
418 918 2508
2035 2535 2506
1239 1739 2506
2702 3202 2506
2520 3020 2504
1610 2110 2504
3193 3693 2502
3205 3705 2500
652 1152 2500
2889 3389 2500
1874 2374 2498
167 667 2498
1812 2312 2498
537 1037 2496
1438 1938 2496
2491 2991 2492
2209 2709 2492
1996 2496 2490
441 941 2488
2457 2957 2486
1163 1663 2486
2112 2612 2484
964 1464 2484
3105 3605 2482
1806 2306 2480
1496 1996 2480
1247 1747 2478
578 1078 2474
3062 3562 2472
2304 2804 2472
23 523 2470
1402 1902 2468
3255 3755 2466
2419 2919 2462
1806 2306 2462
1423 1923 2460
2274 2774 2456
2671 3171 2454
733 1233 2454
2968 3468 2452
1467 1967 2450
2045 2545 2450
2254 2754 2448
2210 2710 2448
2507 3007 2448
2776 3276 2446
3262 3762 2444
759 1259 2442
2270 2770 2442
3021 3521 2440
1385 1885 2440
603 1103 2438
2028 2528 2438
2704 3204 2436
3068 3568 2436
2854 3354 2436
3269 3769 2432
560 1060 2430
1622 2122 2430
585 1085 2430
2127 2627 2426
2325 2825 2424
399 899 2424
2532 3032 2422
1870 2370 2420
1698 2198 2420
2289 2789 2420
3267 3767 2418
2299 2799 2418
3140 3640 2416
3162 3662 2416
2465 2965 2416
2259 2759 2416
1538 2038 2414
1296 1796 2412
3209 3709 2412
208 708 2412
485 985 2410
197 697 2410
217 717 2410
1983 2483 2408
3212 3712 2406
2673 3173 2406
1453 1953 2404
622 1122 2404
3099 3599 2404
2850 3350 2404
1516 2016 2402
2641 3141 2402
754 1254 2400
3144 3644 2398
2333 2833 2396
1899 2399 2396
3278 3778 2394
2155 2655 2392
1407 1907 2390
1861 2361 2390
2216 2716 2388
101 601 2388
923 1423 2386
2841 3341 2384
737 1237 2382
2652 3152 2382
1944 2444 2382
1326 1826 2378
1363 1863 2376
3225 3725 2374
224 724 2372
2343 2843 2372
892 1392 2368
2826 3326 2368
616 1116 2366
2059 2559 2366
77 577 2362
3185 3685 2360
2074 2574 2358
2088 2588 2358
2160 2660 2356
3086 3586 2354
2324 2824 2354
2948 3448 2352
2889 3389 2350
172 672 2348
2608 3108 2346
3142 3642 2336
1856 2356 2334
2323 2823 2332
1539 2039 2328
1076 1576 2326
787 1287 2324
2512 3012 2322
2699 3199 2318
2156 2656 2318
2070 2570 2318
2985 3485 2318
1218 1718 2318
2769 3269 2318
2803 3303 2316
926 1426 2316
3328 3828 2316
3044 3544 2312
3192 3692 2312
1832 2332 2310
1894 2394 2310
2157 2657 2308
3098 3598 2308
2299 2799 2306
639 1139 2306
3034 3534 2304
2872 3372 2298
2268 2768 2296
1695 2195 2296
3117 3617 2296
614 1114 2294
1056 1556 2294
1717 2217 2290
56 556 2288
2670 3170 2288
2381 2881 2286
2679 3179 2286
791 1291 2284
3338 3838 2284
3083 3583 2282
3237 3737 2282
2322 2822 2280
1482 1982 2278
3108 3608 2278
3043 3543 2276
1494 1994 2276
2330 2830 2274
3149 3649 2274
3202 3702 2274
2822 3322 2272
503 1003 2270
110 610 2266
2314 2814 2264
1626 2126 2264
3131 3631 2262
1095 1595 2260
2747 3247 2260
2282 2782 2258
3296 3796 2258
2327 2827 2258
2821 3321 2256
1432 1932 2256
105 605 2254
2636 3136 2252
3320 3820 2250
2907 3407 2250
1525 2025 2246
844 1344 2246
209 709 2246
1873 2373 2246
1096 1596 2246
2373 2873 2240
1040 1540 2240
3360 3860 2238
2809 3309 2236
1130 1630 2236
3280 3780 2234
1841 2341 2234
2979 3479 2232
3321 3821 2232
1396 1896 2232
3171 3671 2230
3193 3693 2228
1900 2400 2222
2065 2565 2222
377 877 2222
1136 1636 2220
677 1177 2218
2641 3141 2216
2993 3493 2216
2873 3373 2214
2741 3241 2212
1196 1696 2210
247 747 2210
3301 3801 2208
3200 3700 2204
3101 3601 2204
2950 3450 2204
3272 3772 2202
2777 3277 2200
1820 2320 2198
139 639 2196
3028 3528 2196
1342 1842 2192
3138 3638 2188
2942 3442 2184
1070 1570 2180
3408 3908 2180
2079 2579 2178
1615 2115 2176
2271 2771 2176
3400 3900 2174
2854 3354 2172
165 665 2166
3295 3795 2164
3252 3752 2164
2978 3478 2162
286 786 2162
646 1146 2154
3090 3590 2150
1803 2303 2146
2080 2580 2144
1183 1683 2142
3254 3754 2142
903 1403 2142
3338 3838 2138
1667 2167 2138
2890 3390 2136
2891 3391 2136
1094 1594 2134
802 1302 2134
102 602 2134
2440 2940 2132
2703 3203 2132
1709 2209 2132
580 1080 2132
2838 3338 2130
2332 2832 2130
1856 2356 2130
2904 3404 2128
2816 3316 2128
742 1242 2126
626 1126 2126
2874 3374 2126
2743 3243 2124
2924 3424 2120
763 1263 2118
3435 3935 2114
628 1128 2114
1872 2372 2112
2783 3283 2108
3420 3920 2106
161 661 2104
3272 3772 2104
1540 2040 2102
3354 3854 2100
2716 3216 2096
3111 3611 2096
2472 2972 2094
2898 3398 2094
3204 3704 2094
1082 1582 2092
2779 3279 2090
2931 3431 2090
3245 3745 2088
1034 1534 2088
2066 2566 2088
1734 2234 2086
2799 3299 2084
2706 3206 2084
1561 2061 2082
464 964 2080
2887 3387 2080
2929 3429 2078
1352 1852 2074
549 1049 2072
1035 1535 2070
3313 3813 2066
1774 2274 2066
3306 3806 2064
1510 2010 2064
3160 3660 2064
2498 2998 2062
3371 3871 2062
3163 3663 2060
2816 3316 2060
919 1419 2058
3437 3937 2054
17 517 2050
3228 3728 2048
1888 2388 2046
3091 3591 2046
2669 3169 2044
1423 1923 2044
3385 3885 2044
2734 3234 2040
193 693 2040
3387 3887 2040
2728 3228 2038
1987 2487 2034
977 1477 2034
3039 3539 2032
1989 2489 2030
1634 2134 2028
1591 2091 2028
1651 2151 2026
3384 3884 2026
1860 2360 2024
1411 1911 2018
3478 3978 2018
2023 2523 2016
3269 3769 2016
2772 3272 2014
2879 3379 2010
2433 2933 2008
2657 3157 2008
1719 2219 2006
2324 2824 2006
2687 3187 2006
2744 3244 2006
2239 2739 2002
2981 3481 2002
3263 3763 2002
1263 1763 2002
3305 3805 2000
3149 3649 1998
2624 3124 1996
2077 2577 1992
3249 3749 1990
3118 3618 1990
2903 3403 1988
2387 2887 1988
3079 3579 1988
3373 3873 1986
1650 2150 1986
673 1173 1986
2716 3216 1984
350 850 1984
1948 2448 1978
3293 3793 1978
3138 3638 1978
1911 2411 1978
241 741 1976
1144 1644 1974
140 640 1974
3278 3778 1972
2458 2958 1970
3293 3793 1970
1613 2113 1970
2633 3133 1970
2758 3258 1970
502 1002 1968
2972 3472 1964
3352 3852 1964
2876 3376 1964
3388 3888 1964
2801 3301 1962
3461 3961 1962
2245 2745 1960
2339 2839 1958
2859 3359 1958
1481 1981 1958
1701 2201 1956
1361 1861 1956
1189 1689 1954
1782 2282 1946
2772 3272 1944
2853 3353 1944
699 1199 1942
790 1290 1942
2459 2959 1942
3276 3776 1940
1634 2134 1938
217 717 1938
2523 3023 1938
934 1434 1934
2415 2915 1932
490 990 1930
2718 3218 1928
3278 3778 1926
3136 3636 1924
2857 3357 1922
1777 2277 1922
982 1482 1920
288 788 1920
3142 3642 1918
2134 2634 1916
187 687 1916
95 595 1914
3451 3951 1914
569 1069 1914
1751 2251 1912
2527 3027 1910
3388 3888 1910
2849 3349 1908
1745 2245 1906
1595 2095 1904
1401 1901 1900
253 753 1898
2097 2597 1898
1623 2123 1896
1888 2388 1896
2110 2610 1894
2416 2916 1892
3511 4011 1892
1494 1994 1890
151 651 1886
2736 3236 1886
3289 3789 1886
2945 3445 1884
1846 2346 1882
1228 1728 1882
3407 3907 1880
550 1050 1880
2626 3126 1878
58 558 1876
3316 3816 1876
1249 1749 1874
1847 2347 1874
2888 3388 1872
3190 3690 1872
3370 3870 1872
2085 2585 1868
2981 3481 1868
3535 4035 1868
3333 3833 1868
1653 2153 1866
214 714 1866
858 1358 1862
2169 2669 1862
2905 3405 1854
1984 2484 1852
158 658 1850
1026 1526 1850
3210 3710 1850
889 1389 1850
3118 3618 1848
1991 2491 1846
2583 3083 1844
3232 3732 1844
2524 3024 1844
3158 3658 1844
2216 2716 1844
1050 1550 1842
3429 3929 1838
2520 3020 1838
3104 3604 1838
2136 2636 1836
2754 3254 1834
1817 2317 1830
3412 3912 1828
3398 3898 1826
3292 3792 1826
1479 1979 1826
3459 3959 1824
1263 1763 1824
2433 2933 1822
3472 3972 1820
2231 2731 1820
2643 3143 1818
3163 3663 1818
1729 2229 1818
3535 4035 1814
3573 4073 1814
1773 2273 1814
1829 2329 1812
1281 1781 1808
1454 1954 1808
3046 3546 1802
2206 2706 1802
991 1491 1802
2071 2571 1798
2194 2694 1798
1104 1604 1798
2427 2927 1798
3208 3708 1796
2950 3450 1796
343 843 1794
3077 3577 1790
3602 4102 1790
3497 3997 1788
3587 4087 1786
3586 4086 1786
3202 3702 1786
2362 2862 1784
3236 3736 1784
1003 1503 1784
417 917 1782
1373 1873 1782
3271 3771 1778
1215 1715 1776
1157 1657 1774
2576 3076 1772
3360 3860 1770
2891 3391 1770
2401 2901 1770
1875 2375 1768
1674 2174 1768
708 1208 1766
979 1479 1766
2922 3422 1764
3589 4089 1764
818 1318 1764
1366 1866 1764
2479 2979 1762
748 1248 1762
3475 3975 1760
3441 3941 1758
3418 3918 1758
3298 3798 1758
1933 2433 1758
3068 3568 1758
3311 3811 1756
609 1109 1756
3298 3798 1754
1434 1934 1754
3192 3692 1750
2474 2974 1750
3572 4072 1750
3508 4008 1750
1788 2288 1748
886 1386 1748
2595 3095 1746
1261 1761 1746
1366 1866 1744
1460 1960 1742
2885 3385 1742
2951 3451 1742
2856 3356 1742
3230 3730 1738
3415 3915 1736
40 540 1736
2801 3301 1734
1231 1731 1734
3258 3758 1732
3060 3560 1730
3207 3707 1730
1476 1976 1730
3291 3791 1728
3348 3848 1728
2870 3370 1728
980 1480 1724
2287 2787 1722
3041 3541 1722
2561 3061 1720
2252 2752 1720
3014 3514 1720
2195 2695 1718
2239 2739 1716
1539 2039 1716
1338 1838 1712
3241 3741 1710
2460 2960 1708
2774 3274 1708
3174 3674 1706
74 574 1704
3045 3545 1704
3406 3906 1704
3513 4013 1704
3210 3710 1704
418 918 1702
2176 2676 1702
3217 3717 1702
1982 2482 1700
1539 2039 1696
499 999 1696
2345 2845 1694
2795 3295 1694
1243 1743 1694
158 658 1692
2928 3428 1688
226 726 1686
1909 2409 1684
1423 1923 1684
3290 3790 1678
1402 1902 1678
1035 1535 1676
2586 3086 1674
3337 3837 1674
3275 3775 1674
1078 1578 1674
2485 2985 1674
2847 3347 1668
3556 4056 1668
3580 4080 1668
3307 3807 1664
2754 3254 1664
415 915 1664
1234 1734 1662
3021 3521 1662
927 1427 1662
1622 2122 1660
932 1432 1660
3595 4095 1660
3427 3927 1660
2941 3441 1658
3221 3721 1658
3042 3542 1658
3427 3927 1656
2776 3276 1656
3209 3709 1656
2824 3324 1654
3488 3988 1654
2498 2998 1654
2570 3070 1652
418 918 1652
3463 3963 1650
238 738 1648
2938 3438 1648
2273 2773 1648
1964 2464 1646
1425 1925 1644
2606 3106 1644
3576 4076 1644
3502 4002 1638
156 656 1636
3663 4163 1634
2039 2539 1634
1824 2324 1634
3195 3695 1634
3093 3593 1628
2179 2679 1628
2655 3155 1628
2834 3334 1628
1020 1520 1628
2097 2597 1628
2442 2942 1626
173 673 1624
1238 1738 1622
3648 4148 1622
268 768 1620
3534 4034 1620
2963 3463 1620
2295 2795 1618
2526 3026 1618
1252 1752 1614
3530 4030 1614
1962 2462 1612
1303 1803 1612
2121 2621 1612
2744 3244 1612
3243 3743 1608
878 1378 1608
2937 3437 1608
2682 3182 1604
3306 3806 1602
2999 3499 1602
2139 2639 1600
1874 2374 1598
2443 2943 1596
2738 3238 1594
3431 3931 1592
3241 3741 1592
574 1074 1592
3097 3597 1590
2655 3155 1590
2456 2956 1590
533 1033 1590
2821 3321 1588
1396 1896 1588
242 742 1586
1955 2455 1584
2929 3429 1584
3347 3847 1580
3013 3513 1578
707 1207 1576
3468 3968 1574
1900 2400 1570
2093 2593 1570
1432 1932 1568
1372 1872 1568
1632 2132 1566
2982 3482 1564
151 651 1564
3376 3876 1560
2128 2628 1558
372 872 1558
720 1220 1556
3597 4097 1554
3306 3806 1552
855 1355 1552
1735 2235 1548
3682 4182 1546
480 980 1546
1125 1625 1544
3549 4049 1544
3620 4120 1544
3573 4073 1540
2823 3323 1540
2788 3288 1536
3426 3926 1536
2508 3008 1536
2904 3404 1534
2481 2981 1534
2192 2692 1532
209 709 1532
237 737 1532
3661 4161 1530
3634 4134 1530
2399 2899 1526
3310 3810 1524
2302 2802 1524
3710 4210 1524
1656 2156 1524
301 801 1524
3553 4053 1522
3633 4133 1522
3114 3614 1522
3220 3720 1518
1065 1565 1518
2914 3414 1516
3316 3816 1516
3700 4200 1516
3124 3624 1514
3385 3885 1512
2918 3418 1510
3693 4193 1510
3175 3675 1510
1168 1668 1506
2181 2681 1506
3381 3881 1506
2892 3392 1502
2211 2711 1502
3515 4015 1502
2612 3112 1502
2120 2620 1500
1883 2383 1500
253 753 1500
1585 2085 1498
2471 2971 1498
3139 3639 1494
510 1010 1494
526 1026 1492
2208 2708 1492
2934 3434 1492
1939 2439 1488
3415 3915 1488
2542 3042 1488
3628 4128 1488
3347 3847 1488
2955 3455 1486
2575 3075 1486
3290 3790 1486
2963 3463 1484
3631 4131 1482
2757 3257 1476
2237 2737 1476
2576 3076 1472
3005 3505 1470
1937 2437 1468
2969 3469 1466
3253 3753 1466
2330 2830 1466
1743 2243 1466
2941 3441 1466
2245 2745 1464
109 609 1464
3727 4227 1464
3606 4106 1464
2880 3380 1462
1471 1971 1462
3734 4234 1460
326 826 1460
987 1487 1460
3255 3755 1460
3200 3700 1458
2347 2847 1458
3488 3988 1456
1862 2362 1448
2414 2914 1448
3434 3934 1448
3600 4100 1444
1038 1538 1442
1700 2200 1442
3139 3639 1442
3638 4138 1440
1387 1887 1440
3139 3639 1438
3567 4067 1438
206 706 1436
2039 2539 1436
2108 2608 1436
1004 1504 1434
3430 3930 1434
2481 2981 1432
2438 2938 1432
3609 4109 1430
2511 3011 1428
3700 4200 1428
3036 3536 1428
959 1459 1426
3606 4106 1422
2557 3057 1422
3015 3515 1422
1779 2279 1418
3200 3700 1418
3486 3986 1418
3289 3789 1416
1366 1866 1416
3780 4280 1414
1673 2173 1414
624 1124 1414
1030 1530 1414
3357 3857 1414
1192 1692 1414
3690 4190 1414
2367 2867 1412
3657 4157 1410
2347 2847 1410
70 570 1410
180 680 1408
901 1401 1408
3262 3762 1406
3208 3708 1404
3788 4288 1402
3066 3566 1402
3718 4218 1400
3160 3660 1396
3156 3656 1394
1414 1914 1394
989 1489 1392
2080 2580 1390
3529 4029 1390
2149 2649 1390
258 758 1388
133 633 1386
3794 4294 1386
3544 4044 1386
3339 3839 1386
3763 4263 1384
2805 3305 1384
1306 1806 1382
3626 4126 1380
2335 2835 1380
2055 2555 1380
3410 3910 1376
1828 2328 1376
1997 2497 1376
2108 2608 1376
3757 4257 1374
2293 2793 1372
2850 3350 1372
2438 2938 1370
3604 4104 1370
3452 3952 1368
3737 4237 1366
1633 2133 1364
2142 2642 1362
2631 3131 1362
1783 2283 1362
3588 4088 1360
3442 3942 1360
605 1105 1358
2265 2765 1358
3442 3942 1356
3217 3717 1356
2754 3254 1354
3517 4017 1352
2149 2649 1352
3473 3973 1348
2125 2625 1348
2313 2813 1346
1385 1885 1346
1607 2107 1346
1163 1663 1344
3638 4138 1342
2338 2838 1342
3373 3873 1340
2450 2950 1340
3629 4129 1340
1100 1600 1340
1745 2245 1338
2544 3044 1336
338 838 1336
3080 3580 1332
893 1393 1330
1710 2210 1328
3442 3942 1328
2098 2598 1322
3334 3834 1322
1057 1557 1322
1330 1830 1320
3683 4183 1320
3776 4276 1320
3325 3825 1318
3629 4129 1316
2815 3315 1312
1040 1540 1310
3821 4321 1310
2317 2817 1308
2876 3376 1308
3820 4320 1304
2154 2654 1304
3138 3638 1304
3556 4056 1304
3576 4076 1302
1924 2424 1298
2499 2999 1294
3196 3696 1294
3605 4105 1292
2608 3108 1292
3096 3596 1290
1858 2358 1290
3424 3924 1290
3166 3666 1288
1379 1879 1288
1625 2125 1286
3110 3610 1286
3348 3848 1286
3138 3638 1284
2227 2727 1282
3686 4186 1282
3786 4286 1280
3646 4146 1280
1853 2353 1280
2148 2648 1278
3718 4218 1276
3644 4144 1270
785 1285 1270
1938 2438 1270
3641 4141 1268
913 1413 1268
3586 4086 1268
3722 4222 1268
3452 3952 1268
2846 3346 1266
720 1220 1262
2206 2706 1262
3505 4005 1262
2042 2542 1262
3509 4009 1262
2941 3441 1262
1554 2054 1258
3782 4282 1258
3471 3971 1258
2161 2661 1254
1384 1884 1250
3756 4256 1248
3783 4283 1248
3397 3897 1246
2435 2935 1244
2589 3089 1244
2543 3043 1244
3231 3731 1244
1687 2187 1242
3121 3621 1240
2385 2885 1240
1125 1625 1234
2423 2923 1234
766 1266 1234
2157 2657 1230
2602 3102 1230
3577 4077 1228
2936 3436 1228
3468 3968 1226
3757 4257 1226
3154 3654 1226
53 553 1226
3531 4031 1224
3234 3734 1218
3408 3908 1218
3254 3754 1218
1423 1923 1216
3153 3653 1216
1500 2000 1214
1323 1823 1214
3160 3660 1210
1469 1969 1208
2402 2902 1204
1705 2205 1204
3859 4359 1204
1653 2153 1202
3345 3845 1202
2675 3175 1202
2794 3294 1202
3880 4380 1200
1253 1753 1198
3546 4046 1196
3275 3775 1196
1091 1591 1196
1982 2482 1196
231 731 1196
565 1065 1194
1726 2226 1194
3073 3573 1194
49 549 1194
89 589 1192
1493 1993 1190
3753 4253 1190
3102 3602 1188
3403 3903 1188
1983 2483 1188
3855 4355 1188
547 1047 1186
3572 4072 1186
2227 2727 1186
1880 2380 1184
3861 4361 1184
947 1447 1182
2500 3000 1182
1932 2432 1180
95 595 1178
3370 3870 1178
1807 2307 1176
3410 3910 1176
3881 4381 1176
3203 3703 1176
3747 4247 1174
2622 3122 1172
3434 3934 1172
626 1126 1172
2457 2957 1172
3805 4305 1170
2466 2966 1170
1576 2076 1168
2991 3491 1168
3584 4084 1166
3824 4324 1166
3495 3995 1166
3541 4041 1164
3847 4347 1164
1284 1784 1162
2665 3165 1162
2066 2566 1162
3335 3835 1162
2834 3334 1158
152 652 1158
415 915 1156
827 1327 1156
1845 2345 1156
640 1140 1152
3704 4204 1150
671 1171 1150
636 1136 1148
3658 4158 1148
3918 4418 1146
3757 4257 1144
3559 4059 1144
3395 3895 1144
1738 2238 1144
3765 4265 1142
2785 3285 1142
3043 3543 1142
102 602 1140
3923 4423 1140
1242 1742 1138
2972 3472 1138
3687 4187 1136
166 666 1136
2494 2994 1132
975 1475 1132
1340 1840 1132
3262 3762 1132
931 1431 1132
382 882 1130
2570 3070 1130
2777 3277 1128
3554 4054 1128
3093 3593 1128
1596 2096 1126
2360 2860 1126
2460 2960 1124
3699 4199 1122
705 1205 1118
2520 3020 1118
3869 4369 1116
3854 4354 1114
570 1070 1110
3184 3684 1110
2311 2811 1110
3039 3539 1110
3644 4144 1110
3905 4405 1108
1524 2024 1108
3937 4437 1106
1420 1920 1106
1271 1771 1106
3843 4343 1106
652 1152 1102
2391 2891 1102
3563 4063 1102
3621 4121 1100
3892 4392 1100
2410 2910 1100
3694 4194 1100
3310 3810 1098
3017 3517 1098
3464 3964 1096
35 535 1096
3041 3541 1094
3863 4363 1094
2398 2898 1094
644 1144 1092
2032 2532 1092
3617 4117 1090
3798 4298 1090
3735 4235 1088
3135 3635 1086
1472 1972 1086
3912 4412 1086
174 674 1084
3452 3952 1084
182 682 1082
3829 4329 1082
29 529 1082
2866 3366 1080
1251 1751 1080
3935 4435 1078
316 816 1078
1995 2495 1076
3839 4339 1072
2932 3432 1072
629 1129 1072
3454 3954 1072
1593 2093 1070
3249 3749 1070
2201 2701 1068
1677 2177 1068
3897 4397 1066
3713 4213 1066
3616 4116 1066
2255 2755 1066
3717 4217 1064
3527 4027 1064
3571 4071 1064
3886 4386 1064
1846 2346 1062
3839 4339 1060
3928 4428 1060
3025 3525 1058
2502 3002 1058
3823 4323 1058
2415 2915 1058
3577 4077 1058
684 1184 1058
1519 2019 1056
3153 3653 1054
2872 3372 1054
2221 2721 1054
3136 3636 1054
2018 2518 1054
1275 1775 1054
3520 4020 1054
3663 4163 1054
3307 3807 1052
2756 3256 1052
3717 4217 1052
3145 3645 1048
1220 1720 1048
3775 4275 1046
941 1441 1046
3363 3863 1044
2942 3442 1044
2838 3338 1044
3387 3887 1042
1161 1661 1042
3141 3641 1042
172 672 1042
928 1428 1040
2879 3379 1040
2665 3165 1040
2461 2961 1038
3771 4271 1038
3590 4090 1036
3017 3517 1036
3838 4338 1036
3565 4065 1034
77 577 1034
3316 3816 1034
2170 2670 1034
2856 3356 1032
3108 3608 1032
3368 3868 1032
3352 3852 1032
1100 1600 1032
2896 3396 1032
3245 3745 1030
1052 1552 1030
3748 4248 1028
2083 2583 1026
2852 3352 1026
3870 4370 1024
3205 3705 1024
2867 3367 1022
2640 3140 1022
17 517 1022
2763 3263 1020
3671 4171 1020
3598 4098 1020
2892 3392 1018
1061 1561 1018
1273 1773 1018
3258 3758 1016
2820 3320 1016
1686 2186 1016
2975 3475 1016
3936 4436 1016
2126 2626 1016
2483 2983 1014
1069 1569 1012
2697 3197 1012
3950 4450 1010
3067 3567 1008
2832 3332 1008
2511 3011 1006
2779 3279 1006
2405 2905 1004
1504 2004 1004
2947 3447 1002
1577 2077 1000
3862 4362 1000
256 756 1000
2595 3095 998
2999 3499 998
3144 3644 996
2893 3393 996
3574 4074 996
3874 4374 996
3339 3839 994
1787 2287 992
3596 4096 990
4004 4504 990
3555 4055 988
3463 3963 986
1498 1998 986
1066 1566 986
3295 3795 984
471 971 984
3544 4044 982
3886 4386 982
2728 3228 980
3889 4389 978
3554 4054 974
2937 3437 974
132 632 974
3959 4459 972
1205 1705 972
3308 3808 972
3957 4457 972
1463 1963 972
957 1457 970
690 1190 970
2682 3182 970
2057 2557 968
3577 4077 966
3410 3910 966
2962 3462 966
3896 4396 966
2648 3148 964
2209 2709 964
3745 4245 964
2070 2570 964
1870 2370 964
3461 3961 962
3780 4280 962
3533 4033 960
3221 3721 958
3900 4400 958
3417 3917 958
3804 4304 958
3289 3789 958
1500 2000 956
1634 2134 956
1440 1940 956
200 700 954
3790 4290 954
3575 4075 954
1251 1751 954
3300 3800 952
1109 1609 950
3542 4042 950
3535 4035 950
3822 4322 950
1464 1964 950
2805 3305 948
3794 4294 946
3618 4118 944
2726 3226 944
1251 1751 942
3270 3770 942
3862 4362 938
3273 3773 936
1688 2188 936
14 514 936
656 1156 936
2283 2783 936
3219 3719 936
2301 2801 934
2402 2902 934
2398 2898 934
3656 4156 932
4015 4515 932
2214 2714 930
2148 2648 930
3265 3765 930
2505 3005 926
3604 4104 926
1708 2208 924
1331 1831 924
3319 3819 922
3069 3569 922
1633 2133 918
1125 1625 918
1796 2296 916
1422 1922 916
3715 4215 914
3961 4461 914
2457 2957 912
3739 4239 912
2895 3395 912
2828 3328 912
3009 3509 908
3625 4125 908
1747 2247 906
3780 4280 906
360 860 906
1769 2269 906
3902 4402 906
3848 4348 904
3822 4322 904
3163 3663 902
2612 3112 902
2797 3297 902
222 722 902
3945 4445 900
1816 2316 898
190 690 898
4014 4514 896
1068 1568 896
2042 2542 894
3974 4474 894
4050 4550 892
739 1239 892
3004 3504 890
3097 3597 890
4008 4508 890
4050 4550 888
3712 4212 888
3412 3912 888
3690 4190 888
835 1335 886
329 829 884
3385 3885 884
4055 4555 884
2853 3353 882
2887 3387 882
3752 4252 882
2251 2751 882
734 1234 880
3567 4067 878
3537 4037 878
2914 3414 876
2891 3391 876
3699 4199 876
4045 4545 876
3913 4413 874
2871 3371 872
2683 3183 870
166 666 870
3314 3814 870
1306 1806 866
3619 4119 866
3720 4220 864
227 727 864
4010 4510 864
171 671 864
4009 4509 862
826 1326 858
3555 4055 856
3900 4400 856
1692 2192 856
3650 4150 852
2037 2537 852
3969 4469 852
4040 4540 850
4014 4514 850
3808 4308 848
3672 4172 848
1189 1689 848
1501 2001 848
3675 4175 844
3477 3977 842
2855 3355 842
2145 2645 842
3964 4464 840
2514 3014 840
3172 3672 840
2493 2993 840
4003 4503 836
971 1471 834
3321 3821 834
2257 2757 834
3157 3657 832
3535 4035 832
3852 4352 830
2024 2524 830
3441 3941 830
3850 4350 828
3808 4308 828
3385 3885 828
3011 3511 828
3814 4314 826
3440 3940 826
3296 3796 826
3962 4462 824
3860 4360 824
195 695 824
3130 3630 820
1056 1556 818
36 536 818
3507 4007 818
1217 1717 818
3929 4429 818
4064 4564 814
1023 1523 814
1708 2208 814
478 978 812
3651 4151 812
3975 4475 812
2335 2835 810
3007 3507 810
2310 2810 810
3140 3640 808
3086 3586 808
3988 4488 808
2497 2997 808
3990 4490 806
3534 4034 806
2099 2599 804
648 1148 804
1879 2379 804
3701 4201 804
1406 1906 802
3677 4177 802
2134 2634 800
1858 2358 800
2707 3207 798
3803 4303 796
3966 4466 794
3796 4296 792
1887 2387 792
3593 4093 792
4001 4501 790
2721 3221 790
3846 4346 788
3194 3694 788
2888 3388 786
3437 3937 786
2357 2857 784
2968 3468 784
3244 3744 784
633 1133 784
2806 3306 784
3860 4360 784
3795 4295 782
3943 4443 782
2503 3003 782
4043 4543 782
3695 4195 778
2307 2807 778
3331 3831 776
3207 3707 776
3971 4471 774
2857 3357 774
3664 4164 770
1298 1798 770
3629 4129 768
4058 4558 768
1211 1711 766
3639 4139 766
4082 4582 766
1987 2487 764
3986 4486 762
2847 3347 762
3124 3624 762
3414 3914 762
3553 4053 758
3971 4471 756
3866 4366 754
4092 4592 754
3461 3961 752
3526 4026 752
4031 4531 752
733 1233 750
3962 4462 750
4085 4585 748
490 990 748
1358 1858 746
2678 3178 746
3989 4489 746
3505 4005 746
1439 1939 746
3307 3807 744
1520 2020 744
149 649 742
3733 4233 742
4004 4504 742
1223 1723 740
4104 4604 740
1186 1686 738
406 906 738
3802 4302 738
2222 2722 738
169 669 736
3423 3923 734
2935 3435 732
3540 4040 732
4045 4545 728
3913 4413 728
2763 3263 728
4133 4633 728
3158 3658 728
2032 2532 728
1956 2456 724
3701 4201 724
1184 1684 724
272 772 722
3359 3859 722
3861 4361 720
2945 3445 720
1732 2232 720
549 1049 720
268 768 720
4134 4634 720
3077 3577 718
2936 3436 716
3429 3929 714
4035 4535 714
1985 2485 712
1291 1791 712
4130 4630 712
2689 3189 708
3601 4101 708
563 1063 708
3455 3955 708
3937 4437 708
90 590 708
1525 2025 708
4030 4530 706
2722 3222 706
2034 2534 706
3952 4452 704
1922 2422 704
3463 3963 704
3498 3998 704
1875 2375 704
3682 4182 702
1888 2388 702
3424 3924 702
3773 4273 700
523 1023 696
2448 2948 696
3657 4157 692
3564 4064 690
4125 4625 688
3037 3537 688
2832 3332 686
4138 4638 684
1933 2433 684
2820 3320 684
3482 3982 684
3031 3531 682
3803 4303 682
3953 4453 680
3099 3599 680
3619 4119 680
2690 3190 680
3316 3816 680
2301 2801 680
2482 2982 678
3355 3855 678
3384 3884 678
2988 3488 678
3712 4212 676
3909 4409 676
3648 4148 674
3997 4497 674
3935 4435 672
2214 2714 672
1477 1977 672
1573 2073 672
1891 2391 670
3568 4068 670
4065 4565 670
3829 4329 668
3657 4157 668
3792 4292 668
3757 4257 666
3786 4286 664
4135 4635 664
10 510 664
3997 4497 664
2048 2548 662
2329 2829 662
4135 4635 658
3926 4426 658
2264 2764 658
3668 4168 658
1949 2449 658
2279 2779 656
2755 3255 656
4086 4586 656
3489 3989 656
3700 4200 652
3818 4318 652
4064 4564 650
3272 3772 650
4009 4509 650
1602 2102 650
2875 3375 650
3615 4115 646
3849 4349 646
3908 4408 642
3467 3967 642
2130 2630 642
3128 3628 642
645 1145 642
3191 3691 642
3231 3731 640
3983 4483 640
3899 4399 640
1666 2166 640
3995 4495 638
4004 4504 638
3087 3587 636
3910 4410 636
3431 3931 636
3469 3969 634
3995 4495 632
3893 4393 632
4167 4667 632
2461 2961 632
4079 4579 630
1333 1833 630
4169 4669 630
3509 4009 630
3995 4495 630
3908 4408 628
3546 4046 628
3145 3645 628
746 1246 626
3580 4080 626
4113 4613 626
1798 2298 626
2850 3350 626
100 600 626
3169 3669 624
4053 4553 622
4083 4583 622
2680 3180 622
4180 4680 622
2439 2939 622
4044 4544 620
2465 2965 618
260 760 618
2935 3435 618
3901 4401 616
2724 3224 616
3490 3990 616
649 1149 616
144 644 616
3918 4418 614
4161 4661 614
4171 4671 614
405 905 612
4033 4533 612
4059 4559 612
2910 3410 610
4192 4692 610
2465 2965 610
3933 4433 610
3342 3842 610
352 852 610
2434 2934 608
3997 4497 608
3599 4099 608
3847 4347 606
4165 4665 606
3047 3547 606
2400 2900 604
2974 3474 604
2772 3272 604
4028 4528 604
2628 3128 604
1553 2053 604
4069 4569 602
3932 4432 602
4175 4675 600
2957 3457 600
3964 4464 600
424 924 600
3886 4386 600
3799 4299 598
4096 4596 598
452 952 598
982 1482 598
971 1471 598
4107 4607 596
4058 4558 596
2796 3296 596
2601 3101 596
3712 4212 596
4000 4500 596
3835 4335 594
1533 2033 594
3492 3992 594
2887 3387 592
4151 4651 592
3131 3631 592
4135 4635 592
3884 4384 590
3407 3907 588
1759 2259 588
412 912 586
2031 2531 586
1489 1989 584
3689 4189 582
4059 4559 582
3504 4004 582
3779 4279 582
4146 4646 582
2897 3397 580
4055 4555 580
4202 4702 580
3316 3816 580
4192 4692 580
2230 2730 580
2429 2929 578
2642 3142 578
1053 1553 578
3176 3676 578
4157 4657 576
3942 4442 576
3391 3891 576
589 1089 574
1637 2137 574
3467 3967 572
3887 4387 572
1347 1847 570
3721 4221 570
4020 4520 570
2184 2684 568
3591 4091 568
3770 4270 568
2888 3388 568
2086 2586 568
3634 4134 566
1106 1606 566
3874 4374 564
3476 3976 564
3784 4284 564
3340 3840 562
3080 3580 562
3855 4355 562
4168 4668 562
953 1453 560
4203 4703 560
2578 3078 560
3433 3933 560
3977 4477 560
3956 4456 558
4075 4575 558
4213 4713 558
3028 3528 558
869 1369 558
3737 4237 556
2904 3404 556
3845 4345 556
4161 4661 556
3624 4124 554
3991 4491 554
3920 4420 554
2750 3250 552
4094 4594 552
3850 4350 552
3756 4256 550
1598 2098 550
3218 3718 550
1654 2154 548
4106 4606 546
4107 4607 544
3726 4226 544
3990 4490 544
4162 4662 542
3132 3632 542
3255 3755 542
4212 4712 542
3067 3567 542
3986 4486 542
4059 4559 540
1247 1747 540
3537 4037 540
3597 4097 536
643 1143 534
1210 1710 534
84 584 534
2404 2904 534
4230 4730 534
3670 4170 532
2805 3305 532
4084 4584 532
3680 4180 530
4033 4533 528
1750 2250 528
793 1293 528
2642 3142 528
3896 4396 528
1420 1920 526
2242 2742 526
3726 4226 526
3537 4037 526
1216 1716 526
4222 4722 526
4221 4721 522
1003 1503 522
3983 4483 522
3429 3929 522
3648 4148 522
2681 3181 520
4186 4686 518
3827 4327 518
2560 3060 518
884 1384 518
2583 3083 516
3152 3652 516
2064 2564 516
2237 2737 514
3721 4221 510
1204 1704 510
1270 1770 510
3348 3848 510
4208 4708 508
2326 2826 506
2677 3177 506
292 792 504
4014 4514 504
4173 4673 504
4065 4565 504
3936 4436 502
3543 4043 502
2584 3084 500
4217 4717 500
675 1175 500
3004 3504 500
3725 4225 500
3974 4474 498
3957 4457 498
3859 4359 496
4139 4639 496
3179 3679 496
4192 4692 494
3996 4496 494
455 955 494
4233 4733 494
3539 4039 494
3946 4446 492
3166 3666 492
4071 4571 492
1442 1942 492
4238 4738 492
4235 4735 490
3865 4365 490
1553 2053 490
2113 2613 488
2426 2926 488
4086 4586 488
2830 3330 488
2590 3090 488
3851 4351 486
569 1069 486
2840 3340 486
75 575 486
3246 3746 484
3576 4076 484
3545 4045 484
1925 2425 482
2528 3028 482
4257 4757 482
3935 4435 480
4131 4631 480
4257 4757 480
3735 4235 480
4041 4541 478
4256 4756 478
4249 4749 478
4140 4640 478
2857 3357 478
3872 4372 476
1448 1948 476
3906 4406 474
1579 2079 474
1446 1946 474
3180 3680 474
4239 4739 472
3945 4445 472
2791 3291 472
2890 3390 470
4259 4759 470
3013 3513 470
4198 4698 470
3455 3955 468
1428 1928 468
3848 4348 468
249 749 468
2467 2967 468
4159 4659 466
4119 4619 466
4221 4721 466
2413 2913 466
1957 2457 466
3376 3876 464
2925 3425 464
3748 4248 464
3359 3859 464
467 967 464
330 830 464
2608 3108 464
1831 2331 464
3855 4355 464
4256 4756 462
3404 3904 462
2112 2612 462
4179 4679 462
3892 4392 462
3944 4444 460
1900 2400 456
4040 4540 456
3690 4190 454
3746 4246 452
4210 4710 452
3963 4463 452
3525 4025 452
2365 2865 452
4203 4703 450
3408 3908 450
3258 3758 450
2504 3004 450
3925 4425 448
1993 2493 448
2150 2650 448
240 740 446
4115 4615 446
3807 4307 446
3133 3633 444
3081 3581 442
911 1411 442
3864 4364 442
1718 2218 442
3958 4458 442
2503 3003 442
4105 4605 440
3029 3529 440
1059 1559 438
3715 4215 438
3938 4438 438
4105 4605 438
1885 2385 436
4274 4774 436
4051 4551 434
2994 3494 432
3044 3544 432
3783 4283 432
2956 3456 432
4238 4738 432
3314 3814 430
4215 4715 430
4136 4636 430
1415 1915 428
3647 4147 428
3614 4114 428
3401 3901 426
3868 4368 426
3069 3569 426
3174 3674 424
3963 4463 424
3597 4097 422
2966 3466 422
1431 1931 420
952 1452 420
2628 3128 420
4128 4628 420
1357 1857 418
4111 4611 418
1810 2310 418
3073 3573 418
8 508 416
1466 1966 416
3958 4458 414
1394 1894 414
1502 2002 414
4224 4724 414
1289 1789 412
4238 4738 412
1371 1871 412
1277 1777 408
354 854 408
3942 4442 408
3750 4250 408
3727 4227 408
2098 2598 406
3951 4451 406
4007 4507 404
179 679 402
4006 4506 402
4241 4741 402
2387 2887 400
3402 3902 400
4027 4527 400
3835 4335 400
3743 4243 400
4028 4528 400
3920 4420 400
3025 3525 398
4287 4787 398
3038 3538 398
2994 3494 398
4249 4749 396
2480 2980 396
3045 3545 394
3851 4351 394
2800 3300 394
3082 3582 394
4137 4637 394
715 1215 394
3881 4381 392
4222 4722 392
1924 2424 392
3427 3927 390
3059 3559 390
2737 3237 390
3794 4294 390
3709 4209 390
4178 4678 388
2166 2666 388
1569 2069 386
2553 3053 386
3122 3622 386
3872 4372 386
4046 4546 384
4116 4616 384
4288 4788 384
4228 4728 382
3600 4100 382
4251 4751 382
4218 4718 382
4181 4681 382
1030 1530 382
632 1132 380
4237 4737 380
4197 4697 380
3600 4100 380
4119 4619 380
940 1440 378
4278 4778 378
2858 3358 376
2902 3402 374
2428 2928 374
545 1045 372
2330 2830 372
4219 4719 370
4097 4597 370
4090 4590 368
1347 1847 368
4036 4536 368
4101 4601 368
3987 4487 368
3727 4227 368
3333 3833 366
4191 4691 366
4015 4515 364
136 636 364
4139 4639 364
4204 4704 362
4245 4745 362
4184 4684 362
314 814 360
2344 2844 360
2817 3317 360
127 627 358
2525 3025 358
4031 4531 358
1177 1677 358
4310 4810 358
3371 3871 356
3565 4065 356
4001 4501 356
702 1202 354
3482 3982 354
1748 2248 354
3506 4006 352
3988 4488 352
1181 1681 352
3061 3561 352
653 1153 352
1639 2139 352
4284 4784 350
4153 4653 350
3364 3864 350
4128 4628 350
3330 3830 348
3908 4408 346
2434 2934 346
768 1268 346
3315 3815 346
3576 4076 344
54 554 344
4052 4552 344
3481 3981 344
4244 4744 344
3850 4350 344
4153 4653 342
3075 3575 342
3185 3685 340
3786 4286 340
3782 4282 340
4308 4808 338
4314 4814 338
3828 4328 338
2768 3268 338
4326 4826 302
3523 4023 336
2885 3385 336
4123 4623 334
772 1272 334
4187 4687 334
640 1140 334
4245 4745 332
2513 3013 332
1461 1961 332
3117 3617 330
1246 1746 330
4305 4805 326
3092 3592 326
2996 3496 326
3479 3979 324
953 1453 324
4161 4661 322
3223 3723 322
4047 4547 322
1478 1978 320
3514 4014 320
3741 4241 320
3300 3800 320
2241 2741 320
4254 4754 318
2945 3445 316
3693 4193 316
4295 4795 314
3368 3868 314
3534 4034 314
2411 2911 314
1393 1893 314
3986 4486 312
2065 2565 312
3914 4414 312
411 911 310
2234 2734 310
3970 4470 310
3432 3932 308
4142 4642 308
3175 3675 308
3808 4308 308
4121 4621 308
4221 4721 306
4318 4818 306
4299 4799 306
4174 4674 304
4328 4828 295
4282 4782 304
3805 4305 302
4030 4530 300
4330 4830 289
1231 1731 298
3842 4342 298
3927 4427 298
4339 4839 259
3959 4459 294
2805 3305 292
4152 4652 292
4337 4837 265
14 514 290
3268 3768 288
4029 4529 288
3837 4337 288
4308 4808 288
3073 3573 288
3433 3933 288
4303 4803 288
105 605 286
925 1425 286
4196 4696 286
4275 4775 286
3040 3540 284
3826 4326 284
4282 4782 282
4107 4607 282
4156 4656 280
4239 4739 280
4091 4591 278
3994 4494 278
405 905 278
2998 3498 278
3887 4387 278
4177 4677 278
2957 3457 278
3770 4270 278
3940 4440 276
1866 2366 276
4345 4845 240
460 960 276
4273 4773 276
4235 4735 276
3589 4089 276
2785 3285 274
4060 4560 274
1248 1748 274
3605 4105 274
3957 4457 274
3099 3599 272
4351 4851 222
4246 4746 270
4274 4774 270
3195 3695 270
4248 4748 270
4170 4670 270
4062 4562 264
2116 2616 264
4141 4641 262
3981 4481 262
4112 4612 260
4169 4669 260
4339 4839 259
1794 2294 258
1161 1661 258
3806 4306 258
929 1429 258
2909 3409 258
4347 4847 234
4150 4650 256
2588 3088 256
3937 4437 256
1431 1931 256
4000 4500 256
2586 3086 254
4296 4796 254
3881 4381 254
4070 4570 252
4078 4578 252
2572 3072 252
4128 4628 250
3428 3928 250
4173 4673 248
3496 3996 248
4320 4820 248
2359 2859 248
3941 4441 248
1921 2421 248
1685 2185 248
2547 3047 248
2044 2544 246
4243 4743 246
4126 4626 246
4076 4576 244
3383 3883 244
2473 2973 244
2824 3324 244
4368 4868 174
1882 2382 242
3125 3625 242
2100 2600 242
3949 4449 240
3925 4425 240
4092 4592 238
3076 3576 238
2284 2784 238
3537 4037 238
4310 4810 236
4377 4877 151
2811 3311 236
878 1378 236
76 576 234
3803 4303 232
1437 1937 232
2645 3145 230
2318 2818 230
3673 4173 230
4383 4883 136
4341 4841 226
3854 4354 224
4378 4878 148
4301 4801 224
3490 3990 222
3700 4200 222
3023 3523 222
4102 4602 220
4209 4709 220
1485 1985 220
37 537 220
1166 1666 220
1960 2460 220
935 1435 220
4201 4701 218
4041 4541 218
3502 4002 218
2651 3151 218
150 650 218
4301 4801 216
3983 4483 216
409 909 216
2630 3130 216
4078 4578 214
4177 4677 214
2939 3439 214
4312 4812 214
1082 1582 214
2921 3421 214
3646 4146 212
3625 4125 212
3665 4165 212
4299 4799 212
3402 3902 210
1737 2237 210
1550 2050 210
4290 4790 208
4312 4812 208
4107 4607 208
4121 4621 206
2157 2657 206
3653 4153 206
877 1377 206
3161 3661 206
3403 3903 206
4098 4598 204
3746 4246 204
4273 4773 204
4363 4863 187
3387 3887 202
2701 3201 202
3696 4196 202
2304 2804 202
1314 1814 202
4326 4826 200
4393 4893 114
3357 3857 200
2545 3045 200
3931 4431 200
3845 4345 200
4370 4870 169
4293 4793 198
4102 4602 198
4200 4700 198
4331 4831 198
3993 4493 196
1430 1930 196
1654 2154 196
4317 4817 196
2794 3294 196
3694 4194 194
3464 3964 194
3847 4347 194
4146 4646 192
4342 4842 192
3945 4445 192
2882 3382 192
4197 4697 192
3991 4491 192
4340 4840 192
4135 4635 190
1780 2280 190
3625 4125 190
1431 1931 190
4370 4870 169
4391 4891 118
2749 3249 188
4396 4896 108
4228 4728 188
4387 4887 127
4353 4853 188
675 1175 188
11 511 186
3958 4458 186
2414 2914 186
3895 4395 184
874 1374 184
4201 4701 182
3788 4288 182
4347 4847 182
4382 4882 139
1212 1712 180
3603 4103 180
4376 4876 153
4273 4773 178
4317 4817 178
2867 3367 178
3200 3700 176
4409 4909 82
4277 4777 176
3689 4189 176
3865 4365 174
4187 4687 174
4176 4676 174
4176 4676 174
3861 4361 174
4369 4869 171
4253 4753 172
4066 4566 172
4166 4666 172
4181 4681 172
3134 3634 172
2241 2741 172
3189 3689 170
2576 3076 170
3715 4215 170
4337 4837 170
4003 4503 170
4399 4899 102
3486 3986 168
3991 4491 168
4376 4876 153
3959 4459 168
4220 4720 168
4373 4873 161
4328 4828 166
4385 4885 132
3958 4458 166
4262 4762 166
841 1341 166
2974 3474 166
3372 3872 164
4372 4872 163
2962 3462 164
4403 4903 94
3315 3815 162
2818 3318 162
4250 4750 162
2603 3103 162
4282 4782 162
3216 3716 162
3670 4170 160
4290 4790 160
3690 4190 160
2204 2704 158
4172 4672 156
3543 4043 156
2867 3367 156
714 1214 156
3063 3563 154
4345 4845 154
1098 1598 152
3467 3967 152
4153 4653 152
2851 3351 152
4089 4589 152
4065 4565 152
2157 2657 150
4404 4904 92
3839 4339 150
4396 4896 108
3163 3663 150
4226 4726 150
4420 4920 64
3713 4213 150
3616 4116 150
3282 3782 150
1161 1661 150
4264 4764 150
4409 4909 82
3397 3897 148
4425 4925 56
3986 4486 146
3946 4446 146
1974 2474 144
4423 4923 59
2553 3053 142
3096 3596 140
4154 4654 140
4336 4836 140
4292 4792 140
3030 3530 138
4006 4506 138
4381 4881 138
4406 4906 88
1753 2253 138
4398 4898 104
1893 2393 136
3634 4134 136
4188 4688 136
245 745 136
3037 3537 136
2132 2632 136
4132 4632 134
778 1278 134
1632 2132 134
4037 4537 132
4137 4637 132
437 937 132
4426 4926 54
4432 4932 46
4397 4897 106
3708 4208 130
4323 4823 130
4381 4881 128
1085 1585 126
4358 4858 126
4393 4893 114
4057 4557 124
4372 4872 124
293 793 124
4309 4809 124
2574 3074 122
2852 3352 122
2617 3117 122
2996 3496 122
3865 4365 122
4314 4814 120
4310 4810 120
4409 4909 82
4103 4603 120
4355 4855 120
3549 4049 120
4202 4702 120
4038 4538 120
3121 3621 118
4206 4706 118
4180 4680 118
2813 3313 116
3319 3819 114
3933 4433 114
4142 4642 114
2597 3097 114
4090 4590 114
4168 4668 114
3946 4446 114
3976 4476 112
1606 2106 112
4143 4643 112
2422 2922 112
4097 4597 112
4238 4738 112
4368 4868 112
3489 3989 110
4432 4932 46
4005 4505 110
3369 3869 108
3657 4157 108
4357 4857 108
4388 4888 108
3207 3707 106
4419 4919 65
4437 4937 39
4410 4910 81
3360 3860 104
3325 3825 104
2966 3466 100
4405 4905 90
3808 4308 100
4363 4863 100
4285 4785 100
3494 3994 100
4332 4832 98
4056 4556 98
4348 4848 98
4256 4756 98
3788 4288 98
2530 3030 98
1315 1815 98
3257 3757 98
4401 4901 98
1638 2138 96
4263 4763 96
4363 4863 96
4438 4938 38
4450 4950 25
4308 4808 96
4355 4855 94
2990 3490 92
4229 4729 92
739 1239 92
4444 4944 31
3381 3881 92
4284 4784 90
4424 4924 57
4392 4892 88
1342 1842 88
1765 2265 88
3917 4417 88
4449 4949 26
4443 4943 32
3178 3678 88
2709 3209 88
2731 3231 88
1959 2459 86
3699 4199 86
2224 2724 86
4449 4949 26
4455 4955 20
2221 2721 84
4432 4932 46
4313 4813 84
768 1268 84
4440 4940 36
2699 3199 82
4368 4868 82
4232 4732 82
3540 4040 82
4429 4929 50
4395 4895 80
4059 4559 80
2824 3324 80
4434 4934 43
4396 4896 80
4454 4954 21
1325 1825 80
4459 4959 16
3700 4200 78
4412 4912 77
1520 2020 78
4356 4856 78
3863 4363 78
4311 4811 78
3830 4330 76
3497 3997 76
4423 4923 59
4289 4789 74
4248 4748 72
4459 4959 16
2263 2763 72
4432 4932 46
4130 4630 72
4444 4944 31
3111 3611 72
4427 4927 53
4436 4936 40
4229 4729 70
3718 4218 68
3211 3711 68
2343 2843 68
2738 3238 68
4364 4864 68
4280 4780 68
2843 3343 66
3499 3999 66
934 1434 66
4347 4847 66
2618 3118 66
4346 4846 66
4432 4932 46
4283 4783 64
3903 4403 62
500 1000 62
1069 1569 62
4455 4955 20
4467 4967 10
4373 4873 62
3103 3603 62
4296 4796 62
3008 3508 62
4404 4904 62
4122 4622 60
4381 4881 60
4468 4968 10
3620 4120 60
2011 2511 60
2136 2636 60
4178 4678 58
4440 4940 36
2503 3003 58
4356 4856 58
3109 3609 58
3594 4094 58
4404 4904 58
3113 3613 56
4356 4856 56
4420 4920 56
3915 4415 56
391 891 56
3362 3862 54
2121 2621 52
4140 4640 52
3788 4288 50
3874 4374 50
3836 4336 50
4454 4954 21
4365 4865 50
4397 4897 50
3917 4417 48
617 1117 48
4299 4799 48
4149 4649 48
4402 4902 46
1070 1570 46
4421 4921 46
4462 4962 14
4207 4707 44
4463 4963 13
4333 4833 44
3850 4350 44
4400 4900 44
4463 4963 13
3980 4480 42
4442 4942 33
3150 3650 42
4477 4977 5
2783 3283 42
3449 3949 42
4447 4947 28
4401 4901 40
4460 4960 16
4301 4801 40
4211 4711 38
3481 3981 38
4234 4734 38
4399 4899 36
3635 4135 36
4264 4764 36
4190 4690 36
105 605 36
4268 4768 36
871 1371 36
4124 4624 36
4475 4975 6
927 1427 34
4468 4968 10
4200 4700 34
580 1080 34
4457 4957 18
4453 4953 22
4463 4963 13
4446 4946 29
3711 4211 32
4411 4911 32
4437 4937 32
4467 4967 10
4340 4840 30
4478 4978 4
4355 4855 30
156 656 28
4481 4981 3
4340 4840 26
3966 4466 26
183 683 26
3842 4342 26
4481 4981 3
4432 4932 24
4457 4957 18
3210 3710 24
4265 4765 24
4094 4594 24
4241 4741 22
4476 4976 5
4444 4944 22
1741 2241 22
43 543 22
4482 4982 3
4131 4631 20
3359 3859 20
4027 4527 20
4078 4578 20
4413 4913 20
136 636 20
4001 4501 18
4430 4930 18
4445 4945 18
1231 1731 18
4467 4967 10
4481 4981 3
4384 4884 16
4490 4990 1
3213 3713 14
4391 4891 14
4173 4673 14
4180 4680 14
4378 4878 14
4484 4984 2
4451 4951 12
3306 3806 12
4479 4979 4
4468 4968 10
4375 4875 12
4436 4936 12
4483 4983 2
4455 4955 10
3714 4214 10
2721 3221 10
4482 4982 3
4064 4564 10
2917 3417 10
2292 2792 10
2699 3199 10
4358 4858 10
4444 4944 10
2511 3011 8
2256 2756 8
193 693 8
4393 4893 8
4459 4959 8
4474 4974 6
3413 3913 8
4204 4704 8
3876 4376 8
1379 1879 6
4457 4957 6
3061 3561 6
4468 4968 6
3708 4208 6
4495 4995 0
4496 4996 0
4456 4956 4
4016 4516 4
4495 4995 0
4460 4960 4
3184 3684 2
4498 4998 0
4498 4998 0
4494 4994 0
4463 4963 2
4480 4980 2
4786 5000 0
4511 5000 0
4955 5000 0
4928 5000 0
4986 5000 0
4503 5000 0
4818 5000 0
4844 5000 0
4975 5000 0
4539 5000 0
4501 5000 0
4842 5000 0
4800 5000 0
4736 5000 0
4839 5000 0
4749 5000 0
4999 5000 0
4972 5000 0
4675 5000 0
4832 5000 0
4669 5000 0
4985 5000 0
4816 5000 0
4581 5000 0
4807 5000 0
4520 5000 0
4972 5000 0
4899 5000 0
4584 5000 0
4869 5000 0
4592 5000 0
4833 5000 0
4505 5000 0
4518 5000 0
4561 5000 0
4897 5000 0
4925 5000 0
4990 5000 0
4970 5000 0
4520 5000 0
4541 5000 0
4970 5000 0
4990 5000 0
4879 5000 0
4692 5000 0
4627 5000 0
4596 5000 0
4647 5000 0
4961 5000 0
4590 5000 0
4645 5000 0
4695 5000 0
4499 4999 0
4534 5000 0
4674 5000 0
4661 5000 0
4530 5000 0
4813 5000 0
4977 5000 0
4838 5000 0
4760 5000 0
4667 5000 0
4932 5000 0
4681 5000 0
4828 5000 0
4508 5000 0
4798 5000 0
4608 5000 0
4619 5000 0
4875 5000 0
4918 5000 0
4629 5000 0
4883 5000 0
4843 5000 0
4708 5000 0
4995 5000 0
4758 5000 0
4817 5000 0
3849 4349 0
4709 5000 0
4618 5000 0
4832 5000 0
4967 5000 0
4993 5000 0
4588 5000 0
4862 5000 0
4874 5000 0
4620 5000 0
4612 5000 0
4800 5000 0
4659 5000 0
4608 5000 0
4824 5000 0
4596 5000 0
4772 5000 0
4624 5000 0
4610 5000 0
4895 5000 0
4538 5000 0
4999 5000 0
4712 5000 0
4664 5000 0
4555 5000 0
4998 5000 0
4919 5000 0
4965 5000 0
4555 5000 0
4965 5000 0
4799 5000 0
4542 5000 0
4511 5000 0
4929 5000 0
4992 5000 0
4653 5000 0
4760 5000 0
4787 5000 0
4909 5000 0
4913 5000 0
4937 5000 0
4672 5000 0
4784 5000 0
4684 5000 0
4958 5000 0
4742 5000 0
4586 5000 0
4746 5000 0
4780 5000 0
4878 5000 0
4885 5000 0
4590 5000 0
4942 5000 0
4741 5000 0
4499 4999 0
4490 4990 0
4806 5000 0
4934 5000 0
4768 5000 0
4996 5000 0
4747 5000 0
4588 5000 0
4930 5000 0
4884 5000 0
4880 5000 0
4622 5000 0
4587 5000 0
4897 5000 0
4682 5000 0
4720 5000 0
4810 5000 0
4819 5000 0
4733 5000 0
4731 5000 0
4603 5000 0
4973 5000 0
4917 5000 0
4623 5000 0
4905 5000 0
4917 5000 0
4765 5000 0
4598 5000 0
4946 5000 0
4987 5000 0
4666 5000 0
4853 5000 0
4615 5000 0
4594 5000 0
4530 5000 0
4666 5000 0
4949 5000 0
4710 5000 0
4500 5000 0
4915 5000 0
4916 5000 0
4703 5000 0
4529 5000 0
4557 5000 0
4553 5000 0
4992 5000 0
4537 5000 0
5000 5000 0
4720 5000 0
4785 5000 0
4648 5000 0
4628 5000 0
4658 5000 0
4634 5000 0
4939 5000 0
4804 5000 0
4832 5000 0
4830 5000 0
4747 5000 0
4903 5000 0
4794 5000 0
4531 5000 0
4679 5000 0
4836 5000 0
4723 5000 0
4901 5000 0
4520 5000 0
4999 5000 0
4763 5000 0
4696 5000 0
4786 5000 0
4689 5000 0
4980 5000 0
4947 5000 0
4939 5000 0
4855 5000 0
4813 5000 0
4890 5000 0
4983 5000 0
4987 5000 0
4604 5000 0
4623 5000 0
4917 5000 0
4600 5000 0
4578 5000 0
4773 5000 0
4556 5000 0
4582 5000 0
4969 5000 0
4677 5000 0
4962 5000 0
4787 5000 0
4946 5000 0
4759 5000 0
4940 5000 0
4564 5000 0
4557 5000 0
4553 5000 0
4580 5000 0
4766 5000 0
4524 5000 0
4679 5000 0
4595 5000 0
4792 5000 0
4515 5000 0
4866 5000 0
4499 4999 0
4979 5000 0
4705 5000 0
4526 5000 0
4554 5000 0
4689 5000 0
4977 5000 0
4978 5000 0
4614 5000 0
4682 5000 0
4600 5000 0
4572 5000 0
4969 5000 0
4916 5000 0
4579 5000 0
4539 5000 0
4719 5000 0
4906 5000 0
4563 5000 0
4910 5000 0
4815 5000 0
4578 5000 0
4736 5000 0
4830 5000 0
4740 5000 0
4646 5000 0
4616 5000 0
4869 5000 0
4703 5000 0
4786 5000 0
4572 5000 0
4984 5000 0
4896 5000 0
4927 5000 0
4540 5000 0
4840 5000 0
4652 5000 0
4637 5000 0
4832 5000 0
4569 5000 0
4925 5000 0
4808 5000 0
4634 5000 0
4943 5000 0
4733 5000 0
4832 5000 0
4723 5000 0
4975 5000 0
4810 5000 0
4561 5000 0
4602 5000 0
4786 5000 0
4997 5000 0
4935 5000 0
4949 5000 0
4744 5000 0
4899 5000 0
4652 5000 0
4992 5000 0
4675 5000 0
4576 5000 0
4908 5000 0
4954 5000 0
4896 5000 0
4969 5000 0
4715 5000 0
4697 5000 0
4658 5000 0
4651 5000 0
4947 5000 0
4661 5000 0
4581 5000 0
4828 5000 0
4986 5000 0
4530 5000 0
4672 5000 0
4784 5000 0
4769 5000 0
4514 5000 0
4713 5000 0
4612 5000 0
4594 5000 0
4677 5000 0
4596 5000 0
4596 5000 0
4995 5000 0
4876 5000 0
4654 5000 0
4977 5000 0
4755 5000 0
4947 5000 0
4897 5000 0
4651 5000 0
4760 5000 0
4675 5000 0
4673 5000 0
4808 5000 0
4613 5000 0
4852 5000 0
4710 5000 0
4812 5000 0
4763 5000 0
4863 5000 0
1600 2100 0
4656 5000 0
4738 5000 0
4504 5000 0
4526 5000 0
4702 5000 0
4850 5000 0
4819 5000 0
4764 5000 0
4627 5000 0
4845 5000 0
4649 5000 0
4828 5000 0
4622 5000 0
4616 5000 0
4624 5000 0
4788 5000 0
4563 5000 0
4677 5000 0
4798 5000 0
1623 2123 0
4551 5000 0
4514 5000 0
4856 5000 0
4532 5000 0
4548 5000 0
4962 5000 0
4511 5000 0
4867 5000 0
4590 5000 0
4716 5000 0
4720 5000 0
4793 5000 0
4777 5000 0
4707 5000 0
4943 5000 0
4979 5000 0
4575 5000 0
4998 5000 0
4865 5000 0
4920 5000 0
4504 5000 0
4598 5000 0
4517 5000 0
4704 5000 0
4885 5000 0
4888 5000 0
4949 5000 0
4658 5000 0
4632 5000 0
4740 5000 0
4586 5000 0
4794 5000 0
4961 5000 0
4790 5000 0
4747 5000 0
4996 5000 0
4753 5000 0
4944 5000 0
4605 5000 0
4715 5000 0
4875 5000 0
4905 5000 0
4796 5000 0
4581 5000 0
4969 5000 0
4070 4570 0
4579 5000 0
4656 5000 0
4875 5000 0
4880 5000 0
4567 5000 0
4546 5000 0
4619 5000 0
4833 5000 0
4524 5000 0
4669 5000 0
4958 5000 0
4604 5000 0
4900 5000 0
4485 4985 0
4950 5000 0
4662 5000 0
4799 5000 0
4739 5000 0
4978 5000 0
4963 5000 0
4518 5000 0
4929 5000 0
4634 5000 0
4902 5000 0
4643 5000 0
4699 5000 0
4768 5000 0
4952 5000 0
4847 5000 0
4639 5000 0
4691 5000 0
4500 5000 0
4717 5000 0
4524 5000 0
4758 5000 0
4791 5000 0
4672 5000 0
4557 5000 0
4580 5000 0
4539 5000 0
4567 5000 0
4997 5000 0
4651 5000 0
4846 5000 0
4511 5000 0
4863 5000 0
4709 5000 0
4868 5000 0
4976 5000 0
4740 5000 0
4854 5000 0
4519 5000 0
4932 5000 0
4793 5000 0
4845 5000 0
4582 5000 0
4564 5000 0
4627 5000 0
4882 5000 0
4827 5000 0
4659 5000 0
4581 5000 0
4806 5000 0
4612 5000 0
4519 5000 0
4755 5000 0
4951 5000 0
4908 5000 0
4943 5000 0
4871 5000 0
4658 5000 0
4554 5000 0
4735 5000 0
4634 5000 0
4845 5000 0
4942 5000 0
4625 5000 0
4854 5000 0
4755 5000 0
4785 5000 0
4719 5000 0
4920 5000 0
4722 5000 0
4972 5000 0
4545 5000 0
4532 5000 0
4910 5000 0
4807 5000 0
4692 5000 0
4671 5000 0
4928 5000 0
4936 5000 0
4737 5000 0
4629 5000 0
4698 5000 0
4797 5000 0
4871 5000 0
4996 5000 0
4642 5000 0
4962 5000 0
4705 5000 0
4624 5000 0
4843 5000 0
4513 5000 0
4704 5000 0
4861 5000 0
4715 5000 0
4953 5000 0
4524 5000 0
4835 5000 0
4543 5000 0
4557 5000 0
4837 5000 0
4978 5000 0
