100 100 4.3589
2 2 96
20 20 64
5 5 90
23 23 59
21 21 62
31 31 47
19 19 65
4 4 92
39 39 37
32 32 46
31 31 47
16 16 70
10 10 81
35 35 42
30 30 49
15 15 72
51 51 24
27 27 53
5 5 86
12 12 77
11 11 76
1 1 76
12 12 76
20 20 64
57 57 18
18 18 67
46 46 29
22 22 60
53 53 22
37 37 39
23 23 59
63 63 13
8 8 60
68 68 10
33 33 44
70 70 9
45 45 30
17 17 48
33 33 44
21 21 46
46 46 29
70 70 9
28 28 38
5 5 36
60 60 16
70 70 9
70 70 9
70 70 9
70 70 9
64 64 12
70 70 9
60 60 16
70 70 9
56 56 19
42 42 20
70 70 9
58 58 17
70 70 9
8 8 18
70 70 9
70 70 9
70 70 9
70 70 9
70 70 9
51 51 14
70 70 9
32 32 14
70 70 9
70 70 9
70 70 9
70 70 9
64 64 12
70 70 9
66 66 11
70 70 9
70 70 9
70 70 9
70 70 9
70 70 9
64 64 8
70 70 9
64 64 8
70 70 9
70 70 9
70 70 9
70 70 9
70 70 9
70 70 9
43 43 2
70 70 9
70 70 9
70 70 9
70 70 9
70 70 9
70 70 9
67 67 0
70 70 9
70 70 9
70 70 9
70 70 9
