5000 100 4.3589
11 1 98
11 1 98
12 2 96
12 2 96
12 2 96
12 2 96
13 3 94
13 3 94
13 3 94
11 1 98
14 4 92
12 2 96
13 3 94
13 3 94
11 1 98
17 7 86
17 7 86
18 8 84
16 6 88
18 8 84
17 7 86
14 4 92
13 3 94
11 1 98
11 1 98
11 1 98
11 1 98
19 9 82
12 2 96
13 3 94
13 3 94
11 1 98
14 4 92
20 10 81
11 1 98
16 6 88
19 9 82
17 7 86
16 6 88
20 10 81
22 12 77
13 3 94
19 9 82
18 8 84
12 2 96
21 11 79
13 3 94
22 12 77
17 7 86
22 12 77
19 9 82
24 14 73
18 8 84
24 14 73
15 5 90
15 5 90
19 9 82
11 1 98
20 10 81
15 5 90
24 14 73
21 11 79
20 10 81
16 6 88
20 10 81
25 15 72
19 9 82
11 1 98
16 6 88
17 7 86
20 10 81
24 14 73
22 12 77
18 8 84
15 5 90
17 7 86
26 16 70
27 17 68
11 1 98
12 2 96
27 17 68
12 2 96
20 10 81
13 3 94
17 7 86
12 2 96
18 8 84
18 8 84
24 14 73
20 10 81
27 17 68
20 10 81
20 10 81
19 9 82
18 8 84
26 16 70
27 17 68
17 7 86
17 7 86
27 17 68
24 14 73
14 4 92
11 1 98
12 2 96
23 13 75
15 5 90
24 14 73
12 2 96
29 19 65
18 8 84
23 13 75
23 13 75
11 1 98
26 16 70
21 11 79
27 17 68
21 11 79
19 9 82
11 1 98
27 17 68
11 1 98
22 12 77
27 17 68
26 16 70
26 16 70
24 14 73
21 11 79
29 19 65
16 6 88
26 16 70
19 9 82
17 7 86
29 19 65
24 14 73
29 19 65
22 12 77
20 10 81
15 5 90
26 16 70
29 19 65
25 15 72
19 9 82
17 7 86
22 12 77
22 12 77
26 16 70
14 4 92
17 7 86
31 21 62
16 6 88
26 16 70
32 22 60
15 5 90
26 16 70
27 17 68
25 15 72
12 2 96
23 13 75
21 11 79
14 4 92
18 8 84
28 18 67
27 17 68
15 5 90
23 13 75
33 23 59
15 5 90
17 7 86
13 3 94
26 16 70
27 17 68
30 20 64
19 9 82
32 22 60
28 18 67
25 15 72
15 5 90
23 13 75
11 1 98
31 21 62
12 2 96
34 24 57
13 3 94
22 12 77
30 20 64
21 11 79
33 23 59
32 22 60
32 22 60
19 9 82
27 17 68
16 6 88
18 8 84
23 13 75
25 15 72
33 23 59
18 8 84
21 11 79
33 23 59
24 14 73
25 15 72
33 23 59
11 1 98
33 23 59
35 25 56
35 25 56
12 2 96
35 25 56
28 18 67
22 12 77
27 17 68
29 19 65
13 3 94
20 10 81
14 4 92
19 9 82
22 12 77
35 25 56
29 19 65
28 18 67
12 2 96
29 19 65
17 7 86
30 20 64
19 9 82
27 17 68
30 20 64
31 21 62
27 17 68
19 9 82
13 3 94
16 6 88
36 26 54
27 17 68
29 19 65
31 21 62
14 4 92
37 27 53
20 10 81
38 28 51
14 4 92
15 5 90
23 13 75
11 1 98
34 24 57
37 27 53
23 13 75
11 1 98
33 23 59
18 8 84
17 7 86
34 24 57
17 7 86
34 24 57
21 11 79
19 9 82
37 27 53
22 12 77
37 27 53
31 21 62
35 25 56
27 17 68
38 28 51
32 22 60
22 12 77
37 27 53
21 11 79
34 24 57
20 10 81
11 1 98
19 9 82
17 7 86
35 25 56
13 3 94
36 26 54
31 21 62
23 13 75
12 2 96
15 5 90
28 18 67
35 25 56
41 31 47
14 4 92
21 11 79
27 17 68
26 16 70
21 11 79
22 12 77
19 9 82
12 2 96
30 20 64
31 21 62
21 11 79
37 27 53
22 12 77
21 11 79
29 19 65
37 27 53
17 7 86
25 15 72
28 18 67
16 6 88
13 3 94
27 17 68
37 27 53
16 6 88
18 8 84
21 11 79
17 7 86
37 27 53
40 30 49
24 14 73
38 28 51
17 7 86
18 8 84
33 23 59
23 13 75
29 19 65
27 17 68
16 6 88
23 13 75
32 22 60
17 7 86
36 26 54
14 4 92
43 33 44
13 3 94
25 15 72
25 15 72
37 27 53
16 6 88
34 24 57
33 23 59
20 10 81
31 21 62
37 27 53
31 21 62
22 12 77
39 29 50
38 28 51
17 7 86
15 5 90
21 11 79
42 32 46
14 4 92
37 27 53
27 17 68
36 26 54
19 9 82
14 4 92
40 30 49
11 1 98
39 29 50
24 14 73
33 23 59
32 22 60
44 34 43
26 16 70
30 20 64
27 17 68
36 26 54
21 11 79
34 24 57
44 34 43
36 26 54
33 23 59
39 29 50
31 21 62
33 23 59
41 31 47
19 9 82
33 23 59
25 15 72
43 33 44
37 27 53
30 20 64
14 4 92
43 33 44
32 22 60
45 35 42
24 14 73
20 10 81
41 31 47
26 16 70
18 8 84
16 6 88
34 24 57
43 33 44
37 27 53
17 7 86
15 5 90
35 25 56
16 6 88
29 19 65
45 35 42
46 36 40
30 20 64
27 17 68
25 15 72
32 22 60
38 28 51
40 30 49
45 35 42
46 36 40
44 34 43
44 34 43
19 9 82
27 17 68
41 31 47
46 36 40
19 9 82
41 31 47
12 2 96
20 10 81
37 27 53
33 23 59
27 17 68
44 34 43
29 19 65
47 37 39
26 16 70
35 25 56
36 26 54
44 34 43
18 8 84
14 4 92
16 6 88
17 7 86
45 35 42
26 16 70
29 19 65
32 22 60
17 7 86
12 2 96
13 3 94
31 21 62
17 7 86
17 7 86
14 4 92
12 2 96
33 23 59
44 34 43
28 18 67
29 19 65
34 24 57
24 14 73
31 21 62
21 11 79
27 17 68
20 10 81
25 15 72
11 1 98
41 31 47
29 19 65
34 24 57
21 11 79
44 34 43
38 28 51
34 24 57
12 2 96
38 28 51
35 25 56
16 6 88
38 28 51
44 34 43
38 28 51
37 27 53
23 13 75
31 21 62
18 8 84
13 3 94
34 24 57
33 23 59
15 5 90
26 16 70
48 38 38
25 15 72
24 14 73
17 7 86
50 40 36
38 28 51
15 5 90
34 24 57
44 34 43
22 12 77
43 33 44
45 35 42
13 3 94
16 6 88
48 38 38
42 32 46
11 1 98
33 23 59
27 17 68
43 33 44
32 22 60
44 34 43
29 19 65
41 31 47
24 14 73
13 3 94
49 39 37
44 34 43
18 8 84
16 6 88
45 35 42
35 25 56
42 32 46
48 38 38
50 40 36
42 32 46
28 18 67
15 5 90
23 13 75
22 12 77
14 4 92
27 17 68
46 36 40
51 41 34
32 22 60
42 32 46
20 10 81
47 37 39
50 40 36
22 12 77
13 3 94
37 27 53
48 38 38
17 7 86
51 41 34
17 7 86
20 10 81
46 36 40
34 24 57
17 7 86
45 35 42
21 11 79
23 13 75
34 24 57
49 39 37
24 14 73
30 20 64
51 41 34
52 42 33
48 38 38
40 30 49
21 11 79
51 41 34
50 40 36
46 36 40
11 1 98
24 14 73
27 17 68
26 16 70
20 10 81
35 25 56
20 10 81
41 31 47
18 8 84
37 27 53
29 19 65
31 21 62
20 10 81
11 1 98
49 39 37
21 11 79
17 7 86
28 18 67
43 33 44
20 10 81
22 12 77
23 13 75
31 21 62
18 8 84
27 17 68
33 23 59
24 14 73
53 43 32
35 25 56
22 12 77
47 37 39
38 28 51
47 37 39
48 38 38
41 31 47
30 20 64
31 21 62
12 2 96
32 22 60
27 17 68
41 31 47
22 12 77
17 7 86
13 3 94
29 19 65
49 39 37
34 24 57
30 20 64
22 12 77
30 20 64
44 34 43
39 29 50
28 18 67
23 13 75
47 37 39
32 22 60
24 14 73
28 18 67
33 23 59
21 11 79
45 35 42
13 3 94
19 9 82
45 35 42
30 20 64
21 11 79
41 31 47
14 4 92
19 9 82
52 42 33
54 44 31
32 22 60
20 10 81
21 11 79
33 23 59
36 26 54
51 41 34
51 41 34
50 40 36
41 31 47
27 17 68
44 34 43
43 33 44
22 12 77
55 45 30
50 40 36
37 27 53
11 1 98
19 9 82
54 44 31
55 45 30
34 24 57
31 21 62
43 33 44
18 8 84
35 25 56
33 23 59
51 41 34
39 29 50
53 43 32
47 37 39
54 44 31
36 26 54
30 20 64
31 21 62
30 20 64
36 26 54
29 19 65
21 11 79
28 18 67
25 15 72
34 24 57
54 44 31
33 23 59
30 20 64
40 30 49
37 27 53
13 3 94
40 30 49
17 7 86
40 30 49
54 44 31
13 3 94
23 13 75
15 5 90
25 15 72
35 25 56
40 30 49
27 17 68
32 22 60
22 12 77
55 45 30
11 1 98
39 29 50
46 36 40
39 29 50
37 27 53
49 39 37
38 28 51
29 19 65
37 27 53
29 19 65
50 40 36
54 44 31
18 8 84
56 46 29
49 39 37
34 24 57
54 44 31
12 2 96
46 36 40
17 7 86
33 23 59
23 13 75
35 25 56
52 42 33
26 16 70
36 26 54
38 28 51
45 35 42
46 36 40
56 46 29
25 15 72
53 43 32
50 40 36
32 22 60
19 9 82
13 3 94
54 44 31
17 7 86
55 45 30
35 25 56
46 36 40
30 20 64
42 32 46
45 35 42
28 18 67
48 38 38
43 33 44
34 24 57
49 39 37
54 44 31
16 6 88
30 20 64
35 25 56
39 29 50
49 39 37
54 44 31
40 30 49
56 46 29
49 39 37
30 20 64
28 18 67
58 48 27
58 48 27
19 9 82
17 7 86
52 42 33
47 37 39
53 43 32
40 30 49
41 31 47
38 28 51
26 16 70
11 1 98
20 10 81
42 32 46
58 48 27
29 19 65
23 13 75
55 45 30
29 19 65
58 48 27
26 16 70
12 2 96
40 30 49
41 31 47
56 46 29
31 21 62
28 18 67
54 44 31
32 22 60
27 17 68
36 26 54
12 2 96
48 38 38
38 28 51
49 39 37
19 9 82
45 35 42
16 6 88
16 6 88
19 9 82
49 39 37
32 22 60
51 41 34
12 2 96
56 46 29
53 43 32
27 17 68
55 45 30
52 42 33
43 33 44
34 24 57
59 49 26
11 1 98
47 37 39
22 12 77
33 23 59
32 22 60
38 28 51
43 33 44
58 48 27
34 24 57
28 18 67
13 3 94
32 22 60
41 31 47
31 21 62
19 9 82
43 33 44
44 34 43
44 34 43
57 47 28
54 44 31
57 47 28
59 49 26
38 28 51
46 36 40
54 44 31
21 11 79
60 50 25
42 32 46
43 33 44
36 26 54
43 33 44
55 45 30
60 50 25
27 17 68
25 15 72
61 51 24
27 17 68
60 50 25
26 16 70
18 8 84
36 26 54
46 36 40
11 1 96
55 45 30
34 24 57
60 50 25
29 19 65
18 8 84
38 28 51
21 11 79
23 13 75
33 23 59
47 37 39
35 25 56
41 31 47
59 49 26
42 32 46
57 47 28
58 48 27
53 43 32
46 36 40
56 46 29
28 18 67
36 26 54
21 11 79
61 51 24
21 11 79
36 26 54
43 33 44
32 22 60
30 20 64
29 19 65
56 46 29
50 40 36
33 23 59
48 38 38
46 36 40
60 50 25
19 9 82
46 36 40
39 29 50
33 23 59
27 17 68
30 20 64
40 30 49
42 32 46
60 50 25
46 36 40
52 42 33
31 21 62
62 52 23
55 45 30
50 40 36
36 26 54
40 30 49
59 49 26
54 44 31
13 3 94
53 43 32
40 30 49
36 26 54
41 31 47
13 3 94
12 2 94
35 25 56
56 46 29
58 48 27
16 6 88
56 46 29
22 12 77
38 28 51
55 45 30
58 48 27
25 15 72
52 42 33
28 18 67
41 31 47
34 24 57
62 52 23
21 11 79
25 15 72
14 4 92
62 52 23
48 38 38
63 53 22
13 3 92
48 38 38
61 51 24
23 13 75
40 30 49
24 14 73
58 48 27
50 40 36
22 12 77
48 38 38
38 28 51
38 28 51
33 23 59
25 15 72
57 47 28
49 39 37
58 48 27
58 48 27
36 26 54
58 48 27
47 37 39
40 30 49
41 31 47
46 36 40
19 9 82
61 51 24
40 30 49
15 5 90
19 9 82
50 40 36
14 4 90
55 45 30
36 26 54
61 51 24
56 46 29
11 1 90
28 18 67
47 37 39
25 15 72
58 48 27
50 40 36
36 26 54
41 31 47
19 9 82
61 51 24
42 32 46
49 39 37
60 50 25
42 32 46
40 30 49
26 16 70
43 33 44
41 31 47
47 37 39
46 36 40
51 41 34
57 47 28
49 39 37
16 6 88
21 11 79
58 48 27
45 35 42
57 47 28
39 29 50
22 12 77
63 53 22
55 45 30
31 21 62
36 26 54
45 35 42
38 28 51
43 33 44
59 49 26
61 51 24
64 54 21
38 28 51
19 9 82
45 35 42
21 11 79
22 12 77
47 37 39
20 10 81
28 18 67
44 34 43
33 23 59
39 29 50
17 7 86
63 53 22
30 20 64
48 38 38
54 44 31
20 10 81
40 30 49
65 55 20
45 35 42
63 53 22
28 18 67
55 45 30
48 38 38
62 52 23
31 21 62
62 52 23
21 11 79
56 46 29
55 45 30
39 29 50
58 48 27
27 17 68
44 34 43
20 10 81
46 36 40
44 34 43
13 3 86
65 55 20
46 36 40
17 7 86
26 16 70
36 26 54
47 37 39
31 21 62
60 50 25
49 39 37
62 52 23
20 10 81
63 53 22
11 1 86
57 47 28
46 36 40
31 21 62
60 50 25
34 24 57
52 42 33
52 42 33
57 47 28
60 50 25
24 14 73
45 35 42
60 50 25
32 22 60
16 6 86
60 50 25
51 41 34
31 21 62
57 47 28
58 48 27
66 56 19
58 48 27
57 47 28
30 20 64
23 13 75
42 32 46
67 57 18
50 40 36
39 29 50
20 10 81
39 29 50
25 15 72
31 21 62
59 49 26
27 17 68
12 2 84
54 44 31
27 17 68
63 53 22
44 34 43
33 23 59
60 50 25
28 18 67
64 54 21
60 50 25
55 45 30
54 44 31
62 52 23
53 43 32
34 24 57
35 25 56
42 32 46
27 17 68
47 37 39
63 53 22
27 17 68
39 29 50
24 14 73
25 15 72
48 38 38
63 53 22
34 24 57
65 55 20
25 15 72
29 19 65
66 56 19
14 4 82
49 39 37
67 57 18
39 29 50
55 45 30
37 27 53
56 46 29
35 25 56
62 52 23
56 46 29
16 6 82
37 27 53
20 10 81
30 20 64
30 20 64
65 55 20
53 43 32
61 51 24
11 1 82
64 54 21
35 25 56
42 32 46
46 36 40
66 56 19
67 57 18
59 49 26
26 16 70
51 41 34
14 4 82
66 56 19
58 48 27
45 35 42
30 20 64
33 23 59
47 37 39
57 47 28
11 1 82
55 45 30
48 38 38
21 11 79
55 45 30
51 41 34
64 54 21
50 40 36
24 14 73
56 46 29
37 27 53
62 52 23
27 17 68
53 43 32
27 17 68
28 18 67
52 42 33
36 26 54
16 6 80
42 32 46
67 57 18
62 52 23
18 8 80
46 36 40
67 57 18
63 53 22
39 29 50
36 26 54
49 39 37
51 41 34
16 6 80
65 55 20
30 20 64
25 15 72
31 21 62
59 49 26
50 40 36
33 23 59
55 45 30
49 39 37
61 51 24
65 55 20
43 33 44
64 54 21
30 20 64
26 16 70
68 58 17
17 7 78
43 33 44
69 59 16
70 60 16
48 38 38
14 4 78
23 13 75
68 58 17
65 55 20
22 12 77
70 60 16
46 36 40
66 56 19
46 36 40
26 16 70
53 43 32
59 49 26
65 55 20
21 11 78
65 55 20
67 57 18
61 51 24
55 45 30
20 10 78
69 59 16
31 21 62
38 28 51
35 25 56
36 26 54
43 33 44
26 16 70
58 48 27
12 2 78
29 19 65
64 54 21
50 40 36
45 35 42
47 37 39
42 32 46
70 60 16
24 14 73
29 19 65
71 61 15
26 16 70
54 44 31
68 58 17
42 32 46
70 60 16
63 53 22
19 9 76
69 59 16
65 55 20
32 22 60
38 28 51
35 25 56
42 32 46
24 14 73
50 40 36
59 49 26
46 36 40
49 39 37
18 8 76
66 56 19
59 49 26
20 10 76
71 61 15
36 26 54
59 49 26
38 28 51
60 50 25
39 29 50
38 28 51
26 16 70
37 27 53
58 48 27
63 53 22
17 7 76
46 36 40
70 60 16
25 15 72
19 9 76
61 51 24
36 26 54
38 28 51
62 52 23
36 26 54
53 43 32
52 42 33
28 18 67
21 11 74
58 48 27
54 44 31
65 55 20
39 29 50
57 47 28
46 36 40
71 61 15
15 5 74
33 23 59
31 21 62
52 42 33
31 21 62
67 57 18
51 41 34
60 50 25
62 52 23
66 56 19
70 60 16
18 8 74
35 25 56
49 39 37
27 17 68
68 58 17
20 10 74
70 60 16
71 61 15
28 18 67
31 21 62
36 26 54
18 8 74
66 56 19
20 10 74
22 12 72
14 4 72
61 51 24
22 12 72
56 46 29
13 3 72
54 44 31
42 32 46
66 56 19
33 23 59
59 49 26
62 52 23
58 48 27
39 29 50
19 9 72
73 63 13
66 56 19
34 24 57
23 13 72
48 38 38
73 63 13
71 61 15
43 33 44
60 50 25
59 49 26
69 59 16
56 46 29
50 40 36
71 61 15
16 6 72
12 2 72
55 45 30
50 40 36
31 21 62
24 14 72
32 22 60
65 55 20
67 57 18
18 8 72
59 49 26
35 25 56
50 40 36
46 36 40
31 21 62
46 36 40
32 22 60
71 61 15
14 4 72
51 41 34
12 2 72
69 59 16
49 39 37
38 28 51
72 62 14
56 46 29
28 18 67
74 64 12
28 18 67
48 38 38
11 1 70
48 38 38
15 5 70
73 63 13
23 13 70
33 23 59
62 52 23
36 26 54
35 25 56
33 23 59
53 43 32
46 36 40
41 31 47
30 20 64
73 63 13
67 57 18
16 6 70
12 2 70
27 17 68
65 55 20
44 34 43
55 45 30
54 44 31
40 30 49
68 58 17
44 34 43
74 64 12
58 48 27
21 11 70
72 62 14
74 64 12
29 19 65
45 35 42
22 12 70
29 19 65
47 37 39
68 58 17
73 63 13
26 16 70
49 39 37
52 42 33
37 27 53
40 30 49
70 60 16
31 21 62
43 33 44
15 5 68
63 53 22
54 44 31
67 57 18
68 58 17
13 3 68
42 32 46
75 65 12
73 63 13
50 40 36
68 58 17
67 57 18
59 49 26
15 5 68
36 26 54
45 35 42
25 15 68
58 48 27
61 51 24
28 18 67
72 62 14
58 48 27
52 42 33
34 24 57
52 42 33
72 62 14
30 20 64
27 17 68
49 39 37
11 1 68
50 40 36
63 53 22
74 64 12
62 52 23
64 54 21
49 39 37
51 41 34
75 65 12
45 35 42
35 25 56
67 57 18
54 44 31
71 61 15
68 58 17
21 11 68
28 18 67
65 55 20
25 15 68
29 19 65
45 35 42
57 47 28
71 61 15
12 2 68
66 56 19
31 21 62
11 1 66
75 65 12
60 50 25
47 37 39
34 24 57
26 16 66
22 12 66
49 39 37
71 61 15
48 38 38
57 47 28
62 52 23
74 64 12
75 65 12
31 21 62
72 62 14
47 37 39
18 8 66
49 39 37
41 31 47
69 59 16
53 43 32
74 64 12
58 48 27
72 62 14
57 47 28
51 41 34
58 48 27
75 65 12
64 54 21
32 22 60
37 27 53
47 37 39
72 62 14
66 56 19
63 53 22
58 48 27
73 63 13
37 27 53
64 54 21
53 43 32
70 60 16
72 62 14
65 55 20
59 49 26
71 61 15
37 27 53
53 43 32
52 42 33
26 16 66
39 29 50
22 12 64
33 23 59
54 44 31
77 67 10
66 56 19
68 58 17
22 12 64
66 56 19
55 45 30
53 43 32
76 66 11
72 62 14
60 50 25
76 66 11
59 49 26
14 4 64
19 9 64
60 50 25
56 46 29
45 35 42
41 31 47
52 42 33
29 19 64
64 54 21
38 28 51
70 60 16
39 29 50
63 53 22
23 13 64
48 38 38
77 67 10
66 56 19
59 49 26
22 12 64
25 15 64
54 44 31
71 61 15
73 63 13
27 17 64
27 17 64
65 55 20
48 38 38
38 28 51
65 55 20
40 30 49
76 66 11
39 29 50
74 64 12
53 43 32
61 51 24
68 58 17
42 32 46
64 54 21
70 60 16
59 49 26
17 7 62
33 23 59
45 35 42
66 56 19
34 24 57
71 61 15
62 52 23
72 62 14
78 68 10
64 54 21
64 54 21
77 67 10
74 64 12
53 43 32
43 33 44
65 55 20
13 3 62
65 55 20
54 44 31
65 55 20
19 9 62
15 5 62
73 63 13
46 36 40
76 66 11
29 19 62
49 39 37
38 28 51
29 19 62
42 32 46
55 45 30
49 39 37
43 33 44
19 9 62
64 54 21
78 68 10
68 58 17
66 56 19
77 67 10
67 57 18
50 40 36
61 51 24
52 42 33
30 20 62
72 62 14
70 60 16
14 4 60
74 64 12
75 65 12
52 42 33
70 60 16
25 15 60
74 64 12
75 65 12
65 55 20
40 30 49
40 30 49
42 32 46
15 5 60
34 24 57
52 42 33
61 51 24
57 47 28
65 55 20
67 57 18
18 8 60
71 61 15
53 43 32
60 50 25
24 14 60
51 41 34
26 16 60
65 55 20
48 38 38
11 1 60
16 6 60
54 44 31
34 24 57
66 56 19
65 55 20
77 67 10
28 18 60
64 54 21
44 34 43
68 58 17
22 12 60
57 47 28
67 57 18
70 60 16
43 33 44
49 39 37
14 4 60
19 9 60
55 45 30
49 39 37
65 55 20
52 42 33
59 49 26
38 28 51
20 10 58
77 67 10
25 15 58
70 60 16
17 7 58
48 38 38
17 7 58
54 44 31
42 32 46
43 33 44
53 43 32
20 10 58
54 44 31
18 8 58
45 35 42
22 12 58
11 1 58
48 38 38
51 41 34
40 30 49
12 2 58
79 69 9
79 69 9
47 37 39
36 26 54
49 39 37
17 7 58
45 35 42
44 34 43
61 51 24
59 49 26
30 20 58
77 67 10
64 54 21
50 40 36
22 12 58
61 51 24
71 61 15
57 47 28
62 52 23
37 27 53
40 30 49
30 20 58
51 41 34
67 57 18
12 2 58
17 7 58
33 23 58
38 28 51
78 68 10
49 39 37
78 68 10
22 12 58
11 1 58
57 47 28
21 11 56
14 4 56
70 60 16
53 43 32
38 28 51
50 40 36
66 56 19
52 42 33
69 59 16
30 20 56
33 23 56
56 46 29
71 61 15
81 71 8
77 67 10
40 30 49
74 64 12
68 58 17
77 67 10
75 65 12
16 6 56
64 54 21
64 54 21
77 67 10
40 30 49
70 60 16
73 63 13
70 60 16
19 9 56
37 27 53
79 69 9
49 39 37
68 58 17
60 50 25
79 69 9
71 61 15
80 70 9
25 15 56
12 2 56
35 25 56
62 52 23
81 71 8
56 46 29
30 20 56
81 71 8
80 70 9
19 9 56
77 67 10
49 39 37
71 61 15
77 67 10
80 70 9
41 31 47
66 56 19
46 36 40
71 61 15
48 38 38
76 66 11
79 69 9
68 58 17
58 48 27
27 17 56
35 25 56
52 42 33
60 50 25
24 14 56
71 61 15
59 49 26
74 64 12
80 70 9
76 66 11
58 48 27
53 43 32
68 58 17
80 70 9
50 40 36
80 70 9
54 44 31
81 71 8
66 56 19
67 57 18
78 68 10
38 28 51
70 60 16
79 69 9
77 67 10
18 8 54
54 44 31
62 52 23
57 47 28
69 59 16
23 13 54
77 67 10
77 67 10
16 6 54
79 69 9
76 66 11
44 34 43
81 71 8
32 22 54
57 47 28
20 10 54
75 65 12
81 71 8
14 4 54
76 66 11
72 62 14
69 59 16
69 59 16
60 50 25
45 35 42
71 61 15
73 63 13
46 36 40
79 69 9
62 52 23
72 62 14
12 2 54
65 55 20
40 30 49
78 68 10
76 66 11
19 9 54
11 1 54
68 58 17
72 62 14
74 64 12
75 65 12
41 31 47
53 43 32
74 64 12
29 19 54
51 41 34
72 62 14
32 22 54
30 20 54
82 72 7
49 39 37
45 35 42
14 4 54
38 28 51
47 37 39
83 73 7
23 13 52
22 12 52
81 71 8
66 56 19
11 1 52
73 63 13
83 73 7
75 65 12
71 61 15
28 18 52
39 29 50
15 5 52
68 58 17
43 33 44
65 55 20
73 63 13
74 64 12
46 36 40
49 39 37
79 69 9
79 69 9
73 63 13
43 33 44
75 65 12
45 35 42
72 62 14
46 36 40
83 73 7
77 67 10
55 45 30
77 67 10
82 72 7
47 37 39
42 32 46
31 21 52
68 58 17
33 23 52
55 45 30
45 35 42
65 55 20
35 25 52
16 6 52
26 16 52
27 17 52
19 9 52
65 55 20
37 27 52
79 69 9
41 31 47
61 51 24
65 55 20
13 3 52
41 31 47
47 37 39
77 67 10
70 60 16
32 22 52
69 59 16
64 54 21
70 60 16
68 58 17
26 16 52
63 53 22
17 7 52
17 7 52
66 56 19
71 61 15
80 70 9
79 69 9
35 25 52
21 11 52
78 68 10
71 61 15
71 61 15
20 10 50
78 68 10
77 67 10
48 38 38
61 51 24
53 43 32
54 44 31
74 64 12
56 46 29
73 63 13
65 55 20
53 43 32
39 29 50
40 30 49
70 60 16
70 60 16
38 28 50
61 51 24
80 70 9
48 38 38
32 22 50
61 51 24
47 37 39
82 72 7
69 59 16
46 36 40
24 14 50
49 39 37
67 57 18
47 37 39
31 21 50
80 70 9
83 73 7
72 62 14
78 68 10
67 57 18
80 70 9
84 74 6
76 66 11
18 8 50
67 57 18
58 48 27
59 49 26
81 71 8
79 69 9
14 4 50
33 23 50
39 29 50
60 50 25
38 28 50
35 25 50
66 56 19
52 42 33
17 7 50
72 62 14
77 67 10
17 7 50
18 8 50
50 40 36
75 65 12
28 18 50
78 68 10
69 59 16
56 46 29
58 48 27
36 26 50
71 61 15
67 57 18
71 61 15
70 60 16
66 56 19
58 48 27
57 47 28
67 57 18
67 57 18
45 35 42
69 59 16
82 72 7
85 75 6
22 12 48
52 42 33
80 70 9
58 48 27
56 46 29
38 28 48
43 33 44
77 67 10
35 25 48
69 59 16
85 75 6
84 74 6
72 62 14
32 22 48
57 47 28
67 57 18
82 72 7
63 53 22
17 7 48
63 53 22
54 44 31
75 65 12
75 65 12
81 71 8
65 55 20
65 55 20
63 53 22
68 58 17
67 57 18
66 56 19
21 11 48
33 23 48
57 47 28
65 55 20
74 64 12
53 43 32
72 62 14
62 52 23
54 44 31
83 73 7
77 67 10
30 20 48
78 68 10
82 72 7
49 39 37
71 61 15
42 32 46
84 74 6
83 73 7
58 48 27
69 59 16
73 63 13
74 64 12
27 17 48
82 72 7
21 11 48
74 64 12
69 59 16
47 37 39
80 70 9
50 40 36
83 73 7
84 74 6
19 9 48
79 69 9
49 39 37
69 59 16
40 30 48
67 57 18
57 47 28
81 71 8
75 65 12
83 73 7
29 19 46
22 12 46
82 72 7
54 44 31
17 7 46
74 64 12
43 33 44
28 18 46
72 62 14
17 7 46
80 70 9
63 53 22
66 56 19
23 13 46
73 63 13
39 29 46
63 53 22
32 22 46
62 52 23
79 69 9
63 53 22
43 33 44
50 40 36
72 62 14
78 68 10
86 76 5
43 33 44
40 30 46
24 14 46
48 38 38
78 68 10
47 37 39
20 10 46
75 65 12
45 35 42
68 58 17
64 54 21
86 76 5
58 48 27
45 35 42
25 15 46
69 59 16
31 21 46
14 4 46
82 72 7
79 69 9
72 62 14
30 20 46
86 76 5
29 19 46
72 62 14
60 50 25
82 72 7
11 1 46
70 60 16
59 49 26
64 54 21
64 54 21
81 71 8
43 33 44
72 62 14
70 60 16
74 64 12
45 35 42
84 74 6
40 30 46
71 61 15
50 40 36
84 74 6
16 6 46
66 56 19
75 65 12
51 41 34
55 45 30
26 16 46
86 76 5
62 52 23
27 17 46
84 74 6
53 43 32
76 66 11
38 28 46
82 72 7
65 55 20
83 73 7
37 27 46
83 73 7
70 60 16
86 76 5
80 70 9
74 64 12
80 70 9
79 69 9
83 73 7
52 42 33
28 18 44
71 61 15
52 42 33
41 31 44
11 1 44
12 2 44
86 76 5
87 77 5
73 63 13
57 47 28
56 46 29
33 23 44
83 73 7
86 76 5
55 45 30
52 42 33
21 11 44
29 19 44
34 24 44
24 14 44
18 8 44
24 14 44
42 32 44
79 69 9
82 72 7
46 36 40
51 41 34
29 19 44
49 39 37
25 15 44
28 18 44
64 54 21
34 24 44
53 43 32
83 73 7
84 74 6
80 70 9
18 8 44
13 3 44
76 66 11
79 69 9
45 35 42
64 54 21
62 52 23
84 74 6
49 39 37
85 75 6
65 55 20
51 41 34
66 56 19
59 49 26
45 35 42
53 43 32
68 58 17
73 63 13
19 9 44
87 77 5
54 44 31
13 3 44
23 13 44
80 70 9
70 60 16
60 50 25
38 28 44
79 69 9
71 61 15
81 71 8
78 68 10
63 53 22
83 73 7
81 71 8
17 7 44
55 45 30
80 70 9
85 75 6
80 70 9
70 60 16
68 58 17
77 67 10
33 23 42
27 17 42
35 25 42
87 77 5
63 53 22
44 34 42
83 73 7
30 20 42
81 71 8
29 19 42
67 57 18
59 49 26
77 67 10
88 78 4
80 70 9
62 52 23
70 60 16
76 66 11
72 62 14
12 2 42
86 76 5
28 18 42
88 78 4
68 58 17
46 36 40
26 16 42
42 32 42
67 57 18
64 54 21
71 61 15
76 66 11
34 24 42
81 71 8
70 60 16
40 30 42
84 74 6
69 59 16
75 65 12
28 18 42
26 16 42
87 77 5
87 77 5
25 15 42
79 69 9
52 42 33
78 68 10
61 51 24
23 13 42
73 63 13
21 11 42
79 69 9
13 3 42
13 3 42
85 75 6
71 61 15
44 34 42
42 32 42
56 46 29
83 73 7
41 31 42
14 4 42
73 63 13
76 66 11
83 73 7
81 71 8
52 42 33
54 44 31
43 33 40
88 78 4
87 77 5
55 45 30
74 64 12
85 75 6
82 72 7
57 47 28
77 67 10
77 67 10
70 60 16
80 70 9
38 28 40
85 75 6
81 71 8
55 45 30
63 53 22
44 34 40
65 55 20
70 60 16
86 76 5
76 66 11
14 4 40
68 58 17
56 46 29
79 69 9
58 48 27
85 75 6
28 18 40
59 49 26
40 30 40
75 65 12
82 72 7
76 66 11
17 7 40
70 60 16
84 74 6
45 35 40
52 42 33
78 68 10
56 46 29
38 28 40
18 8 40
69 59 16
78 68 10
52 42 33
66 56 19
77 67 10
83 73 7
73 63 13
29 19 40
64 54 21
84 74 6
37 27 40
63 53 22
40 30 40
59 49 26
80 70 9
35 25 40
49 39 37
47 37 39
59 49 26
31 21 40
56 46 29
45 35 40
12 2 40
87 77 5
89 79 4
46 36 40
67 57 18
13 3 40
84 74 6
78 68 10
89 79 4
78 68 10
75 65 12
28 18 40
54 44 31
89 79 4
69 59 16
75 65 12
25 15 38
70 60 16
87 77 5
80 70 9
78 68 10
84 74 6
57 47 28
88 78 4
73 63 13
78 68 10
46 36 38
90 80 4
81 71 8
58 48 27
89 79 4
34 24 38
74 64 12
74 64 12
83 73 7
76 66 11
85 75 6
89 79 4
79 69 9
62 52 23
51 41 34
68 58 17
65 55 20
13 3 38
79 69 9
11 1 38
36 26 38
34 24 38
47 37 38
13 3 38
43 33 38
40 30 38
72 62 14
70 60 16
36 26 38
28 18 38
72 62 14
83 73 7
26 16 38
66 56 19
66 56 19
52 42 33
66 56 19
82 72 7
89 79 4
81 71 8
16 6 38
62 52 23
73 63 13
87 77 5
19 9 38
88 78 4
82 72 7
76 66 11
74 64 12
65 55 20
88 78 4
20 10 38
31 21 38
67 57 18
66 56 19
56 46 29
30 20 38
80 70 9
83 73 7
67 57 18
18 8 38
64 54 21
75 65 12
89 79 4
50 40 36
87 77 5
90 80 4
60 50 25
81 71 8
60 50 25
29 19 38
27 17 38
90 80 4
18 8 36
86 76 5
44 34 36
77 67 10
58 48 27
49 39 36
27 17 36
88 78 4
90 80 4
12 2 36
82 72 7
31 21 36
40 30 36
57 47 28
70 60 16
71 61 15
80 70 9
11 1 36
80 70 9
84 74 6
85 75 6
49 39 36
46 36 36
47 37 36
12 2 36
70 60 16
57 47 28
69 59 16
68 58 17
37 27 36
73 63 13
48 38 36
67 57 18
23 13 36
68 58 17
51 41 34
83 73 7
62 52 23
52 42 33
73 63 13
89 79 4
60 50 25
66 56 19
24 14 36
59 49 26
73 63 13
72 62 14
78 68 10
71 61 15
19 9 36
83 73 7
67 57 18
80 70 9
86 76 5
69 59 16
47 37 36
85 75 6
88 78 4
88 78 4
22 12 36
45 35 36
26 16 36
35 25 36
34 24 36
42 32 36
73 63 13
51 41 34
90 80 4
81 71 8
85 75 6
13 3 36
43 33 36
91 81 3
86 76 5
50 40 34
60 50 25
21 11 34
53 43 32
21 11 34
83 73 7
75 65 12
75 65 12
58 48 27
23 13 34
49 39 34
90 80 4
84 74 6
60 50 25
59 49 26
77 67 10
79 69 9
81 71 8
91 81 3
43 33 34
61 51 24
23 13 34
25 15 34
70 60 16
52 42 33
87 77 5
86 76 5
46 36 34
73 63 13
74 64 12
82 72 7
57 47 28
81 71 8
82 72 7
23 13 34
79 69 9
91 81 3
88 78 4
19 9 34
85 75 6
89 79 4
51 41 34
81 71 8
85 75 6
85 75 6
21 11 34
83 73 7
34 24 34
69 59 16
66 56 19
86 76 5
41 31 34
21 11 34
25 15 34
41 31 34
84 74 6
88 78 4
64 54 21
17 7 34
56 46 29
52 42 33
63 53 22
61 51 24
47 37 34
60 50 25
91 81 3
89 79 4
68 58 17
61 51 24
40 30 34
20 10 34
91 81 3
52 42 33
85 75 6
56 46 29
73 63 13
92 82 3
61 51 24
36 26 34
56 46 29
87 77 5
91 81 3
46 36 34
14 4 34
84 74 6
75 65 12
27 17 34
83 73 7
70 60 16
75 65 12
54 44 31
65 55 20
90 80 4
20 10 32
82 72 7
72 62 14
54 44 31
57 47 28
27 17 32
67 57 18
13 3 32
30 20 32
76 66 11
60 50 25
50 40 32
32 22 32
54 44 31
74 64 12
16 6 32
53 43 32
91 81 3
64 54 21
67 57 18
74 64 12
66 56 19
68 58 17
90 80 4
53 43 32
22 12 32
39 29 32
76 66 11
61 51 24
63 53 22
74 64 12
83 73 7
11 1 32
44 34 32
25 15 32
77 67 10
42 32 32
47 37 32
51 41 32
53 43 32
64 54 21
66 56 19
73 63 13
86 76 5
90 80 4
90 80 4
40 30 32
52 42 32
40 30 32
64 54 21
81 71 8
32 22 32
49 39 32
81 71 8
92 82 3
42 32 32
71 61 15
88 78 4
77 67 10
68 58 17
11 1 32
59 49 26
43 33 32
92 82 3
64 54 21
80 70 9
92 82 3
86 76 5
81 71 8
92 82 3
89 79 4
31 21 32
68 58 17
88 78 4
21 11 32
88 78 4
63 53 22
50 40 32
78 68 10
86 76 5
31 21 32
93 83 2
92 82 3
94 84 2
83 73 7
83 73 7
78 68 10
19 9 30
81 71 8
75 65 12
40 30 30
64 54 21
93 83 2
72 62 14
19 9 30
87 77 5
31 21 30
81 71 8
85 75 6
88 78 4
51 41 30
81 71 8
34 24 30
13 3 30
93 83 2
44 34 30
32 22 30
64 54 21
62 52 23
89 79 4
34 24 30
90 80 4
58 48 27
87 77 5
91 81 3
90 80 4
72 62 14
43 33 30
42 32 30
86 76 5
34 24 30
64 54 21
37 27 30
86 76 5
28 18 30
93 83 2
81 71 8
54 44 30
86 76 5
41 31 30
87 77 5
66 56 19
86 76 5
16 6 30
56 46 29
72 62 14
74 64 12
86 76 5
77 67 10
90 80 4
66 56 19
51 41 30
39 29 30
71 61 15
94 84 2
88 78 4
92 82 3
62 52 23
25 15 30
83 73 7
86 76 5
54 44 30
90 80 4
64 54 21
88 78 4
36 26 30
85 75 6
70 60 16
86 76 5
72 62 14
86 76 5
74 64 12
75 65 12
88 78 4
32 22 30
93 83 2
47 37 30
21 11 28
83 73 7
50 40 28
82 72 7
77 67 10
88 78 4
71 61 15
92 82 3
87 77 5
81 71 8
15 5 28
57 47 28
34 24 28
80 70 9
91 81 3
51 41 28
52 42 28
31 21 28
13 3 28
88 78 4
72 62 14
90 80 4
28 18 28
85 75 6
80 70 9
79 69 9
61 51 24
55 45 28
30 20 28
30 20 28
77 67 10
71 61 15
73 63 13
11 1 28
94 84 2
91 81 3
92 82 3
67 57 18
75 65 12
58 48 27
88 78 4
86 76 5
73 63 13
67 57 18
11 1 28
93 83 2
95 85 2
18 8 28
71 61 15
80 70 9
92 82 3
71 61 15
51 41 28
88 78 4
59 49 26
95 85 2
66 56 19
88 78 4
34 24 28
25 15 28
77 67 10
77 67 10
84 74 6
81 71 8
87 77 5
50 40 28
79 69 9
77 67 10
95 85 2
88 78 4
62 52 23
33 23 28
95 85 2
82 72 7
36 26 28
90 80 4
23 13 28
53 43 28
93 83 2
89 79 4
48 38 28
29 19 28
63 53 22
88 78 4
85 75 6
31 21 28
24 14 28
22 12 28
85 75 6
75 65 12
88 78 4
84 74 6
59 49 26
94 84 2
78 68 10
88 78 4
92 82 3
44 34 28
69 59 16
15 5 26
84 74 6
62 52 23
64 54 21
88 78 4
58 48 26
24 14 26
58 48 26
82 72 7
95 85 2
92 82 3
21 11 26
28 18 26
86 76 5
95 85 2
93 83 2
55 45 26
78 68 10
68 58 17
67 57 18
46 36 26
87 77 5
93 83 2
38 28 26
80 70 9
94 84 2
45 35 26
46 36 26
60 50 25
69 59 16
29 19 26
88 78 4
59 49 26
89 79 4
11 1 26
94 84 2
78 68 10
59 49 26
48 38 26
57 47 26
78 68 10
96 86 1
93 83 2
91 81 3
92 82 3
14 4 26
95 85 2
56 46 26
69 59 16
88 78 4
45 35 26
86 76 5
78 68 10
95 85 2
96 86 1
85 75 6
93 83 2
89 79 4
84 74 6
14 4 26
45 35 26
13 3 26
70 60 16
88 78 4
89 79 4
66 56 19
83 73 7
86 76 5
78 68 10
36 26 26
52 42 26
72 62 14
89 79 4
91 81 3
95 85 2
87 77 5
35 25 26
77 67 10
80 70 9
85 75 6
78 68 10
55 45 26
51 41 26
95 85 2
84 74 6
79 69 9
84 74 6
24 14 24
71 61 15
46 36 24
83 73 7
94 84 2
48 38 24
30 20 24
20 10 24
94 84 2
83 73 7
83 73 7
76 66 11
93 83 2
89 79 4
16 6 24
20 10 24
75 65 12
45 35 24
71 61 15
90 80 4
80 70 9
38 28 24
73 63 13
78 68 10
31 21 24
60 50 24
54 44 24
91 81 3
89 79 4
64 54 21
78 68 10
94 84 2
91 81 3
60 50 24
85 75 6
97 87 1
97 87 1
65 55 20
21 11 24
83 73 7
93 83 2
97 87 1
91 81 3
86 76 5
52 42 24
88 78 4
13 3 24
19 9 24
57 47 24
49 39 24
96 86 1
11 1 24
61 51 24
51 41 24
97 87 1
70 60 16
38 28 24
96 86 1
84 74 6
86 76 5
12 2 24
59 49 24
90 80 4
21 11 24
12 2 24
54 44 24
85 75 6
71 61 15
33 23 24
55 45 24
44 34 24
87 77 5
78 68 10
93 83 2
64 54 21
81 71 8
88 78 4
61 51 24
94 84 2
80 70 9
29 19 24
11 1 24
72 62 14
83 73 7
72 62 14
95 85 2
90 80 4
95 85 2
93 83 2
23 13 24
89 79 4
69 59 16
89 79 4
78 68 10
66 56 19
25 15 22
69 59 16
42 32 22
97 87 1
96 86 1
85 75 6
84 74 6
58 48 22
92 82 3
24 14 22
92 82 3
47 37 22
80 70 9
20 10 22
69 59 16
88 78 4
64 54 21
51 41 22
74 64 12
16 6 22
22 12 22
37 27 22
94 84 2
86 76 5
77 67 10
12 2 22
27 17 22
84 74 6
94 84 2
93 83 2
73 63 13
98 88 1
52 42 22
55 45 22
17 7 22
97 87 1
18 8 22
95 85 2
80 70 9
62 52 22
68 58 17
96 86 1
97 87 1
87 77 5
94 84 2
93 83 2
94 84 2
92 82 3
31 21 22
70 60 16
28 18 22
85 75 6
87 77 5
88 78 4
89 79 4
52 42 22
78 68 10
95 85 2
98 88 1
29 19 22
53 43 22
80 70 9
44 34 22
90 80 4
69 59 16
98 88 1
40 30 22
96 86 1
71 61 15
85 75 6
27 17 22
92 82 3
83 73 7
85 75 6
82 72 7
88 78 4
60 50 22
76 66 11
30 20 22
22 12 22
20 10 22
93 83 2
78 68 10
90 80 4
88 78 4
79 69 9
60 50 20
60 50 20
99 89 1
24 14 20
28 18 20
27 17 20
26 16 20
96 86 1
97 87 1
60 50 20
81 71 8
67 57 18
22 12 20
95 85 2
68 58 17
39 29 20
52 42 20
77 67 10
57 47 20
94 84 2
79 69 9
90 80 4
26 16 20
88 78 4
39 29 20
75 65 12
33 23 20
94 84 2
92 82 3
55 45 20
20 10 20
89 79 4
95 85 2
90 80 4
76 66 11
84 74 6
38 28 20
75 65 12
56 46 20
82 72 7
13 3 20
96 86 1
85 75 6
65 55 20
99 89 1
92 82 3
77 67 10
97 87 1
60 50 20
97 87 1
82 72 7
96 86 1
27 17 20
34 24 20
22 12 20
71 61 15
97 87 1
90 80 4
86 76 5
27 17 20
99 89 1
86 76 5
38 28 20
29 19 20
84 74 6
69 59 16
13 3 20
62 52 20
95 85 2
88 78 4
95 85 2
40 30 20
30 20 20
94 84 2
87 77 5
93 83 2
83 73 7
65 55 20
98 88 1
45 35 20
94 84 2
70 60 16
18 8 20
62 52 20
24 14 20
94 84 2
68 58 17
99 89 1
82 72 7
99 89 1
22 12 20
98 88 1
14 4 20
99 89 1
40 30 20
54 44 20
96 86 1
82 72 7
78 68 10
73 63 13
38 28 20
89 79 4
54 44 20
53 43 20
44 34 20
73 63 13
96 86 1
58 48 20
15 5 20
94 84 2
61 51 20
90 80 4
72 62 14
73 63 13
50 40 18
85 75 6
84 74 6
60 50 18
14 4 18
86 76 5
31 21 18
39 29 18
82 72 7
80 70 9
87 77 5
97 87 1
93 83 2
93 83 2
79 69 9
33 23 18
59 49 18
94 84 2
99 89 1
89 79 4
99 89 1
24 14 18
83 73 7
99 89 1
42 32 18
58 48 18
61 51 18
87 77 5
86 76 5
14 4 18
33 23 18
90 80 4
58 48 18
96 86 1
92 82 3
84 74 6
68 58 17
14 4 18
66 56 18
36 26 18
31 21 18
87 77 5
17 7 18
55 45 18
83 73 7
98 88 1
72 62 14
99 89 1
89 79 4
45 35 18
98 88 1
51 41 18
90 80 4
94 84 2
46 36 18
100 90 1
84 74 6
99 89 1
89 79 4
77 67 10
82 72 7
54 44 18
76 66 11
83 73 7
96 86 1
94 84 2
44 34 18
98 88 1
57 47 18
99 89 1
93 83 2
100 90 1
15 5 18
62 52 18
15 5 18
96 86 1
56 46 18
21 11 18
99 89 1
100 90 1
100 90 1
30 20 18
98 88 1
84 74 6
43 33 18
66 56 18
62 52 18
87 77 5
79 69 9
97 87 1
84 74 6
96 86 1
71 61 15
89 79 4
33 23 18
61 51 18
98 88 1
82 72 7
87 77 5
23 13 18
34 24 18
20 10 18
31 21 18
43 33 18
38 28 18
79 69 9
24 14 18
32 22 18
12 2 18
96 86 1
86 76 5
44 34 18
91 81 3
66 56 18
82 72 7
64 54 18
85 75 6
27 17 18
98 88 1
21 11 18
80 70 9
54 44 18
18 8 18
93 83 2
46 36 18
96 86 1
17 7 18
99 89 1
98 88 1
81 71 8
46 36 16
80 70 9
94 84 2
47 37 16
90 80 4
72 62 14
54 44 16
48 38 16
97 87 1
85 75 6
93 83 2
90 80 4
100 90 1
81 71 8
15 5 16
31 21 16
100 90 1
101 91 0
100 90 1
95 85 2
93 83 2
99 89 1
83 73 7
81 71 8
101 91 0
66 56 16
24 14 16
51 41 16
84 74 6
98 88 1
91 81 3
95 85 2
76 66 11
81 71 8
77 67 10
80 70 9
96 86 1
96 86 1
48 38 16
51 41 16
72 62 14
95 85 2
68 58 16
97 87 1
96 86 1
61 51 16
86 76 5
85 75 6
56 46 16
64 54 16
99 89 1
101 91 0
94 84 2
99 89 1
53 43 16
27 17 16
53 43 16
100 90 1
90 80 4
68 58 16
93 83 2
96 86 1
101 91 0
87 77 5
22 12 16
86 76 5
86 76 5
79 69 9
91 81 3
67 57 16
62 52 16
91 81 3
47 37 16
48 38 16
45 35 16
99 89 1
99 89 1
55 45 16
55 45 16
62 52 16
29 19 16
96 86 1
82 72 7
92 82 3
49 39 16
32 22 16
99 89 1
101 91 0
57 47 16
85 75 6
87 77 5
101 91 0
64 54 16
77 67 10
49 39 16
82 72 7
37 27 16
25 15 16
49 39 16
55 45 16
61 51 16
81 71 8
101 91 0
32 22 16
98 88 1
51 41 16
13 3 16
97 87 1
23 13 16
95 85 2
97 87 1
44 34 16
98 88 1
46 36 16
24 14 16
70 60 16
78 68 10
91 81 3
16 6 16
46 36 16
100 90 1
65 55 16
29 19 16
87 77 5
32 22 14
28 18 14
53 43 14
90 80 4
84 74 6
100 90 1
78 68 10
91 81 3
67 57 14
96 86 1
29 19 14
90 80 4
49 39 14
87 77 5
102 92 0
14 4 14
82 72 7
42 32 14
71 61 14
102 92 0
93 83 2
97 87 1
87 77 5
57 47 14
91 81 3
83 73 7
99 89 1
16 6 14
82 72 7
53 43 14
52 42 14
93 83 2
83 73 7
50 40 14
95 85 2
102 92 0
24 14 14
70 60 14
96 86 1
89 79 4
91 81 3
84 74 6
70 60 14
96 86 1
63 53 14
102 92 0
67 57 14
90 80 4
102 92 0
99 89 1
76 66 11
98 88 1
48 38 14
60 50 14
65 55 14
76 66 11
18 8 14
94 84 2
90 80 4
51 41 14
45 35 14
79 69 9
39 29 14
83 73 7
101 91 0
70 60 14
44 34 14
97 87 1
50 40 14
27 17 14
77 67 10
92 82 3
97 87 1
89 79 4
65 55 14
101 91 0
89 79 4
102 92 0
96 86 1
83 73 7
67 57 14
82 72 7
101 91 0
58 48 14
52 42 14
94 84 2
80 70 9
92 82 3
51 41 14
24 14 14
89 79 4
100 90 1
92 82 3
13 3 14
81 71 8
45 35 14
99 89 1
17 7 14
93 83 2
102 92 0
47 37 14
59 49 14
101 91 0
42 32 14
99 89 1
84 74 6
94 84 2
90 80 4
80 70 9
99 89 1
87 77 5
88 78 4
83 73 7
63 53 12
77 67 10
69 59 12
101 91 0
89 79 4
88 78 4
50 40 12
102 92 0
53 43 12
100 90 1
64 54 12
96 86 1
96 86 1
92 82 3
51 41 12
70 60 12
46 36 12
41 31 12
89 79 4
58 48 12
86 76 5
101 91 0
85 75 6
102 92 0
78 68 10
84 74 6
102 92 0
96 86 1
71 61 12
81 71 8
81 71 8
88 78 4
101 91 0
90 80 4
88 78 4
80 70 9
39 29 12
69 59 12
86 76 5
103 93 0
103 93 0
103 93 0
69 59 12
95 85 2
32 22 12
63 53 12
52 42 12
89 79 4
100 90 1
48 38 12
27 17 12
92 82 3
95 85 2
77 67 10
98 88 1
103 93 0
99 89 1
47 37 12
46 36 12
26 16 12
16 6 12
63 53 12
95 85 2
57 47 12
33 23 12
92 82 3
100 90 1
76 66 11
90 80 4
94 84 2
53 43 12
99 89 1
99 89 1
46 36 12
31 21 12
70 60 12
33 23 12
60 50 12
81 71 8
71 61 12
96 86 1
35 25 12
94 84 2
69 59 12
60 50 12
91 81 3
74 64 12
103 93 0
78 68 10
74 64 12
90 80 4
93 83 2
23 13 12
69 59 12
97 87 1
72 62 12
81 71 8
77 67 10
95 85 2
57 47 12
101 91 0
98 88 1
39 29 12
103 93 0
85 75 6
94 84 2
81 71 8
100 90 1
95 85 2
101 91 0
102 92 0
100 90 1
101 91 0
101 91 0
53 43 12
92 82 3
65 55 12
97 87 1
103 93 0
58 48 12
94 84 2
17 7 12
73 63 12
80 70 9
43 33 12
76 66 11
56 46 12
96 86 1
97 87 1
99 89 1
37 27 12
61 51 12
53 43 12
90 80 4
103 93 0
95 85 2
94 84 2
102 92 0
33 23 10
40 30 10
83 73 7
71 61 10
86 76 5
44 34 10
80 70 9
101 91 0
19 9 10
57 47 10
97 87 1
95 85 2
48 38 10
96 86 1
80 70 9
79 69 9
102 92 0
37 27 10
41 31 10
104 94 0
95 85 2
98 88 1
83 73 7
100 90 1
32 22 10
72 62 10
86 76 5
92 82 3
47 37 10
44 34 10
101 91 0
65 55 10
88 78 4
82 72 7
30 20 10
103 93 0
95 85 2
104 94 0
100 90 1
104 94 0
94 84 2
62 52 10
103 93 0
100 90 1
98 88 1
96 86 1
18 8 10
64 54 10
81 71 8
87 77 5
87 77 5
95 85 2
102 92 0
56 46 10
41 31 10
49 39 10
98 88 1
79 69 9
100 90 1
99 89 1
63 53 10
30 20 10
59 49 10
100 90 1
103 93 0
100 90 1
86 76 5
94 84 2
101 91 0
90 80 4
82 72 7
94 84 2
102 92 0
20 10 10
41 31 10
51 41 10
69 59 10
20 10 10
78 68 10
96 86 1
76 66 10
50 40 10
89 79 4
99 89 1
28 18 10
98 88 1
48 38 10
90 80 4
97 87 1
59 49 10
61 51 10
89 79 4
92 82 3
101 91 0
20 10 10
102 92 0
56 46 10
92 82 3
98 88 1
96 86 1
94 84 2
104 94 0
27 17 10
97 87 1
17 7 10
91 81 3
59 49 10
96 86 1
103 93 0
44 34 10
100 90 1
64 54 10
12 2 10
78 68 10
95 85 2
83 73 7
98 88 1
103 93 0
86 76 5
91 81 3
43 33 10
93 83 2
101 91 0
94 84 2
86 76 5
101 91 0
97 87 1
94 84 2
68 58 10
45 35 10
98 88 1
88 78 4
76 66 10
74 64 10
103 93 0
102 92 0
95 85 2
83 73 7
83 73 7
15 5 10
15 5 10
98 88 1
74 64 10
53 43 10
25 15 10
98 88 1
86 76 5
78 68 10
104 94 0
93 83 2
93 83 2
77 67 10
94 84 2
67 57 8
105 95 0
98 88 1
99 89 1
104 94 0
39 29 8
16 6 8
98 88 1
76 66 8
96 86 1
49 39 8
102 92 0
13 3 8
101 91 0
105 95 0
104 94 0
67 57 8
93 83 2
16 6 8
100 90 1
77 67 8
93 83 2
101 91 0
69 59 8
104 94 0
97 87 1
49 39 8
103 93 0
96 86 1
95 85 2
72 62 8
40 30 8
95 85 2
27 17 8
91 81 3
97 87 1
103 93 0
56 46 8
104 94 0
97 87 1
89 79 4
63 53 8
94 84 2
81 71 8
73 63 8
88 78 4
101 91 0
100 90 1
15 5 8
74 64 8
42 32 8
80 70 8
97 87 1
26 16 8
79 69 8
100 90 1
91 81 3
99 89 1
55 45 8
98 88 1
56 46 8
60 50 8
33 23 8
71 61 8
102 92 0
104 94 0
66 56 8
90 80 4
102 92 0
96 86 1
77 67 8
84 74 6
47 37 8
54 44 8
49 39 8
65 55 8
74 64 8
81 71 8
100 90 1
60 50 8
63 53 8
32 22 8
89 79 4
26 16 8
79 69 8
87 77 5
91 81 3
88 78 4
105 95 0
103 93 0
53 43 8
84 74 6
85 75 6
96 86 1
105 95 0
102 92 0
62 52 8
99 89 1
103 93 0
102 92 0
39 29 8
48 38 8
84 74 6
101 91 0
59 49 8
95 85 2
44 34 8
92 82 3
48 38 8
93 83 2
16 6 8
41 31 8
102 92 0
105 95 0
97 87 1
27 17 8
105 95 0
71 61 8
68 58 8
17 7 8
64 54 8
104 94 0
103 93 0
94 84 2
105 95 0
40 30 8
78 68 8
29 19 8
62 52 8
85 75 6
62 52 8
105 95 0
79 69 8
91 81 3
76 66 8
105 95 0
98 88 1
92 82 3
91 81 3
52 42 8
71 61 8
86 76 5
38 28 8
28 18 8
72 62 8
26 16 6
94 84 2
36 26 6
96 86 1
103 93 0
97 87 1
95 85 2
50 40 6
26 16 6
90 80 4
69 59 6
100 90 1
59 49 6
88 78 4
13 3 6
102 92 0
102 92 0
84 74 6
97 87 1
94 84 2
102 92 0
99 89 1
12 2 6
102 92 0
85 75 6
82 72 6
51 41 6
40 30 6
104 94 0
83 73 6
106 96 0
80 70 6
101 91 0
93 83 2
93 83 2
90 80 4
18 8 6
99 89 1
89 79 4
78 68 6
95 85 2
39 29 6
80 70 6
105 95 0
105 95 0
49 39 6
30 20 6
72 62 6
26 16 6
104 94 0
66 56 6
102 92 0
75 65 6
104 94 0
105 95 0
88 78 4
15 5 6
34 24 6
72 62 6
100 90 1
33 23 6
95 85 2
61 51 6
43 33 6
96 86 1
106 96 0
53 43 6
105 95 0
98 88 1
103 93 0
99 89 1
65 55 6
90 80 4
45 35 6
106 96 0
59 49 6
28 18 6
73 63 6
103 93 0
106 96 0
83 73 6
89 79 4
12 2 6
106 96 0
106 96 0
84 74 6
104 94 0
100 90 1
93 83 2
106 96 0
85 75 6
28 18 6
106 96 0
105 95 0
105 95 0
94 84 2
48 38 6
61 51 6
102 92 0
102 92 0
15 5 6
68 58 6
96 86 1
80 70 6
69 59 6
102 92 0
105 95 0
77 67 6
106 96 0
106 96 0
104 94 0
104 94 0
106 96 0
68 58 6
70 60 6
104 94 0
106 96 0
85 75 6
103 93 0
98 88 1
104 94 0
39 29 6
105 95 0
106 96 0
104 94 0
64 54 6
97 87 1
20 10 6
75 65 6
67 57 6
61 51 6
65 55 6
99 89 1
19 9 6
28 18 6
84 74 6
57 47 6
45 35 6
105 95 0
104 94 0
22 12 6
97 87 1
49 39 6
105 95 0
106 96 0
103 93 0
97 87 1
70 60 6
99 89 1
106 96 0
97 87 1
103 93 0
103 93 0
11 1 6
87 77 5
106 96 0
98 88 1
103 93 0
101 91 0
103 93 0
38 28 6
84 74 6
104 94 0
95 85 2
103 93 0
96 86 1
83 73 6
66 56 6
84 74 6
97 87 1
82 72 6
99 89 1
74 64 6
38 28 6
93 83 2
103 93 0
24 14 6
76 66 6
36 26 4
101 91 0
84 74 4
70 60 4
104 94 0
100 90 1
97 87 1
101 91 0
103 93 0
90 80 4
104 94 0
56 46 4
93 83 2
83 73 4
40 30 4
102 92 0
99 89 1
94 84 2
102 92 0
24 14 4
74 64 4
102 92 0
32 22 4
106 96 0
96 86 1
76 66 4
101 91 0
88 78 4
42 32 4
99 89 1
103 93 0
103 93 0
67 57 4
100 90 1
70 60 4
96 86 1
18 8 4
105 95 0
101 91 0
102 92 0
73 63 4
106 96 0
91 81 3
106 96 0
105 95 0
87 77 4
16 6 4
100 90 1
106 96 0
105 95 0
97 87 1
95 85 2
105 95 0
105 95 0
45 35 4
85 75 4
107 97 0
100 90 1
103 93 0
85 75 4
107 97 0
96 86 1
56 46 4
47 37 4
102 92 0
77 67 4
81 71 4
94 84 2
105 95 0
105 95 0
95 85 2
27 17 4
65 55 4
107 97 0
103 93 0
107 97 0
99 89 1
107 97 0
80 70 4
106 96 0
107 97 0
98 88 1
105 95 0
96 86 1
89 79 4
105 95 0
107 97 0
86 76 4
107 97 0
101 91 0
90 80 4
72 62 4
105 95 0
92 82 3
102 92 0
25 15 4
71 61 4
85 75 4
93 83 2
90 80 4
105 95 0
64 54 4
106 96 0
53 43 4
43 33 4
70 60 4
53 43 4
78 68 4
56 46 4
98 88 1
26 16 4
96 86 1
107 97 0
78 68 4
106 96 0
20 10 4
105 95 0
107 97 0
99 89 1
91 81 3
58 48 4
83 73 4
92 82 3
51 41 4
85 75 4
36 26 4
97 87 1
99 89 1
70 60 4
65 55 4
103 93 0
107 97 0
69 59 4
79 69 4
31 21 4
26 16 4
104 94 0
105 95 0
101 91 0
104 94 0
105 95 0
107 97 0
99 89 1
100 90 1
104 94 0
105 95 0
67 57 4
78 68 4
101 91 0
47 37 4
107 97 0
99 89 1
103 93 0
68 58 4
100 90 1
87 77 4
88 78 4
102 92 0
99 89 1
104 94 0
105 95 0
28 18 4
53 43 4
66 56 4
99 89 1
50 40 4
25 15 4
107 97 0
108 98 0
104 94 0
36 26 2
103 93 0
74 64 2
108 98 0
51 41 2
106 96 0
102 92 0
99 89 1
20 10 2
89 79 2
98 88 1
106 96 0
85 75 2
87 77 2
107 97 0
31 21 2
52 42 2
102 92 0
83 73 2
107 97 0
107 97 0
105 95 0
104 94 0
36 26 2
102 92 0
64 54 2
97 87 1
45 35 2
102 92 0
86 76 2
99 89 1
108 98 0
85 75 2
84 74 2
78 68 2
106 96 0
106 96 0
80 70 2
106 96 0
102 92 0
105 95 0
93 83 2
93 83 2
107 97 0
80 70 2
64 54 2
107 97 0
87 77 2
105 95 0
26 16 2
108 98 0
102 92 0
16 6 2
107 97 0
27 17 2
105 95 0
106 96 0
98 88 1
101 91 0
65 55 2
107 97 0
101 91 0
98 88 1
100 90 1
69 59 2
101 91 0
40 30 2
42 32 2
108 98 0
92 82 2
103 93 0
74 64 2
108 98 0
85 75 2
107 97 0
104 94 0
107 97 0
107 97 0
47 37 2
103 93 0
74 64 2
101 91 0
95 85 2
108 98 0
107 97 0
107 97 0
108 98 0
94 84 2
108 98 0
102 92 0
41 31 2
108 98 0
71 61 2
106 96 0
53 43 2
46 36 2
95 85 2
28 18 2
58 48 2
101 91 0
105 95 0
106 96 0
105 95 0
100 90 1
79 69 2
107 97 0
99 89 1
107 97 0
100 90 1
101 91 0
39 29 2
69 59 2
57 47 2
105 95 0
108 98 0
103 93 0
39 29 2
76 66 2
83 73 2
17 7 2
42 32 2
53 43 2
106 96 0
80 70 2
74 64 2
79 69 2
93 83 2
106 96 0
106 96 0
104 94 0
108 98 0
101 91 0
105 95 0
36 26 2
108 98 0
31 21 2
105 95 0
103 93 0
104 94 0
100 90 1
101 91 0
107 97 0
108 98 0
98 88 1
106 96 0
27 17 2
107 97 0
14 4 2
104 94 0
101 91 0
57 47 2
89 79 2
108 98 0
79 69 2
96 86 1
107 97 0
91 81 2
108 98 0
107 97 0
50 40 2
91 81 2
106 96 0
62 52 2
83 73 2
105 95 0
14 4 2
89 79 2
14 4 2
100 90 1
21 11 2
108 98 0
96 86 1
96 86 1
82 72 2
43 33 2
92 82 2
26 16 2
101 91 0
107 97 0
14 4 2
88 78 2
108 98 0
105 95 0
106 96 0
104 94 0
100 90 1
108 98 0
108 98 0
92 82 2
107 97 0
60 50 2
99 89 1
102 92 0
102 92 0
107 97 0
84 74 2
106 96 0
97 87 1
29 19 0
108 98 0
35 25 0
103 93 0
68 58 0
109 99 0
105 95 0
94 84 0
110 100 0
87 77 0
102 92 0
109 99 0
109 99 0
108 98 0
72 62 0
95 85 0
109 99 0
108 98 0
70 60 0
110 100 0
110 100 0
75 65 0
53 43 0
107 97 0
109 99 0
105 95 0
108 98 0
83 73 0
105 95 0
109 99 0
80 70 0
109 99 0
110 100 0
107 97 0
97 87 0
110 100 0
23 13 0
92 82 0
100 90 0
106 96 0
106 96 0
110 100 0
30 20 0
105 95 0
107 97 0
110 100 0
101 91 0
104 94 0
105 95 0
110 100 0
76 66 0
79 69 0
98 88 0
108 98 0
108 98 0
109 99 0
110 100 0
109 99 0
109 99 0
109 99 0
52 42 0
103 93 0
70 60 0
88 78 0
73 63 0
38 28 0
96 86 0
109 99 0
88 78 0
110 100 0
14 4 0
108 98 0
108 98 0
92 82 0
91 81 0
91 81 0
97 87 0
81 71 0
62 52 0
96 86 0
109 99 0
109 99 0
109 99 0
110 100 0
101 91 0
101 91 0
101 91 0
104 94 0
109 99 0
106 96 0
66 56 0
89 79 0
109 99 0
110 100 0
71 61 0
110 100 0
110 100 0
106 96 0
105 95 0
109 99 0
110 100 0
107 97 0
94 84 0
101 91 0
100 90 0
90 80 0
99 89 0
104 94 0
106 96 0
32 22 0
110 100 0
110 100 0
108 98 0
109 99 0
22 12 0
97 87 0
107 97 0
110 100 0
109 99 0
107 97 0
110 100 0
110 100 0
108 98 0
100 90 0
90 80 0
108 98 0
108 98 0
109 99 0
108 98 0
99 89 0
105 95 0
110 100 0
86 76 0
109 99 0
59 49 0
55 45 0
69 59 0
108 98 0
90 80 0
70 60 0
110 100 0
110 100 0
109 99 0
101 91 0
89 79 0
25 15 0
109 99 0
105 95 0
110 100 0
107 97 0
105 95 0
109 99 0
110 100 0
107 97 0
109 99 0
106 96 0
107 97 0
110 100 0
109 99 0
103 93 0
110 100 0
86 76 0
70 60 0
103 93 0
110 100 0
109 99 0
110 100 0
92 82 0
14 4 0
34 24 0
101 91 0
102 92 0
101 91 0
97 87 0
92 82 0
105 95 0
108 98 0
101 91 0
77 67 0
104 94 0
73 63 0
95 85 0
101 91 0
110 100 0
74 64 0
100 90 0
110 100 0
109 99 0
109 99 0
69 59 0
91 81 0
49 39 0
109 99 0
110 100 0
107 97 0
30 20 0
99 89 0
106 96 0
85 75 0
110 100 0
92 82 0
109 99 0
73 63 0
107 97 0
109 99 0
100 90 0
107 97 0
110 100 0
110 100 0
110 100 0
103 93 0
73 63 0
53 43 0
107 97 0
35 25 0
76 66 0
18 8 0
109 99 0
51 41 0
63 53 0
109 99 0
104 94 0
101 91 0
35 25 0
110 100 0
97 87 0
110 100 0
109 99 0
99 89 0
110 100 0
110 100 0
88 78 0
110 100 0
76 66 0
30 20 0
90 80 0
89 79 0
109 99 0
105 95 0
106 96 0
67 57 0
88 78 0
107 97 0
107 97 0
68 58 0
52 42 0
110 100 0
105 95 0
76 66 0
89 79 0
110 100 0
109 99 0
106 96 0
98 88 0
110 100 0
109 99 0
51 41 0
109 99 0
105 95 0
72 62 0
106 96 0
110 100 0
16 6 0
63 53 0
108 98 0
100 90 0
61 51 0
110 100 0
82 72 0
88 78 0
106 96 0
109 99 0
107 97 0
94 84 0
107 97 0
90 80 0
103 93 0
107 97 0
107 97 0
95 85 0
110 100 0
106 96 0
73 63 0
95 85 0
108 98 0
100 90 0
90 80 0
56 46 0
109 99 0
16 6 0
109 99 0
108 98 0
94 84 0
86 76 0
108 98 0
100 90 0
108 98 0
82 72 0
109 99 0
102 92 0
103 93 0
101 91 0
109 99 0
78 68 0
109 99 0
101 91 0
109 99 0
101 91 0
106 96 0
103 93 0
109 99 0
40 30 0
109 99 0
103 93 0
102 92 0
106 96 0
108 98 0
110 100 0
109 99 0
110 100 0
101 91 0
110 100 0
96 86 0
107 97 0
109 99 0
108 98 0
