5000 1000 4.3589
17 17 1964
12 12 1948
7 7 1934
14 14 1930
33 33 1926
22 22 1916
35 35 1914
37 37 1908
38 38 1906
28 28 1904
14 14 1882
32 32 1874
24 24 1874
26 26 1870
5 5 1864
36 36 1864
58 58 1862
12 12 1862
56 56 1856
4 4 1846
1 1 1840
80 80 1838
75 75 1836
35 35 1834
38 38 1834
79 79 1832
45 45 1828
76 76 1826
51 51 1826
20 20 1826
13 13 1824
75 75 1820
53 53 1818
64 64 1814
87 87 1812
93 93 1798
69 69 1784
103 103 1784
41 41 1782
107 107 1780
18 18 1780
34 34 1774
70 70 1772
36 36 1772
21 21 1770
63 63 1768
24 24 1764
3 3 1756
72 72 1756
118 118 1754
97 97 1754
81 81 1754
94 94 1754
19 19 1750
110 110 1748
51 51 1748
46 46 1746
35 35 1744
72 72 1742
88 88 1742
24 24 1738
130 130 1736
79 79 1730
51 51 1728
13 13 1726
69 69 1726
29 29 1722
44 44 1722
28 28 1716
50 50 1714
104 104 1714
118 118 1712
115 115 1712
6 6 1708
64 64 1700
35 35 1698
32 32 1696
151 151 1692
40 40 1692
142 142 1686
62 62 1686
88 88 1684
114 114 1684
94 94 1682
147 147 1680
14 14 1680
83 83 1678
124 124 1676
106 106 1676
78 78 1670
59 59 1670
136 136 1670
49 49 1666
12 12 1666
56 56 1664
106 106 1664
122 122 1660
15 15 1660
94 94 1656
108 108 1646
174 174 1646
32 32 1646
163 163 1642
9 9 1640
149 149 1640
111 111 1638
162 162 1638
26 26 1636
181 181 1634
113 113 1630
14 14 1630
125 125 1630
169 169 1624
135 135 1624
98 98 1622
47 47 1622
81 81 1622
75 75 1616
191 191 1614
29 29 1614
88 88 1608
90 90 1608
131 131 1608
176 176 1604
164 164 1600
121 121 1598
178 178 1598
86 86 1598
51 51 1598
87 87 1594
167 167 1594
73 73 1594
35 35 1592
55 55 1588
82 82 1582
153 153 1582
168 168 1580
179 179 1576
31 31 1576
17 17 1570
162 162 1568
67 67 1568
125 125 1564
143 143 1560
213 213 1558
167 167 1556
53 53 1554
194 194 1554
55 55 1552
148 148 1552
56 56 1548
158 158 1548
140 140 1546
106 106 1546
138 138 1544
77 77 1540
214 214 1536
216 216 1536
12 12 1532
72 72 1532
97 97 1528
197 197 1526
90 90 1524
212 212 1520
225 225 1516
66 66 1516
192 192 1516
151 151 1514
81 81 1510
223 223 1510
9 9 1508
176 176 1508
162 162 1508
35 35 1504
51 51 1504
104 104 1502
235 235 1502
159 159 1500
216 216 1500
10 10 1500
3 3 1498
162 162 1496
107 107 1496
192 192 1496
131 131 1492
23 23 1490
247 247 1490
130 130 1490
108 108 1490
146 146 1486
242 242 1486
183 183 1486
217 217 1484
39 39 1476
51 51 1474
78 78 1472
170 170 1470
122 122 1470
70 70 1470
67 67 1470
219 219 1468
131 131 1468
157 157 1466
95 95 1464
108 108 1464
19 19 1464
197 197 1460
234 234 1458
63 63 1458
230 230 1458
236 236 1458
102 102 1458
52 52 1456
132 132 1452
108 108 1452
256 256 1450
6 6 1448
84 84 1448
64 64 1448
114 114 1444
258 258 1442
214 214 1442
45 45 1442
7 7 1440
186 186 1440
115 115 1440
255 255 1440
97 97 1438
110 110 1436
121 121 1436
266 266 1434
112 112 1434
16 16 1432
147 147 1430
217 217 1430
11 11 1428
42 42 1428
153 153 1428
41 41 1426
52 52 1426
199 199 1424
84 84 1424
180 180 1422
285 285 1420
54 54 1420
161 161 1420
1 1 1420
202 202 1418
158 158 1418
89 89 1416
274 274 1414
39 39 1414
71 71 1414
271 271 1414
143 143 1412
162 162 1412
173 173 1412
219 219 1412
192 192 1412
128 128 1410
45 45 1410
235 235 1408
168 168 1408
19 19 1408
188 188 1406
112 112 1406
202 202 1404
214 214 1404
194 194 1404
142 142 1402
230 230 1402
59 59 1402
14 14 1400
87 87 1398
81 81 1398
94 94 1396
46 46 1396
33 33 1396
95 95 1396
261 261 1396
270 270 1394
248 248 1392
122 122 1392
121 121 1392
48 48 1392
131 131 1392
152 152 1390
253 253 1390
140 140 1386
126 126 1386
167 167 1384
196 196 1384
28 28 1382
67 67 1380
290 290 1380
4 4 1380
21 21 1380
304 304 1380
10 10 1380
257 257 1376
121 121 1376
177 177 1372
42 42 1370
78 78 1370
204 204 1368
244 244 1368
98 98 1366
154 154 1366
24 24 1364
315 315 1362
214 214 1362
171 171 1362
255 255 1362
29 29 1360
256 256 1360
45 45 1358
55 55 1358
267 267 1358
2 2 1358
231 231 1356
112 112 1354
173 173 1354
163 163 1348
245 245 1348
257 257 1348
171 171 1346
55 55 1346
150 150 1344
12 12 1344
76 76 1344
126 126 1344
129 129 1342
297 297 1342
69 69 1342
167 167 1342
217 217 1340
22 22 1340
173 173 1338
224 224 1338
108 108 1336
327 327 1334
71 71 1334
291 291 1334
221 221 1332
106 106 1332
218 218 1332
49 49 1330
311 311 1328
133 133 1328
248 248 1328
176 176 1326
139 139 1326
201 201 1326
44 44 1324
205 205 1324
83 83 1324
305 305 1324
82 82 1324
289 289 1322
232 232 1322
91 91 1322
294 294 1320
219 219 1320
206 206 1318
324 324 1318
76 76 1316
296 296 1316
192 192 1316
216 216 1314
2 2 1314
341 341 1312
57 57 1312
11 11 1312
53 53 1310
257 257 1310
318 318 1308
329 329 1308
197 197 1306
110 110 1306
224 224 1306
267 267 1306
272 272 1304
283 283 1304
57 57 1302
252 252 1302
326 326 1302
323 323 1302
184 184 1302
297 297 1300
201 201 1300
342 342 1300
313 313 1296
221 221 1296
158 158 1294
182 182 1294
315 315 1294
300 300 1292
212 212 1290
240 240 1290
16 16 1290
177 177 1288
280 280 1286
192 192 1286
28 28 1286
343 343 1286
216 216 1284
253 253 1282
9 9 1280
27 27 1280
163 163 1278
208 208 1278
67 67 1278
218 218 1274
235 235 1274
353 353 1274
142 142 1274
311 311 1272
16 16 1272
75 75 1272
287 287 1270
43 43 1268
274 274 1268
349 349 1266
25 25 1266
81 81 1264
26 26 1264
290 290 1264
345 345 1262
326 326 1262
184 184 1262
278 278 1262
314 314 1262
53 53 1260
198 198 1260
351 351 1258
126 126 1258
330 330 1258
215 215 1258
322 322 1256
309 309 1256
348 348 1256
58 58 1254
340 340 1254
287 287 1252
195 195 1252
242 242 1252
373 373 1250
297 297 1250
271 271 1248
68 68 1248
351 351 1248
280 280 1248
111 111 1248
284 284 1246
64 64 1246
89 89 1244
158 158 1244
277 277 1244
37 37 1242
326 326 1240
336 336 1240
358 358 1238
358 358 1238
244 244 1234
56 56 1234
74 74 1232
72 72 1232
304 304 1228
291 291 1228
80 80 1228
245 245 1228
83 83 1228
376 376 1226
145 145 1224
383 383 1224
243 243 1224
359 359 1224
249 249 1222
386 386 1222
263 263 1220
7 7 1220
51 51 1220
9 9 1218
23 23 1218
287 287 1218
43 43 1218
12 12 1216
91 91 1216
181 181 1214
355 355 1214
282 282 1212
175 175 1212
286 286 1212
103 103 1210
318 318 1210
49 49 1210
182 182 1210
103 103 1208
176 176 1208
98 98 1208
269 269 1208
58 58 1206
312 312 1206
257 257 1204
91 91 1204
149 149 1204
373 373 1204
157 157 1204
379 379 1202
91 91 1200
362 362 1198
274 274 1196
122 122 1196
355 355 1196
366 366 1196
329 329 1196
109 109 1194
72 72 1194
64 64 1194
248 248 1194
116 116 1194
258 258 1194
330 330 1192
325 325 1192
175 175 1190
201 201 1190
391 391 1190
182 182 1188
404 404 1188
243 243 1186
270 270 1186
382 382 1186
61 61 1184
141 141 1184
225 225 1182
27 27 1180
350 350 1180
241 241 1178
28 28 1176
378 378 1176
208 208 1174
353 353 1174
311 311 1174
35 35 1174
310 310 1174
233 233 1172
279 279 1172
120 120 1172
109 109 1172
235 235 1170
50 50 1170
195 195 1170
371 371 1168
135 135 1168
268 268 1168
149 149 1168
228 228 1168
106 106 1168
306 306 1168
354 354 1168
401 401 1164
351 351 1164
238 238 1164
234 234 1164
399 399 1162
371 371 1162
128 128 1162
68 68 1160
343 343 1160
291 291 1160
323 323 1160
175 175 1158
386 386 1158
317 317 1158
308 308 1156
308 308 1154
354 354 1154
397 397 1152
381 381 1150
352 352 1150
370 370 1150
175 175 1150
110 110 1148
123 123 1146
208 208 1144
196 196 1144
379 379 1140
384 384 1140
398 398 1140
71 71 1140
81 81 1140
405 405 1138
250 250 1138
344 344 1138
362 362 1138
95 95 1138
83 83 1138
324 324 1136
136 136 1136
36 36 1136
303 303 1136
114 114 1134
378 378 1134
150 150 1132
36 36 1132
411 411 1132
76 76 1132
421 421 1132
345 345 1132
90 90 1132
44 44 1132
70 70 1130
388 388 1130
328 328 1130
353 353 1128
374 374 1128
407 407 1128
147 147 1128
317 317 1128
371 371 1128
17 17 1128
339 339 1126
166 166 1126
114 114 1126
372 372 1126
389 389 1126
147 147 1124
26 26 1124
53 53 1122
244 244 1122
268 268 1122
189 189 1122
237 237 1120
161 161 1120
227 227 1120
263 263 1118
382 382 1118
293 293 1118
53 53 1118
350 350 1118
135 135 1118
66 66 1118
101 101 1116
392 392 1116
161 161 1114
352 352 1114
237 237 1114
395 395 1114
273 273 1112
382 382 1112
274 274 1112
255 255 1110
138 138 1110
125 125 1108
316 316 1108
136 136 1106
419 419 1106
23 23 1106
178 178 1104
120 120 1104
174 174 1104
430 430 1102
363 363 1102
8 8 1100
317 317 1100
230 230 1100
291 291 1100
420 420 1100
428 428 1100
335 335 1098
39 39 1098
413 413 1098
318 318 1094
10 10 1090
110 110 1090
228 228 1088
432 432 1088
353 353 1086
32 32 1084
309 309 1084
132 132 1084
265 265 1084
348 348 1084
140 140 1084
276 276 1082
374 374 1082
247 247 1082
434 434 1080
70 70 1080
409 409 1078
321 321 1078
380 380 1076
65 65 1076
357 357 1074
109 109 1074
45 45 1074
205 205 1070
192 192 1070
4 4 1070
372 372 1068
35 35 1068
102 102 1068
297 297 1068
442 442 1068
311 311 1066
4 4 1066
426 426 1064
461 461 1064
384 384 1064
352 352 1062
422 422 1062
427 427 1062
126 126 1062
168 168 1062
444 444 1060
194 194 1060
390 390 1058
95 95 1058
355 355 1058
35 35 1056
459 459 1054
126 126 1054
353 353 1054
355 355 1054
442 442 1052
29 29 1052
39 39 1052
94 94 1052
183 183 1052
459 459 1052
260 260 1050
401 401 1050
351 351 1048
443 443 1048
454 454 1046
270 270 1046
470 470 1046
235 235 1046
31 31 1046
40 40 1046
414 414 1044
270 270 1044
434 434 1044
268 268 1042
186 186 1042
128 128 1042
335 335 1042
470 470 1042
353 353 1042
345 345 1040
27 27 1040
138 138 1040
170 170 1040
278 278 1040
69 69 1038
249 249 1038
172 172 1038
122 122 1036
223 223 1036
133 133 1036
420 420 1034
296 296 1034
42 42 1034
188 188 1032
395 395 1032
387 387 1032
188 188 1032
17 17 1030
300 300 1030
454 454 1030
280 280 1030
91 91 1028
348 348 1028
437 437 1026
351 351 1026
355 355 1024
187 187 1024
443 443 1024
471 471 1024
436 436 1024
444 444 1022
269 269 1022
397 397 1020
213 213 1020
330 330 1020
468 468 1020
249 249 1020
454 454 1020
30 30 1018
250 250 1018
281 281 1014
173 173 1014
154 154 1014
492 492 1014
436 436 1014
463 463 1014
348 348 1012
365 365 1010
143 143 1010
462 462 1010
422 422 1010
217 217 1008
404 404 1008
277 277 1008
144 144 1008
268 268 1008
426 426 1008
288 288 1008
284 284 1006
85 85 1004
455 455 1004
402 402 1004
426 426 1002
434 434 1000
160 160 1000
21 21 1000
8 8 1000
450 450 998
174 174 998
500 500 998
476 476 996
99 99 996
338 338 996
359 359 996
261 261 996
119 119 996
163 163 996
185 185 994
376 376 994
123 123 994
141 141 992
322 322 992
138 138 992
319 319 992
256 256 992
352 352 990
399 399 990
380 380 990
248 248 988
330 330 988
270 270 988
30 30 988
122 122 988
486 486 986
148 148 984
487 487 984
357 357 984
20 20 984
245 245 984
58 58 982
469 469 982
431 431 982
439 439 982
463 463 982
365 365 980
119 119 980
482 482 980
466 466 980
386 386 980
467 467 980
174 174 978
57 57 978
320 320 978
351 351 976
476 476 976
422 422 976
417 417 976
115 115 976
197 197 974
453 453 974
432 432 972
105 105 972
2 2 972
2 2 970
492 492 970
169 169 970
34 34 970
509 509 970
335 335 968
115 115 966
76 76 966
79 79 966
381 381 966
487 487 964
147 147 964
490 490 964
517 517 964
378 378 964
247 247 962
318 318 962
376 376 962
74 74 962
445 445 962
158 158 962
175 175 960
437 437 960
362 362 960
408 408 960
269 269 960
382 382 960
275 275 960
445 445 960
371 371 960
519 519 958
361 361 958
4 4 956
492 492 956
324 324 954
187 187 954
309 309 952
236 236 952
388 388 952
478 478 952
167 167 950
81 81 950
331 331 950
54 54 950
155 155 950
249 249 950
111 111 948
188 188 948
474 474 948
446 446 948
447 447 948
120 120 946
374 374 946
144 144 946
290 290 946
364 364 946
262 262 944
365 365 944
454 454 944
508 508 944
371 371 944
94 94 944
487 487 942
100 100 942
407 407 940
152 152 940
43 43 940
286 286 940
365 365 938
212 212 938
153 153 938
447 447 936
280 280 936
530 530 934
400 400 934
256 256 934
139 139 932
338 338 932
283 283 932
215 215 932
352 352 932
525 525 932
302 302 932
20 20 930
530 530 930
127 127 926
11 11 926
434 434 926
525 525 924
371 371 924
356 356 924
318 318 924
15 15 924
27 27 922
277 277 922
143 143 922
288 288 920
100 100 920
421 421 920
394 394 918
330 330 918
265 265 918
187 187 918
190 190 918
184 184 916
329 329 914
422 422 914
223 223 914
398 398 914
297 297 912
404 404 912
404 404 910
144 144 910
64 64 910
318 318 910
306 306 908
454 454 908
517 517 908
211 211 908
241 241 908
439 439 906
486 486 906
224 224 904
311 311 904
469 469 904
32 32 904
167 167 904
302 302 902
525 525 902
223 223 902
260 260 902
544 544 900
358 358 900
491 491 900
11 11 900
169 169 900
55 55 900
214 214 898
397 397 898
508 508 898
229 229 896
545 545 896
58 58 894
509 509 894
506 506 894
545 545 894
389 389 894
54 54 892
59 59 892
200 200 890
472 472 888
160 160 888
470 470 886
404 404 886
289 289 886
221 221 884
534 534 884
520 520 884
468 468 884
428 428 884
481 481 882
260 260 882
467 467 882
445 445 882
372 372 880
242 242 880
9 9 880
382 382 880
347 347 880
463 463 880
277 277 878
543 543 878
538 538 878
468 468 878
310 310 878
509 509 876
540 540 876
120 120 876
517 517 876
366 366 876
546 546 876
306 306 876
509 509 874
42 42 874
501 501 874
49 49 872
350 350 872
429 429 872
380 380 870
93 93 870
278 278 868
376 376 868
244 244 868
232 232 866
153 153 866
4 4 866
342 342 866
335 335 866
552 552 866
154 154 866
335 335 866
291 291 864
195 195 864
192 192 864
24 24 864
236 236 864
370 370 862
374 374 860
121 121 860
52 52 860
482 482 860
475 475 860
149 149 860
546 546 860
406 406 858
392 392 856
336 336 856
480 480 856
17 17 856
293 293 856
433 433 856
552 552 856
260 260 854
91 91 854
7 7 854
517 517 854
531 531 854
159 159 852
163 163 852
107 107 850
309 309 850
534 534 850
230 230 848
537 537 848
434 434 848
410 410 848
533 533 848
323 323 848
485 485 846
185 185 846
566 566 846
426 426 846
56 56 844
281 281 844
138 138 844
66 66 842
21 21 842
331 331 842
219 219 842
400 400 842
83 83 842
245 245 842
388 388 840
247 247 840
354 354 840
549 549 840
94 94 840
175 175 838
475 475 838
93 93 838
559 559 838
67 67 836
472 472 836
405 405 836
406 406 836
303 303 836
553 553 834
295 295 834
312 312 834
580 580 834
263 263 834
274 274 832
216 216 832
527 527 832
459 459 832
85 85 832
6 6 830
82 82 828
200 200 828
569 569 828
501 501 828
442 442 826
75 75 826
308 308 824
290 290 824
207 207 824
8 8 822
450 450 822
103 103 822
438 438 822
459 459 822
392 392 820
344 344 820
443 443 820
511 511 820
7 7 820
499 499 818
460 460 818
152 152 818
203 203 818
79 79 818
165 165 818
502 502 816
474 474 816
396 396 816
508 508 814
145 145 814
4 4 812
398 398 812
482 482 812
188 188 810
53 53 810
71 71 810
204 204 810
408 408 810
552 552 810
61 61 808
443 443 808
408 408 808
346 346 808
331 331 806
570 570 806
459 459 806
464 464 806
498 498 806
454 454 806
158 158 804
551 551 804
43 43 804
20 20 804
348 348 802
582 582 802
561 561 802
503 503 802
44 44 802
481 481 802
81 81 802
150 150 802
356 356 800
547 547 800
401 401 800
576 576 798
418 418 798
525 525 798
126 126 798
177 177 796
512 512 796
315 315 796
360 360 796
90 90 794
315 315 792
351 351 792
324 324 792
106 106 790
348 348 790
37 37 790
548 548 788
320 320 788
196 196 788
573 573 786
347 347 786
230 230 784
557 557 784
212 212 784
481 481 784
571 571 784
116 116 784
125 125 784
144 144 782
569 569 782
89 89 782
600 600 780
592 592 780
61 61 780
580 580 778
586 586 778
448 448 778
442 442 778
353 353 778
197 197 778
18 18 778
506 506 778
55 55 776
261 261 776
597 597 776
96 96 776
134 134 776
122 122 776
419 419 774
302 302 774
341 341 774
376 376 774
147 147 774
176 176 772
283 283 772
290 290 772
388 388 772
485 485 772
307 307 772
573 573 772
6 6 770
354 354 770
486 486 770
415 415 770
537 537 770
519 519 770
568 568 770
318 318 770
42 42 770
268 268 768
226 226 768
447 447 768
49 49 768
316 316 766
338 338 766
328 328 766
290 290 764
302 302 764
613 613 764
245 245 764
549 549 764
53 53 764
506 506 764
287 287 762
446 446 762
109 109 760
598 598 760
47 47 760
495 495 760
2 2 760
403 403 758
580 580 758
1 1 758
564 564 758
167 167 758
272 272 756
253 253 756
464 464 754
5 5 754
137 137 754
610 610 754
357 357 752
477 477 752
446 446 752
558 558 752
579 579 750
608 608 750
142 142 750
416 416 750
124 124 748
548 548 748
51 51 748
52 52 746
574 574 746
527 527 746
346 346 746
495 495 746
342 342 746
201 201 746
383 383 746
534 534 744
131 131 744
184 184 744
68 68 744
402 402 744
341 341 744
626 626 744
190 190 744
489 489 742
393 393 742
519 519 742
475 475 740
588 588 740
342 342 740
431 431 740
526 526 738
468 468 738
526 526 738
455 455 738
253 253 738
110 110 738
95 95 738
271 271 738
181 181 738
449 449 736
601 601 736
52 52 736
435 435 736
399 399 734
55 55 734
310 310 734
155 155 732
300 300 732
301 301 732
543 543 732
458 458 732
419 419 732
308 308 730
579 579 730
481 481 728
568 568 728
322 322 728
298 298 726
422 422 726
555 555 726
506 506 726
287 287 726
273 273 726
441 441 724
565 565 724
524 524 724
484 484 724
539 539 722
429 429 720
142 142 720
99 99 720
420 420 720
457 457 720
450 450 720
514 514 718
456 456 718
590 590 718
477 477 718
510 510 716
229 229 716
477 477 716
325 325 716
639 639 716
625 625 714
370 370 714
615 615 712
629 629 712
622 622 712
585 585 712
236 236 712
187 187 712
360 360 710
183 183 710
612 612 710
120 120 710
245 245 710
508 508 708
182 182 708
269 269 708
251 251 708
380 380 706
236 236 706
225 225 706
569 569 704
516 516 704
297 297 704
477 477 704
296 296 704
623 623 704
583 583 704
515 515 702
644 644 702
11 11 702
268 268 700
403 403 700
578 578 700
184 184 700
544 544 698
615 615 698
627 627 698
576 576 698
88 88 696
343 343 696
261 261 696
636 636 696
496 496 696
174 174 696
619 619 696
611 611 696
170 170 694
529 529 694
616 616 694
253 253 692
302 302 692
269 269 692
320 320 692
417 417 690
96 96 690
629 629 690
581 581 690
345 345 688
317 317 688
146 146 688
381 381 688
530 530 688
40 40 688
329 329 686
324 324 686
301 301 686
213 213 684
223 223 684
12 12 684
259 259 684
229 229 684
112 112 684
459 459 684
657 657 684
29 29 684
319 319 684
169 169 684
633 633 682
176 176 682
253 253 682
176 176 682
626 626 682
377 377 682
570 570 682
254 254 680
423 423 680
501 501 680
579 579 678
273 273 678
526 526 678
640 640 678
478 478 678
91 91 678
657 657 678
58 58 678
319 319 676
633 633 676
170 170 676
499 499 676
55 55 676
518 518 674
256 256 674
115 115 674
113 113 674
315 315 674
421 421 674
201 201 674
481 481 672
280 280 672
165 165 672
642 642 670
384 384 670
28 28 670
502 502 670
394 394 670
570 570 668
590 590 668
496 496 666
153 153 666
418 418 666
607 607 666
78 78 666
43 43 666
635 635 666
267 267 666
556 556 664
583 583 664
564 564 664
536 536 664
466 466 664
269 269 662
594 594 662
384 384 662
380 380 662
136 136 662
604 604 660
638 638 660
431 431 660
170 170 660
599 599 660
419 419 660
493 493 660
508 508 658
62 62 658
297 297 658
347 347 656
611 611 656
162 162 656
647 647 656
634 634 656
606 606 656
322 322 656
44 44 656
115 115 656
412 412 656
375 375 654
313 313 654
438 438 654
669 669 654
278 278 654
69 69 654
277 277 654
659 659 654
512 512 652
579 579 652
238 238 652
221 221 652
542 542 650
258 258 650
108 108 650
592 592 650
254 254 648
351 351 648
507 507 648
174 174 648
238 238 648
414 414 646
142 142 646
37 37 646
275 275 646
549 549 646
334 334 646
489 489 646
548 548 646
264 264 644
642 642 644
461 461 644
2 2 644
583 583 644
368 368 644
631 631 644
471 471 642
308 308 642
622 622 642
263 263 642
506 506 642
549 549 642
393 393 640
12 12 640
380 380 640
194 194 640
672 672 640
109 109 638
663 663 638
325 325 638
671 671 638
447 447 636
45 45 636
619 619 636
234 234 636
571 571 634
404 404 634
45 45 634
12 12 634
510 510 632
617 617 632
536 536 632
656 656 632
71 71 632
631 631 632
85 85 632
527 527 630
622 622 630
524 524 630
23 23 630
448 448 630
347 347 628
586 586 628
660 660 628
610 610 626
468 468 626
121 121 626
249 249 626
643 643 626
528 528 626
613 613 624
609 609 624
520 520 624
679 679 624
152 152 624
178 178 624
117 117 624
629 629 624
172 172 624
181 181 624
186 186 624
319 319 622
3 3 622
218 218 622
58 58 622
106 106 622
659 659 622
569 569 622
503 503 620
526 526 620
509 509 618
628 628 618
148 148 618
55 55 618
595 595 618
161 161 618
600 600 618
46 46 616
528 528 616
160 160 616
458 458 616
146 146 614
114 114 614
94 94 614
645 645 614
649 649 614
251 251 614
476 476 614
496 496 614
476 476 612
419 419 612
361 361 612
692 692 612
686 686 612
691 691 612
574 574 612
510 510 612
7 7 610
649 649 610
403 403 610
278 278 610
566 566 608
68 68 608
333 333 608
4 4 608
659 659 608
589 589 608
690 690 606
279 279 606
205 205 606
516 516 606
91 91 606
225 225 604
542 542 604
507 507 604
336 336 602
181 181 602
73 73 602
326 326 600
195 195 600
557 557 600
408 408 600
564 564 600
576 576 598
332 332 598
54 54 598
540 540 598
456 456 598
640 640 596
358 358 596
558 558 596
483 483 596
58 58 596
496 496 596
274 274 594
482 482 594
284 284 594
681 681 594
425 425 594
622 622 594
543 543 594
476 476 594
427 427 592
116 116 592
51 51 592
432 432 592
680 680 592
415 415 590
546 546 590
327 327 590
538 538 590
700 700 590
543 543 590
359 359 590
559 559 588
482 482 588
101 101 588
132 132 588
584 584 588
456 456 588
544 544 588
247 247 586
59 59 586
684 684 586
520 520 586
387 387 586
352 352 586
651 651 586
577 577 586
349 349 586
700 700 588
18 18 584
88 88 584
498 498 584
617 617 584
616 616 584
501 501 584
644 644 582
659 659 582
169 169 582
305 305 582
692 692 580
629 629 580
321 321 580
483 483 580
179 179 580
89 89 578
17 17 578
21 21 578
8 8 578
622 622 578
95 95 578
656 656 578
656 656 578
461 461 576
51 51 576
658 658 576
700 700 584
677 677 576
577 577 576
295 295 576
510 510 576
172 172 576
213 213 576
378 378 576
334 334 576
161 161 574
316 316 574
684 684 574
469 469 574
697 697 574
63 63 574
673 673 574
391 391 574
48 48 572
648 648 572
41 41 572
422 422 572
680 680 572
566 566 572
524 524 572
642 642 572
197 197 570
10 10 570
604 604 568
321 321 568
587 587 568
614 614 566
393 393 566
524 524 566
564 564 566
281 281 566
686 686 564
47 47 564
186 186 564
555 555 564
202 202 564
385 385 564
362 362 564
457 457 562
162 162 562
195 195 562
696 696 562
592 592 560
700 700 578
691 691 560
654 654 560
596 596 560
277 277 560
516 516 560
168 168 560
684 684 560
67 67 558
675 675 558
580 580 558
654 654 558
524 524 556
441 441 556
629 629 556
700 700 578
343 343 556
616 616 556
538 538 556
700 700 598
409 409 554
342 342 554
700 700 594
476 476 554
373 373 554
516 516 552
145 145 552
445 445 552
341 341 552
399 399 552
580 580 552
135 135 550
700 700 554
680 680 550
652 652 550
142 142 550
508 508 550
365 365 548
164 164 548
40 40 548
654 654 548
412 412 548
308 308 548
619 619 548
559 559 548
273 273 546
317 317 546
673 673 546
478 478 546
15 15 544
440 440 544
521 521 544
501 501 544
605 605 544
56 56 544
437 437 544
618 618 542
476 476 542
466 466 542
334 334 542
219 219 542
686 686 542
138 138 542
459 459 540
667 667 540
494 494 540
385 385 540
700 700 576
106 106 540
415 415 540
187 187 538
242 242 538
505 505 538
700 700 552
423 423 538
212 212 538
568 568 538
526 526 538
581 581 536
463 463 536
691 691 536
420 420 536
455 455 534
107 107 534
700 700 562
44 44 534
700 700 548
268 268 534
183 183 534
160 160 534
536 536 534
508 508 534
659 659 532
466 466 532
700 700 560
474 474 532
619 619 532
700 700 570
545 545 532
129 129 530
572 572 530
700 700 550
406 406 530
700 700 530
173 173 528
114 114 528
139 139 528
595 595 528
71 71 528
456 456 528
7 7 526
617 617 526
239 239 526
651 651 526
125 125 526
489 489 526
367 367 524
520 520 524
330 330 524
414 414 524
55 55 522
387 387 522
634 634 522
643 643 522
235 235 522
541 541 522
298 298 522
85 85 522
332 332 520
639 639 520
150 150 520
557 557 520
619 619 518
233 233 518
367 367 518
411 411 518
116 116 516
132 132 516
36 36 516
41 41 516
296 296 516
700 700 582
669 669 516
57 57 516
513 513 516
679 679 516
700 700 598
131 131 514
636 636 514
361 361 514
663 663 514
298 298 514
691 691 514
127 127 514
351 351 514
700 700 550
700 700 520
632 632 514
685 685 512
635 635 512
607 607 512
644 644 512
490 490 512
666 666 510
586 586 510
700 700 592
697 697 510
610 610 510
582 582 508
626 626 508
622 622 508
404 404 508
523 523 508
675 675 508
37 37 506
700 700 566
448 448 506
426 426 506
52 52 506
41 41 506
176 176 506
540 540 506
316 316 506
479 479 506
641 641 504
700 700 596
28 28 504
584 584 504
27 27 504
671 671 504
589 589 502
446 446 502
281 281 502
577 577 502
449 449 502
308 308 502
700 700 594
185 185 500
343 343 500
506 506 500
264 264 500
633 633 498
592 592 498
578 578 498
283 283 498
581 581 498
285 285 498
700 700 572
481 481 496
700 700 572
168 168 494
331 331 494
445 445 494
386 386 494
489 489 494
235 235 494
686 686 492
115 115 492
587 587 492
633 633 492
700 700 530
283 283 490
34 34 490
550 550 490
543 543 490
571 571 490
471 471 490
378 378 490
649 649 490
354 354 490
666 666 488
495 495 488
516 516 488
700 700 488
268 268 488
581 581 488
466 466 488
700 700 576
246 246 486
565 565 486
168 168 486
370 370 486
204 204 486
700 700 586
402 402 486
235 235 484
356 356 484
421 421 484
125 125 484
700 700 594
477 477 482
700 700 594
158 158 482
700 700 538
187 187 482
669 669 482
700 700 580
350 350 482
700 700 596
601 601 482
180 180 482
253 253 482
503 503 480
244 244 480
700 700 490
547 547 480
609 609 480
546 546 480
700 700 502
700 700 534
700 700 540
650 650 480
693 693 478
700 700 566
700 700 502
433 433 478
350 350 478
211 211 478
700 700 520
696 696 478
459 459 478
149 149 476
250 250 476
578 578 476
630 630 476
226 226 476
688 688 476
345 345 476
215 215 476
458 458 476
700 700 560
339 339 474
187 187 474
466 466 474
681 681 474
444 444 474
700 700 584
509 509 472
372 372 472
125 125 472
401 401 472
365 365 472
462 462 472
642 642 472
510 510 472
307 307 470
700 700 592
663 663 470
610 610 470
636 636 470
396 396 468
573 573 468
552 552 468
222 222 468
1 1 468
643 643 468
169 169 468
654 654 468
700 700 502
198 198 468
356 356 468
250 250 466
361 361 466
19 19 466
699 699 466
700 700 548
489 489 464
181 181 464
700 700 518
586 586 464
253 253 464
480 480 464
684 684 464
549 549 464
544 544 462
513 513 462
700 700 566
483 483 462
700 700 544
688 688 462
588 588 462
562 562 460
694 694 460
288 288 460
305 305 460
625 625 460
700 700 540
651 651 458
700 700 514
697 697 458
342 342 458
349 349 458
529 529 456
659 659 456
14 14 456
114 114 456
580 580 456
684 684 456
700 700 476
688 688 454
700 700 530
700 700 590
35 35 452
69 69 452
451 451 452
2 2 452
382 382 452
700 700 464
376 376 452
375 375 452
700 700 598
700 700 566
127 127 450
591 591 450
232 232 450
60 60 450
536 536 450
672 672 448
431 431 448
669 669 448
688 688 448
415 415 448
534 534 446
699 699 446
547 547 446
700 700 548
204 204 446
364 364 444
606 606 444
666 666 444
661 661 444
700 700 540
414 414 442
700 700 526
350 350 442
699 699 442
700 700 546
700 700 512
399 399 442
419 419 440
52 52 440
700 700 532
358 358 440
669 669 438
310 310 438
353 353 438
699 699 438
108 108 436
700 700 536
245 245 436
411 411 436
700 700 538
2 2 434
610 610 434
627 627 434
396 396 434
700 700 556
603 603 434
512 512 432
700 700 466
690 690 432
418 418 432
700 700 484
600 600 432
700 700 522
552 552 432
450 450 432
112 112 432
332 332 430
245 245 430
283 283 430
378 378 430
682 682 430
700 700 494
700 700 504
327 327 428
232 232 428
219 219 428
428 428 428
367 367 428
254 254 428
700 700 574
684 684 428
700 700 500
595 595 426
619 619 426
405 405 426
178 178 426
700 700 594
661 661 426
241 241 426
700 700 580
330 330 426
698 698 426
700 700 516
700 700 460
488 488 424
419 419 424
350 350 424
605 605 424
700 700 424
700 700 534
49 49 422
688 688 422
587 587 422
403 403 422
528 528 422
700 700 592
644 644 422
673 673 422
700 700 508
489 489 422
700 700 516
458 458 420
700 700 584
700 700 498
383 383 420
580 580 420
653 653 418
169 169 418
587 587 418
700 700 566
700 700 554
90 90 418
532 532 418
190 190 418
498 498 418
145 145 418
231 231 418
642 642 418
398 398 418
170 170 418
131 131 416
406 406 416
700 700 460
523 523 416
515 515 416
632 632 416
231 231 416
650 650 416
697 697 414
700 700 576
700 700 436
607 607 414
508 508 414
332 332 414
561 561 414
418 418 412
700 700 536
423 423 412
639 639 412
537 537 412
208 208 412
288 288 412
532 532 412
140 140 410
700 700 518
381 381 410
293 293 410
700 700 552
700 700 524
523 523 410
99 99 410
689 689 410
631 631 410
700 700 588
498 498 410
548 548 408
695 695 408
603 603 408
412 412 408
653 653 408
699 699 406
411 411 406
34 34 406
617 617 406
451 451 406
358 358 406
653 653 406
90 90 406
700 700 586
99 99 406
581 581 406
34 34 406
700 700 544
700 700 452
693 693 406
84 84 404
424 424 404
655 655 404
422 422 404
31 31 404
476 476 404
339 339 404
111 111 404
438 438 404
56 56 404
645 645 404
700 700 588
700 700 460
365 365 402
142 142 402
169 169 402
472 472 402
19 19 402
479 479 402
210 210 402
410 410 402
700 700 528
369 369 400
670 670 400
613 613 400
454 454 400
409 409 400
312 312 398
692 692 398
639 639 398
36 36 398
700 700 484
484 484 398
480 480 398
282 282 398
662 662 398
583 583 398
525 525 398
700 700 520
4 4 396
270 270 396
255 255 396
633 633 396
670 670 396
81 81 396
623 623 394
693 693 394
487 487 394
700 700 506
127 127 394
378 378 394
634 634 394
623 623 394
700 700 582
700 700 594
700 700 424
700 700 454
346 346 392
391 391 392
700 700 396
418 418 392
576 576 392
633 633 392
498 498 390
339 339 390
9 9 390
650 650 390
246 246 390
700 700 392
617 617 390
314 314 390
519 519 390
700 700 456
125 125 390
700 700 556
518 518 388
700 700 596
314 314 388
700 700 492
412 412 388
700 700 524
541 541 388
85 85 388
692 692 388
550 550 388
688 688 388
189 189 386
429 429 386
419 419 386
507 507 384
700 700 588
392 392 384
276 276 384
654 654 384
510 510 384
587 587 384
172 172 384
123 123 384
237 237 382
700 700 400
700 700 444
698 698 382
419 419 382
700 700 544
700 700 504
700 700 488
596 596 380
205 205 380
507 507 378
24 24 378
368 368 378
700 700 472
30 30 378
254 254 378
586 586 378
700 700 548
468 468 378
616 616 378
8 8 378
185 185 378
670 670 376
600 600 376
517 517 376
603 603 376
551 551 376
617 617 376
575 575 376
641 641 376
650 650 376
700 700 500
533 533 374
700 700 510
255 255 374
700 700 594
503 503 372
700 700 520
397 397 372
669 669 372
86 86 372
700 700 554
353 353 370
12 12 370
700 700 456
618 618 370
700 700 522
561 561 370
700 700 568
700 700 562
544 544 370
354 354 368
446 446 368
653 653 368
455 455 368
629 629 368
391 391 368
700 700 372
466 466 368
700 700 370
381 381 368
700 700 558
525 525 368
259 259 366
700 700 568
588 588 366
700 700 412
109 109 366
481 481 364
695 695 364
677 677 364
700 700 422
598 598 364
700 700 474
478 478 364
700 700 502
700 700 592
618 618 362
700 700 450
220 220 362
700 700 412
682 682 360
700 700 522
525 525 360
379 379 360
700 700 566
685 685 360
175 175 360
700 700 552
579 579 358
399 399 358
700 700 446
171 171 358
682 682 358
700 700 488
527 527 358
700 700 580
700 700 574
688 688 358
700 700 378
226 226 358
700 700 464
700 700 432
606 606 358
590 590 358
684 684 358
595 595 358
700 700 446
298 298 358
692 692 356
700 700 450
700 700 366
700 700 536
369 369 356
700 700 560
700 700 588
700 700 394
25 25 356
152 152 354
700 700 518
636 636 354
700 700 566
700 700 362
700 700 544
467 467 354
545 545 354
236 236 354
43 43 352
700 700 390
404 404 352
532 532 352
391 391 352
537 537 352
520 520 352
324 324 352
700 700 574
581 581 350
88 88 350
700 700 512
454 454 350
582 582 350
249 249 350
325 325 350
545 545 350
516 516 348
674 674 348
700 700 368
649 649 348
392 392 348
651 651 346
293 293 346
562 562 346
700 700 482
613 613 346
628 628 346
700 700 474
380 380 346
525 525 344
377 377 344
239 239 344
109 109 344
700 700 564
700 700 592
58 58 342
17 17 342
86 86 340
257 257 340
544 544 340
624 624 340
700 700 496
700 700 552
351 351 338
636 636 338
411 411 338
624 624 338
700 700 570
700 700 448
682 682 336
700 700 512
535 535 336
499 499 336
577 577 336
380 380 336
700 700 506
579 579 334
700 700 518
387 387 334
700 700 584
560 560 334
195 195 334
700 700 410
700 700 544
700 700 442
564 564 334
700 700 352
212 212 334
475 475 334
265 265 332
635 635 332
700 700 420
184 184 332
664 664 332
652 652 332
522 522 332
368 368 332
664 664 332
176 176 332
697 697 330
170 170 330
652 652 330
246 246 330
134 134 330
479 479 330
130 130 330
655 655 330
401 401 330
681 681 330
674 674 330
700 700 420
248 248 328
700 700 442
600 600 328
560 560 328
221 221 328
260 260 328
700 700 590
427 427 328
390 390 328
27 27 328
240 240 328
700 700 582
91 91 326
629 629 326
700 700 566
463 463 326
496 496 326
560 560 326
451 451 326
700 700 376
520 520 324
660 660 324
534 534 324
289 289 324
576 576 324
700 700 342
463 463 324
700 700 578
496 496 322
298 298 322
700 700 538
191 191 322
511 511 322
700 700 436
511 511 322
700 700 560
700 700 526
307 307 320
547 547 320
700 700 536
700 700 444
700 700 516
367 367 320
512 512 318
615 615 318
700 700 456
700 700 438
183 183 318
615 615 318
700 700 350
700 700 476
318 318 318
476 476 318
700 700 522
346 346 316
142 142 316
700 700 394
500 500 316
521 521 316
664 664 316
700 700 480
242 242 316
428 428 316
700 700 414
700 700 446
286 286 314
406 406 314
648 648 314
700 700 360
512 512 314
512 512 314
158 158 314
700 700 466
680 680 312
675 675 312
700 700 588
700 700 392
700 700 506
700 700 444
504 504 310
624 624 310
621 621 310
506 506 310
700 700 564
700 700 398
700 700 326
685 685 310
166 166 310
161 161 310
700 700 572
435 435 310
317 317 310
700 700 460
700 700 598
3 3 308
694 694 308
652 652 308
154 154 308
443 443 308
700 700 426
700 700 444
700 700 476
700 700 428
178 178 308
700 700 444
16 16 306
700 700 340
582 582 306
691 691 306
700 700 516
628 628 306
463 463 304
671 671 304
368 368 304
700 700 428
135 135 304
211 211 304
700 700 590
700 700 380
14 14 304
595 595 302
700 700 336
533 533 302
700 700 410
685 685 302
112 112 302
587 587 302
700 700 526
113 113 302
700 700 582
700 700 532
700 700 526
573 573 300
556 556 300
605 605 300
200 200 300
92 92 298
338 338 298
700 700 424
88 88 298
117 117 296
700 700 346
283 283 296
491 491 296
700 700 428
677 677 296
149 149 296
697 697 296
700 700 574
314 314 296
700 700 386
523 523 294
543 543 294
134 134 294
650 650 294
700 700 302
700 700 498
633 633 294
618 618 294
700 700 572
454 454 294
700 700 572
370 370 292
582 582 292
700 700 332
509 509 292
313 313 292
372 372 292
700 700 334
441 441 292
628 628 290
485 485 290
700 700 350
700 700 492
700 700 426
700 700 556
700 700 480
93 93 290
700 700 340
542 542 290
541 541 290
466 466 290
315 315 290
398 398 290
378 378 290
462 462 290
700 700 560
199 199 290
368 368 290
279 279 288
700 700 448
700 700 306
145 145 288
469 469 286
605 605 286
538 538 286
382 382 286
596 596 286
129 129 286
700 700 592
700 700 506
154 154 286
126 126 286
642 642 286
700 700 468
433 433 286
356 356 284
453 453 284
492 492 284
147 147 284
243 243 284
339 339 284
50 50 284
700 700 420
528 528 282
575 575 282
700 700 332
621 621 282
579 579 282
425 425 282
700 700 416
203 203 282
583 583 282
700 700 378
700 700 428
700 700 294
700 700 484
700 700 516
87 87 280
249 249 280
102 102 280
55 55 280
444 444 278
700 700 324
485 485 278
610 610 278
28 28 278
700 700 546
560 560 278
700 700 374
690 690 278
480 480 278
290 290 278
4 4 278
137 137 276
700 700 508
656 656 276
472 472 276
273 273 276
494 494 276
700 700 566
699 699 274
694 694 274
693 693 274
554 554 274
603 603 274
547 547 274
700 700 446
328 328 274
680 680 274
621 621 274
700 700 594
700 700 488
676 676 274
71 71 274
290 290 274
700 700 454
700 700 312
700 700 528
700 700 400
700 700 552
700 700 356
700 700 430
188 188 272
522 522 272
567 567 272
199 199 270
478 478 270
700 700 274
700 700 352
92 92 270
135 135 270
639 639 270
538 538 268
251 251 268
700 700 586
700 700 308
700 700 346
700 700 452
700 700 596
608 608 268
700 700 442
700 700 392
454 454 266
472 472 266
654 654 264
700 700 496
361 361 264
700 700 356
700 700 518
700 700 494
700 700 300
490 490 262
700 700 314
700 700 350
658 658 262
90 90 262
8 8 262
41 41 262
698 698 262
700 700 352
145 145 260
514 514 260
700 700 460
536 536 260
457 457 260
700 700 400
695 695 260
700 700 544
285 285 260
700 700 500
697 697 260
696 696 258
521 521 258
540 540 258
700 700 358
638 638 258
364 364 258
700 700 334
514 514 258
666 666 258
600 600 258
148 148 258
700 700 430
700 700 398
107 107 256
700 700 410
700 700 388
681 681 256
700 700 590
467 467 256
601 601 256
624 624 256
248 248 256
700 700 574
618 618 254
486 486 254
431 431 254
75 75 254
700 700 304
700 700 536
700 700 342
479 479 254
700 700 338
354 354 252
700 700 454
700 700 568
382 382 252
186 186 252
700 700 562
700 700 312
700 700 380
194 194 252
700 700 346
700 700 324
315 315 250
700 700 436
410 410 250
700 700 596
700 700 584
700 700 542
72 72 250
700 700 414
700 700 562
56 56 248
520 520 248
138 138 248
285 285 248
700 700 332
93 93 248
700 700 354
203 203 248
700 700 424
700 700 366
433 433 248
595 595 248
700 700 448
700 700 336
575 575 248
700 700 444
700 700 390
700 700 304
700 700 574
700 700 312
700 700 554
99 99 246
652 652 246
700 700 324
171 171 246
700 700 254
700 700 340
700 700 324
462 462 244
694 694 244
700 700 590
700 700 270
700 700 596
622 622 244
700 700 362
566 566 244
700 700 592
664 664 244
556 556 244
660 660 242
700 700 372
700 700 562
400 400 242
700 700 434
102 102 242
695 695 242
528 528 242
304 304 242
240 240 242
596 596 240
371 371 240
700 700 442
700 700 260
700 700 478
700 700 576
666 666 240
570 570 240
384 384 238
98 98 238
700 700 440
428 428 238
700 700 318
700 700 296
700 700 434
700 700 546
700 700 580
263 263 238
700 700 456
232 232 238
700 700 400
117 117 238
686 686 236
318 318 236
700 700 482
333 333 236
152 152 236
543 543 236
228 228 236
26 26 236
626 626 234
700 700 440
700 700 474
700 700 234
302 302 234
473 473 234
700 700 562
534 534 234
36 36 234
700 700 574
700 700 360
700 700 544
700 700 522
604 604 232
234 234 232
611 611 232
700 700 438
700 700 500
168 168 232
611 611 232
348 348 232
700 700 362
700 700 320
146 146 230
106 106 230
700 700 402
700 700 462
561 561 230
700 700 590
35 35 230
596 596 230
401 401 230
475 475 230
700 700 358
700 700 424
700 700 410
700 700 378
534 534 228
693 693 228
700 700 556
129 129 228
461 461 228
420 420 228
700 700 314
700 700 570
674 674 228
700 700 292
362 362 226
669 669 226
416 416 226
203 203 226
700 700 534
700 700 564
700 700 546
670 670 226
700 700 482
268 268 226
700 700 284
580 580 224
700 700 352
700 700 552
102 102 224
700 700 562
586 586 224
147 147 224
700 700 250
700 700 532
568 568 224
485 485 224
80 80 224
700 700 328
700 700 292
143 143 222
584 584 222
700 700 314
700 700 596
700 700 494
699 699 222
584 584 222
192 192 222
561 561 222
700 700 462
437 437 222
700 700 294
700 700 570
700 700 430
336 336 220
700 700 528
700 700 312
656 656 220
700 700 220
58 58 220
700 700 496
700 700 400
219 219 218
234 234 218
700 700 504
537 537 218
700 700 552
573 573 218
629 629 216
700 700 406
700 700 522
700 700 468
321 321 216
700 700 598
334 334 216
700 700 468
516 516 216
153 153 216
436 436 214
602 602 214
512 512 214
567 567 214
700 700 588
579 579 214
481 481 214
370 370 214
700 700 224
700 700 500
700 700 498
281 281 212
700 700 316
700 700 422
468 468 212
700 700 566
659 659 212
700 700 296
252 252 212
526 526 212
453 453 212
435 435 212
700 700 370
64 64 210
700 700 444
700 700 572
700 700 462
700 700 560
74 74 210
700 700 402
700 700 498
700 700 444
585 585 210
242 242 210
638 638 210
285 285 210
616 616 210
442 442 210
633 633 208
700 700 452
665 665 208
700 700 590
645 645 208
277 277 208
700 700 292
700 700 252
513 513 208
595 595 208
516 516 208
700 700 424
700 700 570
615 615 206
620 620 206
700 700 254
689 689 206
700 700 490
637 637 206
662 662 206
700 700 236
254 254 206
700 700 318
225 225 204
44 44 204
397 397 204
629 629 204
700 700 224
421 421 204
700 700 282
590 590 204
700 700 314
700 700 460
700 700 274
690 690 204
700 700 430
632 632 204
700 700 598
286 286 202
215 215 202
216 216 202
700 700 476
700 700 564
309 309 202
700 700 548
700 700 442
700 700 522
575 575 202
590 590 202
654 654 202
700 700 480
637 637 202
638 638 202
682 682 200
700 700 588
274 274 200
700 700 566
700 700 556
395 395 200
585 585 200
667 667 200
700 700 346
685 685 200
700 700 494
695 695 200
700 700 486
700 700 534
465 465 198
127 127 198
700 700 410
700 700 552
182 182 198
700 700 380
700 700 384
482 482 198
576 576 198
382 382 198
620 620 198
700 700 388
588 588 198
576 576 198
570 570 198
700 700 350
700 700 340
700 700 406
700 700 562
183 183 196
700 700 410
700 700 486
700 700 508
700 700 544
98 98 196
613 613 196
700 700 596
700 700 314
621 621 194
700 700 586
311 311 194
700 700 410
700 700 210
700 700 586
700 700 512
700 700 272
233 233 194
700 700 224
700 700 428
336 336 194
451 451 194
700 700 462
572 572 194
115 115 194
700 700 448
700 700 460
311 311 192
438 438 192
125 125 192
454 454 192
700 700 268
700 700 330
10 10 192
446 446 192
452 452 190
525 525 190
583 583 190
173 173 190
60 60 190
700 700 210
700 700 366
700 700 528
700 700 432
121 121 188
700 700 490
678 678 188
700 700 454
700 700 530
564 564 188
700 700 392
558 558 188
700 700 366
700 700 494
399 399 186
595 595 186
517 517 186
700 700 534
163 163 186
657 657 186
282 282 186
438 438 186
700 700 496
373 373 186
276 276 186
163 163 186
700 700 466
700 700 574
700 700 252
624 624 186
700 700 322
700 700 210
700 700 504
446 446 184
624 624 184
700 700 332
700 700 466
700 700 580
700 700 518
344 344 184
700 700 474
700 700 448
700 700 454
700 700 396
503 503 184
700 700 410
700 700 408
58 58 182
585 585 180
699 699 180
700 700 526
700 700 408
394 394 180
648 648 180
684 684 180
700 700 420
252 252 178
700 700 282
75 75 178
700 700 530
187 187 178
700 700 276
597 597 178
700 700 472
132 132 178
700 700 304
700 700 214
700 700 336
700 700 596
700 700 360
622 622 176
700 700 442
700 700 590
683 683 176
700 700 428
193 193 176
700 700 348
51 51 176
531 531 176
700 700 580
315 315 176
80 80 174
625 625 174
348 348 174
605 605 174
517 517 174
693 693 174
700 700 352
700 700 456
700 700 514
634 634 174
245 245 172
700 700 448
617 617 172
700 700 278
549 549 172
700 700 552
395 395 172
41 41 172
289 289 172
688 688 172
700 700 538
72 72 170
700 700 584
700 700 464
459 459 170
329 329 170
700 700 314
700 700 548
700 700 524
700 700 294
700 700 520
700 700 502
700 700 464
533 533 170
700 700 218
563 563 168
700 700 576
452 452 168
700 700 296
700 700 488
681 681 168
354 354 168
634 634 168
527 527 168
700 700 554
575 575 166
700 700 518
430 430 166
700 700 388
531 531 166
700 700 586
679 679 166
669 669 166
700 700 528
700 700 248
666 666 166
667 667 166
440 440 166
88 88 166
700 700 196
577 577 164
700 700 590
700 700 268
700 700 590
690 690 164
700 700 460
700 700 482
700 700 262
700 700 490
700 700 582
465 465 162
700 700 586
552 552 162
363 363 162
523 523 162
700 700 554
256 256 162
700 700 506
700 700 466
501 501 160
700 700 546
63 63 160
315 315 160
700 700 408
700 700 556
700 700 424
679 679 160
16 16 160
700 700 500
448 448 160
700 700 504
214 214 160
322 322 160
221 221 160
647 647 160
694 694 160
700 700 452
700 700 292
377 377 158
439 439 158
691 691 158
117 117 158
495 495 158
700 700 480
458 458 158
700 700 434
700 700 472
492 492 158
700 700 598
392 392 158
174 174 158
700 700 592
700 700 396
629 629 156
700 700 538
494 494 156
700 700 596
101 101 156
700 700 396
292 292 156
700 700 548
555 555 154
538 538 154
700 700 354
700 700 568
680 680 154
686 686 154
700 700 382
700 700 272
366 366 154
700 700 574
148 148 154
618 618 154
408 408 154
700 700 560
682 682 152
581 581 152
700 700 246
148 148 152
50 50 152
231 231 152
700 700 180
700 700 474
273 273 152
154 154 152
700 700 512
623 623 152
700 700 318
700 700 176
480 480 152
227 227 150
326 326 150
700 700 284
700 700 546
600 600 150
700 700 250
552 552 150
700 700 586
116 116 150
543 543 150
700 700 192
700 700 478
700 700 590
700 700 382
243 243 150
217 217 150
118 118 150
700 700 252
700 700 520
700 700 388
700 700 440
700 700 582
700 700 546
700 700 416
69 69 148
335 335 148
121 121 148
700 700 392
700 700 212
471 471 148
656 656 148
419 419 146
700 700 298
700 700 542
700 700 330
490 490 146
700 700 178
502 502 146
505 505 146
698 698 146
204 204 146
663 663 146
665 665 144
254 254 144
221 221 144
29 29 144
700 700 360
700 700 596
700 700 584
700 700 586
671 671 144
16 16 144
692 692 144
650 650 144
700 700 492
451 451 144
321 321 144
700 700 278
393 393 144
700 700 220
333 333 144
700 700 300
678 678 144
396 396 142
608 608 142
700 700 534
686 686 142
700 700 452
700 700 404
13 13 142
700 700 518
700 700 198
669 669 142
700 700 510
700 700 222
700 700 598
527 527 140
404 404 140
700 700 436
651 651 140
627 627 140
700 700 468
631 631 140
563 563 140
700 700 544
22 22 140
228 228 140
196 196 140
700 700 234
55 55 140
700 700 444
438 438 138
700 700 228
642 642 138
539 539 138
365 365 138
46 46 138
700 700 498
700 700 566
700 700 460
694 694 138
700 700 252
700 700 356
700 700 314
651 651 136
496 496 136
700 700 286
700 700 388
385 385 136
700 700 332
700 700 218
700 700 436
700 700 516
447 447 136
700 700 500
123 123 136
593 593 136
380 380 136
700 700 508
700 700 442
431 431 136
700 700 290
700 700 280
700 700 420
678 678 134
477 477 134
700 700 182
52 52 134
690 690 134
37 37 134
700 700 478
31 31 134
638 638 134
700 700 348
700 700 242
192 192 134
700 700 374
700 700 528
605 605 134
700 700 562
353 353 132
700 700 428
409 409 132
700 700 170
700 700 592
700 700 526
239 239 132
643 643 132
700 700 276
700 700 344
259 259 132
86 86 132
255 255 132
96 96 132
700 700 580
700 700 528
700 700 532
700 700 556
700 700 338
700 700 546
591 591 130
700 700 598
159 159 130
256 256 130
616 616 130
628 628 130
177 177 130
438 438 130
700 700 456
190 190 130
605 605 130
700 700 584
280 280 128
700 700 522
680 680 128
700 700 298
700 700 456
411 411 128
172 172 128
518 518 128
90 90 128
77 77 128
700 700 394
700 700 566
668 668 128
334 334 128
565 565 126
344 344 126
418 418 126
700 700 442
700 700 214
643 643 126
392 392 126
615 615 126
423 423 126
700 700 246
700 700 532
700 700 450
464 464 124
700 700 272
700 700 360
488 488 124
700 700 362
700 700 392
700 700 598
700 700 368
700 700 300
603 603 124
700 700 566
358 358 124
214 214 122
700 700 168
555 555 122
700 700 492
700 700 346
452 452 122
700 700 546
390 390 122
700 700 208
662 662 122
700 700 186
374 374 120
601 601 120
700 700 576
623 623 120
700 700 494
129 129 120
584 584 120
700 700 542
700 700 328
700 700 244
450 450 120
35 35 120
700 700 592
700 700 544
700 700 404
503 503 120
700 700 362
700 700 130
255 255 118
643 643 118
334 334 118
700 700 558
140 140 118
273 273 118
639 639 118
700 700 470
222 222 118
700 700 410
553 553 116
441 441 116
682 682 116
558 558 116
429 429 116
525 525 114
700 700 200
700 700 572
205 205 114
686 686 114
700 700 352
700 700 504
700 700 576
654 654 114
433 433 114
700 700 558
700 700 182
491 491 114
428 428 114
177 177 114
431 431 114
700 700 524
700 700 166
700 700 442
700 700 498
700 700 278
700 700 438
700 700 140
700 700 544
700 700 492
700 700 598
700 700 570
194 194 112
700 700 512
657 657 112
700 700 588
700 700 564
538 538 112
443 443 110
351 351 110
700 700 506
700 700 150
700 700 580
670 670 110
604 604 110
699 699 110
466 466 110
416 416 110
700 700 578
700 700 250
700 700 318
700 700 354
482 482 110
654 654 110
700 700 346
384 384 110
419 419 110
700 700 290
216 216 110
700 700 510
185 185 108
700 700 192
700 700 506
700 700 406
700 700 206
404 404 108
299 299 108
484 484 108
700 700 442
700 700 486
700 700 496
700 700 294
700 700 582
700 700 568
700 700 454
700 700 584
296 296 106
700 700 582
700 700 562
264 264 106
439 439 106
700 700 488
700 700 264
482 482 106
28 28 106
700 700 468
700 700 580
13 13 104
700 700 578
700 700 596
648 648 104
700 700 192
653 653 104
700 700 576
652 652 104
699 699 104
700 700 356
536 536 104
700 700 438
700 700 310
109 109 104
700 700 580
398 398 104
700 700 562
669 669 104
586 586 102
700 700 586
700 700 558
700 700 556
700 700 494
700 700 322
700 700 534
700 700 266
271 271 100
700 700 548
700 700 514
700 700 476
700 700 430
700 700 170
700 700 496
425 425 100
475 475 100
21 21 100
700 700 532
233 233 100
700 700 366
700 700 484
700 700 480
700 700 340
700 700 396
377 377 98
700 700 158
700 700 274
700 700 486
592 592 98
700 700 566
670 670 98
700 700 492
700 700 380
700 700 396
617 617 98
700 700 438
700 700 560
615 615 98
680 680 98
68 68 98
296 296 98
700 700 478
601 601 98
700 700 552
540 540 96
700 700 372
700 700 536
340 340 96
40 40 96
700 700 580
297 297 96
622 622 96
700 700 242
700 700 594
279 279 96
700 700 512
700 700 576
418 418 96
209 209 96
612 612 96
700 700 554
426 426 94
144 144 94
276 276 94
700 700 492
700 700 462
700 700 498
700 700 340
665 665 94
508 508 94
700 700 294
700 700 574
700 700 260
691 691 94
280 280 94
632 632 92
700 700 592
166 166 92
700 700 148
700 700 466
700 700 426
562 562 92
700 700 282
636 636 92
634 634 92
700 700 220
693 693 90
61 61 90
53 53 90
454 454 90
228 228 90
541 541 90
700 700 514
700 700 584
409 409 90
598 598 90
680 680 88
531 531 88
700 700 584
700 700 170
646 646 88
700 700 406
700 700 364
700 700 580
615 615 88
591 591 88
700 700 312
700 700 542
672 672 88
29 29 88
700 700 448
700 700 134
501 501 88
131 131 88
700 700 584
700 700 178
583 583 88
700 700 416
700 700 124
638 638 86
372 372 86
569 569 86
462 462 86
700 700 366
700 700 576
700 700 568
700 700 160
700 700 282
690 690 86
700 700 528
700 700 258
700 700 320
700 700 426
411 411 86
634 634 86
660 660 86
700 700 592
700 700 354
113 113 86
700 700 570
662 662 84
700 700 588
700 700 456
700 700 344
700 700 186
700 700 596
700 700 368
700 700 478
700 700 170
84 84 84
612 612 84
700 700 538
700 700 184
700 700 454
688 688 84
700 700 510
388 388 84
700 700 552
260 260 84
700 700 546
700 700 184
700 700 584
698 698 82
700 700 588
700 700 596
258 258 82
416 416 82
700 700 522
630 630 82
700 700 468
700 700 572
700 700 444
208 208 82
700 700 580
700 700 460
223 223 80
700 700 538
569 569 80
276 276 80
97 97 80
223 223 80
43 43 80
700 700 258
589 589 80
563 563 80
690 690 80
534 534 80
700 700 294
700 700 482
464 464 80
700 700 470
700 700 366
700 700 106
700 700 554
700 700 452
11 11 80
700 700 550
700 700 340
480 480 78
700 700 322
700 700 328
646 646 78
95 95 78
177 177 78
3 3 78
700 700 368
664 664 76
700 700 336
700 700 354
700 700 328
700 700 112
700 700 336
700 700 556
700 700 202
700 700 558
503 503 76
700 700 496
273 273 76
700 700 306
700 700 548
700 700 534
700 700 548
700 700 588
700 700 544
120 120 74
700 700 396
700 700 306
700 700 342
700 700 422
700 700 574
700 700 564
700 700 432
310 310 74
700 700 540
469 469 74
700 700 562
700 700 532
77 77 72
700 700 284
700 700 386
700 700 456
295 295 72
700 700 592
700 700 598
700 700 312
310 310 72
700 700 516
700 700 482
700 700 590
700 700 208
700 700 366
253 253 72
700 700 432
700 700 464
537 537 72
700 700 470
426 426 70
700 700 364
700 700 566
700 700 352
353 353 70
147 147 70
700 700 522
438 438 70
700 700 426
288 288 70
700 700 556
639 639 70
603 603 68
700 700 458
700 700 326
700 700 594
552 552 68
549 549 68
639 639 68
382 382 68
700 700 496
686 686 68
700 700 598
700 700 320
700 700 444
700 700 270
700 700 262
700 700 562
700 700 116
700 700 168
609 609 66
700 700 254
628 628 66
28 28 66
700 700 380
700 700 564
700 700 474
627 627 66
700 700 444
601 601 66
700 700 524
700 700 464
700 700 584
700 700 340
102 102 66
275 275 66
700 700 186
700 700 482
700 700 468
700 700 552
700 700 572
91 91 64
700 700 412
666 666 64
700 700 402
700 700 196
700 700 598
700 700 552
700 700 462
610 610 64
495 495 64
700 700 490
558 558 62
678 678 62
700 700 166
82 82 62
305 305 62
700 700 204
700 700 592
186 186 62
700 700 504
700 700 540
700 700 590
700 700 550
700 700 564
700 700 556
700 700 426
593 593 62
523 523 62
700 700 448
700 700 438
700 700 326
698 698 60
700 700 438
700 700 416
682 682 60
700 700 394
700 700 570
700 700 418
700 700 216
252 252 60
700 700 578
700 700 550
700 700 86
700 700 398
632 632 60
700 700 120
700 700 474
700 700 280
673 673 60
700 700 596
700 700 114
700 700 542
700 700 452
700 700 482
661 661 58
700 700 472
700 700 496
700 700 564
700 700 542
526 526 58
700 700 520
700 700 396
700 700 588
700 700 366
700 700 172
700 700 456
700 700 152
700 700 548
700 700 558
700 700 424
700 700 398
700 700 584
328 328 56
700 700 558
700 700 288
596 596 56
700 700 548
700 700 482
700 700 544
700 700 566
700 700 274
441 441 54
700 700 530
700 700 352
700 700 590
700 700 586
700 700 578
700 700 572
700 700 404
700 700 394
468 468 54
700 700 568
187 187 54
700 700 346
700 700 416
700 700 292
586 586 52
700 700 172
214 214 52
156 156 52
630 630 52
700 700 496
700 700 132
429 429 52
700 700 598
408 408 52
700 700 496
700 700 270
700 700 164
700 700 488
700 700 510
700 700 296
700 700 432
700 700 438
700 700 298
700 700 360
700 700 538
497 497 50
380 380 50
700 700 458
125 125 50
700 700 400
700 700 474
272 272 50
128 128 50
700 700 468
644 644 50
700 700 562
405 405 50
700 700 66
700 700 410
700 700 498
342 342 48
700 700 150
535 535 48
527 527 48
700 700 468
700 700 440
700 700 584
700 700 576
700 700 538
700 700 244
207 207 48
681 681 48
675 675 48
162 162 48
452 452 46
700 700 560
537 537 46
670 670 46
50 50 46
700 700 524
700 700 340
700 700 492
700 700 570
105 105 46
700 700 584
700 700 236
700 700 490
700 700 550
700 700 190
700 700 508
700 700 510
700 700 552
700 700 570
700 700 560
700 700 430
655 655 44
684 684 44
700 700 592
170 170 44
700 700 538
700 700 58
700 700 546
700 700 348
700 700 206
676 676 44
700 700 434
292 292 44
700 700 470
700 700 530
700 700 326
478 478 44
422 422 42
700 700 348
700 700 362
700 700 404
700 700 586
632 632 42
700 700 338
700 700 510
700 700 412
530 530 42
700 700 472
700 700 560
700 700 560
700 700 400
700 700 264
492 492 42
493 493 40
700 700 562
700 700 570
700 700 422
700 700 582
700 700 582
267 267 40
700 700 396
632 632 40
700 700 268
700 700 306
700 700 458
700 700 526
690 690 38
281 281 38
553 553 38
700 700 322
700 700 590
700 700 498
700 700 570
700 700 552
700 700 98
700 700 318
546 546 38
700 700 350
700 700 514
700 700 562
700 700 528
501 501 38
700 700 398
700 700 562
700 700 582
700 700 246
700 700 526
396 396 36
700 700 494
700 700 548
700 700 510
700 700 508
700 700 70
700 700 474
693 693 36
700 700 594
700 700 322
257 257 36
700 700 582
700 700 236
700 700 516
700 700 596
700 700 500
700 700 544
700 700 322
74 74 34
148 148 34
700 700 596
700 700 506
700 700 582
700 700 530
700 700 372
700 700 578
177 177 34
700 700 320
700 700 464
272 272 34
553 553 34
700 700 514
700 700 572
498 498 34
700 700 426
700 700 532
700 700 584
700 700 296
700 700 470
700 700 476
700 700 394
700 700 346
158 158 32
700 700 598
700 700 538
700 700 412
700 700 330
700 700 182
642 642 32
700 700 90
700 700 596
277 277 32
700 700 558
700 700 596
98 98 32
9 9 32
700 700 548
700 700 372
700 700 512
700 700 566
361 361 30
700 700 414
700 700 596
700 700 86
700 700 592
700 700 140
700 700 490
621 621 30
700 700 590
700 700 590
700 700 438
145 145 30
609 609 30
700 700 30
700 700 588
700 700 128
549 549 30
700 700 478
700 700 596
700 700 558
700 700 358
399 399 28
700 700 572
700 700 444
700 700 182
700 700 598
700 700 596
700 700 368
700 700 154
700 700 596
700 700 570
673 673 28
700 700 482
306 306 28
700 700 268
386 386 28
700 700 292
700 700 590
284 284 28
700 700 500
641 641 26
700 700 250
700 700 584
700 700 560
700 700 416
608 608 26
651 651 26
698 698 26
700 700 550
542 542 26
700 700 594
700 700 548
700 700 576
700 700 586
700 700 592
700 700 424
619 619 26
620 620 26
700 700 552
700 700 538
700 700 210
44 44 24
700 700 146
700 700 476
700 700 596
700 700 536
700 700 584
700 700 324
700 700 320
700 700 562
700 700 590
700 700 560
700 700 534
700 700 386
291 291 24
700 700 116
492 492 24
700 700 558
700 700 576
700 700 506
700 700 590
700 700 166
610 610 22
491 491 22
439 439 22
700 700 574
700 700 494
700 700 530
460 460 22
589 589 22
700 700 566
700 700 448
700 700 364
700 700 576
642 642 22
700 700 568
700 700 574
700 700 418
238 238 22
700 700 496
700 700 506
607 607 22
36 36 22
700 700 396
700 700 594
700 700 448
700 700 304
700 700 496
700 700 492
700 700 274
494 494 20
700 700 582
9 9 20
370 370 20
700 700 556
700 700 336
700 700 24
418 418 20
700 700 556
700 700 512
700 700 524
700 700 422
257 257 20
700 700 234
699 699 20
700 700 582
251 251 20
700 700 568
700 700 562
499 499 20
700 700 562
700 700 552
700 700 384
2 2 18
700 700 560
588 588 18
42 42 18
700 700 496
700 700 130
700 700 362
700 700 432
700 700 568
700 700 258
700 700 214
393 393 18
700 700 556
700 700 132
497 497 18
700 700 386
674 674 18
700 700 264
251 251 18
700 700 586
700 700 348
700 700 542
700 700 474
700 700 488
700 700 284
700 700 464
700 700 598
700 700 294
700 700 24
700 700 560
700 700 576
700 700 578
529 529 16
700 700 298
700 700 188
571 571 16
700 700 586
700 700 596
590 590 16
700 700 560
700 700 560
518 518 16
457 457 16
700 700 592
700 700 154
459 459 14
700 700 556
700 700 598
700 700 548
700 700 598
700 700 430
700 700 38
531 531 14
700 700 590
700 700 588
700 700 592
700 700 530
700 700 532
700 700 594
700 700 526
463 463 14
700 700 384
684 684 14
137 137 14
680 680 14
124 124 14
700 700 554
700 700 242
700 700 154
700 700 440
700 700 536
700 700 358
700 700 596
700 700 320
700 700 264
700 700 514
700 700 592
700 700 240
700 700 506
700 700 156
700 700 494
700 700 592
700 700 562
411 411 12
700 700 92
700 700 564
174 174 12
700 700 418
700 700 350
700 700 398
700 700 280
700 700 480
233 233 10
700 700 316
700 700 286
700 700 362
700 700 596
700 700 596
225 225 10
262 262 10
123 123 10
586 586 10
700 700 334
677 677 10
700 700 570
22 22 10
700 700 432
700 700 364
700 700 538
343 343 10
700 700 382
700 700 526
700 700 582
700 700 592
700 700 518
700 700 598
700 700 576
700 700 386
700 700 450
700 700 596
700 700 62
700 700 226
700 700 494
700 700 354
700 700 596
700 700 50
700 700 586
383 383 8
700 700 270
700 700 572
700 700 546
700 700 442
611 611 8
700 700 580
700 700 300
700 700 494
700 700 548
700 700 394
700 700 578
700 700 92
700 700 592
700 700 578
700 700 364
700 700 504
700 700 474
700 700 584
700 700 576
337 337 6
700 700 370
700 700 596
700 700 470
586 586 6
479 479 6
700 700 594
36 36 6
700 700 586
700 700 576
700 700 542
684 684 6
700 700 554
700 700 590
700 700 572
700 700 470
700 700 444
700 700 588
674 674 6
700 700 566
167 167 4
543 543 4
700 700 586
700 700 584
700 700 476
700 700 588
700 700 546
700 700 566
700 700 594
700 700 498
700 700 596
700 700 450
700 700 594
188 188 4
700 700 178
700 700 518
700 700 556
700 700 486
511 511 4
700 700 568
585 585 4
700 700 592
434 434 4
700 700 586
700 700 576
543 543 4
700 700 92
676 676 2
700 700 596
700 700 406
700 700 596
700 700 592
700 700 584
700 700 494
700 700 596
700 700 590
700 700 538
108 108 2
165 165 2
700 700 596
700 700 100
700 700 328
700 700 188
700 700 536
700 700 588
700 700 476
700 700 286
700 700 596
700 700 558
318 318 2
700 700 394
700 700 492
700 700 550
700 700 544
700 700 594
189 189 0
634 634 0
700 700 590
700 700 596
700 700 306
700 700 86
700 700 600
700 700 540
700 700 598
210 210 0
700 700 4
700 700 588
534 534 0
700 700 598
700 700 346
700 700 462
700 700 592
700 700 600
700 700 600
700 700 580
700 700 594
700 700 578
389 389 0
700 700 592
700 700 418
631 631 0
700 700 598
700 700 600
700 700 294
700 700 560
700 700 24
700 700 470
700 700 598
700 700 456
700 700 594
680 680 0
700 700 598
307 307 0
