1000 100 4.3589
3 13 75
1 11 79
5 15 72
3 13 75
3 13 75
2 12 77
3 13 75
9 19 65
1 11 79
7 17 68
6 16 70
13 23 59
9 19 65
14 24 57
13 23 59
12 22 60
16 26 54
7 17 68
8 18 67
5 15 72
2 12 77
1 11 79
7 17 68
18 28 51
2 12 77
7 17 68
13 23 59
13 23 59
17 27 53
6 16 70
14 24 57
15 25 56
1 11 79
8 18 67
2 12 77
24 34 43
12 22 60
10 20 64
18 28 51
25 35 42
7 17 68
5 15 72
13 23 59
18 28 51
2 12 77
23 33 44
18 28 51
9 19 65
20 30 49
26 36 40
27 37 39
15 25 56
2 12 77
11 21 62
23 33 44
22 32 46
10 20 64
18 28 51
30 40 36
30 40 36
25 35 42
31 41 34
22 32 46
16 26 54
29 39 37
27 37 39
34 44 31
22 32 46
20 30 49
6 16 70
5 15 72
11 21 62
27 37 39
24 34 43
22 32 46
8 18 67
24 34 43
32 42 33
35 45 30
4 14 73
29 39 37
36 46 29
19 29 50
18 28 51
29 39 37
36 46 29
22 32 46
22 32 46
36 46 29
37 47 28
36 46 29
34 44 31
28 38 38
11 21 62
22 32 46
25 35 42
24 34 43
34 44 31
34 44 31
28 38 38
15 25 56
37 47 28
39 49 26
12 22 60
9 19 65
24 34 43
1 11 79
16 26 54
34 44 31
26 36 40
36 46 29
38 48 27
25 35 42
42 52 23
1 11 79
31 41 34
17 27 53
4 14 73
4 14 73
38 48 27
41 51 24
35 45 30
41 51 24
12 22 60
31 41 34
38 48 27
6 16 70
22 32 46
3 13 75
26 36 40
39 49 26
44 54 21
28 38 38
2 12 77
4 14 73
17 27 53
36 46 29
14 24 57
33 43 32
31 41 34
13 23 59
11 21 62
7 17 68
31 41 34
11 21 62
20 30 49
33 43 32
33 43 32
38 48 27
32 42 33
15 25 56
38 48 27
22 32 46
31 41 34
38 48 27
15 25 56
30 40 36
37 47 28
6 16 70
47 57 18
2 12 77
19 29 50
47 57 18
40 50 25
24 34 43
7 17 68
28 38 38
8 18 67
48 58 17
32 42 33
9 19 65
29 39 37
37 47 28
46 56 19
29 39 37
34 44 31
44 54 21
16 26 54
41 51 24
39 49 26
46 56 19
13 23 59
50 60 16
5 15 72
17 27 53
6 16 70
29 39 37
23 33 44
8 18 67
32 42 33
49 59 16
36 46 29
22 32 46
38 48 27
24 34 43
11 21 62
18 28 51
2 12 70
52 62 14
2 12 70
48 58 17
33 43 32
36 46 29
49 59 16
2 12 70
51 61 15
49 59 16
4 14 68
38 48 27
49 59 16
13 23 59
32 42 33
27 37 39
43 53 22
11 21 62
6 16 68
8 18 67
43 53 22
26 36 40
51 61 15
7 17 68
38 48 27
43 53 22
17 27 53
16 26 54
40 50 25
23 33 44
40 50 25
1 11 64
20 30 49
37 47 28
33 43 32
8 18 64
26 36 40
52 62 14
11 21 62
53 63 13
55 65 12
41 51 24
54 64 12
49 59 16
13 23 59
53 63 13
19 29 50
25 35 42
45 55 20
30 40 36
51 61 15
52 62 14
18 28 51
30 40 36
48 58 17
14 24 57
17 27 53
41 51 24
43 53 22
36 46 29
13 23 59
58 68 10
60 70 9
48 58 17
30 40 36
21 31 47
32 42 33
58 68 10
7 17 58
18 28 51
49 59 16
51 61 15
39 49 26
47 57 18
34 44 31
54 64 12
23 33 44
36 46 29
26 36 40
9 19 56
58 68 10
45 55 20
43 53 22
51 61 15
39 49 26
62 72 7
53 63 13
57 67 10
40 50 25
51 61 15
49 59 16
53 63 13
23 33 44
58 68 10
36 46 29
59 69 9
47 57 18
58 68 10
38 48 27
57 67 10
56 66 11
53 63 13
51 61 15
22 32 46
62 72 7
37 47 28
49 59 16
39 49 26
42 52 23
57 67 10
44 54 21
38 48 27
39 49 26
17 27 50
6 16 50
62 72 7
62 72 7
35 45 30
20 30 49
16 26 50
41 51 24
48 58 17
23 33 44
59 69 9
61 71 8
23 33 44
5 15 48
63 73 7
52 62 14
59 69 9
16 26 48
6 16 48
38 48 27
26 36 40
27 37 39
57 67 10
59 69 9
14 24 46
33 43 32
6 16 46
10 20 46
1 11 46
51 61 15
51 61 15
10 20 46
56 66 11
61 71 8
38 48 27
66 76 5
58 68 10
51 61 15
11 21 44
53 63 13
41 51 24
51 61 15
62 72 7
4 14 44
45 55 20
40 50 25
66 76 5
64 74 6
8 18 42
67 77 5
30 40 36
68 78 4
47 57 18
50 60 16
8 18 42
54 64 12
67 77 5
17 27 42
54 64 12
56 66 11
18 28 40
26 36 40
67 77 5
41 51 24
57 67 10
13 23 40
12 22 40
26 36 40
7 17 40
66 76 5
62 72 7
58 68 10
58 68 10
26 36 38
44 54 21
45 55 20
30 40 36
39 49 26
47 57 18
19 29 38
55 65 12
57 67 10
67 77 5
22 32 38
45 55 20
69 79 4
66 76 5
69 79 4
34 44 31
5 15 38
44 54 21
61 71 8
64 74 6
41 51 24
68 78 4
67 77 5
43 53 22
9 19 36
18 28 36
18 28 36
15 25 36
65 75 6
26 36 34
45 55 20
37 47 28
32 42 33
69 79 4
23 33 34
26 36 34
59 69 9
55 65 12
15 25 34
34 44 31
43 53 22
11 21 34
66 76 5
67 77 5
62 72 7
25 35 32
58 68 10
41 51 24
54 64 12
39 49 26
27 37 32
25 35 32
62 72 7
59 69 9
71 81 3
74 84 2
52 62 14
16 26 30
36 46 29
20 30 30
67 77 5
71 81 3
54 64 12
74 84 2
38 48 27
24 34 30
67 77 5
58 68 10
23 33 30
30 40 30
66 76 5
6 16 30
68 78 4
54 64 12
58 68 10
14 24 30
52 62 14
66 76 5
40 50 25
1 11 30
31 41 28
63 73 7
61 71 8
39 49 26
63 73 7
41 51 24
62 72 7
53 63 13
69 79 4
25 35 28
75 85 2
60 70 9
36 46 28
63 73 7
31 41 28
66 76 5
6 16 28
47 57 18
4 14 28
43 53 22
66 76 5
15 25 26
73 83 2
71 81 3
48 58 17
67 77 5
65 75 6
48 58 17
42 52 23
5 15 26
54 64 12
67 77 5
71 81 3
73 83 2
19 29 24
75 85 2
47 57 18
77 87 1
61 71 8
70 80 4
74 84 2
50 60 16
59 69 9
66 76 5
2 12 24
74 84 2
18 28 24
71 81 3
57 67 10
38 48 24
24 34 24
69 79 4
77 87 1
10 20 22
67 77 5
1 11 22
56 66 11
12 22 22
55 65 12
66 76 5
23 33 22
56 66 11
75 85 2
57 67 10
28 38 22
55 65 12
70 80 4
30 40 22
76 86 1
31 41 22
72 82 3
6 16 22
1 11 20
62 72 7
74 84 2
72 82 3
1 11 20
79 89 1
51 61 15
78 88 1
64 74 6
73 83 2
58 68 10
63 73 7
27 37 20
32 42 20
72 82 3
78 88 1
74 84 2
76 86 1
32 42 18
70 80 4
25 35 18
63 73 7
65 75 6
21 31 18
61 71 8
46 56 18
6 16 18
26 36 18
68 78 4
76 86 1
77 87 1
52 62 14
33 43 16
74 84 2
74 84 2
69 79 4
73 83 2
68 78 4
71 81 3
56 66 11
67 77 5
73 83 2
25 35 16
60 70 9
78 88 1
80 90 1
47 57 16
78 88 1
22 32 16
78 88 1
81 91 0
16 26 16
13 23 16
9 19 14
46 56 14
40 50 14
36 46 14
79 89 1
58 68 10
41 51 14
82 92 0
78 88 1
71 81 3
71 81 3
21 31 14
14 24 14
8 18 14
44 54 14
54 64 12
61 71 8
75 85 2
65 75 6
75 85 2
82 92 0
64 74 6
5 15 14
68 78 4
74 84 2
68 78 4
29 39 14
29 39 12
69 79 4
79 89 1
53 63 12
82 92 0
72 82 3
81 91 0
74 84 2
22 32 12
63 73 7
72 82 3
77 87 1
70 80 4
77 87 1
73 83 2
18 28 12
58 68 10
82 92 0
83 93 0
16 26 12
77 87 1
82 92 0
48 58 12
32 42 12
34 44 10
82 92 0
59 69 9
71 81 3
77 87 1
82 92 0
72 82 3
81 91 0
56 66 10
81 91 0
73 83 2
73 83 2
74 84 2
69 79 4
35 45 10
53 63 10
82 92 0
84 94 0
84 94 0
54 64 10
55 65 10
62 72 7
67 77 5
74 84 2
21 31 10
84 94 0
81 91 0
80 90 1
75 85 2
67 77 5
77 87 1
21 31 8
30 40 8
24 34 8
53 63 8
85 95 0
28 38 8
82 92 0
78 88 1
34 44 8
83 93 0
49 59 8
76 86 1
76 86 1
83 93 0
54 64 8
33 43 8
80 90 1
80 90 1
14 24 8
53 63 8
85 95 0
53 63 8
63 73 7
37 47 8
58 68 8
47 57 8
57 67 8
46 56 8
79 89 1
67 77 5
25 35 8
85 95 0
85 95 0
84 94 0
63 73 6
77 87 1
14 24 6
34 44 6
60 70 6
85 95 0
84 94 0
4 14 6
76 86 1
70 80 4
82 92 0
85 95 0
53 63 6
71 81 3
78 88 1
7 17 6
6 16 6
84 94 0
71 81 3
81 91 0
79 89 1
58 68 6
86 96 0
55 65 6
75 85 2
36 46 6
54 64 6
85 95 0
83 93 0
62 72 4
66 76 4
81 91 0
6 16 4
75 85 2
80 90 1
70 80 4
61 71 4
70 80 4
87 97 0
86 96 0
87 97 0
77 87 1
60 70 4
32 42 4
43 53 4
84 94 0
16 26 4
26 36 4
85 95 0
64 74 4
58 68 4
67 77 4
85 95 0
54 64 4
80 90 1
71 81 3
76 86 1
81 91 0
62 72 4
51 61 4
8 18 4
87 97 0
76 86 1
82 92 0
78 88 1
51 61 2
86 96 0
87 97 0
72 82 2
81 91 0
61 71 2
84 94 0
88 98 0
88 98 0
66 76 2
78 88 1
88 98 0
82 92 0
87 97 0
68 78 2
85 95 0
82 92 0
68 78 2
55 65 2
82 92 0
86 96 0
82 92 0
46 56 2
88 98 0
27 37 2
68 78 2
11 21 2
56 66 2
28 38 2
40 50 2
53 63 2
18 28 2
88 98 0
56 66 2
81 91 0
84 94 0
87 97 0
93 100 0
94 100 0
58 68 0
76 86 0
94 100 0
90 100 0
89 99 0
79 89 0
95 100 0
74 84 0
74 84 0
94 100 0
92 100 0
91 100 0
96 100 0
90 100 0
97 100 0
3 13 0
98 100 0
83 93 0
88 98 0
100 100 0
90 100 0
94 100 0
90 100 0
92 100 0
93 100 0
72 82 0
86 96 0
94 100 0
85 95 0
100 100 0
92 100 0
99 100 0
100 100 0
97 100 0
96 100 0
89 99 0
100 100 0
98 100 0
97 100 0
45 55 0
89 99 0
77 87 0
68 78 0
89 99 0
68 78 0
89 99 0
82 92 0
90 100 0
51 61 0
89 99 0
63 73 0
31 41 0
93 100 0
91 100 0
98 100 0
99 100 0
85 95 0
96 100 0
99 100 0
99 100 0
87 97 0
99 100 0
5 15 0
94 100 0
99 100 0
83 93 0
98 100 0
91 100 0
98 100 0
94 100 0
88 98 0
89 99 0
37 47 0
97 100 0
10 20 0
76 86 0
94 100 0
100 100 0
99 100 0
88 98 0
100 100 0
92 100 0
72 82 0
93 100 0
97 100 0
95 100 0
97 100 0
90 100 0
89 99 0
96 100 0
96 100 0
89 99 0
90 100 0
74 84 0
100 100 0
98 100 0
62 72 0
93 100 0
90 100 0
91 100 0
89 99 0
82 92 0
96 100 0
95 100 0
94 100 0
100 100 0
97 100 0
92 100 0
83 93 0
92 100 0
97 100 0
89 99 0
95 100 0
97 100 0
89 99 0
95 100 0
96 100 0
98 100 0
95 100 0
95 100 0
93 100 0
83 93 0
99 100 0
93 100 0
74 84 0
21 31 0
64 74 0
82 92 0
94 100 0
95 100 0
100 100 0
97 100 0
94 100 0
91 100 0
93 100 0
94 100 0
87 97 0
93 100 0
96 100 0
93 100 0
100 100 0
81 91 0
91 100 0
2 12 0
93 100 0
95 100 0
95 100 0
96 100 0
96 100 0
95 100 0
88 98 0
98 100 0
54 64 0
89 99 0
88 98 0
97 100 0
96 100 0
96 100 0
89 99 0
85 95 0
94 100 0
91 100 0
60 70 0
95 100 0
86 96 0
100 100 0
90 100 0
100 100 0
92 100 0
97 100 0
94 100 0
94 100 0
92 100 0
76 86 0
92 100 0
87 97 0
90 100 0
94 100 0
81 91 0
94 100 0
90 100 0
92 100 0
98 100 0
91 100 0
100 100 0
97 100 0
100 100 0
95 100 0
97 100 0
95 100 0
96 100 0
97 100 0
