5000 5000 4.3589
37 8 9818
2566 45 9766
4572 79 9762
3521 85 9684
1251 93 9530
669 144 9476
410 173 9474
4097 94 9460
3520 161 9436
136 140 9394
1809 124 9322
866 67 9308
2168 323 9298
3603 291 9286
2342 226 9214
551 198 9190
3307 158 9184
1135 279 9152
1374 340 9120
2888 300 9112
2058 45 9108
345 279 9108
2277 343 9088
4204 241 9086
4336 154 9066
136 170 9046
3335 217 9024
101 191 8980
562 144 8974
4143 150 8954
2552 176 8952
2231 104 8940
1713 50 8918
57 132 8906
3042 515 8900
2671 26 8880
901 261 8876
4211 296 8876
1739 331 8870
3415 91 8868
2993 74 8868
3853 330 8864
2883 545 8852
70 410 8844
1310 235 8838
1558 560 8828
3755 127 8826
466 282 8820
4271 256 8810
971 34 8756
2599 483 8756
4464 298 8742
3930 273 8712
2056 630 8698
4235 185 8698
2521 175 8680
886 92 8678
1555 315 8670
1819 490 8650
511 171 8604
919 649 8602
4010 438 8576
1876 481 8552
4664 375 8550
2697 245 8542
3290 204 8534
3101 570 8530
3090 450 8514
82 738 8480
4251 681 8476
2126 356 8474
2202 636 8460
1189 260 8458
3454 9 8430
1793 12 8416
2930 716 8412
865 704 8380
4848 90 8368
4474 281 8364
3616 724 8360
3109 314 8356
1940 723 8346
577 223 8322
2894 771 8302
3450 681 8300
1448 62 8298
3554 818 8280
2745 472 8248
4358 422 8244
1438 885 8216
2955 115 8208
415 127 8202
3410 429 8186
2954 78 8180
2075 832 8178
3407 101 8154
1544 167 8138
369 492 8122
874 389 8118
2726 48 8114
4693 452 8114
1341 147 8094
4934 586 8082
152 456 8078
2837 311 8062
2525 156 8054
395 395 8054
522 540 8054
1547 638 8034
619 180 7986
1321 876 7966
676 32 7964
1874 591 7954
2336 946 7946
4960 585 7942
3725 659 7936
988 561 7934
3695 813 7922
1914 708 7914
1441 80 7908
1155 1057 7872
3181 655 7872
1764 955 7868
3822 598 7864
2091 688 7856
3079 194 7848
3933 87 7840
1917 527 7838
1875 790 7834
1888 793 7824
84 482 7796
601 591 7796
3223 329 7784
4984 7 7778
864 496 7768
1108 703 7746
4934 193 7742
518 566 7734
1572 310 7724
617 675 7718
1867 508 7712
3283 254 7688
991 673 7678
1134 1118 7660
4101 1040 7654
1291 570 7652
4611 970 7642
3601 1091 7634
4163 49 7624
721 804 7614
10 1101 7610
2800 213 7608
3016 286 7588
612 310 7588
3903 1096 7582
650 651 7574
3584 906 7572
4773 1147 7570
2238 668 7568
4556 1024 7558
238 469 7550
3688 174 7550
4377 1177 7528
1189 829 7528
666 409 7526
3696 360 7520
3647 1157 7502
1800 23 7496
2194 320 7494
2062 348 7492
2233 277 7480
1388 1116 7456
2901 977 7456
4720 90 7448
4194 555 7444
1144 1184 7440
3438 584 7440
1385 75 7422
2304 372 7418
595 491 7400
3810 655 7398
108 1199 7398
3379 502 7392
2501 442 7388
1748 1072 7374
2788 594 7370
4540 1226 7366
3878 700 7364
2134 1144 7350
4983 536 7344
3671 1318 7334
1267 212 7332
2147 1330 7328
524 1115 7322
4207 475 7320
1585 1149 7320
833 405 7318
400 1185 7316
4925 1150 7316
3746 805 7306
2387 184 7298
327 618 7296
2607 100 7288
344 742 7282
3104 1272 7272
3747 93 7270
3836 364 7258
2941 1193 7248
3939 1298 7246
1874 392 7230
3163 1248 7224
3470 984 7208
1007 867 7200
797 311 7200
3893 766 7198
3635 1398 7192
3128 716 7180
2756 634 7170
596 1137 7170
1757 1252 7162
2016 1180 7160
4494 301 7158
2415 269 7154
3579 1075 7152
2029 656 7150
3154 2 7148
1781 1231 7140
87 618 7140
3253 370 7140
3682 623 7136
2132 1357 7118
598 568 7114
3066 293 7114
3400 95 7106
2635 988 7100
2516 718 7100
2948 1334 7096
72 1191 7094
4643 17 7086
744 488 7082
1935 232 7082
3024 234 7072
1380 1166 7062
138 1352 7062
3276 541 7056
2473 1455 7052
921 982 7050
4431 137 7050
2163 1204 7048
49 934 7048
2955 441 7048
1807 310 7038
4625 1119 7034
2735 5 7028
4505 24 7028
2744 653 7010
4550 1451 7002
680 1365 7002
2509 580 6994
2225 124 6994
19 254 6988
1272 105 6988
4511 21 6978
671 1168 6968
2593 620 6966
1654 1244 6966
2584 101 6956
4823 396 6944
3699 812 6940
732 601 6938
664 1051 6938
1896 1382 6930
2606 1229 6918
4336 135 6914
2676 545 6912
2352 1145 6902
4852 282 6902
904 125 6892
2594 45 6890
2375 405 6890
4424 1425 6888
1656 1117 6888
2092 1313 6882
481 1150 6878
3418 291 6878
3650 1319 6878
4755 667 6878
4538 1232 6872
1242 1298 6872
4459 96 6864
2258 1098 6864
861 412 6858
2829 1168 6856
1140 1239 6852
4136 422 6850
2063 1423 6848
1181 300 6848
3448 249 6840
3804 834 6832
181 987 6828
4360 861 6826
591 1057 6824
3244 283 6818
2904 762 6806
1636 634 6798
2496 935 6794
1371 1603 6792
1689 1478 6786
2299 201 6776
1832 681 6772
645 1050 6770
3416 630 6764
2857 860 6760
4639 669 6758
3970 934 6758
1689 792 6758
4038 1546 6758
4582 1142 6750
4932 1108 6746
539 1260 6742
778 1365 6736
71 1008 6734
3093 640 6730
2966 385 6724
3767 1460 6722
4370 387 6722
1542 1240 6720
4562 542 6716
2850 930 6712
3565 528 6708
4814 936 6706
3549 1365 6706
4224 651 6704
662 1364 6704
943 1472 6700
518 1089 6698
213 528 6698
3869 1318 6694
2556 310 6686
3497 168 6682
3655 1279 6678
4564 1302 6674
2844 838 6670
1257 1407 6666
541 929 6662
2980 977 6658
4637 1607 6658
1545 719 6656
708 1566 6646
338 1188 6644
3217 206 6642
4454 957 6632
466 516 6628
178 840 6626
1317 1182 6614
2937 924 6604
3440 773 6598
3346 70 6596
1681 639 6594
4071 651 6590
737 1323 6588
2321 883 6588
3073 133 6580
4192 678 6578
1119 1153 6576
3364 1407 6574
4306 552 6572
2016 353 6572
130 186 6568
2310 297 6566
736 1276 6562
4276 341 6560
810 1204 6558
1713 1380 6550
751 1396 6536
4046 494 6522
1394 1721 6520
565 994 6518
3997 579 6514
4605 465 6512
1263 862 6506
2229 1076 6506
143 1412 6504
2048 698 6504
1066 1298 6490
2722 1074 6488
1513 1121 6482
2768 1757 6482
2958 1313 6482
4879 1595 6478
3586 1002 6478
3128 790 6472
1502 1129 6470
2121 505 6458
3991 199 6454
2183 1402 6446
1496 884 6444
3971 1377 6444
49 87 6438
264 515 6422
4340 1601 6422
926 1457 6420
2637 1785 6408
3335 1610 6408
2241 780 6408
429 1763 6406
2273 704 6402
190 170 6398
1650 960 6396
3835 1335 6388
3759 1213 6386
195 1019 6380
2720 410 6378
2376 437 6378
4856 1230 6374
2990 1401 6368
3939 1335 6362
136 209 6356
964 345 6344
4366 1297 6344
2185 796 6342
4699 1038 6342
4406 1356 6340
862 998 6332
943 121 6332
174 263 6332
1591 743 6326
955 942 6324
750 420 6324
1109 468 6322
316 520 6320
1017 400 6310
2629 1743 6280
2861 1222 6278
2059 1098 6278
2421 1749 6272
3453 1856 6264
2515 114 6258
4883 1581 6258
1176 924 6254
944 1618 6252
1859 1594 6248
1130 92 6246
874 480 6242
3619 1642 6238
936 492 6238
1912 1047 6230
3526 1279 6228
1342 42 6224
868 1564 6224
4588 1734 6220
3506 687 6218
2454 1264 6210
275 1627 6202
402 1235 6198
3605 1234 6194
3456 140 6192
531 1210 6192
3713 1507 6190
4608 1331 6178
3556 1184 6172
2851 633 6172
2608 1880 6170
1047 477 6166
4660 1431 6166
2361 1150 6166
1632 784 6164
4038 1327 6160
4650 787 6160
703 1715 6150
4229 1884 6144
359 1924 6138
4122 1928 6138
2383 1830 6136
4423 1434 6134
2022 1497 6130
4533 40 6122
4527 222 6122
3650 1647 6122
4965 1935 6116
2329 1692 6116
1976 161 6116
1204 1697 6114
231 1085 6112
983 1604 6102
3789 1378 6102
635 419 6098
566 442 6098
1052 309 6094
981 1738 6094
2931 624 6082
1896 666 6082
607 1946 6076
4307 1093 6076
2052 385 6072
2444 38 6070
1045 878 6064
4197 75 6064
2790 1913 6062
1243 395 6062
1690 1418 6062
4243 770 6056
3032 1537 6054
3313 1108 6052
758 1446 6044
2870 1804 6042
4934 387 6036
1898 1860 6034
3104 206 6024
2833 845 6020
4511 1366 6018
2120 1605 6012
466 1083 6008
3996 1293 6006
4295 219 6006
4053 302 6004
2216 1447 6002
6 1152 6000
4678 677 5996
3419 485 5992
229 8 5986
3395 80 5986
1537 843 5986
569 1635 5982
4324 1399 5980
2168 1686 5976
579 1471 5976
762 692 5976
1184 1410 5974
240 975 5970
3043 694 5968
4235 1789 5966
2204 359 5964
689 733 5958
4964 1566 5956
520 102 5956
1748 1997 5954
2270 1116 5952
1954 872 5952
2846 888 5950
1355 1992 5944
1469 1304 5938
4832 1709 5928
3211 886 5922
4711 1367 5922
1792 1093 5916
1250 637 5916
3985 1921 5914
770 654 5914
105 1125 5914
2164 1842 5912
1797 124 5910
3699 1783 5906
3439 1645 5904
1830 1628 5896
1874 752 5892
1168 691 5888
2853 767 5886
4559 2003 5886
559 1936 5884
3733 1640 5884
2155 61 5880
4793 1449 5876
2648 1404 5870
490 1038 5864
3847 1214 5860
4093 1466 5860
2128 1056 5852
2280 1431 5850
4097 241 5850
3542 668 5848
137 2002 5846
2050 690 5844
2879 1716 5840
595 1740 5838
4505 2004 5824
4975 501 5820
907 1169 5804
3300 1705 5804
1409 306 5796
1626 1953 5794
1945 1077 5782
4058 678 5778
2356 1821 5778
653 1504 5778
2071 1626 5776
2113 1021 5772
4926 1525 5770
2307 1565 5768
1609 707 5768
2307 685 5766
4281 1512 5766
2044 124 5760
180 382 5758
1447 1856 5756
1440 1979 5750
778 59 5748
4821 1581 5746
4725 950 5740
2920 1786 5738
2546 63 5728
263 667 5720
566 1087 5720
2839 84 5718
772 1234 5704
4744 217 5702
4005 841 5698
771 329 5690
4942 901 5688
156 1006 5684
2594 1845 5678
1406 917 5676
1232 261 5676
3176 444 5674
3875 1919 5672
2054 1225 5672
3345 739 5670
3790 1031 5664
925 1608 5664
1890 1680 5648
1686 1959 5646
4596 1719 5646
1159 1689 5646
2006 2066 5646
4105 2033 5644
1131 1592 5644
590 807 5642
1902 1082 5640
759 1493 5638
1510 1380 5638
98 1193 5638
2185 992 5638
1467 334 5636
388 1457 5626
2535 674 5624
1147 1804 5622
4505 735 5620
4412 825 5620
440 46 5616
3089 1893 5614
382 1278 5614
331 1113 5608
4266 2121 5598
4230 237 5596
3721 1862 5586
3112 1245 5584
2889 2037 5580
1429 922 5580
1320 933 5578
2054 861 5576
4427 1855 5558
1927 342 5556
4926 769 5556
1677 1251 5556
2259 654 5554
2517 1093 5550
4006 1693 5546
4333 1075 5534
99 514 5534
2265 1901 5532
526 1830 5528
734 897 5526
2365 834 5504
656 1732 5500
3823 2005 5492
1452 1000 5490
4847 2242 5484
3669 1255 5480
1916 1375 5474
3267 1640 5470
1814 464 5466
4242 1696 5464
1864 1882 5462
3650 1847 5462
956 2256 5460
24 498 5448
2527 640 5446
1170 502 5446
1082 2084 5440
3870 196 5440
4444 1219 5434
1884 1187 5432
2140 567 5426
1953 1509 5426
744 510 5422
3878 2196 5416
4664 449 5412
4919 27 5410
1590 1026 5406
1808 618 5406
2085 860 5404
1522 1796 5402
2471 1902 5392
4626 643 5388
4158 1805 5388
34 210 5386
2642 1206 5386
3516 2259 5384
3568 532 5380
2167 1910 5380
30 1637 5368
4080 188 5366
1841 361 5350
3898 781 5350
3972 1426 5348
4067 2005 5334
3090 1589 5334
1998 1814 5330
551 2061 5330
4079 875 5326
3969 534 5322
3771 873 5316
219 618 5314
2667 1340 5306
1937 2257 5304
2155 2176 5300
4108 2191 5288
2051 665 5288
2451 597 5286
3824 627 5282
3818 1012 5280
2395 310 5278
1569 1830 5276
2559 1140 5276
113 1975 5268
3116 2213 5266
4431 2051 5260
1886 2151 5258
3587 1415 5258
1335 1486 5246
4424 1361 5246
1513 2074 5244
893 378 5242
369 2041 5240
4558 1141 5234
1205 1581 5232
386 1952 5228
928 1678 5224
1669 787 5222
3283 1902 5222
1867 1743 5220
2933 2076 5216
284 2033 5214
2637 978 5212
4285 1642 5210
3612 2005 5206
4202 88 5206
2683 1770 5204
2599 2227 5200
2280 1447 5196
2970 1251 5194
2680 1040 5188
2121 1269 5186
1872 1172 5180
2306 783 5180
1865 2262 5176
4607 2148 5166
4203 2164 5166
2128 2126 5156
2248 1815 5156
4558 701 5156
878 2014 5156
3013 1562 5152
3908 2045 5126
2902 2314 5124
2787 1463 5116
4885 1813 5114
1510 2262 5108
2854 1792 5108
1466 2395 5106
3946 1120 5104
909 2222 5102
4900 426 5098
2575 372 5096
2513 1129 5094
2903 2078 5094
3141 1881 5092
725 2395 5090
3850 1463 5086
2186 123 5084
4591 744 5078
691 2455 5078
691 941 5068
467 1356 5068
1088 446 5060
1112 165 5058
3738 1151 5058
4145 1353 5058
2653 1537 5052
3917 649 5052
2452 2055 5050
2136 170 5046
4205 2051 5042
1055 1201 5040
3683 1870 5032
4267 1985 5028
3626 1799 5026
4909 152 5018
2596 142 5016
4379 1930 5012
3703 1978 5010
3036 1748 5006
3955 1103 5006
2503 1280 5002
1282 952 5000
3183 1150 4996
4080 282 4996
2486 165 4994
4422 149 4986
1551 1851 4986
2670 2090 4984
1886 1840 4984
265 556 4984
1686 497 4982
728 1278 4980
1275 337 4978
4834 708 4978
4863 1190 4974
2519 543 4974
733 345 4968
3934 770 4968
1529 2089 4966
1696 1197 4964
174 2272 4962
2536 676 4960
1530 8 4960
4796 368 4960
106 1432 4950
3013 2402 4950
2830 546 4950
4158 1280 4946
38 1554 4938
2092 631 4936
1486 2455 4934
1981 1153 4932
3362 202 4928
846 2261 4926
1963 380 4922
358 1485 4920
2253 2074 4910
1491 2243 4908
1391 2346 4902
1810 1684 4902
1169 1188 4898
533 1591 4890
4807 1647 4888
925 891 4888
3774 1101 4884
4009 941 4880
469 68 4874
3378 2532 4872
2651 1646 4872
3746 802 4866
2721 2567 4864
4295 1270 4862
3625 1232 4862
2945 1266 4858
824 2479 4856
367 1449 4856
2239 634 4854
3497 2003 4852
3729 2199 4850
1746 157 4844
3878 1530 4842
2818 2093 4842
213 574 4840
2554 1962 4840
1180 500 4840
811 364 4838
1059 1271 4832
974 2333 4828
4137 1863 4824
177 1617 4824
1861 1236 4822
1659 1286 4822
1347 2163 4820
2084 1040 4818
2607 1779 4816
2891 1496 4814
2120 687 4812
2605 995 4812
4611 718 4802
1129 2578 4802
4312 215 4800
587 1921 4796
2192 2479 4796
488 460 4796
3062 1824 4796
4505 2571 4794
3984 2510 4794
1085 1199 4794
1265 1818 4788
30 2436 4788
1600 66 4782
1115 171 4776
3994 2455 4776
1374 1900 4774
1601 1581 4772
4077 2298 4772
4588 1359 4768
3031 112 4762
4591 1444 4762
1152 1839 4756
3431 1673 4752
209 1830 4750
1694 1357 4746
4720 1274 4744
3644 1460 4744
3376 1383 4742
4450 1415 4734
4005 1938 4734
4937 1728 4734
3418 1092 4732
4365 1063 4730
674 772 4728
4127 647 4728
3641 176 4724
529 1688 4720
3355 1987 4720
862 2486 4718
4695 1675 4716
1775 2279 4716
2585 2442 4714
1005 1118 4712
4513 758 4708
2692 2152 4706
1214 254 4706
3171 2038 4704
814 1830 4700
2220 1760 4700
2616 1659 4696
3554 2340 4694
2278 1521 4694
1765 972 4690
416 1191 4688
1387 2424 4688
2035 186 4688
349 2452 4688
1563 1918 4686
3404 70 4682
601 1988 4680
4112 1998 4680
487 1166 4678
4360 2378 4666
126 1090 4664
3582 2620 4662
4927 1878 4660
2459 919 4656
4227 1589 4652
1054 2437 4648
3843 1028 4646
2221 2545 4638
4053 2001 4630
3942 1978 4626
4392 1746 4626
1580 1219 4610
4070 2171 4604
3129 162 4598
2565 2379 4596
1798 2074 4596
3279 267 4594
139 266 4594
4904 1621 4590
4356 831 4588
1006 214 4584
1219 2341 4582
301 914 4582
2183 600 4580
4325 2243 4578
3028 1945 4560
1940 1512 4560
4882 329 4556
2061 2543 4556
4716 2166 4552
3430 2545 4550
3984 2058 4548
1737 1946 4544
2612 577 4544
4710 345 4542
4850 2358 4542
4776 180 4540
763 2037 4540
1634 2401 4534
1725 2598 4532
1741 1173 4530
1494 452 4528
3830 2389 4524
973 2251 4522
3283 1824 4520
456 250 4516
1919 2604 4512
4498 2685 4512
465 1472 4508
503 2654 4504
1121 514 4498
3148 2088 4494
1503 2202 4492
1038 122 4488
4463 2732 4484
4765 2175 4484
835 1234 4482
3498 2036 4480
4930 1110 4480
4080 1787 4478
309 907 4476
3120 402 4472
1666 1195 4470
4416 2231 4468
380 1765 4466
575 2622 4466
755 1635 4464
1502 2655 4460
3559 615 4458
3122 1815 4456
1833 2419 4454
3591 154 4452
3338 1055 4450
1107 2758 4448
4358 1264 4444
4878 1367 4444
3261 526 4438
3428 2309 4436
546 570 4436
2959 1579 4434
1373 584 4430
4967 1565 4426
3847 869 4422
3909 1586 4420
2125 990 4420
2939 2412 4418
4515 2036 4416
2263 1631 4416
4294 2666 4414
3812 133 4414
1861 2109 4408
344 1985 4404
3788 2755 4402
3163 1573 4396
2703 1950 4388
1517 1962 4386
1608 1793 4384
453 530 4378
982 1949 4372
805 436 4368
4468 2733 4364
1830 581 4360
1000 787 4356
266 2369 4348
3512 1796 4348
3314 1085 4344
2351 2070 4338
1496 994 4338
2745 2138 4336
4492 1247 4334
2149 1418 4334
2022 2578 4328
1823 164 4328
1012 775 4324
4728 2136 4316
1513 2084 4312
4780 2602 4310
2772 288 4308
4269 2463 4308
890 1447 4302
3040 2458 4302
4359 1612 4300
4799 2430 4294
326 1394 4292
1390 1865 4292
1091 618 4292
4614 2838 4288
4169 524 4288
3057 2186 4286
2829 1600 4284
3476 360 4280
3545 2652 4274
2098 253 4272
2136 2728 4264
1305 1164 4262
41 2206 4260
4740 790 4256
721 948 4254
524 15 4252
1582 2118 4242
366 1515 4242
82 1116 4242
1145 2328 4240
1855 2471 4240
4114 1235 4234
3182 2639 4232
3415 1111 4220
777 2615 4216
3590 2344 4206
2604 1060 4204
2903 451 4202
2075 2411 4202
1322 2012 4200
4560 681 4200
3413 1833 4198
4433 1900 4196
836 2181 4196
4647 2540 4194
641 2561 4192
663 2275 4192
2937 288 4190
4014 2570 4186
687 2149 4184
4368 1838 4184
4847 1902 4182
2869 585 4178
1351 1954 4178
92 403 4176
1060 2652 4174
1745 488 4174
2970 1117 4172
3525 1319 4166
2141 2312 4166
1275 867 4164
3213 2766 4162
4508 1020 4162
3678 2108 4160
3514 1812 4158
3966 2806 4158
1434 2160 4156
4309 2369 4156
2736 1094 4154
875 1785 4154
2975 2290 4152
3492 589 4148
3562 762 4142
3551 1946 4142
2806 1063 4142
858 166 4140
4210 2547 4134
2215 2300 4134
3999 1779 4132
4882 2379 4132
3414 2178 4130
292 1782 4130
4995 1928 4128
4688 1484 4128
1018 992 4120
834 2058 4118
1853 2481 4116
454 2167 4116
2580 2321 4110
3596 2680 4106
1373 1468 4096
3235 1022 4096
4775 2597 4094
1197 1879 4092
270 2453 4088
2182 691 4084
1956 2214 4084
495 1634 4082
6 998 4080
1363 1320 4078
3233 1705 4076
4209 1919 4076
2475 1989 4072
2527 1113 4068
3328 1418 4066
4808 2669 4062
117 1423 4060
1203 2093 4056
850 2008 4052
1894 2737 4052
1201 1724 4052
127 2872 4050
3356 2349 4050
2786 701 4046
2934 2164 4046
2630 112 4040
2909 1939 4038
3296 776 4036
3698 2925 4034
654 1804 4034
691 518 4028
396 2848 4028
2547 2102 4026
1929 1329 4024
4704 282 4022
4307 1018 4014
4369 2087 4012
3766 464 4010
2782 1781 4008
4284 2441 4004
3704 1411 4004
1594 2929 4004
139 66 4000
1993 1513 4000
4226 731 3994
1869 2242 3994
4440 2936 3994
360 2498 3994
3526 2850 3994
3299 978 3986
318 172 3982
4090 1807 3980
3736 7 3974
4872 1 3974
1345 2219 3974
1889 1977 3972
3339 1557 3972
4190 1984 3968
1160 855 3968
4551 2098 3968
1304 1329 3964
2264 265 3960
1406 650 3956
4430 2967 3954
1875 2469 3954
2267 2951 3950
2762 913 3946
534 2564 3936
952 1526 3936
4472 255 3936
1988 2784 3934
3956 1173 3934
1589 1413 3932
3507 2885 3932
3910 2088 3926
4723 768 3922
3869 1960 3918
3995 2912 3916
2549 1032 3914
4742 2949 3914
4903 2866 3912
24 522 3910
4883 2751 3910
577 13 3908
2925 1821 3908
137 1869 3906
3200 353 3906
1908 75 3902
2382 1788 3900
4408 1554 3898
18 3007 3896
766 445 3896
264 2485 3892
2838 2750 3892
2082 146 3890
2921 3040 3890
2978 340 3888
1454 2547 3888
4125 119 3888
2680 20 3888
4405 347 3886
4806 2534 3884
1735 331 3884
3552 521 3882
4585 1396 3882
4219 3046 3880
4082 1419 3878
2676 867 3874
4836 2868 3872
1314 2868 3872
170 2964 3866
2290 1787 3864
4103 5 3862
4861 2286 3860
2361 470 3858
2443 2287 3852
3541 2700 3850
4628 2170 3846
1425 2353 3844
3942 2677 3842
136 2755 3840
987 2885 3838
2584 87 3834
886 1681 3832
3147 959 3830
1055 790 3830
3621 2718 3830
1481 1205 3824
1162 2102 3822
2807 3004 3820
3813 1811 3818
3401 3060 3816
1442 2202 3812
2587 1947 3812
1191 193 3810
545 2577 3802
3767 1312 3796
2329 701 3796
1390 49 3794
439 2586 3792
1377 2812 3790
3471 1315 3788
1087 1776 3784
4001 1904 3780
4852 1149 3780
4690 168 3776
2222 2435 3774
4180 1455 3774
3188 2792 3774
3611 419 3770
2314 2048 3770
2084 1179 3768
2318 2567 3766
3573 1903 3766
77 2140 3766
1343 1681 3764
337 3026 3762
2461 53 3762
4275 579 3762
4926 665 3760
1157 2028 3758
2256 405 3756
1595 2668 3756
2511 1394 3756
240 2342 3752
4401 2290 3752
483 2579 3750
2832 1053 3750
2382 2294 3750
4382 2428 3748
2876 2261 3744
1529 1441 3744
3111 2108 3742
3856 2281 3740
3793 3080 3738
4958 1046 3732
423 1545 3732
3963 2641 3728
2538 2715 3726
2167 2982 3726
2516 626 3724
4094 374 3722
3975 2231 3720
4941 3132 3718
4766 1455 3718
4100 3107 3718
4077 902 3716
1284 601 3712
913 2538 3708
3569 565 3706
2327 1036 3706
690 2432 3704
862 1225 3704
2647 2390 3702
3732 1569 3698
3449 585 3696
1919 2380 3694
3931 2346 3692
1659 3033 3690
4406 1699 3688
1832 289 3686
2732 1584 3682
1307 2417 3680
1041 3158 3680
1447 2200 3676
4508 2983 3672
1607 3018 3670
3432 2595 3668
1359 1509 3664
3161 1404 3664
3464 2009 3662
4775 1736 3660
3345 2579 3658
1674 3069 3658
2222 2054 3656
4557 2627 3656
2859 1909 3656
1543 2264 3654
898 1980 3654
3669 2263 3654
3292 2658 3652
243 1556 3648
2238 2750 3646
930 2302 3646
1577 3093 3642
853 2941 3636
3944 2776 3636
2329 1665 3634
749 1214 3634
132 1810 3632
3865 2737 3632
2798 1876 3626
1432 2309 3626
4285 2087 3618
4352 2539 3618
4376 772 3618
2180 1914 3614
4646 3048 3608
2979 1703 3608
269 2258 3608
3967 1900 3606
3426 3126 3606
4235 2239 3600
3852 601 3598
6 1187 3596
258 2397 3596
2508 2433 3580
3340 1228 3580
446 1681 3578
4193 2710 3576
90 1549 3576
2302 1407 3570
959 1925 3570
1718 1720 3570
4027 2660 3568
4659 3199 3568
371 431 3568
3943 951 3566
1372 1757 3566
1972 2893 3566
4713 378 3566
3263 3042 3566
2057 911 3564
801 696 3562
2678 999 3560
3581 2395 3558
651 1168 3558
3736 2595 3556
3520 19 3556
4823 790 3556
754 2192 3554
1114 2519 3552
4690 2013 3552
4218 462 3552
4139 1890 3548
1415 83 3546
1744 2497 3538
1061 819 3538
1085 1340 3536
2804 3210 3532
4569 2804 3532
2628 2561 3532
1352 2948 3530
2434 1865 3530
1101 2817 3530
4565 2854 3530
338 2152 3526
1971 1107 3526
4916 3223 3526
4694 68 3524
3403 3122 3522
2167 1318 3522
531 2576 3522
3021 2812 3522
2612 786 3520
2332 2544 3518
2122 460 3516
2950 2609 3512
1260 3121 3510
3970 2642 3508
4949 2164 3506
3607 2215 3504
2652 1655 3504
4369 1689 3502
5000 2994 3498
1989 1732 3494
1917 3072 3494
2351 634 3492
2970 1475 3486
3870 2688 3486
1526 1412 3484
2738 1125 3482
3331 2408 3480
1788 2709 3478
3372 1944 3474
4322 2934 3474
3169 3095 3472
4468 956 3468
3958 2289 3468
4924 1094 3464
1488 1782 3460
3408 2770 3458
2187 1441 3456
4300 369 3454
3150 3192 3452
121 1184 3450
679 3256 3450
645 2572 3450
3257 285 3448
3948 1189 3442
1581 467 3440
1399 2297 3440
884 1596 3438
3225 2951 3436
2181 3110 3436
881 2314 3434
1688 583 3434
2141 1796 3432
2507 2055 3424
2007 2126 3420
2003 1659 3418
2538 275 3416
4426 2347 3414
275 1885 3412
1165 1091 3408
3944 3099 3408
293 2847 3404
1362 3184 3400
274 2189 3400
613 1310 3398
1535 2608 3398
1368 1327 3396
2539 2793 3396
1989 2129 3394
1951 1868 3394
1867 2164 3386
384 2564 3386
2798 894 3384
1847 2468 3384
1141 2509 3378
2599 1307 3378
2651 3189 3376
3593 2464 3376
2405 2454 3374
3518 3158 3372
1838 202 3372
20 3071 3372
4086 2460 3372
3070 2588 3370
2327 2743 3370
4920 2946 3368
40 429 3366
4839 2415 3366
1431 2756 3364
2865 499 3364
2947 492 3362
3133 1821 3362
984 2590 3360
4229 2106 3360
4099 2213 3354
3841 1905 3352
1181 1351 3352
1241 1327 3350
4373 828 3348
3299 827 3348
671 1411 3344
210 2030 3340
297 504 3338
1725 990 3336
1027 2035 3336
1451 2755 3334
451 1799 3334
377 1248 3332
3814 3203 3332
867 3197 3326
4483 83 3324
4638 1188 3320
669 1528 3320
3626 1592 3320
1450 3056 3314
1782 3303 3314
1265 2653 3310
734 2595 3310
3199 1420 3308
1307 2102 3306
1284 3316 3304
139 682 3298
3751 1812 3298
4043 3259 3296
2511 632 3292
168 605 3288
2709 3338 3284
4193 2707 3282
619 717 3280
2144 1743 3280
4695 3040 3278
922 2527 3276
3522 2788 3274
2062 2000 3272
4659 2870 3272
3936 2460 3270
2429 3340 3270
2848 2004 3268
2896 2921 3268
1465 1063 3268
3849 2985 3262
3044 2247 3260
318 2418 3254
4519 1661 3252
2136 2936 3252
1877 1295 3246
2432 1920 3242
1269 868 3238
4809 2443 3236
1934 3072 3236
1625 3349 3236
1617 3084 3232
4313 2324 3232
3077 3013 3230
2965 2686 3230
137 2108 3228
1288 1952 3226
2902 1690 3224
217 2490 3224
2158 3379 3222
4664 3074 3222
1833 1040 3218
4555 24 3218
981 364 3218
1063 1364 3216
2648 1653 3216
2659 1532 3214
3767 841 3208
2874 849 3208
1507 1599 3206
4057 727 3204
1570 1515 3204
4944 3372 3202
1578 1695 3200
2384 2250 3200
244 1490 3198
3120 546 3196
1437 975 3196
3799 2073 3192
2755 1296 3192
4801 2518 3188
751 3136 3186
1397 2335 3180
4597 3369 3176
4372 175 3174
4619 1262 3174
4764 3291 3172
3200 2487 3172
36 663 3172
1749 881 3172
946 3147 3166
1607 2296 3164
1269 1851 3164
2413 2157 3162
586 2435 3162
2103 530 3158
1641 1755 3158
336 1685 3156
1376 2753 3156
495 1004 3156
3668 3298 3154
916 3004 3152
139 2629 3150
2660 1346 3148
2056 2945 3148
473 2517 3146
4409 2918 3144
2107 3252 3144
1729 1129 3142
4103 1539 3140
4516 181 3140
4725 2041 3134
681 2678 3132
4110 3049 3132
1840 2857 3130
111 3266 3126
4993 2952 3126
2430 2084 3126
310 1855 3126
2877 1014 3124
1205 3251 3122
4040 2992 3116
625 3263 3116
1990 3054 3116
4902 968 3114
2673 262 3114
4093 3231 3114
1713 3418 3114
4928 2391 3112
1976 1648 3112
1895 1869 3112
1024 1482 3110
4822 2531 3110
1329 2187 3108
3775 2825 3104
4560 3137 3098
710 1353 3098
2195 1451 3096
1728 933 3096
3613 3275 3092
776 2323 3088
2807 54 3088
3405 785 3086
1367 1139 3086
1996 2097 3086
3672 1353 3078
3174 3363 3078
4525 1645 3074
1970 3110 3072
4209 458 3072
4622 3246 3070
3169 302 3068
2935 100 3068
1159 2497 3066
2 1092 3066
1062 421 3066
4748 2999 3062
132 3221 3062
2209 2511 3060
2857 3095 3060
4949 1991 3060
917 2144 3060
3059 1812 3058
2759 3360 3058
1154 3290 3058
3173 1635 3058
1873 3097 3056
1409 2662 3052
3926 2857 3050
1537 3206 3048
286 3429 3046
3017 1231 3046
3362 2360 3046
632 2755 3046
2067 2941 3044
3084 1367 3042
2025 2394 3042
720 3258 3040
3661 3364 3036
1843 2185 3036
351 1625 3036
4260 1842 3034
4201 216 3034
2221 2317 3032
1714 1977 3032
1747 830 3032
2091 2091 3030
1950 2963 3030
3569 2892 3030
2815 2403 3028
2333 183 3026
2781 2962 3024
2463 3221 3024
2305 2625 3020
2827 3011 3018
3253 1984 3018
1797 2304 3018
4958 2759 3018
529 2753 3014
1726 1186 3014
3647 2306 3014
67 3290 3008
3184 3047 3006
3466 3076 3006
3581 3027 3004
807 1611 3002
3117 2380 2996
2435 2217 2992
4992 3299 2992
1909 2934 2992
1320 2039 2990
888 998 2990
3946 2763 2986
1980 3166 2982
3975 2853 2982
4966 950 2982
2406 3240 2976
2924 1883 2972
231 3308 2970
740 1548 2968
2418 1849 2966
3091 949 2966
4575 2209 2966
3746 766 2962
1663 3453 2962
4916 3219 2958
652 422 2956
779 1363 2954
3150 2167 2954
2694 3496 2952
3778 2728 2952
4496 2587 2952
3472 1516 2948
884 218 2946
509 3279 2946
2718 101 2938
4999 1928 2936
2272 218 2932
2518 3458 2932
170 2293 2930
3079 2062 2928
2177 1817 2928
4615 635 2926
3903 2019 2926
997 2276 2922
246 2080 2922
1947 1788 2920
2501 1054 2914
2913 143 2914
145 2968 2912
2126 3381 2908
2698 1217 2908
318 348 2904
4060 1591 2904
4187 2677 2902
3529 1844 2902
77 914 2900
3565 3183 2898
3173 2749 2898
3944 2229 2898
118 2118 2896
847 2781 2894
742 3526 2892
202 3549 2892
4435 521 2892
674 1890 2892
3041 636 2892
2221 2127 2890
2079 2888 2890
4849 1234 2888
828 1528 2888
2481 2192 2888
1827 1076 2886
2082 1008 2886
4645 3261 2886
2219 1735 2884
1079 1624 2878
1751 3023 2878
249 438 2876
83 2736 2874
3275 1943 2870
4895 1706 2870
2222 2760 2866
419 2320 2866
1775 2702 2864
898 2703 2864
1447 2654 2862
3613 2884 2862
69 1261 2862
2222 1998 2858
3748 3252 2858
4326 2630 2856
2494 2269 2850
4821 3114 2850
2445 2460 2844
3724 1405 2844
3715 3128 2840
707 1898 2838
4363 2285 2838
3270 302 2838
1550 586 2838
1958 3519 2836
2282 1632 2834
1442 1701 2834
2579 1221 2834
1219 3305 2828
700 2066 2824
181 3328 2824
3458 3044 2824
1708 2266 2822
2057 2763 2818
1155 1813 2816
1452 2951 2812
3429 2411 2812
1072 2950 2812
3014 3287 2810
3469 3085 2810
3470 137 2808
1270 2906 2808
3171 2620 2808
4487 3488 2808
1621 2767 2806
2724 1220 2806
4088 3178 2804
2199 3005 2804
3675 2369 2802
4027 2202 2802
3202 1576 2802
1752 2396 2800
112 1828 2800
4138 502 2800
3022 821 2798
4104 1195 2798
2612 3324 2796
241 1350 2794
642 1927 2794
4082 2048 2790
429 1761 2788
552 2119 2786
2900 2633 2786
993 3215 2786
181 3311 2786
4513 378 2780
3260 1007 2780
2448 3057 2774
2010 2051 2770
2433 2895 2768
2170 251 2768
4077 1344 2766
2548 1574 2764
734 2539 2762
1976 2116 2760
158 3400 2760
4882 3480 2760
789 2223 2758
1955 1517 2756
27 1788 2756
4879 3578 2754
2512 2506 2754
3384 1178 2754
1836 3397 2754
3111 2671 2752
4630 2801 2752
3957 2434 2752
3625 1120 2748
4957 3313 2748
3321 2985 2742
2660 3468 2742
2829 3013 2742
2452 2390 2742
2700 2918 2740
2839 2509 2740
3533 325 2740
967 296 2738
1809 95 2734
2288 3183 2734
459 2169 2734
1537 3009 2730
4373 2059 2728
3788 3557 2728
870 559 2728
2861 1931 2726
3274 2809 2724
1022 1723 2722
3626 3545 2720
2392 3633 2718
68 3623 2710
1073 227 2710
2348 2548 2708
4081 915 2708
1510 1297 2706
4475 3352 2706
1127 3486 2704
1063 3258 2702
1142 3456 2702
305 1169 2700
3188 2875 2700
598 3339 2698
3535 3378 2698
3325 2207 2696
2131 1514 2696
3567 3166 2694
2915 3042 2694
1574 2935 2694
1741 3308 2694
505 2951 2694
4615 41 2692
3946 2391 2692
752 3190 2690
2948 3427 2690
4286 269 2680
4839 2859 2680
3471 1252 2680
3964 3602 2680
4947 422 2678
2192 456 2678
3152 1831 2678
3039 2848 2674
2713 1304 2674
4671 2643 2674
375 3004 2674
1262 2298 2672
1272 1921 2672
3977 206 2672
3625 3046 2670
2148 2335 2666
4796 1437 2666
2565 847 2664
832 1178 2662
1220 2301 2662
1551 3522 2660
180 815 2660
3615 1666 2658
1782 1709 2656
648 912 2656
805 2860 2656
2902 986 2654
1494 2031 2654
1088 3489 2654
787 2645 2652
2792 2840 2650
2447 1324 2650
894 2564 2650
606 121 2648
4288 2287 2648
2001 523 2646
4305 2725 2646
2751 2537 2644
3195 760 2640
3096 3434 2640
3631 341 2636
1926 195 2632
4036 2775 2628
3747 2785 2624
948 3226 2624
3219 3400 2620
1515 1725 2618
2355 3554 2614
382 3467 2614
328 1112 2614
2384 3437 2614
3495 2918 2612
17 1147 2612
2007 1275 2610
2680 2420 2606
1592 3002 2604
4179 152 2604
1335 2450 2602
3571 1019 2602
3620 134 2602
1929 3272 2600
3695 2680 2600
3678 3483 2598
567 3422 2596
3598 775 2594
3466 3701 2592
4236 2422 2590
969 3599 2588
1389 3636 2586
974 1434 2586
4961 2521 2584
3900 1379 2582
1394 3569 2582
4699 2532 2582
4091 2107 2576
2009 1180 2576
631 3548 2574
455 1481 2572
4282 3577 2570
970 2455 2570
4219 2570 2570
4002 3101 2566
83 2262 2564
3811 693 2564
3320 2956 2564
2895 3519 2564
4476 3293 2564
675 524 2562
2044 3195 2560
4378 2478 2558
3473 3190 2558
2931 1087 2556
1616 3136 2554
1286 1036 2550
3897 3702 2550
480 2365 2546
4481 3172 2546
4672 1987 2544
2902 1634 2542
2205 1909 2542
3862 228 2540
4192 2804 2536
4191 349 2536
3586 2770 2536
2716 1615 2536
4612 2893 2536
1698 2006 2534
2383 928 2534
1016 1777 2532
3046 1158 2532
2153 2152 2532
3802 3443 2530
3152 1200 2530
1093 3195 2530
2616 1790 2528
4380 1863 2526
1665 3010 2524
3513 1825 2524
1965 890 2524
4806 3198 2522
1720 2438 2522
4106 3584 2520
4787 396 2518
532 3244 2518
1835 3690 2516
1608 2646 2514
22 2948 2506
320 266 2506
1874 1545 2504
4417 2753 2500
1529 2585 2498
3964 3298 2498
4739 3554 2494
688 3200 2492
4868 1107 2490
91 2322 2490
3425 3023 2488
4977 1178 2488
634 2628 2488
755 3238 2488
3202 3392 2486
1092 3548 2486
2805 3486 2486
1923 3308 2486
4044 1543 2484
4390 2960 2484
3429 1029 2484
1374 2199 2482
3136 2541 2482
1855 3706 2478
1777 3310 2478
1371 2748 2478
799 3141 2476
1764 3679 2474
2993 1179 2472
4085 1119 2472
1078 2412 2472
2638 1664 2468
2093 598 2468
4691 1543 2460
4553 1293 2460
4813 1710 2458
3763 2084 2456
2021 469 2454
2040 1797 2454
3092 3715 2450
426 3674 2444
3643 3684 2442
2384 2736 2442
2192 2553 2440
1466 1541 2436
2098 786 2436
4495 1093 2434
3638 3314 2434
2706 1832 2432
2109 809 2432
3824 3238 2430
4607 1574 2430
1801 3408 2430
1753 3680 2428
2167 1420 2426
3090 2711 2426
3748 658 2422
4746 2792 2422
985 3411 2422
920 3487 2422
1142 3138 2422
1988 1197 2422
1421 2331 2420
3215 2319 2420
2952 3675 2418
3764 2347 2416
4852 2456 2414
4859 3739 2414
2281 2522 2414
2653 2928 2410
205 2831 2408
779 3034 2406
4168 2110 2406
815 2741 2406
3274 2944 2406
2939 3156 2404
1547 2132 2404
1262 1760 2402
3637 3454 2400
39 3178 2400
257 2829 2400
4995 3398 2400
4058 3058 2400
3604 3799 2398
252 2913 2398
3102 730 2396
1282 3753 2392
152 3591 2390
3164 2634 2390
2337 3787 2390
2316 2519 2388
131 1218 2388
1362 1590 2386
4429 2885 2386
574 655 2386
1213 1947 2386
3115 2572 2384
2440 1561 2382
609 1938 2380
713 3585 2380
3202 3601 2380
4009 3431 2378
2495 2944 2376
2158 1486 2374
2584 2501 2372
4310 2206 2370
880 3143 2366
3857 3408 2364
4514 2189 2362
2656 460 2360
966 765 2360
955 1203 2358
3579 2471 2358
1027 1078 2356
2389 3809 2352
202 3614 2350
4542 3591 2350
2618 3127 2348
1537 3473 2346
4999 3177 2344
1005 1657 2344
3920 3490 2342
2452 1925 2340
4340 3112 2338
4076 1726 2338
2014 630 2336
3100 1 2336
4846 3147 2334
4308 2673 2334
3551 3827 2334
974 2212 2328
2987 3119 2324
1221 3529 2324
291 3342 2324
1884 733 2322
4977 2212 2320
4516 1132 2320
729 3732 2320
1833 2690 2318
4686 939 2316
651 2711 2316
4059 1703 2316
4043 3494 2316
289 2124 2314
259 268 2314
3336 2612 2312
3453 456 2310
2674 1584 2310
4346 595 2310
4862 1746 2308
1426 644 2306
4649 1202 2306
3985 716 2304
1386 2227 2304
443 3666 2304
1447 2511 2302
175 2959 2302
1008 3182 2300
4237 297 2300
479 3024 2298
670 1407 2298
4675 2949 2296
356 3240 2296
2646 3308 2294
2049 1607 2290
908 55 2290
4070 2902 2290
381 1109 2284
4181 375 2284
2131 3658 2282
3646 2301 2282
1980 2646 2282
1943 1983 2282
1042 2083 2278
2773 1888 2278
3215 711 2278
1397 1024 2274
1657 1985 2274
342 1856 2272
277 2561 2270
1328 365 2268
3953 3167 2268
4211 3418 2264
2185 1881 2260
875 457 2256
1473 1068 2254
4322 2716 2252
4662 3437 2252
3308 991 2250
1326 3626 2250
654 1839 2250
1869 3549 2250
2819 3660 2246
4299 665 2246
1135 3861 2246
4302 2311 2244
3252 2134 2240
1615 3356 2240
553 1805 2240
2596 3319 2238
4612 2881 2238
4851 3072 2238
1694 3477 2234
677 2496 2230
2650 3810 2230
2391 3545 2230
322 3623 2230
4772 2819 2226
863 3736 2226
129 3149 2226
4256 3225 2226
3409 2791 2224
1804 3224 2224
2874 1955 2218
1965 3859 2216
2633 3057 2214
782 3730 2214
2587 1354 2214
3126 2442 2210
4998 3675 2208
524 231 2206
1349 1752 2206
1435 1377 2204
3999 2273 2202
2033 3543 2202
557 3864 2202
3368 3641 2202
4844 2735 2202
771 1108 2200
2500 1065 2200
3380 3612 2196
3117 2955 2196
150 3010 2196
358 3429 2196
4280 3267 2194
2170 1157 2190
1249 3325 2188
4780 3487 2184
3168 1514 2184
4367 3681 2184
1549 3604 2182
4469 3439 2178
1694 2663 2178
4863 733 2176
3096 3854 2176
1137 1871 2174
785 3540 2174
115 2931 2174
2489 1014 2172
3555 2309 2172
3838 1335 2172
273 2825 2170
1880 31 2170
2003 2939 2170
699 3532 2168
1942 794 2168
1796 2963 2166
2964 1488 2164
3458 941 2164
3789 3356 2164
671 434 2160
1900 1258 2160
3024 1960 2156
3167 956 2156
4781 1410 2154
3658 859 2152
137 3247 2150
2262 331 2150
1240 3620 2150
816 3733 2150
3911 3618 2148
4769 2182 2148
4103 442 2148
375 3329 2146
3183 151 2146
4661 1826 2142
421 3791 2142
310 3906 2138
276 623 2138
4241 3062 2136
1876 1705 2134
3015 3043 2126
460 3635 2126
4568 2768 2124
3059 1327 2124
2230 875 2124
302 3789 2122
2959 2679 2122
4825 995 2120
1322 3777 2118
3804 2818 2116
3204 695 2116
3074 2947 2114
4582 2295 2114
1127 236 2110
4595 3821 2110
1206 1117 2108
508 1661 2104
807 479 2104
639 1976 2102
1742 215 2102
2412 1585 2102
1424 3113 2100
2179 1567 2100
3538 2708 2100
3967 3392 2100
2230 2774 2098
148 1924 2098
2485 2921 2094
3549 1942 2094
3870 2937 2092
3659 2703 2092
675 1084 2090
2645 3001 2088
409 657 2086
1418 614 2086
3924 3171 2084
4734 1526 2082
276 2233 2082
4768 3503 2082
727 3216 2080
1748 1102 2078
1960 2964 2078
2080 3834 2078
1973 1547 2078
2108 3733 2076
2489 2602 2074
697 3574 2074
665 1070 2074
982 2269 2074
3822 3927 2072
2857 2407 2072
4681 3270 2070
3851 313 2068
3068 2609 2066
1781 3922 2066
2890 3479 2064
4978 1165 2062
2749 3812 2062
2807 543 2062
4895 3279 2060
1005 2901 2060
2052 2420 2060
1577 2414 2058
4314 1270 2056
4583 768 2056
3818 3899 2056
4787 3882 2056
4901 3835 2054
261 3912 2054
3578 2298 2054
1187 3387 2050
2531 1052 2044
1986 1479 2044
2289 2771 2042
4395 3146 2040
4367 1786 2040
1707 2642 2040
2186 542 2040
3053 2873 2040
3935 980 2038
2430 1708 2036
2150 3775 2036
3735 1037 2034
4195 887 2034
1425 1804 2032
3637 2506 2032
2533 3402 2032
238 725 2030
3214 3965 2026
1786 3906 2026
104 413 2026
3481 2516 2026
1588 2643 2024
3910 3375 2024
324 548 2022
1295 2113 2022
3117 1008 2022
4153 2076 2020
2196 776 2020
4458 2902 2018
2467 1616 2016
1597 3726 2016
4917 3842 2014
711 2300 2008
3596 1063 2006
3960 3916 2006
2961 1751 2004
722 3612 2002
1875 3562 1998
830 2054 1998
3645 1970 1996
2683 3840 1996
3748 521 1994
4665 2283 1992
3529 3784 1992
774 3800 1992
3133 3544 1992
2415 1528 1990
3140 1914 1988
1513 3337 1982
498 2854 1980
2199 1743 1978
4644 3914 1976
2105 3621 1976
2138 2969 1976
324 1058 1974
3115 3810 1974
2269 1359 1974
1162 1870 1968
3433 1955 1968
2210 3762 1964
1337 1924 1962
3694 3149 1956
4705 2063 1956
3296 254 1952
4026 906 1952
451 3609 1952
708 1433 1952
3530 3529 1952
934 36 1950
1635 1029 1950
315 3715 1948
2492 2058 1942
4259 4019 1940
4898 1625 1938
2382 1256 1938
772 291 1934
4067 2449 1934
1621 2671 1934
3513 1057 1932
4565 2132 1930
271 3787 1930
15 3292 1928
1911 1799 1928
4331 3831 1928
870 3234 1926
219 350 1924
2980 3753 1920
575 3414 1916
2017 2993 1912
2745 3318 1910
546 656 1908
3990 2023 1908
16 2254 1908
797 3331 1906
373 3505 1906
3326 1715 1904
3481 3796 1902
2035 3502 1900
4475 3597 1898
1696 3553 1896
782 2132 1894
4763 3858 1890
755 3332 1888
4084 906 1888
2063 3597 1884
4408 3406 1884
3955 3479 1882
560 3745 1880
4607 3729 1880
134 1486 1880
2825 3288 1876
71 947 1872
781 3724 1870
3068 3800 1870
1414 2100 1868
2010 1704 1868
786 3294 1866
1679 2899 1866
2765 2445 1864
2600 2459 1864
4321 518 1864
3036 746 1862
3849 1585 1862
1356 2712 1862
4617 2025 1860
2006 2201 1858
2545 3935 1856
3339 2276 1856
3714 3983 1852
1149 1770 1852
1321 3512 1850
3866 882 1848
753 3412 1846
3970 2269 1844
2996 136 1844
2294 3980 1842
2501 2820 1842
3885 1686 1842
2640 3085 1840
2714 1884 1836
4968 3398 1836
3306 897 1834
952 1927 1834
4105 2735 1834
1222 1461 1834
1728 406 1832
2811 1093 1830
529 2308 1830
930 3330 1830
1428 1531 1828
3340 842 1826
2744 4002 1826
4410 3888 1824
2228 2277 1820
1594 3050 1820
2853 1586 1818
3408 3803 1818
295 2181 1816
486 1686 1814
2573 305 1812
2312 3643 1812
2142 1012 1812
3681 3247 1810
4892 3262 1810
1584 2510 1808
4568 3887 1808
497 3815 1808
266 2283 1806
2463 3515 1802
4943 1040 1802
1035 2659 1802
4183 3099 1802
1092 1237 1800
3019 3944 1800
4617 2957 1800
3224 3665 1798
353 3762 1798
4502 2448 1796
814 2091 1796
3960 2121 1794
856 3967 1794
681 3854 1792
1754 3872 1790
1952 4034 1790
1393 3062 1788
2516 4027 1788
3923 3519 1786
2608 4081 1782
601 3592 1782
2471 3515 1780
22 1562 1780
4524 3474 1780
2823 4034 1780
2954 2603 1780
419 4053 1778
2094 2072 1776
696 2621 1774
206 2343 1770
3121 1530 1770
1561 1251 1770
3251 3457 1764
1016 1402 1762
1699 912 1762
1247 900 1762
2360 2521 1760
4284 3379 1760
3503 3085 1758
3307 321 1758
2075 2542 1758
1975 2555 1758
2264 1793 1756
1081 2356 1752
3195 2032 1752
298 625 1752
3059 4059 1752
1588 3714 1750
3655 1937 1750
2966 3435 1750
2176 3809 1746
4985 2781 1744
1794 3069 1744
4056 908 1742
4700 3905 1742
3709 3421 1740
973 3834 1740
4255 4061 1736
1822 2681 1734
3818 2383 1730
3531 2994 1730
3794 3622 1730
1269 4010 1728
269 3735 1728
3325 3540 1728
1987 4120 1726
1089 2318 1722
4737 2586 1722
203 2472 1722
2050 3048 1716
1633 4084 1714
1767 711 1714
2418 3521 1714
1493 3374 1712
4840 2292 1712
3038 3796 1710
1143 345 1710
886 3744 1710
2322 2747 1710
2657 2484 1710
1672 1665 1710
365 1856 1708
4337 3010 1708
2687 3351 1708
3562 1103 1706
3649 3005 1706
2532 1562 1706
2178 2111 1700
126 3097 1700
3649 1047 1700
233 3497 1700
3333 1625 1698
2146 3935 1698
95 4108 1696
1466 4072 1694
2649 2773 1694
4633 18 1694
1501 2691 1692
1312 22 1690
1785 1946 1688
4206 3635 1688
862 4028 1688
621 3704 1688
398 1282 1686
2885 2160 1686
4443 3755 1684
2533 1488 1682
1316 3167 1682
869 3991 1678
308 3626 1676
2400 3948 1676
1834 2034 1674
2112 247 1674
1305 1932 1672
314 3790 1670
980 1905 1668
2728 138 1668
769 1683 1668
4659 470 1666
2730 284 1666
3400 2630 1666
1471 3222 1664
4474 2570 1664
4715 3842 1662
4846 3064 1662
4780 813 1662
2897 3111 1662
4690 1456 1660
713 3743 1660
1931 3216 1658
661 364 1658
2891 3551 1656
1475 1059 1656
75 2229 1654
3492 175 1652
4991 2653 1652
964 4044 1652
3879 3633 1652
904 3772 1650
3074 1912 1648
3383 2727 1648
1913 1481 1646
2799 4047 1644
2193 3813 1644
1518 1243 1642
2648 1533 1640
4083 1926 1640
2419 597 1638
342 3880 1638
960 4155 1638
2265 3011 1638
1855 2400 1636
2528 4109 1636
63 3648 1636
2144 3351 1632
4050 434 1632
664 1482 1630
2234 3182 1630
4506 3979 1630
1383 2003 1630
4264 4048 1628
3417 509 1628
3155 2369 1628
160 3682 1626
1039 4085 1624
1454 2140 1624
1099 3884 1622
3609 3504 1622
2685 3472 1622
1982 3237 1618
4426 631 1618
329 2142 1618
3660 3546 1618
2378 3917 1616
3191 3959 1616
1756 2040 1614
2396 1647 1614
4363 2953 1610
3359 1568 1608
1703 2178 1608
3878 2887 1606
1959 758 1606
1883 3765 1604
2056 2878 1602
64 1823 1602
4968 4064 1602
3831 1597 1602
4693 3370 1598
4289 4176 1598
578 1711 1594
4907 2065 1592
4394 3847 1590
1313 3633 1590
4133 2365 1586
2836 3568 1586
1476 1464 1584
1125 1761 1582
4459 2522 1582
1752 1173 1580
1901 1386 1578
2928 1645 1578
1803 3355 1576
994 3098 1574
4929 2693 1572
3824 958 1572
2991 4013 1570
3163 1468 1570
4967 4077 1568
4578 3494 1568
836 4096 1568
4714 4053 1566
3033 2271 1566
1763 3771 1566
4827 1707 1564
2893 2094 1562
3957 3987 1562
2773 3665 1560
1342 3958 1560
3967 3549 1558
4773 204 1558
4844 4099 1556
1806 1299 1552
2913 4086 1552
906 3708 1548
2798 3811 1546
1080 3593 1546
4286 3821 1542
649 570 1542
4158 3258 1542
2835 4164 1540
1162 2744 1538
1128 1459 1538
1399 3925 1536
352 447 1534
3316 3289 1532
1834 2337 1530
3417 3743 1530
1491 80 1530
776 1795 1530
1452 97 1528
3829 2822 1528
1358 2061 1526
4151 2038 1522
2391 3945 1522
4517 2469 1522
2119 3951 1520
1892 3481 1520
2129 3676 1518
1500 3274 1518
1180 208 1518
605 3231 1518
3535 1522 1518
1281 2765 1518
945 3477 1514
36 3228 1512
4718 2121 1512
1418 1493 1510
1955 1143 1510
3226 2243 1510
1737 1378 1508
1115 3649 1508
3023 4163 1506
1701 4161 1504
2496 4190 1504
1947 2464 1500
3475 1830 1500
547 1183 1498
99 4085 1496
3930 2047 1496
1633 3512 1496
3595 3255 1496
3915 2132 1494
4750 3813 1494
4805 784 1494
1329 2568 1494
2340 2078 1492
1291 3282 1492
1854 2818 1490
2025 3373 1490
2449 4100 1488
2632 1453 1486
3648 3187 1484
4303 2798 1482
1745 3383 1482
901 3817 1480
1282 4039 1478
2562 2982 1478
4897 2835 1476
2565 4112 1476
4243 2460 1476
4392 3290 1474
264 612 1474
1141 2891 1474
1963 4230 1470
3692 3772 1468
4355 4103 1468
4690 3692 1466
3801 3776 1464
2604 4211 1462
3822 4262 1462
4457 780 1458
2993 187 1458
1575 3293 1456
1702 3736 1456
4808 3354 1456
3521 3851 1454
1575 975 1452
4584 110 1452
4492 1230 1450
624 3695 1448
4384 3994 1448
3800 3916 1446
3325 4091 1444
2766 2171 1442
1117 2785 1442
3922 1807 1442
2875 3257 1440
1800 3115 1440
3582 3522 1440
1316 4190 1438
3238 3661 1438
3014 3347 1436
3598 3163 1436
1928 3646 1436
4277 1308 1434
96 2726 1434
1483 1626 1434
2243 3903 1434
4842 4224 1432
810 1603 1430
352 3719 1428
4772 2920 1426
2950 4194 1422
936 2567 1422
4295 3735 1422
4446 3125 1422
4938 3078 1418
3813 1493 1416
3050 751 1416
874 3674 1416
2620 3626 1414
3699 1833 1414
2577 4050 1412
2844 3952 1412
3560 969 1412
1187 2647 1412
3354 963 1410
4022 2367 1410
115 1048 1410
4838 863 1408
1716 2909 1406
1949 198 1406
827 3678 1406
68 3848 1404
2934 3838 1404
2295 3979 1404
4450 45 1400
3242 268 1400
764 2434 1398
1944 2836 1398
303 3002 1396
2698 1459 1396
2269 4263 1396
2944 2994 1394
236 1795 1394
2659 232 1392
722 4124 1390
3774 3967 1388
3375 2287 1388
4438 502 1388
1711 3548 1388
555 707 1386
4955 4106 1386
2350 1113 1386
4493 3464 1384
2578 3152 1382
3653 1395 1380
3126 3828 1380
400 3548 1380
1256 515 1378
4866 3604 1378
4475 3914 1378
4777 3354 1378
3566 2190 1376
3448 1412 1376
4962 658 1374
112 509 1370
2548 2078 1370
973 4279 1370
3648 3526 1368
941 3489 1368
411 1309 1368
1433 4244 1366
189 2432 1366
2069 3911 1366
2927 3657 1366
9 1082 1364
2846 1534 1362
2756 4066 1362
3196 1409 1360
3041 3475 1358
674 3342 1358
4144 1121 1358
1183 3272 1354
13 2510 1352
666 4276 1352
3516 2302 1352
4978 4151 1350
3398 17 1346
4897 2322 1346
1422 2047 1346
3332 2338 1346
4345 3885 1344
4970 3479 1342
4233 3951 1340
1646 4316 1338
453 1527 1336
3656 3263 1334
2755 3840 1334
492 3928 1332
3823 3863 1332
333 3539 1330
4296 3780 1328
560 4261 1326
1962 3715 1326
3388 1484 1326
2768 2617 1326
2725 556 1324
2350 2700 1324
218 3644 1320
500 2573 1320
4090 2297 1320
3506 2962 1318
473 1787 1316
1661 2800 1316
1069 1785 1316
3845 2491 1314
4507 2213 1310
2023 3398 1308
472 739 1308
1504 972 1308
2350 1988 1306
221 3243 1306
908 3884 1304
1973 2769 1304
806 757 1302
3758 2420 1302
1900 2992 1302
4711 3416 1300
2024 975 1298
4967 4037 1296
3695 1216 1294
3766 2124 1290
937 1384 1290
3472 2891 1290
2441 3203 1288
4660 409 1288
125 277 1286
1841 4154 1286
2653 2354 1284
3191 1449 1282
3479 1927 1282
2248 2007 1282
2143 3865 1282
376 4202 1282
206 916 1280
60 2057 1280
4223 4356 1278
2570 3914 1278
1295 3030 1278
2963 4217 1278
1612 1780 1278
1795 3662 1278
3667 4072 1276
1668 4008 1274
366 2945 1274
1825 3197 1274
1323 3023 1274
3865 3743 1272
2230 3699 1270
3052 2409 1268
4140 2101 1266
3206 3032 1266
2517 3018 1266
398 2100 1262
3606 4152 1262
4099 4041 1262
1645 4148 1262
3802 4340 1260
67 4097 1258
3206 3775 1258
3752 553 1258
3090 3208 1258
2164 3352 1258
3422 1797 1258
1712 3573 1254
4810 3607 1254
151 3852 1252
1848 3028 1252
924 632 1252
4510 3711 1248
233 3483 1248
3372 3540 1246
20 3704 1246
4154 1980 1244
974 3572 1240
23 3527 1240
665 3765 1240
2861 4283 1240
4350 3759 1238
2541 3792 1236
1566 4145 1236
2664 624 1236
2567 911 1234
23 4325 1232
2352 2490 1230
2161 3418 1230
3859 4250 1228
3310 662 1228
1381 3940 1228
2686 935 1228
948 3453 1226
2232 3117 1226
3558 2470 1224
3586 118 1224
3848 4114 1222
1695 4146 1222
2167 216 1220
377 180 1220
3836 3435 1220
2882 1167 1218
2049 3974 1216
4200 3966 1216
3679 4300 1216
111 1794 1214
2648 3398 1214
4369 2874 1212
2491 4256 1212
2207 4070 1212
1277 4287 1212
2582 3421 1210
4551 3721 1208
367 3189 1208
1844 4344 1204
1539 3713 1200
1630 3661 1200
1972 733 1198
1443 2478 1198
1647 4376 1196
3118 3760 1196
4542 4143 1194
3715 4065 1194
2539 3826 1194
4008 3579 1194
3420 3461 1194
425 3094 1192
2523 3976 1188
736 3035 1186
4606 1445 1186
3913 4346 1184
3928 3711 1184
1590 4258 1182
2715 3233 1180
4069 3546 1178
152 4101 1178
2344 4118 1178
4853 1406 1178
4180 4004 1176
193 3803 1176
4010 2983 1174
1970 4262 1172
3705 4025 1172
1300 2741 1172
4070 2503 1172
4032 1311 1170
322 2986 1168
4989 4356 1168
1225 4063 1166
616 3165 1164
3338 324 1164
4963 4178 1162
964 4328 1162
2472 4409 1160
4639 3688 1160
1941 3950 1158
3051 4311 1158
3098 1327 1156
2041 2109 1156
4522 1892 1156
186 2624 1156
266 650 1154
2518 3644 1154
629 3851 1154
735 4156 1152
3006 1878 1152
1118 2560 1152
70 2272 1150
3172 3302 1150
4572 3231 1148
1322 4251 1146
1223 3622 1144
424 3708 1142
831 4325 1142
1914 1274 1142
1126 3713 1142
112 3307 1140
48 2923 1140
2786 2096 1140
2480 3978 1138
3586 1773 1138
1622 4083 1138
2362 4154 1136
647 1492 1136
812 4257 1132
2834 652 1130
2962 2083 1130
15 3307 1130
3325 3132 1128
1344 4150 1128
4799 3696 1126
4510 2593 1126
2717 4107 1124
699 3701 1124
1609 4334 1124
2373 3466 1124
2943 1173 1124
423 1634 1124
1772 4015 1120
1869 1816 1120
320 4357 1118
3561 3773 1116
2100 4288 1116
2000 3806 1112
4259 3545 1108
3991 978 1108
2832 4186 1106
3910 1083 1106
4508 1013 1106
4824 795 1104
517 3807 1104
2931 1923 1104
4282 3989 1104
2044 2696 1104
3470 4053 1102
2156 3987 1102
4879 2891 1100
375 1344 1100
2082 2912 1100
2888 3262 1100
2998 1773 1100
4984 4353 1098
4897 3503 1096
4201 2866 1096
2339 4217 1096
2080 2952 1094
423 2094 1094
619 2461 1094
4488 4061 1092
1718 3384 1092
3155 3225 1092
3918 3870 1092
2252 3065 1092
2647 2423 1090
1361 3439 1090
4705 3470 1090
839 1884 1090
4275 4253 1090
4504 4384 1088
4638 911 1088
530 2905 1088
2413 2072 1086
1823 635 1086
1992 610 1086
1064 4185 1082
1423 283 1080
4895 3714 1080
1505 3066 1078
3742 94 1076
977 4014 1074
928 3001 1074
1909 4289 1074
3971 3402 1074
2665 2782 1074
1190 4062 1074
597 3367 1074
4316 4368 1074
1254 3451 1068
24 4054 1066
3460 1558 1066
3178 2930 1066
3363 3395 1064
2657 2058 1064
3230 3513 1062
3957 461 1062
758 4156 1060
167 4119 1060
1095 4408 1060
4981 569 1060
1900 2492 1058
2778 974 1054
3535 3220 1052
2486 660 1052
3349 4428 1052
4592 2972 1050
2730 3797 1048
817 3985 1048
351 4293 1046
485 1507 1042
1560 3009 1042
21 4328 1040
4874 4471 1040
1669 4125 1040
1502 1974 1038
1011 3353 1038
2443 4412 1038
3132 2134 1038
2921 3449 1038
4038 1087 1036
2598 1624 1036
4243 2926 1036
982 1702 1036
4954 2388 1034
3824 3029 1032
532 4084 1032
431 3182 1032
2095 2493 1032
833 4374 1032
2227 3835 1032
1536 1509 1032
1208 4450 1030
4027 4480 1030
611 4017 1030
4922 3946 1030
3944 3462 1028
3434 4472 1028
4251 2303 1028
2670 4078 1028
3346 4424 1028
1419 2536 1026
699 101 1024
3397 3103 1022
3096 807 1022
174 3624 1022
1809 1007 1020
1420 4315 1020
2165 1804 1018
964 3415 1018
1636 4452 1016
2892 2229 1016
1235 4491 1014
539 3431 1012
4606 2343 1012
2803 3665 1010
1501 1071 1010
909 2929 1006
4853 843 1006
4193 2015 1004
177 3335 1004
2604 1057 1004
3646 3244 1004
4649 2006 1004
1079 3740 1004
1262 706 1002
353 2978 1002
2952 3901 1002
2530 847 1000
2186 256 1000
4844 2529 1000
3371 4272 998
3843 847 998
927 4375 998
1183 4349 996
1875 746 994
3728 4312 994
619 2710 994
936 3703 994
3724 4313 992
3663 4485 992
3530 2935 992
4901 3803 990
1040 4264 988
1901 1946 988
74 4060 986
627 4360 986
776 3057 986
72 4152 986
3562 3485 984
660 4358 984
1256 4452 982
4930 2417 982
1624 274 980
2187 4431 978
901 2531 978
3112 2630 978
269 2052 978
1352 4183 976
553 3869 976
294 4461 976
3884 4185 976
2693 3141 972
2994 4146 972
3700 4090 972
1993 4253 972
2746 1090 970
4132 3804 970
4979 4428 968
4756 3741 968
3658 4322 968
4779 4367 964
4191 4425 964
3993 402 964
1633 4227 962
2780 3459 962
3719 2134 960
4790 3943 960
1172 4294 960
3287 1058 958
1462 2243 958
2720 4468 958
1780 4210 958
4592 4391 956
2665 2550 956
315 1161 954
377 3725 954
3941 4187 950
4320 2221 950
1257 4129 948
2802 4206 948
1361 1584 948
4318 4343 944
4562 3418 944
1627 4038 942
3418 2125 942
4994 4223 940
4723 4453 938
4156 4350 938
34 2020 936
1788 4037 936
1648 2626 934
4326 4128 934
4279 1987 934
1224 4278 934
2107 1722 934
1831 3217 934
2674 2070 934
3070 1935 932
4973 3642 932
136 3815 932
2160 4149 930
4540 4409 930
2403 215 928
3655 3875 926
3034 4249 926
2660 4129 924
1095 4391 924
1066 3071 922
1978 2462 920
4682 3731 920
1178 2793 920
2607 4511 918
4712 3019 918
4098 4019 914
1593 1815 914
3199 2479 914
161 4411 912
2667 3708 910
232 2898 910
280 4134 908
2386 4138 908
2224 4376 908
2895 4468 906
3537 3285 904
4602 3327 904
916 4285 902
496 3658 902
736 3881 902
2177 2801 902
1434 2571 898
2133 4424 896
1293 1774 894
1396 3752 894
2344 1549 892
3660 4498 890
3700 752 890
4233 4076 888
2532 3674 888
2200 586 888
1425 2354 886
1494 3806 886
2276 4273 884
4626 477 882
4896 4455 880
4594 2263 880
1154 1740 880
654 1108 880
3463 4230 878
1395 700 878
736 3831 876
1163 4195 876
676 1821 876
4419 4393 876
4725 1344 876
1938 3973 874
3879 3150 874
2062 4473 874
1118 4167 874
1667 4280 874
4341 902 874
4997 4478 872
4077 4350 870
3399 4040 870
4137 2583 868
4167 4352 868
3532 2517 868
882 2063 866
2119 2023 866
1981 4272 864
2650 2171 860
4762 4437 860
3247 4510 860
4635 3601 858
1374 4512 856
2872 4431 856
4592 1948 856
530 4352 854
1856 3691 854
2108 3100 854
1852 2631 852
4563 4480 852
1862 4480 850
2193 3283 850
4001 4071 848
3923 4541 848
1795 3939 846
2351 3112 846
2385 4145 844
614 4084 844
251 3209 842
1939 4241 842
3369 3913 842
1542 4025 840
2252 4237 840
2682 4504 840
68 4159 838
2510 1978 838
4651 3051 838
3739 4305 838
4016 2009 836
4589 2269 834
4517 4475 832
4579 1798 832
532 4440 832
3479 2617 832
3952 3664 832
3358 4435 832
1146 2787 832
1379 4130 828
4601 1903 828
789 1384 828
4588 3482 828
1708 983 826
884 4581 826
1231 4453 826
4647 4263 824
1055 692 824
1554 4436 822
1454 285 822
3445 2634 820
2065 4108 820
3112 1263 818
3589 3912 818
2545 4586 816
4194 4547 816
1144 3118 816
2795 4579 816
4247 4289 816
3115 2764 816
3748 1968 814
734 400 812
4614 2743 812
1441 4285 812
562 1867 812
3119 4576 810
2796 4058 808
4176 4581 808
3423 4464 808
4987 4568 804
3743 3832 804
76 4390 802
1117 4246 802
3056 726 802
2388 1770 800
1409 3887 800
1774 546 800
2888 2588 800
2174 4100 800
2822 1118 798
3873 3452 798
2871 4086 796
1858 3932 796
771 3286 794
2051 3865 792
3066 2827 792
878 4509 788
1618 4519 788
869 3418 788
2765 2910 786
912 3363 786
2666 4571 784
1135 2737 784
1439 3477 784
2402 357 782
634 4585 782
1604 4180 782
121 2819 780
3751 2728 780
3921 2036 780
4743 4332 780
1937 1311 780
4241 3247 780
3854 4004 780
3462 1222 778
3682 3985 778
3147 3343 778
4949 2251 778
1234 1389 778
2466 2876 778
565 1961 776
2499 4564 776
135 4522 774
2993 932 774
3641 4024 774
4993 3470 774
4766 4549 770
2292 4011 770
4835 2279 770
1958 4481 768
2157 3731 768
3700 1073 768
3811 2548 768
833 4530 766
2170 3223 766
3108 2733 764
2403 4406 762
17 3969 762
2533 3925 762
2301 4205 762
687 3177 762
3453 4584 762
2529 2532 760
4467 517 760
4975 4380 758
219 2720 758
267 4603 758
3342 4165 758
1476 4214 758
1214 3865 756
4615 4594 756
1454 433 756
1366 2695 756
730 3019 754
1793 4232 754
4206 4062 754
1826 4391 754
143 4621 754
909 2696 752
1666 2721 752
4455 2059 752
3972 2495 752
2445 4483 752
4138 3503 748
2181 1699 748
4701 4467 748
3088 3948 744
1504 2202 744
2383 4292 744
73 2137 742
239 4463 742
1808 2711 742
1176 4118 742
2598 3560 742
4785 1120 742
930 4601 740
1379 4527 740
2913 4614 740
139 2493 740
2905 4441 738
1658 3361 736
2671 1793 734
447 4299 734
4616 1342 734
3532 4106 734
4062 1878 734
2918 3743 732
1907 3341 732
4319 3975 730
2968 4011 730
3727 1942 730
2605 4095 730
967 2295 728
4788 4400 728
3903 3036 728
884 920 728
1184 3929 726
1646 2295 726
2026 4492 724
1348 3144 724
1572 498 724
651 3398 720
2115 4478 720
186 50 718
4798 4388 718
4224 3483 718
1386 3401 716
3531 4641 716
2111 3650 716
2826 4057 716
533 4445 714
103 4420 714
4511 2720 712
2751 3301 712
2575 1503 710
4201 4543 708
1450 4357 706
3748 4500 706
3073 577 704
1227 4266 704
1121 3200 704
49 3641 700
4536 2734 696
1449 1321 696
2886 199 694
3867 45 694
4095 2275 694
1678 3879 692
262 1721 692
4233 4591 692
2630 4203 690
3226 2146 690
4448 4295 690
888 4584 690
395 4604 688
3888 3620 688
242 3838 688
302 4426 688
3983 4150 688
119 4631 686
1352 4404 686
4790 4345 686
4652 2898 686
4120 4449 684
2236 539 684
601 4530 682
4410 4331 682
4654 4163 682
901 4407 680
4020 4414 680
2618 4353 676
298 4649 676
3665 4482 676
2504 4615 674
2300 192 674
3495 4440 674
3080 3954 674
4888 2091 674
4696 1343 672
3275 3014 672
3202 1183 672
1680 3863 672
4328 4554 672
262 3437 668
300 2042 668
4020 1469 668
2713 4422 668
4427 4270 666
3208 3020 664
2693 4373 664
3821 4321 664
2940 4542 664
385 2483 662
3838 4249 662
2433 460 662
3911 4475 662
229 3550 660
1200 3689 660
1657 4134 658
1644 3454 656
799 4340 656
4441 3999 656
2655 3945 656
3993 642 656
3429 3896 654
847 3847 654
4781 4499 652
4371 3775 652
593 741 652
716 4663 652
1916 4472 650
4281 4592 650
3760 3123 648
4917 3479 646
3002 3433 646
4440 4273 644
3806 4097 644
560 2150 644
3847 3635 644
748 1409 642
3734 4354 642
4763 4390 642
2060 1635 642
3951 4626 642
4534 4572 642
113 854 642
294 3376 640
4109 2828 640
1238 4107 638
1506 4192 638
159 3924 638
4161 1006 636
979 3881 636
170 1575 634
90 4264 634
681 244 634
2680 3668 634
3003 77 634
648 4416 632
2441 3004 630
4517 4648 630
2189 4483 630
4850 3632 628
4293 4473 628
948 4197 628
1923 4405 628
2345 2740 626
3763 4337 624
4702 4589 624
830 2816 624
2081 2825 624
2682 4229 622
4985 4516 622
2216 3234 622
3839 3173 620
4099 1515 620
3654 1550 620
1254 683 620
1672 1868 620
4503 4011 620
271 3979 618
1404 3383 618
3267 4360 616
1406 2962 616
2458 4502 616
2920 4146 614
3496 4553 614
2998 3321 612
1680 2832 612
2805 3429 612
1753 4607 610
2471 4680 608
2068 1320 608
2739 2860 608
1437 3242 606
3045 3830 606
3168 4641 604
2461 3475 604
2831 4285 602
1895 4570 602
4875 309 602
4232 2913 602
306 3293 602
87 3652 602
928 4498 602
1478 4261 600
3053 1475 600
708 4396 600
4459 3165 600
2170 3475 598
4920 4414 596
3103 2248 596
2278 4624 594
131 3713 594
1702 4055 594
1730 2962 594
3716 4281 590
2186 2025 590
735 3999 590
3814 1434 590
4220 552 588
1077 2737 586
1432 1155 586
3757 4414 584
2121 3306 584
4409 4487 584
4348 4042 582
2930 4687 582
1734 831 582
685 3404 582
3835 1593 582
2871 152 582
1794 3211 580
4387 2756 580
4065 4623 580
2894 3895 580
1152 2910 578
4195 3705 578
328 4656 578
413 894 576
3400 4469 576
4993 3141 576
286 4283 574
860 4707 574
793 4695 572
4344 4055 572
2558 3702 572
3320 876 570
4747 4285 570
3704 3763 570
631 148 570
2352 4205 568
1147 1307 568
232 3345 568
4533 2248 566
4401 4340 566
133 3918 564
2374 3514 564
2492 549 564
4559 3850 562
470 4355 562
2898 1102 562
870 1867 562
3298 1835 562
2679 3386 560
97 4619 558
3626 4332 558
4625 4461 558
4279 2329 556
4644 4535 556
2961 3882 554
1322 3916 554
2258 4014 554
853 4678 554
2677 4091 554
29 4366 554
3859 3483 554
915 4243 552
1925 3566 552
1534 2429 550
2613 2730 550
3631 171 550
2337 4658 548
1312 2337 548
4485 4719 548
328 3776 546
1883 4431 546
3806 4269 544
4845 858 544
2449 3555 544
98 4088 544
4642 3556 544
1079 1730 542
47 3325 542
3853 4414 542
3454 1732 542
3123 4557 542
709 3940 540
1569 2707 540
4646 3417 538
2297 4165 538
4196 458 538
4713 4329 538
899 4708 538
1028 2251 536
3305 1708 536
2150 1874 536
4022 3479 536
4468 4724 536
4862 4519 534
868 4557 534
3495 1568 534
169 4024 534
4497 4490 534
2916 4536 532
3246 2048 532
4948 4732 532
1509 4703 532
228 4111 530
2002 3290 530
3328 4354 530
572 4316 530
1924 426 530
1872 3731 528
4782 4038 528
3832 4719 528
2625 3708 528
3737 3451 524
1676 4505 524
3430 4576 522
4846 482 522
278 2109 520
1586 4390 520
4759 4626 520
595 3170 518
378 2606 518
4677 801 518
4642 2592 516
1498 4475 516
36 413 514
656 509 514
1760 2256 512
2567 3149 510
361 4560 508
80 4377 508
1844 3649 506
1257 4410 506
2734 791 506
1155 4370 506
2122 2880 504
4423 3762 504
1181 4306 502
1597 4457 500
1769 2259 500
1634 2708 500
1395 803 498
751 4454 498
1500 1358 498
4332 3268 498
2421 4427 496
4452 3374 496
993 4149 496
3322 1751 494
1974 1275 494
8 4400 494
1262 4609 492
2986 3820 492
1748 3045 492
2664 4460 492
4025 3285 490
4084 340 490
2297 4604 490
610 4571 490
2148 4467 488
1480 4176 486
3396 4614 486
3407 4162 486
4962 4406 486
3046 3152 484
3465 1582 484
3657 4353 484
2642 4530 484
1103 4652 484
4431 3753 482
4563 908 480
3405 4612 478
3665 4686 478
4034 4757 478
3928 4638 478
226 4199 478
854 4743 476
3216 513 476
4738 4644 476
4733 3938 474
665 2475 474
843 4362 474
2057 4506 474
2281 4107 472
782 4486 472
1088 4744 472
2954 4601 472
2196 2078 472
781 1767 468
4931 2799 468
90 3411 468
2792 4197 468
572 4496 468
1475 4693 468
2047 3014 464
3645 1585 464
1732 4587 462
3910 3708 462
3225 989 460
4224 4046 460
1864 3435 458
1906 662 458
4157 4759 458
1728 1255 458
4673 4380 458
3288 1252 458
4770 3576 458
4470 147 456
2554 4331 456
2560 2494 456
4610 411 456
2157 4237 454
2283 3692 454
1574 4124 454
2075 2935 454
4518 3968 454
866 4599 452
3530 2330 452
4177 4081 452
4827 3623 452
741 3113 450
1851 4737 450
3702 3333 450
2785 4714 448
4709 3331 446
3930 4765 444
2708 4575 442
2602 4494 442
2201 4324 442
3570 3517 442
3254 1996 440
1423 3365 440
499 2059 438
2205 4074 436
3352 2469 436
2913 3830 436
2309 4241 432
911 1781 432
3564 4669 430
343 2487 430
1563 4717 430
1819 3459 430
47 4609 430
3662 3329 430
1464 4383 430
1986 2726 430
2128 4622 430
534 3034 430
3247 1602 428
4455 3962 428
1795 4670 428
4368 1632 426
2926 4426 426
4600 775 426
1978 4291 426
3776 1273 424
3716 4749 424
43 4490 424
2512 3186 422
1074 1014 422
34 3997 420
382 4784 420
39 4624 418
4684 4597 416
3226 4731 416
3261 4444 416
4881 2123 414
805 683 414
65 3760 414
2919 3540 414
2104 4121 414
3106 3102 414
2812 695 412
768 1974 412
2213 3232 412
4300 4493 412
3741 4376 410
1628 3736 410
3650 2285 410
4378 3636 408
1283 3613 408
2446 4446 406
4835 2567 406
1325 4429 406
474 3360 406
2740 4748 404
518 3438 404
2689 3440 404
1809 4596 404
4019 2509 402
2696 1509 402
2172 2765 402
2090 4706 402
1851 2893 402
4073 4762 402
4345 249 402
830 3908 402
2843 3974 400
13 4539 400
3866 4663 398
4502 4551 398
3975 4568 398
2480 4609 396
2633 3752 394
4453 4755 392
2437 3762 392
218 3883 390
4231 512 390
4427 4580 390
971 3547 390
548 3658 388
2231 4804 384
4292 736 388
1675 3813 388
4944 1680 388
2968 4791 386
4993 4797 386
4550 3887 386
1957 4375 384
367 3259 384
2850 2472 384
33 4401 384
4691 3423 384
3046 699 384
2438 4667 384
1236 1962 382
4373 363 382
2487 2689 382
4928 2527 382
420 3496 382
3284 2729 382
4605 254 380
2667 3638 378
3067 2494 378
1276 2034 378
4978 2959 376
2935 2996 376
246 3482 374
4707 3265 374
154 4782 374
2360 3919 374
3499 4349 372
2639 3285 372
4193 4024 372
4078 3457 372
4110 4375 372
1158 2068 372
1450 4697 370
4823 2831 370
4053 2994 370
2558 3812 370
1653 4794 370
726 3508 368
660 3568 368
4411 3397 366
3494 2701 366
430 3106 366
3115 1984 364
1051 4682 364
540 4784 364
910 1054 364
4201 3964 360
2684 2172 358
733 4411 358
718 4809 358
557 1853 356
4258 1656 356
978 884 356
2476 4138 356
2833 4747 356
4888 2909 356
3191 1957 354
3961 4719 354
4870 4779 354
1983 3979 352
1073 4625 352
3280 4525 352
3887 2523 350
978 474 350
3802 4614 350
3763 4750 350
3345 292 346
4890 4031 346
1482 2856 346
4331 1560 346
974 965 346
4877 4632 346
154 4261 346
4478 4795 346
3473 4526 344
1042 4107 344
2896 1865 342
192 4664 342
2861 3706 338
2056 3839 338
639 4112 338
1485 4428 338
397 1695 336
2200 3082 336
3661 1751 336
3337 777 336
586 4408 336
2643 1048 334
4766 4483 334
2600 4789 334
1957 4608 334
3118 3229 332
2001 4810 332
2916 3618 332
4175 4540 332
2041 3540 332
1809 4419 332
2875 4772 330
4249 4673 328
4863 4828 295
126 4743 326
97 1971 326
4114 1827 326
3410 4661 326
2553 1334 324
4585 4834 275
55 4530 324
3873 3957 324
4282 4834 275
956 4564 322
3081 4543 322
330 961 320
3669 4836 268
2968 4694 320
1225 4654 320
1534 4672 320
2830 4255 320
3695 4834 275
2891 4651 318
4368 1197 318
4107 4780 316
508 4634 316
2092 2568 316
1829 51 316
2386 4429 316
983 3889 316
3819 1255 314
4830 3692 314
1654 2969 314
1541 3149 312
2590 4629 312
3139 3311 312
4287 4564 310
4877 4763 310
671 1739 308
2335 3525 308
3704 1555 308
1881 4796 306
609 3338 306
4734 4484 304
4339 2263 304
990 4555 304
3129 3831 304
3655 4713 304
157 4836 268
478 4609 302
556 4809 302
864 4760 302
2365 898 302
2625 2337 300
1866 4670 298
330 1609 298
2667 2310 298
954 4094 298
4994 4385 298
4826 3547 298
4805 1859 296
1697 4761 296
1955 3413 296
993 4787 296
801 4709 294
4700 2996 292
3747 4599 292
4732 4650 292
4762 4446 292
3615 3229 292
3806 2726 290
1311 2814 290
4369 4274 290
2201 805 290
4987 4683 288
3777 4522 288
3325 4049 288
1141 2412 288
3200 4684 288
4701 2973 288
3313 4029 286
3219 2372 286
3927 4337 286
2306 2827 286
4856 2909 284
5000 4732 282
2799 4645 282
434 3821 282
2591 3378 280
3943 506 280
4277 1578 280
2225 4687 278
2753 4822 278
2363 3805 278
400 4301 276
3582 4341 276
1025 4736 276
1151 4138 274
2636 3653 274
4290 4820 272
4570 3238 272
23 4704 272
1329 3999 270
1150 4788 270
4989 2945 270
1516 4852 219
2050 4826 270
2244 4401 268
4633 3356 268
2676 3524 268
2877 4763 266
451 3808 266
4693 4241 266
430 4268 266
1228 4493 266
3992 4460 264
3094 4810 264
1373 4628 264
263 4863 187
2527 4516 262
1965 4072 260
1371 4822 258
1814 3019 256
2162 4860 196
3068 4444 256
4827 3921 256
2021 4194 254
2841 1258 254
2945 4641 252
4303 3346 252
1716 4656 252
4576 4865 182
3113 3763 250
4242 1571 250
4780 4580 248
2001 4783 248
2804 1071 248
1 4270 246
429 1204 246
2570 4220 244
82 4515 244
784 4460 244
2815 1208 244
1126 4479 244
4001 3741 244
4551 4813 244
1040 4685 242
1301 4800 242
4951 4741 242
2731 2364 242
810 4469 242
3982 4848 231
2342 4407 240
50 3968 240
2298 2154 240
1541 2354 240
4824 3168 240
4864 4649 238
2632 3959 238
1269 4284 238
4965 1175 238
3567 4168 238
721 4481 238
3610 4217 238
3415 4507 238
3704 4836 238
3541 2200 238
2297 4224 236
2353 4341 234
3330 4665 234
4011 3621 232
703 2054 232
3303 4822 232
2883 3743 232
482 3721 232
1732 4546 232
2806 4758 230
185 1427 230
2332 4841 228
1894 4845 228
953 4827 228
3205 4261 228
4199 4721 226
4299 4234 226
3828 4781 226
782 4586 226
3083 1786 224
1906 3933 222
3237 4668 222
3346 4446 222
2487 3334 222
449 2333 222
374 162 220
3343 3537 220
3082 4560 220
3651 3859 218
2575 4796 218
927 4794 218
3253 4795 218
4285 2611 218
1501 2333 218
1437 3556 216
1359 1314 216
3448 4844 214
3288 4680 214
1497 4868 174
1509 4118 214
4944 4737 214
4601 3952 212
840 3780 212
784 4120 212
3304 729 212
1714 4462 212
863 4627 210
2395 4183 210
1111 4592 210
4309 4866 179
935 4638 210
4185 989 210
3682 4501 208
3745 3983 208
1717 4405 206
4873 4829 204
1495 4879 146
4210 4775 204
353 3925 204
1483 2793 204
3820 3801 204
1328 2054 204
76 4512 204
203 4394 202
818 4743 202
2011 4730 202
759 4510 202
2346 4690 202
1062 3969 200
4685 4464 200
3346 3895 200
268 4871 166
2758 4313 198
2250 2637 198
817 4727 196
707 3706 194
2395 4783 194
4360 4704 194
2918 4757 194
3358 4492 192
4043 4749 190
3449 4689 190
387 3681 188
3669 4777 188
539 4709 188
279 4868 174
1613 4520 186
3231 579 186
4972 3500 186
4487 4878 148
674 1630 186
4858 1248 186
1472 2939 184
2463 3395 184
760 4659 184
3618 3196 184
4218 4810 184
3378 4777 184
4977 1664 184
2683 3858 182
3392 4379 182
4949 3706 182
3959 4748 180
1438 4374 180
1245 4738 180
2435 4842 180
2295 798 180
3046 3623 180
1255 2217 178
1817 4403 178
1791 4293 178
3039 4816 178
3424 4843 178
666 4494 178
2513 4817 178
435 217 178
1142 3168 176
4841 4897 106
3361 4901 98
1952 376 176
4328 1859 174
1196 4770 174
1632 4526 174
3654 4663 174
3618 4904 92
2183 4767 172
3775 4682 172
4113 3705 172
4981 4131 170
476 228 170
2734 4721 170
1773 649 170
587 3905 170
3139 3756 168
198 1977 166
1645 4481 166
1419 4902 96
3272 4550 164
1636 4112 164
2722 4763 162
2346 1574 162
575 3967 162
1222 1396 162
372 3177 160
1836 4889 123
607 4822 160
1374 4649 160
875 4136 160
4362 4835 158
1747 4601 158
1831 4686 158
2516 302 158
1086 2886 158
2747 2517 156
1519 4622 156
3871 695 156
1921 4232 156
3229 269 156
4945 4706 156
181 4380 156
3961 1423 154
477 4303 154
4386 3903 154
793 4845 152
3236 4347 152
3536 2780 152
510 4695 152
2002 4920 64
2114 4275 150
100 4790 150
1156 4912 77
12 2184 146
2754 4126 146
261 4761 146
692 4720 146
3584 4550 144
888 4162 144
217 3799 144
479 4445 144
1229 4875 144
2032 4745 144
4702 4881 141
4494 4685 144
3479 4700 144
1542 4224 144
3485 4411 142
1480 4827 140
3133 816 140
4803 4850 140
1265 279 140
3829 4898 104
1014 1031 138
3235 4771 138
505 4618 138
3903 1311 138
2720 3717 136
3078 4914 73
1676 3607 136
2167 4567 136
3864 4900 100
3004 4288 134
108 4196 134
2446 4810 134
3071 4158 134
468 4633 134
4902 4906 88
4327 4887 127
2132 3932 132
4321 4694 132
4115 4919 65
4017 4474 132
132 212 132
4714 4116 130
1178 4512 130
1933 2727 130
4517 4864 128
2255 4467 128
4470 4911 79
2910 3470 128
4383 4507 126
3079 4902 96
1819 1930 126
2567 4238 126
1464 4733 126
4579 4814 126
4709 4084 124
1054 2536 124
4852 4683 124
2267 4753 124
2854 4772 122
4105 4504 122
3749 3453 122
1903 4869 122
1826 4756 122
1774 2093 120
1847 4900 100
70 1086 120
1576 4536 118
2364 3798 118
65 4915 72
4545 4940 36
528 4122 118
1893 2257 118
1014 4820 118
4820 4868 116
2501 4921 62
592 4564 116
3894 4779 116
3995 860 114
3035 4878 114
968 274 114
1852 4920 64
3912 3890 112
2962 4811 112
3636 4847 112
2487 1142 110
3303 2012 110
1205 3837 110
2615 1518 110
4584 4781 108
2445 1818 108
2584 525 108
886 4441 108
4916 4703 108
4458 4904 92
1781 277 108
2534 4397 106
4734 4849 106
3551 3178 106
3260 2266 104
1762 4907 86
3792 3912 104
1014 4791 104
4587 3149 104
2344 4858 104
3800 597 102
3900 4838 102
2247 4633 102
1705 4601 102
2392 4908 84
1633 3209 102
2295 4927 53
2552 4928 51
4273 4926 54
128 3437 100
434 4758 100
2224 4743 98
626 4595 98
3561 4877 98
2401 4650 98
4256 4800 98
2667 683 96
1500 4808 96
2014 4314 96
4360 1961 96
4249 1230 94
1282 1652 94
2701 4657 94
2391 3501 94
4764 4802 92
4743 2068 92
571 4835 92
4006 4510 92
2575 2822 92
1556 4850 90
1431 4739 90
1758 2871 90
238 384 90
1062 1810 88
2419 3294 88
599 3881 88
3522 4427 86
4968 1929 86
1717 2749 84
3783 4207 84
363 2936 84
4593 4716 84
1501 4862 82
1743 4944 31
4232 4742 82
1383 73 82
1933 4945 30
2251 4948 27
958 3741 80
4 2155 80
3171 4905 78
1284 4406 78
3520 4532 78
3648 4820 78
3025 86 78
2144 1376 78
2019 345 76
4433 4531 76
2520 4851 76
4749 1311 76
1859 4584 74
2659 982 74
492 4917 68
1359 4905 72
2145 3762 72
4673 4208 72
4325 4930 49
4471 4853 70
1500 4639 70
500 4549 70
1205 3826 68
2644 4951 24
3771 343 68
92 2070 68
2303 4823 66
532 4953 22
1821 2790 66
2019 4960 16
4183 4764 66
2587 4857 66
2582 4533 64
2304 4964 12
3438 4133 64
1228 4944 31
3498 4841 64
4572 4917 62
2948 4856 62
4122 85 62
47 4929 50
697 4926 54
756 4938 38
4318 3973 60
4326 4641 60
1286 4743 60
1424 4856 60
1339 4487 60
693 4852 60
3952 4769 60
2142 4748 58
2747 4807 58
744 4709 58
1883 4961 15
691 4122 58
4509 4956 19
2644 4910 58
913 730 56
2164 4945 30
4262 4959 16
2009 372 56
345 4935 42
3682 4921 54
3424 4921 54
1735 1425 54
3856 4476 52
3750 4788 52
4246 4302 52
1363 4918 50
4144 2672 50
77 4863 50
1107 4857 50
3742 3214 50
1374 2909 48
3404 4236 48
3479 3839 48
4243 3726 46
652 4918 46
1306 4948 27
3990 3159 46
3534 4613 46
2346 4953 22
478 4833 44
3667 4950 25
3640 4965 12
4900 4951 24
2639 3980 44
3771 4826 44
4447 4976 5
4135 1781 42
2824 4867 42
2885 115 40
4924 4876 40
3715 3532 40
2051 4977 5
3145 516 40
438 4140 40
4363 2499 40
1860 3431 40
4753 1446 38
1666 4225 38
777 4980 4
1233 4439 38
1770 4716 38
179 4977 5
3422 4932 38
2219 3271 36
247 4484 36
540 4978 4
4102 3303 36
1972 4859 34
188 4256 34
3883 4840 34
3588 4951 24
4062 4920 34
3122 4854 32
545 3594 32
124 4886 32
3063 4962 14
3970 4121 32
4945 2676 32
1876 3591 32
3493 4970 9
3499 2982 30
4250 3914 30
1652 4854 30
1764 3243 30
142 4984 2
2403 3273 28
2172 4962 14
935 4975 6
1487 4985 2
4738 4889 28
374 4937 26
2007 3711 26
171 4547 26
3787 4411 26
1668 4934 26
1384 4011 26
1769 3967 26
3530 4981 3
1920 4975 6
1304 4951 24
2716 4875 24
4689 4775 24
1561 4088 24
807 1748 24
4674 4859 24
3958 4325 22
4045 4857 22
2864 4987 1
3229 4856 22
1835 4760 22
4538 3806 22
4202 4245 20
1071 3621 20
2331 1888 20
1474 3667 20
2847 4593 20
3009 4803 20
478 4489 20
3865 4731 20
2499 4644 18
1839 4799 18
4393 4793 18
2679 4906 18
1410 4960 16
403 2301 18
1000 4978 4
566 4455 18
2534 4643 18
4898 4682 16
2818 4909 16
969 2159 16
664 4091 16
775 4588 16
2622 4467 16
3503 1274 14
239 4527 14
344 880 14
2312 4985 2
3316 4981 3
3587 4989 1
2520 4984 2
3753 4993 0
4363 4872 12
3339 4944 12
723 3073 12
3880 4827 12
1824 4869 12
4765 4927 10
3831 4658 10
1647 4950 10
1753 4963 10
1515 4993 0
1953 4978 4
1595 4970 8
4904 4973 7
4007 4916 8
61 4568 8
1541 4051 8
1133 3893 8
3704 4954 8
2229 4895 6
2344 4996 0
1541 4852 6
4587 4570 6
4240 4792 6
280 4993 0
1592 4972 4
1969 3364 4
687 3983 4
2645 4860 4
547 4994 0
956 4897 2
34 4994 0
1458 4995 0
409 2859 2
4110 4965 2
4685 4994 0
484 1330 0
3994 4899 0
4897 5000 0
334 3662 0
2110 4999 0
192 3815 0
2247 1880 0
3524 5000 0
3025 5000 0
2474 4993 0
