5000 100 4.3589
12 2 96
12 2 96
11 1 98
12 2 96
12 2 96
15 5 90
15 5 90
11 1 98
16 6 88
12 2 96
12 2 96
18 8 84
17 7 86
17 7 86
17 7 86
13 3 94
13 3 94
13 3 94
11 1 98
17 7 86
11 1 98
11 1 98
14 4 92
16 6 88
22 12 77
22 12 77
11 1 98
14 4 92
18 8 84
11 1 98
16 6 88
22 12 77
18 8 84
19 9 82
17 7 86
19 9 82
18 8 84
23 13 75
12 2 96
15 5 90
22 12 77
21 11 79
24 14 73
16 6 88
17 7 86
17 7 86
11 1 98
16 6 88
16 6 88
12 2 96
22 12 77
11 1 98
23 13 75
25 15 72
22 12 77
18 8 84
12 2 96
25 15 72
26 16 70
23 13 75
21 11 79
25 15 72
11 1 98
23 13 75
27 17 68
26 16 70
27 17 68
14 4 92
25 15 72
19 9 82
18 8 84
20 10 81
21 11 79
15 5 90
28 18 67
24 14 73
21 11 79
14 4 92
12 2 96
15 5 90
19 9 82
19 9 82
27 17 68
25 15 72
22 12 77
28 18 67
16 6 88
27 17 68
26 16 70
27 17 68
22 12 77
17 7 86
27 17 68
14 4 92
22 12 77
28 18 67
30 20 64
27 17 68
29 19 65
18 8 84
17 7 86
16 6 88
14 4 92
14 4 92
25 15 72
24 14 73
24 14 73
25 15 72
12 2 96
12 2 96
18 8 84
13 3 94
12 2 96
28 18 67
29 19 65
22 12 77
13 3 94
32 22 60
11 1 98
29 19 65
18 8 84
26 16 70
28 18 67
28 18 67
32 22 60
16 6 88
14 4 92
31 21 62
15 5 90
19 9 82
23 13 75
17 7 86
15 5 90
33 23 59
24 14 73
30 20 64
28 18 67
12 2 96
33 23 59
26 16 70
12 2 96
12 2 96
22 12 77
33 23 59
29 19 65
32 22 60
21 11 79
34 24 57
16 6 88
24 14 73
32 22 60
21 11 79
29 19 65
14 4 92
15 5 90
24 14 73
34 24 57
34 24 57
20 10 81
35 25 56
27 17 68
15 5 90
30 20 64
26 16 70
17 7 86
12 2 96
15 5 90
28 18 67
35 25 56
30 20 64
26 16 70
35 25 56
11 1 98
36 26 54
34 24 57
21 11 79
28 18 67
16 6 88
21 11 79
18 8 84
36 26 54
20 10 81
24 14 73
24 14 73
17 7 86
27 17 68
29 19 65
26 16 70
13 3 94
25 15 72
33 23 59
16 6 88
25 15 72
27 17 68
17 7 86
29 19 65
14 4 92
20 10 81
35 25 56
15 5 90
24 14 73
27 17 68
15 5 90
31 21 62
27 17 68
35 25 56
31 21 62
19 9 82
14 4 92
25 15 72
12 2 96
29 19 65
22 12 77
29 19 65
19 9 82
11 1 98
28 18 67
25 15 72
16 6 88
32 22 60
17 7 86
38 28 51
36 26 54
30 20 64
28 18 67
34 24 57
12 2 96
35 25 56
19 9 82
16 6 88
19 9 82
28 18 67
32 22 60
28 18 67
36 26 54
11 1 98
23 13 75
35 25 56
13 3 94
32 22 60
18 8 84
36 26 54
33 23 59
18 8 84
41 31 47
15 5 90
19 9 82
23 13 75
25 15 72
38 28 51
40 30 49
11 1 98
37 27 53
41 31 47
21 11 79
32 22 60
19 9 82
39 29 50
27 17 68
40 30 49
19 9 82
35 25 56
31 21 62
29 19 65
36 26 54
27 17 68
25 15 72
24 14 73
32 22 60
41 31 47
18 8 84
34 24 57
28 18 67
28 18 67
42 32 46
30 20 64
24 14 73
14 4 92
33 23 59
16 6 88
38 28 51
38 28 51
11 1 98
15 5 90
23 13 75
25 15 72
41 31 47
28 18 67
22 12 77
30 20 64
42 32 46
43 33 44
13 3 94
20 10 81
17 7 86
34 24 57
24 14 73
26 16 70
43 33 44
16 6 88
34 24 57
29 19 65
24 14 73
33 23 59
24 14 73
34 24 57
31 21 62
29 19 65
39 29 50
38 28 51
21 11 79
24 14 73
34 24 57
43 33 44
34 24 57
31 21 62
42 32 46
41 31 47
28 18 67
13 3 94
34 24 57
17 7 86
16 6 88
35 25 56
32 22 60
25 15 72
20 10 81
30 20 64
33 23 59
29 19 65
42 32 46
37 27 53
12 2 96
22 12 77
32 22 60
12 2 96
12 2 96
32 22 60
29 19 65
30 20 64
21 11 79
17 7 86
33 23 59
16 6 88
42 32 46
19 9 82
20 10 81
42 32 46
31 21 62
45 35 42
46 36 40
22 12 77
16 6 88
30 20 64
37 27 53
16 6 88
43 33 44
41 31 47
32 22 60
17 7 86
43 33 44
14 4 92
40 30 49
23 13 75
41 31 47
37 27 53
47 37 39
47 37 39
18 8 84
19 9 82
37 27 53
18 8 84
39 29 50
42 32 46
19 9 82
14 4 92
19 9 82
33 23 59
43 33 44
32 22 60
26 16 70
26 16 70
11 1 98
38 28 51
18 8 84
46 36 40
24 14 73
34 24 57
37 27 53
35 25 56
48 38 38
42 32 46
42 32 46
46 36 40
39 29 50
22 12 77
43 33 44
44 34 43
33 23 59
38 28 51
44 34 43
41 31 47
49 39 37
22 12 77
34 24 57
41 31 47
29 19 65
48 38 38
47 37 39
41 31 47
49 39 37
46 36 40
45 35 42
22 12 77
26 16 70
27 17 68
47 37 39
47 37 39
38 28 51
13 3 94
29 19 65
41 31 47
21 11 79
37 27 53
31 21 62
37 27 53
39 29 50
19 9 82
25 15 72
42 32 46
43 33 44
38 28 51
40 30 49
45 35 42
40 30 49
49 39 37
34 24 57
11 1 98
48 38 38
23 13 75
44 34 43
39 29 50
16 6 88
18 8 84
48 38 38
13 3 94
14 4 92
50 40 36
34 24 57
18 8 84
15 5 90
23 13 75
37 27 53
43 33 44
16 6 88
38 28 51
43 33 44
31 21 62
30 20 64
41 31 47
35 25 56
33 23 59
41 31 47
50 40 36
32 22 60
25 15 72
39 29 50
51 41 34
42 32 46
34 24 57
32 22 60
28 18 67
32 22 60
21 11 79
49 39 37
25 15 72
15 5 90
30 20 64
51 41 34
25 15 72
30 20 64
22 12 77
22 12 77
38 28 51
27 17 68
34 24 57
35 25 56
23 13 75
22 12 77
42 32 46
25 15 72
29 19 65
38 28 51
47 37 39
44 34 43
52 42 33
14 4 92
41 31 47
15 5 90
49 39 37
31 21 62
18 8 84
49 39 37
33 23 59
27 17 68
30 20 64
25 15 72
20 10 81
15 5 90
33 23 59
46 36 40
22 12 77
35 25 56
41 31 47
46 36 40
45 35 42
48 38 38
46 36 40
48 38 38
51 41 34
33 23 59
39 29 50
45 35 42
20 10 81
19 9 82
12 2 96
29 19 65
42 32 46
35 25 56
25 15 72
46 36 40
45 35 42
34 24 57
42 32 46
35 25 56
26 16 70
36 26 54
47 37 39
48 38 38
12 2 96
31 21 62
49 39 37
25 15 72
46 36 40
42 32 46
47 37 39
45 35 42
32 22 60
16 6 88
46 36 40
43 33 44
29 19 65
36 26 54
44 34 43
54 44 31
36 26 54
42 32 46
24 14 73
12 2 96
39 29 50
54 44 31
51 41 34
35 25 56
50 40 36
38 28 51
18 8 84
54 44 31
32 22 60
36 26 54
53 43 32
26 16 70
42 32 46
31 21 62
32 22 60
35 25 56
36 26 54
43 33 44
35 25 56
35 25 56
17 7 86
14 4 92
38 28 51
37 27 53
53 43 32
14 4 92
41 31 47
48 38 38
34 24 57
13 3 94
30 20 64
39 29 50
41 31 47
21 11 79
47 37 39
37 27 53
54 44 31
33 23 59
19 9 82
40 30 49
29 19 65
48 38 38
34 24 57
41 31 47
27 17 68
31 21 62
53 43 32
33 23 59
30 20 64
31 21 62
13 3 94
30 20 64
24 14 73
32 22 60
12 2 96
55 45 30
37 27 53
40 30 49
51 41 34
47 37 39
20 10 81
25 15 72
31 21 62
13 3 94
38 28 51
52 42 33
13 3 94
11 1 98
34 24 57
36 26 54
49 39 37
13 3 94
50 40 36
36 26 54
13 3 94
29 19 65
19 9 82
16 6 88
25 15 72
47 37 39
47 37 39
14 4 92
46 36 40
13 3 94
15 5 90
39 29 50
29 19 65
41 31 47
40 30 49
39 29 50
51 41 34
49 39 37
34 24 57
57 47 28
34 24 57
26 16 70
13 3 94
39 29 50
36 26 54
11 1 98
38 28 51
31 21 62
29 19 65
19 9 82
33 23 59
37 27 53
11 1 98
39 29 50
53 43 32
17 7 86
26 16 70
45 35 42
35 25 56
29 19 65
48 38 38
49 39 37
52 42 33
28 18 67
20 10 81
52 42 33
52 42 33
50 40 36
39 29 50
23 13 75
57 47 28
12 2 96
40 30 49
56 46 29
33 23 59
56 46 29
53 43 32
33 23 59
52 42 33
35 25 56
51 41 34
34 24 57
38 28 51
39 29 50
41 31 47
49 39 37
51 41 34
22 12 77
33 23 59
27 17 68
31 21 62
47 37 39
31 21 62
27 17 68
45 35 42
16 6 88
33 23 59
54 44 31
54 44 31
54 44 31
21 11 79
21 11 79
38 28 51
26 16 70
25 15 72
37 27 53
57 47 28
59 49 26
58 48 27
15 5 90
45 35 42
58 48 27
28 18 67
27 17 68
44 34 43
27 17 68
41 31 47
51 41 34
49 39 37
40 30 49
26 16 70
27 17 68
50 40 36
57 47 28
36 26 54
60 50 25
60 50 25
43 33 44
22 12 77
58 48 27
19 9 82
29 19 65
36 26 54
57 47 28
16 6 88
14 4 92
28 18 67
54 44 31
33 23 59
49 39 37
14 4 92
21 11 79
39 29 50
15 5 90
40 30 49
52 42 33
37 27 53
25 15 72
37 27 53
44 34 43
60 50 25
22 12 77
60 50 25
36 26 54
50 40 36
43 33 44
47 37 39
19 9 82
31 21 62
30 20 64
15 5 90
11 1 96
25 15 72
38 28 51
58 48 27
43 33 44
12 2 96
19 9 82
23 13 75
19 9 82
50 40 36
31 21 62
15 5 90
11 1 96
19 9 82
55 45 30
25 15 72
19 9 82
57 47 28
12 2 96
60 50 25
31 21 62
58 48 27
25 15 72
12 2 96
54 44 31
49 39 37
32 22 60
29 19 65
58 48 27
21 11 79
49 39 37
18 8 84
46 36 40
36 26 54
57 47 28
37 27 53
59 49 26
40 30 49
44 34 43
49 39 37
62 52 23
24 14 73
46 36 40
60 50 25
29 19 65
49 39 37
38 28 51
45 35 42
41 31 47
30 20 64
38 28 51
40 30 49
20 10 81
31 21 62
14 4 92
44 34 43
50 40 36
22 12 77
24 14 73
57 47 28
46 36 40
52 42 33
20 10 81
51 41 34
58 48 27
31 21 62
44 34 43
20 10 81
16 6 88
48 38 38
49 39 37
17 7 86
13 3 92
53 43 32
27 17 68
51 41 34
17 7 86
15 5 90
52 42 33
54 44 31
49 39 37
46 36 40
26 16 70
15 5 90
43 33 44
11 1 92
36 26 54
31 21 62
38 28 51
44 34 43
39 29 50
46 36 40
43 33 44
58 48 27
61 51 24
15 5 90
40 30 49
52 42 33
61 51 24
28 18 67
20 10 81
23 13 75
22 12 77
51 41 34
26 16 70
42 32 46
11 1 90
59 49 26
33 23 59
17 7 86
38 28 51
38 28 51
18 8 84
49 39 37
29 19 65
44 34 43
29 19 65
54 44 31
55 45 30
57 47 28
26 16 70
64 54 21
22 12 77
34 24 57
16 6 88
37 27 53
17 7 86
59 49 26
31 21 62
30 20 64
55 45 30
40 30 49
61 51 24
20 10 81
63 53 22
24 14 73
17 7 86
57 47 28
29 19 65
30 20 64
45 35 42
56 46 29
64 54 21
57 47 28
52 42 33
35 25 56
30 20 64
61 51 24
21 11 79
18 8 84
53 43 32
51 41 34
55 45 30
14 4 88
59 49 26
54 44 31
37 27 53
27 17 68
12 2 88
14 4 88
35 25 56
15 5 88
17 7 86
13 3 88
13 3 88
52 42 33
57 47 28
13 3 88
41 31 47
17 7 86
63 53 22
35 25 56
42 32 46
42 32 46
58 48 27
49 39 37
47 37 39
60 50 25
21 11 79
35 25 56
20 10 81
39 29 50
34 24 57
24 14 73
30 20 64
66 56 19
14 4 86
21 11 79
44 34 43
25 15 72
51 41 34
50 40 36
62 52 23
63 53 22
52 42 33
65 55 20
63 53 22
40 30 49
43 33 44
56 46 29
32 22 60
35 25 56
57 47 28
39 29 50
59 49 26
53 43 32
35 25 56
21 11 79
31 21 62
61 51 24
43 33 44
48 38 38
66 56 19
61 51 24
19 9 82
63 53 22
57 47 28
59 49 26
60 50 25
66 56 19
20 10 81
61 51 24
40 30 49
33 23 59
13 3 84
35 25 56
36 26 54
28 18 67
37 27 53
44 34 43
45 35 42
39 29 50
48 38 38
66 56 19
37 27 53
18 8 84
50 40 36
63 53 22
19 9 82
39 29 50
57 47 28
42 32 46
62 52 23
25 15 72
49 39 37
42 32 46
44 34 43
17 7 84
56 46 29
59 49 26
16 6 84
13 3 84
22 12 77
27 17 68
61 51 24
24 14 73
45 35 42
14 4 84
58 48 27
64 54 21
67 57 18
61 51 24
49 39 37
25 15 72
49 39 37
12 2 82
14 4 82
63 53 22
39 29 50
31 21 62
66 56 19
11 1 82
26 16 70
58 48 27
48 38 38
54 44 31
42 32 46
16 6 82
51 41 34
42 32 46
45 35 42
66 56 19
63 53 22
66 56 19
40 30 49
48 38 38
34 24 57
54 44 31
49 39 37
38 28 51
43 33 44
63 53 22
55 45 30
50 40 36
15 5 82
24 14 73
34 24 57
50 40 36
63 53 22
58 48 27
11 1 82
58 48 27
36 26 54
27 17 68
58 48 27
18 8 80
26 16 70
53 43 32
27 17 68
52 42 33
20 10 80
38 28 51
19 9 80
50 40 36
44 34 43
16 6 80
45 35 42
69 59 16
22 12 77
59 49 26
66 56 19
18 8 80
16 6 80
30 20 64
53 43 32
45 35 42
36 26 54
56 46 29
34 24 57
67 57 18
38 28 51
14 4 80
68 58 17
25 15 72
59 49 26
40 30 49
12 2 80
54 44 31
50 40 36
52 42 33
15 5 80
61 51 24
31 21 62
62 52 23
33 23 59
38 28 51
21 11 79
37 27 53
48 38 38
24 14 73
28 18 67
61 51 24
56 46 29
26 16 70
28 18 67
25 15 72
65 55 20
12 2 78
61 51 24
46 36 40
26 16 70
59 49 26
49 39 37
58 48 27
46 36 40
69 59 16
66 56 19
69 59 16
22 12 77
58 48 27
23 13 75
46 36 40
58 48 27
52 42 33
21 11 78
64 54 21
49 39 37
58 48 27
50 40 36
63 53 22
63 53 22
48 38 38
36 26 54
35 25 56
55 45 30
41 31 47
14 4 78
26 16 70
37 27 53
45 35 42
57 47 28
11 1 78
14 4 78
28 18 67
70 60 16
68 58 17
55 45 30
67 57 18
50 40 36
65 55 20
27 17 68
54 44 31
29 19 65
66 56 19
60 50 25
38 28 51
35 25 56
64 54 21
48 38 38
31 21 62
60 50 25
20 10 76
12 2 76
62 52 23
49 39 37
50 40 36
69 59 16
52 42 33
61 51 24
32 22 60
13 3 76
56 46 29
48 38 38
21 11 76
53 43 32
69 59 16
58 48 27
54 44 31
67 57 18
64 54 21
43 33 44
62 52 23
58 48 27
68 58 17
42 32 46
46 36 40
25 15 72
27 17 68
28 18 67
23 13 75
48 38 38
71 61 15
52 42 33
54 44 31
44 34 43
45 35 42
45 35 42
37 27 53
47 37 39
56 46 29
56 46 29
14 4 74
66 56 19
56 46 29
41 31 47
67 57 18
40 30 49
28 18 67
63 53 22
63 53 22
60 50 25
40 30 49
55 45 30
48 38 38
68 58 17
15 5 74
61 51 24
42 32 46
61 51 24
18 8 74
72 62 14
41 31 47
24 14 73
26 16 70
42 32 46
53 43 32
38 28 51
55 45 30
24 14 73
55 45 30
23 13 74
15 5 74
42 32 46
20 10 74
12 2 74
53 43 32
61 51 24
51 41 34
69 59 16
58 48 27
71 61 15
56 46 29
67 57 18
44 34 43
59 49 26
43 33 44
50 40 36
45 35 42
46 36 40
59 49 26
44 34 43
66 56 19
32 22 60
29 19 65
44 34 43
54 44 31
59 49 26
26 16 70
50 40 36
35 25 56
22 12 72
67 57 18
18 8 72
55 45 30
73 63 13
45 35 42
13 3 72
51 41 34
54 44 31
70 60 16
48 38 38
73 63 13
63 53 22
73 63 13
71 61 15
37 27 53
70 60 16
67 57 18
54 44 31
50 40 36
53 43 32
30 20 64
66 56 19
48 38 38
19 9 72
59 49 26
62 52 23
54 44 31
69 59 16
71 61 15
62 52 23
64 54 21
35 25 56
48 38 38
29 19 65
29 19 65
48 38 38
63 53 22
12 2 72
61 51 24
52 42 33
53 43 32
16 6 70
70 60 16
71 61 15
29 19 65
22 12 70
48 38 38
63 53 22
55 45 30
58 48 27
43 33 44
65 55 20
13 3 70
57 47 28
31 21 62
25 15 70
54 44 31
14 4 70
29 19 65
69 59 16
49 39 37
35 25 56
70 60 16
56 46 29
27 17 68
70 60 16
52 42 33
69 59 16
66 56 19
37 27 53
31 21 62
34 24 57
23 13 70
46 36 40
21 11 70
19 9 70
15 5 70
56 46 29
35 25 56
72 62 14
44 34 43
40 30 49
18 8 70
56 46 29
49 39 37
57 47 28
42 32 46
71 61 15
38 28 51
63 53 22
26 16 68
38 28 51
61 51 24
58 48 27
53 43 32
65 55 20
66 56 19
29 19 65
39 29 50
42 32 46
72 62 14
49 39 37
61 51 24
51 41 34
72 62 14
27 17 68
44 34 43
17 7 68
73 63 13
68 58 17
12 2 68
19 9 68
67 57 18
73 63 13
52 42 33
33 23 59
25 15 68
57 47 28
49 39 37
30 20 64
70 60 16
63 53 22
17 7 68
34 24 57
59 49 26
24 14 68
54 44 31
28 18 67
68 58 17
73 63 13
63 53 22
15 5 68
65 55 20
11 1 68
61 51 24
55 45 30
21 11 68
56 46 29
39 29 50
27 17 66
11 1 66
30 20 64
26 16 66
20 10 66
11 1 66
21 11 66
34 24 57
64 54 21
57 47 28
43 33 44
71 61 15
34 24 57
58 48 27
63 53 22
69 59 16
64 54 21
46 36 40
32 22 60
32 22 60
70 60 16
51 41 34
53 43 32
35 25 56
25 15 66
24 14 66
64 54 21
70 60 16
76 66 11
49 39 37
24 14 66
27 17 66
12 2 66
26 16 66
38 28 51
29 19 65
29 19 65
35 25 56
11 1 66
71 61 15
24 14 66
73 63 13
62 52 23
64 54 21
73 63 13
52 42 33
68 58 17
53 43 32
76 66 11
54 44 31
31 21 62
44 34 43
56 46 29
22 12 64
58 48 27
13 3 64
66 56 19
21 11 64
14 4 64
56 46 29
76 66 11
77 67 10
46 36 40
59 49 26
74 64 12
69 59 16
23 13 64
62 52 23
70 60 16
61 51 24
69 59 16
68 58 17
20 10 64
46 36 40
51 41 34
64 54 21
60 50 25
53 43 32
44 34 43
57 47 28
63 53 22
76 66 11
39 29 50
57 47 28
14 4 64
52 42 33
44 34 43
48 38 38
45 35 42
60 50 25
20 10 64
40 30 49
55 45 30
61 51 24
57 47 28
38 28 51
69 59 16
34 24 57
56 46 29
64 54 21
76 66 11
46 36 40
69 59 16
62 52 23
18 8 64
37 27 53
44 34 43
45 35 42
56 46 29
45 35 42
75 65 12
60 50 25
77 67 10
49 39 37
67 57 18
73 63 13
77 67 10
40 30 49
28 18 64
32 22 60
64 54 21
21 11 64
11 1 64
61 51 24
72 62 14
77 67 10
18 8 62
70 60 16
76 66 11
23 13 62
15 5 62
56 46 29
30 20 62
54 44 31
69 59 16
59 49 26
73 63 13
28 18 62
74 64 12
59 49 26
15 5 62
55 45 30
64 54 21
66 56 19
72 62 14
50 40 36
74 64 12
55 45 30
61 51 24
48 38 38
65 55 20
72 62 14
61 51 24
52 42 33
40 30 49
30 20 62
56 46 29
48 38 38
43 33 44
14 4 62
61 51 24
42 32 46
52 42 33
62 52 23
74 64 12
63 53 22
68 58 17
66 56 19
38 28 51
68 58 17
69 59 16
67 57 18
40 30 49
38 28 51
33 23 59
63 53 22
23 13 60
73 63 13
18 8 60
57 47 28
78 68 10
67 57 18
66 56 19
34 24 57
66 56 19
19 9 60
61 51 24
71 61 15
32 22 60
73 63 13
26 16 60
71 61 15
51 41 34
77 67 10
35 25 56
58 48 27
51 41 34
73 63 13
39 29 50
62 52 23
78 68 10
48 38 38
49 39 37
72 62 14
76 66 11
13 3 60
56 46 29
57 47 28
64 54 21
49 39 37
67 57 18
46 36 40
35 25 56
68 58 17
12 2 60
77 67 10
39 29 50
38 28 51
63 53 22
28 18 60
49 39 37
46 36 40
48 38 38
60 50 25
78 68 10
78 68 10
44 34 43
17 7 58
37 27 53
31 21 58
34 24 57
54 44 31
37 27 53
50 40 36
61 51 24
39 29 50
71 61 15
77 67 10
14 4 58
23 13 58
35 25 56
60 50 25
57 47 28
26 16 58
60 50 25
77 67 10
68 58 17
46 36 40
35 25 56
64 54 21
33 23 58
18 8 58
74 64 12
80 70 9
42 32 46
76 66 11
19 9 58
30 20 58
59 49 26
77 67 10
69 59 16
76 66 11
36 26 54
12 2 58
74 64 12
54 44 31
38 28 51
70 60 16
71 61 15
41 31 47
55 45 30
77 67 10
77 67 10
52 42 33
15 5 58
62 52 23
80 70 9
72 62 14
37 27 53
68 58 17
59 49 26
56 46 29
51 41 34
56 46 29
45 35 42
54 44 31
62 52 23
61 51 24
25 15 56
80 70 9
23 13 56
76 66 11
40 30 49
74 64 12
64 54 21
29 19 56
34 24 56
29 19 56
65 55 20
38 28 51
76 66 11
73 63 13
34 24 56
33 23 56
41 31 47
36 26 54
80 70 9
78 68 10
73 63 13
43 33 44
54 44 31
60 50 25
24 14 56
77 67 10
13 3 56
35 25 56
50 40 36
39 29 50
80 70 9
64 54 21
62 52 23
81 71 8
68 58 17
37 27 53
44 34 43
77 67 10
46 36 40
55 45 30
78 68 10
44 34 43
79 69 9
79 69 9
14 4 56
63 53 22
66 56 19
56 46 29
52 42 33
57 47 28
81 71 8
75 65 12
25 15 56
31 21 56
52 42 33
77 67 10
58 48 27
14 4 56
54 44 31
62 52 23
77 67 10
75 65 12
72 62 14
34 24 56
76 66 11
76 66 11
48 38 38
82 72 7
24 14 54
56 46 29
37 27 53
39 29 50
50 40 36
56 46 29
58 48 27
52 42 33
71 61 15
46 36 40
76 66 11
80 70 9
57 47 28
70 60 16
80 70 9
15 5 54
79 69 9
71 61 15
54 44 31
26 16 54
47 37 39
62 52 23
75 65 12
59 49 26
76 66 11
47 37 39
66 56 19
82 72 7
51 41 34
20 10 54
63 53 22
65 55 20
27 17 54
48 38 38
50 40 36
48 38 38
76 66 11
40 30 49
25 15 54
26 16 54
78 68 10
28 18 54
77 67 10
43 33 44
35 25 54
13 3 54
55 45 30
58 48 27
62 52 23
49 39 37
40 30 49
59 49 26
25 15 54
82 72 7
16 6 54
61 51 24
80 70 9
42 32 46
18 8 54
46 36 40
40 30 49
57 47 28
53 43 32
75 65 12
54 44 31
56 46 29
70 60 16
76 66 11
79 69 9
58 48 27
37 27 52
67 57 18
67 57 18
82 72 7
58 48 27
56 46 29
28 18 52
61 51 24
79 69 9
65 55 20
57 47 28
56 46 29
69 59 16
68 58 17
79 69 9
62 52 23
44 34 43
19 9 52
34 24 52
73 63 13
17 7 52
16 6 52
68 58 17
76 66 11
74 64 12
81 71 8
34 24 52
68 58 17
45 35 42
77 67 10
39 29 50
80 70 9
34 24 52
29 19 52
83 73 7
75 65 12
26 16 52
34 24 52
82 72 7
67 57 18
54 44 31
79 69 9
72 62 14
76 66 11
66 56 19
67 57 18
54 44 31
60 50 25
31 21 52
75 65 12
61 51 24
17 7 52
41 31 47
13 3 52
74 64 12
48 38 38
50 40 36
66 56 19
32 22 52
78 68 10
20 10 52
35 25 52
63 53 22
83 73 7
53 43 32
62 52 23
54 44 31
16 6 50
60 50 25
15 5 50
59 49 26
51 41 34
56 46 29
66 56 19
77 67 10
67 57 18
62 52 23
12 2 50
53 43 32
78 68 10
25 15 50
62 52 23
41 31 47
84 74 6
75 65 12
79 69 9
57 47 28
11 1 50
54 44 31
68 58 17
47 37 39
59 49 26
56 46 29
65 55 20
84 74 6
11 1 50
76 66 11
78 68 10
71 61 15
40 30 49
57 47 28
77 67 10
46 36 40
50 40 36
45 35 42
51 41 34
58 48 27
69 59 16
69 59 16
79 69 9
81 71 8
57 47 28
57 47 28
73 63 13
80 70 9
60 50 25
45 35 42
26 16 50
42 32 46
81 71 8
75 65 12
77 67 10
83 73 7
74 64 12
83 73 7
76 66 11
82 72 7
67 57 18
32 22 48
48 38 38
55 45 30
40 30 48
63 53 22
34 24 48
50 40 36
72 62 14
64 54 21
81 71 8
21 11 48
59 49 26
75 65 12
45 35 42
78 68 10
23 13 48
59 49 26
82 72 7
78 68 10
15 5 48
65 55 20
40 30 48
81 71 8
60 50 25
61 51 24
25 15 48
78 68 10
15 5 48
82 72 7
21 11 48
78 68 10
72 62 14
72 62 14
85 75 6
69 59 16
13 3 48
65 55 20
81 71 8
28 18 48
31 21 48
84 74 6
80 70 9
21 11 48
64 54 21
65 55 20
82 72 7
77 67 10
53 43 32
78 68 10
77 67 10
70 60 16
24 14 48
68 58 17
75 65 12
22 12 48
47 37 39
53 43 32
25 15 48
58 48 27
76 66 11
39 29 48
68 58 17
15 5 48
37 27 48
73 63 13
49 39 37
74 64 12
58 48 27
78 68 10
45 35 42
80 70 9
20 10 46
12 2 46
74 64 12
37 27 46
54 44 31
48 38 38
65 55 20
69 59 16
34 24 46
82 72 7
26 16 46
14 4 46
79 69 9
80 70 9
82 72 7
69 59 16
84 74 6
82 72 7
80 70 9
21 11 46
86 76 5
27 17 46
64 54 21
20 10 46
57 47 28
68 58 17
79 69 9
19 9 46
69 59 16
62 52 23
72 62 14
65 55 20
74 64 12
86 76 5
79 69 9
67 57 18
36 26 46
78 68 10
81 71 8
60 50 25
45 35 42
42 32 46
74 64 12
66 56 19
57 47 28
76 66 11
24 14 46
80 70 9
66 56 19
36 26 46
47 37 39
35 25 46
86 76 5
37 27 46
79 69 9
80 70 9
61 51 24
11 1 46
76 66 11
57 47 28
81 71 8
54 44 31
33 23 46
85 75 6
23 13 46
49 39 37
85 75 6
75 65 12
78 68 10
59 49 26
38 28 46
86 76 5
19 9 46
85 75 6
66 56 19
68 58 17
52 42 33
85 75 6
86 76 5
86 76 5
67 57 18
38 28 46
79 69 9
72 62 14
65 55 20
57 47 28
83 73 7
76 66 11
78 68 10
58 48 27
35 25 44
61 51 24
65 55 20
33 23 44
50 40 36
60 50 25
46 36 40
87 77 5
84 74 6
77 67 10
76 66 11
65 55 20
78 68 10
71 61 15
35 25 44
55 45 30
37 27 44
38 28 44
47 37 39
60 50 25
28 18 44
63 53 22
84 74 6
72 62 14
80 70 9
77 67 10
24 14 44
57 47 28
43 33 44
69 59 16
80 70 9
39 29 44
69 59 16
65 55 20
45 35 42
64 54 21
15 5 44
87 77 5
56 46 29
53 43 32
68 58 17
11 1 44
33 23 44
64 54 21
82 72 7
84 74 6
67 57 18
76 66 11
38 28 44
27 17 44
67 57 18
60 50 25
24 14 44
65 55 20
59 49 26
11 1 44
50 40 36
70 60 16
69 59 16
20 10 44
64 54 21
27 17 42
83 73 7
40 30 42
14 4 42
57 47 28
82 72 7
82 72 7
85 75 6
44 34 42
60 50 25
46 36 40
42 32 42
31 21 42
83 73 7
68 58 17
60 50 25
73 63 13
77 67 10
43 33 42
34 24 42
46 36 40
60 50 25
63 53 22
22 12 42
38 28 42
24 14 42
83 73 7
44 34 42
60 50 25
84 74 6
75 65 12
83 73 7
54 44 31
44 34 42
11 1 42
85 75 6
87 77 5
44 34 42
37 27 42
31 21 42
86 76 5
30 20 42
82 72 7
11 1 42
60 50 25
63 53 22
70 60 16
39 29 42
85 75 6
72 62 14
83 73 7
48 38 38
16 6 42
52 42 33
79 69 9
58 48 27
70 60 16
72 62 14
62 52 23
81 71 8
77 67 10
87 77 5
28 18 42
80 70 9
71 61 15
30 20 42
77 67 10
58 48 27
49 39 37
27 17 42
75 65 12
75 65 12
76 66 11
75 65 12
29 19 40
27 17 40
88 78 4
83 73 7
51 41 34
12 2 40
45 35 40
59 49 26
35 25 40
67 57 18
22 12 40
80 70 9
89 79 4
57 47 28
88 78 4
21 11 40
44 34 40
77 67 10
53 43 32
78 68 10
31 21 40
69 59 16
63 53 22
71 61 15
77 67 10
70 60 16
80 70 9
35 25 40
78 68 10
68 58 17
20 10 40
57 47 28
74 64 12
89 79 4
52 42 33
18 8 40
39 29 40
11 1 40
85 75 6
25 15 40
20 10 40
40 30 40
88 78 4
74 64 12
46 36 40
84 74 6
54 44 31
30 20 40
79 69 9
68 58 17
30 20 40
84 74 6
18 8 40
80 70 9
60 50 25
69 59 16
69 59 16
55 45 30
87 77 5
35 25 40
42 32 40
89 79 4
33 23 40
23 13 40
72 62 14
31 21 40
60 50 25
89 79 4
68 58 17
88 78 4
46 36 38
65 55 20
78 68 10
62 52 23
81 71 8
71 61 15
79 69 9
72 62 14
64 54 21
52 42 33
82 72 7
56 46 29
76 66 11
81 71 8
88 78 4
71 61 15
84 74 6
86 76 5
83 73 7
58 48 27
24 14 38
78 68 10
84 74 6
62 52 23
66 56 19
39 29 38
68 58 17
42 32 38
61 51 24
20 10 38
83 73 7
84 74 6
75 65 12
80 70 9
57 47 28
56 46 29
28 18 38
62 52 23
82 72 7
84 74 6
59 49 26
38 28 38
64 54 21
64 54 21
58 48 27
88 78 4
51 41 34
80 70 9
71 61 15
53 43 32
84 74 6
90 80 4
59 49 26
33 23 38
46 36 38
87 77 5
78 68 10
57 47 28
79 69 9
21 11 38
36 26 38
39 29 38
68 58 17
81 71 8
57 47 28
51 41 34
57 47 28
90 80 4
68 58 17
57 47 28
67 57 18
87 77 5
74 64 12
69 59 16
48 38 38
26 16 38
77 67 10
86 76 5
35 25 38
58 48 27
72 62 14
82 72 7
80 70 9
86 76 5
22 12 38
45 35 38
73 63 13
28 18 38
50 40 36
80 70 9
74 64 12
64 54 21
78 68 10
81 71 8
38 28 36
38 28 36
74 64 12
81 71 8
14 4 36
84 74 6
70 60 16
86 76 5
73 63 13
18 8 36
88 78 4
83 73 7
32 22 36
25 15 36
46 36 36
75 65 12
84 74 6
89 79 4
88 78 4
83 73 7
20 10 36
59 49 26
91 81 3
50 40 36
43 33 36
66 56 19
35 25 36
74 64 12
75 65 12
86 76 5
87 77 5
86 76 5
91 81 3
50 40 36
90 80 4
68 58 17
63 53 22
41 31 36
11 1 36
86 76 5
55 45 30
91 81 3
49 39 36
74 64 12
77 67 10
91 81 3
76 66 11
14 4 36
13 3 36
60 50 25
63 53 22
89 79 4
77 67 10
89 79 4
81 71 8
74 64 12
58 48 27
65 55 20
69 59 16
77 67 10
64 54 21
59 49 26
33 23 36
86 76 5
84 74 6
85 75 6
49 39 36
71 61 15
59 49 26
71 61 15
53 43 32
40 30 36
38 28 36
35 25 34
88 78 4
20 10 34
83 73 7
37 27 34
91 81 3
75 65 12
76 66 11
61 51 24
70 60 16
44 34 34
75 65 12
21 11 34
56 46 29
84 74 6
50 40 34
71 61 15
54 44 31
58 48 27
78 68 10
75 65 12
82 72 7
48 38 34
22 12 34
33 23 34
89 79 4
58 48 27
68 58 17
45 35 34
82 72 7
85 75 6
51 41 34
82 72 7
50 40 34
25 15 34
90 80 4
83 73 7
64 54 21
46 36 34
81 71 8
86 76 5
86 76 5
70 60 16
89 79 4
27 17 34
87 77 5
90 80 4
80 70 9
68 58 17
90 80 4
13 3 34
85 75 6
40 30 34
91 81 3
48 38 34
11 1 34
38 28 34
57 47 28
90 80 4
72 62 14
17 7 34
90 80 4
68 58 17
80 70 9
78 68 10
91 81 3
26 16 34
84 74 6
22 12 34
52 42 33
87 77 5
12 2 34
34 24 34
76 66 11
43 33 34
80 70 9
75 65 12
84 74 6
21 11 34
90 80 4
66 56 19
54 44 31
39 29 32
58 48 27
62 52 23
87 77 5
75 65 12
72 62 14
48 38 32
36 26 32
69 59 16
79 69 9
91 81 3
84 74 6
64 54 21
87 77 5
44 34 32
34 24 32
91 81 3
93 83 2
49 39 32
31 21 32
88 78 4
73 63 13
54 44 31
44 34 32
92 82 3
68 58 17
92 82 3
87 77 5
27 17 32
60 50 25
73 63 13
87 77 5
71 61 15
87 77 5
40 30 32
74 64 12
28 18 32
78 68 10
32 22 32
43 33 32
49 39 32
29 19 32
88 78 4
66 56 19
38 28 32
43 33 32
90 80 4
88 78 4
67 57 18
60 50 25
61 51 24
15 5 32
80 70 9
54 44 31
77 67 10
63 53 22
81 71 8
53 43 32
28 18 32
89 79 4
66 56 19
64 54 21
50 40 32
63 53 22
76 66 11
73 63 13
84 74 6
70 60 16
51 41 32
82 72 7
90 80 4
90 80 4
86 76 5
72 62 14
82 72 7
79 69 9
81 71 8
63 53 22
85 75 6
67 57 18
63 53 22
92 82 3
57 47 28
73 63 13
90 80 4
74 64 12
82 72 7
73 63 13
66 56 19
92 82 3
25 15 32
84 74 6
48 38 32
70 60 16
61 51 24
80 70 9
86 76 5
79 69 9
73 63 13
78 68 10
24 14 32
34 24 32
72 62 14
75 65 12
79 69 9
81 71 8
91 81 3
49 39 30
45 35 30
67 57 18
69 59 16
42 32 30
91 81 3
91 81 3
50 40 30
82 72 7
93 83 2
69 59 16
90 80 4
63 53 22
71 61 15
38 28 30
80 70 9
28 18 30
94 84 2
35 25 30
12 2 30
91 81 3
50 40 30
86 76 5
49 39 30
29 19 30
58 48 27
60 50 25
93 83 2
87 77 5
76 66 11
83 73 7
43 33 30
16 6 30
31 21 30
54 44 30
53 43 30
74 64 12
56 46 29
60 50 25
66 56 19
40 30 30
19 9 30
30 20 30
81 71 8
84 74 6
47 37 30
79 69 9
73 63 13
75 65 12
80 70 9
26 16 30
49 39 30
64 54 21
37 27 30
80 70 9
59 49 26
60 50 25
48 38 30
72 62 14
52 42 30
16 6 30
86 76 5
43 33 30
56 46 29
92 82 3
88 78 4
93 83 2
60 50 25
13 3 30
62 52 23
51 41 30
89 79 4
82 72 7
72 62 14
89 79 4
41 31 30
26 16 30
56 46 29
78 68 10
60 50 25
92 82 3
62 52 23
62 52 23
90 80 4
84 74 6
87 77 5
78 68 10
56 46 29
83 73 7
72 62 14
95 85 2
56 46 28
69 59 16
94 84 2
90 80 4
84 74 6
93 83 2
87 77 5
20 10 28
27 17 28
86 76 5
86 76 5
85 75 6
73 63 13
71 61 15
67 57 18
56 46 28
70 60 16
58 48 27
82 72 7
66 56 19
90 80 4
19 9 28
71 61 15
89 79 4
12 2 28
94 84 2
90 80 4
79 69 9
28 18 28
41 31 28
22 12 28
82 72 7
76 66 11
24 14 28
44 34 28
27 17 28
84 74 6
88 78 4
23 13 28
89 79 4
95 85 2
89 79 4
77 67 10
88 78 4
59 49 26
81 71 8
83 73 7
36 26 28
78 68 10
55 45 28
76 66 11
70 60 16
95 85 2
77 67 10
90 80 4
36 26 28
58 48 27
76 66 11
85 75 6
86 76 5
48 38 28
93 83 2
48 38 28
95 85 2
93 83 2
17 7 28
12 2 28
59 49 26
85 75 6
94 84 2
57 47 28
94 84 2
44 34 28
54 44 28
90 80 4
40 30 28
59 49 26
95 85 2
93 83 2
87 77 5
35 25 28
86 76 5
36 26 28
75 65 12
77 67 10
88 78 4
86 76 5
92 82 3
82 72 7
94 84 2
53 43 26
89 79 4
74 64 12
15 5 26
87 77 5
34 24 26
47 37 26
73 63 13
43 33 26
63 53 22
92 82 3
60 50 25
89 79 4
74 64 12
33 23 26
57 47 26
88 78 4
40 30 26
90 80 4
96 86 1
69 59 16
55 45 26
25 15 26
83 73 7
62 52 23
80 70 9
47 37 26
73 63 13
42 32 26
81 71 8
49 39 26
95 85 2
55 45 26
82 72 7
82 72 7
48 38 26
51 41 26
89 79 4
92 82 3
70 60 16
88 78 4
87 77 5
64 54 21
71 61 15
44 34 26
50 40 26
84 74 6
11 1 26
51 41 26
55 45 26
96 86 1
56 46 26
96 86 1
48 38 26
31 21 26
62 52 23
75 65 12
91 81 3
81 71 8
51 41 26
95 85 2
60 50 25
91 81 3
83 73 7
89 79 4
88 78 4
93 83 2
86 76 5
91 81 3
95 85 2
69 59 16
67 57 18
64 54 21
35 25 26
74 64 12
25 15 26
93 83 2
83 73 7
37 27 26
74 64 12
92 82 3
64 54 21
36 26 26
88 78 4
52 42 26
72 62 14
93 83 2
32 22 26
14 4 26
94 84 2
96 86 1
80 70 9
82 72 7
44 34 26
43 33 26
95 85 2
85 75 6
84 74 6
91 81 3
38 28 26
92 82 3
71 61 15
96 86 1
62 52 23
44 34 26
31 21 26
11 1 26
90 80 4
11 1 26
67 57 18
72 62 14
81 71 8
95 85 2
88 78 4
71 61 15
59 49 24
94 84 2
29 19 24
78 68 10
18 8 24
85 75 6
57 47 24
38 28 24
93 83 2
90 80 4
32 22 24
91 81 3
85 75 6
92 82 3
48 38 24
23 13 24
69 59 16
87 77 5
49 39 24
86 76 5
88 78 4
23 13 24
32 22 24
30 20 24
35 25 24
81 71 8
92 82 3
93 83 2
80 70 9
82 72 7
43 33 24
84 74 6
78 68 10
88 78 4
16 6 24
96 86 1
37 27 24
25 15 24
95 85 2
84 74 6
87 77 5
49 39 24
87 77 5
93 83 2
96 86 1
35 25 24
97 87 1
67 57 18
16 6 24
40 30 24
88 78 4
82 72 7
97 87 1
77 67 10
63 53 22
90 80 4
94 84 2
96 86 1
46 36 24
67 57 18
61 51 24
77 67 10
82 72 7
29 19 24
70 60 16
97 87 1
60 50 24
82 72 7
96 86 1
79 69 9
81 71 8
69 59 16
23 13 24
97 87 1
73 63 13
72 62 14
63 53 22
36 26 24
47 37 24
97 87 1
65 55 20
96 86 1
87 77 5
88 78 4
93 83 2
63 53 22
37 27 24
73 63 13
91 81 3
85 75 6
78 68 10
81 71 8
49 39 24
94 84 2
35 25 24
16 6 24
55 45 24
38 28 24
89 79 4
73 63 13
60 50 24
69 59 16
96 86 1
86 76 5
37 27 24
91 81 3
38 28 24
63 53 22
87 77 5
80 70 9
45 35 24
77 67 10
61 51 24
62 52 23
42 32 24
95 85 2
84 74 6
89 79 4
76 66 11
59 49 24
94 84 2
90 80 4
96 86 1
66 56 19
96 86 1
77 67 10
16 6 22
77 67 10
23 13 22
93 83 2
60 50 22
98 88 1
70 60 16
83 73 7
59 49 22
84 74 6
92 82 3
82 72 7
26 16 22
76 66 11
98 88 1
78 68 10
91 81 3
36 26 22
88 78 4
91 81 3
84 74 6
96 86 1
98 88 1
75 65 12
82 72 7
56 46 22
88 78 4
67 57 18
76 66 11
71 61 15
59 49 22
73 63 13
63 53 22
93 83 2
73 63 13
13 3 22
41 31 22
77 67 10
85 75 6
40 30 22
76 66 11
65 55 20
93 83 2
58 48 22
71 61 15
97 87 1
92 82 3
65 55 20
95 85 2
35 25 22
55 45 22
86 76 5
53 43 22
25 15 22
96 86 1
66 56 19
63 53 22
37 27 22
90 80 4
76 66 11
59 49 22
25 15 22
81 71 8
39 29 22
96 86 1
96 86 1
98 88 1
84 74 6
51 41 22
90 80 4
84 74 6
95 85 2
23 13 22
89 79 4
90 80 4
55 45 22
98 88 1
87 77 5
98 88 1
98 88 1
39 29 22
78 68 10
61 51 22
97 87 1
31 21 22
95 85 2
86 76 5
94 84 2
36 26 22
95 85 2
85 75 6
65 55 20
65 55 20
70 60 16
36 26 22
72 62 14
56 46 22
58 48 22
37 27 22
95 85 2
64 54 21
55 45 22
30 20 22
52 42 22
59 49 22
59 49 22
87 77 5
98 88 1
78 68 10
70 60 16
74 64 12
47 37 20
81 71 8
35 25 20
62 52 20
32 22 20
78 68 10
47 37 20
89 79 4
97 87 1
87 77 5
94 84 2
17 7 20
63 53 20
27 17 20
97 87 1
66 56 19
62 52 20
73 63 13
64 54 20
77 67 10
98 88 1
49 39 20
80 70 9
91 81 3
60 50 20
95 85 2
51 41 20
30 20 20
59 49 20
38 28 20
94 84 2
76 66 11
86 76 5
78 68 10
67 57 18
18 8 20
61 51 20
89 79 4
96 86 1
46 36 20
66 56 19
16 6 20
68 58 17
90 80 4
98 88 1
64 54 20
41 31 20
99 89 1
38 28 20
80 70 9
56 46 20
99 89 1
48 38 20
96 86 1
57 47 20
65 55 20
83 73 7
28 18 20
94 84 2
38 28 20
76 66 11
69 59 16
99 89 1
92 82 3
98 88 1
56 46 20
97 87 1
91 81 3
94 84 2
95 85 2
48 38 20
91 81 3
82 72 7
89 79 4
14 4 20
89 79 4
92 82 3
92 82 3
91 81 3
98 88 1
93 83 2
57 47 20
68 58 17
98 88 1
59 49 20
91 81 3
99 89 1
93 83 2
94 84 2
49 39 20
89 79 4
72 62 14
81 71 8
94 84 2
96 86 1
99 89 1
32 22 20
98 88 1
47 37 20
99 89 1
94 84 2
26 16 20
66 56 19
20 10 18
81 71 8
94 84 2
98 88 1
44 34 18
53 43 18
90 80 4
96 86 1
81 71 8
99 89 1
86 76 5
83 73 7
92 82 3
99 89 1
38 28 18
70 60 16
51 41 18
20 10 18
47 37 18
100 90 1
46 36 18
71 61 15
76 66 11
86 76 5
11 1 18
98 88 1
99 89 1
95 85 2
45 35 18
55 45 18
100 90 1
96 86 1
94 84 2
93 83 2
99 89 1
16 6 18
94 84 2
18 8 18
93 83 2
90 80 4
86 76 5
70 60 16
31 21 18
60 50 18
73 63 13
49 39 18
55 45 18
83 73 7
44 34 18
86 76 5
95 85 2
100 90 1
98 88 1
83 73 7
69 59 16
99 89 1
59 49 18
36 26 18
51 41 18
98 88 1
34 24 18
98 88 1
82 72 7
81 71 8
96 86 1
90 80 4
44 34 18
73 63 13
73 63 13
93 83 2
96 86 1
94 84 2
100 90 1
31 21 18
40 30 18
46 36 18
94 84 2
36 26 18
12 2 18
97 87 1
95 85 2
92 82 3
46 36 18
93 83 2
88 78 4
55 45 18
67 57 18
95 85 2
99 89 1
80 70 9
85 75 6
65 55 18
21 11 18
66 56 18
98 88 1
76 66 11
81 71 8
89 79 4
96 86 1
91 81 3
89 79 4
66 56 16
15 5 16
85 75 6
95 85 2
74 64 12
97 87 1
87 77 5
65 55 16
87 77 5
76 66 11
60 50 16
98 88 1
21 11 16
69 59 16
78 68 10
22 12 16
82 72 7
94 84 2
94 84 2
16 6 16
78 68 10
82 72 7
78 68 10
65 55 16
28 18 16
19 9 16
87 77 5
75 65 12
89 79 4
95 85 2
25 15 16
92 82 3
90 80 4
29 19 16
95 85 2
15 5 16
84 74 6
53 43 16
89 79 4
82 72 7
51 41 16
101 91 0
93 83 2
17 7 16
94 84 2
37 27 16
96 86 1
81 71 8
99 89 1
82 72 7
67 57 16
94 84 2
71 61 15
27 17 16
87 77 5
94 84 2
43 33 16
81 71 8
80 70 9
22 12 16
48 38 16
47 37 16
52 42 16
75 65 12
18 8 16
39 29 16
98 88 1
81 71 8
12 2 16
37 27 16
74 64 12
71 61 15
68 58 16
80 70 9
63 53 16
24 14 16
99 89 1
84 74 6
90 80 4
96 86 1
97 87 1
96 86 1
51 41 16
41 31 16
58 48 16
89 79 4
30 20 16
78 68 10
101 91 0
69 59 16
83 73 7
100 90 1
98 88 1
91 81 3
92 82 3
96 86 1
90 80 4
69 59 16
78 68 10
73 63 13
94 84 2
84 74 6
97 87 1
101 91 0
99 89 1
52 42 16
100 90 1
26 16 16
85 75 6
98 88 1
81 71 8
50 40 16
48 38 16
93 83 2
29 19 16
67 57 16
96 86 1
100 90 1
31 21 16
33 23 16
88 78 4
101 91 0
100 90 1
37 27 16
43 33 16
97 87 1
96 86 1
99 89 1
16 6 16
94 84 2
55 45 16
67 57 14
79 69 9
66 56 14
87 77 5
78 68 10
60 50 14
49 39 14
95 85 2
72 62 14
40 30 14
77 67 10
51 41 14
78 68 10
95 85 2
64 54 14
59 49 14
72 62 14
91 81 3
37 27 14
76 66 11
68 58 14
84 74 6
96 86 1
98 88 1
102 92 0
101 91 0
58 48 14
91 81 3
89 79 4
95 85 2
101 91 0
102 92 0
48 38 14
98 88 1
52 42 14
18 8 14
96 86 1
64 54 14
95 85 2
98 88 1
13 3 14
94 84 2
81 71 8
93 83 2
54 44 14
95 85 2
86 76 5
48 38 14
34 24 14
94 84 2
61 51 14
64 54 14
67 57 14
91 81 3
97 87 1
87 77 5
49 39 14
26 16 14
79 69 9
87 77 5
21 11 14
36 26 14
79 69 9
99 89 1
71 61 14
101 91 0
55 45 14
67 57 14
98 88 1
20 10 14
91 81 3
96 86 1
66 56 14
55 45 14
98 88 1
49 39 14
52 42 14
65 55 14
85 75 6
88 78 4
90 80 4
89 79 4
102 92 0
100 90 1
97 87 1
79 69 9
92 82 3
102 92 0
47 37 14
84 74 6
71 61 14
96 86 1
96 86 1
74 64 12
64 54 14
99 89 1
78 68 10
79 69 9
101 91 0
101 91 0
71 61 14
19 9 14
100 90 1
62 52 14
67 57 14
95 85 2
101 91 0
64 54 14
99 89 1
83 73 7
35 25 14
97 87 1
61 51 14
102 92 0
100 90 1
88 78 4
90 80 4
46 36 14
24 14 14
64 54 14
75 65 12
59 49 14
100 90 1
14 4 14
63 53 14
101 91 0
73 63 13
88 78 4
62 52 12
57 47 12
90 80 4
93 83 2
100 90 1
68 58 12
102 92 0
83 73 7
61 51 12
97 87 1
65 55 12
55 45 12
61 51 12
76 66 11
43 33 12
87 77 5
99 89 1
17 7 12
92 82 3
69 59 12
89 79 4
81 71 8
73 63 12
54 44 12
92 82 3
59 49 12
100 90 1
63 53 12
93 83 2
81 71 8
99 89 1
37 27 12
103 93 0
60 50 12
97 87 1
27 17 12
95 85 2
45 35 12
92 82 3
81 71 8
77 67 10
93 83 2
90 80 4
76 66 11
70 60 12
99 89 1
95 85 2
95 85 2
49 39 12
28 18 12
99 89 1
103 93 0
72 62 12
76 66 11
40 30 12
50 40 12
95 85 2
91 81 3
102 92 0
102 92 0
94 84 2
84 74 6
21 11 12
21 11 12
82 72 7
102 92 0
97 87 1
96 86 1
77 67 10
98 88 1
94 84 2
98 88 1
85 75 6
103 93 0
86 76 5
19 9 12
68 58 12
56 46 12
100 90 1
78 68 10
82 72 7
43 33 12
89 79 4
94 84 2
85 75 6
51 41 12
103 93 0
97 87 1
86 76 5
74 64 12
103 93 0
101 91 0
80 70 9
88 78 4
95 85 2
82 72 7
79 69 9
99 89 1
48 38 12
37 27 12
77 67 10
81 71 8
98 88 1
54 44 12
59 49 12
97 87 1
77 67 10
90 80 4
35 25 12
93 83 2
82 72 7
44 34 12
29 19 12
86 76 5
22 12 12
68 58 12
98 88 1
15 5 12
34 24 12
103 93 0
79 69 9
37 27 12
73 63 12
96 86 1
100 90 1
74 64 12
93 83 2
68 58 12
69 59 12
93 83 2
91 81 3
99 89 1
85 75 6
69 59 12
28 18 12
49 39 12
94 84 2
92 82 3
93 83 2
102 92 0
102 92 0
48 38 12
24 14 12
24 14 12
22 12 12
83 73 7
97 87 1
73 63 12
98 88 1
76 66 11
70 60 12
36 26 10
103 93 0
74 64 10
19 9 10
21 11 10
100 90 1
68 58 10
38 28 10
52 42 10
102 92 0
98 88 1
24 14 10
103 93 0
98 88 1
96 86 1
104 94 0
84 74 6
44 34 10
100 90 1
54 44 10
72 62 10
11 1 10
44 34 10
92 82 3
76 66 10
90 80 4
100 90 1
95 85 2
100 90 1
11 1 10
75 65 10
77 67 10
84 74 6
101 91 0
28 18 10
100 90 1
97 87 1
103 93 0
60 50 10
28 18 10
104 94 0
99 89 1
78 68 10
67 57 10
64 54 10
86 76 5
31 21 10
83 73 7
62 52 10
91 81 3
104 94 0
104 94 0
103 93 0
56 46 10
102 92 0
37 27 10
71 61 10
85 75 6
18 8 10
25 15 10
71 61 10
81 71 8
99 89 1
69 59 10
83 73 7
86 76 5
66 56 10
14 4 10
53 43 10
88 78 4
99 89 1
84 74 6
103 93 0
42 32 10
104 94 0
85 75 6
24 14 10
103 93 0
98 88 1
63 53 10
99 89 1
94 84 2
54 44 10
101 91 0
84 74 6
67 57 10
85 75 6
98 88 1
99 89 1
62 52 10
80 70 9
80 70 9
50 40 10
89 79 4
38 28 10
78 68 10
35 25 10
94 84 2
87 77 5
79 69 9
83 73 7
24 14 10
90 80 4
104 94 0
78 68 10
102 92 0
51 41 10
24 14 10
100 90 1
26 16 10
99 89 1
101 91 0
67 57 10
90 80 4
84 74 6
103 93 0
90 80 4
100 90 1
103 93 0
36 26 10
70 60 10
97 87 1
103 93 0
31 21 10
103 93 0
104 94 0
44 34 10
98 88 1
61 51 10
84 74 6
76 66 10
97 87 1
27 17 10
29 19 10
78 68 10
101 91 0
95 85 2
102 92 0
37 27 8
33 23 8
37 27 8
94 84 2
97 87 1
96 86 1
70 60 8
93 83 2
84 74 6
87 77 5
99 89 1
11 1 8
99 89 1
105 95 0
103 93 0
31 21 8
90 80 4
102 92 0
57 47 8
26 16 8
48 38 8
81 71 8
36 26 8
33 23 8
89 79 4
55 45 8
40 30 8
84 74 6
76 66 8
79 69 8
12 2 8
62 52 8
88 78 4
93 83 2
101 91 0
56 46 8
87 77 5
67 57 8
101 91 0
56 46 8
59 49 8
44 34 8
83 73 7
59 49 8
26 16 8
78 68 8
71 61 8
92 82 3
104 94 0
81 71 8
102 92 0
104 94 0
31 21 8
94 84 2
29 19 8
103 93 0
102 92 0
61 51 8
80 70 8
89 79 4
105 95 0
91 81 3
105 95 0
105 95 0
103 93 0
75 65 8
31 21 8
66 56 8
93 83 2
90 80 4
72 62 8
98 88 1
89 79 4
94 84 2
70 60 8
86 76 5
87 77 5
54 44 8
89 79 4
94 84 2
73 63 8
13 3 8
27 17 8
100 90 1
98 88 1
100 90 1
91 81 3
74 64 8
90 80 4
95 85 2
102 92 0
63 53 8
103 93 0
64 54 8
98 88 1
105 95 0
102 92 0
93 83 2
89 79 4
96 86 1
102 92 0
77 67 8
104 94 0
42 32 8
95 85 2
76 66 8
104 94 0
105 95 0
48 38 8
78 68 8
89 79 4
97 87 1
98 88 1
33 23 8
47 37 8
26 16 8
93 83 2
105 95 0
100 90 1
104 94 0
88 78 4
58 48 8
83 73 7
87 77 5
26 16 8
70 60 8
104 94 0
55 45 8
81 71 8
103 93 0
83 73 7
85 75 6
77 67 8
103 93 0
89 79 4
104 94 0
84 74 6
20 10 8
97 87 1
54 44 8
103 93 0
89 79 4
95 85 2
83 73 6
93 83 2
103 93 0
45 35 6
59 49 6
94 84 2
82 72 6
106 96 0
63 53 6
94 84 2
96 86 1
89 79 4
101 91 0
53 43 6
106 96 0
104 94 0
98 88 1
105 95 0
54 44 6
96 86 1
55 45 6
105 95 0
72 62 6
98 88 1
101 91 0
103 93 0
101 91 0
75 65 6
22 12 6
85 75 6
80 70 6
103 93 0
106 96 0
97 87 1
96 86 1
103 93 0
106 96 0
85 75 6
105 95 0
76 66 6
30 20 6
92 82 3
103 93 0
96 86 1
66 56 6
102 92 0
103 93 0
104 94 0
100 90 1
101 91 0
100 90 1
36 26 6
96 86 1
97 87 1
97 87 1
104 94 0
94 84 2
106 96 0
71 61 6
101 91 0
81 71 6
63 53 6
89 79 4
106 96 0
63 53 6
102 92 0
92 82 3
43 33 6
106 96 0
77 67 6
104 94 0
99 89 1
89 79 4
106 96 0
90 80 4
95 85 2
105 95 0
102 92 0
89 79 4
26 16 6
60 50 6
67 57 6
32 22 6
104 94 0
79 69 6
52 42 6
97 87 1
103 93 0
90 80 4
12 2 6
94 84 2
101 91 0
42 32 6
99 89 1
104 94 0
84 74 6
87 77 5
106 96 0
66 56 6
100 90 1
19 9 6
44 34 6
106 96 0
97 87 1
74 64 6
95 85 2
67 57 6
21 11 6
92 82 3
75 65 6
106 96 0
35 25 6
104 94 0
97 87 1
94 84 2
101 91 0
83 73 6
45 35 6
105 95 0
103 93 0
63 53 6
88 78 4
100 90 1
102 92 0
89 79 4
79 69 6
106 96 0
94 84 2
91 81 3
103 93 0
104 94 0
45 35 6
26 16 6
105 95 0
104 94 0
46 36 6
99 89 1
69 59 6
106 96 0
93 83 2
22 12 6
89 79 4
64 54 6
72 62 6
97 87 1
29 19 6
93 83 2
89 79 4
105 95 0
50 40 6
101 91 0
105 95 0
98 88 1
42 32 6
83 73 6
105 95 0
31 21 6
72 62 6
104 94 0
66 56 6
89 79 4
93 83 2
92 82 3
96 86 1
86 76 4
104 94 0
85 75 4
99 89 1
44 34 4
94 84 2
107 97 0
97 87 1
51 41 4
95 85 2
98 88 1
60 50 4
42 32 4
67 57 4
99 89 1
80 70 4
97 87 1
100 90 1
101 91 0
83 73 4
84 74 4
103 93 0
102 92 0
107 97 0
106 96 0
51 41 4
84 74 4
90 80 4
49 39 4
91 81 3
75 65 4
20 10 4
99 89 1
89 79 4
77 67 4
66 56 4
87 77 4
85 75 4
86 76 4
105 95 0
75 65 4
107 97 0
104 94 0
106 96 0
94 84 2
78 68 4
106 96 0
98 88 1
98 88 1
104 94 0
16 6 4
36 26 4
98 88 1
83 73 4
94 84 2
103 93 0
106 96 0
106 96 0
107 97 0
67 57 4
71 61 4
106 96 0
53 43 4
107 97 0
17 7 4
54 44 4
79 69 4
38 28 4
93 83 2
106 96 0
98 88 1
107 97 0
82 72 4
72 62 4
64 54 4
95 85 2
76 66 4
106 96 0
106 96 0
28 18 4
103 93 0
102 92 0
102 92 0
102 92 0
82 72 4
88 78 4
107 97 0
78 68 4
105 95 0
106 96 0
104 94 0
97 87 1
65 55 4
98 88 1
23 13 4
107 97 0
84 74 4
78 68 4
52 42 4
100 90 1
105 95 0
105 95 0
105 95 0
23 13 4
98 88 1
106 96 0
106 96 0
83 73 4
100 90 1
93 83 2
107 97 0
104 94 0
52 42 4
79 69 4
30 20 4
96 86 1
101 91 0
89 79 4
97 87 1
23 13 4
79 69 4
82 72 4
48 38 4
44 34 4
45 35 4
75 65 4
96 86 1
106 96 0
28 18 4
103 93 0
99 89 1
88 78 4
91 81 3
106 96 0
65 55 4
101 91 0
103 93 0
21 11 4
102 92 0
107 97 0
106 96 0
90 80 4
107 97 0
106 96 0
104 94 0
96 86 1
97 87 1
106 96 0
102 92 0
22 12 4
57 47 4
104 94 0
107 97 0
106 96 0
86 76 4
11 1 4
50 40 4
68 58 4
33 23 4
104 94 0
72 62 4
100 90 1
16 6 4
103 93 0
104 94 0
58 48 4
82 72 4
95 85 2
98 88 1
104 94 0
75 65 2
66 56 2
108 98 0
92 82 2
47 37 2
87 77 2
107 97 0
15 5 2
103 93 0
102 92 0
100 90 1
105 95 0
103 93 0
55 45 2
94 84 2
105 95 0
106 96 0
108 98 0
101 91 0
30 20 2
100 90 1
108 98 0
92 82 2
53 43 2
55 45 2
25 15 2
103 93 0
107 97 0
61 51 2
102 92 0
57 47 2
84 74 2
108 98 0
107 97 0
22 12 2
33 23 2
79 69 2
71 61 2
106 96 0
108 98 0
96 86 1
88 78 2
107 97 0
105 95 0
108 98 0
42 32 2
107 97 0
67 57 2
80 70 2
72 62 2
105 95 0
106 96 0
29 19 2
104 94 0
108 98 0
101 91 0
84 74 2
108 98 0
95 85 2
20 10 2
33 23 2
53 43 2
108 98 0
107 97 0
108 98 0
108 98 0
20 10 2
93 83 2
106 96 0
107 97 0
21 11 2
98 88 1
73 63 2
80 70 2
43 33 2
103 93 0
108 98 0
103 93 0
100 90 1
108 98 0
83 73 2
43 33 2
58 48 2
101 91 0
107 97 0
107 97 0
108 98 0
108 98 0
75 65 2
95 85 2
103 93 0
40 30 2
107 97 0
47 37 2
107 97 0
107 97 0
106 96 0
41 31 2
92 82 2
107 97 0
101 91 0
102 92 0
70 60 2
91 81 2
45 35 2
106 96 0
37 27 2
13 3 2
25 15 2
90 80 2
103 93 0
92 82 2
91 81 2
99 89 1
105 95 0
70 60 2
84 74 2
105 95 0
33 23 2
86 76 2
94 84 2
87 77 2
92 82 2
36 26 2
107 97 0
90 80 2
91 81 2
82 72 2
98 88 1
108 98 0
48 38 2
102 92 0
47 37 2
73 63 2
60 50 2
103 93 0
105 95 0
44 34 2
103 93 0
62 52 2
106 96 0
105 95 0
59 49 2
73 63 2
103 93 0
86 76 2
51 41 2
95 85 2
99 89 1
21 11 2
48 38 2
90 80 2
107 97 0
103 93 0
29 19 2
101 91 0
75 65 2
31 21 2
93 83 2
92 82 2
107 97 0
105 95 0
99 89 1
107 97 0
108 98 0
11 1 2
33 23 2
25 15 2
84 74 2
106 96 0
72 62 2
97 87 1
100 90 1
63 53 2
108 98 0
68 58 2
103 93 0
105 95 0
106 96 0
71 61 2
102 92 0
53 43 2
24 14 2
53 43 2
108 98 0
102 92 0
99 89 1
85 75 2
104 94 0
84 74 2
69 59 2
31 21 2
106 96 0
100 90 1
27 17 2
96 86 1
101 91 0
99 89 1
103 93 0
83 73 2
97 87 1
97 87 1
34 24 2
104 94 0
104 94 0
105 95 0
103 93 0
89 79 2
82 72 2
109 99 0
107 97 0
110 100 0
89 79 0
110 100 0
110 100 0
72 62 0
108 98 0
29 19 0
103 93 0
110 100 0
88 78 0
100 90 0
109 99 0
107 97 0
103 93 0
109 99 0
90 80 0
109 99 0
73 63 0
109 99 0
109 99 0
103 93 0
32 22 0
108 98 0
77 67 0
94 84 0
94 84 0
109 99 0
102 92 0
107 97 0
101 91 0
109 99 0
109 99 0
110 100 0
110 100 0
110 100 0
83 73 0
108 98 0
97 87 0
26 16 0
103 93 0
105 95 0
33 23 0
110 100 0
79 69 0
79 69 0
17 7 0
110 100 0
110 100 0
108 98 0
110 100 0
45 35 0
109 99 0
110 100 0
109 99 0
105 95 0
110 100 0
107 97 0
105 95 0
108 98 0
110 100 0
110 100 0
80 70 0
107 97 0
106 96 0
110 100 0
71 61 0
107 97 0
110 100 0
110 100 0
107 97 0
109 99 0
109 99 0
53 43 0
109 99 0
109 99 0
108 98 0
110 100 0
110 100 0
110 100 0
110 100 0
96 86 0
108 98 0
103 93 0
101 91 0
104 94 0
99 89 0
109 99 0
108 98 0
36 26 0
110 100 0
109 99 0
106 96 0
109 99 0
86 76 0
33 23 0
109 99 0
65 55 0
109 99 0
107 97 0
96 86 0
69 59 0
88 78 0
110 100 0
106 96 0
101 91 0
105 95 0
109 99 0
80 70 0
105 95 0
11 1 0
107 97 0
110 100 0
102 92 0
107 97 0
107 97 0
33 23 0
107 97 0
93 83 0
43 33 0
109 99 0
109 99 0
109 99 0
110 100 0
109 99 0
104 94 0
109 99 0
106 96 0
110 100 0
106 96 0
83 73 0
78 68 0
110 100 0
108 98 0
110 100 0
79 69 0
106 96 0
74 64 0
108 98 0
110 100 0
104 94 0
104 94 0
109 99 0
110 100 0
55 45 0
57 47 0
109 99 0
103 93 0
108 98 0
96 86 0
82 72 0
104 94 0
107 97 0
101 91 0
19 9 0
106 96 0
102 92 0
16 6 0
93 83 0
109 99 0
46 36 0
107 97 0
109 99 0
102 92 0
100 90 0
105 95 0
107 97 0
89 79 0
20 10 0
21 11 0
103 93 0
108 98 0
109 99 0
109 99 0
75 65 0
104 94 0
109 99 0
100 90 0
20 10 0
14 4 0
108 98 0
104 94 0
110 100 0
83 73 0
108 98 0
66 56 0
106 96 0
104 94 0
102 92 0
76 66 0
110 100 0
109 99 0
103 93 0
110 100 0
91 81 0
95 85 0
107 97 0
89 79 0
104 94 0
55 45 0
108 98 0
110 100 0
103 93 0
105 95 0
68 58 0
107 97 0
84 74 0
110 100 0
106 96 0
103 93 0
53 43 0
66 56 0
110 100 0
84 74 0
108 98 0
110 100 0
47 37 0
86 76 0
57 47 0
110 100 0
109 99 0
102 92 0
109 99 0
58 48 0
108 98 0
110 100 0
90 80 0
108 98 0
109 99 0
110 100 0
108 98 0
110 100 0
108 98 0
104 94 0
108 98 0
44 34 0
108 98 0
107 97 0
77 67 0
110 100 0
106 96 0
86 76 0
110 100 0
106 96 0
33 23 0
110 100 0
110 100 0
18 8 0
108 98 0
36 26 0
108 98 0
110 100 0
102 92 0
110 100 0
37 27 0
84 74 0
107 97 0
110 100 0
51 41 0
108 98 0
110 100 0
108 98 0
104 94 0
106 96 0
101 91 0
105 95 0
70 60 0
110 100 0
51 41 0
107 97 0
94 84 0
109 99 0
108 98 0
102 92 0
58 48 0
108 98 0
108 98 0
108 98 0
82 72 0
109 99 0
110 100 0
106 96 0
69 59 0
106 96 0
61 51 0
106 96 0
92 82 0
30 20 0
99 89 0
15 5 0
24 14 0
44 34 0
109 99 0
92 82 0
90 80 0
109 99 0
84 74 0
91 81 0
103 93 0
101 91 0
82 72 0
27 17 0
110 100 0
110 100 0
108 98 0
99 89 0
109 99 0
80 70 0
97 87 0
95 85 0
67 57 0
110 100 0
61 51 0
108 98 0
72 62 0
43 33 0
97 87 0
110 100 0
110 100 0
110 100 0
51 41 0
110 100 0
16 6 0
82 72 0
56 46 0
79 69 0
91 81 0
109 99 0
