1000 100 4.3589
1 11 79
4 14 73
4 14 73
6 16 70
7 17 68
9 19 65
5 15 72
5 15 72
13 23 59
7 17 68
8 18 67
2 12 77
13 23 59
8 18 67
3 13 75
6 16 70
14 24 57
13 23 59
10 20 64
14 24 57
17 27 53
7 17 68
5 15 72
10 20 64
18 28 51
16 26 54
15 25 56
9 19 65
17 27 53
17 27 53
8 18 67
4 14 73
18 28 51
9 19 65
19 29 50
3 13 75
2 12 77
16 26 54
6 16 70
12 22 60
20 30 49
14 24 57
8 18 67
23 33 44
22 32 46
2 12 77
4 14 73
23 33 44
17 27 53
23 33 44
18 28 51
17 27 53
17 27 53
3 13 75
28 38 38
18 28 51
21 31 47
5 15 72
27 37 39
19 29 50
12 22 60
12 22 60
25 35 42
5 15 72
24 34 43
31 41 34
14 24 57
32 42 33
17 27 53
33 43 32
15 25 56
34 44 31
33 43 32
18 28 51
2 12 77
12 22 60
6 16 70
31 41 34
30 40 36
22 32 46
17 27 53
34 44 31
16 26 54
19 29 50
19 29 50
33 43 32
18 28 51
29 39 37
5 15 72
24 34 43
12 22 60
14 24 57
4 14 73
36 46 29
31 41 34
27 37 39
35 45 30
36 46 29
7 17 68
22 32 46
19 29 50
15 25 56
36 46 29
6 16 70
9 19 65
28 38 38
26 36 40
30 40 36
4 14 73
35 45 30
21 31 47
18 28 51
24 34 43
13 23 59
14 24 57
17 27 53
28 38 38
38 48 27
26 36 40
23 33 44
6 16 70
25 35 42
20 30 49
4 14 73
37 47 28
41 51 24
28 38 38
34 44 31
20 30 49
3 13 75
16 26 54
23 33 44
23 33 44
19 29 50
29 39 37
4 14 73
41 51 24
37 47 28
28 38 38
28 38 38
22 32 46
21 31 47
30 40 36
8 18 67
24 34 43
22 32 46
44 54 21
11 21 62
6 16 70
40 50 25
17 27 53
46 56 19
46 56 19
46 56 19
18 28 51
34 44 31
32 42 33
35 45 30
1 11 79
43 53 22
43 53 22
45 55 20
41 51 24
1 11 79
3 13 75
43 53 22
25 35 42
48 58 17
48 58 17
10 20 64
45 55 20
43 53 22
42 52 23
30 40 36
3 13 75
40 50 25
34 44 31
47 57 18
5 15 72
24 34 43
25 35 42
15 25 56
14 24 57
22 32 46
43 53 22
42 52 23
22 32 46
18 28 51
50 60 16
18 28 51
7 17 68
46 56 19
40 50 25
11 21 62
36 46 29
11 21 62
52 62 14
19 29 50
20 30 49
7 17 68
27 37 39
47 57 18
47 57 18
7 17 68
52 62 14
39 49 26
9 19 65
28 38 38
26 36 40
21 31 47
29 39 37
53 63 13
31 41 34
39 49 26
45 55 20
40 50 25
50 60 16
26 36 40
47 57 18
48 58 17
16 26 54
56 66 11
37 47 28
12 22 60
37 47 28
8 18 66
48 58 17
49 59 16
26 36 40
50 60 16
43 53 22
17 27 53
34 44 31
7 17 64
49 59 16
31 41 34
32 42 33
49 59 16
58 68 10
27 37 39
22 32 46
48 58 17
40 50 25
30 40 36
41 51 24
28 38 38
40 50 25
21 31 47
51 61 15
49 59 16
24 34 43
5 15 60
36 46 29
52 62 14
50 60 16
58 68 10
15 25 56
34 44 31
45 55 20
39 49 26
60 70 9
21 31 47
15 25 56
27 37 39
53 63 13
51 61 15
59 69 9
1 11 56
55 65 12
60 70 9
42 52 23
28 38 38
14 24 56
7 17 56
31 41 34
58 68 10
60 70 9
58 68 10
55 65 12
4 14 54
36 46 29
58 68 10
53 63 13
21 31 47
58 68 10
16 26 52
39 49 26
56 66 11
54 64 12
21 31 47
39 49 26
28 38 38
41 51 24
28 38 38
64 74 6
18 28 50
57 67 10
49 59 16
46 56 19
33 43 32
51 61 15
52 62 14
55 65 12
24 34 43
26 36 40
54 64 12
55 65 12
49 59 16
56 66 11
8 18 48
47 57 18
32 42 33
33 43 32
65 75 6
1 11 48
33 43 32
42 52 23
23 33 44
16 26 48
19 29 48
30 40 36
62 72 7
22 32 46
39 49 26
22 32 46
35 45 30
23 33 44
31 41 34
29 39 37
1 11 46
11 21 46
63 73 7
7 17 46
20 30 46
43 53 22
57 67 10
50 60 16
10 20 46
65 75 6
37 47 28
40 50 25
67 77 5
21 31 44
15 25 44
11 21 44
7 17 44
28 38 38
35 45 30
61 71 8
55 65 12
50 60 16
52 62 14
21 31 44
65 75 6
59 69 9
21 31 42
37 47 28
64 74 6
44 54 21
48 58 17
58 68 10
67 77 5
45 55 20
55 65 12
51 61 15
54 64 12
31 41 34
2 12 40
41 51 24
64 74 6
41 51 24
47 57 18
50 60 16
67 77 5
55 65 12
67 77 5
28 38 38
63 73 7
16 26 40
61 71 8
59 69 9
59 69 9
42 52 23
66 76 5
51 61 15
57 67 10
63 73 7
48 58 17
21 31 38
59 69 9
68 78 4
65 75 6
61 71 8
36 46 29
4 14 38
66 76 5
46 56 19
42 52 23
57 67 10
14 24 36
69 79 4
1 11 36
63 73 7
38 48 27
21 31 36
61 71 8
57 67 10
9 19 36
57 67 10
52 62 14
38 48 27
1 11 34
41 51 24
43 53 22
35 45 30
23 33 34
43 53 22
23 33 34
64 74 6
61 71 8
25 35 34
34 44 31
72 82 3
1 11 34
65 75 6
52 62 14
51 61 15
41 51 24
67 77 5
67 77 5
13 23 32
12 22 32
6 16 32
11 21 32
72 82 3
56 66 11
51 61 15
67 77 5
12 22 32
27 37 32
73 83 2
61 71 8
40 50 25
36 46 29
70 80 4
32 42 30
72 82 3
30 40 30
55 65 12
67 77 5
38 48 27
54 64 12
50 60 16
28 38 30
24 34 28
68 78 4
43 53 22
54 64 12
68 78 4
71 81 3
72 82 3
46 56 19
4 14 28
67 77 5
60 70 9
61 71 8
66 76 5
70 80 4
73 83 2
54 64 12
37 47 28
32 42 28
73 83 2
6 16 28
63 73 7
1 11 28
68 78 4
53 63 13
53 63 13
32 42 26
17 27 26
71 81 3
64 74 6
60 70 9
58 68 10
54 64 12
56 66 11
57 67 10
69 79 4
30 40 26
63 73 7
5 15 26
62 72 7
61 71 8
42 52 23
9 19 26
76 86 1
28 38 26
70 80 4
55 65 12
62 72 7
59 69 9
74 84 2
65 75 6
68 78 4
75 85 2
75 85 2
60 70 9
38 48 24
28 38 24
75 85 2
67 77 5
77 87 1
42 52 23
64 74 6
35 45 24
26 36 24
63 73 7
77 87 1
9 19 24
6 16 24
63 73 7
77 87 1
75 85 2
74 84 2
9 19 22
51 61 15
64 74 6
69 79 4
70 80 4
44 54 21
9 19 22
67 77 5
49 59 16
71 81 3
69 79 4
46 56 19
62 72 7
57 67 10
76 86 1
66 76 5
2 12 22
65 75 6
77 87 1
47 57 18
43 53 20
20 30 20
70 80 4
77 87 1
47 57 18
55 65 12
77 87 1
8 18 20
29 39 20
50 60 16
77 87 1
77 87 1
13 23 20
76 86 1
73 83 2
68 78 4
77 87 1
33 43 18
76 86 1
38 48 18
29 39 18
42 52 18
73 83 2
80 90 1
66 76 5
49 59 16
72 82 3
46 56 18
15 25 18
77 87 1
80 90 1
65 75 6
76 86 1
72 82 3
60 70 9
16 26 18
79 89 1
43 53 18
55 65 12
37 47 18
16 26 18
36 46 18
77 87 1
66 76 5
78 88 1
60 70 9
77 87 1
64 74 6
70 80 4
79 89 1
81 91 0
72 82 3
53 63 13
67 77 5
41 51 16
60 70 9
10 20 16
24 34 16
26 36 16
65 75 6
30 40 16
45 55 16
58 68 10
47 57 16
62 72 7
26 36 16
59 69 9
81 91 0
47 57 16
59 69 9
51 61 15
15 25 16
77 87 1
80 90 1
70 80 4
69 79 4
14 24 14
82 92 0
37 47 14
80 90 1
79 89 1
76 86 1
17 27 14
82 92 0
72 82 3
73 83 2
16 26 14
37 47 14
78 88 1
40 50 14
73 83 2
7 17 14
73 83 2
61 71 8
81 91 0
75 85 2
78 88 1
30 40 14
64 74 6
74 84 2
76 86 1
60 70 9
76 86 1
75 85 2
78 88 1
79 89 1
65 75 6
83 93 0
67 77 5
55 65 12
80 90 1
78 88 1
75 85 2
19 29 12
14 24 12
66 76 5
47 57 12
30 40 12
79 89 1
76 86 1
65 75 6
57 67 10
80 90 1
26 36 10
81 91 0
80 90 1
55 65 10
71 81 3
80 90 1
36 46 10
82 92 0
84 94 0
31 41 10
60 70 9
3 13 10
74 84 2
78 88 1
66 76 5
74 84 2
64 74 6
81 91 0
56 66 10
34 44 10
69 79 4
66 76 5
83 93 0
29 39 8
83 93 0
71 81 3
84 94 0
77 87 1
81 91 0
34 44 8
16 26 8
53 63 8
20 30 8
74 84 2
51 61 8
83 93 0
83 93 0
84 94 0
71 81 3
84 94 0
71 81 3
74 84 2
76 86 1
30 40 8
81 91 0
81 91 0
13 23 8
82 92 0
30 40 8
85 95 0
35 45 8
60 70 8
80 90 1
32 42 8
76 86 1
81 91 0
45 55 8
82 92 0
11 21 6
79 89 1
16 26 6
74 84 2
82 92 0
81 91 0
81 91 0
74 84 2
70 80 4
86 96 0
19 29 6
83 93 0
76 86 1
84 94 0
30 40 6
50 60 6
76 86 1
2 12 6
82 92 0
82 92 0
73 83 2
28 38 6
55 65 6
62 72 6
77 87 1
76 86 1
45 55 6
86 96 0
85 95 0
81 91 0
84 94 0
83 93 0
77 87 1
77 87 1
31 41 4
73 83 2
71 81 3
69 79 4
84 94 0
52 62 4
71 81 3
74 84 2
83 93 0
4 14 4
72 82 3
61 71 4
80 90 1
15 25 4
49 59 4
60 70 4
84 94 0
71 81 3
25 35 4
63 73 4
44 54 4
84 94 0
87 97 0
87 97 0
76 86 1
74 84 2
58 68 4
71 81 3
85 95 0
79 89 1
87 97 0
84 94 0
65 75 4
39 49 4
35 45 4
84 94 0
70 80 4
70 80 2
87 97 0
85 95 0
83 93 0
82 92 0
79 89 1
76 86 1
61 71 2
71 81 2
77 87 1
88 98 0
84 94 0
60 70 2
7 17 2
83 93 0
26 36 2
87 97 0
79 89 1
39 49 2
25 35 2
81 91 0
86 96 0
86 96 0
56 66 2
8 18 2
85 95 0
85 95 0
62 72 2
43 53 2
88 98 0
81 91 0
62 72 2
87 97 0
88 98 0
83 93 0
86 96 0
79 89 1
81 91 0
88 98 0
85 95 0
87 97 0
98 100 0
95 100 0
91 100 0
21 31 0
63 73 0
89 99 0
96 100 0
97 100 0
100 100 0
89 99 0
91 100 0
99 100 0
100 100 0
96 100 0
17 27 0
4 14 0
91 100 0
90 100 0
92 100 0
97 100 0
93 100 0
92 100 0
93 100 0
91 100 0
95 100 0
89 99 0
91 100 0
33 43 0
100 100 0
55 65 0
94 100 0
84 94 0
98 100 0
93 100 0
93 100 0
89 99 0
96 100 0
100 100 0
77 87 0
93 100 0
99 100 0
39 49 0
71 81 0
97 100 0
89 99 0
88 98 0
93 100 0
81 91 0
99 100 0
64 74 0
98 100 0
87 97 0
92 100 0
89 99 0
92 100 0
93 100 0
93 100 0
90 100 0
96 100 0
93 100 0
94 100 0
97 100 0
96 100 0
68 78 0
76 86 0
61 71 0
100 100 0
10 20 0
88 98 0
90 100 0
94 100 0
78 88 0
92 100 0
93 100 0
91 100 0
57 67 0
98 100 0
94 100 0
99 100 0
89 99 0
66 76 0
98 100 0
100 100 0
98 100 0
93 100 0
96 100 0
95 100 0
85 95 0
87 97 0
100 100 0
87 97 0
72 82 0
95 100 0
97 100 0
48 58 0
94 100 0
94 100 0
74 84 0
87 97 0
98 100 0
91 100 0
100 100 0
95 100 0
93 100 0
90 100 0
90 100 0
95 100 0
97 100 0
89 99 0
92 100 0
97 100 0
95 100 0
94 100 0
99 100 0
93 100 0
54 64 0
100 100 0
94 100 0
89 99 0
98 100 0
95 100 0
100 100 0
97 100 0
94 100 0
96 100 0
97 100 0
96 100 0
91 100 0
91 100 0
97 100 0
91 100 0
100 100 0
99 100 0
94 100 0
94 100 0
97 100 0
95 100 0
89 99 0
92 100 0
94 100 0
93 100 0
99 100 0
99 100 0
100 100 0
96 100 0
98 100 0
79 89 0
96 100 0
99 100 0
95 100 0
88 98 0
4 14 0
96 100 0
27 37 0
92 100 0
93 100 0
89 99 0
98 100 0
93 100 0
90 100 0
90 100 0
95 100 0
