500 100 4.3589
1 2 96
2 6 88
11 5 90
6 7 86
11 8 84
8 16 70
11 17 68
1 3 94
9 11 79
18 13 75
9 1 98
1 6 88
1 2 96
10 8 84
1 4 92
8 1 98
8 13 75
3 12 77
18 20 64
24 14 73
17 17 68
31 27 53
30 21 62
6 12 77
1 1 98
27 24 57
23 31 47
7 16 70
11 20 64
20 21 62
36 32 46
11 4 92
10 12 77
20 28 51
14 13 75
7 4 92
29 23 59
39 33 44
13 4 92
9 4 92
39 32 46
16 12 77
34 35 42
42 37 39
32 40 36
12 16 70
38 40 36
30 40 36
40 39 37
19 9 82
24 34 43
34 32 46
40 42 33
20 22 60
15 13 75
52 44 31
11 9 82
1 7 86
9 8 84
8 3 94
4 10 81
24 34 43
31 39 37
2 5 90
23 18 67
13 22 60
25 33 44
51 45 30
20 16 70
23 32 46
1 2 94
18 28 51
33 31 47
40 46 29
48 42 33
35 45 30
19 23 59
4 8 84
35 41 34
24 29 50
25 21 62
47 42 33
24 30 49
47 47 28
46 51 24
14 21 62
25 30 49
19 10 81
37 29 50
28 37 39
36 45 30
66 57 18
2 12 77
35 36 40
17 24 57
12 19 65
29 19 65
46 46 29
8 16 70
19 10 81
18 9 82
14 6 82
45 39 37
44 42 33
39 40 36
56 54 21
30 38 38
44 47 28
65 57 18
57 55 20
13 20 64
63 58 17
53 61 15
48 41 34
52 42 33
43 41 34
33 42 33
20 22 60
15 16 70
40 50 25
54 57 18
23 14 72
38 47 28
59 53 22
51 49 26
64 61 15
62 58 17
45 53 22
1 6 68
43 37 39
24 30 49
22 20 64
57 58 17
23 26 54
9 7 66
67 57 18
11 4 66
73 64 12
38 38 38
52 54 21
2 2 64
6 14 64
12 17 62
43 51 24
28 38 38
38 42 33
43 36 40
7 1 60
9 7 60
14 8 60
58 64 12
5 6 60
69 60 16
45 54 21
43 49 26
52 54 21
16 12 58
17 20 56
66 59 16
1 1 56
1 1 56
58 62 14
28 37 39
40 33 44
60 70 9
63 67 10
56 52 23
10 1 52
59 50 25
1 5 52
51 43 32
46 40 36
35 43 32
43 51 24
53 60 16
5 13 50
3 9 50
70 62 14
26 25 50
81 74 6
61 58 17
77 72 7
8 18 48
63 59 16
66 66 11
76 66 11
17 13 48
56 66 11
70 60 16
56 66 11
83 75 6
40 31 46
54 63 13
31 38 38
62 70 9
26 27 46
50 45 30
68 66 11
68 58 17
35 43 32
69 68 10
63 69 9
1 11 44
34 35 42
65 75 6
72 78 4
21 22 42
61 59 16
31 27 42
82 73 7
9 17 42
65 55 20
40 41 34
60 55 20
78 72 7
54 59 16
31 31 40
18 10 40
42 45 30
13 8 38
11 16 38
60 60 16
35 35 36
20 26 36
72 63 13
9 1 36
23 18 36
37 46 29
33 42 33
63 73 7
79 77 5
1 8 34
58 54 21
58 65 12
25 30 34
25 22 34
46 43 32
57 62 14
12 19 34
70 63 13
30 21 34
85 81 3
83 80 4
52 52 23
4 14 32
78 82 3
52 47 28
82 73 7
55 60 16
6 8 32
53 55 20
2 2 32
89 82 3
81 77 5
57 67 10
7 16 30
72 73 7
8 9 30
9 1 30
58 66 11
33 25 30
58 55 20
1 2 30
20 17 30
83 83 2
73 81 3
51 48 27
31 40 28
81 76 5
83 75 6
53 62 14
80 84 2
69 77 5
65 72 7
28 21 26
59 65 12
94 86 1
89 82 3
58 65 12
70 75 6
70 79 4
69 77 5
46 36 24
86 79 4
70 77 5
83 75 6
17 18 24
16 16 24
44 47 24
55 54 21
56 55 20
87 86 1
88 84 2
80 85 2
30 36 22
45 53 22
89 88 1
52 42 22
49 45 22
61 70 9
72 69 9
18 23 20
83 88 1
80 76 5
51 58 17
83 87 1
59 65 12
90 87 1
82 83 2
87 86 1
83 89 1
56 49 20
20 26 20
82 77 5
39 39 20
74 71 8
90 82 3
70 63 13
74 82 3
1 11 18
75 84 2
60 56 18
68 70 9
92 86 1
86 82 3
14 21 18
69 60 16
82 86 1
77 74 6
34 26 18
83 80 4
29 37 16
98 89 1
64 74 6
66 76 5
74 69 9
84 85 2
77 77 5
87 87 1
36 42 16
28 38 16
79 89 1
53 63 13
78 72 7
46 53 16
76 73 7
36 26 14
56 55 14
75 80 4
96 92 0
23 13 14
94 89 1
66 75 6
81 89 1
70 64 12
78 70 9
53 62 14
94 88 1
80 85 2
74 79 4
46 52 12
101 92 0
90 86 1
75 83 2
1 4 12
63 70 9
66 71 8
63 58 12
94 87 1
37 32 12
38 35 10
86 91 0
87 92 0
76 86 1
87 80 4
90 94 0
40 41 10
45 35 10
95 86 1
100 90 1
84 89 1
77 86 1
92 87 1
56 63 8
91 89 1
84 91 0
97 93 0
64 59 8
93 94 0
86 95 0
84 93 0
98 94 0
62 72 7
89 91 0
43 43 8
87 86 1
57 64 8
84 83 2
81 85 2
61 56 8
86 94 0
91 94 0
99 93 0
68 76 5
82 75 6
56 62 6
72 77 5
63 67 6
55 64 6
81 85 2
76 76 5
85 76 5
102 96 0
81 78 4
96 87 1
91 93 0
22 21 6
87 87 1
85 94 0
102 96 0
96 91 0
80 86 1
57 64 4
90 87 1
32 25 4
86 89 1
93 89 1
101 93 0
42 43 4
99 91 0
17 21 4
88 96 0
26 34 4
73 78 4
84 87 1
75 73 4
5 11 4
68 67 4
22 32 4
84 91 0
9 3 4
78 68 4
87 97 0
4 13 2
65 64 2
36 33 2
9 3 2
74 82 2
59 50 2
58 54 2
99 90 1
108 98 0
68 78 2
92 96 0
86 94 0
82 88 1
42 44 2
97 90 1
67 58 2
107 98 0
89 82 2
57 54 2
106 97 0
13 20 2
78 88 1
81 90 1
88 93 0
100 97 0
80 74 2
88 88 0
89 95 0
7 4 0
85 95 0
84 92 0
98 93 0
95 100 0
109 99 0
97 100 0
68 73 0
95 87 0
95 100 0
99 98 0
101 98 0
97 99 0
90 99 0
87 88 0
92 98 0
88 96 0
54 47 0
68 75 0
92 99 0
10 15 0
104 95 0
82 80 0
101 99 0
92 94 0
79 81 0
31 33 0
92 99 0
95 94 0
