5000 1000 4.3589
39 1 1970
988 15 1962
716 11 1960
436 13 1944
111 22 1940
742 13 1912
149 47 1898
603 2 1898
457 8 1880
914 15 1868
520 38 1866
542 73 1852
852 17 1848
337 28 1838
812 30 1832
970 50 1830
73 47 1830
656 27 1816
853 92 1814
454 19 1812
761 43 1808
822 78 1804
883 34 1804
124 68 1800
872 32 1798
162 47 1792
58 104 1790
394 103 1784
608 108 1782
639 99 1780
109 40 1780
190 32 1776
124 51 1770
853 56 1764
251 16 1762
310 80 1760
777 22 1758
678 104 1756
518 113 1756
862 37 1754
317 122 1752
301 6 1748
918 39 1746
205 98 1746
448 21 1744
731 54 1742
594 120 1740
829 4 1740
770 109 1738
467 73 1738
944 2 1736
609 4 1736
434 39 1730
774 29 1728
628 98 1726
614 30 1726
563 35 1724
644 111 1724
49 90 1722
710 22 1720
687 70 1718
981 75 1716
892 81 1712
107 137 1706
905 147 1698
988 36 1698
242 101 1698
475 22 1696
283 114 1696
367 91 1692
72 92 1692
892 51 1690
459 18 1686
257 108 1682
152 28 1680
376 112 1674
492 86 1668
459 102 1666
440 145 1666
984 7 1666
634 72 1664
234 112 1660
152 83 1658
500 138 1656
968 117 1654
920 127 1654
472 106 1652
826 31 1646
723 122 1646
917 17 1644
362 177 1638
97 82 1634
250 166 1628
35 51 1626
429 39 1626
6 34 1624
690 61 1622
931 78 1620
687 181 1618
316 167 1614
668 111 1614
919 43 1610
694 53 1608
733 167 1608
239 101 1606
748 89 1606
546 8 1606
25 196 1602
51 155 1600
873 183 1600
240 41 1596
247 146 1594
658 102 1584
320 116 1582
79 165 1582
204 46 1582
778 89 1580
512 190 1580
830 145 1580
35 159 1578
886 186 1578
142 6 1570
602 210 1570
546 125 1568
446 40 1568
896 138 1566
749 131 1564
278 84 1558
825 96 1558
761 131 1556
215 205 1556
934 38 1554
507 194 1554
490 93 1552
8 220 1552
564 165 1550
957 209 1550
674 164 1548
926 175 1548
97 97 1546
350 29 1546
301 89 1540
756 191 1538
102 118 1536
572 168 1536
841 204 1536
339 109 1534
232 108 1532
120 126 1530
222 4 1530
190 180 1530
953 89 1528
727 45 1526
936 103 1518
240 125 1518
39 11 1516
655 14 1514
762 167 1514
573 5 1510
396 113 1510
863 100 1508
138 93 1506
601 15 1506
516 126 1504
885 226 1500
642 208 1498
274 87 1494
440 55 1494
600 55 1492
665 136 1492
354 110 1492
760 177 1492
596 150 1488
559 23 1486
627 184 1486
661 96 1484
715 62 1484
875 218 1484
924 46 1478
536 249 1478
241 186 1478
881 150 1474
653 131 1472
126 83 1470
542 263 1468
207 226 1468
370 144 1466
414 6 1466
745 199 1464
904 176 1462
795 241 1462
514 15 1460
35 26 1458
7 134 1456
856 268 1454
624 37 1454
166 240 1450
898 180 1450
945 245 1450
753 62 1448
15 201 1446
5 238 1444
222 177 1442
272 61 1440
122 119 1438
306 272 1438
18 192 1436
242 121 1434
220 177 1434
321 201 1432
534 47 1432
958 185 1430
606 216 1428
383 220 1428
464 263 1426
442 220 1426
920 15 1426
259 116 1424
905 71 1422
496 60 1422
225 39 1422
617 174 1420
314 152 1420
922 27 1418
749 262 1418
549 257 1416
249 68 1412
475 281 1412
70 286 1412
755 188 1412
207 246 1412
945 224 1408
703 160 1408
338 102 1406
714 291 1404
740 235 1404
587 149 1402
544 108 1400
340 31 1400
350 22 1398
714 212 1398
624 82 1396
28 280 1394
459 249 1392
160 256 1390
846 193 1386
496 264 1386
956 163 1384
883 306 1384
449 246 1382
860 300 1380
442 265 1378
724 76 1374
125 267 1372
50 242 1370
152 250 1370
623 184 1368
683 292 1368
192 284 1368
712 30 1368
865 197 1366
162 284 1364
366 165 1362
130 122 1362
998 247 1360
891 296 1358
322 61 1358
727 61 1358
878 7 1354
422 242 1352
74 191 1350
393 18 1350
176 25 1350
181 60 1348
791 215 1346
468 270 1346
947 150 1344
816 288 1344
193 32 1342
222 305 1342
179 93 1342
709 78 1342
364 272 1340
700 28 1336
307 326 1334
258 226 1332
541 284 1330
290 4 1330
787 54 1326
828 227 1326
294 323 1326
614 13 1324
968 200 1324
844 296 1322
480 116 1322
118 232 1322
810 10 1322
465 178 1320
872 62 1320
570 302 1320
457 44 1318
427 327 1318
291 148 1318
686 79 1318
947 135 1316
319 85 1316
329 238 1312
715 229 1312
344 342 1310
504 243 1310
615 218 1308
550 57 1308
607 213 1308
24 162 1306
484 241 1306
978 260 1302
690 159 1300
870 189 1300
466 96 1300
452 114 1298
944 220 1296
373 251 1294
595 179 1294
534 105 1294
106 301 1294
368 277 1292
952 297 1292
687 283 1290
888 331 1290
699 241 1290
56 121 1288
60 5 1286
567 142 1284
288 113 1282
355 233 1282
664 4 1280
563 17 1280
494 253 1278
522 73 1278
708 219 1278
156 262 1276
938 138 1276
906 17 1274
520 352 1274
337 34 1274
224 99 1274
72 172 1274
67 131 1274
703 303 1274
100 167 1272
525 83 1272
824 345 1270
622 76 1268
175 275 1268
514 123 1268
905 124 1268
342 42 1268
414 307 1264
819 241 1264
367 58 1264
861 246 1264
763 166 1264
181 162 1262
953 350 1262
304 132 1260
699 115 1260
605 58 1260
7 288 1258
586 89 1258
691 109 1258
199 328 1254
851 61 1254
162 41 1254
215 251 1252
207 117 1252
775 56 1252
369 256 1250
447 214 1250
840 349 1244
43 371 1244
753 296 1244
985 171 1242
415 291 1242
476 342 1240
6 320 1240
482 186 1238
90 346 1238
913 302 1238
140 197 1238
797 355 1236
966 237 1236
302 86 1234
742 195 1234
437 167 1232
910 123 1232
885 158 1232
570 375 1232
464 346 1232
646 11 1232
295 223 1230
756 141 1230
587 287 1230
406 329 1230
873 361 1228
175 256 1228
582 334 1228
845 133 1228
84 305 1226
667 137 1226
528 121 1226
327 208 1224
111 30 1224
702 268 1224
335 304 1222
856 323 1222
134 317 1222
183 121 1222
410 335 1220
412 377 1218
967 253 1218
123 291 1218
549 97 1218
929 321 1216
399 187 1216
412 125 1216
961 94 1216
468 134 1216
450 103 1214
399 9 1214
613 130 1212
405 346 1210
121 43 1210
941 314 1208
268 167 1206
265 171 1206
741 385 1206
745 377 1206
297 126 1206
583 32 1204
596 373 1204
141 281 1204
403 67 1204
176 376 1202
612 209 1200
122 345 1198
89 176 1198
841 92 1196
410 395 1196
678 97 1194
815 360 1192
776 164 1190
760 287 1190
227 28 1190
795 82 1188
234 181 1188
816 395 1188
891 281 1186
15 349 1186
209 341 1186
276 25 1186
691 170 1184
462 126 1184
955 104 1182
854 79 1182
267 51 1178
489 400 1176
382 210 1176
505 22 1174
660 193 1172
556 31 1172
353 106 1172
595 46 1172
430 343 1170
704 109 1170
549 87 1170
977 365 1168
950 271 1168
844 38 1168
712 271 1166
805 36 1166
428 169 1164
175 373 1164
405 90 1164
31 318 1162
769 312 1162
959 93 1160
891 405 1158
28 388 1158
119 407 1158
168 412 1158
151 293 1158
485 385 1156
366 55 1156
86 305 1156
779 349 1156
701 334 1154
728 220 1154
455 3 1154
927 334 1154
755 302 1154
435 308 1152
977 369 1150
654 11 1150
567 240 1150
362 384 1150
986 312 1150
674 307 1148
676 325 1148
313 122 1148
696 87 1148
539 89 1148
373 335 1146
866 58 1146
225 159 1146
332 152 1146
793 70 1146
888 83 1146
314 393 1146
854 257 1144
989 182 1144
618 347 1142
353 368 1142
279 264 1142
114 199 1140
657 363 1140
813 57 1140
83 125 1140
408 355 1138
711 32 1138
579 403 1138
959 49 1138
642 104 1138
33 285 1138
628 87 1136
811 430 1136
789 206 1136
707 155 1136
683 366 1136
715 304 1134
611 132 1134
857 133 1134
641 367 1132
423 392 1132
920 236 1132
575 114 1130
379 130 1130
231 135 1130
645 46 1130
758 203 1128
474 398 1126
933 296 1126
800 125 1126
580 260 1126
628 251 1126
234 41 1124
527 387 1124
608 396 1124
719 71 1124
382 370 1124
550 263 1120
652 249 1120
360 384 1118
96 74 1118
252 406 1116
37 272 1116
373 54 1116
341 398 1114
808 418 1114
482 326 1114
986 429 1114
37 364 1114
947 411 1112
608 288 1110
352 295 1110
130 235 1110
376 208 1110
445 18 1108
11 314 1106
373 88 1106
689 51 1106
494 289 1106
868 208 1106
971 356 1104
337 71 1104
883 353 1104
679 407 1102
312 136 1102
769 100 1102
263 399 1100
739 387 1100
53 67 1100
630 279 1098
420 204 1098
765 27 1098
392 331 1096
908 286 1096
259 173 1094
16 310 1094
305 429 1094
623 198 1094
950 23 1094
508 143 1092
544 344 1092
393 214 1090
510 209 1090
413 438 1090
958 252 1090
415 264 1088
907 192 1088
965 253 1088
66 354 1086
619 13 1086
410 231 1086
27 233 1086
305 192 1086
366 7 1086
984 440 1086
407 322 1086
644 199 1086
177 150 1084
168 432 1084
663 281 1084
243 231 1084
372 416 1080
898 270 1080
148 349 1080
732 368 1078
86 273 1078
992 295 1078
49 156 1076
634 171 1076
515 140 1076
463 388 1076
395 141 1076
240 433 1074
431 432 1072
855 30 1072
768 250 1072
43 449 1072
75 268 1072
989 44 1072
951 71 1072
413 390 1072
855 32 1072
34 444 1070
227 5 1070
356 318 1070
324 458 1070
324 410 1070
943 85 1070
231 246 1068
289 38 1068
602 138 1068
678 427 1068
286 393 1068
990 23 1068
760 297 1068
820 177 1066
438 123 1066
104 313 1064
728 320 1064
805 105 1062
574 250 1062
695 317 1062
645 384 1060
977 154 1060
211 351 1060
293 223 1060
574 136 1060
678 52 1058
279 337 1058
617 120 1058
626 426 1056
368 381 1056
701 403 1056
263 419 1056
934 332 1054
18 243 1054
794 345 1054
311 192 1052
582 422 1052
712 223 1052
106 458 1052
775 24 1050
162 83 1050
900 388 1050
839 24 1048
321 8 1048
888 152 1046
362 167 1046
496 2 1040
156 130 1040
738 407 1038
323 299 1038
860 209 1038
551 68 1038
966 9 1038
303 436 1038
769 480 1036
60 177 1036
37 78 1036
518 314 1034
688 391 1032
394 361 1032
28 149 1032
938 226 1030
3 227 1030
60 336 1030
363 131 1030
788 151 1028
649 243 1028
869 216 1028
571 28 1026
876 409 1026
699 334 1026
939 475 1024
872 419 1024
313 202 1024
654 317 1024
567 139 1024
587 14 1022
716 472 1022
73 231 1022
592 279 1022
923 69 1022
562 325 1022
579 56 1020
837 361 1020
116 412 1018
99 479 1018
234 127 1018
449 50 1018
473 268 1016
19 46 1016
387 249 1016
773 1 1016
739 294 1016
471 466 1016
420 79 1016
672 73 1014
308 441 1012
563 149 1012
709 264 1012
976 312 1010
900 424 1010
12 458 1010
451 384 1010
338 264 1010
296 407 1008
155 336 1008
815 482 1008
829 357 1008
700 136 1006
341 77 1006
158 112 1006
170 114 1006
709 186 1004
153 44 1002
74 210 1002
509 295 1002
432 251 1002
136 333 1002
673 400 1000
974 304 1000
967 442 1000
271 469 1000
719 148 1000
418 108 998
424 282 998
830 450 998
805 174 998
47 370 996
583 173 996
743 196 994
203 389 994
976 330 992
113 496 992
854 397 992
14 179 992
985 190 990
548 344 990
712 238 990
17 287 988
153 328 988
96 416 988
349 328 986
315 341 986
252 436 986
791 414 986
596 283 984
94 391 984
158 473 982
156 39 980
197 433 980
866 217 980
762 505 978
420 53 978
208 447 978
220 72 978
728 488 978
499 501 978
316 423 976
6 306 976
337 249 976
276 316 976
754 200 976
104 135 976
547 406 974
399 274 974
611 95 974
770 153 974
889 457 972
296 307 972
726 106 972
468 62 970
219 396 970
48 145 970
85 178 970
687 325 970
452 396 970
150 17 968
443 322 968
953 380 968
144 338 968
537 165 968
196 484 968
782 500 968
852 452 968
140 484 966
721 29 966
387 419 966
995 379 966
431 94 966
933 469 964
569 218 964
796 465 962
512 250 962
800 475 962
67 495 962
754 449 962
367 77 962
151 367 960
869 328 960
321 194 960
252 445 958
533 107 958
719 214 958
614 70 958
255 496 958
735 412 958
83 254 958
908 475 956
717 244 956
384 451 956
794 205 954
727 462 954
245 376 952
522 22 952
433 294 952
651 516 950
441 83 950
550 381 950
241 131 950
754 323 948
422 406 948
556 221 948
614 314 948
461 494 946
879 470 946
507 307 946
1 516 946
801 352 944
23 466 944
572 209 944
294 229 944
642 426 942
849 127 942
870 320 942
289 504 942
194 201 940
737 237 940
396 202 940
606 19 940
378 506 940
705 390 940
959 292 940
874 399 940
300 383 938
439 60 938
103 344 938
729 140 938
892 367 936
4 182 936
448 4 936
157 147 936
467 489 934
500 523 934
657 333 934
889 85 932
760 270 932
128 36 932
491 484 932
881 438 932
504 469 930
260 79 930
506 458 930
936 433 930
592 230 930
194 436 928
581 131 928
3 506 928
360 434 926
928 474 926
41 311 926
433 376 926
913 309 926
193 217 924
877 390 924
612 434 924
452 442 924
940 187 924
654 424 924
144 474 924
600 442 922
162 143 922
91 81 920
509 429 920
253 289 920
227 250 918
723 457 918
630 392 918
757 419 918
732 509 916
440 71 914
969 99 914
823 164 914
509 530 914
163 482 914
924 508 912
704 484 910
25 304 910
227 435 910
264 3 910
351 373 910
490 483 910
943 240 910
689 330 910
679 534 908
196 419 906
57 215 906
376 433 906
594 438 906
138 501 904
30 87 904
546 99 904
443 218 902
2 180 900
906 311 900
175 251 900
105 89 898
67 497 896
456 540 894
606 488 894
56 113 892
733 349 892
295 69 892
320 498 890
669 455 890
563 237 888
591 477 888
912 314 888
286 301 888
1000 369 886
899 396 886
255 312 886
326 387 884
244 203 884
508 520 884
942 464 882
46 417 882
726 199 882
213 451 882
281 415 882
719 109 882
404 47 882
722 540 882
588 506 882
32 545 880
828 303 880
834 339 880
555 228 880
816 315 880
613 440 878
315 151 878
134 160 878
834 264 878
782 497 878
463 7 876
115 66 876
977 558 876
227 286 876
993 19 876
246 93 876
554 22 874
241 60 874
457 275 874
783 555 872
16 445 872
807 139 872
651 325 872
634 224 872
354 334 872
740 210 872
986 124 870
259 526 870
510 504 870
186 384 868
615 550 868
297 492 868
50 367 866
851 187 866
923 346 866
520 340 864
419 133 864
183 57 864
716 143 862
789 139 862
245 499 862
748 528 862
556 511 860
955 335 860
451 541 860
275 288 860
77 384 858
873 68 858
11 271 858
284 119 858
836 383 858
304 315 856
465 11 856
691 387 854
588 106 854
195 238 852
239 138 852
618 418 852
182 174 850
388 454 850
434 174 850
326 506 850
39 72 850
13 227 850
922 473 850
435 488 850
103 457 850
765 453 850
221 102 848
60 480 848
34 231 848
611 151 848
67 568 848
276 488 848
357 8 846
669 436 846
347 543 846
900 374 846
962 290 844
914 335 844
5 470 844
844 545 844
929 343 844
959 293 842
707 204 842
454 512 842
965 301 840
485 243 840
90 5 840
514 516 840
966 542 838
255 546 838
989 335 838
17 43 838
568 484 838
366 173 836
940 554 836
192 513 836
843 287 836
894 529 834
843 129 834
188 436 834
932 41 834
938 511 832
856 250 832
871 204 832
960 461 830
291 59 830
382 510 830
223 2 830
302 548 830
298 486 830
720 445 828
961 200 826
405 516 826
224 563 826
751 191 826
628 123 826
383 536 824
352 587 824
397 441 824
517 207 824
97 340 822
987 114 822
277 442 822
892 286 820
122 51 820
66 167 820
216 321 820
271 190 820
264 421 818
989 481 818
334 551 818
881 188 818
137 450 818
882 529 816
891 54 816
511 344 816
261 305 816
7 563 814
651 571 814
249 44 814
272 318 814
912 558 812
405 435 812
654 76 812
190 332 810
40 566 810
346 123 810
636 253 810
389 173 810
704 292 808
763 70 808
893 527 806
291 425 806
318 594 804
647 208 804
456 14 804
878 178 802
5 583 802
321 195 802
135 427 802
508 562 802
389 393 800
282 494 800
71 292 800
708 44 800
578 111 800
914 120 798
137 537 798
148 155 796
60 275 796
142 180 796
343 426 796
779 528 796
531 183 794
716 595 794
633 138 794
402 69 792
550 441 792
304 226 792
870 582 792
494 435 792
432 248 790
922 544 790
808 338 790
239 581 790
972 351 788
781 423 788
32 223 786
482 72 786
261 349 784
940 242 784
603 403 784
32 350 784
615 302 784
502 588 782
383 188 782
423 584 782
639 550 782
946 590 782
639 420 782
738 451 782
64 143 780
929 18 780
690 407 780
609 496 780
275 258 778
124 100 778
522 213 778
75 415 778
696 278 776
637 500 776
41 87 776
470 553 776
95 429 776
54 186 774
553 428 774
638 69 774
897 88 774
17 459 774
904 427 774
279 172 772
510 514 772
422 270 772
408 505 772
151 413 772
161 554 772
502 518 770
813 534 770
267 158 770
994 372 770
781 158 770
586 183 770
128 447 770
765 533 768
95 414 768
830 382 768
911 512 768
856 220 768
334 468 768
521 594 768
169 419 766
976 288 766
451 455 766
782 585 766
317 283 764
448 237 764
323 429 764
731 580 762
328 239 762
300 576 762
567 503 760
55 508 760
727 8 760
433 107 760
603 323 758
470 436 758
295 508 758
36 585 758
875 69 758
16 589 758
373 328 758
556 620 758
163 563 756
896 323 756
497 104 754
867 205 754
640 122 754
815 165 754
160 621 754
785 59 754
955 151 754
67 547 752
132 78 752
289 552 752
330 531 752
17 598 750
141 573 750
85 606 750
379 427 748
260 126 748
418 427 748
294 251 748
568 564 748
298 182 748
179 426 748
365 521 748
170 290 748
981 331 748
652 267 746
996 581 746
496 22 746
821 493 746
90 307 746
15 260 744
785 610 744
144 78 742
293 382 742
421 109 742
621 443 742
536 542 742
396 553 742
93 250 740
451 436 740
193 279 740
975 212 738
196 530 738
563 454 736
730 64 736
783 400 736
63 313 736
644 529 734
908 181 734
243 526 734
771 124 734
764 272 734
645 20 732
882 331 732
137 209 732
33 606 732
436 398 732
35 473 732
393 69 732
376 77 732
40 318 730
748 220 730
948 431 730
388 438 730
329 426 730
790 388 730
563 478 730
570 385 730
109 531 730
574 490 730
280 596 730
851 624 728
659 43 728
741 74 728
618 623 728
964 434 728
564 523 728
215 474 728
63 363 728
783 484 728
171 226 726
16 542 726
415 579 726
627 80 726
108 372 724
790 203 722
842 546 722
799 487 722
487 123 722
932 141 722
322 493 722
763 277 722
495 567 720
582 203 720
802 259 718
544 95 718
765 247 718
263 542 718
44 251 718
999 82 718
321 204 718
962 232 716
858 420 716
643 635 716
938 127 716
593 604 716
142 291 716
803 32 716
711 229 714
206 512 714
919 369 714
44 574 714
57 492 714
25 573 712
934 387 712
750 13 712
581 180 712
41 462 712
644 572 712
182 418 712
183 557 710
151 538 710
823 421 710
507 231 710
492 595 708
60 477 708
85 597 708
10 427 706
279 62 706
592 367 706
278 519 706
579 214 706
944 554 706
586 497 704
172 95 704
187 632 704
593 171 704
500 314 704
596 639 704
439 414 702
450 197 702
249 417 702
612 449 702
123 57 700
672 85 700
188 300 700
632 279 698
142 575 698
725 513 698
422 23 698
205 364 698
846 391 698
27 438 698
977 550 696
374 460 696
44 60 696
697 412 696
441 129 696
573 221 696
331 369 696
387 293 696
621 454 696
351 630 694
953 403 694
948 320 694
251 70 694
415 220 694
976 345 694
667 487 692
866 620 692
167 9 692
269 265 692
411 491 692
577 50 690
463 364 690
392 428 690
739 311 690
146 182 690
433 480 690
401 328 688
2 325 688
402 364 688
145 596 688
582 651 688
789 441 688
869 304 688
698 625 688
979 599 686
800 111 686
673 634 686
926 133 686
556 633 684
826 270 684
459 215 684
85 567 684
61 537 682
562 362 682
774 650 680
984 248 680
3 226 680
317 443 680
438 208 680
592 176 680
867 372 680
413 439 680
376 625 680
41 169 680
747 594 680
612 495 680
100 445 680
353 456 680
886 578 680
143 278 680
13 227 678
40 529 678
426 399 678
556 628 676
480 232 676
819 630 674
96 516 674
835 53 674
694 228 674
543 119 674
846 498 674
345 125 672
354 68 672
509 510 672
836 404 672
779 625 670
584 337 670
695 446 670
881 498 670
984 191 670
32 584 670
390 179 668
632 228 668
857 270 668
3 587 668
488 363 668
134 614 666
252 101 666
888 25 666
818 474 664
690 508 664
523 234 664
343 665 664
516 633 664
498 278 664
374 504 662
950 590 662
905 666 660
114 500 660
443 603 660
642 297 660
215 652 660
471 553 660
309 286 658
117 659 658
946 10 658
118 574 658
239 598 656
415 550 656
275 302 656
394 286 654
354 478 654
621 608 654
783 655 654
400 185 654
948 294 654
394 65 654
989 479 652
819 44 652
66 228 652
649 290 650
110 551 650
131 294 650
446 156 648
864 15 648
153 670 646
386 490 646
387 567 646
51 363 646
159 573 644
804 287 644
407 464 644
860 447 642
501 530 642
140 644 642
756 164 642
75 489 640
638 581 640
321 273 640
359 543 638
598 606 636
395 266 636
218 611 636
292 559 636
669 536 634
765 453 634
864 234 634
229 360 634
545 352 634
357 614 632
987 244 632
507 141 632
904 605 632
692 571 632
798 455 632
800 484 632
399 530 630
424 513 630
478 83 630
28 496 630
833 252 628
66 426 628
839 552 628
349 615 626
72 520 626
554 466 626
454 75 626
983 458 626
728 148 626
480 328 624
50 251 624
652 39 624
500 648 624
350 143 624
290 214 624
112 101 622
721 178 622
729 131 622
860 197 622
913 490 622
993 687 622
861 444 622
92 617 620
754 440 620
701 549 620
512 581 620
608 330 618
399 569 618
37 100 618
442 45 618
969 653 616
765 328 616
693 195 616
904 542 616
96 454 616
668 665 616
244 363 614
493 336 614
550 588 614
542 593 614
442 407 614
845 592 614
733 273 612
349 313 612
628 543 612
31 564 612
139 222 612
250 23 612
850 523 612
295 688 612
329 676 610
716 601 610
264 238 610
92 539 610
540 337 610
836 603 610
211 82 608
575 521 608
29 327 608
535 620 606
28 522 606
31 405 606
301 622 606
915 597 606
339 542 606
329 646 604
275 133 604
362 689 604
603 212 604
842 258 604
734 575 604
145 685 604
758 316 602
656 530 602
699 286 602
897 41 602
994 606 602
825 527 602
73 308 602
900 164 600
251 582 600
963 295 600
217 214 600
253 459 598
634 562 598
225 543 598
686 666 598
5 342 598
851 403 596
171 674 596
258 652 596
869 76 596
498 680 596
181 470 596
182 351 596
12 533 596
249 6 596
15 542 596
412 654 594
314 253 594
576 156 594
403 430 594
507 553 594
977 61 594
613 223 592
705 204 592
445 356 592
510 213 592
955 224 592
479 506 592
321 349 592
197 8 592
508 688 592
640 550 590
979 678 590
71 680 590
892 530 590
404 385 590
720 347 590
978 225 590
346 284 588
402 263 588
555 224 588
527 4 588
962 564 588
763 57 586
672 635 586
969 445 586
338 131 584
773 693 584
192 363 584
509 212 584
770 397 584
255 450 582
711 670 582
128 693 582
615 579 582
491 547 582
794 501 582
339 279 582
893 538 582
964 567 582
429 221 582
306 613 580
861 60 580
455 337 580
823 643 580
32 252 578
559 28 578
432 550 578
179 373 578
896 410 578
759 444 578
730 47 578
586 18 578
420 449 576
253 315 576
553 635 576
259 658 574
276 312 574
390 441 574
79 169 574
271 358 572
797 693 572
307 679 572
41 559 572
401 298 572
915 684 572
358 185 572
114 555 572
522 665 572
513 411 572
513 356 572
961 327 570
127 359 570
433 679 570
94 223 570
177 573 570
27 127 570
992 606 568
225 138 568
601 437 568
40 4 568
351 222 568
142 680 568
175 409 568
983 568 568
175 423 568
490 670 568
791 709 566
440 220 566
628 369 566
509 572 566
701 558 566
544 600 564
89 574 564
405 136 564
63 441 564
170 708 562
747 416 562
740 461 562
537 85 562
289 240 562
227 625 562
660 55 562
453 300 562
869 404 562
714 567 562
958 236 560
629 395 560
910 518 560
350 657 560
927 279 560
995 472 560
144 545 558
867 257 558
808 486 558
610 133 558
882 718 558
919 453 558
892 245 558
763 555 558
996 361 556
158 154 556
902 194 556
184 340 556
121 354 556
463 469 556
207 457 556
182 664 556
161 378 556
445 499 554
518 452 554
437 661 554
195 211 554
922 491 554
953 181 554
582 481 554
757 531 554
516 524 554
166 690 554
286 427 554
662 207 554
461 529 552
656 649 552
193 695 552
965 35 552
547 360 552
169 218 550
286 719 550
921 680 550
864 724 550
14 573 550
567 609 550
313 681 548
47 544 548
132 692 548
269 641 548
89 647 548
603 481 548
583 438 548
724 375 548
252 219 548
107 244 546
251 723 546
848 639 546
775 262 546
306 633 546
802 679 544
856 438 544
553 612 544
911 298 544
358 646 544
171 119 544
434 605 544
749 589 544
650 111 544
591 255 544
711 317 544
135 257 544
669 536 544
839 86 542
928 700 542
748 529 542
527 77 542
33 689 542
172 589 542
61 124 542
220 657 540
364 534 540
999 403 540
122 635 540
26 693 540
860 109 540
607 131 540
155 394 540
798 315 538
416 685 538
283 160 538
483 335 538
24 634 538
542 642 536
379 541 536
181 652 536
714 641 536
853 149 534
572 353 534
171 473 534
679 525 534
189 303 534
285 669 534
372 646 534
663 612 532
218 1 532
780 398 532
39 117 532
861 555 532
434 660 532
277 619 532
855 382 532
176 718 532
778 377 530
93 288 530
329 519 530
365 642 528
540 218 528
616 608 528
254 535 528
349 696 528
210 203 528
443 629 528
472 378 528
801 544 528
491 686 526
829 701 526
451 504 526
727 721 526
808 129 526
518 491 526
692 265 526
648 230 526
233 357 526
362 238 524
291 48 524
218 3 524
470 290 524
100 709 522
836 503 522
679 719 522
954 376 522
858 9 522
986 545 522
251 238 522
466 734 520
944 136 520
168 457 520
793 226 520
917 724 520
151 660 518
106 192 518
93 449 518
397 667 516
196 109 516
687 496 516
923 650 516
232 673 516
169 708 514
962 457 514
89 516 514
310 708 514
317 506 512
31 201 512
209 661 512
683 316 512
38 620 512
266 550 510
504 678 510
571 106 510
350 321 510
858 513 510
7 430 510
325 738 510
961 183 510
392 509 510
226 671 510
447 508 510
615 586 508
297 103 508
313 679 508
484 344 508
897 644 508
291 711 508
953 540 508
579 650 508
880 591 508
109 191 508
34 560 508
7 269 508
818 133 506
988 496 506
635 684 506
620 203 506
668 268 506
924 500 504
156 29 504
511 683 504
480 320 504
742 141 504
629 456 504
67 740 504
527 512 502
125 733 502
613 265 502
99 68 502
638 712 502
521 265 500
52 229 500
48 464 500
900 667 500
794 730 500
541 163 500
517 557 500
85 584 500
936 336 500
105 440 498
959 480 498
433 578 498
744 227 498
126 439 498
548 246 498
255 419 498
652 293 498
574 415 498
923 205 496
969 541 496
160 424 496
511 425 496
966 364 496
589 151 494
658 321 494
307 656 494
513 68 494
730 469 494
898 732 494
284 433 494
953 631 494
823 23 492
276 265 492
188 370 492
109 555 492
563 160 492
493 615 492
275 706 492
957 632 492
914 687 490
934 85 490
416 475 490
728 541 490
527 715 488
210 6 488
402 68 488
328 441 488
996 38 488
584 745 488
748 709 488
222 418 486
837 686 486
596 727 486
577 362 486
587 271 486
477 418 486
18 595 486
972 587 484
99 537 484
40 689 484
967 568 484
689 378 484
967 469 484
376 536 484
63 577 484
880 295 484
102 622 484
260 8 484
522 233 482
792 5 482
505 449 482
67 534 482
757 609 482
173 111 482
552 624 482
161 389 482
124 641 482
189 177 480
255 121 480
136 749 480
968 720 480
825 742 480
726 599 480
712 733 480
319 695 478
547 547 478
843 748 478
84 206 478
418 462 478
419 326 478
903 750 478
624 736 478
625 572 478
968 733 478
119 106 478
859 384 478
469 515 478
311 82 476
542 658 476
565 600 476
632 81 476
808 562 476
937 207 476
622 571 476
88 666 474
522 684 474
251 543 472
718 589 472
598 383 472
222 93 472
599 537 472
294 725 472
111 556 470
13 570 470
333 51 470
593 235 470
141 154 470
695 468 468
335 592 468
904 371 468
928 550 468
608 60 468
469 21 468
494 92 468
983 744 468
18 52 466
852 275 466
38 735 466
419 197 466
312 706 466
58 436 464
287 637 464
671 514 464
980 337 464
661 67 464
554 739 464
185 709 462
216 767 462
385 751 462
172 417 462
19 220 462
487 694 462
711 419 462
764 748 460
702 665 460
641 394 460
518 163 460
435 699 460
775 76 460
285 252 460
970 464 458
934 709 458
746 544 458
522 88 458
574 541 456
109 67 456
440 141 456
597 619 456
886 502 456
120 581 456
275 690 456
92 225 456
41 334 454
929 628 454
462 383 454
981 110 454
544 681 454
894 394 454
851 686 452
572 403 452
790 478 452
653 754 452
749 423 452
250 549 452
24 206 450
710 164 450
70 431 450
188 501 450
55 698 450
612 692 448
52 216 448
876 563 448
641 595 448
918 127 448
921 509 448
245 325 448
981 671 448
442 13 446
403 263 446
436 772 446
994 639 446
228 614 446
700 143 446
803 442 446
945 329 446
674 215 446
471 565 446
408 620 444
258 421 444
190 747 444
403 348 444
978 331 444
653 107 444
501 522 444
657 451 444
341 748 444
143 456 444
780 750 442
380 514 442
641 496 442
163 289 440
924 708 440
662 455 440
281 233 440
872 13 440
407 731 440
37 743 440
749 512 440
117 703 440
295 351 440
526 479 438
188 635 438
420 521 438
356 440 438
337 185 436
634 644 436
745 442 436
569 753 436
421 774 436
292 708 436
997 711 436
392 47 436
380 683 436
448 111 434
740 330 434
596 201 434
625 470 434
506 51 434
81 517 434
496 718 434
784 339 434
584 782 434
553 331 434
880 693 434
936 388 434
629 639 432
617 309 432
368 596 432
849 390 432
468 531 432
234 354 432
996 167 432
189 411 432
134 783 432
63 698 432
836 477 432
847 333 430
812 277 430
460 715 430
41 476 430
784 314 430
763 350 430
912 505 430
283 64 430
161 736 428
796 620 428
590 524 428
649 763 428
47 646 428
154 424 426
474 599 426
82 777 426
545 162 426
20 534 426
704 33 426
398 283 424
308 738 424
834 425 424
40 670 424
882 84 424
624 424 424
586 398 422
301 680 422
353 287 422
942 732 422
767 549 422
237 223 422
233 565 422
186 672 422
105 518 420
96 623 420
323 594 420
684 282 420
620 691 420
111 665 420
181 777 418
83 702 418
489 778 416
386 388 416
368 408 416
270 575 416
132 453 416
915 550 416
757 110 416
675 764 416
754 27 416
509 157 414
645 471 414
146 709 412
863 198 412
229 701 412
189 536 412
755 722 412
290 296 412
72 792 412
497 773 412
711 67 412
967 521 410
386 343 410
618 648 410
255 651 410
793 426 410
604 275 410
682 522 408
190 511 408
550 538 408
783 645 408
250 387 408
672 595 408
999 98 408
692 529 408
103 629 408
833 491 408
955 652 408
144 317 408
299 354 406
684 623 406
665 246 406
617 786 406
929 643 406
567 368 406
757 434 404
412 654 404
698 490 404
420 504 404
553 732 404
421 394 404
153 291 404
835 449 402
63 532 402
496 694 402
358 669 402
665 546 402
17 580 402
138 798 402
498 504 400
453 755 400
80 304 400
640 117 400
23 579 400
791 517 400
530 41 400
902 44 398
5 329 398
197 239 398
312 687 398
175 759 398
663 361 398
553 244 398
573 616 398
79 649 398
98 672 396
181 44 396
922 398 396
382 615 396
540 769 396
572 431 396
823 576 396
564 693 394
312 76 394
880 728 394
99 445 394
614 748 394
326 571 394
232 335 394
730 589 394
527 421 394
552 512 394
711 738 394
381 85 394
641 782 394
985 320 394
793 616 392
890 607 392
794 254 392
34 685 392
627 227 390
328 769 390
902 522 390
173 465 390
654 370 390
139 454 390
877 420 390
53 759 390
322 502 388
943 369 388
53 702 388
903 762 388
554 123 388
151 797 388
907 231 388
961 517 388
663 722 388
72 793 388
865 603 388
53 97 386
955 218 386
174 259 386
307 616 386
762 710 384
126 500 384
76 625 384
533 520 384
245 211 384
256 633 384
348 76 382
72 50 382
58 400 382
930 210 382
923 546 382
197 381 382
570 785 382
572 365 382
730 772 382
706 369 380
534 557 380
689 43 380
747 709 380
140 771 380
688 402 380
386 486 380
469 81 380
902 152 380
81 801 378
442 674 378
93 771 378
420 721 378
830 608 378
433 799 378
742 746 378
940 514 378
331 759 378
927 473 378
473 517 378
778 286 378
80 231 378
971 697 376
52 792 376
639 678 376
491 578 376
224 195 376
696 20 374
339 459 374
202 747 374
742 367 374
835 358 374
753 687 374
270 450 374
438 768 372
150 706 372
47 492 372
175 802 372
944 656 372
660 324 372
161 535 372
205 571 372
95 761 372
633 418 372
897 563 370
724 264 370
635 763 370
872 779 370
143 684 370
594 786 370
277 509 370
957 160 370
756 745 370
19 735 368
939 815 342
318 184 368
957 655 368
470 783 368
198 592 368
703 754 368
71 473 368
574 709 368
320 497 366
745 527 366
70 331 366
266 704 366
471 815 342
873 329 366
826 17 366
69 551 366
976 581 366
614 624 364
249 787 364
595 366 364
843 548 364
989 343 364
221 598 364
181 52 364
655 564 364
861 434 364
566 159 364
583 662 364
713 562 364
570 669 362
150 716 362
574 636 362
531 806 362
751 723 362
985 544 362
228 701 362
585 699 362
587 161 362
981 387 360
637 694 360
142 193 360
873 589 360
716 264 360
590 51 360
690 739 360
176 744 360
694 102 360
906 758 360
697 5 358
304 753 358
151 670 358
38 670 358
790 188 358
211 699 358
232 216 358
397 575 358
717 276 358
527 817 334
151 633 358
631 436 358
565 754 356
357 762 356
87 707 356
390 496 356
743 771 356
442 714 356
51 779 356
298 255 354
953 185 354
545 741 352
952 754 352
912 643 352
674 527 352
492 795 352
403 719 352
900 301 352
685 292 352
212 287 352
118 183 352
153 679 350
130 33 350
143 434 350
968 378 350
705 33 350
760 692 350
251 108 348
167 92 348
997 552 348
630 754 348
825 818 331
435 519 348
744 276 348
343 520 348
46 781 348
543 664 346
56 574 346
546 106 346
231 180 346
917 440 346
764 548 346
922 233 346
457 500 346
403 692 346
961 544 344
559 441 344
841 317 344
848 95 344
539 523 344
277 798 344
544 742 344
940 611 344
785 645 342
3 542 342
112 374 342
493 340 340
186 522 340
270 184 340
989 540 340
839 126 340
304 158 340
190 822 316
553 745 338
12 562 338
953 328 338
42 734 338
730 492 338
265 739 338
726 491 338
49 483 338
92 822 316
816 812 336
217 727 336
418 640 336
778 823 313
639 578 336
775 83 336
61 656 334
548 519 334
973 826 302
377 335 334
722 829 292
514 70 334
5 790 334
287 800 334
182 309 334
13 635 334
654 705 334
57 737 334
899 748 332
447 117 332
576 793 332
314 760 332
151 404 332
659 785 332
807 762 332
819 183 332
719 650 332
271 548 332
12 530 330
310 628 330
7 763 330
654 177 330
160 52 330
563 123 330
383 9 330
719 281 330
535 274 328
725 354 328
7 452 328
288 646 328
981 631 328
163 584 328
83 203 328
630 266 328
48 251 328
993 694 328
836 479 328
860 508 326
792 368 326
504 281 326
229 804 326
16 799 326
151 399 326
819 376 326
246 791 326
275 748 326
365 321 326
913 235 326
989 670 326
140 592 326
584 799 324
580 714 324
831 475 324
761 636 324
207 627 324
614 560 324
32 761 324
359 668 324
792 560 324
552 754 324
701 371 324
530 343 322
391 697 322
608 506 322
823 773 322
873 548 322
835 713 322
896 534 322
114 826 302
668 621 322
207 653 322
179 250 322
535 575 322
69 475 322
811 211 322
702 806 322
407 477 322
95 609 322
550 827 299
395 801 320
664 169 320
381 775 320
966 805 320
260 216 320
970 838 262
684 334 320
400 575 320
403 584 320
581 774 320
146 791 320
956 825 306
19 618 318
356 820 318
670 374 318
593 547 318
482 613 318
855 483 318
186 165 318
612 510 318
578 832 282
346 678 318
76 408 318
872 647 316
491 274 316
638 794 316
275 809 316
226 623 316
928 71 316
952 543 316
480 500 316
100 737 316
27 772 316
677 224 314
482 653 314
922 759 314
684 720 314
509 631 314
81 138 314
336 217 314
552 177 314
163 718 314
728 431 314
232 528 314
656 390 314
880 108 314
865 721 314
541 642 312
306 537 312
901 85 312
79 318 312
586 232 312
454 839 259
907 827 299
725 695 312
989 831 285
527 547 312
646 479 312
206 679 312
228 772 310
971 265 310
419 593 310
878 233 310
728 809 310
470 197 310
429 200 310
893 785 310
304 519 310
728 739 310
934 794 310
955 790 308
49 753 308
430 755 308
541 668 308
543 397 308
159 751 308
809 837 265
167 649 308
647 719 308
698 644 308
619 181 306
940 435 306
322 533 306
472 585 306
599 673 306
284 708 306
675 405 306
99 266 306
955 750 306
500 227 306
420 666 306
890 792 304
481 559 304
779 794 304
517 829 292
430 331 304
400 398 304
145 544 304
130 335 304
526 627 304
831 697 304
658 256 304
20 387 302
659 759 302
440 616 302
9 249 302
205 658 302
97 716 302
164 724 302
791 541 302
34 586 302
831 502 302
306 831 285
315 56 300
823 336 300
739 770 300
134 805 300
227 812 300
131 769 300
409 281 300
755 620 300
518 657 300
143 117 300
43 698 300
189 765 300
184 806 300
769 773 298
239 662 298
737 672 298
799 539 298
24 759 298
780 401 298
128 808 298
721 420 298
650 751 298
861 803 298
716 728 296
457 204 296
825 682 296
474 837 265
623 843 246
474 274 296
958 226 296
995 414 294
778 296 294
420 834 275
83 46 294
991 677 294
654 703 294
513 739 294
272 614 294
980 520 294
266 737 294
48 242 294
304 668 294
710 803 292
464 508 292
905 636 292
68 817 292
84 843 246
807 48 292
277 594 292
306 236 292
140 447 292
841 598 292
349 784 292
284 503 290
600 827 290
576 843 246
859 9 290
12 696 290
409 758 290
555 811 290
849 26 290
123 609 290
574 294 290
225 727 290
713 9 290
255 419 288
151 537 288
308 727 288
787 775 288
205 177 288
579 154 288
285 791 286
599 574 286
390 829 286
653 694 286
869 115 286
812 842 249
858 233 286
644 139 286
448 614 284
901 807 284
557 431 284
551 722 284
623 241 284
810 485 284
285 725 284
830 390 284
686 767 282
124 490 282
702 572 282
960 852 219
322 787 282
834 748 282
227 619 282
757 120 282
523 84 282
192 856 207
903 701 282
29 787 282
67 134 280
679 173 280
685 810 280
481 604 280
800 463 280
190 128 280
216 727 280
136 24 280
411 712 280
82 527 280
868 83 280
851 790 278
157 126 278
639 820 278
38 581 278
51 89 278
845 781 276
156 802 276
670 645 276
201 15 276
347 742 276
396 847 234
898 724 276
793 180 276
334 82 276
899 17 276
269 91 276
520 677 276
217 760 274
898 706 274
132 677 274
690 828 274
559 751 274
958 245 274
271 621 274
55 851 222
645 723 274
713 317 274
396 206 274
700 593 274
470 831 272
863 324 272
609 645 272
983 588 272
210 812 272
289 556 272
515 862 190
270 626 272
749 82 272
423 370 272
928 169 272
399 813 270
80 417 270
321 845 240
501 646 270
670 856 207
93 151 270
514 499 270
909 481 270
487 614 270
199 286 270
57 162 270
850 743 270
281 853 216
232 847 234
132 226 268
798 77 268
654 10 268
660 191 268
472 102 266
258 714 266
227 398 266
882 834 266
280 305 266
622 811 266
729 514 266
489 58 266
756 840 256
136 464 266
271 144 264
311 863 187
838 518 264
718 794 264
876 214 264
877 822 264
325 808 264
594 827 264
631 568 262
126 829 262
815 307 262
260 104 262
775 701 262
574 855 210
437 837 262
437 852 219
74 848 231
584 771 260
655 351 260
708 725 260
231 646 260
927 734 260
911 227 260
522 618 260
220 463 260
24 860 196
271 714 260
366 848 231
409 53 260
144 813 260
489 773 260
739 666 260
818 810 260
719 836 258
698 809 258
241 746 258
242 80 258
72 463 258
337 784 258
65 536 256
645 721 256
199 870 169
621 790 256
430 405 256
247 719 256
2 117 256
597 180 256
547 629 256
113 721 256
870 47 254
641 300 254
777 566 254
682 643 254
32 818 254
458 808 254
624 497 254
398 589 252
576 689 252
741 852 219
809 846 237
439 701 252
13 671 252
695 799 252
515 82 252
673 825 252
407 769 252
652 856 207
890 250 252
721 858 201
59 374 250
610 739 250
68 720 250
215 737 250
467 781 250
334 828 250
164 832 250
439 822 248
410 765 248
200 363 248
543 648 248
764 791 248
585 868 174
782 825 248
906 808 248
444 740 248
67 227 248
212 787 248
980 76 248
152 873 161
437 242 248
26 602 246
724 211 246
257 523 246
533 875 156
199 413 246
69 861 193
535 833 246
894 13 246
907 630 246
300 396 246
994 68 244
478 861 193
825 755 244
640 559 244
228 70 244
957 326 244
557 613 244
439 214 244
778 607 242
185 616 242
182 814 242
772 873 161
401 790 242
816 658 242
283 400 242
447 873 161
896 753 240
116 61 240
267 747 240
947 481 240
16 561 240
802 874 158
70 764 240
431 759 240
579 835 238
371 590 238
67 335 238
71 762 238
427 604 238
582 682 238
741 8 238
667 858 201
324 653 238
11 814 238
319 512 238
238 754 236
769 235 236
792 865 182
988 333 236
973 396 236
358 722 236
904 667 236
922 809 234
380 376 234
182 399 234
640 518 234
846 805 234
638 83 234
152 108 234
963 463 234
588 96 234
23 467 234
253 807 234
620 648 234
579 621 234
46 471 234
537 849 228
789 412 232
946 877 151
92 393 232
636 389 232
405 874 158
262 875 156
571 704 230
258 750 230
928 383 230
697 530 230
434 235 230
328 31 230
901 860 196
566 563 228
621 620 228
507 186 228
453 803 228
43 378 228
768 657 228
870 151 228
582 543 228
965 839 226
30 729 226
8 858 201
790 871 166
136 718 226
978 766 226
286 725 226
768 849 226
168 409 226
892 555 226
203 670 226
77 719 226
82 399 226
103 776 226
922 283 226
718 635 226
986 504 226
392 136 226
777 387 226
584 439 226
347 776 224
91 326 224
615 342 224
118 137 224
668 883 136
616 544 224
55 833 224
518 51 224
527 587 224
809 197 224
996 558 222
827 818 222
363 657 222
713 409 222
156 252 222
427 412 222
128 640 222
666 192 222
756 676 222
514 802 222
543 783 222
650 741 220
826 588 220
102 715 220
125 688 220
547 112 220
35 228 220
125 882 139
456 257 220
26 800 220
163 498 220
735 837 220
944 412 220
593 234 220
976 863 187
833 37 220
656 529 220
36 166 220
29 663 220
40 828 220
2 862 190
161 889 123
367 873 161
439 457 218
34 389 218
562 646 218
732 420 218
441 837 218
866 862 190
41 833 218
11 431 218
174 891 118
773 262 216
289 172 216
82 34 216
506 826 216
563 818 216
547 329 216
279 714 216
716 67 216
739 527 216
154 570 216
300 207 216
298 641 216
253 869 171
302 750 214
117 198 214
357 436 214
521 889 123
548 476 214
287 813 214
586 637 214
71 330 214
711 569 214
183 636 214
410 432 212
243 677 212
117 842 212
418 829 212
522 721 212
123 458 212
341 350 212
386 342 212
737 717 212
771 790 212
768 730 212
815 884 134
411 383 212
432 818 212
173 580 210
892 193 210
627 682 210
980 893 114
553 104 210
435 586 210
129 622 210
963 534 210
155 576 210
376 650 210
529 650 210
633 727 208
235 539 208
296 814 208
665 880 144
556 690 208
292 543 208
656 93 208
508 782 208
300 758 208
981 823 208
44 265 208
712 126 208
133 606 208
265 578 208
563 825 206
361 200 206
263 708 206
2 35 206
363 166 206
792 218 206
696 390 206
893 639 206
576 353 206
212 569 206
345 604 206
492 401 204
18 503 204
28 629 204
165 585 204
744 643 204
127 343 204
736 858 201
724 204 204
269 727 204
822 410 204
54 891 118
687 181 204
199 846 204
16 785 204
959 794 204
475 844 202
858 850 202
320 887 127
988 430 202
278 497 202
554 128 202
966 604 202
363 823 202
358 808 202
374 860 196
591 563 202
227 878 148
612 831 200
119 726 200
208 826 200
438 863 187
5 696 200
427 260 200
220 843 200
970 303 198
600 773 198
94 18 198
393 858 198
986 779 198
555 749 198
523 799 198
800 818 198
900 829 198
867 879 146
692 703 198
123 851 198
768 716 198
970 482 198
603 499 198
66 669 198
540 519 198
420 736 198
505 305 196
950 883 136
167 742 196
108 882 139
938 358 196
77 874 158
787 620 196
913 881 141
869 836 196
89 587 196
22 692 196
980 288 196
282 653 196
950 901 98
686 430 194
995 888 125
492 339 194
378 615 194
62 804 194
76 824 194
233 522 194
272 847 194
577 856 194
112 288 194
645 618 194
882 363 194
43 621 192
798 772 192
75 802 192
647 844 192
954 753 192
397 831 192
42 317 192
2 776 192
84 744 192
111 856 192
788 586 190
139 893 114
416 831 190
742 714 190
781 104 190
201 685 190
734 645 190
294 800 190
520 885 132
52 894 112
195 141 190
656 797 190
723 899 102
11 901 98
259 897 106
480 708 188
329 513 188
648 882 139
616 324 188
506 407 188
76 817 188
49 395 188
458 871 166
359 653 188
774 672 186
522 614 186
727 443 186
506 783 186
424 834 186
484 874 158
790 197 186
559 783 186
214 534 186
884 780 186
390 372 184
493 658 184
134 839 184
413 789 184
257 895 110
659 236 184
694 842 184
41 395 184
551 579 184
552 241 184
589 859 184
852 906 88
701 652 182
376 348 182
60 450 182
849 622 182
315 766 182
783 831 182
843 426 182
170 267 182
549 806 182
559 595 182
935 378 182
887 536 182
571 674 182
1 881 141
114 779 182
673 806 180
540 876 153
459 785 180
547 845 180
406 803 180
140 659 180
675 904 92
838 789 180
55 783 180
839 743 180
984 585 180
920 389 180
352 506 178
37 475 178
558 800 178
278 479 178
176 837 178
446 18 178
167 809 178
165 672 178
865 904 92
623 782 178
487 823 178
710 438 178
607 316 176
482 578 176
339 901 98
945 608 176
275 727 176
685 208 176
632 879 146
45 871 166
127 890 121
728 559 176
82 857 176
246 895 110
367 514 174
150 268 174
383 315 174
590 818 174
967 357 174
552 813 174
974 758 174
441 854 174
906 859 174
530 683 174
649 434 174
826 662 174
114 287 174
812 136 174
666 893 114
698 791 174
145 844 174
310 448 174
667 844 174
805 490 174
466 774 172
642 508 172
427 879 146
297 110 172
255 223 172
400 825 172
894 706 172
755 568 172
62 677 172
201 513 172
712 287 172
473 112 172
810 882 139
525 716 172
129 428 172
789 904 92
715 863 170
222 191 170
713 832 170
483 774 170
546 646 170
19 753 170
252 906 88
972 797 170
659 577 170
604 889 123
41 850 168
680 738 168
198 499 168
224 757 168
388 122 168
920 606 168
239 437 168
267 853 166
225 463 166
687 234 166
234 859 166
100 644 166
415 865 166
248 719 166
521 905 90
829 861 166
387 861 166
442 504 166
361 519 166
982 869 166
623 608 166
71 133 166
261 915 72
930 50 164
93 723 164
613 116 164
376 361 164
414 710 164
991 727 164
213 192 164
303 898 104
807 522 164
520 639 164
369 583 164
910 658 164
532 171 162
619 778 162
372 516 162
916 772 162
76 447 162
839 70 162
175 474 162
878 863 162
231 866 162
249 807 162
532 729 160
482 850 160
845 540 160
712 430 160
95 876 153
568 413 160
159 709 158
155 85 158
860 834 158
306 905 90
793 79 158
819 798 158
684 631 158
625 263 158
937 444 158
953 907 86
801 159 158
997 866 158
635 892 116
40 898 104
123 793 156
315 733 156
510 436 156
415 747 156
328 519 156
985 719 156
576 405 156
104 776 156
442 908 84
8 470 156
481 216 156
113 668 156
151 584 156
612 93 156
276 881 141
614 551 156
347 599 156
289 491 156
177 903 94
787 284 154
891 196 154
683 499 154
675 636 154
309 858 154
774 696 154
147 702 154
474 808 154
581 822 154
734 806 154
502 781 154
158 167 154
324 897 106
764 839 154
811 276 152
716 916 70
395 862 152
273 527 152
610 732 152
699 224 152
255 619 152
829 439 152
542 594 152
2 819 152
78 725 152
891 619 152
880 918 67
713 920 64
385 901 98
951 624 152
407 721 152
576 499 152
81 644 152
759 884 134
412 779 150
983 810 150
645 290 150
758 704 150
864 898 104
616 857 150
225 897 106
845 861 148
887 807 148
324 520 148
102 758 148
340 904 92
610 589 148
800 707 148
275 713 148
904 920 64
187 752 146
207 925 56
112 506 146
27 245 146
191 857 146
258 825 146
483 838 146
946 589 146
916 338 146
60 139 146
454 761 146
874 458 146
297 723 146
358 517 146
22 194 146
40 190 146
691 100 146
590 446 146
96 300 144
162 181 144
429 473 144
614 716 144
275 703 144
762 372 144
976 905 90
444 895 110
544 842 142
697 631 142
621 86 142
546 906 88
217 572 142
892 896 108
305 563 142
415 672 142
878 925 56
426 644 142
548 523 142
71 104 142
756 830 142
175 732 142
480 901 98
932 878 140
992 902 96
470 672 140
791 699 140
335 651 140
642 754 140
143 866 140
355 920 64
785 857 140
258 671 140
849 212 140
386 784 140
905 269 140
175 927 53
873 589 138
740 791 138
922 875 138
280 803 138
124 251 138
696 265 138
607 778 138
791 877 138
404 492 138
40 242 138
445 272 138
327 774 138
247 786 136
846 594 136
610 388 136
645 555 136
844 574 136
160 676 136
642 824 136
401 731 136
117 576 136
794 901 98
542 602 136
547 563 136
458 716 136
329 912 77
530 654 134
86 315 134
293 747 134
873 820 134
750 861 134
436 312 134
921 831 134
120 836 134
939 665 134
201 738 134
379 794 134
958 819 134
269 459 134
503 788 134
538 793 134
517 803 134
349 809 134
189 548 132
188 441 132
753 876 132
995 807 132
988 872 132
793 848 132
258 839 132
858 885 132
466 640 132
521 920 64
762 927 53
303 546 130
550 186 130
435 895 110
866 423 130
788 464 130
624 403 130
777 898 104
664 923 59
167 424 130
668 645 130
508 930 49
935 603 128
553 199 128
268 681 128
954 805 128
389 932 46
643 931 47
277 771 128
993 896 108
356 650 128
597 567 128
457 904 92
53 862 128
134 638 128
443 605 128
794 831 128
496 693 128
398 755 128
682 687 128
975 853 126
897 927 53
812 583 126
285 806 126
791 689 126
79 743 126
231 688 126
936 840 126
944 45 126
102 922 60
950 908 84
533 827 126
168 503 126
129 843 126
757 86 126
865 816 124
341 883 124
707 876 124
482 583 124
995 913 75
865 779 124
794 837 124
662 885 124
628 728 124
300 573 124
777 773 124
48 924 57
967 62 122
256 902 96
358 223 122
196 13 122
149 841 122
640 113 122
234 934 43
116 929 50
735 846 122
451 826 122
148 825 122
324 673 122
632 728 122
729 513 122
529 8 122
422 563 122
513 733 122
183 277 122
444 927 53
489 881 120
655 887 120
860 447 120
638 809 120
874 885 120
403 108 120
746 921 62
213 858 120
713 111 120
740 448 120
118 582 120
777 895 110
25 803 120
646 924 57
389 818 120
574 848 120
843 917 68
143 923 59
288 613 118
923 601 118
363 774 118
620 913 75
730 908 84
317 882 118
940 534 118
388 826 118
378 581 118
493 739 118
955 53 118
770 920 64
826 843 116
4 895 110
966 815 116
420 44 116
689 94 116
368 847 116
348 339 116
535 216 116
76 838 116
734 278 116
773 844 116
127 626 116
58 462 116
694 926 54
982 883 116
26 828 114
20 805 114
248 930 49
462 935 42
791 716 114
73 860 114
843 854 114
90 550 114
555 861 112
658 413 112
271 941 34
518 812 112
76 535 112
532 402 112
928 864 112
526 891 112
740 900 100
848 907 86
987 892 110
463 906 88
909 902 96
1000 921 62
18 896 108
689 883 110
811 390 110
383 933 44
963 833 110
860 627 110
922 122 110
222 307 110
782 536 110
129 308 110
297 530 108
213 925 56
131 934 43
604 541 108
128 12 108
21 512 108
394 403 108
644 587 108
596 559 108
510 831 108
463 913 75
230 790 108
855 920 64
302 757 108
957 932 46
353 866 106
206 606 106
900 870 106
780 913 75
681 804 106
285 579 106
816 272 106
375 442 106
469 925 56
965 296 106
847 894 106
702 855 106
958 74 104
862 929 50
115 947 28
655 140 104
119 302 104
31 551 104
978 927 53
336 646 104
566 769 104
609 885 104
613 748 104
8 333 104
843 874 104
880 621 104
276 824 104
297 662 102
289 607 102
655 920 64
38 338 102
104 844 102
520 446 102
665 861 102
546 118 102
521 784 102
209 107 102
961 433 102
597 354 102
467 919 65
191 239 102
163 607 102
644 918 67
68 773 102
691 591 102
752 598 102
787 584 102
687 943 32
36 336 100
603 259 100
856 99 100
211 802 100
721 570 100
958 805 100
352 622 100
350 544 100
414 854 100
635 637 100
984 936 40
159 877 100
753 628 100
362 838 100
377 801 98
257 815 98
219 434 98
442 465 98
662 796 98
493 789 98
298 70 98
270 916 70
729 925 56
238 905 90
502 679 98
573 637 98
732 642 98
504 669 98
367 814 98
651 344 96
616 513 96
643 944 31
534 942 33
641 934 43
408 54 96
792 612 96
772 925 56
50 499 96
913 882 96
51 544 96
940 775 96
587 564 96
504 756 96
942 749 96
928 695 96
406 916 70
42 948 27
866 337 94
145 46 94
393 712 94
601 342 94
854 948 27
443 436 94
6 760 94
184 215 94
941 940 36
977 622 94
409 434 94
961 951 24
659 804 94
382 697 92
795 384 92
73 620 92
329 942 33
497 874 92
138 924 57
501 848 92
23 272 92
734 941 34
226 879 92
558 843 92
208 739 92
304 827 92
99 840 92
890 867 92
959 664 92
589 916 70
599 941 34
315 759 90
821 42 90
99 541 90
678 294 90
945 390 90
902 882 90
751 204 90
261 609 90
554 898 90
303 952 23
283 98 90
644 451 90
52 571 90
648 816 90
504 938 38
832 879 88
983 336 88
266 943 32
475 231 88
48 385 88
74 826 88
146 542 88
438 189 88
756 370 88
237 894 88
911 578 88
396 829 88
758 676 88
500 688 88
995 882 88
790 327 88
91 830 88
554 901 88
594 308 88
317 956 19
501 895 86
864 739 86
677 955 20
504 882 86
168 947 28
507 917 68
173 15 86
729 762 86
366 900 86
478 241 86
521 903 86
552 847 86
585 818 86
375 874 86
457 697 86
567 173 84
797 871 84
153 808 84
128 819 84
408 419 84
894 759 84
35 945 30
901 758 84
948 956 19
546 554 84
323 730 84
489 780 84
861 530 84
90 874 84
817 843 84
296 777 84
933 73 84
85 870 84
22 807 82
165 466 82
730 735 82
510 890 82
912 344 82
613 809 82
161 822 82
576 861 82
961 658 82
401 831 82
624 836 82
502 949 26
875 864 82
498 954 21
518 845 82
243 952 23
723 206 80
583 718 80
48 599 80
159 944 31
844 581 80
908 715 80
79 777 80
743 191 80
628 235 80
897 946 29
606 496 80
251 813 80
267 827 80
869 579 80
994 898 80
690 849 80
500 901 80
600 621 80
317 274 78
441 805 78
753 850 78
559 651 78
236 323 78
408 776 78
567 178 78
309 597 78
471 862 78
166 835 78
771 588 78
238 415 78
783 26 78
769 870 78
176 868 78
697 270 78
207 221 78
891 620 76
3 132 76
559 388 76
830 919 65
740 236 76
677 887 76
745 855 76
420 840 76
183 5 74
247 74 74
787 587 74
235 940 36
275 874 74
356 354 74
374 952 23
536 217 74
919 698 74
863 875 74
428 769 74
640 528 74
674 934 43
692 908 74
770 560 74
177 898 74
162 666 74
582 521 74
750 895 72
691 784 72
596 705 72
12 961 15
821 936 40
479 848 72
205 951 24
380 922 60
258 432 72
880 901 72
151 936 40
559 724 72
617 934 43
407 934 43
609 957 18
582 692 72
860 802 72
113 812 72
29 905 72
840 603 70
698 350 70
750 804 70
490 745 70
370 502 70
158 99 70
634 911 70
761 731 70
582 557 70
480 508 70
212 913 70
150 767 70
846 493 70
574 121 70
561 696 70
798 906 70
280 607 68
926 941 34
671 917 68
263 847 68
728 911 68
86 963 13
379 630 68
205 400 68
562 880 68
566 887 68
592 182 68
996 963 13
354 963 13
897 83 68
192 956 19
402 705 68
83 921 62
111 950 25
135 688 68
914 952 23
212 885 68
268 788 68
769 913 68
512 757 68
873 754 68
138 818 68
639 832 68
8 917 68
712 671 66
292 769 66
5 726 66
606 770 66
112 950 25
25 921 62
246 915 66
832 965 12
623 469 66
918 397 66
183 948 27
241 586 66
924 631 66
692 759 66
187 382 66
961 854 66
658 646 66
8 759 66
95 900 66
390 914 66
13 874 66
124 884 66
481 884 66
610 966 11
457 322 64
346 56 64
63 126 64
77 946 29
334 748 64
993 923 59
234 635 64
113 951 24
705 498 64
302 875 64
734 540 64
748 827 64
19 507 64
972 953 22
420 894 64
885 523 62
486 674 62
752 843 62
628 617 62
842 941 34
904 904 62
318 195 62
538 945 30
348 217 62
403 765 62
673 949 26
101 77 62
994 864 62
329 888 62
486 759 62
39 957 18
654 904 62
332 732 62
950 799 62
349 166 60
513 969 9
640 647 60
693 740 60
561 748 60
838 843 60
820 955 20
585 719 60
145 960 16
707 817 60
477 969 9
204 922 60
825 880 60
371 847 60
68 828 60
540 854 60
198 964 12
890 872 60
497 173 60
752 828 60
140 911 58
871 958 17
947 952 23
305 723 58
991 775 58
640 908 58
368 947 28
545 964 12
479 849 58
336 921 58
86 809 58
392 931 47
72 738 58
748 940 36
498 910 58
185 857 56
880 864 56
730 595 56
28 858 56
477 943 32
715 938 38
456 937 39
105 646 56
360 949 26
767 842 56
179 946 29
825 572 56
167 915 56
837 701 56
759 968 10
810 967 10
547 710 54
283 669 54
769 957 18
690 797 54
804 630 54
137 620 54
628 866 54
488 801 54
761 916 54
946 180 54
922 840 54
14 947 28
723 712 54
776 822 54
282 903 54
9 521 52
546 690 52
353 869 52
42 827 52
497 613 52
46 522 52
372 916 52
864 587 52
6 174 52
944 963 13
945 700 52
143 623 52
176 453 52
162 953 22
942 730 52
423 962 14
135 704 52
205 684 52
53 357 52
642 883 52
989 908 52
252 308 50
535 948 27
485 932 46
479 127 50
796 974 6
658 950 25
639 974 6
484 818 50
806 580 50
88 105 50
338 944 31
119 479 50
413 966 11
428 916 50
795 638 50
992 933 44
56 848 50
519 734 50
595 971 8
840 956 19
831 675 50
24 788 50
532 264 50
787 934 43
375 681 48
592 970 9
405 748 48
554 960 16
184 925 48
723 807 48
790 450 48
279 953 22
516 568 48
671 950 25
91 826 48
507 932 46
519 827 48
771 919 48
801 972 7
230 959 16
264 948 27
817 180 48
542 975 6
871 923 48
382 801 48
894 657 46
316 780 46
185 958 17
35 961 15
3 770 46
38 944 31
192 924 46
528 843 46
469 960 16
749 635 46
151 520 46
698 820 46
289 917 46
342 211 46
792 974 6
526 927 46
602 958 17
571 906 46
136 679 46
766 879 46
870 220 46
823 756 46
639 774 46
287 954 21
962 898 44
195 782 44
831 734 44
696 575 44
298 605 44
934 955 20
818 783 44
853 973 7
711 731 44
138 958 17
510 859 44
51 852 44
528 519 44
369 962 14
779 951 24
223 741 42
141 919 42
487 835 42
112 932 42
263 963 13
503 947 28
552 338 42
604 741 42
96 962 14
652 364 42
25 960 16
857 699 42
484 619 42
71 509 42
287 233 42
890 963 13
288 602 42
165 965 12
908 964 12
434 919 40
845 284 40
819 671 40
244 961 15
947 884 40
931 457 40
480 703 40
296 827 40
97 901 40
766 967 10
226 314 40
159 952 23
779 957 18
280 825 40
798 559 40
171 957 18
848 261 40
765 702 40
259 839 40
999 694 40
529 917 38
239 700 38
775 205 38
720 964 12
174 960 16
213 976 5
672 669 38
288 721 38
131 692 38
17 497 38
462 104 38
494 972 7
326 863 36
458 867 36
975 613 36
893 852 36
945 872 36
379 104 36
597 810 36
865 773 36
904 755 36
312 931 36
379 964 12
399 894 36
433 960 16
995 287 36
28 928 36
7 328 36
646 472 36
132 959 16
996 713 36
957 947 28
724 801 36
33 962 14
315 794 34
610 623 34
851 707 34
843 971 8
126 267 34
216 367 34
582 599 34
593 978 4
635 978 4
562 632 34
177 822 34
623 781 34
66 971 8
288 553 34
151 862 34
882 884 34
734 842 34
209 949 26
794 697 32
212 710 32
851 643 32
525 863 32
666 932 32
1 981 3
495 1 32
666 856 32
410 807 32
760 650 32
385 968 10
496 763 32
782 721 32
894 910 32
75 919 32
563 931 32
711 369 30
145 682 30
648 608 30
514 974 6
485 629 30
386 440 30
232 567 30
578 904 30
106 554 30
680 937 30
175 320 30
850 981 3
611 141 30
384 919 30
22 909 28
737 532 28
910 984 2
185 780 28
92 970 9
810 869 28
6 985 2
631 716 28
119 939 28
999 984 2
912 945 28
90 969 9
944 963 13
68 847 28
792 892 28
606 180 28
947 839 28
990 829 28
97 761 28
779 766 28
749 875 28
532 933 28
497 958 17
63 951 24
345 591 26
315 939 26
53 959 16
386 912 26
550 974 6
766 800 26
770 986 1
638 926 26
744 981 3
293 262 24
529 982 3
508 113 24
623 964 12
716 987 1
531 799 24
832 948 24
905 416 24
769 823 24
602 905 24
811 971 8
778 818 24
618 660 24
848 966 11
490 489 24
163 974 6
840 960 16
288 986 1
826 621 22
253 971 8
589 985 2
300 818 22
801 718 22
599 988 1
124 836 22
555 820 22
851 764 22
938 884 22
547 965 12
400 966 11
68 422 22
681 826 22
343 810 22
825 680 22
332 220 22
380 725 20
81 875 20
831 791 20
330 984 2
967 917 20
328 374 20
174 689 20
784 321 20
290 507 20
111 983 2
154 984 2
547 585 20
691 961 15
273 942 20
424 542 20
917 974 6
411 983 2
387 450 18
294 422 18
531 948 18
42 814 18
226 972 7
448 975 6
885 967 10
559 733 18
35 943 18
940 980 4
505 967 10
787 971 8
829 895 18
517 979 4
68 221 18
30 811 18
742 913 18
624 948 18
354 929 18
731 737 18
998 867 16
559 104 16
321 132 16
750 897 16
86 948 16
10 644 16
739 280 16
267 449 16
231 844 16
396 946 16
907 445 16
952 954 16
591 847 16
516 888 16
574 761 16
851 69 16
312 572 16
471 245 16
246 946 16
418 978 4
300 989 1
68 846 16
509 989 1
501 992 0
802 981 3
250 978 4
57 785 14
137 988 1
384 977 5
360 912 14
956 983 2
753 898 14
502 921 14
859 804 14
354 453 14
419 984 2
651 845 14
289 649 14
866 987 1
492 702 14
560 980 4
559 985 2
634 968 10
743 160 14
665 965 12
932 933 12
227 989 1
285 983 2
830 657 12
793 989 1
657 914 12
334 978 4
42 430 12
7 941 12
809 742 12
713 123 12
258 991 0
555 869 12
180 992 0
139 644 12
688 384 12
395 10 12
969 511 12
502 712 12
104 259 12
553 977 5
533 905 12
527 784 12
838 992 0
984 976 5
292 948 12
547 992 0
739 988 1
155 838 10
151 956 10
72 662 10
128 987 1
123 119 10
354 969 9
474 979 4
192 958 10
193 993 0
443 911 10
412 824 10
502 972 7
353 990 1
524 954 10
957 983 2
440 990 1
905 820 10
189 986 1
62 937 10
666 890 10
692 980 4
948 993 0
270 907 10
14 71 10
833 968 8
75 994 0
776 764 8
338 982 3
965 740 8
739 994 0
424 694 8
437 966 8
736 666 8
65 405 8
521 788 8
53 194 8
27 967 8
985 139 8
513 909 8
272 648 8
406 825 8
750 978 4
462 869 8
310 683 8
772 333 8
497 993 0
884 902 8
414 201 8
284 992 0
452 993 0
585 371 8
218 965 8
246 902 8
948 83 8
308 984 2
928 990 1
200 844 6
28 326 6
786 973 6
328 69 6
55 909 6
756 935 6
448 827 6
571 995 0
605 806 6
603 957 6
919 766 6
779 974 6
351 992 0
540 515 6
206 208 6
965 667 6
520 810 6
257 983 2
692 822 6
963 772 6
196 887 6
687 973 4
730 995 0
382 997 0
678 768 4
279 611 4
812 850 4
154 996 0
787 989 1
265 980 4
493 934 4
483 997 0
225 971 4
85 984 2
485 927 4
1000 849 4
419 142 4
254 858 4
673 963 4
162 687 4
60 996 0
896 982 3
654 878 4
437 879 4
606 995 0
436 996 0
866 979 4
668 997 0
55 678 4
55 987 1
266 586 4
245 566 4
961 878 4
104 966 4
333 997 0
720 990 1
792 678 4
601 936 4
477 995 0
959 977 4
407 881 4
655 997 0
726 939 4
811 983 2
697 990 1
682 921 2
96 933 2
801 975 2
546 993 0
624 990 1
557 992 0
708 985 2
759 995 0
519 981 2
210 993 0
62 987 1
745 929 2
22 724 2
997 898 2
397 990 1
155 928 2
448 995 0
594 491 2
983 491 2
200 994 0
224 527 2
120 958 2
684 758 2
144 949 2
113 992 0
906 894 2
589 672 2
557 994 0
902 993 0
192 983 2
28 294 2
425 770 2
246 816 0
371 946 0
235 968 0
506 997 0
485 933 0
939 995 0
872 999 0
506 967 0
971 994 0
501 996 0
941 999 0
825 972 0
447 998 0
919 645 0
998 1000 0
45 969 0
385 1000 0
11 994 0
9 57 0
604 963 0
864 532 0
472 999 0
567 981 0
126 871 0
634 969 0
82 991 0
311 999 0
488 1000 0
31 722 0
684 1000 0
57 997 0
515 599 0
4 983 0
290 958 0
674 751 0
313 995 0
337 999 0
216 795 0
289 1000 0
130 966 0
431 993 0
964 1000 0
250 997 0
