100 100 4.3589
68 5 90
9 7 86
99 10 81
63 16 70
8 10 81
14 21 62
44 12 77
53 25 56
46 18 67
43 7 86
46 22 60
18 34 43
25 20 64
92 21 62
45 13 75
90 18 67
66 4 92
4 6 88
72 40 36
93 31 47
76 21 62
58 4 92
90 48 27
64 13 75
56 32 46
53 29 50
15 42 33
90 8 84
69 10 81
29 7 86
96 16 70
27 20 64
21 48 27
30 44 31
46 57 18
46 31 47
82 56 19
21 64 12
13 20 64
45 52 23
93 36 40
84 48 27
28 57 18
92 49 26
79 46 29
25 56 19
60 71 8
37 32 44
36 59 16
91 76 5
78 31 40
23 77 5
6 28 38
94 24 36
89 57 18
92 52 23
53 71 8
12 75 6
53 65 12
1 77 5
34 77 5
30 59 16
48 29 26
95 72 7
38 17 24
61 14 22
8 5 20
50 72 7
38 62 14
60 41 18
16 63 13
66 77 5
25 69 9
3 81 3
79 91 0
7 91 0
16 86 1
37 93 0
26 93 0
93 67 10
92 44 10
2 87 1
3 92 0
38 82 3
42 32 6
37 25 6
7 45 6
4 96 0
56 83 2
26 98 0
57 99 0
94 91 0
49 99 0
6 100 0
6 99 0
5 91 0
19 100 0
41 96 0
14 99 0
88 100 0
