900 26684 9.9499
76 86 24.5421
93 100 41.5329
4 14 91.5619
51 61 28.6974
37 47 58.0294
15 25 74.5442
8 18 83.3861
38 48 62.1811
15 25 76.3177
2 12 89.4159
73 83 36.1802
41 51 56.3686
72 82 32.2579
11 21 84.8609
100 100 31.3163
61 71 29.4426
67 77 47.1859
15 25 67.3499
24 34 76.841
30 40 59.4904
2 12 85.9514
14 24 81.5572
64 74 42.5352
8 18 86.3134
58 68 45.1597
70 80 61.2009
33 43 44.4849
33 43 71.3214
40 50 64.4054
16 26 72.5376
29 39 67.501
55 65 32.9109
70 80 18.1766
65 75 37.5659
70 80 44.9222
66 76 20.7143
97 100 22.8178
14 24 70.1189
74 84 60.7324
98 100 17.3622
77 87 46.9568
83 93 14.4392
71 81 43.8761
62 72 46.2863
79 89 23.3115
91 100 43.3938
18 28 81.5102
70 80 48.1331
14 24 79.4933
39 49 53.4083
41 51 62.0519
7 17 88.345
28 38 68.6081
64 74 26.2349
80 90 18.4462
58 68 47.6956
52 62 57.6916
82 92 40.3924
55 65 58.2047
59 69 58.1101
54 64 59.0439
7 17 81.8084
27 37 76.267
51 61 53.7142
16 26 72.5291
74 84 38.9576
78 88 58.7047
58 68 45.7382
36 46 70.32
91 100 12.6957
64 74 37.5181
63 73 38.3867
100 100 20.4449
40 50 47.8324
78 88 23.8124
19 29 72.2925
48 58 53.858
37 47 63.4141
84 94 32.7779
56 66 48.1719
95 100 26.4206
80 90 28.8788
35 45 75.683
9 19 82.7827
73 83 23.6381
85 95 22.6633
82 92 35.4156
23 33 65.1992
9 19 85.0158
29 39 64.8862
27 37 56.8154
58 68 34.5568
81 91 48.93
81 91 48.482
26 36 71.1071
12 22 84.1696
5 15 85.4719
82 92 19.0384
39 49 67.7675
58 68 37.1466
74 84 44.5783
15 25 82.2196
100 100 29.6393
78 88 18.7792
57 67 41.8583
64 74 31.6046
96 100 17.157
32 42 66.9402
34 44 53.5429
77 87 44.6999
61 71 47.0377
41 51 53.7773
39 49 53.252
81 91 41.6954
88 98 43.3069
72 82 40.8129
23 33 64.648
78 88 26.358
74 84 46.813
70 80 39.1951
59 69 35.0227
82 92 12.6508
29 39 64.6127
42 52 55.0831
45 55 37.2735
76 86 31.831
38 48 51.3616
97 100 32.8512
62 72 39.2151
23 33 71.3603
4 14 86.0293
16 26 84.8204
40 50 65.0604
37 47 73.7108
27 37 64.6159
14 24 71.7155
29 39 75.6135
89 99 35.0606
8 18 76.1588
33 43 71.4431
6 16 88.3356
54 64 44.6411
37 47 52.9533
86 96 16.7028
92 100 25.9448
77 87 30.5411
39 49 67.2006
98 100 31.3488
45 55 66.2254
98 100 12.0861
89 99 32.8306
49 59 43.0546
51 61 49.5208
18 28 80.33
62 72 28.1908
97 100 52.4596
55 65 58.469
15 25 65.1507
92 100 38.3433
79 89 37.1917
46 56 46.2713
27 37 75.4084
63 73 22.2246
50 60 55.6546
77 87 19.8132
95 100 23.7481
72 82 46.5438
38 48 53.5809
88 98 33.2583
82 92 37.5218
61 71 35.2492
69 79 39.1275
64 74 47.3633
36 46 64.2194
25 35 76.5608
48 58 44.553
6 16 84.6124
2 12 88.891
3 13 85.5921
19 29 67.2548
54 64 45.9684
59 69 27.6697
93 100 10.9019
99 100 21.8042
70 80 52.6902
45 55 47.2189
91 100 22.442
32 42 57.7904
61 71 36.5831
9 19 86.6016
67 77 29.5273
83 93 14.3808
61 71 24.6989
54 64 50.0995
36 46 61.1852
19 29 82.6954
49 59 53.3309
33 43 58.362
62 72 45.9426
22 32 71.7866
84 94 16.1002
55 65 55.437
44 54 62.3437
6 16 88.1984
16 26 83.0559
43 53 56.4572
27 37 60.6748
91 100 24.3088
37 47 51.9005
56 66 42.0682
75 85 19.2572
68 78 29.0478
5 15 88.7496
87 97 12.3468
41 51 60.348
22 32 62.9214
19 29 71.1509
58 68 41.6941
11 21 80.6081
2 12 86.1797
86 96 28.0021
52 62 57.8087
75 85 32.739
19 29 78.1827
46 56 57.8695
88 98 11.78
69 79 28.7317
71 81 62.2695
21 31 76.178
42 52 73.9858
82 92 37.4471
72 82 33.1246
4 14 86.8456
83 93 19.6081
31 41 49.7631
6 16 80.982
68 78 47.6845
54 64 62.7486
4 14 88.2566
57 67 37.7487
63 73 31.4452
74 84 51.5912
84 94 44.4342
66 76 53.6879
4 14 90.0867
19 29 74.1166
81 91 44.071
54 64 52.179
43 53 38.0726
15 25 79.6271
93 100 33.6064
11 21 84.3165
49 59 47.9529
36 46 52.419
100 100 38.5107
44 54 67.3745
100 100 29.708
22 32 61.2072
10 20 73.1572
75 85 39.2966
80 90 37.0467
28 38 75.3893
59 69 38.8179
33 43 67.2531
98 100 28.5541
1 11 88.1064
31 41 66.2043
9 19 85.9069
93 100 31.6204
88 98 21.3389
32 42 49.2088
1 11 94.3793
75 85 16.4601
61 71 40.9344
46 56 66.5122
44 54 59.253
14 24 83.7554
20 30 76.4086
36 46 44.6892
15 25 75.777
5 15 78.8757
26 36 66.9075
76 86 37.8114
55 65 45.5868
30 40 67.3007
5 15 83.2109
91 100 10.6283
48 58 53.5736
8 18 77.6831
82 92 34.0111
63 73 27.7013
57 67 56.163
50 60 34.0297
89 99 30.4682
2 12 89.1212
23 33 58.8596
23 33 72.0105
56 66 62.4416
72 82 43.0887
95 100 36.2079
43 53 59.0147
78 88 51.144
57 67 55.2302
66 76 22.8417
19 29 71.7189
78 88 43.1544
10 20 80.9226
2 12 87.8606
81 91 23.4314
30 40 68.6097
5 15 88.4521
60 70 41.5458
81 91 42.7624
73 83 38.9301
7 17 87.4262
28 38 77.5562
75 85 56.6828
13 23 78.3703
1 11 87.5441
5 15 87.9338
96 100 13.0227
84 94 41.9451
36 46 66.2384
86 96 19.5523
15 25 66.3557
71 81 18.4995
88 98 41.0253
68 78 40.7682
39 49 49.8549
92 100 15.3923
22 32 64.2931
46 56 47.9155
63 73 20.9874
63 73 56.7973
10 20 80.8111
82 92 23.6371
67 77 42.8449
47 57 67.8613
51 61 41.3912
98 100 20.9471
45 55 51.0753
88 98 37.9518
72 82 21.103
85 95 27.167
22 32 68.0427
82 92 23.5196
35 45 60.9617
83 93 38.3768
37 47 62.6931
55 65 45.27
62 72 43.0179
54 64 36.8619
20 30 79.6681
58 68 35.5812
51 61 34.7911
34 44 69.584
21 31 71.9002
18 28 66.6378
7 17 75.7648
42 52 54.686
62 72 40.8449
77 87 32.3568
66 76 26.8915
62 72 56.4722
5 15 82.5209
3 13 90.5295
19 29 80.8561
44 54 60.5175
16 26 67.4369
37 47 67.9091
73 83 34.6003
39 49 54.9274
63 73 53.7069
51 61 57.7159
3 13 87.9131
88 98 49.435
48 58 49.7434
70 80 43.5574
55 65 51.3186
6 16 84.5591
10 20 78.2676
73 83 35.4275
50 60 50.2086
86 96 49.7434
45 55 47.8089
51 61 68.7971
26 36 62.6045
79 89 24.4105
76 86 44.7133
19 29 83.5743
10 20 74.5114
99 100 39.748
32 42 69.274
26 36 72.5001
88 98 9.6958
71 81 33.1154
15 25 78.2818
98 100 41.6722
82 92 42.8226
50 60 37.7868
68 78 26.5905
95 100 13.6198
71 81 30.6595
99 100 38.548
62 72 65.6521
85 95 15.3931
6 16 87.8063
48 58 67.6704
69 79 47.4983
32 42 67.0237
47 57 36.3452
11 21 84.1513
70 80 39.1213
28 38 68.1269
100 100 23.3908
40 50 46.5602
2 12 87.6115
23 33 64.513
82 92 48.7204
50 60 54.339
47 57 44.3063
27 37 67.4025
62 72 66.0075
90 100 17.1711
69 79 28.5722
44 54 42.7703
88 98 30.0381
49 59 47.0418
24 34 64.9169
75 85 52.4176
86 96 41.636
65 75 51.1168
76 86 37.3333
90 100 37.0796
30 40 70.8711
9 19 86.9929
71 81 51.7896
66 76 29.4751
94 100 41.3243
28 38 70.2462
60 70 37.6407
9 19 83.0267
48 58 42.2084
86 96 44.0405
16 26 83.9166
43 53 53.3353
99 100 36.9275
10 20 72.4746
24 34 80.5058
62 72 54.8888
57 67 45.2889
30 40 60.9852
93 100 36.2332
68 78 40.7669
64 74 38.884
74 84 14.2227
15 25 78.4146
26 36 55.19
58 68 46.1856
48 58 56.9331
48 58 68.9348
37 47 55.501
82 92 32.1172
82 92 28.2588
75 85 45.6057
29 39 60.7386
89 99 23.9924
19 29 82.3502
14 24 78.739
19 29 74.9211
19 29 74.3423
64 74 44.7829
1 11 90.9258
75 85 53.7758
5 15 79.4416
25 35 78.204
37 47 45.1315
98 100 33.2087
29 39 66.9713
10 20 76.9024
1 11 89.6033
23 33 74.7101
4 14 79.5486
93 100 26.2431
4 14 88.6422
88 98 23.9884
45 55 47.8241
35 45 48.7874
25 35 54.3921
52 62 32.0503
99 100 20.8274
61 71 31.2358
38 48 45.7936
25 35 64.9233
65 75 49.9679
83 93 43.9065
66 76 23.2999
98 100 20.6616
100 100 38.7668
46 56 60.2424
100 100 15.6887
35 45 67.345
79 89 42.8632
26 36 52.9329
60 70 61.068
92 100 27.7034
7 17 83.4519
98 100 36.5263
23 33 75.9826
72 82 18.7134
98 100 25.2818
64 74 53.3017
2 12 91.1452
43 53 53.5414
30 40 68.2937
78 88 20.4747
36 46 64.2771
3 13 87.5385
95 100 51.1912
61 71 38.3557
68 78 45.2687
63 73 35.0156
44 54 57.2973
40 50 51.6041
24 34 71.98
92 100 43.4663
35 45 59.1315
28 38 72.7404
25 35 81.1945
69 79 30.858
4 14 89.0891
17 27 70.1591
6 16 86.5105
17 27 79.6199
81 91 21.0552
32 42 60.7106
77 87 24.0993
45 55 61.6037
45 55 51.164
60 70 26.7372
5 15 87.9056
45 55 67.1777
38 48 62.4985
53 63 35.849
40 50 62.0519
78 88 24.4768
40 50 60.0362
27 37 74.6513
62 72 24.4738
14 24 72.1939
22 32 58.0385
30 40 62.0188
10 20 72.4082
11 21 77.9813
17 27 80.3228
92 100 26.6865
52 62 47.1323
23 33 60.2145
26 36 73.1538
99 100 19.0201
19 29 79.4576
63 73 47.668
55 65 29.187
11 21 88.94
87 97 34.7381
3 13 88.6705
82 92 22.3181
25 35 56.2725
15 25 74.0443
2 12 88.5669
59 69 23.6361
57 67 44.3316
37 47 60.3403
42 52 57.2323
69 79 32.2749
41 51 49.352
27 37 77.9177
34 44 64.817
85 95 33.1891
71 81 24.0688
22 32 58.2138
85 95 32.7688
10 20 83.4829
20 30 64.9797
25 35 60.7823
2 12 86.9687
70 80 18.7792
17 27 81.5897
51 61 30.8358
15 25 77.669
80 90 22.5606
7 17 87.4599
64 74 25.1101
35 45 50.0344
20 30 80.0166
95 100 46.096
37 47 67.0368
58 68 55.3268
89 99 46.3053
8 18 82.6208
38 48 75.8188
45 55 43.7556
16 26 79.1406
54 64 40.6993
36 46 75.4935
46 56 60.4693
39 49 62.0834
78 88 31.9847
89 99 20.9178
41 51 48.411
31 41 62.5539
43 53 59.1038
71 81 26.5462
49 59 59.3439
21 31 71.3197
67 77 50.6261
49 59 41.2793
30 40 79.4844
61 71 40.1525
43 53 54.9125
100 100 31.9327
28 38 70.9722
97 100 33.5357
5 15 85.1468
59 69 31.36
98 100 5.8448
84 94 30.5046
61 71 47.1323
67 77 25.7678
81 91 53.271
22 32 73.625
71 81 47.3206
38 48 57.7448
73 83 45.2646
72 82 15.5614
8 18 79.2225
56 66 39.07
28 38 69.0877
73 83 37.1429
41 51 54.7186
27 37 74.5615
56 66 42.8239
49 59 56.0522
41 51 54.1637
37 47 51.406
52 62 66.2449
91 100 12.7235
61 71 25.7973
17 27 71.8392
15 25 82.2468
81 91 30.6041
38 48 58.7783
72 82 42.427
39 49 62.1511
90 100 28.1197
80 90 45.9101
52 62 46.4224
70 80 43.9463
76 86 30.9993
28 38 58.8964
17 27 73.4946
51 61 40.7593
2 12 92.2215
74 84 26.7568
47 57 61.0523
3 13 84.9641
98 100 50.3177
50 60 55.2034
65 75 33.6307
92 100 29.4154
96 100 43.7595
79 89 40.0461
70 80 33.2248
88 98 12.4658
94 100 21.9305
86 96 15.9193
30 40 73.2017
91 100 20.3771
60 70 38.2381
79 89 26.4504
76 86 24.0561
86 96 18.122
86 96 25.1934
21 31 74.9246
50 60 50.0316
68 78 41.3372
80 90 14.741
100 100 53.6131
41 51 50.8882
5 15 86.4956
81 91 15.0622
12 22 84.0944
30 40 71.8375
80 90 42.6749
90 100 32.2181
51 61 42.4061
8 18 89.9842
65 75 31.0929
24 34 73.0563
4 14 89.8875
87 97 11.8694
89 99 11.3731
60 70 37.0138
66 76 32.9901
21 31 80.6709
27 37 72.1344
95 100 37.1673
46 56 54.7023
13 23 78.5953
2 12 92.7677
22 32 64.0896
6 16 87.4094
20 30 67.0466
89 99 37.1966
73 83 31.0795
90 100 15.1687
3 13 81.272
36 46 62.7375
7 17 81.718
6 16 80.2099
32 42 61.5754
34 44 64.5162
24 34 74.5252
31 41 56.1795
39 49 64.6384
86 96 7.704
2 12 84.9992
19 29 70.676
58 68 63.928
80 90 43.9238
7 17 82.952
5 15 83.7408
82 92 38.7083
92 100 38.975
41 51 63.5719
46 56 63.904
65 75 39.8325
20 30 66.7636
52 62 56.337
48 58 45.5922
33 43 69.9164
52 62 67.1597
28 38 61.734
94 100 16.6276
5 15 85.9181
13 23 83.7573
65 75 29.3136
18 28 72.7575
55 65 42.2045
52 62 54.7733
76 86 32.4399
48 58 50.5123
40 50 65.9344
74 84 53.9711
31 41 69.5873
55 65 63.3919
76 86 28.6503
50 60 58.0705
40 50 50.0783
46 56 35.5884
3 13 86.2985
1 11 85.6976
53 63 52.1645
36 46 70.9688
8 18 85.3092
40 50 65.2315
35 45 69.1925
1 11 86.1667
6 16 83.5451
46 56 48.1664
49 59 52.5335
4 14 84.4635
7 17 86.3914
79 89 34.4663
42 52 57.8908
12 22 87.3645
55 65 51.0896
63 73 23.1573
35 45 62.3026
4 14 91.3477
66 76 27.0015
83 93 30.2841
53 63 42.8554
91 100 19.3345
96 100 45.3831
98 100 31.4194
41 51 54.1343
67 77 32.4832
77 87 22.5644
27 37 61.9259
82 92 28.1367
32 42 54.1961
34 44 69.1958
29 39 76.2653
44 54 58.0568
83 93 39.2979
89 99 47.9487
18 28 76.4768
59 69 62.6266
92 100 32.3954
43 53 57.2398
75 85 48.0304
40 50 53.7949
26 36 77.041
87 97 38.9626
75 85 30.9904
99 100 26.5792
44 54 49.5602
10 20 83.0486
12 22 74.1407
95 100 41.7406
45 55 50.1462
12 22 79.9415
24 34 71.1593
1 11 84.7007
18 28 73.0512
36 46 63.5289
44 54 36.9081
91 100 20.5807
24 34 75.4518
79 89 31.9146
70 80 48.3901
28 38 52.8805
2 12 86.8494
19 29 74.8242
46 56 47.0116
63 73 57.7311
51 61 68.2078
54 64 56.582
53 63 42.2279
43 53 54.3272
96 100 13.9936
60 70 57.5322
12 22 76.2269
69 79 56.7642
54 64 27.6035
100 100 47.4363
50 60 58.9394
25 35 59.1499
69 79 37.2222
31 41 57.8938
21 31 76.5888
69 79 35.6588
17 27 75.1394
53 63 60.7542
36 46 70.1792
61 71 29.708
1 11 93.3253
46 56 65.1007
58 68 32.5071
100 100 20.3491
94 100 16.1194
27 37 66.9795
76 86 50.2128
32 42 53.6864
8 18 82.8792
100 100 28.7082
57 67 46.6107
17 27 72.0784
65 75 50.6574
66 76 45.906
53 63 32.242
73 83 31.5237
78 88 14.2189
90 100 37.2137
66 76 35.4727
38 48 55.504
80 90 33.7015
84 94 47.9321
91 100 12.1731
66 76 25.2366
31 41 60.4211
18 28 77.8189
45 55 64.7848
87 97 45.7585
70 80 29.4947
67 77 24.5828
51 61 55.7053
5 15 86.9612
71 81 33.7294
9 19 80.1043
50 60 49.4462
15 25 79.7395
36 46 76.0803
50 60 52.1053
7 17 88.1665
94 100 28.0021
61 71 61.6743
66 76 45.8221
79 89 25.4752
29 39 61.8488
8 18 77.7765
8 18 84.848
92 100 13.6804
37 47 67.9883
82 92 48.0693
66 76 38.3471
39 49 67.5257
21 31 75.2869
47 57 48.6688
