100 3032 9.9499
82 92 39.6698
9 19 1.863
75 85 63.944
14 24 3.4555
68 78 17.3447
26 36 8.0861
20 30 2.3293
5 15 0.7321
3 13 0.6917
43 53 9.8082
61 71 23.2883
73 83 65.8759
60 70 48.3776
64 74 17.4791
57 67 33.6098
78 88 40.2654
93 100 33.891
26 36 4.0751
24 34 3.7349
81 91 67.4238
47 57 11.8784
62 72 19.8996
33 43 8.377
85 95 53.0814
9 19 1.1419
51 61 16.6799
38 48 15.0249
51 61 23.3192
94 100 53.0581
6 16 0.6706
61 71 44.4462
42 52 8.52
28 38 5.8477
89 99 78.6219
92 100 79.6699
1 11 0.9543
46 56 17.3172
23 33 5.5734
69 79 26.4638
64 74 49.2425
61 71 35.5001
71 81 49.9241
3 13 0.8928
65 75 27.1451
99 100 57.833
69 79 39.7253
23 33 3.2429
61 71 14.7471
59 69 44.7601
86 96 27.4807
36 46 16.8313
97 100 34.6285
34 44 10.8524
100 100 42.0176
90 100 44.1454
54 64 16.4187
58 68 28.6846
54 64 11.8068
2 12 0.7336
45 55 28.7392
65 75 36.7139
70 80 23.414
32 42 14.784
52 62 36.8061
17 27 3.8841
73 83 22.8838
79 89 73.9858
74 84 38.5952
85 95 79.752
93 100 65.7818
2 12 0.9086
71 81 62.6425
32 42 7.9518
35 45 14.6773
81 91 61.2353
15 25 3.6703
72 82 49.3029
24 34 6.9422
77 87 30.8691
25 35 10.3587
9 19 2.2115
98 100 52.0735
37 47 5.5989
53 63 32.0764
57 67 14.265
91 100 90.9658
83 93 57.0856
34 44 10.809
27 37 7.3116
14 24 2.3565
98 100 55.9848
14 24 4.0164
9 19 2.8083
31 41 15.2201
25 35 5.5894
100 100 91.5983
14 24 5.1008
29 39 12.767
78 88 46.9033
35 45 15.3413
