900 27289 9.9499
72 82 16.299
3 13 87.2356
77 87 42.1954
53 63 67.4057
18 28 75.391
89 99 44.2478
7 17 87.7763
90 100 37.7143
74 84 25.8176
42 52 48.3108
60 70 41.1112
85 95 39.6069
52 62 63.0865
4 14 87.8269
89 99 29.0359
50 60 56.3611
46 56 57.6704
79 89 44.7347
88 98 32.3351
64 74 34.8608
78 88 24.966
64 74 56.2815
68 78 22.1719
29 39 66.0953
24 34 74.2923
41 51 41.2241
68 78 34.3373
17 27 70.2864
63 73 25.049
83 93 10.9435
70 80 34.2307
71 81 39.9626
59 69 27.3362
60 70 32.8983
65 75 42.1201
93 100 26.2769
15 25 79.2866
7 17 78.388
94 100 25.3401
11 21 79.5664
27 37 71.707
62 72 44.5543
86 96 46.1367
93 100 46.2468
98 100 22.6424
25 35 63.7922
64 74 26.4052
74 84 39.3706
6 16 85.4478
26 36 66.1782
85 95 18.4256
27 37 76.0419
91 100 39.2979
84 94 30.0556
92 100 28.5541
17 27 67.3204
15 25 67.2515
99 100 44.2691
83 93 49.1149
78 88 43.0559
29 39 57.0871
4 14 89.2477
53 63 37.9801
16 26 86.9407
42 52 51.3989
18 28 73.5975
52 62 42.4439
62 72 29.2638
3 13 87.4375
74 84 56.0537
8 18 87.2151
17 27 66.5301
7 17 77.602
48 58 53.0028
71 81 37.1259
91 100 30.8669
75 85 32.5835
51 61 56.5113
3 13 87.6602
97 100 20.8228
68 78 31.5181
97 100 30.2566
21 31 79.8181
38 48 52.0836
11 21 76.2985
75 85 27.6035
83 93 21.0901
81 91 21.5565
67 77 30.5289
98 100 20.6479
3 13 90.6818
62 72 41.9036
67 77 46.8636
30 40 56.9768
81 91 27.2192
37 47 62.614
10 20 84.7707
97 100 43.6881
6 16 83.6896
4 14 84.931
49 59 59.8828
95 100 13.9308
91 100 23.7257
63 73 40.2248
7 17 78.3756
14 24 80.6548
94 100 19.1783
49 59 46.6776
72 82 18.6469
96 100 24.7795
69 79 53.029
78 88 34.565
14 24 69.811
88 98 26.4165
95 100 17.7873
4 14 80.7464
73 83 28.7832
55 65 28.279
94 100 22.1163
93 100 16.044
11 21 80.0757
32 42 51.4878
58 68 32.0741
86 96 11.3603
32 42 69.2673
95 100 17.6509
89 99 42.5665
70 80 38.2579
88 98 21.2964
80 90 48.0124
29 39 51.5093
96 100 20.4593
99 100 11.7382
18 28 78.7355
87 97 17.2989
3 13 91.5122
18 28 74.2613
10 20 81.2306
27 37 67.9273
85 95 25.7648
87 97 13.022
38 48 58.1239
39 49 57.4716
9 19 83.7371
82 92 25.3079
99 100 19.3486
84 94 40.2666
40 50 49.4392
4 14 81.4524
96 100 49.8747
58 68 33.9365
88 98 36.6194
31 41 78.6538
81 91 35.7724
29 39 74.1321
17 27 74.9038
55 65 46.4211
73 83 29.2162
97 100 32.251
30 40 50.2837
19 29 74.7187
76 86 35.5347
60 70 27.8024
23 33 59.4919
7 17 84.9347
35 45 46.1462
67 77 37.7881
59 69 56.0013
9 19 77.0076
29 39 55.5666
39 49 55.251
23 33 61.6429
41 51 44.3449
47 57 54.7053
69 79 40.969
28 38 51.1912
3 13 87.0041
28 38 70.0502
11 21 80.6745
38 48 70.216
89 99 32.6075
1 11 93.7024
45 55 60.6093
98 100 34.0484
53 63 52.0894
27 37 72.2415
39 49 43.994
86 96 24.5619
63 73 55.4042
51 61 52.8384
74 84 16.8905
75 85 30.9737
40 50 40.2248
26 36 74.4614
55 65 51.7392
54 64 41.0689
95 100 45.0577
78 88 24.5005
11 21 75.9425
61 71 39.3405
79 89 51.2713
65 75 42.3788
29 39 74.8104
20 30 73.9669
49 59 57.643
96 100 10.4271
95 100 13.733
5 15 91.9815
95 100 33.4096
88 98 17.7115
56 66 52.3901
94 100 30.858
47 57 67.5816
89 99 27.2787
86 96 32.1534
28 38 73.9256
97 100 26.1254
83 93 13.7292
7 17 84.5278
13 23 72.4627
67 77 30.3182
20 30 81.615
98 100 22.5901
9 19 81.9604
87 97 10.545
99 100 10.7453
74 84 37.7217
16 26 85.7161
14 24 76.8217
59 69 49.352
38 48 45.235
65 75 46.8171
56 66 39.2264
98 100 30.466
85 95 35.7162
63 73 38.4536
15 25 82.3411
75 85 58.0934
35 45 65.041
41 51 62.4637
87 97 53.2287
19 29 80.2906
81 91 28.0328
18 28 79.4166
26 36 74.8363
15 25 72.7694
58 68 50.2525
84 94 29.3558
29 39 70.6356
16 26 75.7822
37 47 54.3818
20 30 84.583
60 70 53.8727
87 97 51.1082
72 82 13.9839
32 42 54.1887
31 41 56.9632
43 53 44.1029
80 90 46.5029
99 100 21.4341
39 49 68.3416
24 34 61.9259
34 44 60.6452
66 76 47.7357
73 83 35.3621
10 20 74.4269
97 100 46.7268
33 43 56.9632
10 20 88.8702
60 70 48.8517
59 69 57.2882
64 74 31.4631
54 64 48.6423
18 28 81.8609
52 62 59.7977
64 74 37.4532
18 28 73.9669
27 37 54.0813
30 40 60.6296
42 52 63.8673
15 25 72.9675
79 89 25.905
99 100 19.8221
53 63 41.538
67 77 23.3666
88 98 19.9086
49 59 58.005
99 100 24.5273
35 45 70.0536
53 63 46.9335
26 36 56.8335
96 100 23.9679
20 30 75.3493
93 100 22.153
33 43 54.9704
50 60 51.6285
99 100 32.3693
12 22 79.9111
1 11 85.618
46 56 62.7201
69 79 36.7721
75 85 12.3862
39 49 72.1361
20 30 79.009
82 92 48.8503
90 100 36.4297
81 91 13.4066
54 64 54.3803
27 37 74.4527
47 57 54.0063
75 85 39.7492
3 13 81.7397
100 100 28.553
19 29 72.7421
5 15 79.2581
90 100 31.9383
87 97 20.7071
85 95 36.5517
83 93 36.834
11 21 78.739
23 33 73.7177
19 29 72.3282
83 93 26.9724
45 55 54.4733
13 23 79.8861
55 65 28.8466
98 100 24.1032
41 51 57.7752
21 31 80.0578
39 49 44.6772
74 84 37.3235
33 43 75.247
25 35 68.9514
62 72 27.0275
53 63 54.0887
50 60 35.7281
93 100 51.3616
76 86 45.2498
50 60 45.5801
21 31 80.6458
47 57 54.4083
33 43 63.2693
64 74 50.8597
35 45 51.9769
61 71 46.1775
29 39 59.8534
84 94 22.7214
62 72 63.8577
93 100 7.9727
19 29 69.4706
3 13 88.8137
49 59 41.6296
43 53 58.4353
81 91 22.4799
80 90 37.0735
58 68 37.1052
88 98 49.563
40 50 42.0293
53 63 37.188
87 97 39.9336
26 36 78.2482
83 93 22.8025
57 67 28.6161
58 68 38.0183
49 59 49.6687
29 39 67.5437
48 58 53.4463
16 26 75.391
95 100 12.2486
13 23 81.9278
15 25 73.212
44 54 57.3731
9 19 84.0522
68 78 29.3558
30 40 68.5882
20 30 75.6935
3 13 88.0613
51 61 44.6117
27 37 77.87
19 29 80.8938
66 76 32.3659
26 36 67.1187
49 59 33.3818
64 74 60.6218
42 52 39.456
71 81 38.5517
37 47 62.1764
7 17 81.2937
18 28 81.3857
37 47 52.9329
42 52 46.1122
18 28 73.9738
33 43 64.1297
62 72 36.7491
15 25 74.2148
79 89 33.3333
74 84 30.6263
95 100 28.6236
90 100 40.6827
46 56 55.2525
88 98 29.0155
23 33 69.2856
27 37 59.3424
37 47 68.522
4 14 86.0906
95 100 39.9702
39 49 48.0499
85 95 39.9677
98 100 19.3468
79 89 38.2208
8 18 89.9576
6 16 84.7247
75 85 22.0374
86 96 15.8515
74 84 50.8141
51 61 60.6218
39 49 51.021
45 55 61.3246
24 34 72.8701
68 78 38.7096
69 79 45.4694
36 46 53.3236
56 66 36.4816
15 25 72.7336
44 54 49.1667
23 33 66.8617
45 55 61.4625
72 82 41.1779
43 53 63.3091
54 64 55.7486
56 66 43.892
66 76 39.3116
86 96 11.908
19 29 63.255
18 28 78.1509
91 100 32.7104
69 79 22.8016
87 97 12.7813
21 31 80.5686
42 52 47.5259
12 22 78.2659
43 53 54.1828
96 100 7.7997
14 24 71.313
87 97 42.5339
52 62 46.9074
73 83 19.4755
58 68 57.3473
62 72 55.251
34 44 61.4311
13 23 80.9946
51 61 58.6679
46 56 45.2969
81 91 31.4171
94 100 14.4385
100 100 32.9063
5 15 91.6883
33 43 63.9808
74 84 31.8085
4 14 86.9127
71 81 32.1591
26 36 65.2961
45 55 59.1176
60 70 42.9916
81 91 43.1846
25 35 81.3171
39 49 51.6774
80 90 38.3755
40 50 43.4769
95 100 20.3636
17 27 76.2373
9 19 90.2177
89 99 22.4894
93 100 25.323
12 22 68.6561
33 43 59.7529
42 52 55.0623
93 100 30.8558
88 98 48.2219
83 93 40.0347
86 96 41.0663
5 15 88.3938
59 69 49.8168
84 94 25.2918
77 87 43.1886
13 23 76.0454
8 18 85.6846
38 48 57.8619
98 100 41.1035
34 44 53.8242
6 16 88.2454
68 78 38.1936
19 29 69.4656
67 77 24.3157
47 57 56.9814
83 93 15.0141
11 21 79.5343
15 25 83.5689
23 33 64.1409
18 28 74.7723
48 58 51.396
41 51 64.4424
5 15 87.2169
58 68 54.4541
98 100 15.4535
13 23 82.7954
74 84 33.9469
79 89 31.2593
2 12 88.6893
42 52 59.4981
100 100 46.8978
13 23 77.8594
42 52 44.8887
58 68 38.248
71 81 51.6443
72 82 46.3502
66 76 47.9058
11 21 79.6396
40 50 60.3667
72 82 19.7518
52 62 47.8643
93 100 28.736
100 100 30.8636
67 77 42.3424
49 59 38.6387
94 100 20.4159
34 44 49.9778
13 23 74.8087
13 23 88.0876
64 74 26.2759
93 100 11.8763
67 77 25.014
67 77 57.7539
87 97 33.8875
91 100 42.5782
53 63 57.6035
46 56 59.8565
88 98 26.4968
50 60 71.5953
59 69 53.0333
40 50 66.0221
54 64 41.9308
2 12 88.5349
35 45 71.9969
10 20 74.5028
35 45 61.5095
85 95 26.82
48 58 44.7615
100 100 10.6146
35 45 73.5066
81 91 14.0685
77 87 36.0048
97 100 14.8094
53 63 44.6251
52 62 37.8976
91 100 51.5639
66 76 41.4401
9 19 81.9948
53 63 51.9654
20 30 72.2925
18 28 80.3658
23 33 67.1793
24 34 67.4912
25 35 63.3759
82 92 44.7615
30 40 64.0384
27 37 77.2571
5 15 83.9093
5 15 87.9394
49 59 60.1307
27 37 72.7114
41 51 36.0516
50 60 53.3367
16 26 82.1162
52 62 59.968
47 57 59.6787
75 85 33.1189
80 90 28.9057
95 100 29.5958
57 67 61.8991
82 92 32.4695
69 79 30.7215
86 96 25.318
47 57 62.3563
66 76 21.0984
72 82 41.0163
73 83 37.8323
27 37 67.3368
5 15 79.8342
43 53 57.8193
93 100 40.3644
29 39 61.2791
65 75 33.8398
25 35 81.5951
97 100 29.5697
12 22 79.4255
50 60 56.1705
71 81 47.1296
98 100 7.191
74 84 27.7065
78 88 37.7414
43 53 54.3582
100 100 30.2357
67 77 46.653
90 100 33.5832
25 35 74.2561
1 11 85.8588
5 15 85.6865
4 14 87.0937
28 38 66.416
32 42 68.8717
54 64 50.9525
48 58 50.8084
42 52 51.699
5 15 83.5158
98 100 44.3143
4 14 87.3029
64 74 23.5555
95 100 50.0486
80 90 30.6407
93 100 23.9317
84 94 38.0664
66 76 52.7483
97 100 17.2341
4 14 89.7586
89 99 21.6895
60 70 41.024
64 74 35.9736
84 94 14.0093
56 66 67.1646
13 23 79.1459
99 100 17.6056
87 97 26.4268
88 98 13.825
100 100 11.5865
11 21 87.2057
22 32 74.2734
80 90 45.2673
76 86 38.543
70 80 49.2172
19 29 72.6108
82 92 49.2495
37 47 65.4708
17 27 76.9462
47 57 55.5979
89 99 22.6919
9 19 82.401
42 52 53.4887
80 90 21.8837
18 28 69.7442
20 30 62.8817
23 33 73.6353
13 23 88.3299
61 71 30.3877
45 55 63.0738
47 57 56.1151
42 52 69.0694
20 30 78.0502
65 75 61.3418
53 63 52.6031
18 28 77.8912
29 39 68.2739
28 38 60.9945
50 60 42.892
86 96 19.6763
57 67 60.9352
12 22 77.0287
4 14 84.8462
78 88 46.5779
37 47 66.5122
38 48 61.0164
6 16 89.4065
3 13 81.227
61 71 49.7984
1 11 86.3487
80 90 56.3656
78 88 31.3723
68 78 39.1601
12 22 80.1849
36 46 56.2605
98 100 19.2844
91 100 25.4056
100 100 41.6619
79 89 57.0856
15 25 72.587
34 44 59.2638
39 49 64.7703
44 54 54.3906
77 87 29.7221
80 90 42.5665
59 69 49.1738
86 96 32.9005
31 41 57.7585
100 100 36.066
50 60 49.2439
71 81 49.5461
23 33 74.3596
59 69 30.9659
69 79 44.1188
47 57 56.8667
45 55 68.6843
30 40 48.322
4 14 89.0928
6 16 91.6213
18 28 81.9007
27 37 77.7501
54 64 66.8306
45 55 40.2781
89 99 21.2337
34 44 75.4449
73 83 40.8168
24 34 77.5861
49 59 62.8231
88 98 29.9592
12 22 74.8415
55 65 35.7138
62 72 36.4405
38 48 57.555
36 46 68.2375
90 100 39.8603
71 81 38.5877
58 68 46.4879
73 83 42.4087
74 84 32.9086
56 66 37.2857
83 93 37.0601
96 100 48.283
51 61 31.6035
7 17 80.9928
43 53 55.6367
60 70 34.4111
56 66 62.3326
40 50 42.7454
61 71 37.11
41 51 63.2454
1 11 89.0796
66 76 44.8391
4 14 84.756
84 94 42.0034
25 35 65.0023
50 60 49.0364
95 100 14.3808
31 41 56.3791
20 30 71.9715
9 19 86.3952
23 33 61.2056
12 22 84.2724
86 96 12.009
48 58 55.8143
66 76 46.7637
8 18 83.6219
26 36 64.3894
9 19 85.8291
32 42 72.1735
82 92 33.0993
8 18 81.4217
60 70 53.0581
39 49 56.283
54 64 57.8984
62 72 54.3125
5 15 85.8662
52 62 42.7703
86 96 38.773
62 72 22.4828
14 24 76.5205
84 94 45.2229
78 88 39.4246
59 69 47.6749
43 53 46.6557
78 88 25.007
67 77 48.8853
20 30 73.96
4 14 87.2823
16 26 73.7726
16 26 80.7985
43 53 37.6812
25 35 79.2937
80 90 25.9733
28 38 69.3373
53 63 44.4422
46 56 46.735
31 41 52.3742
5 15 87.93
6 16 87.1628
37 47 56.9014
83 93 11.1396
70 80 38.4884
34 44 61.555
67 77 49.1107
62 72 46.2386
73 83 40.6241
70 80 36.1947
63 73 45.699
85 95 52.5785
37 47 58.5761
17 27 74.2027
21 31 75.4084
3 13 93.3156
95 100 32.0752
62 72 39.4233
6 16 81.2486
56 66 61.5519
72 82 36.5674
46 56 61.154
50 60 35.7496
46 56 33.9586
24 34 72.947
45 55 39.5063
44 54 47.4886
48 58 67.2203
51 61 27.9619
23 33 68.9066
99 100 23.1553
8 18 81.5806
57 67 43.4268
18 28 81.2594
33 43 71.1998
19 29 82.0981
3 13 92.9605
69 79 40.619
25 35 70.4106
27 37 77.1797
13 23 69.8929
5 15 86.7357
42 52 59.654
60 70 45.1476
76 86 41.7161
72 82 38.7282
50 60 61.3716
76 86 30.6617
77 87 34.565
79 89 36.2211
24 34 70.6961
82 92 34.7652
83 93 38.8578
10 20 81.9514
8 18 77.8453
63 73 54.9466
41 51 68.2739
23 33 63.1707
93 100 19.671
28 38 66.3948
42 52 50.9125
54 64 44.1281
94 100 15.6879
20 30 64.1233
27 37 69.2291
93 100 5.1135
72 82 47.4418
17 27 76.7464
25 35 58.835
11 21 87.93
34 44 53.0173
47 57 61.8205
62 72 38.6449
28 38 68.0064
36 46 51.7033
29 39 77.0428
92 100 30.1423
86 96 25.8837
33 43 66.1538
60 70 64.399
56 66 52.651
7 17 82.5845
62 72 55.3134
71 81 33.9271
66 76 37.3724
92 100 51.528
34 44 48.5809
72 82 41.0074
72 82 36.9871
89 99 22.2246
82 92 40.1829
19 29 76.9813
56 66 48.4165
14 24 65.6294
45 55 44.9973
59 69 43.2359
72 82 35.8035
43 53 70.077
80 90 32.3363
59 69 59.1146
11 21 88.9211
23 33 72.3929
96 100 9.9578
55 65 49.2299
47 57 58.8197
46 56 62.4637
90 100 42.2123
90 100 45.8532
89 99 10.9171
65 75 33.0568
51 61 29.2011
96 100 53.182
61 71 53.2491
5 15 86.8251
39 49 68.7556
23 33 78.7408
30 40 73.4278
51 61 47.4046
