100 2918 9.9499
83 93 71.7155
51 61 19.027
65 75 17.6073
56 66 35.5097
3 13 1.2774
66 76 41.4723
31 41 15.5173
65 75 54.8948
9 19 0.9239
75 85 64.6223
90 100 48.1386
54 64 21.7921
5 15 0.9645
43 53 28.0349
92 100 44.5476
52 62 12.5585
78 88 62.7343
59 69 42.6918
53 63 29.8662
75 85 25.778
13 23 3.5186
1 11 1.1507
18 28 2.1313
82 92 52.9242
21 31 3.2544
11 21 1.9867
57 67 18.9399
45 55 17.1065
72 82 55.9878
67 77 43.0546
88 98 50.5379
16 26 2.3938
34 44 17.541
95 100 70.1272
6 16 2.5568
12 22 2.921
73 83 37.6885
44 54 17.5126
54 64 29.2919
68 78 38.3743
5 15 0.8187
65 75 40.3733
94 100 26.1827
45 55 17.838
7 17 0.8797
99 100 65.0071
79 89 51.3845
24 34 9.1198
50 60 17.3197
12 22 2.8258
1 11 0.5762
87 97 41.8544
88 98 51.8213
9 19 1.4102
58 68 35.6982
58 68 23.2729
58 68 17.449
11 21 1.3549
15 25 3.7551
76 86 69.4039
49 59 25.4954
89 99 96.6505
15 25 3.2123
91 100 66.5611
20 30 2.6228
78 88 57.1717
89 99 69.4656
45 55 9.5586
32 42 8.0049
91 100 85.7735
90 100 39.4799
90 100 46.5301
85 95 24.6115
12 22 2.2476
26 36 10.6185
4 14 1.8774
53 63 18.4668
80 90 28.4996
60 70 30.2885
48 58 10.7827
24 34 6.6054
28 38 13.4983
13 23 4.6384
18 28 3.792
64 74 16.7887
17 27 2.0452
85 95 85.4109
36 46 12.2031
10 20 3.5994
13 23 4.7878
74 84 33.5276
62 72 14.0168
30 40 5.0702
100 100 68.1038
50 60 17.5452
13 23 3.6665
35 45 18.7489
70 80 53.328
6 16 1.3241
51 61 31.3746
