100 2780 9.9499
7 17 85.5255
40 50 52.6844
17 27 79.7003
57 67 56.1166
64 74 63.0579
27 37 58.9624
13 23 74.4441
11 21 84.9328
71 81 38.9825
33 43 66.2824
89 99 43.2898
13 23 84.4065
32 42 58.2276
54 64 38.879
86 96 14.6276
83 93 28.8971
85 95 26.6855
28 38 69.5239
51 61 56.4422
100 100 27.2505
5 15 80.9532
82 92 33.9726
54 64 31.006
16 26 81.1297
54 64 28.9272
44 54 59.09
20 30 74.3441
14 24 69.9665
8 18 82.2032
53 63 27.2923
18 28 84.8517
93 100 9.5037
18 28 75.6378
69 79 46.3271
10 20 81.5265
68 78 48.2275
21 31 70.9469
81 91 27.422
15 25 73.0307
63 73 29.3363
63 73 46.7842
3 13 87.4431
71 81 33.3772
75 85 39.8148
22 32 60.078
61 71 35.0298
30 40 56.9436
81 91 18.0974
41 51 56.6783
14 24 74.5857
93 100 10.6152
37 47 63.7315
65 75 32.6715
95 100 50.0684
97 100 16.4236
11 21 80.3228
63 73 35.8071
57 67 32.865
16 26 76.4243
47 57 60.3418
11 21 74.4873
37 47 53.8125
20 30 75.7753
62 72 45.8681
34 44 57.4761
28 38 74.1562
52 62 60.572
82 92 23.3328
38 48 54.3287
67 77 55.1796
19 29 62.9484
39 49 41.9943
33 43 63.6405
95 100 22.4287
1 11 87.4262
48 58 39.3656
39 49 76.4698
45 55 39.7467
88 98 31.4306
63 73 56.573
58 68 30.2819
40 50 65.4902
10 20 80.4627
18 28 70.2043
64 74 61.9542
1 11 90.659
8 18 87.5422
76 86 12.7328
45 55 44.8016
75 85 18.9077
38 48 47.921
62 72 43.3043
79 89 35.6099
38 48 44.9704
47 57 69.7526
74 84 49.2734
13 23 80.8435
83 93 13.9981
52 62 33.3264
2 12 90.2785
