400 11748 4.3589
16 26 81.7162
81 91 38.2369
79 89 33.9574
39 49 60.7355
45 55 48.3053
66 76 62.0267
62 72 56.8214
2 12 85.5755
61 71 29.7516
59 69 34.3291
87 97 50.545
5 15 87.1852
23 33 59.9463
50 60 34.2354
16 26 77.2395
26 36 75.8467
70 80 15.6468
82 92 24.2724
95 100 50.0712
95 100 35.9196
69 79 33.286
61 71 63.3887
40 50 56.3701
93 100 47.3165
59 69 61.6916
23 33 55.7665
60 70 32.5447
20 30 66.3166
46 56 51.1955
77 87 23.1679
7 17 79.57
42 52 66.9239
98 100 24.7079
29 39 64.3814
48 58 48.5057
76 86 10.8366
33 43 52.5625
2 12 91.2503
85 95 25.2114
33 43 55.1128
3 13 91.9259
72 82 36.6836
39 49 72.3333
5 15 85.668
38 48 61.3653
76 86 15.2514
96 100 38.7581
64 74 24.9191
28 38 54.5087
50 60 56.9874
94 100 14.8294
60 70 48.2122
46 56 47.0637
36 46 63.7011
25 35 68.4045
50 60 44.0869
7 17 77.3854
48 58 63.9472
30 40 51.5912
1 11 89.5124
27 37 72.4558
60 70 25.5247
96 100 37.583
85 95 14.0753
8 18 85.3979
47 57 36.4973
42 52 54.5811
22 32 75.7283
65 75 39.4736
19 29 79.4148
62 72 24.5619
78 88 32.8765
96 100 5.784
73 83 45.4006
79 89 11.5328
98 100 45.3939
63 73 42.4739
49 59 38.4909
72 82 39.3706
33 43 70.2797
4 14 87.3776
45 55 45.4815
46 56 38.6063
9 19 72.7063
43 53 58.6174
83 93 34.0531
54 64 55.3774
89 99 40.8756
54 64 43.9357
18 28 78.059
90 100 20.7863
37 47 66.2449
2 12 91.4911
1 11 89.5938
31 41 59.133
99 100 37.3199
1 11 92.4271
21 31 68.8286
80 90 29.0985
54 64 45.0442
8 18 75.9094
98 100 44.3583
64 74 39.7404
47 57 48.9426
27 37 65.0394
23 33 78.0025
35 45 65.8954
5 15 84.3091
95 100 41.1715
39 49 60.7464
13 23 73.3935
6 16 84.605
100 100 25.8562
90 100 53.6483
17 27 86.0015
21 31 68.6131
10 20 83.5981
87 97 24.7675
54 64 52.0173
24 34 61.6979
37 47 56.2515
75 85 49.7843
55 65 55.4787
50 60 50.0104
88 98 22.6747
55 65 30.2687
69 79 23.5817
29 39 59.7653
49 59 55.2644
6 16 82.4464
2 12 88.7703
79 89 28.8627
6 16 81.6927
74 84 25.8776
26 36 66.0498
26 36 79.422
74 84 31.5192
15 25 75.5439
75 85 34.5944
75 85 29.7592
79 89 21.7193
83 93 17.0982
57 67 34.2436
63 73 34.6638
31 41 65.9734
20 30 75.299
46 56 48.613
44 54 41.9761
82 92 35.8861
44 54 59.6509
71 81 41.569
18 28 75.0181
55 65 28.9939
80 90 39.0825
26 36 58.9409
70 80 29.9833
21 31 66.7734
27 37 77.1692
41 51 43.0848
52 62 35.3811
9 19 76.6045
60 70 47.49
53 63 48.8573
25 35 73.2839
74 84 36.2476
34 44 55.9624
75 85 36.2633
93 100 27.6581
9 19 85.3296
85 95 46.5465
66 76 38.9426
76 86 31.1911
99 100 17.7561
10 20 81.8862
54 64 29.968
46 56 45.3292
14 24 77.3327
83 93 18.6805
78 88 20.3311
1 11 91.6615
17 27 73.9548
19 29 73.51
12 22 87.8644
21 31 71.6004
65 75 59.9494
8 18 82.6881
39 49 48.9972
99 100 25.6785
78 88 22.5027
58 68 32.6772
81 91 38.4561
7 17 86.5942
70 80 21.6272
39 49 55.1826
86 96 13.6907
3 13 91.3821
15 25 82.0582
84 94 38.0233
9 19 80.6709
4 14 85.4571
91 100 40.0107
88 98 13.43
30 40 78.961
72 82 36.6739
25 35 70.4576
88 98 30.2918
98 100 19.7118
66 76 46.3203
57 67 53.0115
75 85 38.0911
16 26 77.396
2 12 88.1083
84 94 35.7568
79 89 29.4914
9 19 84.4138
96 100 20.5735
23 33 72.7797
54 64 53.9549
14 24 74.8398
46 56 55.7158
31 41 69.1143
28 38 67.2613
5 15 89.4027
51 61 38.5542
60 70 60.0315
32 42 62.0393
11 21 75.2157
88 98 24.2773
71 81 45.3333
26 36 67.0925
92 100 29.2043
62 72 19.1975
46 56 51.3329
44 54 52.218
27 37 80.8165
25 35 61.9684
93 100 25.2185
8 18 85.8958
36 46 57.1445
59 69 38.4078
71 81 28.3663
25 35 70.2613
36 46 61.5205
23 33 64.7236
19 29 71.6681
89 99 11.4752
11 21 80.9028
64 74 29.2281
21 31 73.1709
97 100 7.1038
34 44 73.5632
18 28 67.0106
17 27 79.7056
57 67 53.4595
44 54 57.1082
81 91 37.3431
92 100 46.1489
46 56 59.1361
42 52 60.8868
59 69 35.5908
4 14 81.6204
29 39 68.5965
42 52 56.6919
26 36 63.984
7 17 87.662
5 15 85.9904
9 19 80.8219
76 86 35.1922
99 100 28.3098
89 99 47.1928
14 24 73.3489
93 100 35.813
84 94 36.2067
44 54 45.3818
36 46 69.8545
98 100 22.6919
21 31 73.0632
13 23 71.5784
89 99 40.7108
49 59 47.3757
47 57 54.8192
41 51 41.2395
33 43 67.0433
14 24 78.3278
18 28 67.7477
46 56 57.2519
53 63 61.4107
62 72 48.6702
82 92 37.2234
96 100 27.2923
13 23 78.3243
78 88 13.1087
45 55 58.9026
27 37 59.2561
61 71 61.3465
99 100 14.3937
13 23 81.4326
7 17 87.0396
51 61 52.7425
67 77 27.8372
56 66 67.0974
94 100 24.7089
100 100 26.506
50 60 53.6879
57 67 58.4292
4 14 88.1045
6 16 88.3995
8 18 79.9308
34 44 63.023
88 98 24.993
81 91 29.4404
45 55 63.6006
89 99 15.5015
95 100 29.4523
19 29 72.8053
99 100 22.1408
94 100 25.4863
14 24 86.0368
98 100 26.9932
94 100 21.1628
93 100 27.6897
50 60 50.4768
52 62 54.7274
57 67 54.5722
91 100 36.8947
73 83 46.4265
12 22 83.178
69 79 39.025
95 100 34.129
41 51 46.187
79 89 26.9216
29 39 75.5231
93 100 47.4969
14 24 85.6217
43 53 56.7807
9 19 84.9162
25 35 75.9059
97 100 34.9955
84 94 14.1941
48 58 64.714
75 85 21.6355
23 33 74.2716
74 84 36.0492
44 54 54.1387
80 90 41.305
9 19 85.7643
44 54 53.112
20 30 69.0079
2 12 89.0834
80 90 25.9366
1 11 93.2866
73 83 29.3862
6 16 87.1628
95 100 47.2134
40 50 73.4398
98 100 19.8577
66 76 29.5381
89 99 44.281
28 38 79.6503
81 91 22.7987
46 56 47.3358
95 100 32.3215
59 69 26.1213
30 40 76.594
37 47 61.276
68 78 23.4488
50 60 46.902
63 73 59.0116
49 59 67.1629
32 42 67.5602
23 33 66.4127
4 14 81.9731
42 52 41.1856
64 74 42.8436
93 100 41.9943
56 66 45.8221
1 11 87.7051
48 58 39.4359
30 40 58.9271
81 91 15.3946
55 65 61.4844
72 82 21.1315
49 59 59.7065
75 85 45.2916
32 42 66.8993
39 49 54.1858
13 23 82.1035
7 17 88.6592
84 94 9.8245
18 28 69.254
9 19 80.3425
31 41 60.6934
32 42 61.5032
65 75 36.0
91 100 48.666
68 78 35.7186
49 59 59.7916
46 56 59.92
33 43 55.8054
11 21 79.561
