100 2904 9.9499
74 84 33.6632
3 13 1.371
58 68 21.602
61 71 41.2087
31 41 16.2901
58 68 44.0577
85 95 78.7763
36 46 10.1232
13 23 4.5809
43 53 11.5845
44 54 10.3626
63 73 38.4772
2 12 0.3791
33 43 6.3388
29 39 14.539
63 73 51.2856
61 71 27.7908
89 99 73.4775
7 17 2.474
12 22 3.783
38 48 17.9573
94 100 31.4418
100 100 94.3968
9 19 2.6736
26 36 10.9859
56 66 38.7419
76 86 62.6947
84 94 67.281
65 75 41.5187
22 32 8.9874
75 85 19.2484
79 89 44.4102
95 100 88.0088
6 16 1.775
29 39 5.6587
11 21 3.1166
63 73 43.79
98 100 64.6094
37 47 8.0389
58 68 33.8712
98 100 78.5918
97 100 83.251
35 45 18.3921
89 99 25.6745
72 82 18.3338
8 18 1.314
81 91 43.4584
49 59 13.9442
60 70 33.4084
9 19 3.0475
46 56 17.9149
56 66 29.1892
32 42 15.1142
96 100 94.1307
49 59 10.5158
47 57 10.9912
49 59 15.0606
32 42 17.5636
51 61 24.3651
7 17 2.7606
35 45 8.6518
69 79 21.6867
38 48 21.2493
93 100 25.7516
32 42 7.4425
57 67 17.7881
40 50 8.4007
43 53 12.0451
6 16 0.861
83 93 43.8416
77 87 54.2447
83 93 67.8515
26 36 5.1656
65 75 49.1303
33 43 5.6221
67 77 38.1158
11 21 3.5547
66 76 57.0584
46 56 10.2278
67 77 15.0218
45 55 17.3222
47 57 21.265
24 34 5.162
24 34 3.2768
94 100 62.0282
92 100 69.7375
23 33 3.4
42 52 21.2456
28 38 13.2285
33 43 15.3249
31 41 8.5632
30 40 4.8251
57 67 38.0516
26 36 8.777
64 74 21.5918
23 33 4.1031
23 33 5.1225
37 47 11.3192
22 32 2.5918
15 25 5.2395
