400 11901 4.3589
50 60 58.6419
16 26 73.5598
93 100 21.4601
73 83 28.63
84 94 52.9431
42 52 64.3525
9 19 80.1007
53 63 46.7487
28 38 78.574
64 74 43.2569
41 51 50.3433
28 38 63.3154
69 79 53.7362
49 59 53.4595
75 85 31.1442
12 22 85.957
60 70 52.3988
41 51 48.7679
62 72 49.7956
75 85 14.636
87 97 24.4867
93 100 30.6097
87 97 40.96
74 84 36.7612
68 78 41.0766
81 91 11.7149
77 87 29.1265
29 39 62.8278
13 23 69.2124
82 92 31.5687
90 100 32.5619
57 67 59.6339
70 80 34.0974
10 20 83.2237
66 76 57.1052
84 94 30.8947
89 99 24.5808
1 11 85.9922
66 76 25.1994
3 13 85.9774
88 98 11.0829
93 100 38.3718
76 86 36.5324
4 14 88.3299
47 57 46.8034
42 52 62.2647
18 28 81.7379
52 62 47.2546
14 24 70.9015
3 13 86.5551
32 42 62.5808
38 48 63.8002
29 39 54.6165
54 64 49.6969
54 64 26.2246
30 40 53.6117
50 60 37.7991
63 73 52.2946
63 73 40.4191
64 74 19.0288
100 100 28.3205
97 100 18.1638
69 79 32.0775
14 24 74.508
78 88 26.6845
46 56 65.2816
50 60 54.5161
25 35 73.094
76 86 42.9431
35 45 44.74
6 16 83.9569
34 44 55.7979
23 33 70.1306
24 34 67.0974
91 100 15.1928
61 71 30.3689
5 15 88.2717
47 57 47.5921
68 78 28.538
69 79 50.3887
63 73 30.8991
9 19 87.8306
10 20 83.4574
67 77 40.1386
51 61 44.0139
82 92 29.2897
64 74 46.2781
95 100 40.3289
80 90 46.6516
64 74 24.2832
95 100 30.9392
8 18 84.5168
66 76 17.4665
88 98 27.092
26 36 67.386
44 54 69.9147
25 35 62.1795
60 70 40.036
64 74 50.777
37 47 56.4602
56 66 42.7298
15 25 81.5427
31 41 60.5875
62 72 52.5118
96 100 16.9077
61 71 41.3603
52 62 49.6814
37 47 53.9667
17 27 74.1562
21 31 76.9883
29 39 64.4616
64 74 36.9725
55 65 64.4954
80 90 48.8727
87 97 35.6158
30 40 65.0733
93 100 31.3365
82 92 12.4003
37 47 69.4156
93 100 36.0444
7 17 82.5954
33 43 62.8468
43 53 63.5942
36 46 59.4703
83 93 41.6425
27 37 75.1117
37 47 62.7502
29 39 59.9695
62 72 25.3271
70 80 26.793
47 57 34.3009
76 86 46.9801
93 100 25.1191
87 97 23.1188
99 100 26.4854
42 52 52.4509
5 15 82.3538
92 100 16.5763
51 61 63.666
30 40 60.0346
63 73 33.0384
70 80 31.7059
78 88 33.9271
28 38 62.8025
77 87 21.7604
13 23 72.3214
84 94 17.8354
3 13 87.7276
91 100 21.8687
39 49 72.9367
19 29 74.4665
92 100 45.1342
96 100 10.4937
39 49 57.596
43 53 58.694
75 85 49.9665
91 100 23.8603
56 66 45.9684
67 77 44.9731
38 48 60.9071
57 67 29.9866
86 96 51.653
58 68 44.7708
37 47 43.8257
38 48 54.9051
79 89 19.3723
63 73 36.6667
90 100 20.7535
80 90 40.4254
37 47 50.2865
73 83 46.8417
39 49 52.9911
100 100 48.7134
76 86 44.6077
30 40 69.3056
46 56 56.5203
61 71 66.8748
33 43 67.9602
22 32 73.4003
3 13 90.3222
65 75 40.2666
10 20 80.6637
35 45 66.6036
51 61 30.5765
28 38 66.9435
66 76 47.737
70 80 49.7293
58 68 52.9533
68 78 54.8296
33 43 56.0956
52 62 51.7666
1 11 90.1227
42 52 59.6571
20 30 76.2129
89 99 35.1281
46 56 44.8123
46 56 54.0681
50 60 51.1797
37 47 57.6294
13 23 85.1283
43 53 56.3445
18 28 80.1079
49 59 58.5057
22 32 70.4844
23 33 78.257
26 36 72.6535
28 38 77.9813
53 63 52.6481
98 100 43.5653
20 30 79.0783
59 69 39.4824
43 53 67.1957
81 91 52.8849
28 38 62.9008
87 97 22.0468
33 43 62.5918
29 39 63.5671
59 69 50.5862
73 83 49.0322
93 100 23.9571
84 94 19.138
47 57 53.1587
41 51 68.3185
66 76 27.9291
52 62 45.4343
63 73 51.6947
54 64 56.4587
82 92 32.3977
34 44 63.7618
44 54 62.2916
51 61 57.2096
90 100 25.8938
4 14 88.407
19 29 73.4603
13 23 83.1033
55 65 64.5612
87 97 26.1295
41 51 56.0836
15 25 82.0383
17 27 78.5209
21 31 74.1769
72 82 44.1547
60 70 55.2287
97 100 24.4056
48 58 55.1574
15 25 83.5762
28 38 69.0278
45 55 53.1295
62 72 31.4598
50 60 41.8751
90 100 17.5779
45 55 42.9916
60 70 34.0041
21 31 59.2423
13 23 75.1862
35 45 48.7427
81 91 46.8581
17 27 74.8831
67 77 44.3649
8 18 83.7829
80 90 38.0726
10 20 79.0854
30 40 65.4562
4 14 85.2889
72 82 38.7008
24 34 69.1359
36 46 43.5653
82 92 27.2327
61 71 61.8582
46 56 48.5837
73 83 35.0227
60 70 38.5653
79 89 34.267
53 63 49.6306
63 73 40.3022
34 44 54.4172
19 29 67.598
45 55 47.1543
9 19 86.3301
3 13 88.1496
9 19 74.4596
65 75 25.2858
25 35 77.1938
100 100 50.5805
10 20 84.9549
35 45 72.019
85 95 52.1891
58 68 38.4995
73 83 28.5594
38 48 42.5378
33 43 56.9104
79 89 27.4901
46 56 48.3971
88 98 21.879
12 22 84.7394
8 18 79.5753
80 90 31.1878
18 28 70.1909
97 100 32.5527
31 41 71.7714
22 32 79.0819
11 21 74.6358
32 42 71.3197
77 87 21.6793
41 51 49.0434
33 43 51.2169
70 80 37.232
52 62 55.9998
68 78 48.5029
29 39 59.7173
7 17 87.6751
12 22 78.5102
19 29 71.8341
65 75 32.4364
14 24 82.0908
63 73 35.0381
55 65 56.2545
59 69 35.6636
13 23 80.382
3 13 86.5551
47 57 58.4078
94 100 20.117
7 17 83.3405
3 13 89.3914
20 30 72.5257
97 100 8.1293
63 73 31.5406
31 41 66.7358
36 46 69.1575
78 88 52.5654
45 55 45.8654
93 100 46.0457
14 24 72.5529
100 100 29.9012
62 72 61.4954
45 55 49.9227
85 95 29.4621
13 23 78.7852
50 60 61.0789
81 91 17.4323
11 21 73.1812
55 65 55.5934
97 100 26.8853
1 11 87.5254
43 53 70.6642
42 52 64.4809
83 93 17.1313
2 12 89.4197
88 98 9.2343
82 92 35.9688
33 43 66.5921
100 100 32.904
69 79 36.1658
83 93 11.955
3 13 87.9919
92 100 16.1459
18 28 74.1218
9 19 83.2164
99 100 8.633
11 21 82.699
73 83 24.3069
9 19 81.6963
56 66 59.8596
16 26 80.759
42 52 64.941
44 54 40.8871
78 88 36.998
45 55 45.2081
20 30 68.4161
65 75 26.2738
28 38 71.5919
22 32 80.892
45 55 55.3789
86 96 36.4285
5 15 85.3573
34 44 66.1782
74 84 40.3276
66 76 49.9821
5 15 86.7525
35 45 60.5253
72 82 41.0138
23 33 74.8675
52 62 53.4961
10 20 84.8407
64 74 38.7071
30 40 61.7827
81 91 31.6013
97 100 16.7551
86 96 13.2547
1 11 91.3324
52 62 30.4042
70 80 35.2052
96 100 15.9872
62 72 43.465
6 16 79.8128
41 51 64.2803
14 24 82.6336
9 19 78.6219
99 100 45.2889
41 51 54.7363
