900 27472 9.9499
90 100 47.6335
7 17 2.4646
91 100 37.6186
88 98 91.6423
42 52 15.9512
42 52 10.4529
52 62 11.8061
73 83 45.9006
31 41 7.1145
24 34 7.3181
41 51 14.2453
28 38 9.7631
99 100 91.3114
5 15 1.5245
95 100 75.2313
27 37 5.0585
87 97 87.1758
56 66 14.38
67 77 54.4083
69 79 43.5521
34 44 18.2073
33 43 13.2744
41 51 14.1639
19 29 3.2037
81 91 69.3872
87 97 28.4953
59 69 28.3556
25 35 9.0908
42 52 24.229
46 56 26.1724
72 82 34.4604
82 92 24.987
68 78 16.7036
81 91 46.7582
55 65 23.7481
14 24 3.4377
88 98 92.8178
34 44 18.3809
50 60 22.4098
40 50 21.047
7 17 1.0766
63 73 31.3365
17 27 4.3077
9 19 1.1376
72 82 28.036
43 53 27.5961
79 89 37.0017
27 37 6.7262
19 29 2.5998
87 97 70.1725
27 37 6.1837
73 83 17.7763
10 20 1.5884
77 87 74.7775
69 79 15.7109
60 70 35.3561
91 100 60.5704
59 69 14.1391
21 31 2.4246
85 95 33.9213
74 84 56.1001
95 100 41.6038
80 90 52.3279
15 25 3.4633
80 90 22.7119
86 96 23.6809
4 14 0.7658
84 94 34.0041
7 17 1.0521
49 59 30.094
49 59 26.9808
35 45 11.3657
66 76 16.0416
95 100 57.0674
87 97 64.4681
100 100 67.0876
69 79 40.9946
60 70 34.0286
53 63 24.5837
82 92 78.8686
47 57 26.1775
49 59 25.6664
65 75 48.9622
52 62 12.5656
80 90 54.6816
27 37 11.3024
15 25 3.8006
66 76 27.4607
67 77 53.8712
76 86 44.3077
7 17 2.2237
43 53 10.9058
56 66 19.4402
83 93 34.4006
83 93 36.9056
99 100 57.4989
14 24 5.6911
64 74 25.7191
26 36 11.2399
79 89 21.4953
88 98 37.0991
48 58 25.1211
60 70 36.3344
51 61 18.7792
62 72 47.9016
85 95 61.5425
35 45 10.6146
54 64 14.6214
85 95 65.2735
16 26 2.3787
100 100 91.8473
40 50 24.6482
100 100 27.4115
84 94 72.1344
63 73 41.6077
46 56 10.021
10 20 2.0515
18 28 7.0751
28 38 12.3243
80 90 48.9594
8 18 2.7209
95 100 37.0138
7 17 2.8412
23 33 4.2973
89 99 28.0783
9 19 2.2079
25 35 5.956
77 87 57.8391
95 100 81.3622
84 94 33.2099
27 37 12.1759
21 31 3.6146
45 55 29.1622
35 45 10.9396
2 12 0.7475
32 42 6.9918
28 38 8.8227
58 68 26.3826
10 20 1.3287
49 59 29.3797
41 51 7.7212
34 44 11.4203
51 61 11.3967
93 100 27.7339
45 55 25.1653
37 47 9.3875
36 46 5.7116
26 36 3.7597
96 100 62.1354
91 100 25.5712
77 87 52.6205
30 40 9.2471
42 52 17.5662
49 59 10.5365
17 27 3.2177
61 71 17.0057
13 23 3.0255
19 29 3.3146
51 61 25.7232
97 100 43.9794
31 41 15.6349
100 100 48.8196
37 47 21.85
32 42 7.2571
69 79 52.1963
100 100 35.4513
87 97 64.7285
70 80 20.304
10 20 2.3587
35 45 13.4198
75 85 67.3893
63 73 17.5167
41 51 24.8622
22 32 5.1957
82 92 53.6835
31 41 5.054
21 31 4.9
64 74 14.2076
26 36 4.3289
39 49 8.5843
84 94 75.4014
33 43 15.522
43 53 27.7034
96 100 63.8401
66 76 51.0053
87 97 37.2869
87 97 26.877
77 87 56.6557
45 55 11.9191
34 44 8.1893
55 65 41.8738
9 19 3.1287
64 74 25.8827
69 79 25.5096
32 42 8.6072
58 68 44.4462
14 24 3.6945
77 87 31.9338
51 61 23.2845
56 66 39.0713
22 32 3.4522
82 92 27.3696
40 50 17.0189
10 20 1.4779
85 95 56.4632
67 77 15.8213
92 100 44.1414
56 66 19.1485
34 44 13.5814
83 93 27.2432
51 61 35.9508
4 14 1.3283
100 100 37.4385
45 55 24.3197
43 53 22.6862
58 68 34.2202
41 51 9.2258
62 72 14.8942
5 15 2.2198
11 21 1.5151
85 95 74.0357
7 17 0.8599
97 100 98.8792
81 91 56.8667
34 44 5.4967
3 13 1.0553
29 39 14.4795
24 34 4.3585
81 91 20.8593
10 20 2.2279
26 36 7.4267
43 53 24.7009
49 59 29.0144
45 55 13.2227
97 100 40.568
15 25 4.4589
27 37 8.0469
27 37 8.5849
80 90 39.1463
18 28 2.6729
72 82 40.3276
71 81 19.9193
98 100 77.1095
9 19 1.2817
77 87 38.4561
83 93 47.234
70 80 33.633
98 100 50.7656
91 100 89.554
3 13 0.9878
4 14 1.7562
89 99 81.8283
8 18 2.1255
47 57 8.3799
78 88 51.6328
78 88 26.0978
72 82 46.0498
53 63 18.5201
37 47 19.7874
26 36 3.888
37 47 18.9591
84 94 24.55
76 86 39.5792
49 59 21.3148
38 48 8.5609
5 15 1.4745
86 96 32.6269
64 74 33.5971
22 32 6.3313
17 27 6.8011
55 65 39.5817
57 67 33.7654
73 83 61.1555
80 90 75.5665
85 95 71.768
21 31 6.76
43 53 24.2507
90 100 28.4708
11 21 3.6852
18 28 5.3578
9 19 2.0892
52 62 13.687
7 17 2.09
97 100 64.7075
60 70 20.3509
37 47 14.0355
15 25 5.2409
69 79 26.821
21 31 5.3926
48 58 10.8643
31 41 7.5087
4 14 1.0644
35 45 6.5541
24 34 9.7219
71 81 36.9567
18 28 3.6983
31 41 5.3805
88 98 72.3384
16 26 5.4028
1 11 0.766
74 84 32.1852
55 65 22.2086
55 65 12.0319
71 81 23.4847
83 93 34.0052
87 97 69.269
4 14 0.7208
84 94 27.4607
6 16 2.1895
84 94 49.9142
71 81 56.6046
35 45 18.2483
34 44 13.1138
81 91 49.5475
59 69 27.0743
47 57 9.3373
10 20 2.492
17 27 3.696
76 86 36.6098
43 53 10.1761
82 92 50.159
39 49 18.1255
78 88 74.3337
87 97 36.3404
39 49 12.1459
95 100 44.4462
39 49 11.7416
10 20 2.7387
57 67 43.3859
49 59 16.5218
76 86 31.7938
96 100 30.5057
14 24 1.6905
42 52 9.1337
74 84 26.671
17 27 2.9984
90 100 33.7875
71 81 50.864
79 89 35.8549
97 100 90.2975
95 100 34.6556
88 98 49.8351
76 86 24.7297
71 81 40.9293
1 11 0.7418
16 26 1.9388
68 78 19.5346
65 75 28.2673
46 56 10.0794
83 93 62.0393
35 45 12.0576
33 43 7.7724
5 15 1.9483
52 62 31.944
9 19 2.3738
14 24 4.9849
8 18 1.5949
47 57 8.4437
60 70 16.7273
4 14 0.5932
17 27 5.8009
94 100 40.4254
100 100 63.0103
45 55 16.1291
61 71 42.6239
85 95 23.19
51 61 27.2244
90 100 65.8938
28 38 13.8578
24 34 8.3845
5 15 2.2109
99 100 80.7482
11 21 2.8652
30 40 11.2098
52 62 14.0318
89 99 87.3907
80 90 57.6005
93 100 47.2876
75 85 60.4553
75 85 30.2929
97 100 94.6204
41 51 12.8178
30 40 4.3235
96 100 38.0677
96 100 39.1989
73 83 42.1136
9 19 3.5589
69 79 28.2747
74 84 24.5183
84 94 79.2136
96 100 80.2386
16 26 4.2812
21 31 5.4639
99 100 52.4683
29 39 11.3535
63 73 14.3861
12 22 4.6768
46 56 13.8012
87 97 82.5227
7 17 1.5698
61 71 26.4628
3 13 0.5705
41 51 8.1664
32 42 7.3479
79 89 75.3511
23 33 5.7595
38 48 16.7838
41 51 16.1042
46 56 28.7779
83 93 26.8303
15 25 3.9932
11 21 1.4113
86 96 56.7581
59 69 15.8571
75 85 32.5311
91 100 25.9723
30 40 11.558
57 67 21.5463
21 31 2.585
17 27 6.8649
20 30 2.5651
16 26 5.1884
63 73 43.6524
53 63 17.2142
25 35 5.2112
29 39 11.6452
73 83 35.7138
75 85 25.844
19 29 7.6082
35 45 17.4967
66 76 27.7297
67 77 56.5399
13 23 2.8591
61 71 22.6224
86 96 85.957
21 31 4.5199
17 27 2.5319
14 24 2.7209
55 65 33.1327
47 57 14.7395
56 66 28.5947
4 14 1.9396
81 91 50.3419
48 58 23.6429
63 73 33.7852
1 11 0.6039
93 100 26.3066
40 50 21.1775
66 76 41.1535
67 77 18.0642
86 96 74.2217
4 14 0.5951
1 11 1.203
35 45 17.235
67 77 54.1299
36 46 5.3384
88 98 88.6686
14 24 2.1883
90 100 39.4296
10 20 1.9522
39 49 14.0423
4 14 0.6924
36 46 9.2355
24 34 11.2634
35 45 10.4077
42 52 19.6754
84 94 61.7262
40 50 16.5527
48 58 17.7367
15 25 5.4066
71 81 38.4115
5 15 0.5793
47 57 8.1248
93 100 46.7323
79 89 43.9596
100 100 90.2481
73 83 64.5227
38 48 21.5593
64 74 29.1643
64 74 15.6049
11 21 1.1149
76 86 27.889
20 30 3.2866
22 32 6.0649
68 78 56.4046
63 73 47.2258
1 11 0.6966
95 100 56.9195
65 75 48.3067
6 16 2.2656
23 33 8.541
22 32 2.8591
40 50 11.5179
52 62 16.6652
16 26 4.9725
91 100 38.9289
15 25 2.1733
29 39 4.8185
69 79 18.7247
7 17 1.251
72 82 19.2651
49 59 13.4454
33 43 16.052
40 50 6.5756
91 100 61.9322
74 84 65.6813
83 93 25.4218
21 31 3.4184
82 92 42.1668
57 67 38.2827
93 100 77.8206
7 17 2.81
74 84 61.8818
4 14 1.5658
80 90 71.7375
70 80 51.4892
61 71 25.6613
42 52 7.2614
91 100 36.783
93 100 78.5386
45 55 25.2366
79 89 28.5391
64 74 32.2034
74 84 19.9979
78 88 48.7078
58 68 38.4288
78 88 38.1319
45 55 28.2014
8 18 1.3542
24 34 3.2739
8 18 1.5613
11 21 2.7852
44 54 12.5677
57 67 39.9588
37 47 11.8611
4 14 1.9302
52 62 26.6411
22 32 4.6492
73 83 36.1021
99 100 93.9717
12 22 4.3131
93 100 85.2335
25 35 5.5399
47 57 19.0864
34 44 12.616
56 66 22.4449
85 95 31.6575
89 99 57.757
41 51 9.7888
18 28 2.2973
67 77 44.5797
86 96 56.1226
67 77 38.7357
46 56 12.0132
54 64 14.3247
15 25 4.1071
42 52 22.6005
13 23 2.8046
16 26 5.9932
61 71 16.6382
89 99 56.0327
9 19 1.9802
70 80 48.9468
78 88 30.413
83 93 55.925
76 86 56.6934
88 98 73.5152
49 59 23.8574
10 20 2.9567
57 67 25.2366
82 92 28.9111
62 72 37.9887
85 95 69.6223
98 100 85.8828
53 63 10.2727
3 13 0.8748
14 24 2.0079
98 100 35.7305
73 83 45.2566
15 25 5.9736
99 100 66.0676
4 14 0.72
31 41 8.8887
78 88 54.1461
35 45 13.0928
46 56 15.5717
29 39 8.0089
8 18 1.0964
40 50 7.6022
43 53 19.8542
76 86 60.709
48 58 14.091
35 45 6.5372
70 80 40.169
49 59 20.359
57 67 11.396
19 29 2.738
83 93 72.8053
54 64 10.8979
45 55 16.379
82 92 65.3478
9 19 3.4566
72 82 31.4934
91 100 32.506
56 66 39.3731
40 50 7.6696
62 72 22.8723
17 27 6.8017
44 54 16.7576
87 97 28.5722
14 24 1.9895
84 94 25.6826
45 55 17.9378
52 62 23.9121
64 74 39.7215
58 68 18.9486
25 35 6.9522
25 35 10.1175
19 29 6.1708
55 65 37.599
53 63 12.6267
26 36 10.9091
4 14 1.0118
29 39 10.3935
76 86 30.2181
15 25 6.0378
25 35 8.0004
74 84 23.6439
73 83 27.8636
21 31 4.171
58 68 29.8728
56 66 32.611
64 74 20.25
55 65 13.6656
44 54 19.1826
12 22 3.6009
65 75 16.9266
45 55 16.1556
92 100 72.0835
100 100 48.4667
74 84 18.0217
77 87 26.9828
33 43 6.5388
70 80 24.4768
67 77 46.4906
1 11 0.3808
86 96 90.8457
75 85 45.7368
67 77 25.2406
30 40 10.7269
69 79 26.3385
44 54 9.4175
20 30 6.4984
31 41 5.1875
76 86 42.6239
10 20 3.1223
14 24 3.7145
34 44 12.653
61 71 46.7911
3 13 1.2828
87 97 72.9692
62 72 24.168
20 30 8.9228
86 96 33.7573
15 25 4.7085
89 99 30.049
17 27 6.3207
12 22 4.5161
53 63 17.567
11 21 1.3879
74 84 60.9695
70 80 39.9285
60 70 33.2318
47 57 24.5025
25 35 3.8236
47 57 9.124
11 21 3.8126
72 82 18.9739
46 56 29.9307
69 79 17.9115
16 26 3.2317
91 100 40.7325
19 29 5.2615
40 50 12.0055
55 65 26.9216
95 100 96.0184
65 75 51.804
60 70 24.5282
96 100 72.5768
86 96 65.7786
56 66 35.8993
40 50 16.0577
30 40 7.8059
37 47 9.7975
35 45 8.1373
82 92 58.1437
75 85 63.1691
48 58 11.3697
40 50 6.9738
76 86 55.6695
22 32 2.5886
65 75 24.0169
46 56 29.8127
68 78 18.6063
24 34 3.46
57 67 11.8501
79 89 61.37
57 67 13.0574
29 39 5.192
9 19 1.476
90 100 26.3641
35 45 17.5519
64 74 39.9588
43 53 24.979
93 100 85.6199
96 100 36.1069
57 67 26.2205
46 56 23.9503
81 91 47.9445
77 87 67.3647
80 90 21.1067
49 59 22.9604
56 66 37.3529
23 33 7.6391
41 51 9.1906
29 39 14.3361
97 100 38.9364
29 39 9.4932
5 15 1.7466
58 68 31.9304
11 21 2.3753
29 39 13.1696
44 54 14.5214
85 95 27.9376
32 42 8.5007
76 86 50.844
84 94 76.6378
38 48 12.6309
94 100 39.6295
29 39 11.9308
99 100 58.0476
23 33 8.1442
23 33 10.1366
16 26 6.5998
95 100 34.3044
58 68 19.3169
100 100 46.5069
72 82 22.6376
17 27 4.1886
20 30 2.6377
27 37 5.5587
32 42 7.0916
85 95 40.174
27 37 12.0819
91 100 35.4489
62 72 14.5496
85 95 37.8274
90 100 59.1438
100 100 50.6005
10 20 3.8463
61 71 16.8748
9 19 2.9159
12 22 2.986
92 100 65.8419
73 83 49.3605
21 31 7.4414
25 35 7.5224
23 33 5.9292
93 100 74.2906
65 75 36.9725
28 38 3.6764
67 77 19.3741
53 63 21.8257
98 100 49.5095
96 100 61.7183
80 90 68.5866
81 91 74.4389
6 16 2.5562
72 82 43.9569
18 28 4.8784
48 58 27.1274
78 88 38.2641
2 12 1.1567
40 50 9.9049
63 73 52.5437
97 100 26.3641
76 86 22.0853
97 100 95.6093
62 72 44.4622
1 11 0.4269
39 49 15.7998
68 78 31.526
69 79 46.1231
57 67 28.3056
59 69 13.2001
83 93 73.2959
40 50 8.9401
14 24 2.6602
81 91 57.5489
47 57 14.7172
60 70 16.4982
74 84 51.32
58 68 29.4925
5 15 1.9746
98 100 49.4167
7 17 2.2647
59 69 15.3272
72 82 64.6673
42 52 11.2312
13 23 4.6462
86 96 35.4263
72 82 37.572
18 28 4.0393
11 21 1.5723
18 28 3.1357
30 40 5.4326
40 50 9.2106
49 59 16.4357
83 93 37.1954
18 28 3.1869
77 87 37.2149
42 52 16.7756
40 50 16.0601
93 100 34.0251
61 71 38.2963
88 98 32.1274
69 79 47.7854
92 100 76.3299
97 100 28.0381
10 20 1.8055
24 34 9.5722
24 34 2.9632
17 27 6.2705
70 80 35.8514
66 76 52.6017
48 58 28.0307
91 100 72.6722
16 26 1.8575
31 41 6.0757
74 84 21.0286
30 40 10.657
44 54 22.8704
87 97 28.7028
10 20 1.0502
73 83 20.1511
86 96 23.8593
76 86 44.6024
98 100 27.6245
40 50 18.1178
93 100 91.56
29 39 5.812
13 23 3.4816
78 88 54.5811
20 30 4.4656
21 31 3.1769
62 72 49.6264
48 58 33.2987
78 88 67.1826
8 18 1.9791
42 52 17.429
70 80 57.9958
61 71 48.5809
68 78 60.0315
54 64 22.9154
54 64 33.5612
47 57 13.8592
85 95 72.0139
69 79 36.9859
42 52 22.3776
35 45 9.9793
77 87 59.6586
12 22 2.0495
12 22 1.3607
35 45 7.6906
13 23 3.0475
87 97 25.9611
23 33 5.9717
1 11 0.7189
72 82 62.9309
56 66 20.2167
73 83 39.9424
68 78 23.2218
60 70 48.4319
16 26 5.9049
19 29 3.3959
53 63 39.2753
17 27 4.41
86 96 50.4682
82 92 74.4062
31 41 9.8891
71 81 46.3856
76 86 38.3025
29 39 12.7206
68 78 55.1455
68 78 46.4347
45 55 20.2518
43 53 8.2358
1 11 0.9218
84 94 71.4143
92 100 91.9988
