400 11890 4.3589
9 19 1.5578
63 73 37.8889
44 54 14.1564
14 24 3.4199
5 15 2.1313
89 99 38.2975
75 85 36.0696
22 32 5.9692
98 100 69.8612
67 77 22.2322
6 16 1.1329
80 90 47.57
1 11 1.2012
78 88 62.8484
73 83 20.2842
6 16 0.9266
94 100 88.7854
96 100 82.8664
75 85 19.3213
6 16 2.4205
77 87 19.4208
65 75 23.3521
24 34 6.9886
85 95 36.7006
57 67 11.6998
14 24 5.7221
97 100 51.4261
8 18 1.0901
55 65 20.8328
87 97 77.1991
84 94 68.0724
58 68 36.76
49 59 25.045
96 100 33.1788
93 100 65.1104
19 29 5.2588
63 73 36.0156
14 24 2.015
52 62 27.9344
23 33 9.7375
90 100 70.0854
23 33 4.3857
20 30 2.7989
6 16 1.0741
68 78 41.5922
53 63 18.1382
92 100 25.034
50 60 24.8393
97 100 53.1558
68 78 21.6551
60 70 48.6255
27 37 12.0437
47 57 29.7494
44 54 11.1823
49 59 28.6161
16 26 3.2174
36 46 16.8979
99 100 91.5581
71 81 17.3597
97 100 28.599
49 59 12.8867
7 17 0.7919
91 100 29.2097
19 29 3.4902
70 80 46.4238
89 99 51.3802
97 100 46.1136
70 80 36.3163
63 73 34.41
43 53 10.597
92 100 29.8171
71 81 49.4561
92 100 56.7732
7 17 1.9813
48 58 11.9709
43 53 18.3244
94 100 61.7843
38 48 6.9395
67 77 19.0253
60 70 38.1986
66 76 22.0562
19 29 2.7792
7 17 1.7761
34 44 13.1218
20 30 7.5444
37 47 7.8922
58 68 41.3964
64 74 23.445
89 99 38.9314
53 63 10.4957
42 52 9.7975
60 70 41.5819
7 17 2.6889
32 42 6.7252
80 90 57.1702
61 71 39.0175
60 70 37.809
29 39 6.9074
2 12 0.5636
31 41 4.8563
12 22 2.6929
17 27 7.1588
16 26 1.9027
18 28 3.8369
91 100 89.5503
86 96 50.6076
94 100 47.8795
70 80 61.9212
31 41 8.764
94 100 67.1056
59 69 12.0923
65 75 14.0835
30 40 7.1626
91 100 44.7186
1 11 1.1259
86 96 86.2465
73 83 57.1899
59 69 37.6063
86 96 30.6661
15 25 4.2494
1 11 0.4111
10 20 2.013
81 91 33.7979
33 43 10.8768
67 77 27.3958
33 43 5.7845
94 100 54.5367
60 70 22.7873
100 100 83.6585
54 64 25.4177
3 13 1.5593
100 100 34.3924
98 100 33.9318
44 54 27.1722
9 19 3.1567
14 24 3.9323
17 27 2.5616
31 41 8.3608
53 63 12.7292
44 54 12.509
76 86 62.4922
77 87 32.367
20 30 4.2111
56 66 39.617
71 81 22.235
21 31 7.5911
96 100 28.245
18 28 6.1628
22 32 6.9701
11 21 1.7657
80 90 23.3009
46 56 17.6266
64 74 47.9709
53 63 18.8313
8 18 3.2346
6 16 2.0121
54 64 27.9175
4 14 0.8422
53 63 29.6328
44 54 11.0989
81 91 80.9136
61 71 15.2334
14 24 3.8801
75 85 25.4177
18 28 3.2148
62 72 29.0586
69 79 25.5318
75 85 50.0769
26 36 6.6028
95 100 61.3293
48 58 16.962
64 74 46.6448
80 90 62.7898
8 18 1.1249
84 94 34.1079
4 14 1.6613
30 40 11.6779
96 100 45.9006
43 53 9.1416
65 75 24.0679
3 13 1.2634
15 25 6.1559
51 61 28.9412
79 89 22.0111
24 34 5.7068
80 90 75.3129
32 42 11.334
75 85 39.1
53 63 23.5031
45 55 8.4955
6 16 2.4013
33 43 16.7371
81 91 64.112
25 35 5.2016
71 81 54.7792
34 44 17.0107
46 56 18.5201
5 15 1.5916
29 39 10.4465
92 100 59.7452
35 45 12.5436
71 81 39.5742
94 100 75.2955
39 49 21.577
65 75 36.8048
67 77 41.813
40 50 20.7544
13 23 5.0077
65 75 34.4311
92 100 28.1547
41 51 13.524
17 27 4.5638
61 71 24.2881
40 50 7.2943
18 28 2.8707
42 52 7.8103
16 26 6.7102
91 100 49.8436
52 62 10.7978
72 82 23.7637
59 69 43.6828
60 70 32.6944
77 87 69.6624
89 99 42.6331
98 100 27.5636
8 18 2.3229
46 56 21.4304
65 75 39.5905
22 32 9.4963
66 76 47.0431
57 67 13.238
85 95 26.8967
16 26 3.8334
48 58 22.7806
78 88 33.0878
26 36 4.1018
8 18 2.0065
3 13 1.4441
96 100 61.6633
14 24 2.9333
77 87 40.7695
81 91 46.6926
100 100 40.4
15 25 2.9108
89 99 79.0232
42 52 12.0499
100 100 57.8938
35 45 7.4808
34 44 5.3038
34 44 10.9713
23 33 6.4862
91 100 47.2299
41 51 14.8002
7 17 1.3684
50 60 24.8462
56 66 40.0955
37 47 10.7492
56 66 18.5994
10 20 1.1655
41 51 22.1323
77 87 64.2691
32 42 9.1307
69 79 24.1739
71 81 33.8014
99 100 46.0132
17 27 2.0232
14 24 1.485
7 17 0.777
53 63 10.0946
20 30 3.2342
100 100 95.9479
52 62 30.624
12 22 2.8359
84 94 46.8828
48 58 18.6927
25 35 8.3828
39 49 7.6718
20 30 6.3287
97 100 44.6197
33 43 5.9395
14 24 3.0061
27 37 9.9168
15 25 3.1393
46 56 9.0042
51 61 10.8188
78 88 56.1436
68 78 16.0897
85 95 33.0303
65 75 54.9229
74 84 23.8798
3 13 1.485
85 95 71.3045
50 60 19.6737
19 29 8.3019
12 22 1.9583
59 69 13.0704
85 95 80.115
63 73 27.7929
25 35 9.9395
21 31 6.3681
37 47 16.934
12 22 3.0913
95 100 59.5613
80 90 28.1292
60 70 25.7627
16 26 1.9288
81 91 29.2411
2 12 1.2317
60 70 17.3714
13 23 3.8612
66 76 17.843
58 68 15.7085
47 57 21.738
67 77 36.7745
43 53 16.8469
30 40 15.4567
96 100 47.6197
22 32 9.9427
45 55 11.7574
74 84 33.0016
43 53 13.324
27 37 8.8209
3 13 0.84
51 61 13.3598
26 36 9.4833
73 83 31.3354
53 63 9.9332
47 57 13.3422
9 19 1.758
21 31 3.029
89 99 76.4313
83 93 79.5361
91 100 42.6383
64 74 43.2793
55 65 36.379
32 42 11.7752
66 76 49.3464
98 100 54.4187
57 67 19.3248
84 94 53.8668
72 82 32.0028
54 64 13.693
33 43 17.5444
38 48 17.7991
18 28 6.3348
50 60 23.7081
97 100 52.6031
25 35 9.687
13 23 4.6968
7 17 0.835
13 23 2.2479
89 99 29.5936
86 96 58.8258
82 92 30.3458
28 38 13.3663
67 77 27.5646
55 65 13.1247
65 75 54.7985
76 86 45.9101
41 51 10.315
45 55 8.3302
42 52 24.7128
12 22 4.5749
59 69 13.8525
76 86 66.4062
55 65 36.3669
73 83 39.8401
62 72 22.7873
11 21 2.2026
67 77 21.5816
40 50 20.5798
12 22 2.8642
51 61 9.9143
90 100 88.7816
77 87 66.6738
9 19 1.8496
68 78 55.0727
17 27 3.1944
16 26 1.8349
3 13 1.3058
1 11 0.7477
62 72 27.7086
22 32 8.8477
84 94 73.9841
89 99 32.4649
11 21 2.8886
41 51 15.6721
29 39 7.7774
87 97 26.5493
76 86 35.2848
8 18 1.3271
96 100 96.2381
84 94 53.8228
37 47 8.2892
14 24 3.3782
3 13 1.256
24 34 9.8464
18 28 4.8629
77 87 38.357
8 18 0.916
