100 3259 9.9499
74 84 40.647
39 49 42.7245
27 37 69.2457
40 50 54.1519
13 23 82.0854
52 62 50.4483
83 93 18.2773
27 37 56.7838
92 100 44.1401
67 77 55.9923
79 89 19.872
66 76 39.4975
9 19 88.1533
45 55 65.8062
60 70 49.2411
3 13 88.9306
24 34 72.2704
89 99 43.597
74 84 27.1368
59 69 47.4955
95 100 44.4222
88 98 12.3447
71 81 45.2216
23 33 74.4734
40 50 69.299
31 41 67.5224
12 22 73.6027
67 77 62.4195
34 44 57.596
56 66 57.4791
56 66 35.746
34 44 65.5371
42 52 52.6408
37 47 61.1493
99 100 28.2003
12 22 70.6356
68 78 40.8372
26 36 59.367
36 46 48.3261
96 100 14.7026
33 43 43.9171
49 59 54.9051
66 76 25.0921
80 90 14.7571
71 81 43.0244
75 85 19.9657
61 71 49.7505
41 51 64.016
86 96 31.5406
92 100 40.6394
71 81 17.289
54 64 42.3085
15 25 75.7318
54 64 36.6013
5 15 88.7326
84 94 40.9421
68 78 49.5278
91 100 18.441
78 88 30.5411
39 49 61.2588
56 66 56.1421
67 77 42.82
45 55 58.2993
82 92 30.5334
33 43 67.952
86 96 41.0561
81 91 11.8542
93 100 33.1845
5 15 91.6596
68 78 57.5702
16 26 67.524
98 100 25.5783
10 20 86.5681
66 76 57.2201
79 89 43.3609
53 63 40.2159
15 25 85.5477
68 78 47.9916
92 100 20.7489
82 92 48.0013
3 13 83.6731
27 37 66.8535
77 87 33.3252
34 44 62.3689
16 26 79.8432
57 67 48.4486
44 54 44.1374
65 75 38.5877
19 29 79.0641
84 94 31.6058
29 39 57.2671
87 97 30.7226
96 100 21.473
28 38 70.9267
77 87 30.8325
88 98 17.0627
76 86 24.3079
95 100 27.7655
73 83 55.8652
40 50 58.1727
