900 27485 4.3589
13 23 78.2057
98 100 22.572
67 77 36.2464
24 34 65.4352
60 70 56.8079
54 64 45.8464
21 31 70.3418
67 77 30.7393
82 92 18.6356
82 92 48.9664
62 72 40.744
46 56 55.589
10 20 80.883
90 100 39.3079
11 21 84.3257
30 40 50.797
17 27 76.3631
64 74 47.4693
93 100 44.549
63 73 46.1394
54 64 47.5493
95 100 21.9999
51 61 55.3343
81 91 46.7418
26 36 69.4789
2 12 86.9463
49 59 48.6674
80 90 31.388
53 63 53.0683
51 61 53.7714
79 89 22.1493
59 69 29.5936
93 100 33.5658
53 63 45.3387
18 28 77.185
83 93 22.3313
38 48 58.5164
73 83 32.7321
65 75 47.4873
1 11 91.2713
59 69 41.8298
49 59 47.3826
7 17 87.9075
99 100 18.3492
49 59 66.5432
43 53 58.671
80 90 37.8963
79 89 39.4824
49 59 55.8667
27 37 51.7047
25 35 66.2515
33 43 68.8651
78 88 32.4889
46 56 46.6749
5 15 86.8736
86 96 42.05
88 98 24.6085
69 79 30.3403
83 93 55.7725
70 80 43.4202
47 57 59.07
56 66 52.5509
60 70 33.7956
16 26 73.6748
72 82 31.3925
38 48 68.6744
97 100 49.3548
63 73 56.9119
55 65 34.784
56 66 45.6557
78 88 21.9933
58 68 47.856
38 48 70.718
31 41 68.9215
62 72 35.2432
89 99 38.4524
37 47 52.5466
80 90 48.7316
7 17 82.6317
59 69 48.6702
28 38 57.8406
56 66 44.8029
25 35 72.1803
49 59 58.8381
15 25 74.845
100 100 26.0284
16 26 70.0569
53 63 56.151
91 100 50.9925
8 18 78.5705
39 49 67.8251
87 97 24.0767
63 73 42.8986
16 26 78.81
91 100 40.1145
52 62 42.3814
75 85 57.3867
65 75 59.133
65 75 28.569
86 96 45.2189
54 64 38.4251
75 85 54.0005
69 79 32.0152
100 100 20.022
97 100 27.1504
82 92 23.355
50 60 44.1109
4 14 89.8363
35 45 75.0077
98 100 11.2198
41 51 57.3912
10 20 78.5811
64 74 27.5573
42 52 59.8565
38 48 52.9387
77 87 42.198
33 43 69.2873
26 36 69.4672
2 12 86.4919
83 93 44.7146
83 93 20.7553
86 96 24.3157
17 27 80.3246
55 65 45.4654
20 30 69.6374
15 25 85.7069
33 43 65.9149
2 12 92.5232
9 19 72.5086
92 100 18.7498
63 73 55.5964
3 13 81.7921
48 58 64.6271
62 72 47.322
1 11 86.4472
66 76 29.3125
6 16 88.5387
28 38 75.7822
26 36 70.6995
58 68 45.7571
5 15 85.0434
46 56 48.9342
90 100 20.0767
21 31 80.3031
50 60 50.3319
88 98 19.593
20 30 65.8127
41 51 70.6995
77 87 47.7149
48 58 62.41
22 32 64.9652
35 45 68.1203
29 39 71.9579
54 64 34.4463
15 25 69.309
57 67 60.5673
92 100 18.1135
99 100 21.2503
90 100 35.4049
100 100 24.8791
90 100 17.4114
55 65 49.5053
70 80 44.736
71 81 40.9933
98 100 18.6944
1 11 88.8551
18 28 75.0909
41 51 60.0579
41 51 52.5263
98 100 16.5698
20 30 80.6763
4 14 90.4839
34 44 62.9722
44 54 57.5398
28 38 75.8571
65 75 46.1652
58 68 40.8653
28 38 72.199
39 49 58.0278
97 100 29.8411
92 100 52.9344
67 77 29.0586
58 68 57.684
39 49 75.5735
27 37 66.4486
93 100 37.5193
7 17 87.5497
87 97 39.1025
91 100 27.2505
69 79 46.8089
78 88 40.2007
93 100 17.9666
17 27 71.2336
18 28 65.6278
5 15 84.2302
45 55 42.6239
71 81 29.9712
64 74 24.3197
56 66 52.7497
95 100 37.1868
4 14 87.1254
21 31 67.8992
89 99 21.5342
75 85 23.4198
13 23 75.5543
36 46 59.79
21 31 75.5439
74 84 40.7848
69 79 59.2176
38 48 51.9553
5 15 85.5866
52 62 48.7623
78 88 47.267
32 42 62.7407
98 100 24.8084
19 29 76.8954
22 32 76.8708
49 59 47.4955
51 61 57.4352
25 35 57.4352
17 27 84.3624
30 40 65.5485
52 62 41.4453
2 12 91.7936
1 11 92.5598
53 63 55.2064
9 19 77.8877
6 16 87.6021
83 93 33.2133
36 46 54.8533
10 20 87.0956
33 43 56.9572
83 93 33.6261
69 79 40.9536
96 100 10.978
70 80 52.9009
32 42 62.6599
26 36 66.628
7 17 86.5346
56 66 67.3877
61 71 29.2238
28 38 62.7803
88 98 54.0313
6 16 86.6054
68 78 21.0277
1 11 87.3253
61 71 51.2255
28 38 70.2915
25 35 72.3316
20 30 73.8981
41 51 61.0664
40 50 53.8037
90 100 21.2567
46 56 38.3557
70 80 43.4268
7 17 78.5421
28 38 66.8274
3 13 88.8118
95 100 35.0393
19 29 70.6776
99 100 49.6574
99 100 16.3087
97 100 17.2765
91 100 37.8274
35 45 60.0424
33 43 60.7449
41 51 52.7032
96 100 10.3182
83 93 36.2308
99 100 19.9559
66 76 47.4018
42 52 74.1407
63 73 53.3557
43 53 63.2948
86 96 40.5565
3 13 85.7532
24 34 73.862
5 15 85.9959
94 100 21.3916
45 55 45.753
23 33 74.1407
8 18 83.8836
31 41 51.8069
41 51 43.8363
32 42 61.2291
85 95 25.7363
52 62 60.6078
54 64 53.363
1 11 87.0023
12 22 84.2302
70 80 54.4865
41 51 63.7283
5 15 85.348
38 48 60.8228
73 83 43.6947
3 13 88.3487
15 25 84.0046
32 42 57.6369
68 78 49.4997
18 28 83.7756
70 80 35.9196
57 67 42.4491
77 87 21.2807
29 39 65.975
84 94 22.5321
94 100 31.1688
45 55 63.2566
25 35 77.7465
61 71 36.1357
71 81 35.8526
12 22 86.1388
82 92 17.3764
68 78 38.4164
73 83 39.5452
6 16 86.9183
91 100 22.6852
44 54 54.689
99 100 20.4467
66 76 34.777
85 95 20.6225
45 55 50.7101
78 88 19.774
85 95 29.1136
54 64 59.4009
71 81 47.3578
2 12 85.2778
57 67 30.7781
62 72 46.4279
89 99 46.5151
96 100 35.7317
92 100 29.345
66 76 62.055
2 12 88.9343
23 33 78.842
10 20 81.8754
82 92 27.0775
49 59 56.9663
11 21 84.5627
89 99 13.5851
65 75 52.5727
43 53 64.2482
22 32 80.1258
10 20 82.4809
1 11 90.4972
74 84 15.9656
82 92 31.8367
90 100 18.0039
43 53 58.3696
4 14 82.8482
44 54 42.8986
35 45 50.0953
68 78 56.31
92 100 41.7859
88 98 33.8561
91 100 17.4824
54 64 33.9633
13 23 86.7599
31 41 56.343
91 100 20.2104
25 35 79.5628
49 59 60.3387
70 80 20.7562
12 22 80.8687
69 79 50.4029
97 100 31.9383
50 60 49.8309
59 69 48.9426
97 100 45.4883
94 100 19.6311
89 99 27.3038
46 56 44.0206
88 98 8.8245
67 77 44.9584
80 90 57.4231
50 60 65.1798
92 100 28.0826
3 13 82.0673
82 92 17.4824
68 78 21.8481
73 83 23.6128
5 15 82.6499
20 30 76.9708
31 41 68.5518
51 61 49.6123
30 40 75.4275
60 70 54.6964
73 83 24.68
14 24 77.639
8 18 84.0027
86 96 23.0707
99 100 20.7435
15 25 72.9743
12 22 86.2855
4 14 90.0924
58 68 44.8391
25 35 70.4374
92 100 32.4023
3 13 88.7722
83 93 20.1161
48 58 58.1422
78 88 49.007
81 91 25.637
71 81 32.449
98 100 35.5562
58 68 44.1427
67 77 58.0202
81 91 27.3529
44 54 49.8351
73 83 24.3542
95 100 30.8514
93 100 23.9023
57 67 35.2872
29 39 66.5383
19 29 84.4451
27 37 51.8573
5 15 87.5534
100 100 43.0953
31 41 58.6526
72 82 26.9216
63 73 43.0113
24 34 57.1854
88 98 19.9112
68 78 39.8893
43 53 51.2441
37 47 73.7108
100 100 17.4498
32 42 59.2546
75 85 26.7299
47 57 52.0533
59 69 35.0926
17 27 64.4472
8 18 85.3018
41 51 45.2902
97 100 42.4504
20 30 77.3661
38 48 64.0128
68 78 58.2612
25 35 75.1256
90 100 41.6928
46 56 52.3959
82 92 20.708
29 39 65.4934
44 54 60.5066
87 97 45.8153
74 84 40.1512
100 100 21.2447
12 22 69.111
54 64 45.4991
70 80 35.9724
3 13 90.2291
11 21 79.811
63 73 50.599
63 73 19.5134
17 27 69.649
20 30 72.4405
18 28 72.7797
26 36 61.018
46 56 52.3915
98 100 21.7566
71 81 25.8074
82 92 50.4057
25 35 75.603
17 27 77.4277
9 19 77.0656
48 58 58.6404
78 88 26.8904
73 83 45.3764
68 78 46.9088
14 24 84.4212
47 57 58.898
78 88 42.5326
5 15 88.1796
98 100 31.3298
80 90 29.9417
23 33 74.7274
92 100 13.951
50 60 54.0504
51 61 46.3271
16 26 73.1401
26 36 69.8211
84 94 45.4303
67 77 62.9436
99 100 36.0
8 18 84.9199
55 65 57.8284
10 20 85.9885
77 87 36.5735
31 41 71.0851
53 63 53.0698
86 96 49.265
99 100 7.317
41 51 68.3218
41 51 62.1385
21 31 74.6185
87 97 30.2445
82 92 22.4325
64 74 43.6855
97 100 16.4536
62 72 47.7661
51 61 60.3403
7 17 87.4786
3 13 89.0136
45 55 51.653
89 99 45.6922
50 60 55.925
91 100 44.3876
13 23 76.6378
92 100 28.0254
45 55 60.7667
24 34 71.8138
13 23 70.0435
99 100 47.6997
83 93 36.5009
32 42 58.6159
52 62 44.1534
1 11 92.5502
79 89 28.7532
24 34 68.0048
92 100 24.8243
91 100 23.5206
4 14 85.5015
87 97 26.9839
100 100 25.3331
55 65 49.7462
35 45 70.4307
57 67 46.3107
86 96 52.0995
67 77 43.1491
45 55 61.8504
58 68 50.8783
70 80 51.8674
53 63 28.1961
2 12 87.372
17 27 80.0595
40 50 49.3886
25 35 71.1138
76 86 50.8469
18 28 78.1986
72 82 20.0838
69 79 39.835
58 68 51.5179
40 50 66.9124
55 65 62.5428
85 95 23.2874
70 80 44.4782
7 17 88.0144
66 76 46.4551
79 89 53.5531
69 79 29.5849
53 63 50.057
93 100 40.8909
57 67 41.7923
93 100 12.1634
31 41 57.1294
81 91 10.3324
11 21 79.8914
86 96 30.4759
75 85 43.7053
97 100 13.3897
51 61 28.1547
34 44 52.664
42 52 71.34
96 100 49.4969
17 27 72.6091
35 45 72.0224
14 24 69.3256
94 100 33.2122
99 100 39.6258
29 39 75.4935
87 97 31.6395
86 96 37.3553
44 54 42.1772
49 59 66.5628
55 65 43.3188
70 80 38.0467
56 66 62.6361
78 88 22.0233
7 17 91.1834
70 80 59.7266
49 59 49.3422
31 41 56.5098
48 58 55.19
10 20 87.1086
55 65 43.8787
68 78 44.3942
78 88 36.7769
37 47 62.1291
65 75 49.5996
47 57 58.0263
60 70 31.5855
8 18 86.4249
95 100 21.9286
67 77 38.022
11 21 87.3907
65 75 59.9014
31 41 69.0062
30 40 55.0594
45 55 50.0471
61 71 29.6012
78 88 45.7044
75 85 31.8265
54 64 40.7861
41 51 66.8911
55 65 41.9502
86 96 52.1096
78 88 36.2717
73 83 39.4786
53 63 52.5147
60 70 35.1068
43 53 62.8104
41 51 59.7653
22 32 80.434
69 79 49.1121
46 56 70.8341
1 11 90.1322
45 55 44.4849
16 26 71.5767
61 71 19.4023
63 73 46.1503
41 51 60.3045
49 59 58.0126
83 93 26.4926
26 36 78.0678
19 29 80.2207
95 100 45.3077
26 36 69.4506
33 43 65.1911
28 38 72.0631
21 31 66.2352
18 28 67.5109
47 57 50.393
49 59 53.927
87 97 19.8666
48 58 44.4982
57 67 48.7399
50 60 49.6546
2 12 93.2692
9 19 79.1513
86 96 15.7046
28 38 66.8159
84 94 20.4141
38 48 57.9091
15 25 76.9094
14 24 79.4558
33 43 57.9014
22 32 68.5981
50 60 50.6261
77 87 30.4549
88 98 21.6876
93 100 33.7898
37 47 58.7354
80 90 51.8054
25 35 57.2988
2 12 86.7748
49 59 38.8416
40 50 43.6789
35 45 56.3851
99 100 47.5107
32 42 75.9809
14 24 77.0972
87 97 45.4033
2 12 86.2484
25 35 62.7375
72 82 34.8808
58 68 55.4876
88 98 26.6277
14 24 74.4458
4 14 92.7176
80 90 26.7062
61 71 51.1053
67 77 59.9494
84 94 44.6438
19 29 75.6222
98 100 35.994
68 78 33.9225
31 41 75.6935
11 21 78.9379
21 31 73.5341
40 50 62.1086
61 71 26.0978
61 71 39.8881
47 57 39.0988
26 36 64.5998
34 44 58.2032
54 64 45.2283
25 35 71.7121
22 32 67.2269
100 100 46.447
12 22 80.6584
69 79 46.6352
38 48 74.1976
49 59 42.2747
76 86 38.0886
85 95 22.185
95 100 43.4835
55 65 53.641
73 83 32.4501
57 67 38.2208
28 38 75.2209
28 38 73.3198
29 39 68.8054
67 77 57.4519
39 49 50.3248
17 27 84.0467
19 29 81.6421
98 100 13.2321
91 100 12.2381
18 28 78.029
5 15 81.8265
38 48 74.8398
67 77 23.6741
22 32 65.0587
32 42 56.9799
95 100 6.8466
29 39 63.9536
6 16 87.96
4 14 82.5736
35 45 67.7131
96 100 9.1821
94 100 24.5937
20 30 77.6055
40 50 62.8421
75 85 35.14
68 78 25.2074
52 62 36.2187
67 77 53.9343
67 77 28.882
44 54 50.7015
83 93 50.4341
40 50 43.8761
96 100 24.8492
7 17 80.4178
27 37 57.7798
23 33 77.4206
83 93 32.9843
78 88 49.4983
44 54 52.4741
4 14 82.861
79 89 52.9853
18 28 76.6553
2 12 89.2553
22 32 59.8844
96 100 34.5286
8 18 88.1026
91 100 35.4835
91 100 47.4831
45 55 61.7607
21 31 75.0043
76 86 13.2496
49 59 56.6693
65 75 38.4611
70 80 37.348
7 17 85.3998
42 52 73.1401
30 40 66.7032
89 99 43.7807
10 20 78.006
68 78 41.0855
94 100 48.0318
73 83 31.5091
79 89 53.1528
86 96 45.4802
28 38 74.5442
100 100 27.4628
48 58 56.832
76 86 40.0094
29 39 49.8295
97 100 19.375
95 100 21.313
72 82 17.735
20 30 75.3841
3 13 86.0275
99 100 47.0047
47 57 69.1825
65 75 47.4514
81 91 47.8366
10 20 87.3421
90 100 40.5005
56 66 36.3428
34 44 54.5441
95 100 50.2724
5 15 90.0165
31 41 59.8256
29 39 73.3644
16 26 74.2889
69 79 24.7277
96 100 24.992
11 21 76.6273
99 100 49.9778
7 17 81.8084
27 37 70.4357
38 48 57.5868
70 80 42.3983
69 79 27.5258
95 100 33.7387
45 55 57.2096
59 69 47.6901
42 52 66.3264
66 76 44.1972
90 100 23.0573
89 99 29.8815
71 81 37.1819
1 11 89.4897
37 47 44.7641
32 42 67.14
86 96 24.5292
30 40 59.3239
34 44 57.2943
70 80 38.064
5 15 90.1493
48 58 44.172
15 25 84.7486
52 62 47.223
48 58 52.4726
59 69 60.1121
44 54 44.4942
13 23 74.1562
83 93 38.7232
25 35 72.1752
32 42 67.6769
34 44 57.871
99 100 52.1573
41 51 63.4715
35 45 60.0238
43 53 42.7873
15 25 70.476
81 91 34.5815
54 64 41.7381
65 75 33.0257
17 27 74.546
89 99 37.3639
89 99 20.637
85 95 21.7604
96 100 21.3287
66 76 60.815
32 42 68.7042
33 43 71.6495
42 52 71.8222
61 71 56.31
62 72 33.2225
78 88 26.9953
9 19 79.8539
63 73 47.4693
9 19 79.3168
13 23 79.0303
65 75 62.2111
19 29 62.5855
17 27 79.5896
58 68 43.7252
7 17 85.9144
59 69 46.6038
98 100 38.2295
40 50 63.1993
75 85 27.0171
86 96 28.7414
70 80 36.1886
4 14 85.5144
31 41 71.4989
50 60 59.9091
86 96 35.5932
37 47 43.3925
26 36 69.5206
45 55 59.4981
39 49 43.4822
14 24 75.9599
38 48 58.8872
23 33 72.9521
18 28 79.6931
59 69 63.3696
15 25 80.4017
50 60 39.8224
46 56 40.3619
83 93 36.3874
91 100 14.4537
29 39 66.4812
98 100 26.7548
79 89 56.3671
74 84 45.8803
33 43 64.7751
59 69 37.3957
97 100 17.2391
91 100 24.4244
51 61 48.0804
89 99 16.4155
14 24 77.4365
88 98 37.9542
54 64 60.6545
51 61 38.4065
81 91 23.2411
5 15 87.5179
41 51 51.6084
48 58 61.3277
76 86 28.7232
92 100 32.3795
20 30 71.1155
88 98 42.7036
47 57 67.3762
91 100 35.2753
39 49 52.0028
54 64 58.5914
