400 12565 9.9499
21 31 79.4951
8 18 83.5524
38 48 61.5503
9 19 74.6738
87 97 6.4806
67 77 31.5271
50 60 42.5195
49 59 66.105
6 16 85.9477
63 73 42.3267
98 100 27.5699
22 32 64.8444
89 99 11.3313
4 14 83.3587
13 23 74.3561
5 15 86.6929
66 76 56.0118
29 39 71.242
40 50 63.6581
8 18 90.1854
8 18 86.3431
19 29 80.5847
69 79 33.089
93 100 48.4903
25 35 65.7656
13 23 77.521
86 96 18.3707
90 100 19.9273
75 85 31.4766
22 32 59.3932
40 50 57.5171
30 40 60.0997
17 27 73.625
30 40 48.7888
36 46 56.3175
20 30 76.4978
79 89 52.5785
40 50 64.4986
18 28 63.3887
58 68 46.172
34 44 76.7078
41 51 66.1522
66 76 53.3148
95 100 50.0089
24 34 76.1954
55 65 47.679
19 29 66.9091
76 86 31.7408
5 15 85.084
94 100 17.0189
63 73 40.5247
87 97 29.6371
75 85 29.6219
97 100 42.6226
56 66 58.2169
26 36 73.1145
39 49 53.6586
58 68 57.364
73 83 32.449
95 100 38.7145
36 46 57.4124
16 26 67.7181
55 65 50.2823
97 100 25.9112
55 65 37.474
88 98 19.4208
57 67 54.5988
51 61 51.5495
91 100 32.6612
38 48 60.9852
38 48 51.4935
60 70 50.6062
17 27 68.3482
6 16 82.5481
90 100 30.5577
15 25 74.596
25 35 62.9103
69 79 25.445
76 86 39.8022
89 99 13.3335
48 58 63.7826
29 39 66.5611
87 97 32.539
88 98 13.1167
63 73 39.4409
21 31 74.3268
91 100 15.4543
94 100 22.4013
79 89 24.986
53 63 54.7778
20 30 72.7251
25 35 65.4465
87 97 13.8697
3 13 86.1221
13 23 78.5829
15 25 84.4046
91 100 41.689
69 79 33.6122
13 23 81.8591
72 82 36.851
5 15 84.0156
52 62 36.2368
80 90 43.8151
54 64 43.4584
91 100 21.616
82 92 29.6165
49 59 60.5113
70 80 41.9748
83 93 36.484
95 100 42.5065
53 63 53.2287
54 64 59.11
37 47 56.1406
78 88 16.5128
44 54 48.0984
40 50 61.8079
15 25 68.9498
26 36 72.4082
50 60 47.7965
86 96 49.6658
45 55 48.1705
85 95 56.6648
52 62 35.4727
15 25 68.3284
94 100 38.788
99 100 16.2869
21 31 74.762
98 100 15.5094
50 60 37.0455
40 50 59.8086
95 100 22.1427
65 75 28.1961
71 81 54.6919
77 87 37.2307
15 25 75.4275
27 37 57.9365
12 22 80.2691
23 33 63.6692
2 12 86.9761
47 57 39.5427
71 81 21.7147
82 92 21.6811
41 51 53.9035
14 24 78.7852
4 14 90.1398
29 39 68.8087
85 95 29.5001
19 29 72.8462
68 78 37.5205
51 61 34.6721
28 38 72.9897
25 35 76.3684
88 98 43.5019
59 69 55.8158
32 42 49.9764
34 44 59.4133
69 79 48.1511
7 17 86.5719
55 65 35.0582
20 30 65.3672
72 82 47.3028
71 81 40.074
57 67 25.9764
21 31 73.1213
75 85 31.5114
55 65 37.2405
89 99 31.0227
73 83 34.122
32 42 67.0663
61 71 39.2577
49 59 50.7485
36 46 68.1632
97 100 22.7758
88 98 54.6476
33 43 53.2842
100 100 26.396
51 61 49.042
57 67 52.6481
22 32 78.5563
53 63 27.756
54 64 46.4919
36 46 76.685
54 64 28.6632
32 42 67.0745
92 100 8.3758
19 29 79.6824
45 55 46.0322
52 62 29.1578
66 76 38.1183
49 59 37.3627
66 76 45.0523
37 47 48.7288
11 21 75.8101
38 48 62.3926
76 86 39.3518
47 57 72.1956
92 100 24.6443
20 30 71.9155
10 20 76.8024
62 72 36.7006
11 21 71.6004
91 100 44.945
83 93 23.9268
65 75 33.1569
52 62 53.2988
36 46 57.2686
28 38 66.7914
93 100 37.7463
89 99 35.9017
34 44 55.9758
85 95 42.4687
87 97 19.7589
94 100 46.5574
44 54 69.9063
98 100 46.1421
82 92 17.1421
94 100 29.757
69 79 45.6044
61 71 64.8492
99 100 16.1709
84 94 41.6761
36 46 57.7023
79 89 35.8118
45 55 50.8925
88 98 51.3802
16 26 80.0936
35 45 66.8699
35 45 69.3956
21 31 71.6241
67 77 51.2355
94 100 36.7018
38 48 60.3139
74 84 46.9047
78 88 12.1536
2 12 86.7394
97 100 8.6013
6 16 81.2486
31 41 66.1799
9 19 82.4155
23 33 75.1342
81 91 50.3192
76 86 40.8308
54 64 39.7972
35 45 60.6872
86 96 12.7692
98 100 27.5384
90 100 27.1253
85 95 39.51
85 95 23.8857
64 74 38.0899
88 98 33.9971
43 53 62.4068
20 30 68.9
94 100 37.6247
86 96 26.9185
74 84 53.2608
51 61 51.0739
43 53 50.7314
35 45 49.3071
42 52 51.8976
44 54 43.8204
33 43 54.1004
46 56 39.3769
86 96 11.1523
98 100 10.8438
87 97 45.2969
81 91 47.087
69 79 39.8477
72 82 55.6083
13 23 86.0813
19 29 70.5886
74 84 25.5803
63 73 52.9969
25 35 72.2891
43 53 51.7896
90 100 20.2824
91 100 22.3994
45 55 63.096
7 17 85.9997
93 100 19.2054
42 52 66.7587
71 81 19.8791
13 23 79.8664
72 82 51.7536
16 26 75.6883
8 18 80.5219
82 92 33.7294
92 100 11.3792
96 100 21.2964
68 78 21.7856
55 65 35.4358
10 20 80.9478
48 58 52.3423
47 57 64.3766
9 19 76.6028
81 91 9.3918
5 15 82.5772
96 100 13.7344
72 82 38.0812
49 59 52.0577
23 33 61.37
75 85 36.226
54 64 49.2341
89 99 33.8375
87 97 51.3516
25 35 78.6184
80 90 23.163
39 49 49.5166
52 62 32.7894
93 100 43.3227
68 78 28.6803
95 100 39.1013
19 29 81.6638
47 57 53.9373
86 96 29.7287
47 57 52.7425
24 34 75.1793
82 92 39.6308
99 100 26.0457
72 82 30.9881
12 22 84.7026
5 15 85.7883
24 34 67.5816
58 68 59.1899
84 94 37.2637
100 100 6.5464
56 66 60.0005
97 100 40.1956
43 53 53.6952
81 91 32.7173
39 49 44.3729
34 44 67.5618
20 30 77.7924
39 49 64.7075
23 33 71.3383
63 73 38.1529
64 74 50.1391
91 100 7.4414
92 100 38.5976
23 33 72.9709
68 78 51.0296
94 100 19.2449
72 82 24.0973
16 26 71.2826
15 25 79.7735
60 70 35.1116
79 89 50.4626
65 75 48.1789
5 15 86.8475
35 45 57.5868
54 64 34.6273
26 36 73.948
80 90 42.6487
3 13 92.8313
50 60 61.5895
94 100 22.1502
33 43 60.6296
34 44 63.9056
60 70 60.2409
55 65 49.063
75 85 43.1084
29 39 78.5333
57 67 25.7627
12 22 77.4999
72 82 49.4575
1 11 89.6676
68 78 54.4924
91 100 50.2695
87 97 21.6942
80 90 36.449
88 98 6.691
44 54 58.5363
54 64 58.9716
98 100 16.7985
81 91 43.2241
73 83 21.1674
75 85 31.7634
75 85 35.2884
16 26 78.0078
2 12 88.1477
14 24 79.3988
21 31 67.0401
79 89 15.4056
59 69 50.6901
63 73 34.4487
29 39 51.8256
45 55 53.7216
33 43 76.3125
68 78 43.115
43 53 61.8913
96 100 33.4003
74 84 41.0087
1 11 93.0202
59 69 45.0711
6 16 84.6308
34 44 71.9681
52 62 44.8538
6 16 86.5588
3 13 81.4723
52 62 42.9588
