400 12114 4.3589
82 92 51.4304
96 100 37.7242
14 24 75.8345
63 73 49.6067
24 34 74.0512
90 100 25.2989
56 66 28.3077
56 66 51.1912
48 58 50.5023
98 100 23.0823
35 45 58.4812
12 22 81.108
93 100 30.3105
72 82 27.7866
90 100 36.7891
34 44 68.3268
76 86 43.5719
7 17 78.1421
37 47 61.3935
80 90 17.0552
77 87 37.3064
89 99 25.549
49 59 60.1013
52 62 59.4641
28 38 68.739
39 49 66.6215
85 95 24.5203
59 69 43.6128
70 80 27.2317
1 11 90.3374
69 79 31.4216
77 87 37.221
95 100 31.5653
100 100 46.3284
9 19 80.8183
50 60 62.7882
94 100 23.6293
3 13 89.1117
67 77 31.8209
15 25 78.8526
44 54 67.3696
18 28 70.2529
2 12 90.8171
4 14 88.2679
6 16 85.6032
44 54 65.204
68 78 39.7228
66 76 47.7702
97 100 8.5287
30 40 64.4424
22 32 67.6868
92 100 31.9349
95 100 47.6086
58 68 38.5666
76 86 22.1841
39 49 71.4414
44 54 34.129
93 100 19.1083
63 73 49.1541
86 96 19.4966
78 88 11.9924
95 100 38.5517
19 29 77.3784
2 12 89.1514
46 56 47.6114
65 75 45.5477
92 100 29.3731
63 73 48.436
34 44 63.5799
53 63 54.5648
91 100 47.1571
27 37 72.1582
27 37 64.648
72 82 32.904
38 48 69.9766
40 50 55.6844
64 74 42.9497
6 16 88.1946
48 58 58.5883
37 47 60.3092
21 31 72.4984
40 50 48.4806
5 15 91.2292
71 81 20.4901
95 100 49.9227
49 59 54.2624
78 88 40.47
36 46 73.3712
39 49 51.3616
55 65 30.8858
73 83 31.7397
26 36 65.8954
8 18 83.189
75 85 28.1006
83 93 17.4365
77 87 31.9915
90 100 34.3244
58 68 41.9088
27 37 74.2234
91 100 15.7935
76 86 12.6565
19 29 67.4041
84 94 25.9631
63 73 48.436
62 72 44.0246
78 88 49.8492
3 13 85.6791
41 51 67.4107
18 28 65.1588
20 30 78.5616
93 100 43.88
76 86 37.8041
24 34 58.9932
79 89 28.1717
85 95 32.6887
81 91 30.797
1 11 89.4992
24 34 72.2806
67 77 47.6556
16 26 77.0568
83 93 30.4494
28 38 55.5815
37 47 67.099
92 100 44.2039
42 52 51.5754
73 83 24.295
14 24 81.7343
72 82 32.359
72 82 38.4326
89 99 24.5609
36 46 60.5751
34 44 47.5134
80 90 34.5474
84 94 39.4309
9 19 72.5137
14 24 76.1535
49 59 42.1785
55 65 61.8802
37 47 49.1906
54 64 30.0238
23 33 57.205
98 100 17.8811
98 100 28.867
51 61 46.8102
75 85 34.8183
48 58 37.6775
99 100 29.4144
57 67 36.686
24 34 68.4309
4 14 83.472
100 100 34.8643
88 98 32.1625
4 14 88.6422
50 60 62.9849
4 14 85.3055
85 95 22.3928
30 40 58.0934
21 31 76.082
51 61 45.8478
95 100 53.6688
5 15 84.3771
55 65 46.7063
38 48 45.68
52 62 44.3583
9 19 81.4741
40 50 66.4893
87 97 55.3313
50 60 51.4648
16 26 80.0148
45 55 51.4534
63 73 18.0736
60 70 50.3632
39 49 51.8774
79 89 33.8189
3 13 88.6215
54 64 37.734
21 31 76.1937
61 71 37.3028
82 92 39.466
71 81 47.1241
81 91 20.2734
55 65 35.66
11 21 78.5758
100 100 21.4462
84 94 41.9062
65 75 40.2692
70 80 22.2284
63 73 47.8975
44 54 50.8041
40 50 70.2747
96 100 30.3987
58 68 44.1002
22 32 75.5439
80 90 49.7617
12 22 81.9713
44 54 51.3946
79 89 12.55
95 100 37.2332
51 61 27.695
63 73 34.8006
15 25 83.0085
36 46 53.9108
64 74 49.0924
7 17 84.7762
37 47 47.8504
86 96 50.4285
79 89 35.0938
35 45 47.4459
75 85 33.42
11 21 82.147
65 75 30.4329
37 47 59.1038
35 45 67.3614
33 43 64.096
47 57 46.2808
79 89 45.1866
8 18 82.5463
59 69 57.9441
4 14 90.3336
31 41 76.9638
78 88 43.3517
96 100 49.7575
11 21 72.6211
64 74 48.4611
85 95 33.2306
66 76 50.0825
5 15 79.3257
63 73 52.7875
49 59 53.9946
73 83 24.3148
50 60 49.3661
82 92 29.0036
97 100 12.2451
19 29 67.1121
81 91 39.859
72 82 46.6052
36 46 74.826
24 34 81.3442
3 13 86.9482
63 73 36.2284
15 25 78.8242
62 72 44.7387
68 78 57.8071
10 20 87.1049
5 15 84.1311
73 83 16.7666
97 100 21.1858
83 93 23.4546
34 44 65.4756
79 89 27.4775
29 39 54.8089
20 30 77.6795
94 100 8.077
68 78 25.0721
57 67 58.7752
92 100 24.4174
8 18 83.3496
7 17 82.4355
57 67 47.2945
89 99 46.4251
44 54 35.2135
75 85 33.0959
45 55 48.5335
12 22 81.6692
76 86 15.415
68 78 54.8799
97 100 35.0807
26 36 63.7778
24 34 70.3653
45 55 47.668
23 33 71.4245
55 65 49.4645
15 25 77.5914
82 92 41.0202
61 71 25.8969
89 99 16.3839
67 77 37.1807
72 82 51.1282
32 42 68.8369
73 83 38.1331
70 80 36.9859
38 48 58.4277
4 14 84.6308
15 25 76.3229
80 90 38.5554
66 76 59.549
74 84 43.8218
93 100 38.1417
78 88 44.3396
30 40 62.0471
62 72 41.0215
57 67 37.0905
22 32 75.7004
27 37 65.0152
17 27 83.4665
79 89 34.7687
41 51 54.7482
19 29 74.5287
59 69 54.1446
41 51 52.8514
7 17 84.5903
89 99 26.282
4 14 81.8772
100 100 29.2389
95 100 24.2881
95 100 16.2345
54 64 61.5974
77 87 26.2185
3 13 90.0373
93 100 34.7758
99 100 41.7006
53 63 49.992
73 83 21.7809
1 11 90.3127
65 75 60.1928
91 100 44.9114
48 58 55.141
58 68 36.7151
13 23 77.7889
53 63 52.8922
18 28 84.8573
5 15 87.1497
66 76 33.9295
88 98 23.1303
7 17 82.9174
16 26 79.5218
65 75 44.3929
3 13 90.4249
8 18 77.6619
34 44 61.4499
14 24 74.9852
20 30 75.0805
39 49 48.5544
49 59 45.8085
58 68 38.4251
33 43 76.3491
69 79 46.9828
45 55 41.3295
6 16 88.3074
52 62 49.2832
68 78 40.8628
41 51 60.3636
80 90 35.819
100 100 14.0325
81 91 29.9351
39 49 73.2103
36 46 71.5327
60 70 31.6699
78 88 53.66
68 78 34.7781
62 72 30.6196
16 26 82.0637
92 100 16.8995
20 30 70.1122
31 41 61.7733
84 94 18.5244
10 20 78.8544
1 11 92.2848
45 55 53.9285
65 75 59.6092
59 69 37.4422
37 47 62.9563
61 71 22.2529
24 34 73.8568
8 18 85.0637
73 83 35.4394
15 25 84.4267
36 46 62.3626
76 86 21.0966
45 55 48.1872
92 100 37.9665
14 24 77.8859
76 86 38.0936
2 12 89.3895
55 65 30.6706
25 35 74.5788
69 79 33.1546
78 88 12.2185
1 11 92.5232
25 35 78.2535
6 16 86.3301
6 16 89.1948
22 32 63.7906
15 25 81.5445
58 68 55.8936
41 51 59.367
71 81 38.0529
28 38 65.2282
73 83 37.3284
97 100 18.5795
1 11 83.9606
34 44 65.8256
12 22 77.7324
4 14 82.0383
49 59 49.8747
8 18 79.2616
60 70 42.6226
100 100 19.5497
69 79 41.1946
90 100 36.8315
