100 2652 9.9499
24 34 9.641
16 26 3.2519
18 28 7.7518
72 82 17.5695
20 30 6.6931
2 12 1.4268
58 68 32.2601
9 19 2.5217
17 27 2.4643
2 12 0.4706
60 70 15.593
38 48 13.9159
35 45 16.8026
32 42 14.7011
81 91 39.9639
8 18 1.3663
50 60 14.8749
30 40 13.8205
42 52 7.4758
8 18 2.148
36 46 16.6293
35 45 15.8651
14 24 5.0805
40 50 17.9589
99 100 65.012
31 41 6.6538
82 92 52.7061
6 16 0.7857
51 61 19.0332
47 57 22.9441
91 100 36.0516
5 15 1.6474
9 19 1.7303
39 49 20.5689
46 56 25.013
52 62 36.9421
33 43 11.0556
49 59 13.3905
96 100 39.6144
87 97 27.7171
47 57 32.0152
30 40 10.2836
12 22 4.244
53 63 21.5101
3 13 1.2686
67 77 56.9965
82 92 37.5941
3 13 1.5198
31 41 8.5352
48 58 19.9666
49 59 13.0249
84 94 48.1428
89 99 79.5557
51 61 29.0004
29 39 6.4607
54 64 13.5005
31 41 14.558
57 67 18.1493
36 46 5.4845
69 79 26.9133
24 34 5.1875
24 34 5.8971
76 86 31.3522
76 86 62.9261
14 24 3.7636
46 56 30.6074
79 89 22.6566
40 50 11.2406
19 29 8.1676
82 92 31.5889
29 39 6.5163
10 20 3.6458
55 65 32.3295
79 89 60.2937
12 22 1.5354
13 23 1.7224
45 55 20.6507
39 49 7.4011
82 92 39.2327
64 74 36.0288
69 79 22.0919
47 57 29.0144
83 93 51.4663
16 26 3.5288
95 100 56.0402
31 41 5.6682
67 77 58.4384
23 33 2.9953
99 100 50.0655
78 88 75.464
53 63 28.5615
6 16 1.5608
67 77 25.2285
20 30 4.1035
26 36 10.4704
37 47 11.2071
67 77 21.7007
3 13 1.3156
32 42 10.0115
12 22 4.1221
