400 11754 4.3589
69 79 56.9255
76 86 39.7001
9 19 79.1958
4 14 88.0463
82 92 20.2995
26 36 65.8062
88 98 14.2046
6 16 88.3638
1 11 86.9892
65 75 28.9778
96 100 16.1797
10 20 79.5093
72 82 47.1996
36 46 61.1008
10 20 84.7375
44 54 45.4006
75 85 23.2391
39 49 55.3759
14 24 87.0097
78 88 30.0907
51 61 51.7493
60 70 52.0663
42 52 39.1838
49 59 67.0073
20 30 66.3215
84 94 38.0862
1 11 89.0928
6 16 79.6538
22 32 81.4994
93 100 35.9808
10 20 80.6835
54 64 56.1975
26 36 56.1076
45 55 48.8293
26 36 62.6868
94 100 16.9258
60 70 45.4249
100 100 10.5073
19 29 74.7585
23 33 70.1842
75 85 33.8003
37 47 66.8879
15 25 77.0076
46 56 55.144
46 56 52.338
21 31 75.603
37 47 44.7374
17 27 74.4942
72 82 22.4856
98 100 12.4003
4 14 85.2317
31 41 54.9555
79 89 19.0585
81 91 48.3748
82 92 54.1343
79 89 28.838
20 30 79.8789
29 39 63.9744
83 93 23.2806
40 50 63.4237
42 52 49.4251
57 67 31.0071
42 52 42.1461
5 15 82.8446
69 79 32.4615
41 51 48.4124
96 100 20.1888
69 79 42.6879
33 43 59.0654
100 100 38.5355
75 85 31.247
97 100 20.6634
15 25 80.2404
74 84 16.2602
10 20 84.6308
93 100 28.2854
75 85 14.1346
68 78 48.4987
34 44 54.0431
30 40 77.7659
72 82 39.7329
91 100 41.0663
11 21 84.2963
61 71 51.912
9 19 73.6044
19 29 82.3992
10 20 82.4155
47 57 41.033
94 100 42.1227
6 16 86.8848
68 78 35.4513
29 39 61.7293
75 85 38.7307
22 32 76.58
86 96 42.858
50 60 50.0231
54 64 51.5754
66 76 57.0826
78 88 48.3373
18 28 73.4243
41 51 41.9995
23 33 82.4518
45 55 32.4638
71 81 47.5148
85 95 43.5376
76 86 54.3007
6 16 84.5002
97 100 35.0973
11 21 83.5012
64 74 40.339
74 84 44.3409
45 55 61.8409
19 29 71.0143
35 45 67.3007
47 57 66.5889
52 62 61.4076
30 40 65.3026
87 97 7.3463
41 51 41.8946
1 11 86.5774
68 78 53.5165
9 19 80.0238
9 19 82.7099
43 53 48.2511
25 35 62.3626
84 94 35.2361
16 26 71.9206
32 42 65.2056
20 30 81.8247
19 29 71.785
12 22 69.9799
56 66 36.5541
59 69 32.2215
83 93 27.3038
83 93 30.6672
16 26 74.3837
17 27 72.7473
85 95 50.2114
88 98 37.8877
41 51 53.9255
99 100 8.506
58 68 34.9931
6 16 86.3914
29 39 62.5744
87 97 15.9816
11 21 80.9928
80 90 36.2223
31 41 73.9187
96 100 6.5275
23 33 67.672
1 11 88.9777
67 77 30.2753
18 28 73.7331
47 57 41.6154
12 22 80.6979
94 100 17.6425
44 54 51.6544
65 75 36.5977
3 13 90.4648
62 72 29.4295
100 100 7.4093
10 20 77.9389
43 53 61.4531
63 73 46.776
7 17 87.372
6 16 88.4521
100 100 22.2727
27 37 72.4984
83 93 16.934
27 37 50.7899
93 100 30.0085
69 79 17.8168
49 59 62.7486
84 94 21.3731
84 94 23.0438
20 30 75.2695
93 100 19.9693
79 89 27.0483
54 64 63.4795
69 79 60.3698
30 40 74.1545
75 85 44.0511
62 72 27.7055
42 52 43.933
47 57 51.6472
39 49 54.5397
9 19 88.251
87 97 32.0333
41 51 68.4922
51 61 31.3342
26 36 63.7938
32 42 57.903
6 16 84.2173
56 66 34.5909
24 34 68.9282
53 63 47.3619
47 57 50.278
57 67 57.1052
45 55 54.1225
5 15 89.1608
15 25 85.6606
59 69 44.6718
91 100 27.3445
30 40 67.7428
9 19 80.434
2 12 87.9938
7 17 90.3583
4 14 83.8232
75 85 25.9336
1 11 91.8032
44 54 44.281
53 63 62.1937
54 64 56.0836
9 19 84.3312
31 41 68.6213
79 89 53.9182
28 38 74.4648
50 60 63.3043
48 58 44.9919
91 100 15.6183
25 35 61.7152
5 15 86.5439
79 89 48.4124
12 22 85.1966
73 83 15.217
76 86 38.7656
4 14 81.6041
2 12 91.7994
32 42 71.9358
74 84 17.624
59 69 39.1313
14 24 82.283
79 89 30.8791
94 100 39.1188
25 35 72.7046
89 99 45.5504
95 100 27.6676
16 26 65.4869
75 85 55.8323
89 99 18.8955
72 82 41.2691
80 90 39.3756
49 59 59.6602
71 81 36.8036
5 15 91.6691
15 25 71.3467
16 26 71.6461
73 83 40.2298
51 61 70.0803
69 79 18.3681
45 55 48.9636
80 90 23.9366
15 25 78.723
19 29 69.634
88 98 22.6443
59 69 40.8027
46 56 47.7232
57 67 46.4824
80 90 41.9347
81 91 42.2279
29 39 62.9626
14 24 78.0802
39 49 60.5128
74 84 23.9747
33 43 76.7113
93 100 16.409
99 100 15.5008
13 23 79.3649
36 46 71.1661
70 80 36.5614
51 61 36.3018
71 81 29.051
73 83 50.1675
72 82 44.0272
81 91 40.8641
2 12 92.8968
7 17 78.913
37 47 63.9296
86 96 42.6814
67 77 50.6531
45 55 64.8122
14 24 86.5216
20 30 65.2089
77 87 24.3917
46 56 63.22
30 40 53.3806
35 45 62.0723
63 73 52.8994
51 61 50.8825
89 99 23.963
80 90 45.3144
93 100 9.2143
10 20 81.756
48 58 65.7267
68 78 39.6988
56 66 27.0338
12 22 77.2659
1 11 91.1719
68 78 45.4964
71 81 37.6763
48 58 56.247
61 71 28.125
18 28 81.1531
34 44 75.3198
76 86 53.6263
94 100 17.8709
79 89 24.451
37 47 61.599
27 37 57.1385
69 79 41.9463
75 85 54.9748
10 20 87.5403
55 65 31.3959
60 70 28.8476
59 69 66.5464
48 58 59.8457
67 77 41.9632
22 32 80.0041
8 18 87.23
68 78 47.4377
29 39 67.3253
93 100 31.2012
33 43 61.4797
87 97 30.4991
96 100 31.9519
26 36 70.8072
59 69 50.1561
47 57 52.1732
3 13 90.7923
31 41 54.8429
58 68 44.6505
37 47 62.1039
9 19 84.4046
24 34 75.7979
22 32 74.6202
70 80 34.205
55 65 28.7114
3 13 89.3157
21 31 71.9766
73 83 31.5148
4 14 86.6873
93 100 5.2368
56 66 64.6609
86 96 35.8921
77 87 36.3006
58 68 31.3387
100 100 40.2539
44 54 58.7354
20 30 71.6291
70 80 46.3393
77 87 27.4607
87 97 31.2895
79 89 9.8057
45 55 54.2771
30 40 59.903
31 41 78.7337
89 99 25.2275
25 35 67.7378
62 72 58.4017
73 83 13.8042
19 29 66.6231
90 100 43.6828
86 96 23.8476
44 54 46.2822
85 95 38.7992
89 99 30.8114
52 62 58.8381
33 43 61.2306
72 82 34.1652
64 74 21.4953
13 23 80.9388
26 36 69.1858
11 21 83.8397
11 21 77.185
58 68 40.9306
42 52 36.874
41 51 55.9878
31 41 69.594
7 17 87.516
32 42 51.9336
25 35 72.7387
71 81 38.5852
67 77 60.7605
63 73 41.8518
18 28 76.848
41 51 51.3759
45 55 57.1445
78 88 40.0132
62 72 27.5636
52 62 53.7113
66 76 19.0794
99 100 20.0641
95 100 33.3541
56 66 46.7924
8 18 79.9772
15 25 75.2452
92 100 7.191
100 100 14.2506
69 79 47.468
74 84 24.2901
