400 12182 9.9499
61 71 24.6929
68 78 52.231
64 74 42.8318
60 70 22.1295
79 89 66.4567
8 18 1.2421
82 92 65.6278
18 28 4.7007
72 82 48.2247
54 64 13.6272
13 23 3.5048
9 19 2.0566
100 100 56.8893
14 24 3.4407
27 37 10.6674
38 48 20.2608
44 54 9.3526
8 18 2.3308
78 88 33.5392
12 22 1.8104
90 100 31.6721
100 100 76.7446
69 79 38.676
59 69 32.1115
2 12 1.3115
47 57 24.7089
96 100 85.6902
3 13 1.2857
29 39 10.5788
92 100 32.8799
58 68 44.4049
2 12 0.633
88 98 41.6709
54 64 17.0016
45 55 18.9338
45 55 9.8973
17 27 6.2946
35 45 13.687
8 18 2.2623
79 89 64.9797
50 60 15.2147
29 39 10.0008
74 84 43.5046
60 70 32.5698
78 88 36.2777
85 95 23.6089
22 32 2.6945
81 91 46.9814
20 30 3.9892
98 100 93.0222
34 44 17.7949
46 56 22.88
95 100 25.1884
46 56 26.8998
69 79 23.8193
77 87 39.7392
70 80 29.8892
71 81 40.155
96 100 51.9091
20 30 3.0923
14 24 2.379
1 11 0.7194
35 45 16.0713
22 32 6.525
58 68 38.4065
68 78 52.3915
41 51 10.4568
3 13 1.6636
68 78 23.5147
66 76 50.0132
84 94 60.4864
3 13 0.5085
34 44 8.8947
40 50 16.0464
49 59 15.317
81 91 42.3476
82 92 39.2402
70 80 16.008
85 95 27.6581
94 100 93.6714
62 72 40.2666
22 32 3.5691
49 59 15.9568
17 27 4.2358
82 92 26.7413
34 44 6.268
12 22 4.4517
67 77 41.2845
85 95 47.773
48 58 17.7595
66 76 39.7076
96 100 38.7606
35 45 9.5902
66 76 29.4979
14 24 5.2679
21 31 5.4971
21 31 3.1198
97 100 77.1938
58 68 16.2998
37 47 8.2812
66 76 41.2935
94 100 56.8109
76 86 44.9302
21 31 8.9886
37 47 9.3691
86 96 56.2635
61 71 36.8498
98 100 34.5156
73 83 21.4545
37 47 18.7454
36 46 5.4364
7 17 1.1604
53 63 36.1526
79 89 32.3738
68 78 34.4205
70 80 35.1104
16 26 5.4555
41 51 20.8867
14 24 1.7924
57 67 35.1151
49 59 29.7003
33 43 14.8896
39 49 6.4445
96 100 72.9026
43 53 24.5768
64 74 23.2064
69 79 41.0663
93 100 67.547
17 27 4.9049
89 99 35.1827
57 67 43.4149
24 34 8.7575
34 44 10.6328
38 48 9.9749
87 97 80.2493
32 42 13.5719
100 100 35.6087
60 70 43.4083
91 100 42.4856
77 87 24.2546
87 97 62.7121
4 14 1.446
76 86 36.8874
57 67 11.2319
82 92 32.2022
94 100 88.6855
54 64 13.7671
58 68 25.64
58 68 25.1954
15 25 6.0881
15 25 5.3504
7 17 1.974
19 29 3.0828
84 94 30.2907
39 49 14.6345
17 27 7.1497
36 46 12.4108
65 75 39.3192
46 56 11.7875
70 80 41.3693
70 80 33.1822
60 70 21.752
32 42 11.9191
82 92 31.5484
9 19 2.5989
75 85 44.6277
44 54 18.0421
19 29 4.2333
98 100 46.1612
59 69 23.8837
25 35 5.6849
68 78 53.1587
55 65 41.9645
57 67 44.4516
16 26 1.9614
23 33 5.6216
32 42 11.7423
100 100 67.985
23 33 3.4771
87 97 82.4192
77 87 33.2237
30 40 5.2281
100 100 61.723
52 62 35.6935
14 24 4.8748
63 73 51.0667
94 100 70.149
82 92 54.9659
2 12 1.2654
76 86 28.4932
45 55 7.8495
34 44 7.4207
92 100 42.25
77 87 31.698
55 65 35.6075
49 59 26.8739
67 77 37.7057
88 98 66.6395
79 89 75.6726
57 67 26.4957
44 54 11.2292
50 60 12.5245
20 30 5.7691
60 70 25.2004
36 46 16.2377
91 100 46.417
64 74 20.7535
60 70 42.0864
56 66 15.7204
90 100 65.9539
84 94 30.6307
7 17 1.1342
26 36 5.547
34 44 13.4015
70 80 57.9776
50 60 23.0352
63 73 21.2235
27 37 5.4943
70 80 24.5847
30 40 7.579
24 34 9.9881
52 62 11.9101
100 100 43.6987
1 11 0.4122
84 94 61.1149
1 11 0.4045
8 18 1.9363
83 93 35.1554
78 88 25.1442
27 37 11.7951
3 13 1.6698
65 75 43.3003
68 78 21.5909
62 72 40.3454
98 100 86.5291
76 86 21.4221
61 71 16.232
73 83 59.1115
75 85 27.2996
70 80 22.1493
54 64 16.2909
66 76 20.2311
38 48 21.2106
51 61 20.6943
30 40 5.4275
47 57 30.1181
73 83 49.1667
88 98 76.1885
40 50 6.9432
59 69 30.6384
40 50 11.6254
95 100 73.7898
68 78 35.9604
100 100 82.1398
34 44 11.7622
95 100 66.8731
38 48 19.8256
4 14 1.1879
80 90 54.255
16 26 2.6455
95 100 29.8684
45 55 21.2383
65 75 37.9086
43 53 20.415
14 24 1.4799
8 18 0.886
56 66 26.7124
84 94 56.28
38 48 17.7494
35 45 5.6036
71 81 20.657
3 13 0.5134
78 88 52.2035
21 31 7.2103
13 23 5.147
61 71 41.5251
46 56 13.4997
67 77 22.7653
28 38 7.8776
80 90 22.9613
45 55 17.9623
41 51 18.4213
22 32 3.156
67 77 22.407
38 48 5.8346
100 100 71.416
7 17 2.3812
26 36 6.5715
58 68 44.5556
56 66 37.7709
97 100 88.1965
34 44 12.4708
39 49 8.1236
90 100 27.3027
15 25 2.6018
2 12 0.484
29 39 4.6691
26 36 8.0463
40 50 21.6002
50 60 28.4996
17 27 2.1868
7 17 1.4068
42 52 24.4313
45 55 29.3136
40 50 9.8634
3 13 0.741
4 14 1.3294
55 65 11.562
47 57 11.8956
87 97 24.0433
30 40 14.6505
23 33 10.5723
89 99 43.253
29 39 15.0956
67 77 16.9406
83 93 32.0209
7 17 1.5344
14 24 2.4983
67 77 26.4896
77 87 49.8408
46 56 15.3257
73 83 59.0254
34 44 9.4704
98 100 75.7474
58 68 14.103
33 43 12.83
99 100 85.818
72 82 33.2491
35 45 7.7323
56 66 14.0273
76 86 56.4812
9 19 1.6991
76 86 19.7198
68 78 25.3794
43 53 18.7316
13 23 2.2683
68 78 47.1131
48 58 19.0174
68 78 34.895
26 36 9.5407
59 69 24.9141
58 68 18.6633
36 46 13.278
45 55 18.3972
74 84 68.6147
89 99 51.0182
35 45 10.7119
12 22 1.6659
26 36 5.0064
49 59 18.6788
43 53 19.0602
52 62 16.0056
21 31 7.9242
76 86 28.072
65 75 14.8687
34 44 9.2739
45 55 9.4624
53 63 16.0272
81 91 72.8855
65 75 52.8195
98 100 54.202
15 25 4.4914
51 61 28.6
26 36 6.8759
11 21 3.1043
99 100 91.1586
1 11 0.3345
34 44 8.9928
55 65 41.2832
35 45 9.2598
57 67 11.3037
27 37 4.2218
25 35 5.6544
69 79 15.7553
41 51 8.6718
9 19 3.5104
26 36 5.6892
2 12 0.3608
47 57 12.6274
17 27 3.6165
41 51 13.3729
41 51 9.6236
90 100 67.6868
46 56 17.2009
36 46 18.9451
77 87 66.1164
5 15 0.629
38 48 15.3931
86 96 34.2284
76 86 62.4953
80 90 35.8095
25 35 9.8923
52 62 34.0519
77 87 70.7617
95 100 25.069
7 17 1.1126
64 74 36.5227
61 71 35.5705
85 95 23.5934
65 75 40.5132
