100 3091 4.3589
85 95 71.885
82 92 77.7624
36 46 6.447
74 84 53.2579
86 96 57.3125
55 65 26.6019
33 43 7.6651
5 15 0.6841
33 43 13.901
20 30 3.5461
40 50 17.9166
27 37 9.2653
57 67 18.3424
8 18 1.3687
76 86 19.8693
9 19 2.4939
81 91 38.9089
93 100 63.505
81 91 47.8158
41 51 24.7715
43 53 17.1057
65 75 20.0265
12 22 1.9113
35 45 10.2272
46 56 21.696
63 73 18.5391
12 22 2.8971
51 61 29.1255
53 63 16.547
48 58 14.4081
100 100 44.7655
98 100 77.2254
77 87 25.3391
13 23 3.7122
47 57 28.9778
52 62 19.0637
52 62 15.9504
87 97 38.3322
67 77 51.8774
66 76 43.3267
15 25 4.7611
7 17 1.5478
44 54 20.7909
90 100 96.4108
36 46 11.4487
58 68 25.3492
41 51 12.9823
23 33 5.5159
59 69 45.7084
67 77 25.062
54 64 23.3531
85 95 83.8067
12 22 3.3911
97 100 53.4975
34 44 9.8854
87 97 77.3221
100 100 47.708
73 83 62.7391
41 51 17.1711
91 100 42.62
31 41 15.3452
34 44 9.9187
98 100 45.6665
62 72 21.0112
64 74 16.6799
53 63 10.4775
95 100 45.9182
97 100 58.8366
71 81 40.15
25 35 11.0563
64 74 54.6047
10 20 3.7721
11 21 2.67
11 21 1.8045
43 53 7.3615
65 75 33.6864
40 50 6.257
30 40 4.2915
70 80 52.5538
99 100 54.8651
64 74 45.7301
53 63 18.1885
51 61 15.452
77 87 20.0722
87 97 62.4116
47 57 13.9174
30 40 14.5214
63 73 36.8255
2 12 1.0603
30 40 6.3292
56 66 42.8501
56 66 38.9488
66 76 14.7779
87 97 65.4044
13 23 4.6626
14 24 5.3773
21 31 5.7399
39 49 7.3262
27 37 9.6553
72 82 31.4755
