400 12656 9.9499
41 51 61.9889
59 69 42.2474
99 100 7.424
10 20 80.2834
49 59 32.0594
75 85 19.4181
35 45 61.276
91 100 39.3242
5 15 89.3611
97 100 23.8642
85 95 54.4437
37 47 45.8911
6 16 88.533
43 53 52.6655
56 66 47.0678
63 73 39.269
86 96 25.6218
87 97 31.2079
85 95 54.1284
47 57 33.2756
9 19 87.3589
71 81 19.6373
90 100 32.9166
4 14 83.6731
15 25 82.9666
15 25 80.6242
7 17 86.5607
98 100 27.3017
9 19 77.3538
18 28 77.565
42 52 60.7589
89 99 20.0749
75 85 45.9955
4 14 87.4524
54 64 62.1543
84 94 52.2454
32 42 67.9965
11 21 83.2565
25 35 65.6051
87 97 44.9758
41 51 58.5332
85 95 32.1739
82 92 50.5336
90 100 21.3259
38 48 41.35
85 95 19.5037
91 100 6.364
98 100 28.4793
34 44 45.1194
96 100 22.8369
87 97 16.7764
69 79 36.7406
26 36 77.8859
78 88 41.3205
29 39 73.0324
7 17 88.7609
56 66 64.9233
81 91 33.2456
72 82 44.9088
49 59 33.5021
57 67 43.7331
93 100 28.3844
77 87 52.2888
4 14 88.9721
20 30 65.8727
24 34 73.3284
71 81 42.3111
7 17 85.8384
37 47 68.2739
77 87 21.3204
70 80 52.3988
73 83 39.3543
99 100 42.9772
25 35 67.2777
51 61 54.9837
83 93 39.7909
35 45 60.2129
75 85 34.6556
22 32 69.2973
9 19 86.8773
88 98 30.5079
28 38 73.7314
65 75 49.7265
77 87 32.4877
23 33 65.1233
11 21 85.3758
9 19 73.6404
31 41 66.4111
77 87 45.2942
34 44 43.5587
79 89 46.6967
72 82 26.9268
87 97 42.3684
100 100 26.2421
15 25 86.6016
45 55 45.0778
64 74 53.9373
82 92 33.9633
39 49 50.1137
87 97 25.3462
35 45 54.8592
24 34 62.0976
29 39 69.2607
90 100 6.5153
90 100 15.8571
72 82 22.9384
98 100 30.3877
88 98 30.466
79 89 27.0618
53 63 33.3206
49 59 53.833
7 17 86.3691
43 53 62.4211
32 42 73.4655
48 58 37.3749
3 13 90.6056
46 56 42.5
84 94 33.0073
81 91 19.3125
12 22 81.6385
44 54 55.9968
63 73 47.993
70 80 51.5093
35 45 55.9295
89 99 39.0988
97 100 36.0084
24 34 75.4848
95 100 33.3911
87 97 34.5192
15 25 83.3149
72 82 50.5066
12 22 80.0613
75 85 19.244
49 59 46.1775
92 100 43.7966
72 82 37.1429
44 54 39.2352
30 40 61.2901
99 100 37.1905
37 47 61.756
85 95 39.6384
61 71 34.797
87 97 24.8612
12 22 78.4801
13 23 85.9385
63 73 27.0015
92 100 46.6639
32 42 63.9248
84 94 23.1602
93 100 29.8968
61 71 55.8995
53 63 50.8469
76 86 47.9778
32 42 74.5857
7 17 87.4917
77 87 25.555
32 42 70.268
60 70 24.1621
72 82 27.7971
10 20 84.4598
99 100 8.1151
14 24 70.0452
75 85 28.3333
47 57 36.1237
74 84 18.3278
44 54 59.4626
25 35 60.8275
55 65 43.6062
40 50 60.258
23 33 72.4695
82 92 48.5558
92 100 41.2434
59 69 42.9667
24 34 73.8964
47 57 43.2398
1 11 90.8666
93 100 39.7505
20 30 81.2378
24 34 71.553
44 54 73.8104
77 87 38.7942
22 32 67.8811
76 86 51.0096
9 19 86.5886
26 36 62.0692
99 100 34.8867
79 89 16.8929
69 79 43.564
81 91 36.3669
72 82 39.025
92 100 34.8631
82 92 47.61
55 65 47.2821
54 64 45.9359
88 98 23.3289
95 100 37.8496
47 57 52.4118
92 100 21.4564
8 18 85.073
88 98 34.1395
55 65 53.619
10 20 81.3496
67 77 34.274
11 21 86.085
14 24 85.0287
98 100 18.7662
94 100 14.9715
85 95 32.9717
68 78 37.7242
58 68 52.6321
28 38 72.8257
49 59 44.164
90 100 25.9743
82 92 38.7606
81 91 20.7043
72 82 27.0587
14 24 81.984
62 72 47.9556
63 73 60.4273
18 28 67.6292
12 22 79.7395
92 100 21.1674
80 90 16.3224
46 56 40.512
62 72 44.2159
11 21 88.3638
60 70 43.9105
6 16 90.0259
71 81 14.7026
11 21 84.1036
85 95 25.452
54 64 61.4515
37 47 65.7429
82 92 27.7718
74 84 45.5652
97 100 43.1925
86 96 30.0074
35 45 62.1212
70 80 40.0752
36 46 53.2564
50 60 49.1962
18 28 73.9222
1 11 90.983
76 86 54.0666
30 40 75.73
72 82 31.0193
95 100 34.7793
84 94 35.7712
52 62 37.0771
9 19 81.9043
62 72 63.0388
95 100 29.1676
54 64 62.0944
53 63 36.7721
30 40 70.4861
96 100 36.2874
84 94 49.2888
28 38 62.3816
64 74 47.479
3 13 88.2829
16 26 77.2817
27 37 62.9864
44 54 62.2805
3 13 90.1626
52 62 63.944
93 100 35.0748
53 63 60.4444
70 80 58.55
3 13 85.6088
40 50 51.5395
80 90 52.4364
45 55 56.1465
14 24 84.9531
4 14 87.0377
100 100 12.7021
82 92 9.7956
77 87 10.859
92 100 43.888
11 21 84.0321
7 17 84.3569
1 11 84.0431
13 23 70.5113
82 92 19.3794
49 59 57.8345
36 46 70.2713
61 71 42.6252
43 53 62.0944
15 25 78.5226
9 19 82.1615
13 23 74.4734
97 100 27.9524
70 80 22.4723
75 85 47.4597
85 95 43.4347
52 62 53.3499
30 40 56.0731
31 41 58.0583
7 17 85.1154
9 19 86.3859
56 66 36.3247
21 31 66.8584
93 100 18.0447
82 92 27.1764
27 37 78.3101
12 22 86.2855
87 97 36.2019
57 67 31.7217
20 30 78.0307
64 74 18.0676
20 30 80.9172
55 65 64.5918
80 90 15.537
38 48 55.5085
81 91 17.1719
77 87 50.683
57 67 52.6379
80 90 47.9265
50 60 39.1876
72 82 37.9863
73 83 57.5216
87 97 24.0786
100 100 20.3221
52 62 44.7227
54 64 52.519
17 27 82.3466
69 79 44.2677
59 69 31.2973
86 96 33.0062
61 71 28.4569
18 28 77.8453
26 36 59.7096
73 83 49.5616
41 51 66.4584
97 100 31.1275
86 96 25.5136
72 82 57.4276
89 99 34.0332
87 97 29.5186
21 31 61.885
25 35 53.88
98 100 19.2862
88 98 26.7454
17 27 74.7689
23 33 81.4416
37 47 58.9317
2 12 87.372
89 99 42.1824
76 86 36.1718
13 23 74.5719
70 80 39.719
14 24 77.1674
18 28 74.4131
24 34 68.2788
81 91 14.8225
43 53 41.7303
44 54 47.5507
26 36 76.3317
90 100 36.1862
34 44 68.2392
95 100 31.4699
1 11 89.9956
86 96 49.6743
23 33 67.98
74 84 37.734
66 76 52.8544
73 83 46.9705
64 74 28.5167
66 76 38.7481
11 21 82.7791
85 95 32.5972
20 30 72.72
100 100 33.5588
14 24 84.0174
11 21 80.1634
18 28 78.6663
74 84 31.4508
59 69 53.7656
71 81 50.4114
39 49 47.2711
72 82 23.9924
1 11 90.6171
73 83 40.873
48 58 48.8573
89 99 34.9399
84 94 22.1464
89 99 24.684
42 52 68.2557
35 45 63.69
33 43 54.6313
7 17 84.8775
94 100 15.7474
53 63 63.438
73 83 33.5751
5 15 85.084
99 100 23.9004
93 100 22.0186
49 59 59.0562
31 41 63.1071
50 60 36.5396
39 49 74.6513
