100 2637 4.3589
52 62 34.5826
82 92 24.3631
31 41 72.267
1 11 88.9456
19 29 67.8646
1 11 91.1509
28 38 58.6373
9 19 86.9855
59 69 40.8704
45 55 60.8182
96 100 37.037
12 22 77.0217
38 48 50.2199
7 17 83.0231
30 40 74.0598
2 12 89.0268
63 73 46.0864
29 39 67.6325
31 41 65.7607
5 15 88.9287
16 26 65.2395
70 80 43.531
56 66 43.9304
82 92 46.2101
92 100 41.1997
30 40 63.4858
62 72 39.7265
68 78 29.3071
64 74 40.8526
81 91 13.2132
43 53 69.2291
64 74 36.3416
23 33 58.5332
2 12 85.1634
44 54 42.951
93 100 23.4353
84 94 24.7964
21 31 70.2881
3 13 83.0686
36 46 62.6916
1 11 89.1174
2 12 90.6209
45 55 70.3468
60 70 56.343
72 82 29.8804
26 36 64.6046
75 85 32.6692
38 48 52.3177
15 25 80.1956
86 96 26.3015
98 100 17.4056
94 100 14.5848
12 22 78.9183
19 29 82.1978
5 15 89.7472
7 17 82.6299
21 31 74.2923
38 48 65.4449
8 18 85.1209
73 83 43.8112
15 25 75.9129
3 13 84.7247
51 61 45.7463
12 22 81.3784
94 100 25.4419
54 64 39.9854
45 55 42.1513
74 84 52.062
42 52 45.7328
86 96 45.3656
38 48 64.6738
99 100 7.235
38 48 69.0744
15 25 77.0234
2 12 90.52
93 100 38.9713
25 35 61.5283
45 55 48.8307
88 98 44.3583
80 90 41.4453
61 71 48.6827
64 74 60.879
37 47 54.3493
7 17 83.5579
12 22 71.3298
14 24 78.0555
67 77 44.7186
93 100 20.4006
12 22 73.1093
2 12 86.0924
74 84 40.9165
43 53 39.83
1 11 87.5853
83 93 20.3031
69 79 57.4261
77 87 22.71
17 27 80.6961
51 61 50.7842
60 70 25.5732
5 15 90.8076
