400 12108 4.3589
87 97 35.7006
60 70 18.3792
98 100 94.1404
53 63 11.7087
98 100 69.3956
45 55 18.2944
96 100 54.8859
20 30 7.6342
39 49 19.93
59 69 31.1487
26 36 3.4096
73 83 30.957
12 22 2.3077
74 84 46.1707
72 82 25.2124
22 32 7.2318
76 86 33.9318
61 71 31.4059
33 43 7.4294
91 100 38.6101
63 73 14.7118
67 77 23.8427
55 65 13.6515
27 37 6.2845
10 20 2.809
77 87 29.2346
89 99 54.0607
74 84 55.1306
74 84 20.5762
71 81 19.8586
50 60 19.0576
65 75 22.169
4 14 0.8688
75 85 34.498
54 64 33.3275
61 71 23.3328
63 73 44.7334
48 58 33.3137
85 95 42.7154
88 98 61.3966
68 78 49.8662
64 74 48.7372
55 65 21.0653
44 54 19.0096
58 68 19.9639
90 100 76.089
19 29 4.7694
20 30 2.5122
3 13 0.8037
14 24 2.3966
47 57 13.0993
60 70 22.7873
83 93 56.301
28 38 6.8001
89 99 44.5156
79 89 21.3435
43 53 9.55
51 61 10.5145
25 35 12.0965
54 64 23.3888
28 38 7.9124
85 95 67.1957
40 50 22.8159
60 70 25.1763
59 69 28.7468
98 100 29.9089
51 61 23.6926
42 52 15.217
4 14 1.5891
33 43 7.9332
43 53 20.8237
40 50 16.7085
96 100 40.0259
67 77 34.3924
81 91 39.343
53 63 21.1122
1 11 0.3399
70 80 54.6698
100 100 71.4617
21 31 2.4558
6 16 1.4237
88 98 84.7504
37 47 10.9369
34 44 13.3298
29 39 9.5555
58 68 15.6325
74 84 57.7767
10 20 2.0684
59 69 17.225
69 79 38.2802
88 98 32.4695
84 94 61.5738
35 45 8.0957
90 100 40.169
69 79 61.5801
41 51 12.1369
46 56 22.4297
58 68 25.008
73 83 17.7283
48 58 31.0193
46 56 8.527
16 26 4.3962
2 12 0.6126
42 52 14.1376
15 25 1.9188
1 11 1.0233
74 84 29.9592
23 33 5.1044
23 33 6.5874
19 29 3.3978
73 83 17.4081
31 41 16.4787
45 55 20.0373
13 23 3.5194
97 100 34.7899
85 95 58.6327
62 72 29.9778
4 14 1.1462
96 100 35.3478
58 68 22.5568
99 100 84.2632
83 93 24.2852
89 99 37.9604
90 100 25.1713
43 53 16.9835
14 24 2.0503
80 90 78.7621
73 83 21.2116
40 50 21.486
5 15 2.0312
37 47 13.3386
39 49 21.0241
29 39 14.0498
79 89 23.7725
6 16 2.0432
71 81 39.9639
29 39 10.7617
40 50 20.2527
63 73 44.8378
30 40 11.3313
33 43 13.5122
32 42 11.8639
49 59 17.6652
84 94 29.7363
9 19 1.8764
36 46 7.3653
77 87 53.1878
30 40 7.714
60 70 29.6458
12 22 1.6724
60 70 39.3242
14 24 1.4496
11 21 2.7983
54 64 33.8328
89 99 81.7939
96 100 65.9945
98 100 58.9471
5 15 1.6422
6 16 1.6063
26 36 4.0036
94 100 62.4226
14 24 4.2238
11 21 2.2452
69 79 40.5591
41 51 8.2323
24 34 11.3347
47 57 9.0096
30 40 11.7334
5 15 2.0727
59 69 33.8154
81 91 59.5027
42 52 26.0243
85 95 25.6238
100 100 28.4206
94 100 53.4069
65 75 42.7978
29 39 12.2612
78 88 52.4509
40 50 10.9886
1 11 0.3361
13 23 3.331
62 72 36.743
91 100 52.4205
71 81 18.2628
43 53 8.8774
35 45 14.7233
26 36 10.1474
79 89 76.0785
42 52 21.953
74 84 58.0004
58 68 14.8587
83 93 30.3678
1 11 0.3357
77 87 63.3489
46 56 29.945
97 100 34.605
53 63 25.3804
63 73 29.8258
97 100 80.3838
35 45 6.5127
12 22 2.224
23 33 4.1894
10 20 2.262
23 33 10.1404
24 34 9.4759
5 15 0.752
97 100 84.0632
5 15 1.7862
58 68 26.1663
52 62 15.5023
80 90 30.7559
19 29 4.6397
76 86 43.7331
98 100 45.6017
77 87 19.7251
25 35 11.0862
71 81 19.3187
51 61 31.1331
36 46 18.5761
55 65 36.6558
6 16 1.6185
5 15 2.1818
68 78 40.4852
33 43 9.8376
42 52 16.4682
94 100 34.4381
54 64 12.9147
89 99 75.3146
39 49 10.5002
9 19 1.3417
26 36 3.51
84 94 24.4036
25 35 7.8888
2 12 0.9942
99 100 78.5421
3 13 0.7261
85 95 49.8676
46 56 15.9201
57 67 12.9269
54 64 12.1822
41 51 20.1027
28 38 14.0393
86 96 44.3569
10 20 1.9438
49 59 19.9952
81 91 39.04
6 16 2.3486
69 79 41.9632
39 49 7.0252
43 53 7.6469
55 65 19.2028
4 14 0.6722
68 78 32.3863
88 98 50.6816
69 79 16.0745
59 69 36.1201
24 34 5.5814
28 38 9.2234
35 45 5.76
55 65 33.0349
3 13 0.8503
28 38 11.6766
19 29 2.5338
21 31 5.8622
42 52 9.6286
81 91 71.885
87 97 44.5249
67 77 55.1395
34 44 7.4055
79 89 47.9542
8 18 2.1374
66 76 50.3802
83 93 71.2724
44 54 8.5586
48 58 8.4547
25 35 9.4286
63 73 16.5324
13 23 3.6925
79 89 55.0312
29 39 12.6132
38 48 7.4764
57 67 33.791
38 48 15.4693
81 91 64.9846
50 60 22.858
20 30 2.576
60 70 46.0227
82 92 55.7068
10 20 1.2388
63 73 22.1577
77 87 29.1978
65 75 22.4572
28 38 7.1246
39 49 13.1414
97 100 39.0638
83 93 50.5706
95 100 81.3514
87 97 51.5409
58 68 30.1862
70 80 30.359
76 86 56.8622
16 26 3.0583
10 20 3.9752
68 78 26.1193
69 79 49.6475
60 70 19.2396
93 100 90.1398
46 56 24.1602
29 39 11.2795
45 55 19.9219
98 100 52.5625
38 48 6.4186
71 81 35.9077
14 24 2.6962
73 83 66.8928
76 86 66.0254
81 91 41.618
23 33 5.6739
55 65 33.5681
98 100 51.7306
44 54 9.9005
94 100 38.0837
80 90 22.0956
48 58 10.1882
77 87 28.7092
9 19 1.1406
100 100 47.4115
24 34 5.1329
63 73 15.5441
21 31 8.073
69 79 54.8266
44 54 13.3846
92 100 27.0119
8 18 1.4619
92 100 50.0613
40 50 9.0384
58 68 42.6122
59 69 18.1655
94 100 42.5247
96 100 33.3645
12 22 3.9498
29 39 9.0703
65 75 53.8052
42 52 8.7883
71 81 35.3549
74 84 22.7319
40 50 10.8926
73 83 17.7106
66 76 18.0073
3 13 0.6033
40 50 19.3943
41 51 20.17
54 64 35.3799
80 90 80.1168
62 72 35.7831
3 13 1.1668
18 28 2.8615
48 58 31.0216
38 48 6.3428
55 65 35.7891
21 31 3.5111
16 26 2.304
81 91 49.0238
57 67 32.5196
31 41 12.4101
17 27 3.8813
43 53 12.0728
3 13 0.6315
76 86 55.7412
63 73 16.6244
78 88 38.8465
27 37 8.7368
45 55 18.2902
43 53 9.2325
34 44 16.5665
77 87 69.3389
44 54 18.0693
5 15 1.6913
97 100 90.0127
41 51 17.2906
13 23 1.9608
64 74 44.16
62 72 25.3724
64 74 21.1352
24 34 7.2619
100 100 95.4021
84 94 42.1305
4 14 1.5806
25 35 4.0836
3 13 1.3195
23 33 8.027
80 90 64.2819
38 48 13.7879
11 21 1.3542
73 83 29.6295
57 67 14.3474
56 66 14.3694
22 32 9.3979
75 85 28.3173
66 76 22.856
