900 27031 9.9499
18 28 3.2041
9 19 3.0927
51 61 28.3886
39 49 14.8248
72 82 64.7735
44 54 27.2056
43 53 25.3865
91 100 38.7569
67 77 48.1678
19 29 4.5604
70 80 26.5555
87 97 40.1817
94 100 39.3919
59 69 24.6115
60 70 17.6745
40 50 8.7114
59 69 43.556
70 80 51.7076
63 73 29.9537
14 24 2.9094
58 68 24.8243
59 69 46.2074
100 100 38.0812
33 43 15.5197
78 88 26.5174
7 17 1.6884
92 100 77.171
85 95 42.8423
13 23 4.9288
17 27 2.1786
30 40 4.5924
76 86 46.6107
39 49 9.9685
10 20 2.6034
3 13 0.6392
41 51 14.9545
96 100 52.2584
78 88 50.2114
71 81 23.6926
51 61 9.6224
42 52 7.6176
70 80 57.8801
11 21 2.5122
27 37 5.5975
80 90 51.6774
85 95 74.9108
77 87 28.5466
70 80 62.23
10 20 1.4307
43 53 11.6261
86 96 75.2053
52 62 12.8157
85 95 79.4006
33 43 17.6551
51 61 11.5308
20 30 6.2675
35 45 5.4981
7 17 2.8295
26 36 9.3685
64 74 36.0096
94 100 32.1512
89 99 32.3351
43 53 19.5108
11 21 2.3217
89 99 33.6667
3 13 0.7401
66 76 27.5835
85 95 70.792
63 73 42.3918
19 29 2.3409
32 42 13.5365
44 54 13.1182
16 26 2.1518
34 44 8.7924
14 24 2.3642
16 26 4.3289
70 80 44.7615
6 16 2.0892
89 99 76.9392
69 79 34.8289
10 20 1.2038
78 88 33.1361
75 85 21.4767
74 84 42.0124
39 49 8.5662
27 37 8.6401
31 41 5.6806
90 100 39.9753
16 26 5.2909
57 67 27.3571
16 26 4.0156
80 90 70.9874
53 63 34.1278
85 95 39.8413
10 20 1.6755
15 25 3.8683
2 12 1.1177
36 46 11.6479
63 73 45.8491
63 73 51.817
16 26 3.2062
27 37 8.2927
81 91 54.8311
37 47 19.7491
79 89 56.6015
69 79 26.8531
92 100 83.4062
42 52 18.8825
89 99 78.204
6 16 1.2113
30 40 13.7189
58 68 18.5563
41 51 7.6629
47 57 22.5435
91 100 48.2664
45 55 13.8831
68 78 53.1645
46 56 17.9606
57 67 11.8315
84 94 29.0974
74 84 34.1512
82 92 49.2734
12 22 2.4923
37 47 13.3459
20 30 4.3168
1 11 0.9291
95 100 64.2835
80 90 42.041
53 63 19.2291
51 61 28.6675
79 89 31.2872
45 55 10.8827
29 39 10.5196
47 57 24.1808
12 22 4.1779
78 88 62.7232
21 31 5.0432
59 69 19.3864
74 84 18.0277
84 94 25.9346
69 79 56.313
95 100 45.3899
96 100 94.3482
80 90 47.179
43 53 13.2183
26 36 9.6069
35 45 10.1029
98 100 77.7324
10 20 2.7573
99 100 69.6824
65 75 33.5843
8 18 1.6703
29 39 13.8265
60 70 24.8831
20 30 4.2531
58 68 42.4517
57 67 39.5402
81 91 55.589
96 100 52.1284
39 49 12.278
20 30 2.6228
8 18 0.9754
27 37 4.3218
21 31 8.9001
15 25 5.3504
77 87 26.2267
45 55 17.0462
77 87 39.549
72 82 40.5896
33 43 8.8572
34 44 15.1695
77 87 54.2948
92 100 95.9146
24 34 3.1368
50 60 10.6824
85 95 60.2486
9 19 2.9608
99 100 63.4635
71 81 42.4791
77 87 36.2127
33 43 5.6302
9 19 1.4118
38 48 18.2141
100 100 99.365
14 24 5.7466
80 90 52.7831
36 46 8.8417
70 80 41.0958
43 53 23.3405
77 87 28.9293
15 25 3.6622
3 13 1.2419
19 29 3.0081
77 87 58.7492
58 68 43.3952
13 23 5.1638
17 27 4.5852
59 69 28.8509
10 20 1.3792
76 86 34.2073
18 28 3.7663
96 100 45.0013
43 53 13.408
1 11 0.5705
75 85 49.0042
29 39 8.4803
28 38 6.7029
88 98 71.685
87 97 68.084
29 39 7.8714
37 47 21.9614
44 54 19.0113
83 93 45.8668
83 93 70.5482
70 80 18.774
16 26 4.6678
39 49 11.2352
62 72 16.6048
89 99 35.2658
26 36 5.0073
34 44 13.4799
86 96 58.0172
75 85 24.3315
90 100 44.5743
89 99 47.5714
23 33 3.9944
13 23 3.0144
38 48 7.4748
72 82 50.1349
59 69 26.9652
66 76 45.7909
4 14 0.8134
87 97 26.9828
28 38 8.1567
79 89 67.5668
77 87 69.908
27 37 10.7479
1 11 0.5579
13 23 2.2692
23 33 10.066
97 100 86.5979
89 99 30.9025
31 41 10.247
75 85 21.8771
12 22 1.864
62 72 47.8546
10 20 1.0492
81 91 79.4024
97 100 45.9752
5 15 1.8493
60 70 23.164
29 39 6.0812
63 73 24.1012
77 87 34.4827
29 39 4.4863
68 78 53.1004
41 51 12.1431
56 66 36.6207
3 13 1.3299
91 100 25.6948
97 100 39.1038
66 76 19.8007
84 94 22.1907
41 51 12.878
23 33 5.6245
15 25 2.9388
19 29 4.1027
82 92 29.875
100 100 62.8326
18 28 3.162
61 71 14.2061
19 29 2.3771
48 58 11.2192
57 67 20.0865
38 48 11.9903
77 87 49.0714
50 60 17.8599
32 42 7.5856
82 92 25.1733
34 44 14.2257
35 45 15.5141
43 53 22.709
95 100 52.3351
15 25 3.6561
45 55 24.3888
85 95 24.058
12 22 2.0082
67 77 39.2841
2 12 0.8928
22 32 5.3639
67 77 27.7044
28 38 4.2514
54 64 21.3028
23 33 4.8559
25 35 9.2885
32 42 11.3098
38 48 21.0131
23 33 4.896
68 78 34.7947
30 40 6.3595
63 73 41.8221
70 80 36.1213
57 67 12.7363
47 57 17.9005
29 39 11.5648
28 38 6.5813
34 44 7.6508
39 49 6.5485
24 34 9.9093
23 33 4.0349
4 14 1.1898
7 17 2.6824
13 23 4.5178
55 65 28.3013
49 59 33.5021
91 100 86.1165
62 72 18.6054
68 78 18.2286
20 30 7.5829
63 73 50.6916
15 25 5.5526
56 66 27.9566
32 42 9.7725
25 35 10.1672
21 31 9.1385
24 34 9.3856
6 16 1.1421
88 98 72.1616
22 32 9.5964
38 48 6.7392
42 52 19.1932
60 70 44.9168
33 43 14.5977
13 23 3.1386
92 100 79.6289
87 97 41.9723
52 62 12.2689
49 59 9.6958
6 16 1.2025
38 48 18.2842
72 82 56.0776
99 100 70.3686
53 63 21.5018
4 14 1.1492
99 100 82.8064
10 20 1.1638
42 52 16.3313
66 76 22.0844
67 77 34.4076
4 14 1.2461
90 100 28.1802
23 33 4.7298
97 100 53.9916
84 94 44.6037
59 69 36.1935
42 52 19.1249
93 100 41.5625
35 45 5.1765
84 94 57.8117
30 40 5.2372
42 52 21.1876
76 86 62.0377
57 67 18.9225
30 40 15.3358
40 50 12.0958
57 67 31.9847
28 38 4.2337
48 58 30.7548
50 60 23.9953
37 47 12.1976
91 100 54.342
100 100 80.9658
65 75 53.7216
55 65 11.3239
71 81 27.0712
67 77 30.3392
54 64 28.4494
2 12 1.0644
9 19 1.7705
36 46 8.0469
93 100 31.2537
58 68 46.134
35 45 5.076
82 92 31.1855
3 13 1.4299
35 45 9.2854
55 65 38.8303
27 37 9.842
25 35 10.7978
26 36 11.6691
46 56 9.3605
70 80 59.1407
96 100 41.8169
64 74 19.5117
66 76 37.2881
78 88 32.826
14 24 5.4873
64 74 31.6598
55 65 20.9782
7 17 0.9555
24 34 11.5478
22 32 3.1389
16 26 3.3559
13 23 4.8943
83 93 36.1778
7 17 1.3666
65 75 27.8415
95 100 93.6482
35 45 9.5333
20 30 5.455
4 14 1.5237
80 90 47.002
33 43 7.5092
33 43 6.2485
70 80 21.4452
32 42 11.926
64 74 33.3992
84 94 26.6091
69 79 61.2979
100 100 34.1909
79 89 73.6198
26 36 10.157
51 61 19.6373
97 100 47.8103
82 92 28.6043
42 52 6.9907
82 92 61.3496
76 86 28.2386
84 94 71.465
89 99 78.4305
68 78 43.7238
55 65 32.4957
82 92 58.2215
39 49 8.924
10 20 1.6205
50 60 21.9905
31 41 5.1629
48 58 20.2293
17 27 5.4373
74 84 64.3926
3 13 0.8666
42 52 23.1948
72 82 65.1523
75 85 42.1149
41 51 11.0616
56 66 27.6403
83 93 22.407
97 100 55.0208
63 73 25.7962
86 96 35.6636
10 20 1.9606
63 73 27.7487
54 64 20.588
63 73 27.6024
59 69 27.1733
56 66 31.9892
22 32 9.4126
3 13 0.4331
81 91 69.9866
3 13 0.8292
38 48 5.8627
43 53 25.6421
52 62 19.6346
51 61 9.7875
98 100 95.7893
64 74 26.1857
92 100 70.5802
77 87 66.5497
17 27 5.634
95 100 48.2191
50 60 18.8078
23 33 4.1988
70 80 19.5417
38 48 18.5089
69 79 15.9041
99 100 30.7792
69 79 46.1571
100 100 52.2411
58 68 41.4234
94 100 45.7003
30 40 13.5645
78 88 40.9754
47 57 12.5649
55 65 17.066
76 86 20.0856
13 23 4.9164
14 24 1.8491
4 14 0.5013
51 61 21.3001
6 16 0.9864
63 73 19.273
57 67 28.362
18 28 4.1722
20 30 6.7782
92 100 28.1908
75 85 67.4189
19 29 4.2378
54 64 13.2882
53 63 14.7494
80 90 77.8771
34 44 6.2861
49 59 30.9759
50 60 27.04
37 47 9.2428
62 72 21.3731
32 42 11.1016
39 49 21.5296
90 100 32.4273
88 98 86.4547
33 43 10.7217
9 19 3.3852
52 62 25.3351
59 69 27.5394
96 100 53.3075
5 15 0.9876
50 60 20.8529
66 76 17.152
95 100 92.2022
65 75 20.2527
63 73 21.5138
91 100 62.4037
39 49 16.4341
81 91 56.8938
64 74 31.5159
96 100 69.2424
63 73 38.0985
43 53 15.303
82 92 32.1909
67 77 17.9963
73 83 40.7695
79 89 42.8737
3 13 1.303
22 32 4.3907
87 97 69.9013
86 96 77.6672
4 14 0.9407
54 64 11.8556
77 87 34.3607
77 87 50.4327
60 70 18.1519
55 65 15.4473
83 93 71.2944
3 13 0.639
49 59 29.6426
71 81 32.9637
46 56 8.7942
76 86 25.8145
86 96 26.8428
84 94 80.8327
21 31 9.5104
8 18 1.194
88 98 69.0428
9 19 1.9589
55 65 15.3405
3 13 1.225
26 36 6.919
33 43 18.0574
2 12 1.2744
98 100 49.869
19 29 3.9347
45 55 14.9877
23 33 9.3428
78 88 47.1516
51 61 16.2473
74 84 34.8478
53 63 13.9921
86 96 56.4842
77 87 60.5953
32 42 7.7646
90 100 61.0899
58 68 15.5078
73 83 67.8202
31 41 4.61
50 60 33.2814
92 100 91.7343
63 73 23.9669
90 100 47.109
49 59 29.8619
88 98 62.4527
30 40 11.8288
60 70 15.749
4 14 0.6282
11 21 1.9204
45 55 12.8064
60 70 21.9211
6 16 1.7908
67 77 20.8685
16 26 2.8453
88 98 28.5958
51 61 16.8034
85 95 86.7972
23 33 10.8847
16 26 1.8676
62 72 25.5955
91 100 65.7234
16 26 1.7345
63 73 30.8891
61 71 16.3054
25 35 3.7516
5 15 0.6111
65 75 32.5322
27 37 9.1942
74 84 35.159
67 77 22.153
14 24 1.6251
76 86 24.4787
46 56 8.0361
22 32 7.7562
17 27 3.6016
77 87 23.5351
28 38 8.881
97 100 83.7298
73 83 58.3497
35 45 19.0113
49 59 22.0027
91 100 52.6902
76 86 22.5863
92 100 49.5391
74 84 62.8643
68 78 52.7962
10 20 1.2319
43 53 10.1379
61 71 26.6803
30 40 6.8158
11 21 3.6157
39 49 11.1362
77 87 46.5219
6 16 1.552
86 96 75.537
90 100 82.47
2 12 0.9602
62 72 25.8288
29 39 7.501
8 18 1.3315
25 35 3.7617
8 18 1.5793
2 12 0.7064
13 23 4.4635
35 45 6.3645
93 100 88.236
72 82 31.5833
1 11 0.464
29 39 14.6375
6 16 2.4093
88 98 25.4117
6 16 0.8972
99 100 40.969
68 78 53.8213
5 15 1.6718
60 70 47.4253
26 36 3.9784
58 68 30.2104
34 44 17.1487
38 48 5.9263
42 52 15.6199
83 93 28.142
55 65 10.8913
72 82 28.5947
69 79 39.0288
26 36 8.4367
97 100 84.2155
44 54 26.6597
42 52 10.4039
78 88 73.8259
16 26 5.4326
94 100 96.2557
64 74 44.8525
19 29 5.2231
45 55 27.1868
94 100 69.086
29 39 4.1294
50 60 32.5219
71 81 57.4306
75 85 31.6159
71 81 61.2901
14 24 3.7427
86 96 50.2454
74 84 25.9865
97 100 38.7257
2 12 1.4154
96 100 99.3491
77 87 75.2955
20 30 5.0391
38 48 8.261
45 55 22.0167
72 82 47.6652
14 24 4.2247
82 92 44.4369
99 100 52.8093
63 73 18.8087
62 72 29.4816
20 30 5.6825
75 85 71.0801
23 33 5.2712
64 74 32.5356
31 41 8.0021
19 29 3.8699
44 54 7.4731
75 85 29.133
71 81 53.6102
67 77 16.8543
71 81 51.5467
90 100 59.1761
94 100 34.7498
77 87 61.7969
25 35 7.8411
18 28 6.8817
89 99 43.7807
73 83 56.4151
5 15 1.4192
94 100 25.0831
100 100 51.0839
86 96 52.6902
1 11 1.1868
23 33 6.255
49 59 20.5562
95 100 43.6181
90 100 28.2854
4 14 1.8651
44 54 13.0675
6 16 1.8507
87 97 56.8034
41 51 12.4221
30 40 8.6224
22 32 4.1104
34 44 9.7881
89 99 82.8464
29 39 11.6533
13 23 2.1231
90 100 30.0282
47 57 27.1378
94 100 34.5051
40 50 9.1349
66 76 48.7721
79 89 19.8845
19 29 3.75
89 99 28.9627
92 100 65.2605
81 91 75.2261
40 50 16.2925
24 34 5.3222
76 86 19.6639
74 84 51.6602
3 13 0.8647
6 16 0.7506
76 86 25.6441
52 62 23.1717
6 16 0.8409
72 82 47.9972
11 21 1.6165
58 68 45.3912
70 80 42.8174
40 50 14.4157
38 48 20.9553
80 90 20.7881
12 22 4.0929
77 87 26.7527
80 90 43.9211
18 28 5.2281
23 33 5.1779
17 27 4.1968
3 13 0.993
32 42 12.1431
10 20 3.8912
51 61 17.1007
18 28 4.6704
6 16 1.0839
58 68 17.4123
71 81 50.2256
78 88 38.5281
20 30 3.9641
16 26 1.7854
61 71 20.7453
58 68 39.1989
84 94 46.3421
78 88 47.8269
49 59 32.8444
54 64 29.7494
63 73 53.1572
85 95 34.6768
78 88 43.3741
50 60 22.5939
41 51 10.5216
21 31 7.6668
94 100 38.7867
64 74 34.6085
67 77 59.1499
99 100 29.5512
8 18 1.2665
67 77 43.6075
64 74 17.0503
51 61 22.252
19 29 6.3353
2 12 1.4273
24 34 5.4662
72 82 45.5558
11 21 3.151
66 76 14.9313
20 30 5.3213
44 54 19.8256
12 22 1.2573
28 38 14.4271
70 80 27.4377
10 20 1.2753
57 67 39.1663
77 87 21.23
14 24 1.7371
86 96 72.2109
85 95 81.3839
52 62 15.7141
40 50 22.8092
37 47 8.2432
29 39 8.2754
99 100 90.6856
93 100 83.5542
56 66 13.8659
58 68 19.5815
52 62 33.5183
14 24 3.6344
18 28 6.8859
11 21 2.3022
45 55 14.4271
23 33 7.228
79 89 29.2248
81 91 34.8029
87 97 28.7532
18 28 5.8264
15 25 5.5649
74 84 45.626
49 59 26.2574
56 66 12.6871
17 27 2.4177
27 37 6.8508
48 58 16.7985
24 34 5.7811
80 90 32.4638
54 64 11.6636
69 79 56.5519
69 79 50.0613
50 60 13.6641
95 100 60.2238
74 84 50.5507
61 71 18.7247
47 57 14.6237
21 31 3.2548
34 44 13.2955
72 82 40.2641
41 51 23.9757
32 42 4.5672
92 100 26.8251
2 12 1.0568
89 99 36.3947
22 32 5.6811
6 16 2.3265
24 34 3.2009
9 19 1.2014
25 35 10.7282
63 73 37.3761
31 41 8.1157
18 28 3.618
100 100 86.0126
3 13 0.9124
12 22 1.6266
14 24 4.8277
65 75 16.6897
63 73 30.8702
47 57 18.2551
91 100 43.1715
19 29 3.295
98 100 27.9111
44 54 7.8008
35 45 12.6394
95 100 37.6027
46 56 21.1959
68 78 42.3931
37 47 6.1867
13 23 3.5925
60 70 19.6019
43 53 17.2956
4 14 1.8523
96 100 72.4916
42 52 8.1802
73 83 29.332
48 58 19.9219
22 32 3.7524
82 92 33.8538
63 73 32.3454
43 53 17.1007
4 14 0.9174
72 82 22.3918
48 58 29.6742
3 13 0.5513
82 92 55.8532
95 100 39.348
11 21 3.8872
19 29 2.8852
34 44 17.6669
71 81 50.8013
64 74 34.9387
38 48 6.0452
