900 27491 4.3589
63 73 41.0868
82 92 33.346
26 36 69.7943
98 100 21.8799
69 79 46.9266
46 56 50.3007
83 93 39.6976
45 55 68.1153
77 87 23.8681
57 67 39.5427
45 55 56.4121
30 40 49.5292
43 53 54.6742
8 18 89.1721
92 100 45.7977
65 75 21.8266
13 23 74.1648
80 90 30.7725
4 14 81.1495
25 35 61.3966
36 46 55.0638
78 88 26.5555
25 35 55.91
84 94 27.3602
90 100 47.621
84 94 12.3855
34 44 61.0133
37 47 56.3205
97 100 19.9077
100 100 16.1307
85 95 21.2761
50 60 55.7397
81 91 39.554
87 97 21.2235
64 74 32.9579
18 28 82.1869
17 27 84.199
52 62 42.9405
2 12 91.1739
96 100 21.998
37 47 71.0261
98 100 30.0337
76 86 56.1181
48 58 44.589
54 64 34.9104
50 60 56.9436
59 69 30.206
7 17 87.3832
29 39 67.3992
70 80 28.6642
65 75 31.0383
47 57 47.8103
75 85 35.0689
4 14 92.4098
2 12 90.8457
41 51 54.8355
91 100 34.308
6 16 85.348
32 42 57.6051
35 45 59.09
3 13 81.7758
85 95 34.2213
81 91 23.7344
21 31 75.6065
16 26 87.1404
80 90 14.5313
65 75 31.535
98 100 25.8847
66 76 48.3164
40 50 55.0208
12 22 87.9731
13 23 80.0059
44 54 61.5738
68 78 38.3062
56 66 40.6024
43 53 46.1326
45 55 47.3564
15 25 76.848
75 85 42.769
83 93 44.7615
12 22 79.4184
18 28 80.0059
86 96 11.2198
34 44 70.9452
21 31 72.4507
81 91 32.3329
88 98 52.2165
79 89 14.8487
6 16 87.1926
56 66 50.0061
51 61 31.2593
67 77 25.6188
52 62 52.3713
18 28 75.332
26 36 78.6485
40 50 57.8178
60 70 29.5175
85 95 21.3832
96 100 25.8521
47 57 70.2311
29 39 71.438
6 16 81.8283
94 100 29.4078
82 92 36.6279
41 51 60.5035
2 12 89.9804
67 77 41.4414
100 100 29.3179
27 37 68.0642
99 100 20.1951
70 80 24.1386
24 34 70.8324
95 100 45.2673
89 99 43.2898
26 36 73.8998
84 94 28.2918
56 66 64.2579
67 77 34.5074
84 94 19.8577
35 45 52.4089
94 100 25.7161
66 76 33.538
49 59 56.9029
98 100 19.3591
65 75 38.9988
86 96 28.4366
33 43 68.8303
26 36 63.7299
45 55 53.9578
66 76 33.9889
85 95 47.245
95 100 23.139
85 95 36.3947
93 100 37.9752
32 42 68.993
23 33 71.0716
99 100 18.2902
73 83 36.4502
64 74 47.5672
5 15 86.1797
61 71 60.6436
53 63 50.4214
45 55 50.1476
70 80 37.6468
2 12 89.074
4 14 91.5466
31 41 74.0615
10 20 81.9459
57 67 41.9891
20 30 72.616
86 96 24.113
28 38 76.9585
77 87 22.7357
82 92 55.4816
1 11 90.0297
2 12 83.0504
3 13 86.0164
36 46 65.3834
96 100 16.0136
77 87 29.0381
9 19 85.3074
14 24 80.235
59 69 57.3291
24 34 67.0221
96 100 22.7758
87 97 27.5016
26 36 69.6056
40 50 44.4356
86 96 14.8664
48 58 61.9117
4 14 87.1124
1 11 89.5219
43 53 60.7589
24 34 76.1221
93 100 30.6783
55 65 57.3503
67 77 59.9835
2 12 87.3664
96 100 51.7479
25 35 66.553
21 31 73.9531
49 59 60.4226
49 59 29.1039
92 100 30.9648
11 21 86.7674
66 76 55.6412
24 34 77.2518
82 92 23.5943
25 35 63.0563
76 86 33.9563
22 32 56.34
26 36 78.4128
5 15 79.9093
32 42 72.1022
84 94 35.8873
25 35 68.0229
50 60 38.4648
9 19 81.8989
40 50 52.2093
68 78 39.3731
16 26 77.7289
80 90 14.7617
46 56 49.0448
54 64 57.1158
100 100 22.6281
31 41 63.5879
54 64 55.8562
43 53 43.5257
65 75 43.6683
83 93 37.5352
26 36 69.1575
84 94 38.1158
4 14 90.5581
8 18 88.3337
37 47 71.2741
68 78 33.472
40 50 48.5293
42 52 69.1159
41 51 61.723
100 100 24.296
91 100 26.2011
81 91 49.4715
89 99 48.0388
53 63 40.2527
24 34 70.925
4 14 88.874
99 100 40.1158
56 66 32.7356
34 44 64.5194
10 20 77.1745
64 74 41.4929
14 24 70.7432
23 33 70.6541
76 86 51.7767
48 58 57.2792
53 63 33.457
51 61 44.5343
42 52 61.4593
83 93 53.3207
69 79 50.0938
66 76 52.9999
30 40 55.9235
97 100 34.1851
75 85 49.4265
91 100 23.3434
92 100 26.0539
24 34 63.282
31 41 60.7386
47 57 48.2511
65 75 35.1127
17 27 79.5753
67 77 40.503
6 16 88.0144
5 15 86.9799
1 11 93.0472
21 31 77.396
16 26 74.139
78 88 39.9778
61 71 55.6859
13 23 85.655
74 84 31.1241
47 57 33.6203
57 67 62.7597
98 100 27.489
96 100 45.153
2 12 87.2543
93 100 31.7014
89 99 9.2173
25 35 66.8879
49 59 51.7968
76 86 34.6509
37 47 58.7599
96 100 8.5527
63 73 46.8212
20 30 63.0452
96 100 23.5254
65 75 28.7489
85 95 38.7133
49 59 47.4969
67 77 51.1497
63 73 49.3141
42 52 73.2222
61 71 55.7023
97 100 35.6361
91 100 19.4693
30 40 77.7254
64 74 51.9495
26 36 77.4294
80 90 34.8088
27 37 72.3282
63 73 34.6744
32 42 58.8795
85 95 42.0358
27 37 76.8778
71 81 18.4238
28 38 74.232
27 37 61.0664
25 35 71.0295
5 15 78.3225
44 54 65.5873
2 12 89.3857
53 63 46.1693
63 73 41.5522
66 76 54.0975
73 83 27.7529
53 63 32.4763
19 29 69.4706
87 97 20.0426
67 77 36.981
63 73 21.4378
40 50 43.0126
96 100 29.0607
21 31 77.1639
100 100 35.7771
14 24 80.5309
84 94 19.624
4 14 84.4726
2 12 87.5142
65 75 47.5231
70 80 56.5624
90 100 32.3295
15 25 82.4646
13 23 87.5254
44 54 50.1831
49 59 57.1219
44 54 44.6866
38 48 60.3216
57 67 64.4745
29 39 61.6555
84 94 53.1543
46 56 53.5868
86 96 25.3019
69 79 33.3171
18 28 78.1368
64 74 32.3079
34 44 70.6978
73 83 24.5689
5 15 86.8102
4 14 85.5995
46 56 52.9038
52 62 39.2089
64 74 23.538
41 51 51.6099
23 33 80.4753
66 76 23.506
11 21 76.9322
21 31 77.0076
94 100 34.9577
46 56 58.1879
31 41 61.2745
2 12 88.7665
74 84 24.8472
54 64 57.2353
82 92 44.277
46 56 59.0715
13 23 75.9826
98 100 32.4421
60 70 39.5075
41 51 62.2111
36 46 60.642
24 34 56.4316
60 70 61.082
58 68 35.1412
47 57 63.6118
48 58 38.0985
48 58 56.1196
23 33 61.179
65 75 51.051
91 100 50.2511
22 32 68.6429
89 99 41.4169
10 20 86.072
61 71 28.9713
17 27 68.6644
77 87 35.4073
38 48 68.3251
28 38 71.9409
50 60 53.3908
14 24 74.1373
97 100 31.8152
9 19 79.0037
79 89 34.3525
96 100 17.3522
59 69 39.279
4 14 84.7744
25 35 66.6493
76 86 41.7264
97 100 9.9244
40 50 54.1814
49 59 67.8531
45 55 43.8151
68 78 32.3124
88 98 37.3712
69 79 35.0038
34 44 73.1966
67 77 23.2247
76 86 54.4806
83 93 35.1981
75 85 28.6964
61 71 48.4917
8 18 87.8681
8 18 82.1325
88 98 26.6907
38 48 65.3769
77 87 34.9837
63 73 31.6294
40 50 73.8345
67 77 36.9166
82 92 32.555
85 95 35.7401
21 31 58.3238
35 45 69.0029
91 100 23.443
64 74 40.0411
19 29 71.1931
54 64 57.555
67 77 22.8302
90 100 20.5336
62 72 57.3352
58 68 56.8652
100 100 21.3638
7 17 84.2485
69 79 49.9962
18 28 78.2482
10 20 84.5425
82 92 30.5334
53 63 57.4761
38 48 46.3747
99 100 13.4682
90 100 37.6554
88 98 31.2135
83 93 29.5045
73 83 46.0824
32 42 63.3727
33 43 59.838
14 24 69.644
77 87 33.0361
52 62 49.7476
3 13 86.5533
23 33 69.9532
93 100 20.8904
94 100 20.7471
60 70 49.2734
70 80 51.9408
29 39 65.2266
1 11 88.5895
5 15 81.926
4 14 81.4597
23 33 57.5565
76 86 33.7607
7 17 84.4083
45 55 39.3342
79 89 30.5577
34 44 67.2908
24 34 72.1616
62 72 40.1652
36 46 51.6932
18 28 69.6056
38 48 41.0702
2 12 87.4524
20 30 80.9118
71 81 33.7677
43 53 69.4306
66 76 22.0834
3 13 92.1485
91 100 22.1483
4 14 86.0015
4 14 87.3496
95 100 23.0198
10 20 77.4206
32 42 51.9625
69 79 53.1135
98 100 15.9792
58 68 55.7994
1 11 84.0761
78 88 35.6206
23 33 68.9763
88 98 32.0107
18 28 83.2492
97 100 50.6844
50 60 45.9738
33 43 59.5027
80 90 28.2939
71 81 19.4922
54 64 63.1437
51 61 63.1548
37 47 51.3043
73 83 36.4997
40 50 63.2089
41 51 44.5303
54 64 51.4892
84 94 13.9936
71 81 32.5048
76 86 44.2398
58 68 55.4831
93 100 31.901
41 51 66.847
43 53 58.3727
4 14 83.3514
31 41 73.0615
96 100 17.2615
34 44 52.8078
11 21 73.8637
12 22 78.7692
76 86 30.4351
55 65 48.2733
20 30 77.5298
94 100 49.4279
49 59 66.0985
37 47 61.0492
32 42 59.954
15 25 82.1887
81 91 33.9423
52 62 42.7598
22 32 66.5595
12 22 75.1932
45 55 68.9979
73 83 35.6361
91 100 53.5282
49 59 55.2688
50 60 38.6959
63 73 42.6566
60 70 36.7515
73 83 39.3631
63 73 36.7115
30 40 58.0888
11 21 82.639
82 92 37.7684
14 24 78.3331
51 61 48.6716
10 20 82.9557
98 100 24.4174
89 99 32.1058
18 28 71.6207
70 80 29.2681
38 48 62.9372
31 41 66.1441
88 98 25.8989
11 21 78.9521
63 73 37.2063
18 28 74.2251
95 100 37.1271
34 44 70.1624
18 28 77.5069
89 99 22.1719
78 88 50.0627
66 76 41.782
86 96 42.4921
48 58 56.728
65 75 40.7159
58 68 50.3731
92 100 24.967
66 76 44.8485
63 73 43.589
41 51 70.3065
58 68 42.2513
69 79 57.8801
52 62 54.9704
81 91 25.3291
50 60 63.4858
57 67 44.7213
57 67 32.6269
100 100 31.2638
55 65 29.2075
76 86 41.7549
71 81 42.0812
67 77 38.5157
66 76 47.0541
96 100 25.4944
81 91 23.829
68 78 51.5065
4 14 88.2115
100 100 46.0132
31 41 66.297
20 30 70.4676
41 51 51.5984
6 16 85.1191
41 51 48.6185
68 78 32.0367
49 59 55.8981
80 90 34.2787
58 68 60.3449
68 78 43.7278
7 17 83.1817
52 62 58.7691
65 75 41.9891
19 29 66.2987
50 60 64.4504
1 11 84.7136
50 60 47.7702
85 95 36.185
50 60 45.8112
12 22 75.8362
13 23 70.1926
71 81 32.9958
61 71 57.5519
31 41 55.2004
95 100 15.3554
35 45 64.883
53 63 61.5142
31 41 64.6046
98 100 24.1543
42 52 44.9503
77 87 42.1032
51 61 51.1039
40 50 73.3883
74 84 28.4708
25 35 55.6068
41 51 55.4608
16 26 73.6215
95 100 40.7121
99 100 41.4839
95 100 26.7589
22 32 67.5437
58 68 45.6125
79 89 41.0996
42 52 49.0798
15 25 83.2675
20 30 66.1408
16 26 83.7609
36 46 65.6813
51 61 57.8452
8 18 87.6864
66 76 54.7319
38 48 44.8753
35 45 61.1086
67 77 45.4883
86 96 30.1873
13 23 81.3478
33 43 75.6274
75 85 19.7696
69 79 53.9534
50 60 58.2367
25 35 63.2613
72 82 36.3742
12 22 75.0025
75 85 25.4833
75 85 39.5842
90 100 25.6512
34 44 76.3561
68 78 28.7746
58 68 46.0213
22 32 73.5049
69 79 32.9361
49 59 58.4292
50 60 47.2216
24 34 80.1759
40 50 66.8175
55 65 27.1233
45 55 34.7392
73 83 24.7924
34 44 60.8728
42 52 63.4237
65 75 28.4654
7 17 80.4968
52 62 39.3443
28 38 72.0597
16 26 78.365
87 97 23.3105
50 60 35.8394
20 30 70.4475
78 88 50.2256
21 31 77.1973
10 20 84.896
94 100 27.2077
36 46 63.2232
76 86 15.3045
24 34 73.265
97 100 14.3088
91 100 13.3736
98 100 44.7173
50 60 45.4438
6 16 82.5481
8 18 83.6822
58 68 62.8246
65 75 44.8391
59 69 45.3858
96 100 33.5415
48 58 64.1233
52 62 61.767
24 34 67.0581
73 83 36.1165
9 19 88.0632
90 100 47.9556
24 34 76.0733
44 54 59.7606
26 36 72.1412
47 57 63.5432
78 88 46.1285
18 28 69.3073
63 73 48.8825
5 15 90.6133
78 88 59.855
64 74 26.4504
84 94 42.211
14 24 82.2323
66 76 44.0259
90 100 33.8375
32 42 72.2262
67 77 42.8056
20 30 74.0116
16 26 79.9665
36 46 69.5239
29 39 78.3738
43 53 57.9776
8 18 88.2416
11 21 80.2601
90 100 45.6962
82 92 47.0349
27 37 58.9978
85 95 37.5389
98 100 31.4665
58 68 60.1524
48 58 40.8308
9 19 82.3956
3 13 87.4693
40 50 70.713
34 44 67.7
61 71 39.1463
98 100 24.4985
23 33 71.4752
94 100 7.8624
34 44 59.2176
20 30 81.1927
86 96 7.4605
47 57 43.2872
70 80 49.5264
99 100 33.1661
84 94 28.8197
54 64 48.6548
100 100 51.7752
27 37 58.4858
53 63 41.6167
23 33 73.289
20 30 66.5921
77 87 27.7413
32 42 65.7121
14 24 86.0924
21 31 68.0048
48 58 49.3436
92 100 18.7065
4 14 83.6713
71 81 52.2165
62 72 37.4936
89 99 45.2458
60 70 30.2225
65 75 40.9037
7 17 84.0467
91 100 44.301
46 56 61.3794
52 62 53.5048
3 13 84.4193
12 22 80.9316
57 67 62.4542
82 92 38.4561
24 34 59.8472
79 89 48.2622
79 89 43.1268
14 24 80.1419
80 90 28.4857
26 36 76.075
80 90 49.9609
69 79 53.7817
99 100 30.6052
79 89 27.065
41 51 66.6623
10 20 82.089
96 100 21.8145
38 48 57.1113
84 94 44.3583
100 100 23.6585
90 100 52.3033
38 48 72.5614
12 22 80.7985
9 19 76.6763
69 79 31.4474
2 12 89.2685
58 68 48.4806
55 65 52.0822
36 46 55.5129
84 94 21.6011
6 16 86.3115
27 37 74.9038
67 77 23.0957
38 48 69.2623
92 100 33.3287
54 64 45.9033
31 41 58.9916
87 97 45.0268
73 83 20.6961
82 92 51.5984
80 90 13.5358
22 32 72.8292
82 92 31.1252
29 39 60.9555
69 79 18.1689
80 90 28.7017
4 14 85.8884
27 37 72.6415
59 69 47.5052
40 50 57.5656
75 85 35.5419
14 24 71.6596
63 73 33.1315
30 40 71.8494
66 76 45.4397
59 69 29.2713
30 40 64.6448
71 81 59.7003
70 80 17.5033
90 100 36.4683
95 100 14.7579
11 21 85.2446
83 93 36.024
73 83 48.6562
50 60 66.0839
84 94 31.8739
13 23 79.3881
23 33 60.3154
76 86 41.0817
64 74 42.6879
61 71 38.2493
59 69 40.6049
13 23 75.464
82 92 49.3562
45 55 44.3942
87 97 18.333
48 58 58.4047
46 56 63.4364
74 84 39.8843
68 78 20.3383
90 100 19.7705
53 63 54.6875
67 77 47.5148
73 83 38.2802
21 31 67.4829
31 41 73.5478
26 36 61.9983
3 13 86.6426
73 83 34.612
19 29 65.3737
6 16 87.4599
9 19 84.583
93 100 36.7927
13 23 70.8762
44 54 39.9007
79 89 30.947
81 91 24.9281
81 91 34.718
55 65 67.2728
27 37 80.149
2 12 87.8288
44 54 57.6202
32 42 64.941
80 90 19.5231
39 49 73.8311
60 70 53.4098
83 93 18.8616
86 96 15.3374
100 100 24.229
34 44 55.4563
80 90 28.3588
80 90 49.9792
92 100 44.8217
36 46 63.7938
80 90 53.1426
70 80 28.2737
67 77 51.5366
55 65 50.3192
82 92 32.5265
38 48 54.5102
94 100 32.5927
25 35 69.9816
76 86 37.6468
100 100 24.1936
36 46 65.9344
96 100 19.8203
74 84 23.326
47 57 60.4864
34 44 69.8478
73 83 26.793
6 16 87.5497
9 19 84.6437
4 14 83.3478
47 57 47.8684
80 90 45.8939
81 91 51.3129
45 55 67.2023
24 34 63.3919
6 16 87.0396
96 100 17.5754
3 13 88.6046
59 69 61.2259
28 38 69.6691
25 35 75.6309
8 18 79.0659
27 37 76.622
98 100 50.4526
20 30 68.9116
88 98 14.9382
