400 11752 4.3589
17 27 2.8571
60 70 31.1174
99 100 80.4968
1 11 0.3951
91 100 76.0646
43 53 15.9848
47 57 22.3096
84 94 31.9666
93 100 71.9833
44 54 17.2557
58 68 26.1755
22 32 6.3797
51 61 27.5363
29 39 6.3217
70 80 59.1361
9 19 3.5044
91 100 38.8677
87 97 38.502
4 14 0.6608
99 100 32.6795
22 32 7.0697
36 46 10.4924
87 97 85.6421
73 83 29.6186
80 90 39.12
60 70 44.5062
34 44 9.6342
73 83 27.7286
79 89 39.1788
22 32 9.0703
33 43 11.2755
88 98 33.0786
31 41 4.8934
45 55 29.4816
42 52 22.1907
72 82 39.4598
79 89 65.0716
5 15 1.3154
59 69 41.5728
53 63 15.375
90 100 54.4511
79 89 40.8232
41 51 9.2337
19 29 7.7568
45 55 28.4238
26 36 4.1743
21 31 3.156
53 63 16.1516
10 20 1.6669
70 80 25.7049
20 30 4.6393
18 28 3.1262
56 66 14.5176
72 82 40.5947
27 37 10.6929
87 97 79.2545
27 37 10.4678
14 24 1.4595
15 25 2.8298
5 15 0.796
71 81 42.2591
100 100 49.7505
27 37 9.5308
82 92 27.9926
81 91 30.4903
39 49 11.5818
9 19 3.5498
70 80 19.3292
16 26 5.1067
56 66 13.3291
38 48 6.1564
62 72 33.5565
41 51 23.6293
48 58 28.8315
7 17 2.3241
98 100 34.0601
37 47 10.0876
78 88 59.4163
17 27 5.2135
59 69 33.1223
19 29 3.8718
9 19 1.8193
9 19 1.1088
60 70 34.157
26 36 10.6975
12 22 3.7787
11 21 2.9423
100 100 76.5643
24 34 4.4952
25 35 8.446
38 48 9.0433
94 100 58.9563
97 100 43.9622
71 81 56.2455
38 48 22.336
87 97 70.2512
2 12 0.7725
1 11 1.1208
43 53 10.0375
56 66 13.9719
25 35 5.4499
51 61 11.8274
77 87 53.8389
22 32 3.5717
81 91 74.9783
14 24 1.7652
26 36 9.4323
72 82 55.7621
14 24 2.3333
59 69 47.1461
53 63 15.1851
5 15 1.4581
32 42 8.706
56 66 30.5378
94 100 48.8797
64 74 34.9517
66 76 29.9669
78 88 57.0206
12 22 2.2335
20 30 3.8134
42 52 9.8132
74 84 39.7808
4 14 0.8447
51 61 35.1673
25 35 8.8566
64 74 25.6157
57 67 19.3433
26 36 4.6143
12 22 2.4658
99 100 33.3934
18 28 5.6573
55 65 39.1851
10 20 3.4229
14 24 4.2218
25 35 3.4905
98 100 85.4164
82 92 74.5753
23 33 3.7041
94 100 36.6146
95 100 83.4738
12 22 4.7716
21 31 3.4876
60 70 17.2765
72 82 22.5663
89 99 50.4839
3 13 1.0729
19 29 7.9518
60 70 45.9047
56 66 13.5748
46 56 28.3333
87 97 39.4585
69 79 59.5521
1 11 1.0118
85 95 47.245
25 35 4.3052
66 76 52.6046
34 44 13.0242
14 24 5.0783
72 82 37.793
81 91 77.7659
35 45 13.9973
50 60 27.7413
75 85 57.1748
4 14 0.5298
7 17 2.3849
64 74 25.5136
64 74 34.0402
13 23 3.877
41 51 13.8935
94 100 40.6776
33 43 8.4722
68 78 40.0866
28 38 10.2163
81 91 74.0133
76 86 32.4832
2 12 0.4616
56 66 19.338
55 65 34.5532
72 82 66.5774
45 55 23.1332
65 75 34.212
51 61 19.601
97 100 65.0539
3 13 0.4714
10 20 2.0073
58 68 43.3319
74 84 51.5581
93 100 33.9365
23 33 4.3928
51 61 16.8059
51 61 35.3145
27 37 3.9908
95 100 73.7228
76 86 19.8524
38 48 15.6333
31 41 6.243
36 46 7.9203
58 68 12.3447
7 17 1.3398
41 51 7.6447
87 97 71.3518
96 100 87.96
100 100 47.519
74 84 31.3231
14 24 2.8423
87 97 80.0953
9 19 3.5544
75 85 25.2707
11 21 4.2222
90 100 45.1678
96 100 96.1714
46 56 11.7697
61 71 15.2772
10 20 1.4945
76 86 35.3513
13 23 1.729
3 13 1.2805
42 52 15.9065
82 92 80.1204
19 29 4.4314
15 25 2.2584
34 44 18.7324
27 37 3.647
5 15 0.9374
12 22 4.574
48 58 11.6431
73 83 36.4248
86 96 91.3057
22 32 3.1241
53 63 28.7403
95 100 25.555
18 28 5.5866
30 40 11.9502
14 24 4.5595
67 77 46.5602
91 100 70.9082
43 53 15.0373
36 46 14.064
29 39 6.3989
56 66 39.5729
35 45 6.3408
26 36 10.0457
68 78 21.301
83 93 45.4532
23 33 6.6198
40 50 20.5336
27 37 12.5097
68 78 41.2408
78 88 25.4591
38 48 6.2605
26 36 12.0687
93 100 66.8012
97 100 43.589
20 30 2.4233
19 29 6.0777
77 87 21.1646
58 68 28.3812
97 100 62.8611
63 73 44.565
73 83 25.028
91 100 92.1389
96 100 45.6381
51 61 24.8682
94 100 41.8337
53 63 32.2124
5 15 2.0495
18 28 5.6254
62 72 23.4392
89 99 36.9166
46 56 11.4758
12 22 2.2928
95 100 63.3998
27 37 8.8037
38 48 9.8069
44 54 13.0278
74 84 28.9702
44 54 24.6085
10 20 1.0741
13 23 2.106
54 64 23.6264
55 65 32.8352
40 50 21.9024
7 17 1.7921
71 81 27.6802
27 37 12.4277
22 32 6.2086
100 100 52.8674
93 100 27.7466
67 77 52.7991
27 37 11.9834
27 37 4.9093
73 83 25.3281
62 72 44.4062
58 68 24.682
17 27 2.3293
99 100 30.8236
86 96 70.8358
93 100 34.8053
75 85 24.3345
17 27 5.3264
18 28 3.9394
54 64 19.5744
14 24 1.7321
97 100 89.2364
68 78 32.9304
39 49 6.6983
56 66 13.5778
8 18 2.8083
71 81 44.9034
19 29 4.7132
92 100 80.8147
99 100 80.4465
80 90 50.5734
14 24 2.6775
43 53 24.8313
23 33 9.4053
97 100 25.6157
70 80 50.9767
58 68 18.8834
77 87 69.3123
53 63 11.1843
63 73 47.5603
82 92 66.5024
25 35 11.2634
55 65 40.4394
45 55 9.7781
93 100 38.3867
90 100 44.9906
90 100 40.8628
23 33 9.4384
96 100 59.0577
64 74 25.4238
3 13 0.7896
32 42 10.9012
60 70 28.3737
53 63 24.3523
96 100 38.7432
10 20 3.397
41 51 14.5321
79 89 25.027
10 20 2.3587
84 94 73.9187
53 63 10.7492
35 45 11.3125
14 24 2.4467
20 30 4.3932
42 52 23.0227
53 63 16.7756
6 16 2.3287
92 100 61.1289
16 26 5.8235
26 36 3.4181
81 91 75.4414
5 15 0.808
19 29 5.6587
49 59 9.8539
34 44 6.2086
91 100 32.7115
39 49 10.6779
9 19 2.0846
32 42 10.035
53 63 10.8379
66 76 49.5644
34 44 5.2794
69 79 30.5643
35 45 18.0566
59 69 39.8388
16 26 1.9385
100 100 92.9527
86 96 59.4333
40 50 20.1027
58 68 30.3888
11 21 1.1701
47 57 24.8253
4 14 0.7579
39 49 11.7354
91 100 73.5546
47 57 16.4836
27 37 3.7025
82 92 44.3836
69 79 61.6649
12 22 1.2477
98 100 60.14
4 14 0.5376
57 67 14.8433
12 22 1.9349
40 50 13.7589
21 31 4.6006
89 99 96.2753
56 66 29.1784
24 34 3.8565
77 87 29.8782
16 26 3.99
98 100 54.8118
36 46 8.5949
63 73 17.2773
18 28 3.6039
1 11 0.6585
46 56 30.15
96 100 28.3865
