900 26948 4.3589
13 23 76.3736
99 100 14.2174
72 82 35.3573
79 89 28.599
97 100 10.0457
62 72 25.7019
69 79 34.9056
85 95 12.0
7 17 84.8259
76 86 42.4387
49 59 45.9548
40 50 49.185
82 92 48.7567
13 23 84.6492
4 14 88.3186
7 17 80.5399
1 11 87.3346
56 66 40.7159
57 67 42.6683
41 51 48.553
29 39 50.646
39 49 63.212
78 88 33.8934
33 43 44.16
98 100 34.4346
31 41 48.45
28 38 62.8246
22 32 82.8009
57 67 46.5397
52 62 42.0708
59 69 43.4822
51 61 53.1966
59 69 67.2958
27 37 65.7624
69 79 37.2015
89 99 18.2073
45 55 44.6839
33 43 57.6536
69 79 37.5953
38 48 77.1692
32 42 75.0476
30 40 59.7003
40 50 71.3163
76 86 34.0904
42 52 57.76
3 13 92.5829
38 48 49.1681
85 95 41.8661
25 35 52.9125
63 73 40.2349
77 87 43.3807
70 80 24.0816
32 42 63.395
28 38 58.4093
28 38 65.0829
62 72 65.7656
27 37 61.0414
22 32 77.4066
31 41 59.7266
32 42 68.9099
38 48 64.0592
25 35 79.3222
67 77 34.0157
21 31 75.8484
42 52 45.2162
17 27 74.5062
76 86 20.667
3 13 90.2196
100 100 18.6866
49 59 62.3326
98 100 26.8314
54 64 45.6679
22 32 74.4113
99 100 38.185
21 31 71.5885
65 75 42.5965
95 100 16.1066
17 27 72.1684
11 21 83.9056
73 83 22.992
64 74 22.6252
30 40 76.7358
80 90 43.469
44 54 46.1163
43 53 53.7201
76 86 34.9068
17 27 75.0736
48 58 40.2768
45 55 54.6712
79 89 33.9365
64 74 39.3079
66 76 36.8522
87 97 36.1538
64 74 38.717
9 19 86.3822
60 70 46.4551
27 37 65.9929
66 76 34.7027
91 100 21.0461
27 37 51.0567
72 82 35.3014
29 39 57.0206
5 15 86.8661
50 60 40.3682
89 99 20.6652
90 100 32.334
91 100 27.814
65 75 42.7925
67 77 41.8286
12 22 80.5237
37 47 72.058
10 20 79.4576
64 74 36.332
17 27 82.9775
52 62 52.2628
16 26 74.5287
1 11 84.5554
17 27 66.0416
70 80 32.5185
64 74 24.938
18 28 74.6945
94 100 32.0945
67 77 33.7468
30 40 66.0871
68 78 55.2644
19 29 80.8237
56 66 39.2277
75 85 42.6905
23 33 62.6884
58 68 49.5517
44 54 62.0912
47 57 49.3141
17 27 76.0471
96 100 18.4024
45 55 48.9734
36 46 57.6005
3 13 87.9694
15 25 80.9064
70 80 59.5243
2 12 83.3368
12 22 78.6521
97 100 18.0183
85 95 34.1465
90 100 21.4128
65 75 35.8621
71 81 37.1381
6 16 80.3838
33 43 68.6445
58 68 61.0992
45 55 72.398
44 54 51.8774
3 13 90.501
100 100 33.9772
6 16 84.2467
85 95 35.7365
5 15 80.7338
62 72 29.6317
7 17 87.3888
70 80 45.8099
40 50 47.6155
45 55 58.9363
49 59 54.837
91 100 15.9209
43 53 63.9712
58 68 33.3171
50 60 35.5526
76 86 38.2048
3 13 91.2121
70 80 52.5422
22 32 68.2772
8 18 84.4671
12 22 84.0467
96 100 41.1689
97 100 9.3532
97 100 37.6701
8 18 75.7788
22 32 78.7497
17 27 74.065
88 98 44.9731
56 66 60.4724
41 51 45.1503
82 92 45.1853
40 50 67.9635
28 38 63.2932
98 100 7.5774
86 96 26.6731
97 100 14.2695
30 40 67.6753
24 34 72.7455
86 96 12.2542
78 88 44.4836
59 69 61.9086
66 76 37.8766
89 99 19.3151
82 92 29.3558
74 84 51.8558
13 23 85.049
16 26 74.3855
99 100 27.655
62 72 38.5293
86 96 51.6214
18 28 71.7866
12 22 77.3819
95 100 19.4005
23 33 75.3962
25 35 65.5015
34 44 53.1193
19 29 67.7
3 13 84.8462
35 45 57.37
73 83 45.0281
9 19 86.2967
96 100 24.2399
12 22 78.5528
70 80 20.8146
78 88 23.6818
85 95 43.7185
17 27 77.6355
71 81 40.3073
72 82 44.9517
2 12 91.2999
93 100 52.0721
68 78 49.3169
74 84 53.5268
6 16 84.4984
27 37 72.7302
37 47 40.292
31 41 74.3337
65 75 33.4431
25 35 75.136
83 93 29.6415
17 27 80.4376
77 87 30.9225
77 87 31.4127
8 18 85.7495
6 16 81.045
92 100 18.7048
70 80 43.2675
42 52 58.9517
77 87 38.5405
55 65 39.397
66 76 55.0149
76 86 37.7156
92 100 15.8914
39 49 41.578
15 25 68.3747
22 32 72.8872
1 11 88.6102
9 19 83.1926
6 16 80.955
78 88 32.8593
41 51 70.9638
95 100 24.3503
81 91 47.8297
56 66 51.4921
65 75 46.6954
3 13 87.8119
64 74 42.6814
81 91 36.3054
78 88 56.8079
44 54 33.6934
72 82 41.3513
3 13 84.0907
3 13 81.6312
13 23 77.8983
68 78 48.6548
53 63 65.8759
80 90 41.7936
99 100 12.6082
58 68 52.7671
92 100 11.3852
43 53 50.5948
26 36 68.5766
53 63 35.2468
32 42 72.318
25 35 70.7769
60 70 57.4837
92 100 41.5561
56 66 35.4204
21 31 71.9223
25 35 73.728
19 29 76.1413
49 59 59.1484
76 86 26.0508
36 46 43.2293
18 28 86.2149
55 65 57.4746
21 31 71.5614
46 56 48.0512
37 47 51.3946
49 59 55.1559
56 66 48.1872
78 88 17.7991
68 78 28.7779
62 72 50.3206
80 90 35.5502
35 45 66.878
34 44 61.5252
41 51 37.7696
69 79 35.153
7 17 77.0849
34 44 64.912
99 100 27.2787
29 39 60.4009
50 60 57.0478
100 100 13.3663
35 45 48.2956
74 84 33.9586
70 80 40.1601
55 65 24.3335
1 11 88.8269
6 16 85.9144
44 54 50.8726
68 78 28.2726
81 91 33.1569
53 63 35.4978
88 98 37.3675
100 100 40.6011
7 17 86.9967
51 61 30.8558
29 39 67.0974
21 31 74.2286
22 32 79.7217
5 15 86.0664
24 34 68.2887
97 100 44.0883
51 61 62.5902
83 93 25.1181
27 37 75.9042
74 84 36.9044
48 58 61.5205
86 96 26.5761
18 28 79.8217
59 69 24.8722
17 27 85.3443
92 100 10.0552
78 88 42.5143
90 100 41.453
76 86 14.4484
81 91 16.7355
59 69 46.3543
27 37 62.9944
45 55 55.6113
60 70 39.7139
51 61 54.0593
42 52 38.4524
92 100 22.2086
2 12 88.4503
65 75 48.6576
33 43 52.9969
2 12 88.1421
89 99 23.6371
83 93 27.9238
51 61 70.5701
18 28 79.9272
52 62 62.1969
34 44 66.297
46 56 49.9382
38 48 65.9458
80 90 32.3943
37 47 51.8285
39 49 61.0992
83 93 40.9165
5 15 89.8837
61 71 57.3337
24 34 73.8448
57 67 41.689
49 59 50.1434
4 14 86.3245
49 59 44.4556
28 38 74.6289
51 61 47.5534
80 90 52.1631
91 100 25.7353
34 44 59.3763
98 100 33.9633
33 43 73.2086
90 100 24.3532
16 26 76.0314
19 29 71.0329
39 49 67.4386
15 25 80.2296
96 100 5.0216
94 100 37.3675
69 79 40.8321
51 61 51.1053
1 11 88.3713
34 44 62.4479
62 72 58.3009
39 49 49.5785
26 36 73.7761
92 100 35.7795
1 11 88.7063
50 60 59.4688
64 74 31.351
95 100 21.6523
44 54 62.5887
23 33 67.1138
94 100 36.0684
17 27 68.178
60 70 60.1013
53 63 55.4787
47 57 63.0134
40 50 50.6275
39 49 62.0519
17 27 83.8708
41 51 56.4872
24 34 75.2574
75 85 46.8239
69 79 41.1869
39 49 67.2843
30 40 54.7319
71 81 30.3226
7 17 88.3788
4 14 82.7991
56 66 54.2035
77 87 50.7884
35 45 69.7342
15 25 81.6818
56 66 50.5834
40 50 64.5227
57 67 48.6674
86 96 31.2828
30 40 63.2486
83 93 17.3939
42 52 48.4889
37 47 68.8651
96 100 40.5947
77 87 25.001
35 45 52.6626
25 35 72.2143
88 98 38.0738
92 100 41.4994
62 72 48.9034
82 92 27.813
16 26 84.4322
92 100 41.3102
59 69 53.5765
77 87 21.5435
22 32 65.8759
77 87 48.1983
85 95 27.7708
20 30 65.2589
46 56 61.94
33 43 65.0055
93 100 32.9419
35 45 57.0342
90 100 29.3244
28 38 71.2488
68 78 21.4008
50 60 44.561
83 93 28.3759
46 56 62.6077
25 35 77.6566
18 28 79.736
26 36 67.2826
60 70 22.3341
61 71 46.3148
92 100 14.305
80 90 28.3386
46 56 44.9101
28 38 69.898
75 85 34.5532
90 100 35.7389
99 100 21.0754
60 70 54.1049
96 100 32.276
13 23 73.2068
44 54 49.2509
52 62 54.5737
49 59 54.4172
29 39 77.338
67 77 46.7623
37 47 65.4335
27 37 67.9767
27 37 78.6858
75 85 19.0672
23 33 67.5142
52 62 68.9913
83 93 44.4969
85 95 23.6848
39 49 39.2427
68 78 30.3315
54 64 56.241
12 22 79.8503
83 93 44.4702
47 57 72.5751
41 51 53.641
18 28 72.3401
85 95 51.9308
16 26 80.5452
36 46 61.8976
9 19 88.3506
54 64 62.7058
7 17 90.0373
88 98 18.1306
28 38 56.2185
32 42 65.2929
52 62 42.6148
92 100 26.6101
93 100 18.186
74 84 34.8124
16 26 77.7413
35 45 64.0576
21 31 67.807
89 99 27.6234
47 57 55.0416
76 86 22.2077
95 100 14.1858
22 32 70.5617
99 100 24.5362
76 86 27.0983
52 62 49.007
46 56 53.0523
100 100 33.4315
36 46 51.7134
82 92 31.8322
5 15 82.2014
64 74 39.7064
97 100 19.3108
31 41 70.4458
33 43 62.0424
4 14 84.5719
65 75 55.7845
71 81 29.9023
68 78 49.5532
39 49 57.4306
57 67 46.7186
45 55 47.2038
30 40 57.7159
13 23 81.7686
49 59 37.359
65 75 37.9665
80 90 30.1006
79 89 22.1521
32 42 74.9021
79 89 40.5489
19 29 75.6517
41 51 47.0994
11 21 78.0608
19 29 72.8257
68 78 32.2261
26 36 60.8462
39 49 64.6448
88 98 25.841
48 58 57.6278
15 25 68.8236
12 22 83.514
56 66 40.1272
39 49 56.1975
76 86 32.5117
100 100 8.3706
47 57 33.1695
14 24 85.2077
44 54 40.9971
98 100 18.3544
79 89 41.4054
33 43 55.7546
72 82 34.4276
9 19 77.0902
7 17 82.9611
85 95 48.2052
37 47 59.3948
93 100 20.6652
5 15 86.059
62 72 44.4529
25 35 66.9599
27 37 69.6858
35 45 59.3948
47 57 44.6718
56 66 45.2835
60 70 36.7794
63 73 37.0905
48 58 39.4811
45 55 52.7032
6 16 84.3771
73 83 29.4892
35 45 52.1558
27 37 61.5503
65 75 37.1758
64 74 40.4242
12 22 88.0069
60 70 45.8356
91 100 31.3186
61 71 46.612
21 31 72.0377
83 93 18.2773
82 92 48.9454
63 73 47.8283
24 34 58.0263
11 21 77.5791
90 100 11.3172
35 45 50.4412
92 100 21.7958
66 76 37.3248
100 100 31.6789
1 11 90.3412
6 16 79.2207
93 100 34.3044
100 100 25.8877
60 70 45.2418
28 38 64.7269
3 13 88.4446
92 100 5.2895
31 41 60.7215
7 17 86.6035
24 34 69.3289
37 47 62.6631
52 62 35.9364
14 24 77.5456
31 41 56.0971
43 53 62.9912
14 24 85.0914
91 100 31.2324
77 87 34.8348
74 84 24.0453
69 79 50.6147
49 59 54.7496
3 13 89.6449
9 19 75.8989
44 54 51.204
50 60 66.6836
56 66 37.8594
63 73 49.7914
65 75 37.5046
8 18 86.3673
37 47 48.7832
11 21 79.4202
4 14 83.5579
90 100 21.9548
51 61 51.4878
43 53 66.2124
92 100 41.8881
94 100 50.4029
44 54 59.404
71 81 59.1023
2 12 85.7921
94 100 38.849
29 39 66.4225
49 59 46.7104
32 42 74.0443
79 89 46.6571
78 88 18.0277
49 59 61.37
92 100 30.3204
58 68 54.0093
65 75 40.0347
40 50 64.7542
65 75 42.3632
59 69 54.1299
5 15 79.7949
90 100 38.4847
82 92 24.4412
56 66 42.9195
61 71 55.1692
3 13 89.5124
26 36 53.4887
86 96 14.271
61 71 44.7253
57 67 52.2006
94 100 36.1682
39 49 67.0761
91 100 21.7669
54 64 54.3685
4 14 89.276
42 52 61.4107
15 25 76.827
14 24 71.8477
30 40 66.5464
71 81 47.7702
11 21 83.1744
77 87 27.7423
71 81 38.0504
30 40 54.3582
84 94 21.9127
4 14 86.9183
6 16 91.2579
74 84 34.947
59 69 44.2371
6 16 84.3422
27 37 67.6391
87 97 28.3067
46 56 44.6625
95 100 29.5653
95 100 8.8049
55 65 40.7478
33 43 68.88
76 86 47.5121
41 51 59.0654
37 47 51.1297
16 26 75.0788
95 100 29.5164
11 21 85.0471
43 53 44.9383
91 100 30.737
87 97 24.8054
3 13 89.4405
67 77 39.005
73 83 41.2357
73 83 32.1704
62 72 33.0568
53 63 29.2822
98 100 36.8376
46 56 73.058
69 79 24.6681
72 82 28.0709
5 15 85.1117
65 75 27.9862
8 18 82.639
67 77 49.1738
1 11 87.4898
49 59 59.3008
73 83 35.044
49 59 37.496
95 100 54.7348
60 70 64.7075
51 61 55.6262
39 49 50.9311
67 77 37.8594
64 74 36.8315
7 17 82.4192
71 81 34.3783
54 64 44.7106
14 24 85.6088
1 11 88.0163
68 78 46.0484
73 83 28.4132
5 15 84.2999
91 100 14.851
44 54 55.7023
21 31 69.6874
39 49 61.3418
46 56 62.9864
1 11 90.501
13 23 76.2793
79 89 33.8957
48 58 50.874
1 11 88.2848
31 41 76.7516
38 48 48.6213
42 52 46.7582
18 28 75.3823
45 55 56.7792
54 64 65.3866
58 68 36.4973
15 25 78.1262
85 95 8.8144
93 100 22.554
77 87 28.0741
20 30 74.8831
30 40 68.117
85 95 36.3923
73 83 19.8738
52 62 65.7981
8 18 80.8543
2 12 88.8344
13 23 79.8181
49 59 43.1202
14 24 79.979
30 40 76.2024
85 95 22.0627
29 39 57.2383
99 100 48.45
86 96 42.6161
79 89 25.054
22 32 73.3883
78 88 48.7232
35 45 71.2707
97 100 30.9092
50 60 41.3642
85 95 46.4374
19 29 64.2178
21 31 77.0708
45 55 62.1685
69 79 43.0257
52 62 39.0938
95 100 35.2693
65 75 46.9773
94 100 24.4669
46 56 42.237
36 46 47.6915
33 43 52.4755
97 100 47.6984
64 74 45.0093
13 23 72.4558
70 80 43.5257
15 25 74.3596
4 14 85.2815
68 78 31.462
82 92 26.6762
8 18 80.9856
56 66 56.1495
82 92 32.81
84 94 23.712
83 93 43.4782
62 72 43.2793
82 92 31.1152
78 88 42.8593
18 28 73.2462
11 21 85.6421
65 75 44.1879
21 31 70.0988
25 35 74.9956
44 54 60.3434
34 44 64.3525
36 46 53.0523
75 85 24.4718
83 93 29.064
50 60 49.3057
80 90 40.9894
6 16 81.7505
98 100 25.01
14 24 77.2448
53 63 47.2299
40 50 50.1193
59 69 30.7437
22 32 64.0768
56 66 25.6735
76 86 12.1383
81 91 26.9164
25 35 71.2066
22 32 75.1117
69 79 34.4135
29 39 67.947
6 16 89.4311
70 80 18.1919
79 89 20.7198
85 95 41.8648
98 100 33.8887
62 72 47.0816
40 50 53.2929
7 17 84.9254
18 28 79.3845
61 71 41.3295
27 37 51.4605
32 42 70.2998
6 16 84.8554
99 100 46.6421
39 49 66.6803
10 20 77.5668
46 56 37.6444
43 53 62.4132
86 96 41.1882
9 19 83.9239
67 77 19.9041
51 61 49.2523
87 97 38.5815
76 86 30.6739
14 24 79.1246
63 73 25.0831
11 21 78.7301
9 19 82.0818
63 73 39.2979
15 25 79.4951
60 70 62.6583
21 31 73.9738
51 61 44.4436
92 100 30.1423
9 19 80.8776
40 50 66.6395
71 81 50.4412
28 38 68.1137
81 91 30.5168
66 76 54.7926
65 75 37.8385
33 43 62.9119
44 54 56.3535
63 73 36.5904
96 100 22.2595
31 41 68.3135
19 29 79.2723
50 60 37.2552
24 34 68.5402
72 82 14.1196
29 39 59.9417
13 23 79.9415
99 100 36.1153
42 52 62.9579
84 94 31.1911
90 100 13.3685
46 56 49.6799
1 11 90.48
55 65 47.7951
87 97 27.594
65 75 41.1522
75 85 39.6673
58 68 58.2184
40 50 70.861
92 100 31.8107
46 56 67.6243
50 60 59.9277
47 57 61.7529
88 98 14.721
97 100 43.5296
76 86 55.6665
84 94 51.9048
50 60 40.2971
32 42 71.3636
91 100 36.8498
39 49 47.8739
