100 3022 4.3589
79 89 44.1507
4 14 86.1704
64 74 58.2352
10 20 84.5995
90 100 25.6654
42 52 57.6643
50 60 47.1529
43 53 58.4996
84 94 14.649
97 100 37.745
2 12 84.9936
17 27 82.6299
53 63 46.9211
29 39 64.3894
87 97 23.639
58 68 30.2148
65 75 54.4334
88 98 15.203
5 15 89.842
10 20 84.1971
44 54 61.9133
50 60 46.9294
46 56 46.8677
73 83 28.1144
84 94 29.9953
88 98 50.0259
30 40 59.0592
37 47 76.3194
49 59 53.3382
48 58 47.9265
33 43 58.7752
35 45 55.2376
16 26 81.9568
85 95 18.7498
90 100 34.6203
8 18 78.8722
69 79 40.5234
17 27 82.3937
52 62 39.3367
5 15 85.3296
51 61 34.1395
6 16 78.0148
25 35 80.2941
82 92 9.8339
68 78 44.593
38 48 53.7641
33 43 66.5432
84 94 50.1406
28 38 70.325
46 56 39.9045
48 58 33.8794
91 100 28.459
2 12 85.8013
100 100 7.8787
69 79 39.3744
60 70 46.8677
59 69 56.211
17 27 77.6884
82 92 15.9752
98 100 41.0484
32 42 70.077
74 84 41.8622
81 91 37.4899
98 100 21.6095
30 40 59.1269
48 58 65.8776
75 85 42.7088
79 89 35.7676
2 12 89.3327
44 54 56.202
57 67 33.4975
29 39 66.3133
52 62 54.2904
70 80 59.8596
47 57 40.1436
16 26 79.9933
84 94 17.8177
51 61 54.5692
57 67 32.2465
2 12 87.855
46 56 69.3672
49 59 60.8369
96 100 33.5345
4 14 88.1045
25 35 68.5683
72 82 52.5002
38 48 48.8783
2 12 89.6601
86 96 23.9092
36 46 61.3199
20 30 70.7617
26 36 67.3975
79 89 24.5005
32 42 49.286
95 100 42.6736
67 77 30.6451
39 49 57.7266
99 100 18.7013
98 100 16.3806
46 56 34.1103
