100 3259 9.9499
74 84 50.3163
39 49 22.4714
27 37 8.0815
40 50 14.5222
13 23 1.826
52 62 16.5372
83 93 80.6188
27 37 9.7119
92 100 32.2488
67 77 23.7383
79 89 55.0149
66 76 31.4945
9 19 1.2186
45 55 13.203
60 70 17.8912
3 13 0.7475
24 34 7.759
89 99 33.6319
74 84 57.6202
59 69 27.1222
95 100 27.3675
88 98 89.6127
71 81 22.8226
23 33 4.0156
40 50 7.2781
31 41 6.4272
12 22 3.4414
67 77 16.3353
34 44 18.1621
56 66 17.9454
56 66 40.0145
34 44 7.107
42 52 25.1282
37 47 7.8394
99 100 38.1109
12 22 4.4914
68 78 33.4442
26 36 11.0058
36 46 16.6537
96 100 84.2577
33 43 18.3338
49 59 21.9155
66 76 49.6785
80 90 75.9565
71 81 27.6813
75 85 64.6561
61 71 21.3916
41 51 14.4803
86 96 38.0886
92 100 43.4321
71 81 57.2383
54 64 36.0949
15 25 4.0076
54 64 39.9689
5 15 0.8959
84 94 39.3606
68 78 15.7379
91 100 77.6513
78 88 39.0063
39 49 13.1254
56 66 11.5287
67 77 31.2336
45 55 9.4427
82 92 33.1868
33 43 10.6681
86 96 35.952
81 91 71.8172
93 100 45.1974
5 15 0.6731
68 78 16.5592
16 26 5.1606
98 100 45.9535
10 20 1.7392
66 76 18.0294
79 89 22.8083
53 63 26.196
15 25 1.5793
68 78 37.2344
92 100 61.6492
82 92 32.9074
3 13 1.4398
27 37 8.2208
77 87 45.8844
34 44 9.1736
16 26 1.8042
57 67 31.2168
44 54 17.6534
65 75 23.6245
19 29 4.051
84 94 39.9904
29 39 13.474
87 97 73.9789
96 100 51.1368
28 38 4.7703
77 87 42.2253
88 98 71.1425
76 86 64.3958
95 100 43.9542
73 83 24.3493
40 50 16.3677
