400 11921 4.3589
58 68 58.2245
45 55 39.4698
84 94 27.0431
53 63 33.3414
98 100 44.6518
65 75 27.8647
71 81 46.4388
33 43 55.8308
69 79 45.9982
64 74 33.9959
68 78 24.4253
24 34 78.4199
97 100 23.8154
36 46 73.8225
46 56 55.2242
49 59 52.0836
42 52 61.2541
38 48 52.5741
72 82 39.782
79 89 50.6261
56 66 51.3172
38 48 62.5808
25 35 66.584
66 76 55.4325
96 100 27.9397
87 97 32.7447
81 91 17.3797
35 45 61.3371
51 61 65.5339
49 59 47.2436
26 36 61.0758
41 51 58.8995
98 100 40.1778
42 52 49.9185
83 93 15.7204
53 63 42.4283
25 35 67.5191
37 47 63.8401
19 29 75.3893
56 66 36.3923
44 54 36.5807
27 37 63.7043
70 80 38.1504
54 64 57.7205
28 38 59.5891
51 61 51.7896
75 85 52.0028
14 24 78.7532
23 33 58.1864
16 26 76.8726
27 37 72.301
7 17 81.5174
77 87 44.9785
78 88 40.5056
58 68 25.9386
33 43 46.9252
38 48 56.6678
100 100 23.7276
12 22 80.8507
74 84 28.1292
3 13 86.4491
79 89 35.8561
20 30 72.7234
90 100 41.0343
57 67 59.7916
64 74 23.1717
10 20 85.0232
38 48 55.5114
57 67 40.568
94 100 44.5329
49 59 43.4808
50 60 64.4343
69 79 47.8324
45 55 55.3923
92 100 28.5412
21 31 82.9757
20 30 81.8464
81 91 56.6648
88 98 24.967
22 32 66.8584
23 33 68.2359
20 30 80.3174
81 91 42.4244
55 65 33.5403
38 48 51.5266
58 68 51.9639
45 55 52.4639
23 33 71.9206
77 87 31.3331
75 85 36.4273
8 18 74.546
55 65 40.221
27 37 78.7887
35 45 64.197
94 100 18.7169
42 52 58.7568
10 20 85.5089
64 74 52.3611
81 91 27.7286
41 51 54.071
1 11 92.4617
80 90 28.0127
65 75 48.4862
67 77 37.5524
98 100 27.1587
43 53 67.1924
27 37 62.459
77 87 29.8782
27 37 71.4701
11 21 80.9712
15 25 73.3524
12 22 78.8136
84 94 30.1324
79 89 10.8748
49 59 46.9951
69 79 38.2579
53 63 34.9825
92 100 45.8939
38 48 57.6658
90 100 39.8148
37 47 44.9584
21 31 63.781
63 73 40.7338
95 100 21.6337
3 13 90.6304
77 87 40.3225
6 16 85.5274
10 20 84.5922
67 77 44.6411
39 49 61.1555
71 81 36.9226
11 21 76.9129
6 16 84.2485
65 75 32.7596
52 62 44.3183
26 36 56.286
43 53 49.098
1 11 90.9601
72 82 49.7349
84 94 27.9164
80 90 31.8367
96 100 31.3477
97 100 9.2708
3 13 84.3606
66 76 35.2076
62 72 64.825
83 93 24.6502
32 42 79.661
94 100 18.5201
64 74 38.0492
37 47 70.8526
5 15 85.6421
75 85 38.9351
84 94 46.0213
27 37 77.9018
69 79 32.5778
19 29 71.016
43 53 44.8525
70 80 31.5114
12 22 85.7772
2 12 92.6156
1 11 88.0107
25 35 61.8472
41 51 64.6191
71 81 27.1848
50 60 53.2433
59 69 55.7053
35 45 57.7494
29 39 69.7693
79 89 21.014
48 58 44.4316
48 58 67.099
14 24 73.8637
21 31 71.5699
41 51 43.7185
53 63 52.7686
17 27 76.8533
76 86 33.5623
75 85 33.7468
84 94 32.0141
69 79 55.0772
3 13 86.6724
44 54 41.6812
79 89 44.3969
82 92 13.2125
84 94 19.7562
74 84 38.3954
48 58 37.5316
84 94 20.5309
88 98 47.6804
23 33 78.8793
74 84 23.6604
4 14 88.4559
36 46 59.193
43 53 60.5813
53 63 50.6019
88 98 16.9308
88 98 23.8681
25 35 74.5132
90 100 10.6844
73 83 37.5941
37 47 59.855
59 69 49.5813
27 37 70.5466
6 16 84.6326
80 90 22.6919
62 72 49.1808
81 91 27.6876
29 39 69.2041
40 50 57.64
33 43 64.7381
73 83 57.9334
19 29 75.73
47 57 60.8946
6 16 83.7719
70 80 42.9104
19 29 77.7977
30 40 76.4348
100 100 10.0673
43 53 55.1306
2 12 91.2789
78 88 24.8612
43 53 68.5601
49 59 42.2136
51 61 49.3253
75 85 19.7447
94 100 25.3794
28 38 76.0785
1 11 88.2829
71 81 28.055
76 86 32.2919
40 50 45.7206
33 43 51.2699
85 95 36.3308
40 50 59.25
70 80 38.9601
72 82 57.6324
9 19 82.4337
87 97 36.3814
71 81 31.7713
34 44 54.6757
98 100 46.4074
8 18 79.6699
46 56 67.1957
71 81 25.7556
18 28 81.3712
31 41 70.9823
29 39 63.2788
36 46 53.2535
58 68 50.9368
66 76 18.0073
40 50 55.8353
43 53 45.3037
20 30 76.1623
10 20 83.3295
89 99 26.6339
38 48 66.3052
42 52 40.6317
2 12 84.2981
95 100 38.9064
96 100 42.5143
18 28 76.5695
4 14 85.9051
61 71 45.5976
34 44 66.2075
20 30 76.3701
35 45 63.6788
8 18 83.6731
52 62 43.436
82 92 26.2677
57 67 64.2066
7 17 85.6014
70 80 31.7634
70 80 38.0467
76 86 34.8797
56 66 47.1227
95 100 39.4887
2 12 85.2908
52 62 48.6995
28 38 69.594
21 31 67.0466
4 14 87.0414
69 79 42.9588
58 68 34.171
60 70 43.4426
20 30 76.4051
82 92 27.4995
98 100 14.3717
82 92 33.3114
76 86 25.0911
84 94 30.2203
25 35 56.352
75 85 48.6855
62 72 32.1364
75 85 20.0641
41 51 37.8188
39 49 47.4101
43 53 58.596
5 15 88.3769
90 100 8.9862
81 91 35.3811
43 53 56.9783
47 57 48.507
67 77 30.1313
42 52 46.6393
46 56 54.8636
24 34 59.8813
35 45 50.2695
79 89 28.1738
2 12 87.9882
61 71 50.683
23 33 75.683
47 57 65.6619
98 100 19.6134
14 24 80.1849
7 17 78.9361
38 48 43.0756
72 82 27.6992
52 62 51.6889
58 68 42.8933
38 48 44.3769
9 19 82.8409
55 65 43.6009
73 83 30.0808
55 65 39.3618
43 53 45.5949
33 43 67.3614
66 76 57.0599
89 99 27.7581
62 72 55.049
25 35 77.3608
85 95 49.8789
13 23 82.9593
35 45 62.4748
65 75 32.2658
27 37 62.7011
72 82 27.1931
76 86 35.3716
4 14 88.6931
70 80 38.6461
52 62 64.2178
30 40 60.8821
75 85 24.5768
39 49 71.5581
64 74 37.793
13 23 78.1827
37 47 65.1314
62 72 55.2748
48 58 51.9236
31 41 53.4332
15 25 82.4991
83 93 48.4862
34 44 51.9135
53 63 58.2245
56 66 41.1368
62 72 62.69
79 89 39.2402
30 40 56.841
97 100 24.8173
56 66 57.3231
36 46 75.2504
38 48 55.9564
51 61 52.3423
82 92 46.776
24 34 64.6963
53 63 59.824
87 97 53.08
86 96 19.7856
40 50 68.1995
47 57 43.3899
8 18 77.5685
30 40 59.4441
57 67 33.7398
2 12 83.6896
83 93 37.1137
76 86 23.7559
34 44 70.6726
74 84 44.5543
28 38 71.9783
15 25 75.0302
26 36 58.3818
40 50 66.3818
71 81 16.5047
24 34 66.4991
52 62 32.4137
84 94 37.293
53 63 55.6501
98 100 33.1327
40 50 69.6357
8 18 80.556
45 55 50.9739
86 96 39.7026
17 27 74.3544
11 21 87.4094
17 27 71.9036
87 97 32.0016
18 28 79.9844
64 74 34.1582
14 24 75.0077
70 80 43.5468
