900 27007 9.9499
91 100 24.8213
39 49 61.9353
94 100 31.1252
68 78 26.6091
32 42 57.7722
3 13 89.276
29 39 73.9927
79 89 30.283
30 40 67.8811
57 67 64.4681
38 48 55.774
13 23 80.1902
98 100 38.8254
65 75 43.5679
75 85 19.5868
49 59 56.6994
22 32 77.4875
43 53 56.16
65 75 34.784
95 100 24.4293
71 81 50.7343
90 100 24.0002
52 62 46.2019
50 60 54.4437
98 100 19.98
99 100 15.8356
41 51 59.9633
20 30 83.6329
22 32 75.0666
22 32 77.25
61 71 46.6325
9 19 85.9607
77 87 28.0106
83 93 28.1303
63 73 49.39
57 67 49.9001
25 35 66.2987
41 51 71.0834
88 98 38.5802
41 51 51.8069
35 45 58.2138
91 100 10.2087
55 65 60.0408
97 100 35.9532
17 27 68.5584
49 59 37.4813
52 62 57.7357
82 92 20.2698
56 66 39.3254
70 80 39.5943
53 63 46.6844
70 80 51.9322
12 22 78.7692
94 100 10.2413
61 71 51.6156
73 83 56.835
37 47 66.3818
35 45 60.3185
65 75 39.9614
58 68 49.5123
87 97 28.3855
33 43 51.2771
46 56 57.7752
93 100 11.4163
47 57 51.2312
41 51 55.8114
100 100 45.5558
9 19 81.2828
60 70 35.3751
55 65 48.5879
32 42 52.7555
69 79 56.0222
58 68 52.9926
97 100 20.9526
91 100 9.1476
56 66 52.622
60 70 61.1806
37 47 67.5174
44 54 65.5825
43 53 74.4648
66 76 33.0671
7 17 80.287
79 89 41.7058
3 13 92.331
6 16 80.6781
92 100 11.6861
81 91 34.9257
27 37 62.6124
72 82 43.3161
37 47 59.6138
37 47 62.3358
28 38 64.685
20 30 60.8837
24 34 68.4856
1 11 91.4108
54 64 40.85
92 100 15.2983
55 65 28.839
30 40 60.993
77 87 44.1613
64 74 31.1688
93 100 7.7328
40 50 39.0688
86 96 13.8146
91 100 48.1317
65 75 21.6337
56 66 39.5075
66 76 61.69
97 100 23.2517
27 37 58.8703
97 100 18.0166
4 14 88.2284
8 18 80.3694
24 34 78.135
64 74 19.4137
42 52 41.9632
17 27 73.1384
37 47 68.4045
81 91 14.4164
55 65 45.5571
100 100 13.4843
79 89 50.0754
87 97 33.4859
99 100 51.4864
19 29 72.3844
16 26 83.1033
55 65 23.918
63 73 46.6516
43 53 73.1213
84 94 29.293
41 51 57.2247
23 33 69.3556
43 53 63.7522
86 96 50.4483
59 69 46.5847
54 64 53.5839
92 100 36.4949
50 60 63.1246
71 81 34.3443
37 47 61.7733
59 69 56.3626
38 48 50.5066
33 43 59.5289
74 84 48.4973
82 92 24.9151
89 99 37.6701
83 93 25.3744
80 90 29.7036
55 65 50.1703
65 75 39.4397
40 50 54.6949
22 32 79.9844
55 65 49.9609
69 79 39.6358
34 44 53.2199
69 79 25.778
33 43 70.4022
30 40 58.4904
29 39 59.3532
18 28 74.0581
42 52 47.5286
69 79 41.8881
79 89 30.5687
67 77 25.315
21 31 79.9254
32 42 60.5875
95 100 26.0988
21 31 77.5492
45 55 54.652
73 83 29.3406
64 74 42.65
36 46 47.9044
80 90 22.2907
19 29 77.3239
95 100 44.9101
35 45 56.0746
73 83 30.561
23 33 63.3075
42 52 48.0249
37 47 66.7179
64 74 47.1584
63 73 24.0855
5 15 86.9015
25 35 63.8657
35 45 68.3218
68 78 34.1909
78 88 15.9984
80 90 29.345
59 69 34.9435
88 98 26.7858
81 91 22.9135
52 62 35.8071
53 63 31.7938
25 35 55.5442
10 20 83.8708
3 13 87.8231
24 34 60.6966
48 58 55.3551
90 100 17.8228
7 17 80.8273
69 79 39.6774
38 48 56.6332
27 37 75.0372
55 65 54.2005
36 46 56.8109
37 47 71.0902
6 16 90.9315
71 81 39.7366
50 60 68.565
99 100 16.2651
93 100 32.2681
79 89 47.1681
61 71 31.1498
15 25 81.0846
6 16 84.8167
44 54 37.5512
19 29 80.8219
49 59 59.5197
66 76 60.4071
60 70 37.6714
90 100 36.1093
41 51 46.75
23 33 72.7558
15 25 82.9793
68 78 24.3562
14 24 70.2227
92 100 7.249
27 37 64.3429
36 46 64.677
85 95 38.6822
2 12 86.059
94 100 18.1025
18 28 75.8658
70 80 60.3045
29 39 65.4352
97 100 24.7377
68 78 39.9336
64 74 23.8437
84 94 11.5464
98 100 31.4867
68 78 53.5985
80 90 34.5991
8 18 88.874
95 100 27.5825
2 12 83.7262
62 72 38.8104
99 100 20.7426
20 30 83.1543
51 61 50.6887
88 98 35.6851
59 69 51.6501
18 28 67.9438
31 41 73.795
14 24 69.7459
87 97 23.573
19 29 77.1112
4 14 79.3168
19 29 73.4346
36 46 53.9446
73 83 50.6716
15 25 76.1361
54 64 60.4755
35 45 67.8053
6 16 86.0386
1 11 90.7733
20 30 67.6802
90 100 52.4017
68 78 46.8814
70 80 40.2349
30 40 68.9415
86 96 27.9365
12 22 73.7503
60 70 29.9428
43 53 53.6615
21 31 70.7903
51 61 51.3903
45 55 53.4259
85 95 42.7703
90 100 42.3944
49 59 45.46
69 79 48.1345
66 76 36.2536
49 59 55.4578
65 75 46.2577
59 69 30.0578
33 43 70.4357
34 44 78.1262
19 29 71.4262
51 61 52.9635
49 59 59.705
63 73 41.8687
32 42 69.2623
3 13 85.2132
84 94 39.3041
22 32 61.5362
44 54 65.5323
32 42 72.9931
74 84 50.2156
55 65 51.676
81 91 22.993
26 36 53.8668
3 13 84.9918
2 12 87.1068
9 19 82.6663
58 68 35.5598
64 74 41.7484
13 23 78.4057
4 14 90.3146
61 71 49.6306
29 39 71.0936
1 11 90.539
27 37 66.8126
78 88 22.4543
20 30 74.1889
76 86 29.2011
42 52 43.3109
20 30 69.3506
96 100 40.4903
21 31 73.6233
83 93 39.0075
91 100 27.3498
61 71 50.7728
50 60 39.3029
60 70 47.4528
40 50 61.9007
55 65 60.4257
27 37 60.993
55 65 54.2035
82 92 11.7532
96 100 24.5619
72 82 44.5463
71 81 22.6881
3 13 88.0501
41 51 56.4106
15 25 79.4844
61 71 37.8582
52 62 63.4317
60 70 21.8098
85 95 45.2122
4 14 90.4553
64 74 30.7448
15 25 71.0278
18 28 83.9038
74 84 34.5239
83 93 11.2815
10 20 78.81
92 100 43.0572
15 25 78.3827
11 21 84.3275
62 72 56.4016
8 18 86.9053
95 100 16.105
64 74 39.7871
2 12 90.4192
93 100 29.2778
61 71 44.7588
75 85 21.5407
68 78 26.6339
55 65 41.971
35 45 59.6555
70 80 42.6958
69 79 30.7958
37 47 59.8705
64 74 50.8554
60 70 37.0187
58 68 46.6926
8 18 80.8758
65 75 44.0153
2 12 88.6441
53 63 48.5057
4 14 90.7104
92 100 36.5977
65 75 48.9426
76 86 55.7845
26 36 54.0093
68 78 38.0961
53 63 33.8119
70 80 34.8076
70 80 45.7355
11 21 78.6698
34 44 61.0602
40 50 48.1358
92 100 34.1547
56 66 55.7486
48 58 64.7059
57 67 53.6278
53 63 41.6928
19 29 73.6456
81 91 29.2281
92 100 17.4916
96 100 13.5189
67 77 57.1098
69 79 53.8286
55 65 53.4887
60 70 51.5754
42 52 55.8517
99 100 25.1342
20 30 78.9148
79 89 30.4925
13 23 85.6217
48 58 39.6787
11 21 79.3168
84 94 40.1449
73 83 38.864
75 85 17.7148
12 22 77.2377
20 30 75.8484
78 88 43.3425
31 41 71.482
98 100 23.0093
41 51 54.6668
38 48 68.2458
71 81 36.4635
80 90 42.5352
38 48 62.9928
44 54 62.6979
45 55 41.72
78 88 32.9579
91 100 31.0795
30 40 58.7722
19 29 81.6547
96 100 25.1101
58 68 47.1323
79 89 42.1565
91 100 47.3482
39 49 59.79
7 17 90.3621
53 63 49.6743
15 25 73.3832
55 65 33.0476
40 50 68.3036
100 100 29.5479
41 51 68.3731
33 43 72.058
20 30 70.5902
64 74 28.0063
32 42 77.3327
64 74 33.2018
93 100 32.9327
39 49 70.2177
48 58 58.0431
79 89 40.2172
37 47 60.1835
18 28 76.8848
34 44 69.6657
62 72 57.0841
36 46 68.1615
87 97 13.1385
56 66 62.785
55 65 55.6054
11 21 83.4226
77 87 41.0522
53 63 40.2463
72 82 27.215
43 53 52.5654
46 56 43.1964
74 84 49.2467
97 100 18.0676
31 41 64.6947
76 86 37.7156
4 14 84.2173
82 92 36.5541
31 41 69.9615
26 36 77.2905
79 89 33.1005
26 36 65.2153
70 80 53.7069
37 47 63.4603
78 88 48.8377
75 85 42.414
27 37 63.4826
65 75 25.4783
55 65 27.9725
96 100 32.0118
13 23 75.0025
52 62 28.2258
13 23 77.5333
99 100 18.5175
88 98 21.3814
23 33 76.1431
98 100 13.4513
100 100 9.5834
73 83 36.7721
55 65 67.5552
11 21 87.8775
92 100 42.2643
28 38 66.7162
56 66 55.3878
48 58 43.1084
78 88 16.6472
27 37 56.4452
65 75 45.3346
61 71 43.5692
1 11 88.7138
8 18 83.4135
49 59 57.7326
41 51 53.7538
75 85 45.5625
70 80 33.4963
98 100 24.3374
44 54 57.2731
88 98 17.6131
56 66 41.6928
9 19 85.348
74 84 40.9523
5 15 87.647
72 82 25.3845
52 62 60.0703
76 86 12.1969
74 84 30.5676
11 21 89.6582
57 67 42.2825
66 76 52.6655
65 75 31.7487
15 25 78.7106
92 100 33.1442
19 29 65.4271
7 17 81.9224
69 79 26.2667
13 23 80.4501
89 99 33.1016
89 99 10.4251
92 100 37.8545
12 22 77.0357
9 19 75.4796
10 20 80.2046
21 31 68.993
71 81 27.9228
2 12 91.9451
15 25 80.287
34 44 64.3172
24 34 66.8208
22 32 63.8034
6 16 85.1043
61 71 34.585
15 25 70.6121
16 26 84.6952
41 51 60.7371
58 68 40.6228
32 42 61.5268
13 23 84.9015
91 100 13.4953
80 90 23.27
48 58 62.271
98 100 31.5271
43 53 62.1606
80 90 48.9412
20 30 63.8465
47 57 55.3908
47 57 64.5435
100 100 22.9671
83 93 27.0223
94 100 27.6024
99 100 47.7288
55 65 31.2146
41 51 58.7538
82 92 45.6679
8 18 81.4001
89 99 35.1696
3 13 86.3338
20 30 78.8668
8 18 83.0213
32 42 55.8891
12 22 81.9206
4 14 83.9148
2 12 88.9475
86 96 27.1316
56 66 57.97
70 80 57.6385
69 79 30.9158
8 18 86.8382
54 64 51.0067
34 44 69.3289
53 63 47.2959
29 39 52.7032
19 29 62.6172
35 45 62.747
55 65 39.1125
37 47 68.802
66 76 28.1749
21 31 77.345
85 95 20.5118
98 100 46.3993
62 72 58.4781
18 28 70.1205
98 100 19.375
34 44 58.4812
93 100 21.7538
66 76 42.6187
99 100 50.1547
15 25 65.3543
21 31 77.4206
23 33 76.8428
37 47 57.6901
70 80 20.2716
50 60 37.1941
68 78 34.5027
3 13 87.885
75 85 42.4648
64 74 51.5955
70 80 29.1524
34 44 59.9618
56 66 66.6166
16 26 83.096
76 86 49.4983
84 94 20.6198
100 100 12.6679
63 73 48.0346
64 74 60.4475
10 20 85.3702
12 22 73.7589
54 64 48.9566
98 100 35.3157
22 32 70.2613
92 100 40.8104
23 33 64.751
55 65 63.8609
53 63 50.656
1 11 86.9053
82 92 24.962
67 77 36.0901
35 45 68.744
64 74 21.8238
78 88 22.7348
66 76 37.5365
78 88 37.1637
59 69 50.41
46 56 43.2201
47 57 57.0962
22 32 67.1777
8 18 83.7701
27 37 66.1115
48 58 61.1352
50 60 54.2815
14 24 68.0724
86 96 9.3654
32 42 55.5442
57 67 28.7864
58 68 61.4123
58 68 55.431
95 100 27.7244
28 38 71.0565
56 66 59.1746
41 51 58.4491
95 100 16.8141
69 79 35.3478
75 85 24.5372
39 49 70.7937
10 20 87.9281
48 58 58.7982
5 15 86.1555
13 23 77.9795
45 55 44.0644
54 64 44.3103
88 98 47.5093
10 20 79.4897
98 100 28.4292
78 88 40.3352
38 48 55.1886
63 73 48.1345
4 14 87.9375
12 22 80.8237
23 33 66.8028
52 62 53.0013
98 100 22.3011
68 78 45.7057
55 65 51.2184
98 100 36.766
75 85 46.6858
69 79 37.5904
4 14 86.9258
2 12 83.5506
75 85 18.0464
10 20 86.6593
54 64 55.9504
27 37 58.2077
65 75 46.0946
21 31 70.5163
73 83 23.444
67 77 40.4534
62 72 45.6354
42 52 49.8394
31 41 67.5339
40 50 66.3508
22 32 65.8711
84 94 34.6744
6 16 82.699
44 54 69.639
14 24 74.717
92 100 18.3098
48 58 45.6652
66 76 47.4501
62 72 56.355
50 60 52.5335
76 86 41.7975
32 42 61.8551
26 36 67.5947
28 38 59.4595
35 45 68.4227
8 18 78.3154
26 36 61.2885
73 83 18.1297
44 54 58.2001
91 100 14.2416
38 48 64.1265
10 20 84.1256
2 12 86.4398
21 31 60.6483
50 60 52.179
29 39 55.5129
51 61 50.4185
65 75 37.7328
24 34 70.1607
59 69 27.5762
73 83 40.1094
68 78 31.2626
21 31 60.5191
3 13 89.0928
31 41 63.6198
24 34 76.9936
51 61 46.7897
48 58 70.0402
49 59 50.4981
81 91 39.3493
64 74 25.7556
89 99 33.6713
61 71 20.539
15 25 80.5076
11 21 81.0306
51 61 43.7873
97 100 8.4326
98 100 42.9864
52 62 64.024
98 100 18.7117
91 100 29.8586
10 20 78.5865
26 36 78.3986
42 52 51.3
39 49 56.8109
95 100 23.9806
85 95 48.7525
28 38 63.6086
31 41 67.3548
53 63 56.2695
11 21 86.3914
24 34 74.2303
64 74 43.3543
27 37 74.9436
10 20 83.9367
56 66 57.2625
18 28 73.5752
8 18 85.1117
66 76 34.2061
15 25 72.1429
10 20 75.7527
5 15 79.025
91 100 18.4393
6 16 86.6966
30 40 70.1574
35 45 65.1636
29 39 68.8203
11 21 80.3139
80 90 35.3858
89 99 33.45
24 34 64.9523
82 92 30.4881
46 56 63.2327
52 62 28.4462
52 62 60.3154
23 33 74.034
26 36 76.8866
77 87 28.1197
94 100 42.0721
46 56 47.4556
62 72 61.3402
22 32 65.0168
20 30 65.2686
74 84 39.6472
71 81 25.0961
6 16 82.7063
58 68 63.2216
56 66 61.9495
36 46 65.183
56 66 55.6054
95 100 28.9778
49 59 32.1489
75 85 44.9329
83 93 37.5941
41 51 63.7874
21 31 73.6044
42 52 63.2184
31 41 65.8435
12 22 83.304
66 76 40.5247
16 26 72.199
56 66 68.2028
46 56 53.1587
88 98 43.2438
82 92 16.6179
52 62 45.1127
51 61 56.6542
31 41 66.646
13 23 83.5762
69 79 47.5328
90 100 12.4673
1 11 94.354
30 40 74.3786
80 90 34.3736
91 100 38.2332
3 13 87.9038
23 33 69.1658
66 76 33.8363
72 82 38.0233
69 79 33.6214
65 75 38.0319
56 66 48.56
16 26 77.0515
52 62 27.8752
64 74 43.9277
38 48 51.8587
71 81 29.1082
25 35 73.3609
26 36 55.2138
69 79 20.1781
50 60 48.9132
84 94 11.2252
83 93 14.8927
59 69 45.9508
59 69 42.5417
4 14 87.2132
94 100 23.1987
57 67 48.8517
92 100 26.6266
37 47 66.7587
45 55 54.5899
50 60 67.1711
81 91 23.8916
100 100 16.0929
77 87 14.3164
17 27 75.8467
60 70 51.3974
100 100 36.244
3 13 89.5181
90 100 22.7472
66 76 45.3521
6 16 86.2595
94 100 14.7433
67 77 36.8036
64 74 53.4858
81 91 40.7095
49 59 66.5432
24 34 75.784
98 100 23.9199
54 64 49.6123
19 29 70.268
39 49 57.3927
20 30 74.2906
59 69 41.6851
52 62 32.1954
37 47 51.8371
2 12 87.8531
82 92 27.3937
83 93 32.7298
73 83 39.9614
12 22 79.7306
60 70 51.8645
1 11 91.3458
33 43 71.0514
82 92 19.6932
32 42 61.4828
80 90 38.331
5 15 88.9683
66 76 41.0394
12 22 80.9694
67 77 39.0763
82 92 40.2869
7 17 76.4803
87 97 37.1698
65 75 63.6612
18 28 75.5578
62 72 50.2142
18 28 74.8744
34 44 50.7058
18 28 76.3229
42 52 75.0285
84 94 27.8024
21 31 72.633
74 84 35.5765
19 29 71.7816
75 85 40.2704
32 42 61.3073
45 55 53.9211
87 97 43.5442
4 14 89.0438
21 31 67.3401
10 20 88.0632
95 100 25.9988
22 32 75.1932
1 11 93.2306
58 68 22.3947
