100 2930 4.3589
5 15 80.1329
90 100 37.8939
45 55 60.8447
26 36 64.8041
19 29 77.4365
12 22 73.5718
8 18 81.063
54 64 52.3163
59 69 60.4491
34 44 71.9986
38 48 64.4183
95 100 35.6027
52 62 59.7019
19 29 71.5614
42 52 61.3073
4 14 88.4597
8 18 78.1049
97 100 14.5115
97 100 4.94
87 97 33.3957
24 34 77.7395
63 73 26.6328
8 18 81.6836
74 84 21.3805
43 53 63.8609
49 59 53.1878
82 92 20.0596
55 65 42.3762
1 11 88.7722
80 90 48.6283
50 60 58.8519
34 44 52.6771
66 76 32.2567
8 18 74.9281
83 93 47.4625
76 86 31.6631
32 42 65.5161
20 30 75.9878
80 90 17.1115
67 77 27.5982
83 93 22.6624
48 58 41.7316
47 57 55.199
46 56 43.5442
4 14 87.4169
2 12 87.5628
17 27 70.1641
53 63 52.3655
43 53 60.9961
82 92 29.9899
1 11 90.6418
78 88 25.4934
27 37 74.3061
5 15 89.9311
91 100 26.1325
55 65 39.05
7 17 90.4458
18 28 80.768
93 100 26.4175
89 99 21.1664
79 89 16.9431
47 57 48.7958
34 44 59.8488
100 100 9.0637
73 83 19.0244
39 49 64.2579
45 55 51.011
57 67 59.5706
12 22 75.8554
100 100 13.6036
83 93 39.7354
47 57 63.4619
76 86 19.6435
61 71 38.1726
18 28 76.9515
71 81 53.7318
40 50 41.2254
96 100 38.9925
3 13 91.0345
57 67 47.179
77 87 45.8681
67 77 38.6623
22 32 59.7699
61 71 43.1951
9 19 79.1869
42 52 48.6116
99 100 16.3273
70 80 59.6679
59 69 34.9399
42 52 54.8414
13 23 83.1799
5 15 80.0255
29 39 63.0134
41 51 60.8416
53 63 48.909
21 31 67.5076
80 90 30.7204
88 98 27.4408
52 62 45.4033
75 85 39.4497
