900 27660 9.9499
21 31 2.8771
7 17 2.2386
53 63 17.9157
82 92 30.3304
67 77 41.3822
8 18 2.8934
20 30 4.8766
85 95 85.7717
71 81 54.4777
23 33 4.4483
96 100 92.9778
96 100 65.0991
12 22 3.457
39 49 10.3208
80 90 41.4182
77 87 19.6976
31 41 5.7956
63 73 27.1212
19 29 2.336
18 28 7.3111
79 89 48.779
62 72 47.7426
42 52 22.8675
21 31 4.6704
3 13 1.179
65 75 43.2832
44 54 14.437
48 58 18.8886
82 92 21.7846
28 38 3.8279
91 100 77.2887
43 53 20.1862
9 19 2.7689
59 69 36.5928
33 43 7.9423
98 100 48.5823
44 54 17.4883
74 84 17.9251
86 96 68.6943
75 85 20.1134
11 21 1.9712
26 36 8.8215
72 82 27.309
47 57 20.9251
88 98 38.6872
88 98 82.8974
70 80 34.9991
64 74 27.8678
91 100 70.0787
13 23 2.1258
3 13 1.559
1 11 0.8892
100 100 46.9691
8 18 1.0233
60 70 31.5732
9 19 3.0804
1 11 0.382
37 47 8.2547
22 32 7.9959
79 89 46.9157
72 82 60.8197
83 93 47.2986
72 82 21.4619
87 97 31.238
50 60 34.1325
31 41 10.892
69 79 58.6955
69 79 54.5057
82 92 58.944
67 77 55.5532
82 92 22.5179
34 44 17.4239
87 97 79.1726
7 17 0.8787
18 28 5.8221
61 71 39.0925
4 14 1.7766
53 63 28.2131
93 100 66.8977
2 12 0.6479
55 65 34.5544
49 59 21.8865
17 27 5.7078
47 57 17.9869
48 58 18.071
65 75 30.2225
99 100 40.2413
15 25 3.1677
10 20 1.2308
61 71 23.4062
85 95 49.0392
49 59 14.112
92 100 89.4216
3 13 1.4035
14 24 2.036
91 100 56.8471
20 30 6.227
67 77 37.5156
20 30 8.5925
90 100 29.623
11 21 1.7833
10 20 2.3476
21 31 4.5003
38 48 9.5611
45 55 8.3631
22 32 8.7687
10 20 2.0874
67 77 19.5267
97 100 26.0814
90 100 26.7527
96 100 77.6778
40 50 12.7606
88 98 75.3875
47 57 16.249
100 100 32.3613
44 54 22.6034
89 99 40.3543
64 74 14.4522
15 25 3.5521
52 62 32.7836
4 14 1.5299
57 67 39.1776
86 96 64.6159
48 58 19.2633
100 100 40.7299
84 94 42.9471
89 99 53.2447
92 100 43.7133
57 67 33.1857
25 35 6.7782
67 77 30.8569
61 71 16.4463
57 67 11.6104
17 27 3.637
24 34 8.3284
52 62 19.1205
91 100 44.8123
60 70 37.0236
9 19 1.525
92 100 56.8712
55 65 22.9901
60 70 34.0822
71 81 26.152
40 50 24.1287
82 92 64.0464
92 100 38.7469
66 76 37.5622
6 16 1.2164
85 95 67.3631
88 98 51.2541
64 74 49.4729
82 92 28.9154
32 42 17.2948
60 70 32.7836
56 66 15.1344
60 70 40.2882
59 69 14.4028
98 100 86.8661
45 55 25.3663
26 36 4.9613
48 58 22.1455
83 93 76.615
26 36 11.9432
20 30 4.4281
13 23 4.442
97 100 37.0455
45 55 19.0079
62 72 14.8834
92 100 70.8408
33 43 13.4638
57 67 43.5851
54 64 15.6895
33 43 9.244
30 40 14.8379
43 53 24.4669
79 89 20.7007
69 79 34.2401
66 76 39.0375
3 13 0.442
74 84 57.8269
83 93 35.063
85 95 51.6084
6 16 0.741
39 49 12.2738
48 58 29.0025
74 84 57.2761
62 72 43.4307
34 44 9.4341
38 48 7.4442
68 78 17.9997
94 100 72.4337
8 18 2.1966
33 43 9.7431
93 100 78.2429
77 87 64.5452
97 100 60.904
56 66 21.3389
1 11 0.5793
8 18 2.2049
3 13 0.8407
39 49 9.973
4 14 0.8165
78 88 55.58
96 100 42.3241
66 76 36.3404
16 26 4.076
98 100 83.4555
53 63 22.9403
87 97 37.9887
10 20 3.4864
92 100 35.0914
53 63 22.2793
38 48 6.3953
10 20 1.4731
90 100 38.064
21 31 9.382
52 62 27.8911
94 100 49.869
44 54 25.1793
69 79 34.3126
16 26 2.7027
92 100 42.1915
85 95 59.6478
23 33 5.3066
22 32 8.6518
27 37 9.2009
63 73 13.3313
62 72 32.5345
37 47 7.2743
73 83 60.8447
46 56 17.1495
80 90 35.368
59 69 25.4682
55 65 17.0272
29 39 4.9903
24 34 7.5966
16 26 1.9293
47 57 18.6823
38 48 6.0162
37 47 14.4089
82 92 31.7949
47 57 30.2313
4 14 0.6233
65 75 46.9787
45 55 18.8434
90 100 43.8244
83 93 61.5283
8 18 1.56
43 53 8.6836
42 52 14.0753
74 84 31.6631
47 57 13.1377
86 96 80.0381
80 90 52.4828
98 100 46.0294
52 62 19.0035
97 100 50.1774
88 98 65.0668
26 36 6.1405
90 100 37.9875
15 25 5.1679
91 100 39.9867
16 26 1.7062
23 33 3.339
73 83 36.6763
66 76 56.9648
34 44 6.8403
30 40 15.2701
66 76 27.117
16 26 2.3238
1 11 0.7215
4 14 0.5669
42 52 13.9996
25 35 10.2881
8 18 2.1298
91 100 27.1681
47 57 31.3219
44 54 27.5888
34 44 15.3452
83 93 27.9249
73 83 23.4392
15 25 3.8404
52 62 23.4585
74 84 21.092
33 43 8.2858
2 12 0.8093
85 95 77.8842
73 83 49.893
37 47 12.1682
67 77 34.5979
91 100 90.9334
83 93 55.4116
98 100 69.2707
62 72 22.478
70 80 16.7682
48 58 17.6266
30 40 10.888
33 43 5.3306
33 43 9.6883
91 100 96.8787
51 61 16.1813
49 59 8.9377
13 23 5.2753
73 83 54.5382
54 64 11.8398
90 100 54.5116
71 81 52.5248
41 51 15.7244
59 69 44.2052
43 53 9.0902
83 93 73.9187
13 23 2.1503
31 41 12.42
91 100 54.6801
5 15 1.3271
56 66 17.2366
89 99 75.6395
48 58 30.4936
98 100 65.3349
73 83 62.0928
98 100 72.3827
37 47 16.6333
40 50 11.8315
96 100 99.2136
39 49 17.9852
25 35 4.1559
92 100 38.7581
74 84 22.0919
13 23 1.6376
10 20 1.239
29 39 8.167
90 100 72.1361
34 44 18.1357
53 63 11.039
30 40 8.5796
39 49 18.5528
64 74 33.6771
34 44 7.0921
5 15 0.7327
7 17 2.6745
60 70 32.9545
80 90 50.834
45 55 25.843
15 25 2.1194
74 84 40.3504
33 43 7.6884
20 30 8.7563
87 97 27.8964
82 92 26.8397
44 54 16.3677
70 80 30.5522
72 82 24.1386
93 100 31.0316
98 100 78.9468
50 60 16.0809
90 100 60.185
36 46 11.0736
99 100 54.2226
73 83 31.9248
53 63 21.361
45 55 7.9789
92 100 28.8337
10 20 3.5816
44 54 20.8538
6 16 1.4784
34 44 11.5355
54 64 26.6339
63 73 19.9881
16 26 1.9407
77 87 20.9718
81 91 81.2288
29 39 12.653
14 24 5.5056
95 100 46.7897
28 38 8.7646
83 93 30.0786
58 68 20.9434
30 40 7.9586
21 31 2.5091
41 51 21.9708
88 98 37.9604
43 53 16.7911
11 21 1.2605
56 66 34.349
91 100 70.2127
51 61 25.1673
92 100 65.4643
1 11 0.4797
56 66 26.6225
67 77 57.3806
36 46 20.8474
90 100 42.8829
78 88 23.7452
54 64 30.4527
27 37 13.2729
67 77 19.8845
83 93 37.6345
97 100 34.491
50 60 26.7217
90 100 77.5263
31 41 14.2982
71 81 23.3163
56 66 20.2257
53 63 19.3838
89 99 93.2113
30 40 6.9664
77 87 30.1698
33 43 7.7724
74 84 43.3346
5 15 2.0918
38 48 9.7176
55 65 12.5196
90 100 89.0022
30 40 8.7498
58 68 36.4405
99 100 38.0208
54 64 18.7862
40 50 10.0533
4 14 1.2569
68 78 56.8833
15 25 2.4411
85 95 37.3822
54 64 28.5498
24 34 4.3882
30 40 6.6075
39 49 17.7974
81 91 26.4021
1 11 0.7417
56 66 20.7071
99 100 26.3426
80 90 51.3989
100 100 97.4939
85 95 30.2566
1 11 0.7515
98 100 90.1455
17 27 4.3297
71 81 51.9293
68 78 28.1887
55 65 22.3691
66 76 19.8586
68 78 22.8216
55 65 17.9352
20 30 6.0408
99 100 88.2886
51 61 25.1823
27 37 5.4485
20 30 8.6783
44 54 10.6256
36 46 5.7025
83 93 31.6204
95 100 38.1183
46 56 26.7703
64 74 52.5451
14 24 2.5217
38 48 17.3606
39 49 14.8664
18 28 2.4731
14 24 4.1104
48 58 30.7537
6 16 2.0584
50 60 33.5334
41 51 11.3819
63 73 27.6708
78 88 33.8038
65 75 43.3952
12 22 3.1124
10 20 2.6576
99 100 59.2561
69 79 61.5299
33 43 14.2831
79 89 48.733
71 81 26.199
33 43 10.6094
8 18 1.8276
48 58 16.1564
71 81 19.0122
22 32 2.641
42 52 13.1211
87 97 93.4741
40 50 23.5206
10 20 2.0782
82 92 39.1701
29 39 8.9628
100 100 38.2283
27 37 8.2157
8 18 2.5693
78 88 70.9941
97 100 32.7894
14 24 2.2536
86 96 58.622
41 51 7.048
9 19 1.4405
84 94 69.4539
32 42 6.0802
25 35 4.1816
60 70 39.3154
68 78 33.0947
52 62 35.076
69 79 32.2
5 15 0.8008
52 62 12.1724
88 98 24.8273
1 11 1.0758
90 100 28.7628
89 99 53.6351
99 100 60.9633
5 15 2.0979
54 64 12.6715
85 95 60.2331
26 36 11.6964
100 100 54.2535
6 16 1.3044
42 52 7.1711
80 90 27.0161
58 68 33.5646
40 50 18.6555
21 31 8.9604
46 56 29.875
50 60 18.6227
66 76 28.0402
94 100 77.6179
60 70 45.8993
58 68 12.8752
37 47 6.6802
97 100 79.2812
33 43 14.8171
21 31 5.6796
20 30 4.7974
52 62 17.6215
20 30 5.2409
31 41 9.3446
31 41 14.5268
81 91 54.2653
79 89 26.4463
14 24 1.7406
45 55 15.3084
86 96 27.1743
100 100 50.9139
20 30 7.4824
15 25 3.7164
80 90 53.7377
47 57 25.4874
40 50 20.2266
4 14 0.6824
53 63 28.4665
76 86 28.4846
87 97 41.6554
82 92 21.3712
3 13 0.8793
68 78 46.6325
42 52 17.546
82 92 46.206
41 51 15.4009
56 66 28.5925
25 35 4.1473
57 67 18.8234
84 94 22.7319
32 42 7.0193
44 54 20.0874
16 26 4.1861
62 72 48.6702
49 59 27.8657
78 88 50.244
20 30 4.235
89 99 87.5179
79 89 40.1664
63 73 14.2914
42 52 9.5222
14 24 3.0005
67 77 35.988
23 33 9.463
3 13 1.326
75 85 63.325
59 69 23.1217
48 58 20.9114
33 43 9.5191
58 68 14.9282
1 11 1.0169
67 77 36.0889
33 43 5.977
51 61 28.9025
96 100 99.5445
37 47 13.6036
21 31 6.0969
13 23 2.3578
87 97 86.4993
77 87 54.4526
43 53 27.1222
91 100 64.9169
30 40 13.5181
30 40 10.6576
40 50 8.5311
25 35 8.0248
88 98 48.7581
35 45 5.7509
68 78 56.1271
30 40 10.3086
2 12 0.735
32 42 7.106
5 15 1.6287
76 86 27.656
18 28 3.8447
61 71 48.4235
25 35 4.9107
75 85 42.972
57 67 42.1383
14 24 3.6386
58 68 16.4666
47 57 19.4031
61 71 18.2765
49 59 32.7138
52 62 37.7524
47 57 20.4177
31 41 5.4294
63 73 14.8795
32 42 6.867
51 61 32.1886
45 55 8.699
36 46 14.3391
54 64 28.7596
58 68 22.4325
74 84 30.7448
14 24 2.2632
50 60 10.3819
77 87 35.3395
80 90 25.0731
43 53 12.3503
91 100 50.2327
3 13 0.9314
86 96 44.0936
68 78 32.5037
26 36 6.9153
61 71 13.1696
9 19 3.323
26 36 3.7632
82 92 59.3732
74 84 40.2552
97 100 34.2131
3 13 1.1526
47 57 23.2372
43 53 9.6398
95 100 29.8651
65 75 36.4309
88 98 26.0416
32 42 9.4932
50 60 15.0839
67 77 27.2599
14 24 2.1877
96 100 48.5029
65 75 54.3125
15 25 6.0683
47 57 13.0878
64 74 51.4204
63 73 22.1229
46 56 16.976
25 35 10.0388
100 100 60.2719
99 100 28.1006
43 53 19.7785
2 12 0.9495
66 76 45.491
36 46 12.043
51 61 14.8579
29 39 13.2751
48 58 9.524
79 89 52.4509
88 98 27.8594
92 100 40.8653
2 12 0.7832
68 78 30.6982
75 85 51.8875
57 67 26.9683
31 41 13.3985
29 39 10.4394
46 56 22.9959
71 81 33.1914
16 26 3.6803
46 56 28.4057
36 46 15.4724
64 74 27.5961
57 67 29.9548
31 41 5.006
54 64 29.8072
36 46 9.3887
73 83 33.066
5 15 2.0848
96 100 83.5067
10 20 1.9138
13 23 5.1397
66 76 27.8341
10 20 3.8498
68 78 42.9261
93 100 44.6732
95 100 25.6299
19 29 5.9986
15 25 4.8163
67 77 38.0097
18 28 2.3901
10 20 2.1272
77 87 23.3869
4 14 1.7213
95 100 76.0436
6 16 1.4326
60 70 36.594
83 93 37.7573
6 16 1.9864
52 62 17.2051
28 38 10.7623
99 100 50.5692
47 57 25.7648
31 41 7.9023
40 50 10.3259
55 65 16.9365
75 85 37.675
69 79 28.1876
69 79 45.8519
2 12 0.62
3 13 1.6551
46 56 12.8537
99 100 86.57
3 13 0.4552
15 25 4.9707
93 100 81.1477
37 47 6.5301
68 78 44.071
33 43 7.0735
5 15 0.5657
82 92 41.0817
64 74 32.3056
6 16 1.7059
91 100 87.2842
1 11 0.7618
30 40 6.1981
39 49 7.7151
16 26 4.3426
63 73 27.7824
30 40 4.4062
2 12 0.5298
66 76 36.874
49 59 11.8997
79 89 29.3612
36 46 19.4349
100 100 55.4995
12 22 1.7782
27 37 12.4884
51 61 16.1974
62 72 20.5182
90 100 48.208
73 83 24.4728
24 34 2.9498
97 100 61.9448
58 68 34.4475
88 98 25.9274
93 100 54.723
79 89 35.1068
58 68 33.5809
7 17 0.8945
88 98 46.4838
67 77 31.5698
97 100 93.6076
83 93 31.7679
73 83 22.1832
87 97 62.1922
62 72 44.9758
73 83 67.6918
28 38 4.6466
90 100 33.9586
3 13 0.9229
97 100 54.6742
99 100 44.4822
92 100 27.2233
55 65 17.3056
99 100 71.8392
17 27 6.9416
28 38 6.9153
58 68 22.2756
43 53 25.7353
3 13 0.8889
47 57 16.0977
80 90 55.0609
48 58 29.0359
80 90 23.915
72 82 62.5286
25 35 7.8176
39 49 10.7224
89 99 76.0332
17 27 3.8612
27 37 9.2276
71 81 53.1164
63 73 21.3379
76 86 38.9126
98 100 30.6274
74 84 28.3162
33 43 8.1745
76 86 55.9773
6 16 1.4918
85 95 26.2277
49 59 26.3415
49 59 12.4165
22 32 7.0172
56 66 41.8881
85 95 72.1294
87 97 74.1872
66 76 19.4172
33 43 8.344
47 57 18.602
3 13 1.4499
68 78 32.6121
22 32 8.3042
12 22 2.7993
48 58 32.158
100 100 59.9788
87 97 79.6503
44 54 10.9243
64 74 42.6344
63 73 40.4356
43 53 24.5124
86 96 44.7494
21 31 5.5117
7 17 1.8088
56 66 31.9395
94 100 48.0873
7 17 2.491
25 35 10.4639
75 85 34.4311
69 79 18.238
31 41 5.7903
83 93 25.8888
11 21 2.2834
97 100 97.3715
59 69 21.6151
74 84 57.6324
71 81 17.8185
19 29 4.1112
97 100 52.5654
93 100 43.7992
36 46 15.3327
2 12 0.4326
85 95 82.2613
45 55 15.0296
38 48 11.5233
44 54 15.537
28 38 9.6063
66 76 53.3017
90 100 59.6185
21 31 5.8433
45 55 28.0847
96 100 50.9382
32 42 4.4982
46 56 9.6311
38 48 15.8754
26 36 3.249
81 91 73.4106
21 31 2.7351
97 100 42.4713
45 55 24.0924
42 52 13.0653
84 94 74.065
28 38 6.2475
24 34 3.8683
26 36 6.6306
86 96 66.8306
89 99 73.3301
25 35 5.7917
13 23 2.2234
56 66 15.2397
78 88 58.2749
97 100 69.1592
24 34 3.4003
83 93 41.9969
20 30 8.5229
20 30 2.5905
88 98 74.9783
44 54 9.932
14 24 4.1071
51 61 15.004
63 73 25.4339
58 68 21.5342
37 47 11.6615
25 35 9.651
91 100 94.3773
26 36 4.0453
1 11 0.6795
85 95 74.3648
45 55 14.2907
59 69 28.4569
64 74 22.0477
32 42 16.4917
97 100 85.3573
5 15 1.606
22 32 6.4892
58 68 16.7068
77 87 19.345
94 100 84.199
20 30 6.0792
44 54 24.2941
43 53 9.4815
44 54 7.3767
45 55 22.1427
30 40 6.8948
