900 27224 9.9499
26 36 10.0876
74 84 19.3336
5 15 0.9894
66 76 18.2654
58 68 13.9779
59 69 40.9344
9 19 1.8785
4 14 1.4658
11 21 1.9842
77 87 38.1245
79 89 27.6834
75 85 28.2025
12 22 3.5589
83 93 36.617
41 51 9.9099
61 71 12.7299
90 100 32.7848
88 98 28.1207
44 54 12.9888
2 12 0.4394
13 23 3.3474
83 93 68.7622
43 53 15.9712
48 58 29.733
69 79 27.6929
9 19 1.4806
64 74 18.5571
57 67 40.1335
19 29 3.5412
14 24 3.0793
94 100 28.6557
12 22 4.1559
92 100 36.6776
85 95 58.8857
73 83 65.529
62 72 51.4204
52 62 19.0952
80 90 31.1431
99 100 93.1959
55 65 22.0224
28 38 5.5399
58 68 12.3152
83 93 39.3907
48 58 11.5546
18 28 3.3911
13 23 2.745
60 70 47.8034
53 63 16.5429
78 88 36.3971
21 31 4.4749
12 22 3.5986
11 21 2.2494
95 100 55.6322
47 57 16.7396
16 26 5.9492
25 35 7.1358
70 80 34.4064
11 21 4.1743
24 34 3.4752
1 11 0.454
48 58 9.4753
64 74 15.9369
30 40 13.6915
25 35 7.0193
28 38 4.4054
57 67 32.1591
21 31 8.7889
5 15 0.6169
86 96 24.96
8 18 1.7713
8 18 2.4841
51 61 12.5663
31 41 11.7128
82 92 25.7942
19 29 6.5331
94 100 82.5554
38 48 15.8539
94 100 49.7152
64 74 44.8378
15 25 2.0036
62 72 17.4089
2 12 0.6683
27 37 9.0439
84 94 64.2498
96 100 83.7683
94 100 80.2261
43 53 16.7379
57 67 11.524
13 23 2.3375
26 36 7.6281
14 24 2.4059
87 97 77.7924
42 52 18.4333
100 100 29.2162
61 71 39.0188
18 28 3.7168
88 98 46.4224
99 100 50.305
31 41 7.1958
6 16 1.762
35 45 7.6044
57 67 43.1833
52 62 9.6603
50 60 26.7175
14 24 3.2494
72 82 39.5176
23 33 4.9939
79 89 29.5947
37 47 17.4515
30 40 11.5716
17 27 4.7629
99 100 89.9387
33 43 13.9682
53 63 14.2212
97 100 69.8211
1 11 0.6618
84 94 24.5421
4 14 1.8349
12 22 2.504
36 46 16.4804
85 95 74.9662
3 13 1.0447
64 74 45.2498
12 22 3.4225
46 56 10.2592
71 81 52.1457
91 100 92.6926
83 93 82.1108
97 100 99.8181
88 98 49.22
65 75 33.8934
56 66 28.7425
80 90 51.0596
51 61 18.5347
37 47 15.552
8 18 0.881
94 100 31.6699
92 100 67.9817
73 83 22.8713
38 48 6.4658
28 38 11.1957
92 100 88.3694
76 86 41.6567
83 93 40.8717
56 66 29.5555
9 19 2.9705
77 87 67.1089
28 38 14.3255
32 42 16.3636
87 97 26.3066
68 78 21.9905
98 100 34.1395
65 75 21.16
27 37 9.9401
22 32 7.2528
28 38 11.4657
36 46 8.6836
84 94 25.6269
79 89 30.4274
24 34 9.1029
20 30 3.0853
90 100 35.0914
84 94 29.8476
74 84 59.9153
42 52 19.2502
56 66 15.4488
35 45 13.082
3 13 0.5102
91 100 64.3332
76 86 26.7062
39 49 20.9489
90 100 52.6104
82 92 46.2305
40 50 14.0056
5 15 2.1916
94 100 80.8111
33 43 11.175
68 78 52.6597
30 40 8.9413
55 65 27.9312
11 21 1.5698
61 71 32.0764
85 95 73.3695
99 100 81.9568
96 100 66.4486
7 17 2.5747
17 27 4.586
20 30 2.5262
79 89 24.8432
50 60 27.6571
41 51 11.5505
92 100 34.7522
34 44 13.3802
43 53 25.0921
28 38 13.8035
52 62 24.1444
61 71 32.8318
86 96 23.7471
68 78 20.2446
51 61 18.4127
75 85 49.6461
81 91 81.4308
34 44 12.8042
59 69 43.0493
81 91 21.8005
40 50 23.7569
45 55 7.6951
40 50 8.9437
52 62 27.551
85 95 87.5591
21 31 5.4457
16 26 3.6351
35 45 5.9351
75 85 58.4797
39 49 8.4512
1 11 0.3623
44 54 23.54
8 18 2.2034
81 91 58.4996
57 67 44.152
86 96 48.7609
60 70 14.231
42 52 15.2631
48 58 22.1634
87 97 37.9394
67 77 46.4892
52 62 22.8943
52 62 14.2499
27 37 6.7268
42 52 14.3482
52 62 26.2298
84 94 24.8442
52 62 33.3206
35 45 19.1266
97 100 49.6743
4 14 1.493
87 97 70.0653
90 100 64.5677
27 37 13.2569
15 25 1.8155
66 76 20.8018
86 96 58.9302
53 63 28.1292
48 58 24.2734
74 84 57.3897
32 42 8.0832
46 56 11.8653
12 22 1.7303
13 23 1.4414
6 16 1.3556
70 80 25.064
86 96 24.7705
71 81 63.8992
78 88 35.9484
53 63 20.5599
63 73 14.1526
72 82 30.0775
62 72 34.6026
3 13 0.7487
44 54 15.1625
75 85 31.0227
7 17 2.1319
9 19 1.0375
70 80 35.267
81 91 46.4947
14 24 4.1095
59 69 46.8184
43 53 8.6142
19 29 3.2458
55 65 28.8358
62 72 20.5399
71 81 39.005
26 36 5.1357
94 100 67.2367
97 100 87.258
10 20 2.4996
23 33 3.0109
46 56 25.5652
17 27 3.2271
92 100 44.7133
76 86 32.9361
94 100 60.9196
70 80 22.4098
49 59 29.9384
97 100 32.0016
69 79 18.8755
53 63 9.9692
42 52 7.3968
1 11 0.6211
46 56 11.6356
62 72 16.3717
15 25 4.9138
89 99 40.2349
18 28 3.7967
29 39 5.2528
36 46 8.5141
85 95 38.8528
36 46 17.0635
49 59 31.9903
31 41 9.6528
82 92 66.8879
92 100 93.1032
72 82 42.453
33 43 5.6815
25 35 11.1082
82 92 43.5204
19 29 6.447
16 26 5.123
77 87 23.2016
9 19 2.687
55 65 27.24
15 25 2.5326
51 61 26.7217
88 98 75.3216
7 17 2.8781
39 49 21.1848
86 96 57.8741
60 70 24.4174
1 11 0.3327
16 26 3.2209
75 85 33.3125
39 49 11.9225
48 58 20.2635
60 70 22.9192
34 44 11.0816
74 84 49.4336
68 78 18.8556
73 83 19.4843
60 70 12.5132
19 29 5.4154
87 97 44.4009
11 21 4.3015
62 72 49.7617
21 31 8.1567
93 100 80.9064
76 86 43.8867
11 21 2.0087
95 100 40.4916
34 44 18.3861
28 38 3.7589
42 52 8.4164
78 88 38.0664
37 47 14.3315
13 23 4.6488
85 95 75.7144
19 29 6.9738
65 75 17.964
78 88 39.0163
74 84 48.8
63 73 18.3527
34 44 4.8929
13 23 1.5705
21 31 4.0877
17 27 2.742
67 77 31.7814
38 48 10.9925
48 58 24.2241
50 60 28.2205
85 95 87.7913
41 51 8.7865
2 12 0.4385
38 48 17.9937
74 84 50.8055
37 47 8.1951
34 44 4.8757
69 79 39.11
35 45 12.1494
90 100 57.9471
68 78 40.0031
77 87 67.2482
72 82 55.9025
69 79 56.1061
48 58 12.7628
69 79 42.6866
79 89 62.3974
98 100 46.8828
9 19 1.1872
99 100 98.7022
6 16 0.8976
28 38 9.382
78 88 62.869
49 59 13.5844
1 11 0.5687
89 99 54.6594
22 32 6.3227
91 100 54.2565
69 79 47.7495
98 100 67.4287
42 52 9.0366
47 57 21.8285
7 17 1.7857
48 58 9.021
7 17 1.8312
52 62 12.5465
85 95 40.9766
26 36 5.0198
92 100 88.6196
78 88 59.7112
31 41 5.3968
85 95 38.1245
16 26 1.8564
91 100 68.5683
26 36 3.3603
25 35 4.1067
23 33 4.2469
97 100 26.0478
53 63 22.3464
58 68 38.4896
55 65 18.9451
45 55 7.5911
54 64 27.5048
55 65 11.7149
68 78 18.0319
94 100 74.1166
97 100 60.8104
24 34 6.0241
1 11 0.3078
62 72 48.3915
59 69 19.5426
43 53 8.5978
64 74 21.1941
28 38 7.7445
8 18 0.8978
16 26 2.3308
91 100 74.2286
36 46 18.4814
31 41 6.9358
100 100 58.0126
50 60 34.6933
11 21 2.8917
83 93 45.1369
91 100 47.6873
76 86 35.14
22 32 9.6125
26 36 4.5963
70 80 27.9936
96 100 91.786
7 17 2.7176
47 57 10.0457
71 81 30.6838
44 54 18.2919
74 84 21.5472
89 99 46.8787
77 87 40.85
39 49 22.3313
14 24 2.4458
33 43 10.2797
53 63 15.6761
72 82 25.004
87 97 79.1815
7 17 1.2611
30 40 9.4895
30 40 4.0293
81 91 27.7571
63 73 52.7512
60 70 37.0637
96 100 96.0145
20 30 7.2496
72 82 22.353
74 84 63.3727
74 84 59.2269
11 21 2.8968
51 61 21.6727
95 100 29.9888
82 92 29.4947
36 46 17.7772
52 62 23.6371
70 80 27.0234
55 65 13.7026
65 75 35.2064
25 35 8.2984
98 100 47.9639
79 89 27.5709
100 100 26.1694
40 50 13.0776
77 87 32.8386
29 39 11.248
20 30 6.2745
28 38 11.2936
60 70 46.7514
8 18 1.4323
4 14 0.7774
38 48 23.0064
89 99 63.395
13 23 2.7034
46 56 30.7237
34 44 10.4213
30 40 4.6535
65 75 30.7936
86 96 52.0303
64 74 28.5583
75 85 60.8946
98 100 31.6541
5 15 0.7285
98 100 37.5487
2 12 1.3458
46 56 12.8795
91 100 64.1537
90 100 30.3028
69 79 37.0187
22 32 3.1149
50 60 34.1593
60 70 23.9522
62 72 13.5785
53 63 36.919
29 39 5.6345
76 86 73.7537
34 44 5.8375
24 34 3.5231
34 44 5.9127
49 59 11.0091
19 29 7.0225
7 17 2.3935
67 77 26.7103
9 19 3.2271
23 33 9.077
37 47 15.5157
83 93 79.4095
39 49 11.027
85 95 55.7128
50 60 22.573
63 73 15.4905
18 28 1.9771
65 75 41.7717
50 60 11.802
11 21 2.6523
41 51 17.4022
36 46 7.5109
46 56 27.8109
32 42 7.3566
54 64 19.4975
35 45 17.3322
5 15 0.8003
66 76 19.2686
89 99 31.0996
68 78 48.2664
32 42 8.5246
68 78 47.9875
57 67 11.365
5 15 1.486
22 32 4.5314
27 37 4.4736
6 16 1.7379
56 66 25.1111
22 32 3.7787
100 100 61.7419
26 36 12.318
85 95 30.3645
94 100 59.8534
35 45 9.7163
42 52 14.3611
23 33 3.0741
66 76 21.5315
81 91 23.9317
35 45 10.5911
30 40 9.7675
100 100 27.0317
18 28 7.1033
100 100 93.5186
71 81 17.0371
78 88 31.7014
85 95 60.7698
6 16 1.7043
46 56 28.0042
7 17 0.8449
17 27 2.9708
85 95 64.452
96 100 55.19
98 100 54.3582
12 22 4.0293
48 58 29.358
79 89 36.4731
75 85 40.6712
14 24 1.7676
77 87 53.1835
84 94 74.698
75 85 58.3375
97 100 26.239
7 17 1.143
10 20 3.9968
26 36 3.4674
53 63 19.479
13 23 2.0415
17 27 3.5367
12 22 4.5557
4 14 0.6288
49 59 19.7811
6 16 1.0725
27 37 3.6393
99 100 60.0393
44 54 9.5475
63 73 23.4566
61 71 22.9671
23 33 7.1851
47 57 17.0643
82 92 64.0144
63 73 13.3305
99 100 93.5708
54 64 34.7381
32 42 7.048
25 35 11.1629
97 100 68.5534
4 14 0.4939
75 85 54.6905
94 100 67.0581
66 76 33.4281
86 96 85.97
8 18 2.9268
87 97 79.1602
89 99 87.8381
38 48 19.4737
36 46 6.4227
30 40 12.7835
24 34 3.5876
31 41 11.877
57 67 14.043
58 68 30.5964
34 44 5.3898
85 95 34.3724
65 75 20.1377
37 47 9.5642
87 97 44.2784
19 29 6.3454
4 14 0.6912
74 84 42.4244
88 98 55.6143
1 11 1.0443
16 26 2.6047
91 100 64.9233
89 99 50.4114
69 79 39.2402
66 76 29.1481
83 93 58.4047
30 40 5.1506
65 75 19.4525
2 12 1.0893
88 98 33.4153
42 52 18.7091
65 75 16.4674
35 45 5.47
42 52 26.5709
73 83 60.3651
44 54 12.0173
76 86 19.5081
21 31 8.3862
79 89 61.2134
59 69 20.1951
36 46 6.3751
40 50 15.1399
50 60 32.6738
58 68 19.2782
77 87 32.4433
24 34 8.5978
94 100 94.255
13 23 1.4285
35 45 5.8163
95 100 93.277
57 67 24.3908
1 11 0.7848
44 54 26.8614
19 29 7.5697
26 36 6.1222
79 89 72.2466
23 33 4.9867
47 57 13.5615
66 76 25.6046
9 19 2.0895
74 84 32.5185
12 22 3.1149
43 53 22.4885
21 31 5.2799
19 29 5.9263
41 51 10.7722
59 69 32.6841
22 32 2.7939
41 51 22.0665
80 90 50.2142
28 38 12.3756
30 40 13.5667
65 75 23.4101
75 85 58.3054
29 39 4.1217
39 49 6.3358
6 16 1.1177
85 95 47.0857
36 46 6.0241
100 100 42.3476
4 14 0.7702
95 100 40.4025
83 93 51.987
28 38 6.1058
86 96 74.5477
62 72 24.1081
56 66 28.7725
6 16 2.4549
42 52 15.7839
48 58 10.0673
16 26 5.8758
1 11 0.5696
85 95 59.4086
27 37 10.9396
27 37 9.9231
50 60 27.6098
14 24 1.486
21 31 6.4176
68 78 15.2537
30 40 14.9831
43 53 11.7464
68 78 55.0712
81 91 66.5318
62 72 17.9666
21 31 4.9293
39 49 10.2355
94 100 68.3813
71 81 30.0337
82 92 22.572
42 52 26.0437
9 19 3.4099
89 99 60.0083
63 73 30.2698
67 77 35.4882
92 100 35.518
98 100 33.8538
51 61 35.9448
92 100 47.7937
8 18 0.8174
31 41 11.824
79 89 28.3365
41 51 21.9361
38 48 13.5844
81 91 67.6835
37 47 18.7307
28 38 10.7722
16 26 2.2901
56 66 12.5684
49 59 9.9338
55 65 13.5645
98 100 54.0166
8 18 1.8501
9 19 3.4577
50 60 33.0476
42 52 22.8599
74 84 22.3407
39 49 6.7839
76 86 18.602
57 67 44.5089
16 26 4.9925
11 21 3.9872
24 34 5.2007
87 97 57.8406
8 18 1.8942
29 39 10.178
72 82 52.7933
84 94 69.2474
63 73 28.5338
14 24 2.1691
8 18 1.6543
52 62 36.1249
88 98 42.3046
23 33 8.4379
49 59 19.1835
50 60 25.1492
19 29 7.3116
20 30 8.5241
91 100 26.0171
34 44 10.8438
27 37 7.3631
8 18 0.922
79 89 39.8312
71 81 44.4196
42 52 21.7417
2 12 1.3156
47 57 17.269
33 43 10.6524
88 98 59.8921
45 55 15.5362
92 100 30.6074
77 87 23.9875
72 82 16.8617
90 100 78.0731
54 64 20.8484
90 100 43.0152
75 85 40.9856
5 15 1.9757
62 72 47.4749
52 62 11.7204
60 70 35.2159
73 83 62.0771
86 96 53.2258
97 100 57.4928
73 83 45.1853
47 57 22.8685
11 21 3.4969
96 100 88.0369
10 20 1.4499
72 82 45.9996
67 77 57.0236
67 77 46.5015
97 100 26.0324
86 96 44.5263
68 78 51.4864
93 100 49.8408
39 49 7.6469
5 15 1.6762
5 15 1.1833
81 91 56.3205
98 100 49.1289
5 15 0.9204
56 66 24.3148
50 60 13.2613
49 59 15.8579
88 98 91.9566
70 80 39.9247
21 31 6.8309
92 100 27.0837
92 100 28.0805
38 48 21.1186
51 61 19.3961
18 28 4.3681
34 44 5.4317
64 74 37.4177
66 76 24.0316
95 100 82.5881
77 87 64.0336
64 74 19.6258
91 100 38.9239
93 100 34.1348
42 52 18.9704
82 92 32.943
42 52 15.6412
86 96 76.6133
86 96 83.0741
14 24 4.6755
19 29 8.0304
2 12 1.0696
51 61 23.6225
65 75 14.088
53 63 31.026
92 100 45.2929
48 58 22.2473
14 24 1.7085
24 34 5.7514
6 16 0.8842
92 100 65.4465
72 82 28.4953
98 100 91.9566
57 67 44.1095
25 35 4.8642
100 100 87.3851
41 51 10.3716
20 30 5.3481
94 100 66.8519
54 64 31.9937
34 44 9.3679
95 100 91.4644
49 59 34.0344
64 74 13.8191
51 61 9.8307
75 85 56.9557
89 99 29.0791
47 57 16.8716
73 83 52.1385
1 11 0.4058
41 51 19.138
7 17 2.4589
86 96 27.5079
47 57 10.1067
59 69 43.8535
13 23 2.6452
76 86 57.7843
25 35 3.8041
83 93 57.2338
2 12 1.2798
36 46 10.4342
17 27 4.6229
36 46 10.3678
14 24 1.5188
27 37 5.5155
28 38 7.9113
45 55 16.9283
4 14 1.0945
55 65 15.7331
48 58 17.2757
9 19 2.3849
77 87 19.0018
46 56 20.2788
84 94 62.5317
45 55 26.7558
58 68 17.2225
60 70 33.4778
34 44 5.0414
27 37 9.2532
26 36 8.0878
68 78 55.7397
98 100 42.1954
54 64 22.1286
25 35 10.9727
25 35 4.5685
28 38 11.3017
36 46 15.5867
