100 2732 4.3589
86 96 57.3246
8 18 1.1955
45 55 18.8443
18 28 6.058
70 80 26.152
15 25 4.8952
89 99 26.3446
86 96 82.0129
34 44 7.0442
26 36 7.7117
96 100 97.7192
13 23 4.4965
70 80 17.714
35 45 18.9564
1 11 0.3476
49 59 23.088
34 44 6.2866
85 95 22.8876
53 63 21.1968
56 66 25.1472
77 87 23.6254
4 14 1.826
3 13 1.2113
38 48 7.2792
14 24 3.3852
5 15 0.6834
42 52 11.5315
9 19 1.7548
33 43 5.6854
6 16 0.9746
93 100 95.6993
10 20 1.3343
53 63 35.1768
69 79 16.1532
71 81 26.5586
11 21 4.2762
90 100 60.7714
40 50 15.5086
42 52 7.0464
8 18 2.6494
49 59 10.1188
19 29 5.7682
47 57 24.2379
8 18 0.9692
83 93 22.2595
46 56 20.5082
30 40 6.6838
3 13 0.8261
100 100 81.624
55 65 22.2218
16 26 5.8284
78 88 27.0369
33 43 13.7745
26 36 11.6684
68 78 51.7306
18 28 5.8598
27 37 8.7249
5 15 0.8921
43 53 23.2565
51 61 10.3459
96 100 96.861
63 73 33.0602
18 28 2.3168
99 100 26.1121
40 50 10.8781
87 97 72.5461
47 57 16.1283
100 100 31.7634
92 100 61.5707
25 35 11.6738
19 29 7.3197
14 24 3.5055
11 21 1.1951
50 60 26.539
27 37 12.0041
93 100 98.1249
39 49 11.0869
51 61 22.1926
61 71 47.9986
84 94 62.9626
95 100 29.227
86 96 50.4555
42 52 12.4793
82 92 59.2592
12 22 3.3801
11 21 3.5003
42 52 15.6681
64 74 30.0622
70 80 52.4364
86 96 30.6495
19 29 8.1048
13 23 5.2025
95 100 33.5102
8 18 0.8501
24 34 9.785
71 81 18.0064
4 14 0.8165
34 44 6.3207
56 66 25.4621
2 12 0.6519
