400 11982 4.3589
45 55 29.8138
55 65 16.1419
31 41 10.9382
30 40 12.0048
84 94 67.6638
80 90 62.3595
88 98 72.1327
2 12 0.8705
86 96 85.5773
94 100 87.458
41 51 21.3953
2 12 0.4478
38 48 12.2472
88 98 42.2188
17 27 3.3588
50 60 12.4299
46 56 29.7767
80 90 30.7005
92 100 56.9285
16 26 2.553
23 33 6.3645
70 80 26.2318
68 78 19.1118
38 48 16.569
79 89 23.7705
27 37 3.9744
81 91 46.4647
7 17 1.414
90 100 94.8832
13 23 4.8215
34 44 9.0336
74 84 55.9923
88 98 51.699
42 52 6.7657
33 43 6.4536
23 33 5.2162
51 61 21.8912
59 69 30.4263
43 53 7.1209
44 54 22.8417
21 31 5.4536
88 98 61.6319
15 25 4.1714
14 24 4.4902
69 79 39.4233
4 14 1.4639
25 35 9.6404
19 29 4.7093
64 74 28.3876
11 21 4.1779
28 38 13.4315
48 58 21.0121
25 35 7.5016
5 15 1.0284
99 100 87.9994
36 46 19.2633
29 39 11.3098
35 45 16.345
39 49 9.7082
51 61 21.8912
87 97 90.3926
56 66 35.0535
15 25 3.4229
25 35 7.8691
15 25 2.2198
78 88 31.4901
61 71 45.6868
44 54 21.4415
83 93 29.5827
12 22 2.6988
47 57 16.8321
23 33 7.793
99 100 92.183
35 45 8.9766
33 43 16.7739
94 100 70.6608
37 47 13.3415
39 49 13.854
98 100 89.9102
42 52 13.5895
3 13 1.6812
82 92 32.0243
67 77 24.9011
6 16 1.1881
32 42 16.9151
9 19 1.6618
58 68 42.8488
87 97 33.5345
71 81 55.6158
20 30 4.3501
56 66 27.039
61 71 43.0034
66 76 37.2735
33 43 10.8228
72 82 25.7709
6 16 0.8991
44 54 10.6459
91 100 32.0798
70 80 16.0833
60 70 44.305
36 46 19.3758
92 100 82.118
64 74 48.5057
5 15 0.926
2 12 0.76
29 39 14.9591
46 56 17.7418
90 100 43.3306
20 30 5.7423
71 81 17.4381
44 54 16.3483
66 76 42.6814
21 31 5.3912
98 100 51.6214
99 100 43.7754
17 27 2.7726
68 78 53.5312
20 30 6.1891
71 81 49.2411
84 94 38.3099
81 91 79.0108
76 86 40.7925
82 92 68.5899
15 25 3.3566
10 20 1.73
18 28 7.0368
72 82 28.3812
53 63 13.8518
21 31 5.2121
9 19 2.1518
7 17 1.8314
15 25 1.5693
8 18 2.3513
17 27 4.6397
49 59 20.1853
50 60 27.7392
25 35 4.8523
88 98 43.5389
94 100 38.63
15 25 2.7268
34 44 12.9305
55 65 22.8981
7 17 2.3004
80 90 72.1922
78 88 68.9747
85 95 51.7594
3 13 0.8077
75 85 38.975
8 18 1.9177
21 31 5.3421
59 69 24.111
21 31 4.3781
26 36 5.099
97 100 53.3455
42 52 20.0596
9 19 3.1927
72 82 34.934
7 17 1.7812
97 100 88.0839
61 71 38.1368
51 61 23.0755
8 18 3.112
66 76 44.9906
25 35 9.2161
72 82 47.8228
90 100 28.8713
74 84 31.5181
60 70 17.2374
73 83 26.4926
23 33 6.6044
40 50 6.4191
22 32 4.9693
66 76 44.5917
1 11 0.6577
19 29 6.0669
74 84 37.2845
58 68 32.334
59 69 39.7732
59 69 26.0947
40 50 19.5576
29 39 8.8191
43 53 7.8961
85 95 55.7486
93 100 78.0254
45 55 16.8477
71 81 56.8818
40 50 14.0895
26 36 11.1636
36 46 14.5619
11 21 3.7671
78 88 36.8291
88 98 54.1093
93 100 50.5706
98 100 27.1952
17 27 2.0538
34 44 8.7344
65 75 27.4482
97 100 72.4184
59 69 12.0097
74 84 50.2993
61 71 46.7623
1 11 0.5088
21 31 5.2075
94 100 34.2728
59 69 38.9451
55 65 13.4058
82 92 37.2942
33 43 5.2203
52 62 14.7057
71 81 57.464
1 11 1.1543
7 17 1.408
31 41 8.2875
100 100 41.529
70 80 35.493
58 68 16.3547
82 92 47.744
26 36 7.4354
23 33 9.009
63 73 22.2614
52 62 34.992
47 57 10.0204
70 80 20.9984
78 88 69.7008
17 27 3.2152
17 27 2.017
73 83 65.6327
29 39 13.4447
52 62 25.8857
35 45 12.0236
20 30 2.5326
52 62 10.2906
74 84 48.0152
29 39 15.0754
44 54 12.8702
81 91 46.6052
38 48 20.677
88 98 63.0785
21 31 6.6018
60 70 45.9928
9 19 1.7179
16 26 5.9292
99 100 31.045
56 66 40.9434
5 15 1.9704
77 87 20.2257
58 68 24.1189
92 100 29.4979
67 77 18.5847
85 95 81.7921
53 63 34.2623
52 62 36.6618
46 56 30.0973
2 12 0.4294
94 100 48.2191
26 36 12.0986
87 97 69.4872
34 44 16.9851
27 37 9.3086
39 49 22.8637
38 48 10.4957
11 21 1.3666
86 96 76.8112
100 100 43.4136
41 51 7.2862
23 33 9.1985
91 100 61.4625
40 50 22.7453
61 71 24.0247
87 97 43.3635
32 42 10.1525
60 70 27.8974
42 52 17.1131
16 26 3.0009
73 83 32.7962
12 22 2.9991
2 12 0.6584
34 44 5.2937
72 82 33.2156
72 82 29.4317
8 18 2.0788
38 48 9.7294
14 24 4.7768
12 22 2.0996
91 100 70.1892
52 62 12.5337
94 100 49.5503
31 41 12.3475
63 73 33.6307
12 22 1.441
98 100 28.2545
62 72 49.3085
100 100 94.6885
16 26 4.7115
2 12 0.3733
68 78 53.9946
68 78 48.3234
35 45 9.5191
38 48 22.5245
98 100 83.2492
36 46 20.7517
20 30 4.6496
93 100 92.6464
62 72 18.1135
97 100 57.9776
74 84 23.4779
37 47 19.807
59 69 16.1668
16 26 5.7504
22 32 3.986
40 50 16.7854
74 84 23.5225
97 100 41.8544
65 75 31.1007
17 27 5.4976
57 67 23.445
76 86 46.4429
77 87 60.0966
35 45 5.4569
28 38 5.2157
64 74 15.7871
94 100 55.5457
66 76 40.136
90 100 39.2202
70 80 30.3656
86 96 42.62
27 37 11.2554
4 14 1.5021
64 74 36.0348
56 66 34.6921
65 75 35.4537
17 27 2.4146
88 98 49.4589
52 62 22.4856
36 46 17.3556
17 27 2.0042
27 37 13.3641
60 70 23.2498
13 23 2.4555
21 31 3.3182
50 60 13.2409
98 100 97.3774
100 100 70.2328
68 78 28.3194
99 100 34.7911
96 100 31.2135
56 66 29.8892
17 27 5.1017
71 81 44.8163
77 87 58.8289
100 100 57.7326
87 97 53.9872
8 18 2.9767
93 100 65.6035
16 26 4.1306
44 54 15.2998
36 46 6.8424
61 71 37.8299
98 100 97.1821
65 75 44.281
60 70 44.1348
26 36 8.5252
22 32 9.5568
30 40 15.1492
61 71 33.5299
21 31 5.1747
93 100 31.2649
62 72 41.6231
33 43 9.0535
97 100 97.2709
91 100 41.2511
51 61 18.1689
38 48 7.4912
9 19 2.9936
97 100 74.6461
57 67 16.6946
36 46 16.6448
19 29 2.2461
96 100 34.3408
92 100 51.2584
99 100 59.2838
86 96 60.2223
61 71 13.3429
37 47 8.9527
10 20 1.4154
91 100 26.4463
8 18 0.9502
79 89 19.8693
4 14 1.4911
26 36 8.7468
55 65 28.2142
70 80 54.957
10 20 1.7967
63 73 16.0032
10 20 2.0472
7 17 2.1445
95 100 58.2138
35 45 8.1145
72 82 49.9835
73 83 20.1466
