100 3192 4.3589
15 25 3.1656
13 23 2.0266
19 29 6.2525
43 53 18.5442
23 33 9.4022
20 30 6.2076
68 78 51.3946
32 42 16.7412
68 78 60.3543
6 16 1.545
84 94 49.4532
87 97 63.9632
27 37 12.7992
32 42 14.4423
28 38 14.2982
36 46 5.9912
6 16 1.6641
87 97 62.3484
8 18 2.5863
43 53 22.7081
88 98 49.4406
32 42 13.2758
79 89 52.6205
56 66 16.6407
34 44 8.4512
62 72 46.1177
91 100 88.4822
39 49 11.4785
62 72 43.7066
72 82 32.8891
28 38 7.7919
82 92 57.4094
52 62 17.9445
52 62 19.9773
18 28 5.3801
96 100 77.2711
79 89 72.0444
37 47 19.1713
76 86 64.1297
22 32 4.9925
2 12 1.3981
50 60 23.7013
38 48 16.7085
1 11 0.3138
85 95 29.84
95 100 43.2767
78 88 21.1536
69 79 18.6702
100 100 54.4452
1 11 0.6892
63 73 23.4101
99 100 25.3291
46 56 20.2743
28 38 3.8263
54 64 26.5668
52 62 14.3542
86 96 88.6272
88 98 37.7745
57 67 32.5139
87 97 31.2034
51 61 16.1491
59 69 12.7164
98 100 66.1213
61 71 22.4761
98 100 63.4842
49 59 10.6609
79 89 71.6748
71 81 48.4026
22 32 6.6152
74 84 50.981
83 93 59.7916
92 100 41.2344
71 81 19.4234
42 52 18.0804
28 38 7.43
75 85 34.9246
74 84 34.2014
92 100 60.1478
43 53 14.4803
67 77 56.9331
42 52 13.5446
63 73 14.296
30 40 11.6376
50 60 33.8852
46 56 25.1603
95 100 45.1436
18 28 4.0651
83 93 82.7663
93 100 59.0546
95 100 48.56
5 15 0.6327
17 27 7.1487
34 44 5.773
48 58 9.5407
65 75 29.1989
26 36 10.7335
39 49 19.0646
97 100 77.5034
79 89 34.9955
21 31 4.8207
