400 11776 9.9499
82 92 29.0047
11 21 1.3886
42 52 10.7676
7 17 1.4736
75 85 40.7593
17 27 3.5288
51 61 32.571
8 18 1.0207
25 35 6.6404
98 100 45.0456
84 94 37.1417
37 47 8.7794
4 14 0.4913
90 100 34.7557
33 43 12.6814
20 30 4.6122
25 35 5.9575
71 81 54.2403
46 56 9.9818
83 93 36.6885
21 31 3.8314
13 23 3.5269
63 73 20.3446
55 65 24.5689
60 70 28.5829
56 66 12.5606
63 73 14.5779
61 71 15.2811
7 17 1.3373
19 29 3.4414
1 11 0.3655
15 25 4.4677
69 79 17.0866
51 61 15.6128
68 78 59.3763
81 91 30.4263
98 100 26.9766
50 60 19.5912
100 100 38.727
100 100 59.5181
42 52 12.3152
71 81 55.3551
17 27 6.7756
58 68 30.0951
44 54 8.3758
4 14 1.9379
65 75 36.7284
12 22 2.1363
62 72 34.3982
49 59 21.0993
90 100 44.1414
20 30 2.7549
9 19 1.7774
49 59 33.4882
68 78 22.043
13 23 4.8475
16 26 4.8713
64 74 36.7151
73 83 23.0198
70 80 42.8527
18 28 2.9515
7 17 2.1574
56 66 19.1643
34 44 12.3623
23 33 5.5597
21 31 9.0685
86 96 38.7606
31 41 6.0206
77 87 52.7701
75 85 70.4542
79 89 62.3405
79 89 41.3565
39 49 6.5777
55 65 40.1994
92 100 65.204
2 12 1.4002
38 48 15.7935
13 23 3.5033
97 100 28.7275
44 54 16.4503
52 62 32.0594
80 90 22.9355
33 43 8.8488
7 17 2.0802
48 58 13.6102
42 52 25.0961
21 31 6.1712
25 35 6.2485
72 82 44.0962
57 67 17.6837
29 39 9.9181
6 16 1.2555
96 100 65.1604
34 44 5.0495
77 87 64.7719
10 20 2.9364
93 100 78.5811
29 39 7.4693
84 94 60.8057
35 45 5.9443
60 70 31.8649
11 21 1.5245
37 47 10.9039
88 98 41.2678
37 47 12.201
69 79 22.4278
90 100 33.7886
89 99 49.7406
13 23 1.8931
29 39 8.924
80 90 76.0628
28 38 10.3407
54 64 32.1704
86 96 24.375
25 35 6.8168
5 15 1.6794
36 46 5.9453
26 36 4.3748
26 36 6.5869
2 12 0.5139
82 92 51.607
80 90 21.7744
96 100 56.0222
20 30 2.9214
94 100 46.2971
41 51 15.1928
4 14 0.9555
49 59 22.0562
31 41 5.4878
62 72 46.4115
100 100 58.7139
50 60 30.8336
81 91 45.8451
59 69 44.6478
51 61 34.0227
30 40 8.9694
88 98 70.4055
1 11 0.6017
98 100 80.626
26 36 4.2107
10 20 3.8577
76 86 62.5017
48 58 31.979
49 59 19.8586
64 74 41.3925
71 81 33.3864
95 100 86.0201
46 56 31.0349
33 43 13.8928
89 99 37.4348
95 100 45.8261
85 95 51.6228
63 73 18.6805
79 89 25.779
83 93 62.1275
47 57 19.173
24 34 4.3903
55 65 17.9556
5 15 2.0295
11 21 2.4674
51 61 20.0812
72 82 27.286
17 27 6.219
23 33 8.9287
86 96 43.1399
57 67 29.9373
21 31 7.8691
29 39 6.0383
4 14 0.9031
11 21 4.2932
24 34 3.8659
12 22 2.0486
72 82 30.3943
72 82 28.1536
2 12 1.0841
9 19 1.239
50 60 16.4795
53 63 21.3749
72 82 19.9702
28 38 6.2891
87 97 29.3341
87 97 24.1228
63 73 49.862
29 39 5.9556
6 16 1.1992
51 61 13.6774
5 15 1.1128
23 33 4.1718
55 65 39.3029
75 85 27.2265
27 37 4.6514
54 64 32.4957
29 39 4.3493
96 100 38.6411
49 59 13.7485
19 29 3.7881
74 84 41.6696
16 26 2.585
21 31 5.9981
84 94 80.874
58 68 36.6073
50 60 30.9904
44 54 24.8393
86 96 25.5621
99 100 65.8159
65 75 37.9407
38 48 7.1385
34 44 7.3392
64 74 24.4046
76 86 43.4505
80 90 65.309
52 62 25.8857
25 35 3.3077
10 20 1.6794
74 84 44.0843
15 25 3.6123
16 26 5.5616
92 100 26.4741
77 87 30.3403
31 41 15.9888
44 54 28.6353
71 81 23.8378
19 29 8.0866
78 88 67.4205
62 72 50.6745
13 23 2.8541
29 39 9.5376
55 65 38.0393
89 99 24.8293
50 60 24.3227
70 80 25.8247
75 85 30.4296
100 100 25.7678
55 65 25.9203
26 36 3.5747
69 79 15.8149
19 29 2.5141
16 26 2.2539
85 95 68.0642
16 26 4.7237
18 28 6.0482
85 95 70.6474
34 44 12.4038
81 91 82.3502
39 49 23.7715
88 98 32.1875
7 17 0.7998
49 59 25.6856
71 81 43.9662
88 98 95.0723
21 31 4.8921
1 11 0.4035
32 42 17.264
76 86 30.7149
78 88 74.9125
13 23 2.9984
78 88 33.8747
77 87 24.5302
24 34 7.5208
55 65 11.039
21 31 8.4844
18 28 7.375
12 22 2.3418
94 100 67.7905
91 100 61.1946
48 58 33.5195
6 16 2.0515
90 100 68.676
17 27 6.3031
28 38 5.9025
54 64 30.4196
28 38 13.9861
38 48 10.8511
48 58 28.6921
34 44 6.477
79 89 38.4487
96 100 35.4823
70 80 61.8582
46 56 20.578
61 71 42.9549
23 33 3.1025
3 13 0.9426
28 38 7.7106
53 63 21.2235
42 52 20.0561
93 100 90.2063
91 100 80.0918
18 28 6.6574
21 31 7.0146
87 97 32.7642
56 66 34.2857
17 27 5.0369
35 45 7.854
74 84 29.1265
47 57 11.8212
17 27 4.3243
37 47 6.236
16 26 3.8604
24 34 10.3195
25 35 5.5394
16 26 3.8742
86 96 73.1966
7 17 1.3872
92 100 29.5436
69 79 24.1553
9 19 1.2377
50 60 18.2739
98 100 41.9308
81 91 25.7161
41 51 8.1122
5 15 1.2087
60 70 17.9064
31 41 9.4698
59 69 17.235
37 47 7.5977
5 15 1.7881
19 29 5.1266
66 76 33.3079
14 24 4.7979
23 33 2.7516
21 31 6.675
79 89 30.7603
1 11 0.359
55 65 16.7821
94 100 78.3491
79 89 35.1483
56 66 10.9217
18 28 4.1144
64 74 20.135
70 80 58.9701
25 35 8.0253
76 86 20.187
1 11 0.7139
41 51 23.8906
51 61 15.7085
65 75 22.3757
56 66 21.5305
69 79 25.7171
33 43 15.7641
16 26 1.7493
76 86 32.0469
38 48 8.9275
48 58 22.3937
46 56 16.8256
71 81 17.6492
80 90 77.0761
8 18 2.0736
33 43 13.4645
27 37 7.3794
77 87 65.3672
46 56 24.0345
86 96 42.0176
61 71 22.3966
88 98 66.6934
50 60 9.5345
1 11 0.3944
96 100 34.4863
78 88 65.5906
43 53 13.5969
69 79 59.566
27 37 9.258
65 75 21.3028
97 100 53.1354
12 22 1.7495
23 33 8.4129
43 53 19.0567
17 27 2.355
35 45 10.612
96 100 53.7084
75 85 35.5717
57 67 44.301
77 87 23.4159
37 47 13.4344
83 93 85.5533
2 12 0.484
99 100 72.7643
81 91 28.0614
89 99 59.1576
85 95 31.0951
26 36 11.3717
86 96 85.8106
69 79 40.3606
27 37 4.4876
56 66 25.5288
28 38 7.1786
58 68 11.6629
89 99 78.8473
29 39 8.1476
68 78 19.0489
9 19 1.2937
85 95 41.0868
72 82 45.2539
97 100 78.6485
72 82 63.2932
9 19 2.92
49 59 27.9259
92 100 81.671
19 29 5.8535
78 88 33.4165
2 12 1.2629
