400 12088 9.9499
28 38 76.9304
2 12 86.0516
86 96 45.9792
55 65 36.3935
6 16 88.808
71 81 49.1794
26 36 69.7425
38 48 69.0295
11 21 88.8137
56 66 45.5922
92 100 28.2535
17 27 75.457
80 90 28.2652
12 22 88.0407
24 34 69.9833
23 33 72.3401
85 95 46.8143
63 73 22.8608
72 82 23.8124
1 11 91.7726
14 24 80.0542
31 41 66.1685
53 63 48.8182
15 25 79.4826
39 49 51.9264
43 53 56.7627
8 18 80.3551
21 31 62.4068
8 18 82.759
88 98 37.8151
42 52 67.4304
48 58 56.0372
21 31 75.4292
49 59 62.189
28 38 71.242
31 41 67.6671
59 69 39.2502
35 45 67.9916
32 42 51.8587
94 100 31.6181
58 68 53.66
93 100 24.0139
2 12 90.4306
7 17 86.2428
76 86 39.0325
31 41 52.7962
32 42 59.5104
24 34 73.0392
25 35 73.5632
90 100 30.6063
23 33 74.4217
41 51 54.6742
70 80 44.6358
79 89 48.6144
88 98 43.9609
86 96 27.0556
42 52 57.3397
23 33 74.8225
18 28 69.3806
24 34 70.925
9 19 82.5936
89 99 30.838
57 67 60.1013
82 92 32.8169
100 100 30.0797
57 67 44.1055
2 12 90.8133
62 72 54.3479
55 65 50.3036
98 100 13.828
76 86 45.1275
53 63 33.5832
26 36 67.9372
31 41 61.9826
85 95 15.2475
21 31 63.29
14 24 77.6091
90 100 21.9961
84 94 28.1494
65 75 23.607
55 65 43.0625
88 98 51.9581
5 15 81.447
69 79 38.9189
70 80 47.0143
10 20 85.5181
95 100 44.1627
72 82 43.3662
59 69 27.9196
21 31 73.4038
28 38 54.1254
57 67 41.4981
4 14 89.4405
49 59 53.1922
92 100 15.2256
33 43 56.22
20 30 78.4713
8 18 85.2594
26 36 52.3829
75 85 41.0471
74 84 29.0629
82 92 18.5606
26 36 61.2165
1 11 90.6399
79 89 41.0253
27 37 79.1139
87 97 21.4212
43 53 59.5459
79 89 42.5495
48 58 55.9429
91 100 35.0902
39 49 67.5931
91 100 22.1794
43 53 56.9874
52 62 51.6084
50 60 44.4476
19 29 74.9211
49 59 36.5046
11 21 83.2164
48 58 41.8337
62 72 33.9994
67 77 57.5322
60 70 27.9598
92 100 34.1968
82 92 29.7352
64 74 47.7136
93 100 28.2439
84 94 10.6146
92 100 8.4908
68 78 51.5337
97 100 45.9657
20 30 69.7442
63 73 44.9383
20 30 73.7984
68 78 56.22
81 91 41.6257
56 66 55.0801
27 37 56.2155
56 66 58.1635
24 34 69.6524
93 100 47.7191
82 92 27.9651
8 18 84.1861
59 69 38.3433
6 16 80.7788
27 37 68.4971
12 22 80.5722
63 73 60.6529
40 50 43.0638
34 44 63.7235
15 25 76.1256
65 75 29.7985
95 100 26.6669
47 57 66.9173
67 77 58.3314
4 14 89.7188
43 53 58.8197
24 34 59.5444
14 24 81.8826
16 26 68.8983
84 94 20.179
82 92 45.0939
100 100 12.2598
18 28 78.3703
74 84 20.5499
100 100 26.012
22 32 68.3896
53 63 37.3932
77 87 59.4256
56 66 30.3392
61 71 36.0768
82 92 30.7981
20 30 69.0561
79 89 50.2681
6 16 81.9496
75 85 51.3215
40 50 51.031
38 48 58.4858
13 23 82.8391
9 19 86.678
1 11 88.8589
17 27 75.136
33 43 77.5016
81 91 26.152
20 30 75.7231
83 93 44.2292
83 93 40.1056
28 38 59.1192
31 41 59.8596
77 87 36.2404
90 100 21.5212
89 99 40.6661
95 100 20.5807
60 70 50.1306
87 97 17.2167
71 81 37.8656
44 54 47.5121
27 37 71.9291
10 20 76.3963
40 50 47.9432
1 11 90.8381
37 47 59.2284
20 30 75.9826
51 61 48.4319
83 93 13.7196
70 80 29.9921
16 26 66.271
50 60 57.2444
76 86 36.5892
49 59 44.7588
86 96 39.3857
55 65 34.8986
52 62 47.0116
2 12 87.9038
77 87 28.924
22 32 61.1852
100 100 22.5682
3 13 80.6224
76 86 25.6725
82 92 28.3578
68 78 57.6051
50 60 53.0188
32 42 61.4217
84 94 47.1722
76 86 44.9838
76 86 37.5463
60 70 57.6962
63 73 56.319
56 66 49.6743
52 62 62.4258
94 100 28.194
88 98 21.7986
93 100 49.5419
47 57 62.7993
2 12 88.8721
16 26 80.7895
90 100 39.974
71 81 47.6776
47 57 59.0915
3 13 88.1608
53 63 55.4265
96 100 10.4859
60 70 39.6182
81 91 46.0267
14 24 80.1473
23 33 74.7914
44 54 47.4928
86 96 35.994
33 43 75.3007
69 79 33.3703
49 59 52.1428
68 78 37.3969
44 54 38.0035
12 22 77.9795
59 69 37.3492
86 96 36.5965
93 100 46.7213
52 62 36.4768
48 58 59.6834
78 88 22.8694
69 79 49.265
24 34 73.0974
88 98 43.0717
55 65 42.1383
85 95 52.0288
6 16 79.5842
30 40 71.0362
60 70 26.471
51 61 64.2418
35 45 62.6504
87 97 18.5804
88 98 12.3728
20 30 69.6557
38 48 52.5988
17 27 83.4884
39 49 51.2541
7 17 85.0656
35 45 71.663
25 35 58.7154
66 76 40.6598
87 97 14.7879
23 33 76.0733
64 74 35.4013
4 14 85.1172
86 96 44.0962
43 53 57.6263
36 46 76.475
49 59 69.1392
78 88 15.5071
40 50 65.3494
34 44 63.9504
48 58 57.4564
53 63 59.8225
38 48 58.0766
83 93 28.6942
51 61 62.096
78 88 34.9151
47 57 45.9684
46 56 41.0868
47 57 67.1384
76 86 33.0453
70 80 37.8336
47 57 45.7382
95 100 12.8057
33 43 61.1978
26 36 79.8164
16 26 77.7007
51 61 65.4254
83 93 20.8237
86 96 43.9569
83 93 19.1293
60 70 35.2919
40 50 61.1024
99 100 27.3623
41 51 47.6445
77 87 37.7758
14 24 83.2912
36 46 58.0309
72 82 49.7053
73 83 46.5697
26 36 75.5474
60 70 38.3458
29 39 79.8056
49 59 57.9425
36 46 63.2693
58 68 59.1038
41 51 69.4006
62 72 50.5407
50 60 52.7526
6 16 83.3861
53 63 54.4614
7 17 86.6724
8 18 80.0542
93 100 33.6551
29 39 68.7357
73 83 53.638
86 96 24.7128
42 52 64.04
66 76 36.5154
53 63 56.8169
100 100 21.4388
68 78 53.7788
13 23 88.2341
48 58 61.7214
61 71 29.3092
17 27 63.3107
71 81 28.3035
75 85 26.32
37 47 59.0807
81 91 17.4189
43 53 58.8903
53 63 42.8239
100 100 11.9723
98 100 5.7451
22 32 74.363
18 28 76.8831
5 15 81.8735
34 44 61.6115
54 64 65.8581
91 100 42.735
48 58 56.5308
2 12 90.9124
28 38 64.2979
88 98 30.1456
12 22 76.5468
15 25 70.2562
33 43 55.8622
59 69 44.3556
32 42 57.9715
45 55 46.8472
46 56 56.1645
74 84 57.8452
18 28 63.8865
47 57 37.3883
93 100 30.0063
71 81 38.0467
33 43 67.0614
41 51 64.1217
96 100 36.7103
54 64 67.2876
50 60 62.2237
53 63 33.8561
56 66 52.8311
53 63 54.0181
48 58 62.4811
50 60 36.5759
40 50 68.3168
31 41 60.4988
42 52 65.2089
52 62 49.7928
25 35 65.9068
98 100 12.8537
69 79 40.3606
63 73 27.735
96 100 33.6029
65 75 45.2404
30 40 52.0447
77 87 14.9738
20 30 71.5175
8 18 84.9697
