400 12101 4.3589
8 18 81.9604
65 75 53.597
6 16 90.4781
83 93 45.1409
43 53 57.4625
100 100 14.5657
2 12 93.2094
73 83 25.8623
91 100 28.1144
71 81 53.0377
23 33 74.5356
96 100 38.8665
55 65 40.1728
36 46 66.2563
58 68 54.0107
22 32 58.0446
7 17 79.1068
10 20 83.1872
90 100 11.4068
67 77 55.5487
48 58 36.8765
85 95 31.8581
59 69 27.9238
81 91 27.8879
90 100 38.3347
3 13 87.6995
92 100 14.265
44 54 51.2441
54 64 40.9024
7 17 88.8872
39 49 67.9025
92 100 6.7699
42 52 54.7467
65 75 61.4844
54 64 48.3957
62 72 40.2184
37 47 71.5936
22 32 58.9302
51 61 60.2176
72 82 29.8739
95 100 44.0989
45 55 59.1084
84 94 18.2261
63 73 63.6517
7 17 84.7578
72 82 39.9538
83 93 31.4508
74 84 34.711
65 75 44.5596
69 79 25.2999
10 20 77.6461
6 16 89.2742
22 32 69.7526
39 49 45.9115
62 72 63.5927
80 90 30.4472
76 86 31.8638
22 32 71.6884
70 80 38.5144
96 100 21.3167
36 46 61.3261
30 40 60.6389
17 27 78.006
24 34 79.7663
92 100 31.7465
72 82 52.8195
1 11 88.9721
76 86 36.9907
63 73 51.9034
43 53 39.9272
96 100 38.6237
67 77 24.1268
15 25 83.0413
73 83 28.1876
78 88 39.1738
63 73 55.8831
48 58 47.2505
84 94 32.8363
73 83 51.0796
97 100 9.3697
4 14 82.4482
64 74 40.2768
73 83 58.7016
33 43 60.4895
81 91 24.2812
53 63 63.1946
18 28 75.3546
65 75 52.802
74 84 26.7113
41 51 45.3427
57 67 35.2765
37 47 69.9046
90 100 16.6831
19 29 79.8789
71 81 37.8102
48 58 47.1076
51 61 41.7058
70 80 44.2052
59 69 34.1418
92 100 39.1288
88 98 19.0506
57 67 35.2468
91 100 14.2499
96 100 24.7397
27 37 69.5456
91 100 37.2442
8 18 75.4848
41 51 67.4994
86 96 30.7792
55 65 36.6606
67 77 46.496
48 58 56.292
44 54 58.1986
73 83 38.1899
4 14 90.117
16 26 65.183
71 81 38.117
11 21 81.2089
21 31 74.7049
43 53 56.208
92 100 26.3456
64 74 53.6791
49 59 44.9758
65 75 32.5003
3 13 87.0974
9 19 80.4788
48 58 30.6628
15 25 74.864
90 100 21.7445
75 85 15.2436
27 37 56.307
79 89 31.0438
47 57 40.3225
76 86 59.2069
98 100 41.4414
83 93 21.7091
86 96 45.6314
47 57 55.9983
85 95 32.4877
26 36 59.8612
46 56 55.4087
28 38 75.4101
60 70 41.7833
97 100 14.949
37 47 65.9506
24 34 74.2389
70 80 28.4836
55 65 36.6291
77 87 42.9064
78 88 28.8251
7 17 88.791
26 36 77.8383
16 26 78.2553
51 61 56.4782
82 92 8.8173
24 34 68.7888
32 42 48.3971
87 97 32.7733
67 77 50.8198
79 89 31.351
88 98 27.909
21 31 67.4632
57 67 46.9472
5 15 81.1657
67 77 52.2743
64 74 27.9598
79 89 33.9073
33 43 54.046
18 28 83.4628
73 83 50.9625
58 68 61.0492
24 34 66.9304
40 50 56.7431
33 43 61.3825
41 51 60.8509
32 42 70.9217
22 32 75.9024
92 100 40.0892
88 98 33.188
47 57 58.4445
8 18 85.6828
54 64 49.6489
64 74 44.8994
60 70 62.7042
2 12 85.8699
62 72 36.0468
1 11 92.1658
94 100 46.9787
20 30 78.4553
41 51 49.8351
37 47 57.6354
61 71 40.9011
98 100 30.9325
33 43 76.7832
29 39 72.6773
100 100 11.4014
58 68 42.9379
79 89 44.333
74 84 31.2012
61 71 43.1386
24 34 69.7492
14 24 72.4984
63 73 51.768
75 85 57.3306
2 12 86.2818
39 49 52.4567
92 100 5.6292
92 100 43.7159
39 49 68.3714
2 12 87.6339
5 15 82.8719
25 35 71.4887
61 71 60.6327
92 100 36.6485
40 50 46.2142
58 68 53.6146
74 84 45.012
33 43 66.5464
23 33 64.338
91 100 19.3741
92 100 19.1083
41 51 59.0223
30 40 51.0939
50 60 38.7195
26 36 68.8784
58 68 44.0843
37 47 68.0939
2 12 90.4819
9 19 89.1117
93 100 40.7363
39 49 55.8069
59 69 45.2001
22 32 67.9256
77 87 14.3694
3 13 89.6468
3 13 90.5048
43 53 49.5349
80 90 46.7678
99 100 47.9916
8 18 88.7816
25 35 72.2058
76 86 15.4827
61 71 33.3125
62 72 41.8195
43 53 54.3847
53 63 60.6249
66 76 37.3028
97 100 48.0762
51 61 51.2771
70 80 28.981
54 64 46.2346
27 37 70.2864
37 47 51.9639
82 92 31.8468
37 47 54.0813
40 50 47.1626
87 97 20.7307
63 73 27.4681
2 12 86.1444
80 90 33.8899
83 93 49.098
13 23 72.4422
25 35 74.9471
43 53 59.5012
56 66 60.2052
15 25 80.991
21 31 80.2046
33 43 69.8027
31 41 72.9623
23 33 67.891
53 63 27.1389
56 66 62.5507
14 24 85.6051
38 48 58.5699
51 61 57.8102
32 42 54.3921
18 28 78.6024
77 87 46.6557
2 12 85.4441
46 56 72.3844
8 18 84.1696
72 82 51.1096
17 27 68.3582
49 59 52.0086
44 54 49.084
91 100 53.5004
9 19 79.7556
96 100 23.7052
83 93 35.4156
15 25 66.7849
35 45 75.0788
41 51 59.7823
97 100 20.1152
69 79 58.5852
10 20 89.0438
80 90 15.0598
40 50 66.2922
63 73 43.5059
52 62 56.6256
14 24 77.4242
49 59 36.4816
63 73 31.2324
25 35 82.5881
97 100 11.5512
41 51 59.7993
33 43 70.6793
33 43 64.4295
96 100 34.383
37 47 66.5595
11 21 72.6756
29 39 72.6569
88 98 20.7225
70 80 42.65
93 100 24.1503
94 100 22.1483
81 91 11.7423
42 52 60.5268
74 84 37.6137
16 26 79.1975
3 13 91.6902
82 92 23.2719
8 18 82.9466
18 28 81.3965
91 100 21.5565
3 13 87.9019
45 55 44.8485
95 100 34.9364
85 95 11.8591
75 85 34.7498
36 46 71.2691
50 60 46.1802
35 45 68.7075
19 29 78.0625
37 47 65.5355
73 83 28.1526
90 100 13.1377
50 60 50.636
39 49 62.7882
68 78 44.9892
6 16 78.9059
80 90 31.4485
89 99 42.8933
42 52 52.7628
77 87 19.0829
33 43 67.7197
89 99 32.0582
51 61 51.4648
93 100 22.4231
59 69 47.1887
18 28 64.8524
66 76 59.3855
2 12 90.2424
26 36 76.7166
43 53 60.2595
53 63 51.9207
23 33 73.1641
3 13 90.1152
51 61 53.0086
55 65 56.8124
92 100 34.9565
18 28 85.1744
18 28 78.4996
65 75 38.6585
80 90 36.6982
62 72 29.7636
75 85 27.3686
70 80 33.5229
57 67 54.0696
71 81 52.5901
4 14 85.1634
8 18 87.4412
65 75 34.9683
29 39 67.9009
81 91 13.0292
37 47 64.7059
64 74 47.4762
49 59 65.7705
2 12 84.0981
38 48 68.9813
78 88 32.5653
94 100 15.0195
22 32 62.033
86 96 55.0341
11 21 81.3965
92 100 18.7784
28 38 64.2226
28 38 72.2704
45 55 34.3408
37 47 64.0128
27 37 70.7786
49 59 54.7911
18 28 63.2598
11 21 87.8625
75 85 50.8269
2 12 90.7637
94 100 26.6793
31 41 55.4191
45 55 53.7054
50 60 61.7372
43 53 52.882
