900 27360 9.9499
43 53 72.3027
11 21 88.1796
100 100 21.7016
18 28 80.6835
32 42 71.4329
53 63 41.6993
76 86 17.3981
84 94 30.2148
93 100 34.2564
32 42 58.4491
21 31 78.1527
41 51 54.4851
63 73 51.7335
6 16 87.9056
45 55 40.3454
35 45 65.44
4 14 87.2561
37 47 57.4261
63 73 38.6971
30 40 66.4355
7 17 86.3413
19 29 83.4135
53 63 40.8704
91 100 33.6458
64 74 37.9739
40 50 66.2222
7 17 90.3869
44 54 45.8302
37 47 56.1346
84 94 22.947
61 71 48.6311
72 82 29.4491
61 71 55.6949
63 73 43.7238
62 72 36.2561
90 100 12.6722
91 100 22.1558
93 100 8.2065
13 23 83.3094
66 76 39.145
30 40 76.9006
76 86 31.3175
8 18 86.5551
99 100 7.0612
6 16 80.8183
78 88 30.2555
22 32 64.2402
16 26 80.6709
4 14 89.1967
62 72 62.2269
82 92 37.2137
2 12 86.2019
23 33 62.3042
53 63 42.8161
26 36 63.7043
15 25 71.8663
97 100 28.9788
95 100 30.8536
32 42 65.3478
10 20 79.2598
83 93 39.2816
38 48 47.428
29 39 78.9201
85 95 34.451
3 13 89.4311
18 28 75.4344
67 77 26.0518
67 77 35.3371
15 25 80.5596
94 100 36.4309
51 61 47.7025
45 55 44.2385
70 80 21.5946
53 63 31.6069
6 16 83.5835
42 52 49.4631
21 31 82.0709
80 90 41.667
62 72 43.5653
88 98 28.3844
74 84 26.5091
93 100 15.8715
60 70 45.2741
82 92 17.2416
8 18 81.1134
39 49 47.7744
71 81 52.1558
72 82 52.5611
71 81 38.0319
63 73 61.1852
66 76 40.1639
66 76 36.179
56 66 51.9971
24 34 54.4511
98 100 41.2768
80 90 27.2578
77 87 43.1163
14 24 84.5131
49 59 50.683
18 28 72.6126
11 21 72.5802
99 100 27.676
76 86 46.4061
98 100 23.5448
31 41 52.0259
84 94 30.4671
73 83 33.0441
96 100 31.0338
74 84 37.8569
95 100 11.6111
65 75 20.0212
52 62 57.798
56 66 34.6485
67 77 55.3253
62 72 37.7696
63 73 46.2087
72 82 44.557
71 81 48.6381
25 35 66.175
86 96 33.1914
62 72 48.6841
26 36 71.5158
59 69 48.4068
31 41 57.2217
87 97 9.7581
8 18 85.0711
36 46 53.42
10 20 82.5645
37 47 60.5113
5 15 87.2094
68 78 51.6429
48 58 56.5549
6 16 85.3831
76 86 29.0888
59 69 56.4331
15 25 75.6674
52 62 48.2942
11 21 80.6188
4 14 80.6889
1 11 88.1871
77 87 49.404
15 25 82.4591
92 100 27.6182
41 51 52.7149
63 73 35.4204
73 83 38.7818
55 65 48.7441
62 72 32.6567
47 57 63.4492
46 56 69.2374
60 70 39.0813
54 64 43.3701
19 29 78.4093
44 54 53.1018
12 22 73.7503
100 100 16.0657
99 100 8.8554
82 92 31.3869
21 31 68.6346
34 44 73.2787
79 89 20.3609
99 100 29.0629
8 18 77.6073
11 21 72.2789
90 100 25.4238
17 27 79.7556
61 71 46.2985
1 11 91.4605
47 57 42.3111
16 26 74.6582
12 22 75.0043
91 100 32.3374
4 14 92.1984
41 51 64.632
72 82 22.9489
17 27 70.2747
74 84 42.8763
86 96 48.6395
19 29 77.3555
86 96 27.9767
64 74 40.0183
86 96 30.0162
82 92 25.2285
90 100 14.2159
73 83 43.1662
57 67 45.7774
23 33 72.6091
26 36 62.5222
66 76 58.1147
5 15 86.098
58 68 35.1495
69 79 33.618
20 30 74.2423
31 41 63.3393
24 34 69.6674
70 80 45.2471
40 50 49.1906
63 73 30.5024
73 83 43.9728
8 18 84.7357
62 72 40.517
73 83 29.5414
53 63 52.5785
80 90 35.8071
8 18 81.0414
81 91 20.1421
76 86 24.554
85 95 23.9111
34 44 63.2661
17 27 74.5201
45 55 64.4103
58 68 28.7714
9 19 85.9125
35 45 60.3434
86 96 16.4155
85 95 14.8849
69 79 17.789
48 58 63.0261
16 26 81.0558
29 39 63.3552
6 16 86.0219
48 58 53.8506
80 90 41.2254
89 99 33.5334
5 15 79.8164
50 60 36.303
56 66 41.826
98 100 39.8249
97 100 32.5128
63 73 30.2214
36 46 53.8418
17 27 69.1359
4 14 82.9538
94 100 32.3568
98 100 27.7129
30 40 58.3864
88 98 10.0483
84 94 37.348
95 100 44.7829
20 30 72.9401
35 45 64.3396
72 82 18.6063
92 100 38.1813
36 46 48.1539
96 100 34.8135
51 61 35.1542
72 82 29.8619
35 45 67.4156
19 29 78.2128
16 26 81.4885
72 82 58.9855
1 11 91.0746
21 31 65.4805
60 70 36.97
15 25 85.2982
84 94 30.8125
1 11 91.6902
89 99 46.2767
99 100 14.7725
6 16 87.8044
98 100 26.1683
32 42 64.2947
62 72 43.5877
73 83 28.3908
65 75 42.0111
82 92 28.195
84 94 32.3067
46 56 68.734
98 100 21.114
90 100 55.4236
52 62 48.3553
86 96 24.5748
65 75 55.3953
42 52 56.8984
2 12 87.1254
44 54 46.1625
88 98 29.5577
32 42 55.6397
77 87 50.4199
78 88 26.3374
2 12 89.1476
55 65 31.9688
54 64 55.1574
3 13 84.7688
10 20 76.6991
44 54 64.221
10 20 75.188
68 78 55.8771
100 100 33.7584
29 39 63.4428
37 47 64.5564
90 100 5.4494
58 68 57.9852
26 36 80.0936
28 38 62.4305
57 67 45.3198
4 14 91.1452
71 81 45.63
44 54 49.8224
23 33 60.9009
17 27 71.6562
46 56 43.6789
14 24 77.0726
91 100 33.0614
9 19 86.5719
81 91 23.1255
57 67 42.3983
36 46 66.027
34 44 47.599
56 66 45.8153
16 26 74.0426
12 22 74.7343
23 33 80.0739
80 90 50.6802
73 83 28.8294
62 72 60.9118
31 41 73.5358
90 100 41.9697
96 100 15.5228
79 89 28.5199
76 86 39.2427
72 82 53.0494
53 63 64.1825
43 53 65.6051
22 32 70.0469
50 60 53.7113
36 46 54.4334
68 78 23.0736
87 97 33.5658
25 35 71.3417
52 62 59.6185
32 42 73.07
89 99 37.359
86 96 36.9081
16 26 68.8286
48 58 41.1984
50 60 60.2114
21 31 64.5082
8 18 86.5253
53 63 63.3186
86 96 13.5387
70 80 40.4153
1 11 88.695
80 90 11.0443
24 34 67.6589
31 41 57.1022
7 17 81.9767
52 62 53.9006
4 14 81.3568
66 76 58.5562
77 87 29.2335
8 18 83.304
17 27 80.0578
68 78 48.2039
5 15 88.0951
59 69 30.8158
20 30 78.5652
82 92 35.3406
61 71 22.8264
73 83 26.0059
2 12 83.2255
45 55 58.0735
39 49 47.8075
98 100 27.9481
42 52 47.3853
48 58 57.9821
88 98 36.1369
18 28 84.1421
60 70 59.3162
2 12 90.0753
16 26 67.3647
12 22 76.1344
97 100 15.4441
46 56 51.607
72 82 28.6707
36 46 60.8322
24 34 55.9938
23 33 63.1548
39 49 51.9913
6 16 86.8568
63 73 61.4546
80 90 20.0776
92 100 33.1131
24 34 81.2594
17 27 81.4163
94 100 30.3028
15 25 70.0736
8 18 87.1852
15 25 80.0882
35 45 64.1953
61 71 54.3213
84 94 31.9033
85 95 36.8376
17 27 83.335
4 14 85.5496
31 41 65.0604
60 70 62.6694
34 44 46.8718
96 100 30.1379
90 100 37.392
21 31 70.3183
30 40 73.6027
81 91 56.4602
47 57 52.2599
67 77 33.9248
97 100 17.5142
2 12 90.8304
25 35 59.4472
3 13 86.2057
1 11 84.6014
28 38 55.4191
96 100 38.3929
82 92 36.1754
52 62 49.0574
77 87 29.4827
41 51 71.011
72 82 31.1543
67 77 45.4236
60 70 64.0144
16 26 71.2859
93 100 32.0186
64 74 53.4697
70 80 31.2213
61 71 31.5013
46 56 68.426
90 100 39.7959
38 48 75.7718
69 79 33.4847
54 64 64.0544
71 81 37.2161
65 75 42.9916
25 35 70.5365
27 37 73.1435
12 22 79.4416
61 71 24.8901
27 37 70.9469
81 91 54.342
86 96 39.1763
91 100 9.366
23 33 77.4717
1 11 90.7504
93 100 9.4132
26 36 67.8053
82 92 32.9235
81 91 21.669
71 81 37.734
78 88 50.3958
81 91 19.3266
32 42 60.7916
13 23 73.2531
19 29 75.5665
40 50 47.6845
61 71 46.1584
80 90 49.9199
21 31 79.5878
96 100 22.3729
85 95 21.7007
29 39 68.8037
26 36 63.8449
72 82 51.7508
9 19 86.6072
14 24 79.4451
20 30 68.9664
45 55 51.439
90 100 27.1504
43 53 68.2045
43 53 62.0046
56 66 48.29
51 61 36.72
28 38 65.85
47 57 47.8629
97 100 23.3328
90 100 19.0925
80 90 29.6252
71 81 34.3619
86 96 44.949
40 50 54.7393
51 61 43.6696
51 61 42.1487
16 26 72.4729
40 50 55.0564
84 94 21.6616
53 63 64.4761
43 53 68.6048
33 43 59.1746
98 100 43.0533
36 46 54.5692
75 85 35.3728
96 100 42.6056
68 78 39.03
71 81 55.8846
76 86 38.0862
19 29 72.6074
45 55 47.322
54 64 38.0899
56 66 41.0958
24 34 77.6073
7 17 84.8591
76 86 21.8248
79 89 35.8346
78 88 35.5729
78 88 25.4985
87 97 44.0378
36 46 56.0806
77 87 39.2941
61 71 30.4704
47 57 58.8688
56 66 27.4597
23 33 78.0396
77 87 21.5027
31 41 56.3671
72 82 34.0892
88 98 33.1039
28 38 58.5332
7 17 85.2132
74 84 46.2604
47 57 54.0093
74 84 47.2423
3 13 88.9249
65 75 31.1665
72 82 14.5481
43 53 55.8233
33 43 45.599
50 60 64.9733
83 93 39.249
82 92 18.244
83 93 23.2642
50 60 61.4139
95 100 46.1218
13 23 69.1858
24 34 61.7419
16 26 72.3129
62 72 43.0493
41 51 69.5673
8 18 84.1164
27 37 66.3247
34 44 53.1033
88 98 37.0382
86 96 12.2276
57 67 33.4049
83 93 25.3452
65 75 32.1977
55 65 37.5365
73 83 24.012
36 46 72.109
89 99 17.9844
25 35 69.0677
100 100 23.3608
15 25 76.545
99 100 33.9399
31 41 66.3019
10 20 83.2072
41 51 65.7883
62 72 50.1916
51 61 35.2943
43 53 43.5574
57 67 29.499
2 12 88.9607
27 37 62.5444
78 88 20.7699
55 65 42.4908
17 27 73.9411
38 48 49.2902
19 29 81.9079
4 14 80.626
41 51 75.7022
63 73 49.3183
50 60 53.7172
85 95 30.7659
36 46 72.9162
95 100 22.5806
9 19 85.0361
58 68 29.3114
73 83 42.5052
84 94 51.0425
57 67 39.6346
71 81 44.9463
81 91 17.4089
36 46 61.323
88 98 53.7098
52 62 52.0259
77 87 42.0215
94 100 36.3911
18 28 63.6501
98 100 27.0722
30 40 58.0903
70 80 42.15
82 92 31.8593
91 100 14.8579
39 49 61.8315
27 37 66.1864
95 100 23.1419
14 24 76.2635
21 31 83.0249
22 32 67.9141
32 42 70.6743
42 52 47.9196
40 50 47.5824
28 38 76.2635
91 100 21.0406
32 42 59.8457
24 34 71.7951
75 85 46.3788
52 62 56.157
17 27 84.0926
51 61 44.589
30 40 70.1122
3 13 90.1512
10 20 84.1439
6 16 82.4137
65 75 61.1665
63 73 55.0416
53 63 33.1557
23 33 69.8077
10 20 80.2081
94 100 21.55
85 95 15.6856
26 36 71.411
58 68 47.9002
24 34 70.0753
89 99 25.7668
4 14 84.5738
72 82 32.1534
50 60 62.7676
96 100 18.5081
11 21 77.3063
16 26 76.3946
100 100 25.8277
71 81 43.0822
52 62 61.8519
4 14 90.2861
67 77 24.233
15 25 84.0632
72 82 29.7865
13 23 75.9565
36 46 48.265
27 37 68.3582
24 34 74.9177
61 71 37.0418
61 71 37.4042
49 59 65.041
60 70 54.1917
26 36 64.7269
14 24 78.2482
42 52 60.3869
12 22 78.826
29 39 67.1187
49 59 50.2454
7 17 87.0564
67 77 48.6116
67 77 36.8194
89 99 38.2728
2 12 91.6998
83 93 45.6233
72 82 46.2332
83 93 17.3631
52 62 50.4483
70 80 33.3726
51 61 49.7857
5 15 89.5805
19 29 78.7639
21 31 67.4074
82 92 53.66
55 65 28.5872
21 31 75.4692
24 34 76.475
67 77 31.8593
46 56 68.4078
100 100 33.5519
79 89 32.8352
66 76 48.4402
54 64 64.3124
41 51 61.5268
8 18 88.7779
27 37 71.46
27 37 62.3184
20 30 78.3597
89 99 26.0161
12 22 79.545
94 100 17.4173
37 47 59.1115
82 92 34.2506
18 28 71.7223
48 58 60.244
30 40 71.4279
59 69 57.075
71 81 35.0227
97 100 35.6947
55 65 34.212
78 88 28.0296
73 83 48.5182
93 100 8.0304
85 95 8.732
9 19 86.7301
96 100 7.7456
78 88 18.6356
72 82 29.7276
50 60 53.0275
70 80 20.2239
55 65 45.3939
21 31 67.9075
45 55 56.8757
57 67 29.0122
93 100 20.7562
58 68 58.8749
97 100 55.3134
19 29 82.283
40 50 65.5468
99 100 39.9652
16 26 80.1652
53 63 51.363
99 100 11.5906
76 86 20.8182
6 16 86.7469
80 90 16.3645
49 59 43.2675
41 51 71.318
94 100 30.1632
62 72 59.1192
65 75 28.9143
26 36 57.514
56 66 29.5686
68 78 37.7217
6 16 85.1265
88 98 32.6909
75 85 47.087
65 75 47.6279
33 43 69.5506
53 63 33.9388
89 99 17.8912
56 66 31.953
36 46 69.7526
100 100 36.5324
8 18 90.2215
23 33 67.9124
61 71 36.3296
78 88 45.2122
55 65 53.5414
14 24 74.3751
47 57 67.8943
50 60 36.4152
2 12 87.8119
95 100 46.6229
36 46 59.6447
64 74 48.0485
59 69 42.5313
67 77 39.1713
3 13 84.4065
70 80 46.7664
65 75 38.3892
49 59 58.5271
74 84 21.7473
32 42 51.7364
90 100 48.4054
73 83 44.953
43 53 63.615
94 100 35.6684
87 97 45.1799
73 83 46.4401
86 96 36.2874
11 21 84.4249
82 92 11.5913
52 62 64.6255
7 17 78.5421
90 100 17.3189
88 98 30.0688
75 85 34.6462
13 23 83.5871
94 100 54.2079
28 38 54.2373
78 88 30.5234
81 91 28.3311
31 41 60.8057
78 88 50.2525
31 41 55.5576
96 100 50.9825
40 50 52.7061
74 84 48.2427
35 45 53.2593
51 61 46.4211
82 92 22.4259
6 16 84.3459
76 86 32.7596
57 67 51.3329
47 57 53.5224
87 97 51.1883
5 15 87.4094
93 100 40.5094
53 63 51.5869
77 87 41.7096
26 36 72.9675
55 65 46.1639
65 75 41.1022
10 20 76.1361
70 80 27.5688
50 60 31.1174
2 12 90.442
36 46 72.2177
35 45 46.3325
84 94 25.8847
38 48 63.6581
69 79 27.852
17 27 73.5426
9 19 87.6808
26 36 75.9721
17 27 86.2094
8 18 77.6126
52 62 52.3105
84 94 16.7396
51 61 30.0973
68 78 37.82
37 47 45.0617
67 77 55.7038
30 40 63.7139
45 55 43.6802
48 58 56.7536
2 12 91.3133
77 87 45.2122
46 56 62.7042
6 16 88.4728
5 15 88.5048
72 82 47.57
66 76 27.1702
44 54 43.7278
72 82 48.3289
83 93 27.2975
73 83 31.3533
39 49 61.2291
21 31 79.3329
31 41 66.7636
40 50 60.7277
44 54 48.1664
95 100 41.6541
28 38 70.3569
61 71 26.1305
63 73 29.7985
43 53 54.8207
77 87 46.7856
13 23 72.5103
76 86 47.5066
100 100 20.539
56 66 50.1207
48 58 52.2787
23 33 76.9901
91 100 10.828
46 56 70.644
4 14 90.9639
27 37 57.2958
49 59 47.7177
3 13 89.1438
57 67 31.8626
56 66 59.0285
63 73 29.8029
91 100 27.7803
100 100 18.6788
42 52 47.2464
52 62 50.4455
64 74 47.0308
60 70 50.2724
35 45 77.0621
72 82 43.4017
47 57 54.8533
33 43 59.8766
95 100 20.4494
5 15 79.9093
51 61 66.6182
28 38 65.4319
8 18 85.0287
86 96 23.041
12 22 83.8049
75 85 18.151
94 100 22.6633
71 81 24.0973
14 24 73.1589
5 15 83.1379
80 90 31.7183
68 78 38.5107
16 26 72.5529
96 100 46.206
40 50 57.0901
5 15 90.4896
14 24 68.3813
80 90 18.7766
40 50 51.7767
61 71 49.3633
46 56 35.9268
51 61 71.2167
5 15 86.5979
88 98 36.054
26 36 80.9208
66 76 27.6886
76 86 28.78
90 100 32.9396
43 53 52.2151
80 90 34.843
18 28 76.5083
79 89 50.5962
84 94 18.6633
44 54 43.7701
16 26 74.6531
