900 26623 4.3589
100 100 35.9532
48 58 35.946
50 60 67.6671
90 100 46.511
31 41 69.2174
34 44 73.5152
57 67 42.7912
2 12 89.0287
32 42 70.3049
11 21 76.9866
53 63 48.8377
98 100 42.3645
88 98 15.6705
100 100 19.0637
58 68 43.7926
77 87 49.3001
66 76 29.5349
93 100 30.8691
92 100 18.6425
61 71 46.1584
48 58 59.807
32 42 57.004
23 33 76.7569
1 11 86.8195
12 22 76.496
87 97 46.7172
26 36 64.1857
52 62 52.5437
82 92 20.378
11 21 85.4072
57 67 59.8411
77 87 17.4265
88 98 23.063
94 100 41.1997
31 41 74.3855
23 33 72.7524
13 23 77.8753
26 36 80.8003
64 74 42.8357
19 29 71.8324
36 46 53.096
82 92 27.8721
5 15 89.5465
1 11 90.5752
9 19 84.721
10 20 85.97
27 37 77.5685
58 68 30.2918
71 81 30.8691
66 76 57.6461
51 61 61.1055
100 100 23.1881
82 92 21.2742
72 82 16.2473
15 25 77.8665
98 100 17.0264
8 18 85.7569
68 78 36.9688
22 32 59.8859
53 63 55.916
94 100 52.0245
60 70 38.7942
74 84 34.0601
58 68 50.5834
37 47 57.4124
1 11 88.8306
14 24 73.2428
40 50 50.2724
10 20 87.5273
8 18 77.9724
84 94 26.3036
53 63 60.7667
44 54 50.3447
30 40 66.3231
67 77 60.2192
56 66 49.4476
66 76 20.1448
96 100 41.9969
93 100 32.1773
98 100 24.9291
88 98 52.4596
17 27 65.8824
30 40 57.9486
28 38 76.0785
44 54 66.0969
40 50 68.2557
5 15 81.0342
91 100 26.9974
50 60 54.1078
34 44 54.1004
4 14 83.0449
29 39 59.1638
62 72 40.3454
57 67 50.6759
13 23 80.9172
31 41 69.6757
43 53 51.5409
15 25 80.0828
34 44 60.7979
97 100 33.3264
36 46 46.2767
76 86 29.5925
40 50 59.05
95 100 21.5881
67 77 27.7002
3 13 90.4591
14 24 78.1262
3 13 91.5849
13 23 73.6301
71 81 21.0966
84 94 10.1844
33 43 50.8754
98 100 16.1725
87 97 18.0515
37 47 45.0093
75 85 49.5982
92 100 13.6279
44 54 58.6067
38 48 61.8708
36 46 59.1469
88 98 33.0108
89 99 26.9589
87 97 41.1266
89 99 13.4623
54 64 36.244
35 45 62.1969
26 36 70.1122
18 28 73.3181
27 37 53.5487
74 84 41.4092
70 80 45.6733
90 100 30.7981
25 35 62.8342
21 31 60.3341
36 46 68.8966
98 100 27.9365
22 32 61.2807
60 70 55.5278
34 44 75.1776
50 60 38.7618
95 100 13.6124
17 27 63.7922
41 51 55.2212
4 14 86.4063
22 32 73.9531
84 94 20.5345
81 91 34.6062
12 22 74.558
5 15 83.6091
65 75 38.985
73 83 43.2201
97 100 37.1673
24 34 62.996
63 73 61.2651
20 30 74.864
72 82 28.0222
96 100 24.9001
78 88 20.0596
56 66 49.2593
8 18 80.9532
10 20 79.0499
85 95 45.549
63 73 35.261
46 56 54.5131
50 60 29.6829
84 94 30.5997
25 35 65.6473
85 95 27.0702
61 71 50.9682
62 72 53.5795
15 25 82.861
8 18 80.3282
5 15 89.823
67 77 31.5563
69 79 38.0344
43 53 61.2838
4 14 85.9069
30 40 67.4517
49 59 53.8037
1 11 92.4598
31 41 68.8303
11 21 82.4537
19 29 72.3231
79 89 50.3972
14 24 83.8946
59 69 36.4792
64 74 44.549
77 87 40.9638
48 58 39.9727
61 71 37.1819
47 57 66.6966
16 26 77.6196
62 72 53.9255
26 36 67.0532
100 100 24.1002
30 40 63.7538
37 47 65.5225
1 11 87.3533
99 100 8.1094
62 72 27.8911
16 26 70.6507
60 70 49.1485
6 16 81.4759
36 46 44.0365
91 100 36.4973
60 70 56.5895
27 37 59.6262
32 42 52.6931
20 30 72.5069
78 88 34.6226
12 22 76.5205
51 61 59.5629
58 68 46.5697
93 100 34.2447
49 59 42.3189
53 63 55.0861
22 32 60.9258
52 62 50.0528
98 100 38.3272
1 11 88.7157
6 16 88.5312
84 94 39.4045
48 58 45.3266
100 100 26.5297
93 100 34.0881
44 54 46.6489
11 21 84.6345
23 33 60.7792
13 23 73.3986
21 31 72.0224
71 81 39.8994
49 59 56.2755
36 46 60.4429
97 100 27.4157
63 73 41.8467
75 85 39.9108
55 65 41.7833
38 48 61.6806
45 55 68.978
15 25 86.0627
22 32 73.0427
23 33 71.7985
77 87 17.4356
11 21 80.8147
6 16 83.2364
54 64 42.2032
26 36 68.1302
83 93 40.8065
43 53 64.4038
47 57 49.2523
47 57 42.0993
21 31 72.4167
69 79 21.3065
68 78 30.3193
92 100 24.451
89 99 26.9486
12 22 84.5958
67 77 30.0918
19 29 68.2012
20 30 63.4635
34 44 55.3878
28 38 66.504
49 59 41.2357
32 42 62.5206
72 82 14.4841
9 19 77.1674
34 44 64.104
34 44 56.2605
68 78 51.9553
23 33 66.9975
28 38 67.0221
33 43 50.6944
76 86 15.6776
21 31 68.4839
84 94 17.3639
1 11 86.6761
90 100 4.9235
68 78 48.0388
42 52 65.4788
60 70 28.0
100 100 18.9303
45 55 58.3421
92 100 10.6309
63 73 50.4668
42 52 35.7688
74 84 25.01
47 57 43.1386
82 92 18.0014
8 18 83.5414
98 100 25.8684
82 92 37.093
33 43 68.681
37 47 49.0756
70 80 39.2765
56 66 52.049
92 100 39.8413
93 100 22.2275
79 89 31.1319
63 73 37.4997
47 57 47.7011
25 35 61.4609
27 37 64.8927
78 88 20.4783
73 83 33.8259
45 55 52.5872
98 100 29.7483
85 95 27.4576
57 67 27.3393
97 100 27.7824
8 18 87.458
56 66 63.1262
53 63 34.7463
25 35 59.1361
52 62 44.7053
95 100 27.8626
31 41 55.1351
8 18 80.937
25 35 64.2498
91 100 22.5245
84 94 11.7272
73 83 25.8094
27 37 68.15
6 16 80.8165
89 99 45.4316
98 100 22.4894
23 33 71.0211
25 35 77.3045
50 60 50.8298
79 89 45.8356
70 80 36.4442
41 51 60.2844
74 84 49.2832
11 21 80.5004
59 69 49.8888
38 48 70.6188
58 68 40.7797
73 83 32.3431
81 91 34.5309
74 84 13.2401
84 94 57.0735
66 76 33.7561
25 35 63.395
49 59 62.0566
33 43 61.6853
91 100 23.6352
46 56 55.2673
94 100 15.3233
97 100 16.2175
89 99 26.1745
24 34 70.5986
14 24 82.2232
41 51 65.2153
40 50 64.9958
68 78 33.6864
52 62 52.8267
89 99 44.5329
61 71 42.172
60 70 36.8485
73 83 48.3178
88 98 29.3168
34 44 62.5808
35 45 55.5696
90 100 16.1347
43 53 59.4595
90 100 22.573
23 33 63.2359
44 54 60.8759
91 100 53.0304
1 11 87.8813
33 43 63.757
46 56 65.3026
53 63 48.6116
49 59 46.2019
82 92 21.7865
32 42 57.8163
87 97 19.6861
47 57 55.7352
79 89 30.9247
69 79 32.5071
22 32 57.261
96 100 8.6031
54 64 45.603
74 84 44.1281
65 75 31.1665
17 27 81.5842
3 13 86.332
3 13 88.4973
15 25 78.6716
87 97 53.5809
17 27 82.8246
21 31 70.3636
54 64 31.7701
13 23 81.4236
36 46 70.1792
7 17 90.0525
2 12 89.6468
37 47 51.3143
9 19 83.6914
87 97 17.289
3 13 88.1252
2 12 92.6349
37 47 71.5361
85 95 24.4204
71 81 24.7447
31 41 58.5363
50 60 57.1098
99 100 42.4895
73 83 41.3192
95 100 22.6405
30 40 62.3579
1 11 84.9218
59 69 38.6722
54 64 66.6705
36 46 56.7069
40 50 42.8488
20 30 80.4717
53 63 40.5107
18 28 76.4435
28 38 65.6975
9 19 81.063
77 87 28.5273
84 94 50.1802
31 41 69.8445
86 96 50.0401
48 58 41.8234
84 94 37.8533
46 56 49.1864
42 52 64.4054
52 62 61.3825
65 75 27.7244
17 27 80.7284
64 74 43.6591
68 78 60.0703
3 13 84.7854
66 76 53.0654
2 12 83.7335
72 82 38.1677
98 100 18.4805
67 77 38.6909
63 73 33.9318
67 77 48.7316
42 52 62.5887
78 88 41.6244
57 67 31.3007
74 84 41.7665
18 28 73.5238
91 100 33.611
55 65 50.9582
21 31 59.1515
31 41 76.1029
74 84 41.7923
15 25 82.6863
7 17 80.5058
85 95 29.9844
11 21 87.8513
91 100 36.588
90 100 28.5039
69 79 31.0539
3 13 81.9532
55 65 41.2395
56 66 26.6297
94 100 17.7603
44 54 52.4828
64 74 52.3033
29 39 76.5485
50 60 51.7335
4 14 83.6896
63 73 50.6602
93 100 42.7651
62 72 30.283
69 79 36.0588
68 78 51.5481
96 100 38.9913
32 42 75.3719
28 38 58.1589
45 55 63.9168
99 100 29.5294
53 63 57.3004
42 52 53.2856
65 75 51.9625
72 82 16.8987
20 30 68.7838
10 20 82.6136
16 26 79.561
33 43 64.1249
21 31 80.3838
28 38 70.3468
35 45 53.3674
85 95 50.1377
43 53 48.3303
96 100 53.8286
76 86 41.3861
64 74 62.9737
86 96 24.6989
51 61 63.8849
44 54 63.3759
46 56 48.0166
48 58 50.874
61 71 61.874
14 24 74.679
23 33 65.3478
10 20 77.0217
90 100 9.3691
87 97 5.7011
55 65 40.4356
83 93 22.1549
92 100 12.2521
60 70 38.6337
48 58 59.6849
97 100 20.5118
2 12 90.1379
60 70 44.1839
17 27 75.1065
60 70 45.3616
4 14 86.9295
7 17 78.3172
8 18 84.4212
31 41 60.1773
9 19 89.1136
14 24 85.0361
19 29 71.2117
66 76 37.3443
61 71 31.7622
51 61 62.1291
64 74 31.3398
91 100 22.1719
63 73 58.5653
78 88 25.2828
39 49 52.9969
100 100 36.8813
92 100 10.7906
40 50 41.2601
5 15 90.2006
91 100 19.3503
99 100 38.6113
10 20 82.7809
44 54 47.7923
73 83 24.0551
89 99 12.5571
19 29 69.6924
42 52 64.9926
1 11 91.7055
28 38 53.1135
75 85 41.5767
19 29 76.9094
50 60 41.72
20 30 79.3525
44 54 48.6158
14 24 82.9994
100 100 28.1218
49 59 61.981
56 66 40.4203
30 40 56.3626
11 21 78.5723
97 100 16.8395
58 68 54.342
19 29 73.8259
77 87 40.325
3 13 86.3933
29 39 58.3009
84 94 36.4562
76 86 14.1346
77 87 27.8657
89 99 29.5316
2 12 93.3001
71 81 35.8095
68 78 47.2189
37 47 66.7211
30 40 59.4426
37 47 44.8137
98 100 40.1107
43 53 67.6802
71 81 43.5917
81 91 39.1363
21 31 70.6541
41 51 68.7689
16 26 79.8324
65 75 29.2021
17 27 77.3485
55 65 50.3192
45 55 38.4648
87 97 46.3679
48 58 54.3302
9 19 81.9985
61 71 26.5596
56 66 37.8274
14 24 78.9397
40 50 64.5098
95 100 20.7763
96 100 44.3396
49 59 35.8933
88 98 15.8786
97 100 40.7401
71 81 40.6712
42 52 57.2156
1 11 92.3348
80 90 25.022
67 77 29.5805
24 34 63.395
72 82 38.4909
21 31 75.3355
77 87 31.7318
64 74 44.0564
81 91 22.3691
17 27 69.4922
82 92 19.3204
33 43 57.069
59 69 36.4212
89 99 12.8035
5 15 88.7854
34 44 69.7693
3 13 91.8914
20 30 75.4605
53 63 39.1313
24 34 60.8135
24 34 73.2017
10 20 87.2169
37 47 61.7419
28 38 62.4906
33 43 51.9466
37 47 59.3963
21 31 75.5578
4 14 87.8831
89 99 13.3802
38 48 69.3106
67 77 49.7984
97 100 47.3165
75 85 16.5177
63 73 60.3309
13 23 88.0763
65 75 58.194
63 73 59.5135
83 93 46.4783
98 100 35.518
21 31 67.2859
14 24 81.3496
42 52 54.2594
68 78 55.8831
52 62 43.4756
72 82 29.6796
81 91 46.6967
39 49 65.3575
72 82 17.4465
39 49 52.8689
6 16 82.3629
21 31 82.3157
73 83 22.5606
26 36 80.7015
80 90 18.4092
62 72 41.1202
99 100 11.815
29 39 65.4918
87 97 30.4958
99 100 39.3656
52 62 36.3488
44 54 54.1049
50 60 66.3866
58 68 45.4141
20 30 65.9035
1 11 93.3968
57 67 34.2763
96 100 11.815
57 67 40.67
99 100 50.2525
32 42 59.3917
71 81 44.0883
82 92 37.16
12 22 83.7646
34 44 48.4875
9 19 85.5033
39 49 60.4522
84 94 55.3521
13 23 77.2114
25 35 71.8731
33 43 60.8993
63 73 52.7134
14 24 73.6318
17 27 80.4663
31 41 58.6695
45 55 41.5122
25 35 65.2492
8 18 86.2094
54 64 45.6611
91 100 24.7596
4 14 91.149
12 22 79.4897
26 36 67.9124
78 88 22.8532
80 90 19.9666
44 54 64.1761
27 37 57.8954
10 20 78.8793
55 65 44.152
90 100 13.3693
39 49 69.3456
95 100 26.009
76 86 42.0721
15 25 79.861
59 69 37.9875
29 39 58.3879
99 100 26.3097
10 20 88.2209
55 65 45.5571
94 100 33.5021
67 77 28.6525
49 59 56.8109
5 15 90.3888
60 70 51.7306
63 73 34.8053
11 21 75.8031
63 73 37.8139
55 65 46.0389
54 64 53.5546
43 53 63.0897
27 37 62.3547
34 44 50.6802
69 79 34.934
6 16 87.7051
14 24 78.9059
12 22 87.1609
68 78 53.096
94 100 32.9706
74 84 27.2035
91 100 25.6016
22 32 60.8306
79 89 30.0688
2 12 90.3222
42 52 72.7677
25 35 71.8155
27 37 79.8217
75 85 15.8245
12 22 82.9411
7 17 85.6476
60 70 38.9626
35 45 65.3769
53 63 58.547
5 15 85.3979
17 27 74.3199
91 100 46.1951
96 100 38.3594
83 93 20.6534
64 74 54.3552
51 61 47.5369
46 56 63.1961
40 50 61.7529
28 38 56.7355
38 48 67.2088
3 13 88.7081
21 31 73.9531
69 79 32.3659
44 54 60.1261
10 20 77.0199
99 100 38.2147
83 93 20.2248
92 100 16.4163
12 22 72.6586
87 97 35.4668
19 29 76.8428
67 77 45.4505
63 73 44.5877
73 83 15.3061
30 40 63.2168
25 35 73.0256
22 32 76.503
97 100 29.3591
78 88 28.1462
57 67 59.7869
82 92 35.9256
20 30 68.9431
73 83 55.8861
60 70 34.7416
33 43 65.7883
45 55 50.8269
55 65 43.1426
50 60 57.8482
40 50 60.6857
18 28 85.3702
64 74 28.2822
1 11 89.9519
65 75 57.0599
50 60 52.2151
50 60 46.7159
72 82 43.378
79 89 45.699
5 15 83.0413
2 12 89.6809
1 11 89.14
50 60 44.8726
77 87 29.0888
8 18 76.8392
79 89 50.2794
61 71 44.0046
16 26 75.8536
23 33 65.2589
13 23 82.7136
67 77 57.7281
66 76 46.4933
6 16 78.3331
71 81 32.342
23 33 67.1072
95 100 37.3688
63 73 33.6922
66 76 51.676
3 13 87.8456
81 91 12.6928
75 85 50.6702
70 80 32.5322
14 24 74.5857
3 13 87.7894
77 87 49.2102
37 47 64.0544
29 39 71.5073
60 70 58.0995
30 40 55.367
37 47 49.6053
36 46 69.9515
61 71 49.886
16 26 85.6439
92 100 5.7485
94 100 45.4546
5 15 90.0867
52 62 47.2808
23 33 64.4199
56 66 51.3874
26 36 59.9231
59 69 29.8356
20 30 68.2342
14 24 79.6592
20 30 71.2724
25 35 81.9985
14 24 73.2308
15 25 80.4968
66 76 28.9519
28 38 67.1597
67 77 40.0373
26 36 67.4189
33 43 58.4032
77 87 39.3041
97 100 40.7836
40 50 49.3577
24 34 67.5733
73 83 45.2646
19 29 79.2011
74 84 36.4164
99 100 13.2736
55 65 40.896
37 47 61.6131
34 44 70.1792
70 80 33.834
81 91 53.6776
60 70 26.7444
88 98 25.8827
7 17 82.1398
19 29 69.1625
89 99 26.505
77 87 25.6471
6 16 87.2038
91 100 16.1532
59 69 33.4084
27 37 68.1582
58 68 57.4306
56 66 43.6604
95 100 42.2786
75 85 26.7993
81 91 40.489
83 93 22.7882
52 62 30.0063
4 14 87.9075
84 94 34.4816
74 84 31.8446
3 13 83.5707
54 64 43.2951
27 37 72.0037
66 76 40.414
73 83 42.9313
21 31 70.3015
88 98 9.579
77 87 37.9702
59 69 58.9686
71 81 30.3039
28 38 74.1424
80 90 45.653
21 31 74.3561
46 56 66.9484
48 58 53.8976
100 100 26.5349
8 18 85.1394
78 88 23.3308
76 86 42.3137
33 43 69.2973
43 53 65.3996
93 100 23.6429
77 87 47.1159
71 81 30.603
31 41 61.0742
18 28 78.512
7 17 77.1516
40 50 50.5322
9 19 82.1235
3 13 85.2132
