900 26795 9.9499
74 84 21.0286
55 65 56.5173
98 100 35.9089
78 88 46.7268
39 49 53.0785
83 93 39.8211
17 27 69.2474
29 39 63.9152
47 57 57.8741
91 100 33.2641
9 19 86.7338
43 53 58.9363
36 46 53.5019
39 49 54.6254
3 13 86.5514
17 27 83.1051
63 73 30.1291
6 16 85.9663
38 48 66.4144
35 45 67.0057
72 82 43.0782
10 20 81.8048
54 64 51.6228
12 22 81.1008
51 61 52.7163
49 59 52.5292
21 31 75.2574
94 100 28.9918
43 53 60.1633
54 64 63.2741
36 46 45.5045
34 44 63.1485
59 69 47.7246
49 59 53.0042
51 61 41.9748
37 47 49.7363
81 91 20.1296
12 22 82.8555
47 57 67.1367
56 66 43.4255
25 35 77.2799
48 58 42.3918
59 69 57.069
88 98 46.6148
30 40 59.2823
1 11 91.0326
77 87 19.6896
28 38 74.6842
44 54 63.8817
53 63 58.2795
40 50 55.0475
46 56 49.8747
100 100 42.6109
30 40 76.2408
39 49 66.5089
2 12 89.8552
67 77 26.0406
65 75 19.6276
10 20 81.4254
99 100 9.1906
83 93 55.3774
76 86 17.8751
18 28 76.8796
26 36 69.4689
88 98 27.982
74 84 32.9602
51 61 61.9652
74 84 31.3387
51 61 67.5931
16 26 72.0427
2 12 91.0956
99 100 42.2747
97 100 51.0425
36 46 51.9351
37 47 45.2619
85 95 35.3692
23 33 73.5615
6 16 82.5263
47 57 45.4896
73 83 37.9826
40 50 39.4409
80 90 26.4165
73 83 41.6425
83 93 52.7918
26 36 56.232
81 91 36.8862
32 42 54.9348
4 14 87.0302
36 46 50.9682
41 51 44.9999
81 91 27.4566
49 59 52.8267
21 31 69.7643
64 74 42.0384
50 60 34.8655
94 100 25.4874
99 100 36.4442
16 26 75.6622
82 92 41.5664
46 56 36.1778
30 40 71.9172
78 88 26.0784
97 100 23.9043
92 100 6.1014
63 73 43.2333
82 92 28.7704
95 100 38.8416
52 62 46.0756
22 32 79.0588
20 30 78.3013
30 40 75.2261
40 50 63.4858
58 68 36.4647
26 36 71.5564
45 55 53.4756
86 96 27.6855
12 22 79.7235
96 100 20.17
91 100 34.349
39 49 74.0047
9 19 84.9476
14 24 80.9064
19 29 72.9555
51 61 48.9664
64 74 39.782
29 39 56.1331
30 40 76.7306
55 65 53.2856
90 100 31.1063
47 57 44.4196
52 62 39.402
61 71 31.5664
34 44 64.9572
44 54 66.5921
85 95 28.8047
1 11 88.7929
86 96 33.4211
11 21 84.3257
30 40 67.0139
83 93 33.9493
86 96 14.9614
2 12 88.5556
40 50 49.2018
71 81 35.5037
81 91 26.3118
40 50 55.665
98 100 35.2967
53 63 58.8688
23 33 69.0594
63 73 52.3076
24 34 67.6605
33 43 58.469
58 68 33.5415
70 80 44.5009
34 44 67.9734
52 62 49.9906
91 100 36.078
11 21 85.1375
68 78 28.3141
97 100 28.9326
84 94 32.4
85 95 36.6328
1 11 92.5829
45 55 47.7246
30 40 74.7257
33 43 60.3387
68 78 27.5657
20 30 73.0991
62 72 37.5744
31 41 49.6306
45 55 34.1816
52 62 39.5188
85 95 17.1794
49 59 54.5811
8 18 83.0996
60 70 51.3243
24 34 73.1743
33 43 58.6465
3 13 86.41
35 45 65.9019
13 23 82.7409
77 87 34.4229
3 13 91.9988
52 62 52.8369
75 85 34.3209
51 61 40.6049
71 81 62.7137
42 52 69.7576
55 65 29.4404
33 43 66.968
85 95 43.9317
53 63 50.3603
53 63 40.2603
89 99 35.8214
16 26 68.4525
87 97 20.3518
44 54 61.9637
73 83 40.7669
20 30 76.3439
47 57 44.3969
19 29 83.3934
46 56 47.2285
1 11 92.3156
70 80 62.5444
82 92 54.8903
25 35 69.5089
70 80 36.1213
7 17 86.2149
40 50 54.7053
95 100 28.0264
82 92 40.4153
97 100 14.6444
13 23 77.7783
52 62 34.3537
99 100 16.7175
68 78 50.6588
28 38 59.3347
90 100 18.0702
81 91 19.464
97 100 25.8623
67 77 38.0788
83 93 39.2928
26 36 60.7371
51 61 40.2273
85 95 13.673
64 74 51.5122
66 76 55.0178
71 81 31.0238
62 72 27.2192
61 71 41.9515
1 11 87.159
39 49 47.8739
4 14 89.7188
99 100 26.8106
94 100 25.063
69 79 31.7442
78 88 38.2443
96 100 27.2004
33 43 74.4372
80 90 33.3552
43 53 54.8948
2 12 89.2609
61 71 37.8348
13 23 72.1005
85 95 21.9539
56 66 35.746
35 45 65.1362
64 74 32.8398
28 38 71.5733
37 47 52.5074
50 60 40.6406
24 34 75.3407
4 14 89.3743
76 86 10.8195
1 11 88.5462
43 53 37.7364
65 75 36.3368
16 26 77.3731
68 78 41.9567
44 54 73.3524
32 42 64.933
81 91 31.2973
88 98 47.212
74 84 33.4431
25 35 74.5909
2 12 89.5673
36 46 54.1873
20 30 81.8536
36 46 53.559
77 87 39.7291
2 12 86.9556
88 98 34.6579
46 56 57.8482
2 12 83.5122
80 90 23.5157
47 57 59.4348
71 81 51.0753
34 44 51.912
97 100 29.0801
87 97 28.8519
5 15 86.397
10 20 71.5564
60 70 34.2003
83 93 21.821
56 66 36.4128
19 29 69.0528
60 70 54.7452
88 98 36.4079
32 42 76.7919
99 100 36.2886
46 56 52.7425
43 53 50.2582
56 66 28.0349
97 100 35.6158
56 66 25.3653
89 99 31.5372
73 83 56.349
2 12 89.1363
68 78 58.1498
82 92 28.0031
16 26 83.231
44 54 43.1465
68 78 32.3772
10 20 84.7228
31 41 64.452
90 100 28.7618
47 57 34.4358
25 35 65.8321
86 96 31.0182
38 48 67.5306
73 83 42.8684
85 95 13.1174
55 65 32.1965
20 30 68.9581
37 47 72.7609
66 76 33.8107
47 57 42.4022
43 53 53.1806
57 67 38.6424
98 100 8.7533
34 44 53.6219
83 93 32.9189
77 87 24.0492
82 92 51.4462
41 51 44.8364
82 92 43.9012
19 29 83.0158
27 37 67.0171
73 83 40.8398
38 48 52.834
63 73 43.8959
8 18 81.5915
99 100 12.3229
52 62 66.8977
16 26 79.3275
93 100 28.691
30 40 67.122
47 57 61.8425
14 24 85.7995
14 24 79.2883
20 30 73.0341
80 90 44.5409
13 23 83.6438
33 43 65.0846
62 72 33.1822
5 15 85.6532
56 66 44.9128
59 69 57.5155
85 95 27.8309
49 59 70.0234
43 53 48.5962
12 22 72.7814
41 51 59.9308
2 12 88.5895
94 100 21.025
1 11 87.118
39 49 68.0955
63 73 43.9569
73 83 27.1462
92 100 22.1173
55 65 44.4049
22 32 76.461
44 54 64.7429
17 27 78.6095
40 50 68.2458
9 19 86.3524
83 93 46.4865
19 29 78.3685
89 99 37.1502
12 22 76.2915
61 71 33.7852
66 76 59.7575
95 100 38.3062
99 100 45.8844
12 22 76.2059
84 94 28.3886
31 41 64.5018
12 22 72.3708
92 100 36.0
80 90 28.2896
83 93 39.9411
36 46 65.4077
81 91 21.5937
2 12 92.7369
7 17 84.0797
85 95 10.5002
70 80 35.2575
97 100 22.0233
35 45 49.5884
15 25 81.7324
36 46 56.1046
38 48 68.4938
12 22 83.9752
41 51 38.6026
10 20 72.6893
21 31 74.4683
16 26 76.962
27 37 59.756
8 18 84.1825
99 100 13.4594
88 98 46.9993
35 45 66.9991
57 67 58.4491
74 84 22.9144
78 88 46.2114
82 92 52.606
42 52 51.8659
41 51 55.6889
63 73 42.6161
29 39 65.0216
59 69 43.1124
4 14 86.8102
57 67 50.3944
80 90 56.154
26 36 70.2194
95 100 34.1383
54 64 33.6551
44 54 40.5412
40 50 53.3426
74 84 50.5308
17 27 81.879
37 47 66.7718
26 36 74.5132
3 13 90.3184
34 44 64.2002
41 51 72.5495
30 40 54.9733
37 47 53.77
53 63 48.6743
94 100 15.2568
37 47 58.645
43 53 64.2354
43 53 71.8917
28 38 69.6791
100 100 31.453
47 57 54.7378
13 23 81.3712
68 78 32.099
51 61 60.0656
29 39 62.2616
59 69 31.1799
76 86 43.5508
60 70 44.3516
62 72 41.2858
58 68 30.7093
63 73 27.9154
18 28 82.9557
20 30 83.9606
53 63 39.8211
77 87 20.4078
65 75 28.2142
30 40 65.2379
11 21 84.9144
28 38 69.4072
26 36 67.3187
41 51 45.3131
69 79 55.5517
92 100 19.6763
1 11 89.5162
77 87 16.7617
71 81 46.6967
75 85 36.9081
80 90 16.5324
83 93 49.7194
26 36 72.7882
66 76 17.2565
100 100 55.0876
71 81 24.5015
36 46 68.1203
49 59 38.7743
80 90 26.2369
94 100 23.2932
24 34 68.8634
66 76 36.3754
66 76 52.0707
78 88 30.2401
81 91 27.1368
84 94 17.7586
76 86 35.3228
72 82 28.2758
96 100 22.6947
59 69 51.7997
93 100 21.0589
77 87 24.4066
62 72 24.956
13 23 85.9755
38 48 64.8009
5 15 86.7525
13 23 74.5891
25 35 74.7395
76 86 35.6564
17 27 69.1359
71 81 48.5516
20 30 76.4943
36 46 62.0172
78 88 27.014
44 54 34.545
32 42 66.775
27 37 64.0736
12 22 79.8378
72 82 24.2812
43 53 42.8305
52 62 35.6851
78 88 31.4071
68 78 43.4241
6 16 83.1288
55 65 50.5763
58 68 56.3821
17 27 75.2799
7 17 91.065
94 100 23.79
94 100 43.1307
17 27 69.7008
10 20 79.2848
59 69 59.9649
20 30 77.2307
70 80 26.321
1 11 91.4777
26 36 67.5257
32 42 72.4337
31 41 65.2395
87 97 25.9947
5 15 77.6936
41 51 57.9715
80 90 49.449
37 47 55.4965
31 41 52.5524
97 100 13.9017
98 100 41.4015
12 22 71.6478
98 100 25.3291
87 97 37.0394
45 55 46.2169
23 33 59.1761
72 82 35.6827
32 42 70.9924
100 100 12.6821
40 50 42.4622
96 100 35.443
20 30 80.8021
76 86 20.1332
56 66 51.1282
16 26 78.5333
39 49 52.3336
100 100 19.7634
62 72 59.2684
63 73 33.5392
39 49 61.8928
58 68 34.5556
81 91 36.161
56 66 62.6346
98 100 30.2973
86 96 7.7975
85 95 8.1208
56 66 51.0739
40 50 65.6619
9 19 81.3171
19 29 73.0888
42 52 53.6131
57 67 43.328
39 49 54.3965
41 51 49.5841
13 23 77.6725
41 51 68.9415
64 74 48.1969
15 25 81.5842
41 51 61.5174
88 98 36.657
27 37 66.9926
78 88 21.9108
10 20 87.5965
89 99 49.6518
72 82 29.1848
87 97 23.0304
53 63 63.4556
39 49 55.6024
100 100 17.6963
70 80 43.634
45 55 60.9586
36 46 61.8504
47 57 63.8034
35 45 47.1887
22 32 58.7982
87 97 22.5929
85 95 37.3957
45 55 60.5875
13 23 81.6511
49 59 70.2127
32 42 54.3464
14 24 79.4737
85 95 40.131
5 15 82.1615
39 49 57.0297
98 100 21.4971
53 63 65.0055
20 30 66.2677
14 24 76.8883
4 14 91.3152
47 57 48.5753
85 95 36.0432
11 21 88.6328
97 100 25.3331
26 36 76.8761
70 80 34.3349
97 100 14.9197
4 14 88.3863
52 62 54.1608
42 52 61.1555
17 27 71.5344
40 50 59.4888
3 13 83.9679
23 33 60.5502
60 70 60.9399
14 24 81.5553
38 48 59.113
28 38 54.6816
38 48 69.634
20 30 72.0071
10 20 85.7995
99 100 42.2916
35 45 64.7381
74 84 23.1919
88 98 28.2365
39 49 40.24
48 58 43.8721
41 51 71.9681
5 15 88.097
29 39 70.1038
10 20 71.89
71 81 50.1831
80 90 37.5169
26 36 65.2121
81 91 23.5196
17 27 70.7079
18 28 81.7089
13 23 72.4116
1 11 93.163
78 88 26.1714
62 72 50.5379
73 83 30.4627
78 88 31.4295
24 34 62.2994
74 84 43.5732
84 94 30.2665
26 36 56.8184
69 79 55.786
56 66 45.7409
5 15 83.1744
28 38 58.4812
34 44 67.1154
35 45 42.6866
12 22 78.2482
56 66 51.863
20 30 80.8956
1 11 90.155
54 64 39.1726
85 95 23.3163
28 38 76.855
11 21 86.3729
81 91 34.1745
88 98 12.3173
14 24 71.2741
76 86 34.0134
33 43 55.7486
41 51 56.5008
9 19 82.0782
64 74 38.3285
48 58 36.1465
42 52 35.5466
45 55 49.6644
30 40 50.8084
49 59 67.8745
98 100 47.1516
43 53 65.3252
37 47 64.9249
19 29 79.1424
72 82 25.3583
48 58 45.7991
64 74 23.7549
89 99 22.4894
82 92 36.4417
46 56 45.3064
98 100 12.1759
44 54 53.01
46 56 43.3938
98 100 40.6598
53 63 33.3183
69 79 52.9009
73 83 34.4886
61 71 44.6318
72 82 41.2652
11 21 82.3447
42 52 58.1376
76 86 51.5251
1 11 90.579
93 100 23.7257
79 89 32.0537
16 26 82.3175
40 50 57.5732
88 98 25.1733
17 27 85.0434
60 70 62.0692
68 78 43.0625
5 15 86.5439
53 63 56.594
37 47 56.304
52 62 58.0156
90 100 34.171
23 33 79.5165
13 23 78.3137
71 81 54.5574
19 29 79.2118
100 100 21.301
28 38 70.5566
36 46 61.1993
30 40 72.3997
95 100 36.7757
77 87 21.7706
86 96 6.7662
62 72 51.1096
77 87 27.5573
7 17 87.8831
100 100 34.0682
84 94 13.5255
79 89 38.3396
61 71 63.5129
1 11 88.6837
83 93 10.0394
16 26 79.5414
8 18 85.9551
20 30 77.0673
71 81 24.2064
89 99 43.5877
44 54 56.6618
13 23 80.3551
46 56 42.4061
88 98 15.0156
99 100 33.3241
73 83 34.0356
2 12 91.2598
69 79 21.9502
19 29 74.7516
85 95 44.3583
26 36 65.1814
86 96 35.4632
79 89 40.7235
27 37 66.1978
71 81 20.6343
43 53 62.4938
94 100 11.0762
66 76 47.0967
8 18 77.7871
94 100 11.719
46 56 58.2734
30 40 67.807
100 100 20.0686
10 20 82.5154
21 31 69.2207
79 89 49.7815
24 34 74.2941
62 72 47.4459
19 29 66.2743
17 27 77.1762
51 61 54.8148
73 83 43.2688
28 38 60.9055
76 86 31.9632
81 91 17.2757
3 13 87.8213
82 92 44.5783
13 23 81.2468
38 48 63.0976
28 38 75.084
57 67 63.2566
28 38 68.1814
14 24 85.944
12 22 77.7324
72 82 50.0938
8 18 85.9793
79 89 47.8034
37 47 62.2726
90 100 35.3942
14 24 76.7306
45 55 49.9255
77 87 37.9542
59 69 46.1
33 43 66.4192
62 72 31.8457
34 44 72.6245
45 55 68.8734
99 100 39.2314
23 33 74.7568
50 60 50.3546
18 28 77.9919
92 100 40.9574
30 40 61.789
25 35 64.7301
45 55 70.1339
69 79 41.219
64 74 30.6938
4 14 86.1481
4 14 86.9146
13 23 75.3164
42 52 65.8565
10 20 82.2794
78 88 46.0579
7 17 85.7198
40 50 48.411
29 39 71.1104
98 100 24.171
59 69 64.1825
75 85 21.1802
11 21 81.2378
53 63 49.3956
50 60 55.9324
85 95 17.5469
52 62 34.1196
59 69 52.6234
77 87 31.6643
6 16 82.5699
86 96 41.5458
65 75 54.0725
91 100 22.3398
19 29 72.0631
31 41 71.3822
39 49 53.2214
76 86 42.2006
39 49 63.9824
71 81 35.0275
80 90 47.1021
17 27 83.231
93 100 33.516
50 60 58.9379
83 93 43.5838
77 87 46.9074
86 96 46.5015
72 82 50.9082
3 13 87.2748
66 76 42.5652
35 45 75.2053
10 20 72.9999
48 58 46.5752
31 41 61.4907
19 29 72.1073
71 81 24.7268
83 93 38.5405
76 86 30.4516
5 15 86.7636
11 21 82.6045
39 49 71.9935
39 49 52.5553
29 39 57.763
8 18 89.157
49 59 55.7232
42 52 55.5174
13 23 79.0641
76 86 18.9608
81 91 52.8049
15 25 70.8425
12 22 84.9752
23 33 77.1112
61 71 44.2943
99 100 38.7842
45 55 58.1955
87 97 24.3019
42 52 46.8321
29 39 64.4472
16 26 81.4037
60 70 39.2728
30 40 66.2222
90 100 17.7907
53 63 56.8335
56 66 56.2875
59 69 51.2541
73 83 46.2618
40 50 64.7011
91 100 38.5504
14 24 75.4205
75 85 42.9982
35 45 60.6452
37 47 59.4965
21 31 71.5598
71 81 15.2826
97 100 30.2313
76 86 43.7543
63 73 56.5083
54 64 36.6267
36 46 45.1033
22 32 55.8069
45 55 54.8636
87 97 30.6827
1 11 89.2874
2 12 88.923
96 100 22.3984
84 94 22.835
71 81 30.5124
51 61 55.2153
38 48 48.6813
88 98 15.157
36 46 51.4405
