400 11966 9.9499
92 100 92.8988
25 35 6.3974
57 67 31.769
26 36 9.8276
84 94 69.1259
95 100 63.5241
90 100 96.7469
18 28 2.5062
80 90 56.6015
2 12 0.5467
93 100 77.3485
41 51 16.5218
17 27 3.0154
14 24 3.875
44 54 27.1681
93 100 94.1618
9 19 2.4146
60 70 16.787
31 41 8.5112
25 35 3.9252
12 22 1.857
94 100 34.8737
59 69 16.2248
21 31 2.7906
10 20 1.5851
9 19 1.7527
23 33 8.8732
28 38 8.5369
9 19 1.2758
70 80 22.1408
14 24 3.4458
20 30 7.8182
98 100 64.2819
37 47 17.2948
93 100 49.4546
14 24 4.598
59 69 12.7299
99 100 61.1071
79 89 52.0634
67 77 55.1291
40 50 21.3028
95 100 34.0496
96 100 74.9869
39 49 11.706
16 26 4.9626
74 84 41.0586
42 52 24.4639
6 16 1.3554
25 35 7.0204
48 58 12.6615
35 45 18.3235
2 12 1.2928
21 31 3.1973
52 62 35.343
8 18 1.8379
53 63 34.5909
91 100 27.3958
31 41 5.7677
6 16 1.7145
99 100 44.6264
71 81 21.3703
18 28 4.6846
25 35 10.0921
12 22 2.9894
10 20 2.2356
26 36 7.886
10 20 1.0623
84 94 50.3333
78 88 66.9091
73 83 47.2505
50 60 12.0541
96 100 45.8451
92 100 75.9321
45 55 14.031
60 70 17.735
34 44 14.3937
24 34 5.9795
11 21 3.6321
94 100 60.23
74 84 59.0346
47 57 22.106
1 11 1.1278
75 85 63.6198
52 62 15.3006
46 56 8.0935
81 91 24.0718
31 41 4.4563
74 84 49.2088
70 80 29.4068
1 11 0.8703
64 74 18.3398
31 41 8.5808
89 99 59.7668
45 55 20.7325
94 100 72.5393
87 97 81.2306
80 90 21.0186
32 42 13.5328
6 16 1.854
90 100 32.9889
10 20 1.0636
13 23 3.8107
51 61 15.2693
100 100 30.2841
50 60 31.9734
97 100 32.7962
92 100 47.3069
73 83 24.7984
5 15 0.6162
34 44 17.5947
6 16 1.2455
24 34 3.7819
78 88 20.0194
78 88 22.1822
26 36 3.3317
71 81 49.5517
19 29 4.9912
3 13 0.7852
42 52 21.7501
23 33 5.8038
19 29 6.0305
38 48 15.9185
32 42 6.4633
32 42 12.9089
77 87 19.1109
3 13 1.6804
56 66 22.9642
46 56 25.6147
96 100 32.3499
3 13 0.9249
81 91 33.8608
1 11 0.3241
4 14 1.3922
3 13 0.8398
49 59 9.0776
78 88 22.6643
41 51 18.7498
58 68 46.1027
70 80 46.274
61 71 18.9599
16 26 3.9752
96 100 37.523
47 57 14.8271
63 73 25.8501
61 71 13.9682
73 83 54.7378
29 39 4.5698
65 75 23.675
79 89 20.6425
70 80 59.5336
93 100 33.2617
69 79 15.9544
13 23 1.3912
5 15 2.0272
41 51 9.0812
45 55 12.7363
66 76 56.4812
82 92 65.0539
38 48 14.0985
24 34 8.5632
23 33 5.3833
49 59 26.5586
95 100 97.9645
77 87 52.1342
91 100 30.3877
47 57 21.0103
29 39 8.4908
10 20 3.4797
46 56 11.6499
80 90 34.6144
28 38 10.6263
97 100 58.6159
1 11 1.0812
33 43 12.3918
27 37 6.1261
43 53 9.92
24 34 4.4677
98 100 30.4649
50 60 34.0519
44 54 19.0681
15 25 4.8753
77 87 33.3841
51 61 11.446
28 38 12.8903
19 29 7.472
12 22 1.233
3 13 1.1511
68 78 46.8568
56 66 23.4731
16 26 3.8021
62 72 31.9688
9 19 2.7656
59 69 13.9577
81 91 59.5367
26 36 10.0445
53 63 23.2478
62 72 42.2058
87 97 38.5616
75 85 58.7262
12 22 4.7115
95 100 99.5186
84 94 30.1192
89 99 96.8177
20 30 3.0123
85 95 74.9575
66 76 21.7492
2 12 0.6236
55 65 12.2311
15 25 1.6109
6 16 0.6796
17 27 2.6903
1 11 0.3574
9 19 2.2323
53 63 27.8911
59 69 20.1817
46 56 24.1287
63 73 33.2791
16 26 2.0512
24 34 4.346
59 69 25.016
47 57 17.3939
47 57 10.3144
81 91 74.0667
90 100 25.6107
20 30 7.6818
14 24 3.7122
99 100 38.6697
17 27 4.0317
50 60 20.108
46 56 23.4421
77 87 23.7266
71 81 29.1308
24 34 4.4104
55 65 11.1656
1 11 0.4102
26 36 7.6193
31 41 13.7018
44 54 15.2701
32 42 8.796
34 44 8.1733
78 88 62.576
40 50 11.3199
98 100 79.4861
6 16 1.3435
73 83 59.9602
4 14 0.8475
65 75 26.7599
24 34 3.4947
40 50 12.55
59 69 14.6245
41 51 12.9658
37 47 13.5579
85 95 89.2836
51 61 33.0913
18 28 7.4518
93 100 94.8267
32 42 10.1755
72 82 62.5349
63 73 32.579
75 85 56.7069
19 29 2.8971
65 75 29.6306
69 79 19.9755
43 53 10.8577
75 85 62.9833
99 100 43.9649
85 95 24.8213
64 74 14.6582
75 85 46.5233
49 59 22.1784
93 100 80.0703
23 33 4.1099
15 25 2.0138
55 65 35.2587
78 88 66.2563
42 52 26.6938
81 91 24.5976
37 47 15.5315
49 59 30.5544
2 12 0.7857
37 47 9.7944
12 22 2.2207
58 68 13.4851
98 100 78.3066
88 98 90.8304
78 88 69.4139
89 99 64.558
57 67 19.5682
3 13 1.3306
18 28 5.7619
52 62 11.1476
68 78 31.5439
30 40 14.6222
54 64 13.7478
51 61 25.7353
33 43 16.2925
22 32 9.9017
14 24 3.6062
40 50 9.842
76 86 18.7818
78 88 51.6055
5 15 1.2323
16 26 4.9823
77 87 51.0025
49 59 8.7096
72 82 39.5327
13 23 2.5953
15 25 4.9689
11 21 1.8531
19 29 2.2282
84 94 46.1
92 100 72.4286
14 24 2.2431
92 100 45.967
84 94 80.6081
17 27 3.5937
94 100 52.5031
36 46 9.2732
98 100 49.3731
80 90 33.286
38 48 21.3102
80 90 28.2471
77 87 41.0496
33 43 17.5419
59 69 32.1648
58 68 34.908
70 80 59.4904
75 85 60.5455
48 58 15.6246
82 92 44.1972
34 44 9.4895
96 100 88.9306
89 99 89.2685
85 95 62.8389
76 86 59.4071
55 65 11.6841
12 22 4.4808
100 100 34.1138
50 60 32.2601
10 20 3.1258
77 87 35.5765
37 47 12.638
96 100 49.6208
98 100 87.3888
77 87 41.9697
37 47 13.1951
28 38 11.756
69 79 59.951
72 82 23.3009
98 100 58.0766
15 25 5.3075
97 100 87.4375
100 100 40.1284
61 71 22.5977
36 46 13.0957
91 100 25.1833
49 59 24.688
19 29 4.3397
9 19 2.4202
18 28 3.4158
42 52 14.6398
56 66 38.7432
98 100 42.4309
83 93 54.9793
80 90 27.3132
89 99 97.3636
38 48 22.969
26 36 4.1763
72 82 29.4003
32 42 10.3581
8 18 1.1423
72 82 22.6205
11 21 1.2377
65 75 23.7715
28 38 8.3723
30 40 4.2214
39 49 10.6172
24 34 3.6073
90 100 79.4683
35 45 9.0445
5 15 1.3257
52 62 37.2112
75 85 22.5027
78 88 22.3568
83 93 36.291
91 100 54.6313
73 83 29.1622
88 98 37.2405
6 16 1.6494
40 50 20.821
63 73 27.092
9 19 2.1008
32 42 15.5986
95 100 96.5051
71 81 25.7891
92 100 78.2269
58 68 19.4375
91 100 44.8712
65 75 20.2752
79 89 33.1695
