900 27310 9.9499
65 75 44.3649
77 87 25.957
8 18 3.0835
99 100 40.3937
70 80 40.6508
64 74 54.6609
91 100 60.9336
27 37 4.4521
91 100 74.0151
33 43 14.3368
54 64 29.448
4 14 0.5886
5 15 1.46
97 100 94.7118
76 86 39.5679
85 95 84.3018
7 17 1.6221
49 59 15.5086
90 100 25.5166
10 20 3.7268
16 26 3.6661
34 44 18.7169
8 18 2.7258
30 40 5.8709
81 91 74.8381
83 93 26.0845
18 28 5.4943
94 100 75.0389
12 22 3.4229
81 91 35.9172
50 60 15.9848
73 83 21.6234
13 23 1.4955
30 40 12.8472
92 100 27.1764
10 20 1.8193
73 83 17.6375
76 86 44.7267
88 98 36.4454
13 23 5.1643
75 85 21.8313
38 48 10.44
93 100 53.0989
57 67 11.7718
94 100 39.1838
26 36 4.2584
42 52 6.9791
76 86 62.2
69 79 18.2389
11 21 3.7772
14 24 3.8518
94 100 42.7651
98 100 96.0812
72 82 54.0401
19 29 2.8107
94 100 58.0537
35 45 5.7768
6 16 1.0254
76 86 73.1658
28 38 5.8549
79 89 27.1795
37 47 18.2619
24 34 6.216
30 40 14.4127
9 19 2.9036
82 92 41.1009
1 11 1.0245
37 47 20.2428
76 86 42.7441
73 83 27.0202
81 91 28.8777
78 88 61.0617
56 66 39.1613
8 18 1.9555
58 68 40.9485
82 92 38.3384
8 18 2.538
36 46 7.2329
66 76 52.477
96 100 93.5205
15 25 3.3
34 44 5.5951
67 77 31.5496
78 88 61.929
68 78 56.5113
13 23 2.6481
73 83 32.3477
6 16 1.5446
28 38 10.0641
48 58 28.7586
66 76 30.8891
43 53 20.1323
94 100 88.1683
78 88 74.7135
82 92 75.7997
24 34 5.7198
55 65 11.8481
80 90 21.2456
57 67 40.7899
66 76 16.512
12 22 1.9983
12 22 4.738
4 14 1.229
1 11 0.7919
67 77 55.6247
48 58 21.8332
47 57 22.3237
63 73 51.9798
15 25 2.1077
89 99 62.2332
23 33 8.8066
52 62 17.6652
32 42 12.0645
15 25 6.0841
61 71 47.9875
73 83 33.6075
83 93 38.9963
5 15 0.5767
59 69 31.0316
19 29 4.6259
88 98 35.0701
13 23 4.586
14 24 2.932
92 100 48.2455
62 72 25.9733
50 60 12.5486
49 59 24.684
49 59 16.3143
88 98 47.8933
50 60 35.7831
21 31 3.0036
19 29 3.3019
22 32 4.5732
63 73 40.8526
63 73 37.1893
48 58 25.1282
73 83 28.8584
25 35 3.7811
57 67 39.0038
37 47 19.0148
92 100 39.883
87 97 57.2867
21 31 5.5994
91 100 54.5456
12 22 2.8429
40 50 24.5649
72 82 51.7263
78 88 32.4364
4 14 1.2609
11 21 2.7437
78 88 62.2916
95 100 29.7941
22 32 4.8215
20 30 3.1071
100 100 69.6273
15 25 4.8629
79 89 71.7883
37 47 18.6529
69 79 40.4343
54 64 21.0415
23 33 3.2634
39 49 21.9567
68 78 46.2754
46 56 21.1628
3 13 1.1716
84 94 53.1251
34 44 7.2323
57 67 40.8423
60 70 32.571
34 44 14.1083
75 85 28.2716
19 29 2.9601
67 77 40.1373
18 28 4.23
31 41 10.1296
73 83 30.228
11 21 3.6405
71 81 43.0454
100 100 93.9368
25 35 8.1111
56 66 19.0174
76 86 34.1348
47 57 24.3562
32 42 7.1321
20 30 4.2861
98 100 40.2933
88 98 94.0124
64 74 39.3907
76 86 22.3133
19 29 3.5551
72 82 20.4078
76 86 67.1433
93 100 55.0609
69 79 44.6959
3 13 1.6869
58 68 18.8356
27 37 12.0854
62 72 16.4674
35 45 17.7511
59 69 29.1481
63 73 27.6108
41 51 24.6214
17 27 4.638
20 30 2.5482
23 33 9.78
58 68 33.8503
39 49 6.7179
87 97 79.2118
23 33 8.2979
91 100 71.8341
57 67 16.9069
37 47 8.0151
63 73 24.0816
91 100 57.0312
80 90 20.3681
99 100 29.6938
4 14 0.939
49 59 25.2516
1 11 0.6866
25 35 5.0778
84 94 62.1858
96 100 61.9857
55 65 18.0387
81 91 45.0456
89 99 73.0085
24 34 6.4146
85 95 40.5654
94 100 89.1306
44 54 13.8704
57 67 19.8444
91 100 37.5941
77 87 74.0787
71 81 37.8336
72 82 51.0124
5 15 0.5727
70 80 21.1913
12 22 3.7419
34 44 6.005
77 87 64.4472
62 72 28.6043
7 17 2.6108
62 72 42.9104
95 100 25.0721
80 90 59.7313
87 97 86.8456
7 17 2.4549
23 33 3.5014
20 30 4.66
14 24 4.198
61 71 19.0611
25 35 6.3771
59 69 44.002
61 71 37.4348
17 27 3.8593
81 91 56.0492
31 41 9.3342
32 42 4.5595
74 84 17.9666
78 88 28.4868
40 50 11.791
1 11 0.4334
84 94 48.315
4 14 0.9101
66 76 17.3464
46 56 27.8879
15 25 3.9681
13 23 2.418
48 58 11.7807
43 53 21.8799
48 58 18.2158
20 30 6.6683
54 64 25.7191
34 44 10.6074
1 11 0.9734
17 27 3.1152
28 38 10.3465
79 89 41.6761
34 44 17.4231
72 82 39.6799
97 100 50.9382
100 100 35.21
81 91 52.283
43 53 9.4673
2 12 1.2668
94 100 93.8302
14 24 3.0002
18 28 4.2185
53 63 17.3772
48 58 14.9398
4 14 0.944
88 98 69.0013
99 100 81.2684
38 48 6.844
5 15 0.5658
1 11 0.7351
66 76 51.2255
67 77 33.1028
96 100 63.928
96 100 42.7507
34 44 11.0683
56 66 33.2514
46 56 13.4278
37 47 14.0565
52 62 18.2637
92 100 68.807
83 93 74.1355
41 51 22.7071
69 79 16.5315
98 100 59.9726
9 19 2.0372
43 53 13.6848
7 17 1.3544
96 100 29.9592
20 30 4.6122
2 12 0.8187
20 30 8.3377
23 33 9.1797
28 38 4.4197
22 32 2.8558
26 36 10.5385
3 13 0.6059
66 76 22.121
59 69 34.0834
83 93 32.8283
13 23 3.2652
27 37 3.7787
82 92 49.8789
88 98 59.1361
31 41 5.6839
34 44 13.4762
19 29 7.191
78 88 30.1434
74 84 42.2812
7 17 2.4618
50 60 16.4592
85 95 71.9019
62 72 45.9969
99 100 38.2567
38 48 6.4486
52 62 24.7795
41 51 9.2106
87 97 47.3
90 100 43.5613
21 31 3.1745
93 100 74.8675
16 26 4.3823
78 88 40.9984
67 77 30.7326
99 100 37.5904
38 48 13.1479
94 100 54.8399
10 20 3.3262
13 23 3.6941
9 19 1.0092
99 100 37.6186
72 82 36.4937
76 86 32.0322
71 81 31.8434
56 66 19.7092
56 66 39.5452
59 69 45.4276
56 66 35.6994
99 100 69.3739
8 18 0.9289
62 72 24.112
87 97 29.1892
91 100 78.7248
69 79 37.4201
10 20 2.8093
63 73 24.4491
10 20 1.0698
28 38 11.0231
55 65 21.2586
10 20 3.5789
89 99 40.1702
91 100 31.9677
63 73 49.0952
34 44 12.5798
94 100 38.7793
55 65 17.4657
47 57 8.6078
43 53 26.0029
3 13 0.6265
13 23 3.4447
28 38 14.2039
44 54 12.9176
8 18 2.2762
82 92 21.423
100 100 76.8778
33 43 10.6648
5 15 2.0141
10 20 2.2822
48 58 14.9552
85 95 49.042
72 82 33.5588
52 62 18.3801
64 74 38.4561
74 84 53.4493
11 21 1.3649
98 100 58.5914
99 100 53.1791
1 11 0.8987
39 49 11.7979
49 59 31.3712
37 47 11.7162
34 44 5.579
54 64 29.6644
94 100 35.4263
85 95 52.8544
27 37 5.414
36 46 14.9405
91 100 74.4131
72 82 17.9505
99 100 32.834
88 98 49.7194
80 90 28.6353
20 30 5.5597
72 82 51.5524
49 59 19.8363
1 11 0.7444
100 100 60.6358
42 52 17.5444
100 100 88.8646
12 22 4.7764
90 100 50.2865
85 95 86.4268
4 14 0.6589
32 42 8.8989
68 78 37.4116
88 98 43.5151
69 79 28.6139
76 86 57.9106
5 15 1.9969
77 87 74.508
25 35 4.6324
39 49 18.6106
44 54 10.2643
43 53 25.7891
65 75 52.0865
100 100 81.364
84 94 50.6617
44 54 17.5
50 60 27.401
66 76 47.0733
5 15 1.6978
16 26 2.3195
62 72 26.1694
10 20 1.6208
54 64 29.009
75 85 31.2492
77 87 26.4134
14 24 4.7782
38 48 9.2495
11 21 2.4483
97 100 43.56
59 69 30.5931
26 36 4.9934
63 73 30.2841
78 88 55.3402
59 69 35.1803
66 76 55.8577
31 41 16.1283
35 45 9.4796
19 29 2.7394
69 79 18.1212
86 96 84.0431
64 74 37.4703
25 35 7.3544
12 22 4.6221
35 45 5.1879
87 97 26.8262
56 66 12.2619
27 37 3.7632
63 73 21.5008
50 60 27.216
74 84 26.0314
98 100 25.2969
30 40 14.5191
31 41 5.3514
100 100 29.5034
25 35 4.004
30 40 9.4108
36 46 18.0889
3 13 0.4563
39 49 13.9054
44 54 17.7974
89 99 69.8378
73 83 34.5051
92 100 28.3194
78 88 42.8776
95 100 64.2466
11 21 2.8224
92 100 91.9777
57 67 41.6941
34 44 5.9185
29 39 6.4618
29 39 5.6292
72 82 25.2969
13 23 2.5357
46 56 19.7642
2 12 0.8724
70 80 53.3499
1 11 0.4818
20 30 6.5418
31 41 8.9078
12 22 1.383
33 43 15.3656
11 21 1.1347
47 57 10.4277
28 38 5.2208
43 53 7.2092
71 81 63.8241
13 23 4.1144
91 100 49.2453
72 82 24.0522
60 70 29.9702
55 65 18.3612
88 98 49.4673
75 85 64.8202
8 18 0.8978
100 100 46.7077
33 43 8.0849
95 100 43.8085
27 37 8.2002
79 89 37.3126
6 16 1.2113
31 41 6.252
21 31 7.0448
91 100 97.8378
77 87 46.9595
1 11 0.5528
76 86 58.6833
83 93 60.1276
54 64 15.2162
40 50 10.6792
78 88 57.3094
99 100 64.4167
27 37 6.7486
1 11 0.7201
83 93 60.9383
49 59 13.4044
39 49 15.6974
68 78 40.2514
12 22 3.8659
9 19 2.8066
38 48 7.436
83 93 83.3423
33 43 11.3738
88 98 84.3771
45 55 27.8773
46 56 10.5651
19 29 5.014
64 74 22.8713
65 75 45.1261
65 75 35.7186
92 100 56.579
13 23 2.8951
82 92 48.208
41 51 18.5614
3 13 1.3964
40 50 20.6225
2 12 0.4903
87 97 81.456
21 31 3.0447
94 100 49.2186
65 75 38.1763
30 40 10.8583
52 62 15.0164
87 97 30.5201
15 25 2.8402
50 60 30.6562
10 20 3.8975
48 58 24.3503
81 91 77.106
77 87 35.7616
71 81 32.3272
46 56 28.8906
44 54 13.9047
69 79 59.0439
51 61 29.0338
48 58 9.3428
83 93 22.0074
10 20 2.355
33 43 4.6665
6 16 2.1465
81 91 73.2
68 78 36.4321
7 17 2.1615
87 97 30.3855
9 19 1.0294
93 100 98.8732
7 17 2.383
80 90 20.7198
4 14 0.7348
16 26 3.0874
44 54 23.0842
96 100 98.1011
7 17 2.4165
62 72 24.0708
80 90 68.4889
34 44 11.9274
32 42 13.3934
36 46 8.0781
96 100 26.6617
74 84 47.8546
17 27 5.1711
21 31 3.8314
83 93 54.7689
22 32 5.6577
25 35 7.1113
94 100 28.0169
84 94 66.8388
37 47 18.0727
68 78 53.6864
32 42 13.6368
36 46 20.1188
37 47 11.4487
41 51 15.2865
16 26 6.4724
47 57 19.0969
48 58 9.7688
57 67 13.9749
96 100 28.839
8 18 1.1733
2 12 1.2414
87 97 31.9564
13 23 4.5454
56 66 12.2262
74 84 41.2973
57 67 39.3041
37 47 16.6236
58 68 22.7138
79 89 21.3684
34 44 12.2717
84 94 87.7294
40 50 9.6019
43 53 20.8621
17 27 7.2878
28 38 6.9575
84 94 55.7456
72 82 35.4823
42 52 14.0565
9 19 2.1533
1 11 0.5429
98 100 26.6287
82 92 46.1462
5 15 1.8306
45 55 19.687
17 27 3.7052
9 19 1.8816
99 100 67.9273
31 41 7.7012
42 52 12.4969
16 26 4.6311
69 79 32.7825
71 81 46.2332
38 48 16.2538
87 97 25.8847
71 81 58.9655
100 100 54.1107
88 98 89.6146
76 86 19.034
50 60 13.4667
6 16 2.1016
10 20 2.5805
97 100 58.9778
33 43 15.7093
85 95 45.9047
42 52 11.3246
22 32 5.2978
63 73 39.4346
89 99 33.1937
65 75 22.9968
62 72 42.4153
88 98 24.299
14 24 5.1529
1 11 0.8495
28 38 4.0848
76 86 52.6263
47 57 16.3176
86 96 41.6206
58 68 31.6485
64 74 20.7817
56 66 10.9985
24 34 11.1122
41 51 12.8659
73 83 37.2149
67 77 43.5547
57 67 25.5096
58 68 17.1951
50 60 34.8537
44 54 9.2751
34 44 11.7149
44 54 16.9686
28 38 3.7535
93 100 32.7241
20 30 3.663
69 79 37.9271
13 23 3.2148
13 23 4.725
57 67 17.3239
18 28 2.1541
23 33 2.8931
31 41 13.2016
11 21 2.2983
57 67 33.9749
87 97 89.2723
75 85 62.6092
57 67 11.5784
22 32 5.0733
52 62 16.2522
95 100 31.3197
64 74 26.5132
12 22 4.5629
67 77 48.0277
68 78 29.8083
87 97 87.2001
87 97 67.4583
72 82 65.398
32 42 6.5715
88 98 81.0738
35 45 18.0651
25 35 5.0459
62 72 25.9366
94 100 29.7298
26 36 4.0124
7 17 1.3943
80 90 23.089
19 29 3.3775
86 96 80.1383
9 19 0.9397
26 36 12.4729
69 79 43.4531
71 81 37.1832
40 50 11.7779
62 72 24.4738
85 95 60.6654
14 24 3.976
79 89 21.183
61 71 43.2925
94 100 43.8535
60 70 13.0552
83 93 33.1592
53 63 19.5939
60 70 30.5124
55 65 33.56
38 48 18.5632
67 77 37.6333
73 83 19.6152
19 29 3.7741
30 40 14.6184
30 40 8.5492
76 86 28.2025
83 93 22.4117
13 23 2.92
18 28 6.2006
49 59 12.3426
93 100 47.9875
6 16 1.5009
89 99 56.4181
64 74 51.9899
65 75 35.499
5 15 1.0092
41 51 21.1251
70 80 35.0559
46 56 21.7846
20 30 2.4794
34 44 6.6291
43 53 11.9543
35 45 17.8718
27 37 6.232
60 70 33.7712
46 56 30.5842
11 21 1.301
86 96 40.3085
51 61 32.9556
98 100 86.0646
100 100 53.439
27 37 3.457
57 67 22.3776
30 40 11.8274
65 75 42.8999
95 100 46.3938
92 100 50.8326
30 40 10.5333
65 75 33.1684
96 100 28.9433
56 66 19.331
86 96 46.6489
61 71 29.0694
37 47 10.451
95 100 59.6169
25 35 4.7563
24 34 8.8346
95 100 25.1171
93 100 93.1823
21 31 5.2826
3 13 0.5661
45 55 20.1125
65 75 15.5717
28 38 10.7446
29 39 6.7491
58 68 39.9298
33 43 6.003
88 98 42.237
40 50 18.886
51 61 24.935
27 37 10.8794
32 42 10.1653
26 36 3.4225
98 100 60.7979
100 100 26.7475
71 81 53.2593
11 21 1.1428
91 100 31.332
71 81 64.6078
65 75 53.745
68 78 15.8547
69 79 36.8704
70 80 36.3585
11 21 1.1679
85 95 90.0335
70 80 44.6117
65 75 38.2048
62 72 21.4054
11 21 3.1592
49 59 15.8715
32 42 17.0313
19 29 3.9653
36 46 16.0344
73 83 52.2613
40 50 20.0847
76 86 66.726
96 100 68.9631
2 12 1.1449
48 58 14.237
31 41 11.8922
54 64 34.731
20 30 2.7916
41 51 9.2422
23 33 4.1828
69 79 28.2684
81 91 67.8399
23 33 5.6644
93 100 47.791
44 54 7.9107
32 42 13.4212
57 67 18.5795
51 61 28.6364
77 87 20.8785
42 52 26.6277
66 76 25.8694
31 41 4.9582
69 79 33.8852
13 23 2.1185
65 75 19.6355
42 52 26.7299
89 99 80.5632
52 62 10.964
44 54 22.7224
90 100 43.027
44 54 20.7799
60 70 20.5653
72 82 60.0098
23 33 4.3002
83 93 48.1955
61 71 12.7206
22 32 5.9741
73 83 31.6845
74 84 19.4587
85 95 67.1056
41 51 15.9137
43 53 13.2205
65 75 18.3689
55 65 33.5473
27 37 9.4427
38 48 14.6367
55 65 13.2278
27 37 5.7255
38 48 13.7804
70 80 19.6905
87 97 27.3215
6 16 2.0258
69 79 32.8684
75 85 23.8701
52 62 18.405
26 36 10.8775
78 88 71.0885
75 85 20.2113
6 16 1.0219
84 94 22.7939
50 60 33.7282
18 28 3.8762
40 50 9.1761
17 27 2.9327
87 97 83.1179
71 81 54.8281
16 26 5.5937
38 48 18.5494
73 83 27.1441
