400 12253 9.9499
2 12 91.9662
28 38 72.9145
36 46 51.63
61 71 31.1788
55 65 52.5321
44 54 47.885
15 25 87.4038
33 43 66.3785
29 39 53.2608
73 83 28.279
19 29 70.2378
12 22 82.5463
79 89 43.7225
21 31 65.3333
23 33 77.447
20 30 76.3247
97 100 40.9677
80 90 24.0139
20 30 68.7855
92 100 48.9468
65 75 28.4718
29 39 57.7433
66 76 31.2157
63 73 34.784
99 100 31.8141
10 20 81.2468
4 14 88.7534
78 88 41.7781
97 100 45.1087
2 12 90.5543
36 46 50.7371
23 33 75.3181
13 23 79.8414
54 64 51.2785
46 56 37.4299
1 11 90.4553
65 75 56.5955
96 100 26.3354
34 44 72.1395
8 18 82.6263
55 65 44.5129
86 96 12.2871
11 21 83.2018
27 37 78.1315
89 99 29.7298
83 93 48.3456
59 69 31.9508
74 84 28.8541
23 33 67.4484
10 20 78.723
66 76 62.4005
18 28 78.3508
38 48 62.3389
71 81 28.4484
59 69 35.6302
25 35 75.6813
73 83 39.7001
25 35 66.5595
43 53 61.1149
19 29 77.6055
55 65 54.723
29 39 69.1692
18 28 62.3042
94 100 22.6843
79 89 26.1581
57 67 45.753
100 100 19.3072
87 97 21.9961
84 94 27.5625
53 63 44.6732
36 46 68.3731
76 86 37.5291
65 75 48.4848
88 98 19.6896
65 75 52.1818
90 100 44.4969
8 18 81.8156
99 100 33.15
8 18 79.0232
4 14 84.4929
8 18 86.691
68 78 36.3356
25 35 76.4645
45 55 56.5128
62 72 53.1893
84 94 38.3656
48 58 52.5176
41 51 51.7479
89 99 28.7736
54 64 55.5576
95 100 10.1169
64 74 45.2162
58 68 36.0204
96 100 23.1101
58 68 48.2469
83 93 22.4714
27 37 66.3394
48 58 48.972
67 77 33.3518
42 52 59.3501
76 86 49.8267
59 69 31.3298
77 87 32.1092
70 80 25.0971
82 92 34.4592
72 82 40.9267
21 31 78.6893
8 18 81.5012
16 26 77.0041
27 37 67.7247
72 82 24.556
58 68 55.586
82 92 26.0876
54 64 39.1538
83 93 42.3384
19 29 70.3133
18 28 85.9904
55 65 50.5677
98 100 32.8467
14 24 84.0119
2 12 84.8407
90 100 32.1274
59 69 36.7697
96 100 33.1223
5 15 81.6529
69 79 39.4158
77 87 31.6564
27 37 72.1107
48 58 44.4382
100 100 27.0858
11 21 73.4535
30 40 50.3632
87 97 30.0468
25 35 79.6235
18 28 71.7629
33 43 56.0896
83 93 28.0868
4 14 86.5607
30 40 55.8547
80 90 24.7128
91 100 37.3272
84 94 28.3833
95 100 13.653
15 25 85.1449
46 56 65.2961
84 94 25.5146
62 72 41.0215
5 15 79.4255
38 48 66.7391
19 29 83.9239
55 65 29.0747
57 67 41.8751
30 40 53.1631
56 66 33.0924
96 100 19.8105
44 54 61.7387
12 22 78.7692
39 49 63.7123
16 26 72.7899
50 60 59.6602
27 37 65.3705
8 18 78.4961
46 56 57.0644
26 36 57.3473
19 29 63.757
68 78 49.1695
10 20 82.9721
7 17 82.6754
75 85 35.934
49 59 56.9602
2 12 87.034
90 100 14.8734
16 26 78.2729
72 82 60.3527
47 57 39.1063
55 65 32.359
72 82 36.7915
100 100 26.2554
52 62 49.7349
65 75 61.5064
65 75 33.1903
15 25 72.4916
74 84 29.5892
46 56 58.0934
30 40 61.6115
53 63 40.4534
29 39 65.1653
42 52 47.2808
65 75 31.8717
53 63 66.1701
53 63 32.0469
65 75 51.5639
69 79 31.1621
22 32 74.8761
48 58 46.9855
7 17 87.4319
38 48 56.4827
8 18 87.9769
84 94 37.0345
62 72 43.8535
42 52 47.8338
81 91 50.844
83 93 25.008
7 17 83.1981
28 38 75.5839
30 40 55.5487
17 27 75.1186
24 34 67.8482
27 37 70.6104
52 62 62.4132
27 37 61.8063
8 18 87.5198
14 24 76.0401
48 58 52.9649
22 32 77.565
4 14 92.16
59 69 55.7845
88 98 24.7606
92 100 37.3248
8 18 82.176
2 12 92.2349
35 45 63.1707
39 49 60.0548
34 44 73.0392
18 28 82.352
63 73 63.0865
44 54 56.0372
81 91 48.097
89 99 32.2885
47 57 48.8503
65 75 56.4241
70 80 45.2404
33 43 56.5504
100 100 9.2343
90 100 27.2233
80 90 19.695
74 84 50.2086
42 52 49.0882
65 75 36.5191
41 51 73.7452
36 46 69.5523
3 13 88.2829
6 16 87.2188
63 73 47.975
77 87 31.653
95 100 45.4101
72 82 34.6697
95 100 17.6173
71 81 41.2125
34 44 63.6756
68 78 24.4609
84 94 42.7363
57 67 45.196
78 88 28.296
63 73 35.8825
44 54 38.0048
75 85 39.407
18 28 75.3441
59 69 45.837
80 90 30.7104
32 42 57.9136
42 52 63.7922
5 15 90.423
54 64 49.2439
79 89 25.4218
82 92 18.0498
9 19 84.4267
36 46 46.9554
86 96 18.7134
74 84 20.5064
99 100 37.9641
81 91 43.3293
5 15 86.9705
10 20 84.4175
70 80 36.5844
77 87 14.695
21 31 74.698
37 47 57.3246
38 48 49.1794
75 85 54.7866
99 100 6.4404
91 100 22.9757
8 18 87.1086
35 45 71.7189
99 100 15.9624
47 57 65.9555
99 100 24.1002
60 70 45.8871
11 21 80.6242
95 100 25.9621
28 38 76.1902
51 61 48.1914
10 20 82.9866
81 91 32.5562
87 97 28.66
36 46 69.6457
30 40 63.749
83 93 13.4198
45 55 38.1022
25 35 69.7977
30 40 75.103
41 51 39.3894
85 95 30.8014
7 17 84.5756
87 97 42.2318
70 80 57.4973
76 86 21.8912
50 60 56.2545
86 96 44.6879
12 22 74.9142
7 17 84.333
62 72 27.1639
5 15 88.4597
63 73 52.2613
26 36 69.3156
34 44 54.0607
38 48 67.7428
61 71 54.3213
11 21 84.4873
60 70 37.4201
75 85 61.0383
75 85 32.6452
45 55 51.7234
34 44 59.25
87 97 46.6844
45 55 56.8471
91 100 9.7419
17 27 70.1942
79 89 38.8067
18 28 75.9199
66 76 38.4301
82 92 34.5615
71 81 50.6574
23 33 67.8317
100 100 12.0861
79 89 32.6555
95 100 10.5235
63 73 38.9289
20 30 71.6325
68 78 48.7804
81 91 50.8797
47 57 52.4306
37 47 59.3886
56 66 38.4549
98 100 30.9926
98 100 47.0075
60 70 57.4428
18 28 81.0954
84 94 21.3038
51 61 43.4795
16 26 86.2224
42 52 47.7149
73 83 49.028
74 84 56.7672
22 32 63.0007
54 64 52.6423
99 100 15.3617
73 83 43.6842
84 94 25.058
100 100 25.7252
57 67 32.7459
86 96 21.1269
95 100 35.229
59 69 44.7681
32 42 65.5096
2 12 90.6114
57 67 44.4316
11 21 85.1689
22 32 62.7375
7 17 77.5122
42 52 55.7397
80 90 53.8624
18 28 85.4922
86 96 22.836
90 100 35.524
61 71 53.833
73 83 59.0439
65 75 32.7035
16 26 71.8816
64 74 20.2401
70 80 47.6749
14 24 77.8012
63 73 61.4593
87 97 47.0047
91 100 38.0504
71 81 28.4356
95 100 34.3126
68 78 37.8102
89 99 22.478
55 65 39.9841
53 63 44.4102
52 62 58.0522
76 86 29.3699
69 79 32.7321
69 79 25.5267
41 51 69.3223
7 17 79.2616
77 87 28.4153
33 43 60.3496
45 55 48.0194
