900 26877 9.9499
6 16 86.9631
18 28 78.4376
83 93 21.8734
52 62 57.3761
23 33 71.3603
25 35 52.4683
58 68 56.582
23 33 69.5539
84 94 50.6417
67 77 62.9008
29 39 74.8848
28 38 58.7584
54 64 51.8544
60 70 40.0145
80 90 37.7696
2 12 83.6255
8 18 78.7639
36 46 62.5191
15 25 73.8328
24 34 68.2226
25 35 73.5221
89 99 26.6112
35 45 67.4419
16 26 69.6991
17 27 76.4645
76 86 42.124
8 18 84.2485
87 97 43.5442
26 36 58.2123
70 80 38.3694
93 100 20.5889
21 31 81.3279
65 75 42.1876
43 53 61.1524
80 90 41.0766
19 29 76.4016
70 80 21.6448
18 28 78.303
21 31 71.1509
6 16 86.7879
54 64 61.7434
63 73 44.6545
56 66 42.6513
33 43 61.5001
74 84 14.1572
81 91 32.7871
35 45 72.6006
38 48 60.4335
36 46 54.522
19 29 73.6919
42 52 41.4092
93 100 50.8055
6 16 87.5029
88 98 24.8881
76 86 25.2446
19 29 75.6935
91 100 18.7636
7 17 83.9001
48 58 66.1912
20 30 78.9734
95 100 39.4321
32 42 63.6261
9 19 82.6008
20 30 69.4739
14 24 81.3351
10 20 78.1597
46 56 60.667
82 92 16.8527
62 72 55.0104
69 79 19.8043
65 75 22.2029
64 74 38.2666
58 68 47.1557
82 92 27.9386
27 37 70.2562
41 51 46.5301
82 92 44.6117
5 15 88.3431
62 72 28.4484
57 67 37.905
13 23 82.9648
18 28 72.9248
63 73 49.7871
98 100 27.4115
65 75 36.8716
71 81 27.0764
15 25 80.2834
67 77 21.8154
40 50 69.1841
17 27 70.8122
77 87 49.5306
86 96 25.9274
29 39 60.2036
82 92 24.0934
55 65 34.15
23 33 66.0303
95 100 10.8564
92 100 15.0979
27 37 64.6512
29 39 70.0602
66 76 46.511
83 93 33.9819
27 37 52.1255
45 55 65.6068
22 32 77.8577
74 84 36.902
88 98 45.5504
68 78 43.5494
50 60 49.5771
40 50 50.4327
94 100 14.2287
72 82 45.8329
82 92 19.1319
85 95 34.219
12 22 73.4638
74 84 39.2139
46 56 67.7905
95 100 45.1382
72 82 13.0444
75 85 17.6652
14 24 84.8702
21 31 70.8543
25 35 79.0232
92 100 28.9186
12 22 83.3825
95 100 20.7836
45 55 60.5938
81 91 42.15
39 49 45.9955
60 70 50.9739
83 93 24.7337
10 20 81.8591
74 84 48.4486
79 89 43.3333
38 48 74.1545
59 69 51.2226
61 71 43.1544
66 76 42.5378
96 100 51.9005
23 33 74.5062
49 59 43.9264
24 34 67.0499
52 62 48.93
86 96 50.74
81 91 33.6783
90 100 24.115
50 60 61.6351
5 15 84.4451
2 12 87.4954
84 94 35.5085
53 63 54.0857
98 100 19.1013
59 69 43.1702
74 84 44.7655
20 30 78.2323
56 66 61.5032
75 85 14.3315
93 100 52.4089
63 73 59.7297
67 77 28.6396
55 65 47.7136
50 60 52.2801
59 69 39.8224
3 13 87.795
92 100 31.3578
36 46 67.7033
20 30 65.2202
38 48 55.245
50 60 58.8182
86 96 29.8957
80 90 44.9356
25 35 63.8401
25 35 60.3558
86 96 19.8738
1 11 89.6601
4 14 85.0471
87 97 9.4378
97 100 45.6084
44 54 42.1526
60 70 47.2904
15 25 75.885
40 50 50.6076
78 88 14.2854
33 43 60.3216
80 90 32.4399
21 31 68.0394
53 63 29.0747
45 55 44.823
42 52 54.2373
20 30 75.8467
10 20 79.9111
26 36 63.4221
5 15 87.7351
85 95 42.9051
92 100 25.9682
84 94 38.2159
51 61 36.6994
67 77 45.0818
97 100 33.2814
46 56 53.9417
87 97 39.3468
89 99 16.5494
41 51 69.4606
36 46 67.368
14 24 67.9075
56 66 38.2963
41 51 61.0102
14 24 76.5013
60 70 52.7642
23 33 61.8661
94 100 10.009
28 38 71.6342
90 100 9.5234
8 18 88.236
67 77 45.4748
81 91 14.7525
35 45 63.6214
11 21 75.4275
25 35 69.0345
86 96 30.1434
3 13 91.3076
8 18 90.007
77 87 20.3103
3 13 84.9641
78 88 34.2459
18 28 70.8442
55 65 59.05
52 62 49.2172
86 96 40.8973
26 36 59.7699
73 83 29.1222
38 48 60.5891
50 60 55.1975
21 31 73.1709
76 86 33.0246
18 28 72.8053
1 11 89.8154
76 86 44.317
50 60 64.1793
70 80 37.0467
44 54 51.912
17 27 73.3558
42 52 50.7143
85 95 41.9554
91 100 30.5632
82 92 20.4476
52 62 27.813
38 48 58.2016
85 95 38.0023
34 44 65.5306
57 67 42.8855
57 67 35.8549
21 31 71.0767
12 22 78.8171
77 87 40.4229
50 60 42.1318
68 78 30.9036
52 62 44.1959
96 100 23.2083
90 100 18.3509
88 98 37.7057
76 86 28.9412
43 53 65.141
58 68 50.1037
94 100 6.3292
63 73 40.983
30 40 71.6004
55 65 46.1109
53 63 52.1212
95 100 30.7692
100 100 13.1182
12 22 78.9681
97 100 22.202
74 84 40.4165
41 51 65.9149
75 85 55.8427
78 88 18.1408
96 100 31.0004
84 94 38.0714
84 94 55.3372
76 86 29.5577
65 75 55.4653
2 12 83.869
76 86 47.2161
75 85 30.6717
19 29 73.4449
25 35 77.0779
66 76 58.786
59 69 38.1763
15 25 79.0943
83 93 15.3758
44 54 54.2241
78 88 46.6243
36 46 64.7349
76 86 46.2672
55 65 41.5793
6 16 87.7932
7 17 78.2411
36 46 56.7642
41 51 62.4542
61 71 53.6058
33 43 58.6082
7 17 81.6583
43 53 64.5066
76 86 41.0855
52 62 52.2006
31 41 57.681
79 89 29.9702
29 39 70.7718
14 24 79.381
9 19 85.1523
32 42 67.199
74 84 23.7296
71 81 47.2079
3 13 89.9235
40 50 73.8568
91 100 8.0333
34 44 62.5396
10 20 78.2588
57 67 44.7467
97 100 21.8771
49 59 54.1578
87 97 10.2445
61 71 37.1332
75 85 31.0829
12 22 81.7957
1 11 94.2724
72 82 38.8204
33 43 57.5246
9 19 83.3532
9 19 84.0834
77 87 37.1027
69 79 34.1371
21 31 80.2852
81 91 26.7217
54 64 56.313
96 100 28.3833
30 40 69.8211
61 71 33.4882
69 79 48.8839
29 39 64.6143
76 86 29.7734
51 61 65.4724
7 17 84.3863
47 57 68.7009
1 11 87.2169
56 66 56.6768
20 30 77.8895
90 100 7.0214
72 82 57.7023
15 25 77.9866
35 45 68.7457
81 91 26.1182
61 71 52.5118
17 27 81.2107
24 34 76.7288
21 31 64.1681
31 41 57.1052
18 28 66.6999
86 96 25.8938
64 74 39.5213
6 16 84.5021
55 65 48.7567
98 100 30.0019
16 26 78.6255
65 75 45.2983
77 87 43.1255
1 11 91.9182
41 51 53.9931
75 85 13.4139
73 83 29.623
66 76 35.8837
6 16 86.3208
20 30 69.6757
26 36 64.1361
37 47 69.7075
12 22 85.1449
19 29 68.3003
9 19 86.0368
22 32 68.0774
56 66 55.8069
38 48 44.8753
77 87 50.8127
100 100 27.166
49 59 45.0201
8 18 83.9349
41 51 49.8309
99 100 35.7305
90 100 12.7942
60 70 51.2971
5 15 88.8664
78 88 28.8982
4 14 85.855
90 100 28.7682
90 100 36.6763
20 30 78.6255
72 82 33.2733
8 18 87.1292
77 87 26.7031
49 59 58.921
76 86 44.6478
64 74 46.7104
78 88 46.2318
28 38 63.1183
69 79 23.2768
85 95 28.427
75 85 31.7961
89 99 23.217
65 75 53.0931
94 100 33.2248
66 76 52.1168
18 28 80.7608
51 61 67.8169
56 66 61.497
100 100 31.8243
49 59 62.2584
9 19 83.3423
82 92 49.3127
94 100 42.0864
95 100 48.9412
43 53 72.6415
99 100 24.1444
90 100 28.3716
11 21 78.6521
60 70 61.874
16 26 77.6038
39 49 56.1256
63 73 50.0358
70 80 36.3862
33 43 63.5193
43 53 59.1469
51 61 40.6343
21 31 70.1892
84 94 36.9117
9 19 83.7957
51 61 60.1586
23 33 78.5847
85 95 19.9979
40 50 40.339
56 66 61.7026
53 63 52.8849
20 30 71.685
96 100 22.7033
46 56 47.3289
3 13 82.1688
93 100 39.4648
21 31 77.6884
51 61 29.2335
86 96 40.9024
12 22 83.5579
74 84 48.993
95 100 34.171
31 41 60.3869
80 90 49.9086
62 72 49.9269
7 17 88.0651
97 100 45.7774
97 100 14.861
12 22 73.3233
33 43 59.8797
13 23 74.7896
43 53 67.6572
89 99 26.7837
44 54 59.5243
72 82 54.8874
46 56 57.1355
1 11 84.2816
19 29 76.8585
79 89 24.5907
2 12 89.9292
99 100 33.4223
15 25 79.0819
27 37 65.7218
5 15 89.2042
54 64 59.7606
2 12 91.5811
70 80 40.6088
53 63 55.5904
50 60 65.6926
6 16 78.6361
77 87 55.5204
49 59 52.6495
74 84 24.1503
72 82 20.9187
74 84 19.5108
35 45 57.903
75 85 24.8243
58 68 54.3818
26 36 69.6323
34 44 74.9108
96 100 47.6224
42 52 60.7059
4 14 83.4738
77 87 34.7923
63 73 39.3618
3 13 83.631
56 66 31.1643
81 91 35.6887
49 59 53.999
18 28 85.0564
55 65 54.2138
13 23 71.3788
44 54 47.5121
74 84 53.3309
69 79 28.5177
83 93 42.2539
97 100 36.1502
42 52 56.5143
18 28 79.8414
69 79 45.5706
83 93 17.5243
43 53 50.6047
4 14 90.9754
50 60 60.4289
19 29 76.0088
9 19 81.888
86 96 16.0528
53 63 47.131
34 44 67.2892
62 72 43.9079
16 26 74.6582
27 37 68.9215
97 100 9.9881
79 89 51.8342
59 69 25.005
22 32 70.5852
7 17 88.7722
51 61 52.593
2 12 86.0201
53 63 35.976
23 33 71.7206
6 16 87.4449
66 76 49.9382
11 21 84.5094
41 51 68.0246
9 19 86.5142
20 30 79.1353
30 40 63.6612
19 29 70.9503
76 86 26.3323
39 49 73.7812
44 54 54.4039
22 32 67.432
58 68 43.8045
26 36 68.7689
49 59 58.967
4 14 85.4164
30 40 66.3329
77 87 51.4978
92 100 40.9741
84 94 21.0727
15 25 80.8507
33 43 59.0193
95 100 27.1243
69 79 34.2284
35 45 54.9674
9 19 79.2136
34 44 64.9588
75 85 35.3537
59 69 42.6161
35 45 61.0352
92 100 34.5579
85 95 35.6122
58 68 56.3761
23 33 64.5419
52 62 44.6745
48 58 55.7546
10 20 76.8024
38 48 62.8484
55 65 53.858
45 55 56.5384
33 43 62.6741
81 91 37.884
23 33 67.0515
29 39 69.0262
99 100 47.3661
59 69 63.0293
82 92 45.7585
71 81 29.1827
95 100 17.5151
93 100 20.4458
48 58 53.5048
63 73 53.6058
97 100 42.5652
45 55 66.0969
100 100 28.9735
2 12 91.9336
87 97 30.5356
28 38 69.4122
13 23 81.0846
49 59 52.946
86 96 40.24
93 100 6.1524
51 61 64.1393
10 20 87.1254
7 17 78.1067
99 100 25.2557
14 24 80.768
20 30 59.9277
70 80 37.3541
98 100 20.3943
85 95 36.0216
54 64 42.9497
34 44 58.6679
53 63 50.5621
60 70 35.7317
40 50 71.8477
69 79 41.6373
80 90 36.1959
39 49 67.6358
97 100 27.3121
20 30 76.7166
91 100 22.9681
14 24 82.3792
80 90 44.4396
61 71 44.1972
44 54 51.676
78 88 28.229
4 14 86.2131
74 84 17.3922
88 98 8.696
91 100 30.4362
22 32 74.5149
83 93 30.8903
7 17 86.786
7 17 80.6206
74 84 47.773
61 71 35.7245
40 50 45.1799
23 33 70.8004
22 32 62.1007
85 95 20.8547
10 20 87.7519
29 39 75.5961
12 22 81.6674
1 11 92.1792
90 100 38.383
33 43 75.4744
89 99 40.2045
16 26 80.8363
41 51 53.7744
92 100 23.4576
67 77 33.669
31 41 64.7526
89 99 23.1371
73 83 42.6017
47 57 54.9718
41 51 55.577
28 38 64.8895
91 100 31.9926
4 14 82.1053
62 72 48.6883
99 100 17.1686
33 43 68.9714
66 76 50.9653
58 68 39.3719
43 53 56.0162
12 22 74.4062
32 42 75.2799
72 82 24.5709
34 44 51.5567
20 30 75.5648
12 22 75.8449
91 100 37.8311
9 19 79.4951
72 82 33.4188
80 90 34.3713
1 11 86.6854
32 42 70.3367
8 18 85.2317
41 51 38.6872
3 13 87.1628
54 64 49.3759
85 95 23.8965
5 15 89.2326
57 67 32.8627
42 52 54.2256
31 41 62.4305
24 34 71.102
49 59 41.2125
19 29 76.1309
97 100 49.07
18 28 83.0923
39 49 41.1355
82 92 21.5723
50 60 42.2214
85 95 48.7483
37 47 70.4072
96 100 43.3846
39 49 63.54
20 30 81.0288
25 35 71.1948
48 58 37.8102
43 53 67.8531
25 35 64.5098
2 12 82.9994
72 82 40.6534
61 71 28.5744
77 87 38.666
12 22 85.1265
2 12 88.9249
34 44 53.8991
33 43 74.2992
34 44 67.5865
10 20 86.0145
39 49 54.0593
70 80 39.7265
100 100 23.96
17 27 77.3942
10 20 85.2058
13 23 74.2027
22 32 76.6623
28 38 60.0842
71 81 13.8801
38 48 51.7047
99 100 8.5556
54 64 43.8602
96 100 11.4589
36 46 55.9085
73 83 21.0883
27 37 73.8947
62 72 40.8922
76 86 33.1108
19 29 70.8728
87 97 25.6694
90 100 42.9654
11 21 80.9622
32 42 50.0585
38 48 70.8695
5 15 86.0572
22 32 61.7387
66 76 19.8613
56 66 25.4369
14 24 67.0614
89 99 14.8194
65 75 61.1243
75 85 41.3513
21 31 80.7069
74 84 39.8199
3 13 84.5333
16 26 73.5221
19 29 80.3748
33 43 49.7053
21 31 69.3423
28 38 54.0446
80 90 26.06
93 100 7.7384
56 66 50.108
23 33 81.4037
10 20 79.5718
33 43 69.081
83 93 17.061
31 41 49.0406
100 100 22.7901
61 71 45.1665
8 18 88.6705
96 100 10.7952
28 38 57.3503
90 100 44.1175
69 79 32.0481
55 65 51.2856
97 100 35.3632
18 28 68.6545
86 96 34.0542
71 81 41.5896
73 83 38.1924
17 27 77.034
95 100 20.0194
34 44 47.2945
42 52 41.6399
69 79 17.439
2 12 90.5124
8 18 77.5087
87 97 17.0066
14 24 80.8992
76 86 17.4707
18 28 70.9958
54 64 62.5982
81 91 30.6019
83 93 26.1581
81 91 28.3546
100 100 50.0146
34 44 51.7939
78 88 29.4024
99 100 28.1314
86 96 17.5218
14 24 73.6336
56 66 34.6038
73 83 47.5562
55 65 55.5278
62 72 51.4677
99 100 21.0617
2 12 82.2123
98 100 52.7962
89 99 18.5244
71 81 56.0612
81 91 28.5156
59 69 48.1081
13 23 80.0846
15 25 80.6422
7 17 79.0552
21 31 67.6967
22 32 75.5091
3 13 83.1762
5 15 85.9477
21 31 77.048
62 72 38.8353
16 26 69.3156
62 72 58.362
4 14 82.4518
87 97 14.2348
74 84 58.5393
29 39 66.5399
99 100 52.0346
39 49 49.9764
12 22 76.8813
94 100 25.6552
72 82 56.6723
70 80 20.7909
83 93 20.332
61 71 44.4542
98 100 43.9556
86 96 12.2374
8 18 82.7372
9 19 80.2404
72 82 53.5575
68 78 47.1433
13 23 84.2485
69 79 37.761
21 31 78.9041
36 46 54.7778
28 38 68.4591
69 79 17.5779
69 79 16.0865
17 27 72.807
73 83 41.5935
18 28 69.3922
83 93 17.5636
25 35 79.0125
19 29 84.5903
31 41 69.6908
80 90 27.1118
15 25 80.0506
56 66 31.4026
96 100 37.921
98 100 30.2049
17 27 68.822
75 85 25.2094
55 65 30.5942
63 73 55.2703
100 100 36.0612
8 18 86.0813
70 80 27.5121
17 27 72.2585
48 58 52.2946
70 80 56.1301
39 49 75.2886
44 54 44.1082
36 46 68.3185
75 85 26.6679
12 22 78.2535
46 56 54.1578
94 100 23.4488
54 64 58.3635
73 83 20.3085
85 95 11.721
75 85 30.228
10 20 85.0084
1 11 87.5628
91 100 28.361
95 100 17.2316
63 73 44.553
58 68 51.1053
52 62 32.4011
96 100 27.1879
26 36 69.7325
97 100 14.0086
41 51 53.8462
81 91 39.6283
48 58 51.4247
18 28 66.6101
10 20 84.7504
41 51 44.321
59 69 47.2876
81 91 21.3093
69 79 26.011
23 33 68.968
1 11 88.9419
10 20 76.5433
44 54 51.3444
69 79 62.6156
12 22 77.3362
54 64 57.1158
20 30 80.0184
3 13 87.7763
53 63 67.863
83 93 40.0246
100 100 19.8417
49 59 59.8689
88 98 37.2161
