900 26928 9.9499
2 12 0.5253
14 24 1.6353
64 74 44.3689
55 65 30.7981
39 49 16.5527
82 92 47.7384
87 97 45.1503
99 100 34.3267
21 31 2.8985
8 18 2.2949
41 51 12.0673
53 63 11.5423
50 60 35.0204
76 86 72.9982
26 36 5.5687
80 90 46.0484
93 100 41.0471
1 11 0.5433
53 63 37.6358
34 44 15.9353
48 58 12.5812
41 51 19.0358
82 92 32.6967
34 44 5.3458
38 48 17.0511
41 51 7.2765
61 71 24.6085
12 22 1.4378
17 27 2.1348
41 51 7.3517
1 11 1.0252
25 35 7.4496
80 90 60.8026
89 99 51.6472
16 26 4.2197
68 78 58.5975
36 46 9.7675
37 47 16.3378
62 72 38.4102
13 23 3.0492
48 58 22.8102
3 13 0.4718
60 70 23.216
42 52 13.1472
89 99 54.914
82 92 57.6506
74 84 29.2108
22 32 4.1968
31 41 4.6734
86 96 72.6211
74 84 46.4238
92 100 39.0888
5 15 2.1202
63 73 31.7217
18 28 7.4764
100 100 86.8494
25 35 11.5886
94 100 71.2944
16 26 4.198
13 23 5.1139
64 74 16.5665
8 18 1.6162
47 57 8.3967
85 95 34.2026
71 81 19.938
21 31 5.747
69 79 43.1426
3 13 0.9116
33 43 13.6257
1 11 0.4314
19 29 4.4551
53 63 32.8535
75 85 51.4462
83 93 50.0005
5 15 2.1471
80 90 37.8459
51 61 12.0728
61 71 39.2252
39 49 11.2265
15 25 2.5824
9 19 2.3052
93 100 44.3982
8 18 1.0922
62 72 43.3543
41 51 12.0277
22 32 3.6902
46 56 15.9073
73 83 39.0338
97 100 69.3656
3 13 1.0018
71 81 46.8034
48 58 8.4396
44 54 21.4499
92 100 36.8607
94 100 58.1803
79 89 46.9718
3 13 0.6691
71 81 17.5335
13 23 3.424
10 20 2.3618
27 37 10.3555
19 29 7.2706
95 100 97.4445
61 71 18.7879
82 92 78.3561
67 77 37.6775
82 92 36.2958
96 100 65.6246
32 42 16.1475
78 88 46.5001
5 15 0.9596
28 38 9.8138
81 91 37.9949
78 88 53.8947
88 98 77.3995
98 100 80.7158
31 41 4.6898
95 100 44.297
68 78 34.5356
91 100 37.5867
5 15 1.1629
23 33 4.7254
3 13 1.4825
27 37 5.3444
4 14 1.6126
51 61 16.8272
26 36 12.141
14 24 4.6608
96 100 28.8638
77 87 36.9822
34 44 19.0593
86 96 24.4066
31 41 14.6904
27 37 13.3722
56 66 25.5682
76 86 52.0764
16 26 1.8241
86 96 23.1082
12 22 2.7064
75 85 27.8752
26 36 10.8425
70 80 30.1818
44 54 10.0084
71 81 16.7674
78 88 24.3671
51 61 28.1547
13 23 4.0897
34 44 6.1872
33 43 4.755
4 14 1.8461
58 68 20.3915
28 38 8.3915
92 100 34.5192
79 89 60.4289
59 69 24.4263
68 78 47.1282
50 60 26.7661
89 99 40.1018
8 18 1.8312
47 57 18.5804
21 31 9.3679
25 35 9.374
16 26 5.8327
55 65 22.3464
96 100 77.4963
53 63 26.7941
11 21 1.6973
29 39 4.3581
26 36 3.8983
88 98 80.6745
82 92 30.7382
89 99 42.6056
10 20 3.1869
79 89 47.0582
96 100 61.5487
16 26 4.8132
44 54 20.1547
88 98 31.9768
85 95 77.4224
68 78 40.7044
42 52 15.3233
68 78 28.5177
71 81 52.6945
40 50 19.6036
4 14 1.7371
26 36 12.4284
92 100 41.9593
79 89 66.95
4 14 1.9185
33 43 5.6963
61 71 29.2075
93 100 46.4265
93 100 62.7137
21 31 4.3368
57 67 42.8776
87 97 73.4363
17 27 7.2522
82 92 35.1364
34 44 9.5524
67 77 33.7921
3 13 1.525
44 54 20.9535
44 54 29.0004
96 100 94.5056
44 54 21.5658
55 65 25.6228
30 40 5.3866
17 27 5.5192
1 11 0.4945
63 73 46.0756
34 44 9.3483
14 24 4.2341
82 92 26.907
81 91 21.738
37 47 17.8887
58 68 39.1113
76 86 36.155
100 100 28.9778
15 25 3.4251
64 74 22.9776
82 92 29.3959
21 31 2.9409
20 30 4.9858
24 34 6.1529
88 98 74.781
6 16 1.2596
54 64 10.8709
94 100 39.8199
61 71 28.2333
82 92 59.824
81 91 73.5615
82 92 81.1801
43 53 19.0847
5 15 1.4624
26 36 7.6071
77 87 26.9517
73 83 28.195
14 24 2.9932
82 92 64.6882
28 38 14.2287
96 100 51.1654
3 13 0.5015
76 86 29.1222
26 36 11.0012
33 43 11.2748
67 77 48.072
41 51 16.0368
16 26 1.9171
17 27 5.9609
43 53 12.2094
90 100 50.8212
92 100 56.8501
79 89 27.7381
93 100 59.1807
100 100 45.2969
34 44 11.6554
67 77 44.5102
57 67 15.0668
99 100 33.188
82 92 68.4194
1 11 0.6593
24 34 10.9693
38 48 5.9844
77 87 40.9843
87 97 23.6566
65 75 22.6738
26 36 8.8286
36 46 11.6445
45 55 14.8757
91 100 59.0992
65 75 20.4711
28 38 5.3782
65 75 24.4342
15 25 1.6279
63 73 28.7586
62 72 13.901
82 92 33.1764
50 60 14.7395
39 49 9.5481
51 61 33.4917
13 23 4.8603
27 37 10.1181
87 97 50.4896
54 64 21.7165
67 77 58.7231
15 25 6.1663
35 45 5.0913
28 38 8.5591
50 60 26.7454
49 59 27.4597
88 98 28.2067
30 40 12.8824
60 70 40.8065
16 26 3.3643
57 67 13.6634
93 100 27.615
70 80 61.533
32 42 15.1414
23 33 3.7191
36 46 11.5349
87 97 55.003
48 58 21.9867
40 50 21.8594
48 58 11.8192
80 90 50.7884
19 29 4.0788
78 88 40.3377
62 72 20.2689
90 100 47.4528
21 31 4.4707
7 17 2.6971
82 92 51.4792
12 22 1.4808
10 20 1.9379
16 26 2.1871
51 61 25.6593
68 78 41.3964
83 93 74.6876
71 81 27.9788
52 62 12.567
2 12 1.3577
99 100 62.9658
79 89 35.8573
52 62 25.0911
35 45 16.8059
91 100 56.0342
77 87 34.8289
6 16 1.4982
34 44 6.4115
89 99 27.3226
61 71 19.6426
69 79 41.8881
55 65 37.5144
39 49 8.4675
35 45 5.7672
63 73 50.5464
35 45 7.9851
58 68 25.3623
43 53 7.9169
50 60 24.4244
90 100 37.8729
33 43 11.5825
17 27 1.9041
72 82 39.7984
7 17 1.9538
24 34 8.6766
31 41 12.0777
75 85 49.749
96 100 26.6555
91 100 58.1925
34 44 14.2152
36 46 18.1374
68 78 24.3631
6 16 1.0764
89 99 54.5604
8 18 0.8499
60 70 21.8743
78 88 34.2389
52 62 32.6429
56 66 40.3047
19 29 2.4721
98 100 52.0663
70 80 20.0408
65 75 39.4987
3 13 1.5595
18 28 4.836
3 13 0.9281
41 51 9.1761
83 93 52.2064
68 78 41.7226
20 30 7.6784
18 28 2.2005
43 53 12.3026
21 31 6.1182
91 100 50.7243
2 12 1.301
4 14 1.124
43 53 18.0651
69 79 35.7508
34 44 12.8558
95 100 36.7151
79 89 38.2814
28 38 3.6534
45 55 21.7996
66 76 18.3741
52 62 22.8656
83 93 24.1523
92 100 28.1144
25 35 4.41
10 20 3.3288
12 22 2.3929
44 54 14.9205
72 82 25.5298
18 28 4.9493
10 20 2.7543
2 12 0.4203
58 68 13.5866
36 46 18.8139
79 89 26.4618
3 13 0.496
2 12 0.9952
41 51 7.5411
21 31 5.8855
29 39 7.9885
72 82 50.6787
72 82 16.8781
24 34 9.2052
60 70 15.3421
5 15 0.7878
83 93 47.7136
16 26 3.974
86 96 26.988
38 48 13.3459
100 100 32.1308
84 94 59.8148
25 35 4.2107
66 76 54.1578
93 100 78.5811
72 82 25.6846
68 78 50.2553
65 75 33.066
40 50 15.7911
8 18 2.409
96 100 75.6691
33 43 9.9433
40 50 10.171
86 96 29.1341
43 53 12.7885
45 55 25.1542
2 12 0.4323
57 67 12.6715
58 68 36.4285
24 34 5.8845
33 43 8.8055
49 59 18.4367
23 33 5.5975
15 25 4.1319
19 29 7.7112
100 100 76.2129
27 37 9.6075
51 61 12.2787
65 75 18.9948
94 100 82.7845
19 29 7.4256
89 99 65.5598
70 80 61.885
83 93 72.7933
52 62 20.2626
93 100 59.3871
2 12 1.3712
87 97 90.1322
89 99 48.3873
68 78 32.2647
1 11 0.9054
95 100 97.1959
12 22 1.5914
73 83 50.4029
17 27 2.7294
62 72 16.0801
7 17 2.2533
5 15 0.798
34 44 8.1031
44 54 7.3122
1 11 1.0014
3 13 1.5688
100 100 36.7442
14 24 5.4066
65 75 51.3516
17 27 5.6968
72 82 61.1477
62 72 28.0031
8 18 1.7937
65 75 45.5382
82 92 46.9979
37 47 10.0058
100 100 99.1737
50 60 22.6652
12 22 3.5547
79 89 23.8789
6 16 1.1686
75 85 23.4033
8 18 2.099
79 89 67.8696
9 19 1.6012
9 19 2.0389
62 72 20.8739
90 100 99.6803
77 87 30.239
90 100 26.1499
8 18 3.0937
21 31 6.9095
74 84 43.5217
96 100 27.0847
89 99 47.3537
36 46 19.79
64 74 41.0599
62 72 42.6879
93 100 41.1291
84 94 38.3334
58 68 15.4111
47 57 29.7069
56 66 31.9666
43 53 14.8418
26 36 8.2237
20 30 2.9378
83 93 53.4039
22 32 9.0625
4 14 0.5631
12 22 2.6994
84 94 44.7775
32 42 8.6389
67 77 37.7021
59 69 29.2941
31 41 11.4278
22 32 6.0752
80 90 52.9038
10 20 1.4453
100 100 59.8735
55 65 25.3623
56 66 17.73
42 52 6.9095
93 100 94.4084
33 43 14.8934
96 100 47.7716
53 63 19.8461
11 21 2.1465
52 62 22.1239
50 60 23.5109
60 70 34.7039
38 48 9.3722
10 20 1.7975
8 18 1.1498
8 18 1.1859
46 56 10.6387
46 56 13.4242
42 52 12.6757
44 54 11.9149
7 17 1.4374
7 17 0.8455
43 53 19.8221
85 95 29.2897
4 14 0.6569
23 33 6.8246
69 79 26.107
43 53 8.139
53 63 11.813
72 82 40.9549
47 57 15.2764
10 20 2.3385
85 95 39.8653
68 78 27.0462
45 55 29.5164
70 80 56.4437
49 59 12.7014
1 11 0.4444
36 46 9.3422
89 99 93.7682
84 94 65.704
3 13 1.0159
85 95 81.2991
34 44 9.7513
38 48 8.1482
10 20 3.9089
4 14 1.6882
37 47 21.3315
70 80 44.9463
9 19 1.371
2 12 0.474
79 89 37.8533
40 50 6.8152
74 84 32.6395
18 28 5.1916
74 84 30.868
100 100 28.9788
46 56 14.103
59 69 20.7007
60 70 41.314
57 67 19.5559
69 79 46.8349
51 61 31.4822
66 76 54.652
43 53 16.5706
83 93 27.0431
65 75 38.2505
67 77 35.7018
34 44 5.4364
88 98 45.9386
29 39 8.388
50 60 16.4009
65 75 46.6134
10 20 2.4261
13 23 3.1902
47 57 11.4068
99 100 54.1269
97 100 49.3577
10 20 2.3089
2 12 0.714
43 53 10.5385
52 62 21.6402
42 52 18.2688
98 100 27.2964
36 46 7.7351
49 59 15.5583
91 100 25.3966
58 68 12.3075
53 63 14.4415
85 95 35.7496
82 92 70.8998
76 86 48.0526
39 49 9.366
84 94 22.5521
91 100 29.6371
75 85 57.4776
22 32 9.1222
58 68 22.858
48 58 13.2547
31 41 8.4228
57 67 26.3877
57 67 15.6982
59 69 24.7894
81 91 33.5623
7 17 2.3852
32 42 8.2944
78 88 72.4661
12 22 4.5493
75 85 19.0541
14 24 3.647
98 100 70.5146
78 88 35.6875
59 69 19.0471
56 66 18.5132
81 91 39.4761
16 26 2.7291
13 23 3.4451
54 64 33.6203
9 19 2.9836
94 100 48.0443
62 72 15.8922
80 90 48.0623
38 48 14.5771
57 67 44.2597
65 75 17.7207
87 97 84.5958
19 29 6.2881
74 84 30.6595
42 52 22.1126
86 96 47.0322
46 56 14.2665
11 21 1.8023
38 48 15.0645
6 16 1.375
48 58 16.6701
68 78 17.1562
89 99 37.5867
51 61 27.7603
21 31 4.0901
88 98 40.2501
73 83 27.8731
37 47 19.4014
11 21 3.8087
10 20 2.4907
83 93 51.987
91 100 54.7866
32 42 7.0517
53 63 21.9249
82 92 77.9742
24 34 4.7646
55 65 18.4685
100 100 49.2832
62 72 41.5574
86 96 42.2539
34 44 7.8428
58 68 26.9641
46 56 13.1863
82 92 45.0993
71 81 57.4049
74 84 61.811
52 62 15.6824
52 62 17.5687
73 83 30.1632
42 52 26.2246
49 59 27.9207
2 12 1.1156
98 100 43.6723
40 50 11.7656
43 53 9.0703
27 37 9.516
5 15 1.9404
68 78 56.265
47 57 12.3904
20 30 2.7749
20 30 8.1922
13 23 5.1788
39 49 23.1496
45 55 19.2782
11 21 1.1912
8 18 1.7522
72 82 18.899
79 89 39.9424
99 100 94.2453
11 21 3.9287
52 62 34.8891
50 60 34.2799
71 81 40.0411
54 64 14.1331
30 40 8.4379
26 36 5.798
72 82 18.0234
98 100 85.084
86 96 60.7184
66 76 37.3663
3 13 0.6129
24 34 6.0752
79 89 66.4665
9 19 2.8842
92 100 78.4978
62 72 20.0292
48 58 33.0453
93 100 39.0438
78 88 61.1993
39 49 11.0683
40 50 23.1342
87 97 45.3616
16 26 4.804
42 52 21.8126
13 23 4.6126
39 49 11.0045
27 37 12.4771
76 86 38.8465
65 75 52.7846
74 84 63.8321
55 65 34.4827
88 98 77.0796
71 81 21.2742
58 68 12.8143
54 64 27.9904
96 100 85.1228
21 31 3.8404
93 100 81.3857
26 36 3.9359
4 14 1.3366
13 23 1.7255
89 99 82.1108
27 37 5.3403
36 46 10.1557
36 46 13.1936
39 49 21.3518
18 28 6.7444
100 100 75.3476
43 53 12.4433
35 45 9.5154
4 14 1.6882
23 33 4.3489
99 100 69.4889
35 45 19.4543
68 78 39.1576
34 44 7.6022
15 25 2.1445
29 39 7.4704
36 46 20.2149
59 69 20.3203
79 89 78.9059
94 100 31.5237
64 74 51.9928
71 81 40.3733
24 34 6.1098
66 76 32.904
26 36 8.6813
13 23 2.1818
36 46 6.3706
21 31 5.1252
82 92 36.2669
30 40 7.8462
17 27 2.2983
17 27 5.3541
69 79 22.0797
34 44 4.8903
83 93 77.1727
9 19 1.7229
6 16 1.4723
10 20 2.9632
57 67 21.2392
72 82 54.8666
40 50 11.2171
10 20 1.4266
32 42 8.1054
42 52 11.2903
100 100 57.9182
87 97 76.9831
87 97 25.9937
50 60 22.2039
34 44 11.6752
37 47 14.804
84 94 30.0315
62 72 28.5039
28 38 4.4243
74 84 22.5606
38 48 9.9679
100 100 57.8284
87 97 85.9292
74 84 20.4367
90 100 51.7134
76 86 37.8127
35 45 7.7167
63 73 17.4465
27 37 5.7145
10 20 1.4414
1 11 0.4353
62 72 31.5271
59 69 25.0931
37 47 6.225
78 88 65.5436
44 54 13.1588
27 37 3.5906
85 95 48.0748
31 41 9.19
18 28 6.9691
74 84 29.2227
90 100 87.0209
48 58 12.3152
42 52 24.4362
39 49 13.5866
27 37 7.8602
7 17 2.3812
26 36 4.8903
40 50 22.5435
68 78 15.2311
67 77 34.5944
68 78 22.7214
97 100 58.5791
43 53 20.4856
80 90 37.2613
97 100 58.6327
76 86 46.2835
69 79 36.8789
76 86 58.0431
65 75 47.3991
63 73 42.913
43 53 7.2496
73 83 23.9062
30 40 10.6557
28 38 4.6453
85 95 32.8512
76 86 63.317
46 56 12.3264
48 58 15.1212
32 42 10.3137
26 36 10.3086
60 70 46.891
98 100 27.3111
39 49 8.7563
21 31 6.06
7 17 2.3935
36 46 7.7056
65 75 16.6276
90 100 42.47
93 100 47.234
73 83 39.9955
40 50 15.1368
36 46 18.2414
87 97 93.1264
59 69 43.2056
93 100 34.1313
31 41 6.7777
88 98 50.7685
22 32 6.8126
88 98 62.1843
96 100 30.7481
70 80 49.1611
15 25 2.2759
5 15 0.9372
60 70 43.5706
86 96 82.0999
25 35 4.8198
84 94 86.3673
22 32 3.4812
50 60 25.043
59 69 44.6638
98 100 25.8074
83 93 24.4095
52 62 30.0852
19 29 4.3189
10 20 3.1805
30 40 6.366
100 100 65.6602
44 54 16.5421
68 78 44.1002
13 23 1.5957
86 96 26.4515
67 77 32.2544
94 100 32.5664
26 36 4.6794
53 63 34.4193
15 25 2.7539
19 29 7.7395
22 32 2.6031
37 47 16.0088
6 16 1.2074
29 39 12.8314
10 20 1.7649
