900 27111 9.9499
99 100 22.9853
2 12 90.8876
49 59 45.6935
20 30 67.9866
35 45 63.6182
60 70 38.8765
25 35 68.6545
81 91 13.9794
19 29 75.9931
27 37 62.0408
15 25 75.0597
35 45 71.9324
9 19 81.3622
42 52 45.3171
60 70 58.0873
26 36 73.819
44 54 37.326
58 68 27.4639
66 76 31.0461
54 64 65.3236
75 85 50.7813
94 100 22.388
32 42 75.6569
79 89 31.4833
25 35 66.3264
49 59 54.0063
5 15 81.841
24 34 76.0332
29 39 75.1637
68 78 37.2979
14 24 76.0122
31 41 57.3943
8 18 82.254
81 91 25.1031
63 73 38.0578
71 81 17.4967
45 55 45.2593
73 83 44.9557
6 16 85.2446
31 41 66.775
27 37 73.0102
27 37 78.8935
10 20 76.1902
36 46 65.9896
5 15 87.8119
80 90 44.6906
66 76 56.6964
14 24 75.9199
30 40 57.6628
9 19 87.0116
50 60 56.1301
73 83 31.9248
64 74 56.7416
93 100 24.6641
19 29 79.3186
47 57 65.6797
19 29 65.1959
11 21 74.5719
49 59 58.4216
42 52 39.4623
13 23 76.0436
98 100 14.185
88 98 26.0294
74 84 29.4534
37 47 65.0862
25 35 77.2325
69 79 47.9903
71 81 23.7247
36 46 74.3699
66 76 46.0104
80 90 51.5079
33 43 70.9469
90 100 42.2916
10 20 89.6449
21 31 79.3845
17 27 76.6238
3 13 88.5876
70 80 47.5507
53 63 60.4693
92 100 22.303
42 52 54.4216
50 60 47.1255
26 36 70.8307
94 100 33.0073
13 23 72.8923
46 56 44.0949
95 100 48.6716
47 57 47.9695
54 64 51.3874
21 31 62.5475
89 99 26.9631
82 92 22.9556
94 100 16.547
83 93 48.5238
29 39 50.4881
14 24 85.831
73 83 40.036
20 30 68.4442
33 43 77.4066
45 55 60.6078
100 100 8.3215
97 100 9.3318
17 27 69.3672
91 100 35.9964
36 46 69.4706
69 79 36.1213
3 13 86.1036
70 80 32.1875
80 90 14.3785
17 27 83.5981
91 100 34.6968
88 98 15.437
30 40 54.9911
44 54 55.0594
1 11 92.9392
5 15 81.2991
100 100 39.3405
82 92 19.1844
77 87 15.2131
98 100 21.9698
81 91 14.8002
47 57 58.7139
61 71 30.7304
63 73 41.6644
68 78 42.2526
52 62 44.6157
74 84 21.3832
44 54 60.9539
30 40 75.077
70 80 25.549
14 24 77.6743
93 100 29.8881
39 49 73.2839
59 69 43.5851
10 20 79.7324
16 26 79.4826
11 21 87.9619
20 30 61.4954
40 50 41.074
40 50 73.0854
33 43 53.2156
90 100 29.3233
59 69 44.7869
11 21 77.2043
39 49 70.9099
61 71 63.8928
43 53 66.3589
15 25 77.25
100 100 33.383
59 69 44.7815
83 93 16.1652
50 60 45.5463
83 93 40.8129
82 92 14.7879
66 76 28.9961
92 100 25.6654
51 61 44.2225
42 52 65.4934
75 85 32.4866
31 41 51.9279
14 24 75.6274
98 100 52.1905
11 21 85.2834
61 71 61.5754
81 91 11.4515
39 49 59.3285
4 14 82.639
90 100 20.937
41 51 59.9525
24 34 60.1555
79 89 33.4292
38 48 64.6384
48 58 71.641
58 68 41.3063
40 50 71.6359
48 58 47.3743
45 55 69.786
97 100 34.8006
83 93 14.2567
48 58 63.5273
76 86 19.7847
30 40 65.6327
12 22 80.565
7 17 86.0182
21 31 67.2564
80 90 11.6752
60 70 47.5948
88 98 28.9347
4 14 85.4294
5 15 88.2773
33 43 64.0688
96 100 49.2607
93 100 44.9718
58 68 38.0701
1 11 89.5465
63 73 62.2095
24 34 57.6643
73 83 42.6448
78 88 52.6452
66 76 36.5094
61 71 31.055
56 66 34.2365
53 63 41.0035
70 80 19.1459
68 78 49.821
32 42 46.6913
93 100 14.555
86 96 44.9892
3 13 83.2456
89 99 43.2701
56 66 43.6207
75 85 48.0637
40 50 60.5128
71 81 25.8196
34 44 78.0572
87 97 29.7363
39 49 62.6061
57 67 34.3466
38 48 56.7461
17 27 77.8365
39 49 60.2067
48 58 69.8461
4 14 88.8061
90 100 33.3241
30 40 48.3873
63 73 46.2754
4 14 86.306
55 65 36.68
51 61 46.323
5 15 85.9793
97 100 20.4467
96 100 7.0868
62 72 23.0669
66 76 42.4087
6 16 82.8264
55 65 56.1346
11 21 80.1562
2 12 90.8266
90 100 15.7212
47 57 43.0835
33 43 64.6496
50 60 38.7058
37 47 62.5033
37 47 55.8995
31 41 69.7643
53 63 56.597
32 42 64.3188
93 100 26.1101
98 100 42.6527
44 54 50.9782
8 18 74.596
57 67 45.1127
72 82 24.1336
17 27 71.4887
9 19 79.3257
43 53 57.4731
39 49 65.1184
69 79 23.64
23 33 73.8018
34 44 62.8928
27 37 63.4587
79 89 33.3529
67 77 41.578
19 29 82.6845
47 57 47.4556
51 61 45.2835
13 23 76.671
66 76 30.1072
57 67 50.4597
92 100 36.9567
83 93 21.9239
84 94 31.5439
35 45 61.4954
3 13 85.7791
21 31 62.5365
72 82 39.7707
80 90 17.9835
64 74 31.6958
56 66 29.4339
63 73 40.8909
77 87 39.3179
60 70 34.1418
85 95 34.1184
83 93 47.7453
62 72 49.6729
11 21 77.7695
41 51 52.6989
80 90 26.2923
55 65 37.304
14 24 79.6824
16 26 68.6793
73 83 32.0934
96 100 33.6736
44 54 56.8486
15 25 81.7849
24 34 66.9271
100 100 24.5332
53 63 41.1125
100 100 21.3426
57 67 50.7642
20 30 75.5561
63 73 42.211
65 75 29.4176
76 86 22.5321
88 98 20.7617
86 96 36.4816
30 40 73.4638
87 97 47.0198
86 96 48.34
74 84 20.8575
85 95 28.3908
40 50 57.8482
25 35 69.1625
33 43 61.7262
9 19 83.1981
62 72 51.9163
64 74 24.3305
88 98 26.6473
37 47 59.2838
29 39 66.3818
45 55 63.497
5 15 91.191
58 68 61.9936
5 15 83.014
99 100 8.6066
33 43 57.5747
18 28 71.2842
100 100 28.4345
97 100 46.8622
41 51 55.5159
13 23 81.7831
13 23 85.8291
63 73 36.2115
22 32 71.4566
2 12 84.0211
16 26 77.3327
95 100 33.7143
83 93 18.5675
93 100 19.8025
52 62 54.7097
10 20 82.9047
37 47 65.2395
74 84 28.2971
10 20 81.5987
17 27 68.0939
7 17 90.6152
59 69 44.5356
72 82 56.6858
30 40 58.1772
31 41 69.3156
27 37 52.9868
73 83 41.6309
31 41 56.4963
68 78 45.0241
7 17 83.9551
57 67 45.0362
28 38 70.0435
5 15 86.1927
34 44 71.3772
1 11 85.2686
24 34 67.9965
81 91 14.9398
19 29 67.2777
27 37 70.3955
53 63 47.9113
96 100 19.0113
1 11 87.9
16 26 83.6713
74 84 25.1954
53 63 38.98
90 100 21.9923
34 44 70.471
54 64 45.0671
66 76 33.6597
42 52 60.1633
58 68 31.9146
70 80 41.0766
65 75 33.1338
19 29 61.5487
1 11 89.2005
90 100 39.5251
22 32 70.5583
42 52 55.4861
26 36 64.8106
51 61 64.0384
64 74 40.0689
59 69 42.2253
6 16 88.9532
19 29 74.6168
67 77 41.1638
57 67 39.2715
19 29 71.2268
57 67 45.2391
67 77 61.1821
17 27 79.0677
21 31 64.9298
46 56 65.4125
10 20 83.189
31 41 65.1733
53 63 49.1639
50 60 44.5783
55 65 56.2635
22 32 78.427
90 100 31.6136
46 56 45.9047
50 60 52.3336
25 35 67.4452
65 75 44.7267
87 97 24.1562
72 82 36.6945
83 93 24.2615
14 24 71.2623
49 59 57.976
11 21 73.9204
48 58 53.5751
35 45 61.7387
24 34 72.7336
89 99 31.8434
72 82 37.0528
5 15 85.4386
89 99 13.6139
55 65 46.255
92 100 20.9782
30 40 51.2184
91 100 38.4028
45 55 52.4162
35 45 53.9622
79 89 13.6191
58 68 59.5305
66 76 52.393
55 65 39.9487
44 54 51.6041
23 33 78.9841
22 32 65.61
93 100 19.1091
86 96 20.1538
95 100 38.8204
43 53 53.7553
52 62 54.6476
24 34 74.7481
40 50 54.286
77 87 50.3958
69 79 29.781
51 61 66.1018
35 45 60.0827
30 40 71.3941
75 85 56.0177
45 55 68.1186
55 65 28.6867
47 57 59.838
63 73 51.3458
87 97 20.5717
22 32 75.784
30 40 58.521
27 37 57.3382
18 28 74.3768
88 98 37.745
93 100 17.6316
58 68 39.4208
49 59 34.4006
15 25 76.5048
51 61 56.8787
59 69 46.9705
28 38 71.6038
15 25 85.8365
84 94 39.5515
23 33 65.777
4 14 82.1724
50 60 54.0166
38 48 61.7262
13 23 73.948
42 52 50.609
95 100 38.4028
50 60 44.7922
44 54 61.0023
84 94 44.565
67 77 22.6871
28 38 63.069
51 61 67.6786
76 86 37.734
68 78 56.3986
28 38 74.4924
59 69 50.5948
55 65 53.6981
94 100 18.7324
7 17 76.9778
21 31 72.2109
29 39 73.9531
78 88 30.7847
24 34 66.7685
54 64 53.6483
28 38 63.4635
88 98 28.3067
76 86 20.8356
58 68 40.5973
64 74 31.9892
90 100 31.5608
46 56 60.5626
93 100 10.2958
20 30 65.1959
67 77 46.0769
80 90 9.0601
20 30 80.013
10 20 88.1815
98 100 21.9408
20 30 68.6313
57 67 54.3316
13 23 77.1095
29 39 69.7626
42 52 36.8704
41 51 49.1205
77 87 14.055
36 46 49.886
23 33 76.7604
35 45 73.3798
65 75 39.3995
94 100 38.3483
29 39 71.188
46 56 49.6165
4 14 87.2337
97 100 27.1764
10 20 76.7919
30 40 60.1323
84 94 19.6276
45 55 51.4763
74 84 21.7445
74 84 27.7497
84 94 20.2437
28 38 78.158
5 15 84.0009
60 70 37.1661
55 65 58.7737
68 78 46.6025
50 60 50.2284
12 22 87.7894
15 25 70.7651
47 57 64.497
74 84 53.8037
56 66 56.6136
49 59 44.6384
4 14 87.5665
24 34 74.046
13 23 82.659
65 75 29.6252
39 49 45.5976
39 49 50.0811
10 20 77.4118
34 44 60.8603
48 58 60.982
84 94 40.9818
37 47 52.6263
27 37 71.6833
8 18 83.8323
37 47 45.9996
31 41 62.3958
7 17 82.5808
66 76 32.6967
89 99 33.3922
67 77 41.6567
64 74 27.8911
2 12 86.7282
70 80 19.4693
83 93 30.787
64 74 43.8363
57 67 36.4985
91 100 20.1323
11 21 78.0095
5 15 88.2284
58 68 58.645
47 57 57.9974
77 87 43.8933
97 100 8.4972
79 89 47.7315
35 45 66.7505
51 61 45.4761
47 57 64.7075
38 48 55.5487
78 88 39.0138
34 44 49.0056
58 68 59.1853
12 22 76.6868
59 69 55.0727
56 66 43.1071
67 77 53.7216
94 100 16.5853
34 44 61.1446
91 100 33.6307
82 92 40.6572
55 65 50.3873
83 93 12.4934
58 68 53.4346
37 47 72.7609
85 95 19.2466
30 40 56.0177
60 70 44.8605
90 100 20.7171
61 71 23.384
52 62 44.3396
57 67 44.3569
75 85 39.4547
51 61 56.0597
69 79 48.8056
52 62 40.1436
69 79 51.9293
1 11 91.2789
69 79 33.8701
38 48 64.5773
97 100 17.6081
31 41 49.999
88 98 35.9868
57 67 44.0139
95 100 15.5757
45 55 47.2849
29 39 72.7438
27 37 68.2871
79 89 51.0582
7 17 86.5793
54 64 41.7639
95 100 24.1228
47 57 58.6205
75 85 28.296
41 51 61.9605
35 45 50.7656
59 69 47.5148
61 71 43.299
7 17 83.8305
45 55 71.4735
12 22 82.4646
44 54 52.2801
8 18 82.2087
67 77 36.0348
81 91 19.4507
42 52 61.4421
34 44 48.9454
92 100 32.7298
67 77 39.244
52 62 51.9654
55 65 56.5203
73 83 22.3843
80 90 45.7219
54 64 36.4611
23 33 78.2889
2 12 87.3795
6 16 82.9593
7 17 86.5998
45 55 53.4083
43 53 62.9626
68 78 33.2641
10 20 87.6246
29 39 50.2071
49 59 36.9956
10 20 89.1495
98 100 46.3734
63 73 42.6252
87 97 17.572
56 66 59.8596
23 33 72.6211
45 55 53.1047
78 88 31.142
100 100 36.9932
96 100 41.0676
26 36 75.9983
71 81 36.64
38 48 67.9405
29 39 54.9629
99 100 19.718
10 20 82.9374
57 67 55.8906
24 34 74.0529
81 91 47.1104
79 89 22.3152
30 40 58.0339
81 91 19.0454
34 44 69.2307
3 13 86.1871
9 19 84.3495
69 79 23.5506
58 68 34.8525
2 12 87.7763
47 57 65.9994
80 90 29.8455
23 33 61.2431
23 33 70.4676
52 62 29.009
2 12 88.4108
28 38 66.8404
47 57 57.001
98 100 27.0525
22 32 70.7718
95 100 15.0622
50 60 68.7705
49 59 52.4118
75 85 45.9738
62 72 40.7555
13 23 81.4885
79 89 38.7083
77 87 49.5869
70 80 18.4307
69 79 24.0698
86 96 34.7546
11 21 74.0684
80 90 17.7856
29 39 71.0346
29 39 69.806
45 55 64.6111
43 53 46.3434
20 30 75.9216
66 76 49.5729
32 42 59.889
65 75 37.337
64 74 22.2746
54 64 56.728
57 67 35.0168
9 19 81.0036
91 100 26.9839
64 74 31.8209
93 100 14.3853
63 73 42.6331
2 12 85.4349
4 14 90.2538
61 71 45.8898
65 75 29.4827
45 55 63.3839
47 57 49.6095
35 45 54.4039
19 29 73.3781
79 89 20.5354
41 51 66.4029
27 37 67.9174
35 45 68.6545
52 62 66.0823
73 83 22.3578
74 84 25.6694
7 17 86.5123
34 44 60.0749
12 22 78.9255
29 39 62.7882
70 80 28.924
99 100 37.1551
18 28 68.5501
57 67 42.8213
93 100 7.6696
100 100 31.1453
69 79 43.4466
7 17 85.9737
79 89 26.8562
85 95 36.1057
53 63 35.6863
86 96 43.182
40 50 55.7994
17 27 72.1854
81 91 26.4504
80 90 36.507
69 79 37.0187
8 18 80.504
55 65 51.5553
58 68 37.4789
47 57 37.7389
21 31 79.3115
72 82 41.2858
97 100 29.2551
86 96 15.7577
23 33 75.058
70 80 41.3346
80 90 46.2196
94 100 17.854
20 30 63.1055
96 100 36.8036
38 48 59.3316
39 49 42.8554
8 18 82.0003
43 53 56.7973
50 60 62.3389
32 42 58.8596
87 97 38.6486
36 46 56.0911
53 63 51.1826
8 18 77.5791
20 30 73.3507
49 59 34.8749
21 31 65.7753
25 35 73.2222
92 100 10.5879
73 83 21.7016
38 48 64.5548
27 37 79.5825
23 33 72.6449
52 62 44.1188
17 27 77.7871
65 75 37.9333
51 61 30.4649
7 17 86.8661
63 73 48.0235
9 19 87.6021
62 72 53.6263
85 95 28.329
75 85 39.9045
78 88 29.3959
79 89 53.2141
2 12 88.0613
17 27 67.1613
77 87 50.9268
40 50 50.6417
47 57 40.2603
87 97 45.0603
18 28 77.2993
38 48 46.0417
74 84 52.9853
32 42 64.2995
32 42 68.8485
88 98 44.8297
29 39 58.0415
74 84 29.8531
95 100 37.9616
73 83 31.6935
67 77 35.8945
84 94 21.2604
96 100 48.2414
9 19 83.1963
28 38 64.5178
73 83 31.9033
20 30 82.5481
94 100 30.9692
75 85 36.8923
73 83 34.8797
92 100 35.4513
86 96 38.4102
44 54 52.7076
1 11 92.5752
100 100 24.931
73 83 50.3149
71 81 22.5255
70 80 47.6625
12 22 72.824
71 81 33.3587
63 73 41.8454
80 90 16.5169
99 100 9.9118
62 72 48.807
26 36 75.3615
40 50 46.2971
25 35 57.3882
15 25 85.1468
87 97 41.5483
75 85 39.9727
34 44 63.698
92 100 9.7931
80 90 30.25
77 87 44.0259
1 11 86.9594
97 100 29.1762
4 14 84.8388
27 37 70.1959
33 43 55.147
27 37 67.1466
61 71 55.3194
54 64 46.372
36 46 68.5005
88 98 37.2356
97 100 44.4049
2 12 93.1071
49 59 63.6405
97 100 27.4157
43 53 56.5775
70 80 47.9653
98 100 16.7265
93 100 35.1305
41 51 49.39
47 57 52.8951
62 72 46.7268
86 96 40.2197
72 82 29.1503
21 31 68.4872
85 95 16.3547
94 100 11.6875
54 64 49.663
95 100 31.8277
86 96 30.2643
95 100 37.3908
36 46 50.5606
84 94 40.2375
30 40 61.9212
13 23 84.848
74 84 44.9436
75 85 38.2171
18 28 77.0112
79 89 53.2623
70 80 38.5368
18 28 72.8992
28 38 65.141
92 100 26.1561
98 100 48.5433
67 77 50.2383
9 19 81.7415
23 33 77.5139
96 100 28.2641
56 66 61.2588
6 16 88.94
31 41 64.7349
66 76 29.7134
