100 3044 4.3589
100 100 62.5665
99 100 87.9844
96 100 93.6947
4 14 0.8953
9 19 1.7493
7 17 1.8298
16 26 3.0158
57 67 41.7639
18 28 7.7045
21 31 7.3924
74 84 56.9044
13 23 4.418
82 92 82.274
6 16 1.576
45 55 17.2524
73 83 51.8501
90 100 71.3298
3 13 1.2363
41 51 21.5073
87 97 63.7011
56 66 38.4412
25 35 3.8056
38 48 20.6607
43 53 9.9351
94 100 35.6254
73 83 37.359
94 100 94.8598
9 19 1.8764
61 71 15.1773
79 89 37.7549
41 51 11.3744
30 40 10.1895
37 47 19.687
4 14 1.3971
41 51 14.5779
74 84 29.3536
38 48 21.0552
46 56 27.2202
11 21 3.8789
93 100 41.9023
78 88 34.7994
72 82 35.4573
68 78 26.7589
15 25 2.2195
91 100 68.2408
70 80 33.3368
94 100 51.8919
70 80 18.8035
26 36 5.2684
89 99 78.7408
70 80 45.4343
57 67 44.6745
71 81 32.5117
66 76 31.6226
97 100 38.6175
23 33 10.1857
31 41 6.249
59 69 45.063
27 37 5.772
64 74 37.6714
70 80 22.8341
73 83 68.7921
28 38 3.621
17 27 3.4831
94 100 25.3351
38 48 19.8845
96 100 58.3879
88 98 28.981
58 68 44.7013
63 73 31.7758
34 44 5.7308
91 100 27.2881
14 24 2.6778
49 59 24.4056
65 75 42.4491
99 100 75.325
22 32 3.6638
3 13 0.4687
40 50 12.0874
10 20 1.2012
38 48 17.7047
14 24 1.6973
52 62 9.9446
71 81 52.0981
55 65 10.8834
62 72 19.3336
14 24 1.4663
24 34 4.7332
9 19 1.8493
21 31 8.9174
74 84 60.9321
79 89 39.8161
71 81 31.9462
1 11 0.3837
35 45 10.6942
94 100 54.72
82 92 64.6336
28 38 10.2093
93 100 63.6389
29 39 4.2148
