100 3005 9.9499
14 24 72.8667
79 89 34.6568
35 45 57.1007
33 43 69.0378
51 61 51.4275
20 30 77.7765
92 100 15.1734
72 82 45.5477
9 19 81.1747
77 87 40.0714
26 36 72.2857
30 40 55.6277
67 77 56.187
38 48 50.4242
71 81 35.6039
2 12 90.8018
71 81 37.0029
87 97 38.5691
30 40 60.5813
53 63 60.6576
60 70 39.5389
65 75 33.9971
2 12 90.0905
60 70 56.8456
84 94 29.7527
22 32 72.3622
15 25 68.8701
1 11 88.565
30 40 62.0298
91 100 49.6264
60 70 41.5393
57 67 53.8257
43 53 59.9293
79 89 26.2677
61 71 42.2253
92 100 18.4041
74 84 29.5164
39 49 42.2188
63 73 49.7928
40 50 61.7419
56 66 59.0807
16 26 76.3491
95 100 25.9753
77 87 59.2084
64 74 38.3471
100 100 28.8401
72 82 47.0514
73 83 38.4288
21 31 74.7049
23 33 60.8728
51 61 48.5725
40 50 69.7592
4 14 86.7338
17 27 76.7026
28 38 61.8346
85 95 38.0738
50 60 40.2324
86 96 31.1185
57 67 34.5615
71 81 22.6005
31 41 67.4944
69 79 35.9616
50 60 50.8554
1 11 87.8831
87 97 24.0777
97 100 46.5861
100 100 41.2948
19 29 74.3027
1 11 91.9758
8 18 79.3453
32 42 64.1857
96 100 22.8934
4 14 79.5967
40 50 69.0794
94 100 30.4196
96 100 23.0342
10 20 75.6169
99 100 34.6485
45 55 55.4474
83 93 34.0344
36 46 75.4831
8 18 83.1689
53 63 46.6954
85 95 14.7694
27 37 54.1858
99 100 30.4549
53 63 39.1851
4 14 86.2632
61 71 44.2451
12 22 78.961
78 88 48.2817
9 19 83.1087
54 64 59.0654
28 38 61.5017
61 71 50.8098
65 75 44.961
38 48 71.8782
42 52 55.3298
49 59 53.3221
77 87 54.6535
