900 26409 4.3589
67 77 38.0812
25 35 9.8847
48 58 17.7974
54 64 39.4397
15 25 3.2634
33 43 7.9254
13 23 4.2308
60 70 13.8324
64 74 28.3514
36 46 5.4038
86 96 63.1946
37 47 9.7894
11 21 2.5635
17 27 6.8529
78 88 40.9664
81 91 29.5077
43 53 10.545
97 100 36.1898
82 92 79.089
10 20 1.9935
42 52 10.3478
19 29 7.2922
93 100 48.0928
32 42 11.8143
89 99 43.9569
36 46 9.0138
78 88 19.4049
4 14 1.4168
93 100 55.4384
3 13 1.1219
95 100 91.9355
7 17 2.0019
90 100 33.398
67 77 37.7278
31 41 7.4327
29 39 8.9216
14 24 3.9478
64 74 33.0982
45 55 10.9806
2 12 0.9303
46 56 16.8847
84 94 37.1198
18 28 6.8361
21 31 6.3036
43 53 14.929
60 70 29.7505
89 99 37.8016
95 100 67.9141
46 56 26.5483
79 89 46.7747
5 15 2.0323
5 15 2.0346
57 67 28.8476
17 27 1.9656
22 32 9.077
83 93 55.2569
85 95 47.4969
57 67 33.4489
7 17 1.8341
10 20 3.6703
74 84 34.9517
34 44 13.1646
34 44 4.8589
41 51 24.8921
15 25 4.6216
12 22 3.9908
9 19 2.2689
17 27 2.7162
32 42 15.7054
78 88 63.888
6 16 2.0218
1 11 0.3365
43 53 24.0237
89 99 54.401
94 100 71.4532
17 27 2.6254
92 100 52.6176
2 12 0.3641
51 61 21.2088
20 30 7.4573
97 100 65.0426
62 72 20.5644
8 18 3.0081
82 92 44.7962
72 82 60.681
13 23 3.6218
44 54 24.7148
46 56 14.5893
85 95 37.8287
74 84 56.591
61 71 48.2219
95 100 70.2646
41 51 11.0822
65 75 25.6431
91 100 50.9782
5 15 0.8446
5 15 2.1252
54 64 11.3407
1 11 1.0777
8 18 0.9306
98 100 51.3659
77 87 41.1728
94 100 98.3449
48 58 18.1638
43 53 16.257
15 25 3.6146
44 54 9.9275
6 16 1.9066
19 29 3.9216
34 44 6.3625
48 58 12.825
70 80 33.0108
87 97 64.9829
81 91 70.888
21 31 3.6024
77 87 43.9728
88 98 48.2052
73 83 64.6271
31 41 7.2291
76 86 23.0957
15 25 3.6386
83 93 57.1491
3 13 1.6159
1 11 0.3571
54 64 10.5807
41 51 9.0836
16 26 2.641
66 76 56.3686
59 69 30.4318
44 54 9.3544
19 29 8.2226
35 45 14.8502
80 90 48.115
22 32 6.5183
86 96 44.329
32 42 5.1902
52 62 27.8246
20 30 6.1896
56 66 23.539
71 81 32.7058
100 100 97.2512
54 64 17.9031
43 53 19.8176
96 100 33.8166
56 66 42.4583
76 86 50.454
53 63 28.458
27 37 7.0496
85 95 63.6932
21 31 5.5682
58 68 11.5648
27 37 12.4101
63 73 37.6885
14 24 2.804
58 68 18.1655
52 62 13.1704
69 79 30.8891
11 21 2.3357
17 27 5.579
70 80 39.2427
28 38 5.554
23 33 4.2671
100 100 38.2777
78 88 19.6205
43 53 17.4106
9 19 0.9904
10 20 1.2045
99 100 58.0735
47 57 17.5301
58 68 34.0776
34 44 13.1929
78 88 24.3296
22 32 4.7132
40 50 7.5246
35 45 5.3269
94 100 71.0447
17 27 2.017
27 37 4.1079
1 11 0.8849
82 92 70.4643
15 25 3.5374
1 11 0.5971
83 93 44.3303
34 44 15.0156
40 50 15.5236
64 74 54.5205
9 19 3.2396
74 84 57.7509
96 100 51.1697
12 22 3.1645
40 50 21.643
70 80 54.2727
10 20 3.7493
50 60 32.259
39 49 13.2795
32 42 5.5871
84 94 57.6445
50 60 16.1604
5 15 1.5408
19 29 3.7885
84 94 48.2052
28 38 5.703
53 63 23.9738
48 58 23.5914
16 26 4.4753
3 13 0.8584
52 62 11.6581
85 95 87.7126
38 48 10.5684
97 100 88.8646
56 66 11.9702
66 76 38.1702
75 85 39.3756
80 90 42.185
59 69 27.0431
71 81 64.4921
75 85 20.065
50 60 11.2513
92 100 56.2935
20 30 5.2716
76 86 42.1123
40 50 16.8822
4 14 0.8934
27 37 4.9537
20 30 7.5532
58 68 14.4278
7 17 1.0235
18 28 3.8255
15 25 2.2569
27 37 4.4669
50 60 11.5702
5 15 1.3193
34 44 16.0008
31 41 10.6263
50 60 19.3688
58 68 20.9178
46 56 15.3891
62 72 41.8014
60 70 25.9397
61 71 49.9072
72 82 19.5895
1 11 0.5328
62 72 13.7841
79 89 59.3116
87 97 50.2256
65 75 37.9592
38 48 17.6635
67 77 49.663
22 32 9.2149
88 98 79.7038
12 22 3.2602
34 44 12.9032
66 76 15.6246
78 88 30.2874
44 54 10.4316
38 48 21.2788
2 12 0.3671
96 100 60.0315
6 16 1.2475
88 98 24.678
56 66 15.956
73 83 56.214
92 100 55.7352
21 31 5.4896
52 62 12.8709
12 22 2.6403
5 15 2.1706
20 30 4.5254
90 100 48.9076
40 50 11.5995
29 39 8.7865
1 11 0.6111
42 52 15.0785
18 28 5.4751
4 14 0.8851
76 86 28.2088
80 90 62.9055
76 86 64.8975
59 69 14.6498
41 51 14.997
25 35 4.8726
77 87 46.8225
50 60 10.5352
69 79 54.9971
9 19 1.5613
55 65 11.7388
12 22 1.8692
25 35 6.2655
73 83 30.5665
92 100 91.2751
81 91 33.1649
49 59 28.9111
86 96 52.5205
38 48 15.5331
90 100 31.9157
68 78 51.353
7 17 2.1771
51 61 18.1118
59 69 47.1763
71 81 50.6716
9 19 2.2374
83 93 56.3025
39 49 6.1678
52 62 19.905
60 70 31.1107
56 66 18.2158
36 46 6.3388
63 73 30.5853
97 100 35.3811
4 14 1.6147
72 82 37.2112
53 63 31.7814
6 16 2.2602
36 46 12.4221
10 20 1.5009
48 58 14.2914
67 77 19.6231
26 36 9.4317
52 62 18.9182
30 40 5.6944
18 28 2.6624
35 45 12.599
75 85 48.4945
77 87 31.9214
30 40 11.1282
93 100 61.7403
32 42 9.6665
57 67 17.6232
89 99 48.6911
12 22 3.6645
69 79 21.4888
31 41 13.3064
81 91 21.2567
16 26 5.3103
28 38 8.4693
94 100 34.7805
52 62 13.9637
16 26 2.3614
15 25 2.8531
26 36 4.2473
76 86 55.1529
13 23 4.928
22 32 5.5408
45 55 30.0468
6 16 2.4458
86 96 72.1378
93 100 68.7357
92 100 85.6976
92 100 28.3418
40 50 15.3813
58 68 41.6954
59 69 32.5253
38 48 7.9462
46 56 25.1051
43 53 11.7779
91 100 37.26
77 87 59.1669
89 99 89.5313
63 73 51.1797
45 55 10.861
89 99 28.8305
41 51 16.9118
68 78 25.844
24 34 2.9526
51 61 16.2191
40 50 8.7977
49 59 32.4364
57 67 15.2592
66 76 46.5875
82 92 58.6496
94 100 84.2908
33 43 5.9546
22 32 4.2911
17 27 3.4425
40 50 16.7191
22 32 6.2255
76 86 48.7818
67 77 29.4339
7 17 1.408
23 33 5.3001
77 87 46.4497
15 25 6.1807
84 94 51.1282
17 27 2.9867
4 14 0.7843
26 36 5.0986
52 62 15.8261
17 27 4.8092
66 76 35.1495
83 93 76.4943
79 89 67.7066
5 15 1.7514
87 97 33.5125
84 94 28.3759
11 21 3.7373
64 74 48.0942
66 76 28.3546
59 69 15.8102
11 21 1.2468
63 73 36.7806
55 65 33.6609
57 67 33.3229
98 100 76.6168
49 59 11.0696
80 90 69.1875
79 89 28.7071
83 93 61.7843
54 64 28.8896
7 17 1.5982
19 29 2.6085
86 96 24.4956
50 60 20.6052
88 98 59.31
9 19 2.8757
20 30 6.9248
72 82 20.6616
92 100 25.2135
46 56 24.3493
46 56 30.868
53 63 33.4917
84 94 59.5058
44 54 9.9888
50 60 14.5481
42 52 9.227
92 100 54.9541
54 64 18.2671
100 100 83.014
78 88 71.0497
31 41 13.5159
63 73 50.1576
93 100 68.1946
41 51 20.5581
78 88 29.4328
80 90 25.9825
79 89 21.9483
12 22 1.2544
19 29 2.5341
41 51 24.8104
19 29 6.1658
41 51 20.0382
23 33 3.2986
27 37 10.7604
39 49 18.7706
10 20 3.6028
90 100 56.3175
14 24 5.218
46 56 16.648
51 61 33.1626
57 67 26.5338
26 36 12.7978
49 59 29.3872
66 76 49.6503
27 37 12.6608
30 40 14.4301
80 90 79.1993
23 33 3.0071
95 100 47.1818
93 100 25.065
47 57 12.6992
72 82 31.7374
71 81 21.2456
47 57 20.8822
36 46 15.3539
1 11 0.4301
80 90 25.4874
37 47 13.9345
44 54 28.6172
15 25 4.8035
81 91 72.0224
16 26 2.5882
16 26 6.1921
68 78 47.2079
86 96 26.4042
5 15 1.2166
98 100 55.0074
100 100 31.0405
42 52 9.4212
46 56 15.4315
45 55 18.7376
41 51 15.1212
2 12 0.5703
25 35 11.6991
93 100 68.7258
13 23 4.3819
33 43 5.7768
50 60 18.6391
71 81 22.4145
76 86 66.5709
43 53 8.9407
94 100 68.5667
97 100 69.1575
16 26 3.4207
59 69 14.2114
73 83 28.8058
96 100 43.6577
100 100 90.5695
89 99 95.6777
89 99 51.5897
15 25 2.2255
15 25 2.2584
36 46 17.7182
96 100 80.9838
51 61 19.4825
1 11 0.8306
81 91 56.4737
58 68 25.1342
78 88 62.0345
78 88 22.4193
4 14 0.9426
7 17 1.801
2 12 1.2598
28 38 4.9716
39 49 7.0868
40 50 8.8482
87 97 77.5826
29 39 11.1469
79 89 77.8559
58 68 29.4664
47 57 16.7297
6 16 1.9149
31 41 13.653
68 78 42.0734
74 84 63.7219
50 60 17.7317
50 60 15.3601
41 51 19.3433
33 43 7.5807
33 43 8.2329
11 21 2.2677
69 79 25.2778
85 95 85.433
36 46 13.8064
61 71 40.8871
96 100 32.0696
8 18 1.1259
26 36 8.0327
70 80 54.4496
80 90 61.7796
99 100 86.9817
92 100 43.6802
20 30 8.0787
81 91 71.6596
9 19 3.5355
79 89 77.4488
44 54 19.3697
15 25 1.7072
70 80 54.877
2 12 1.3163
80 90 46.1625
66 76 38.0825
94 100 95.242
90 100 27.6687
77 87 58.743
5 15 0.564
56 66 41.9956
95 100 94.6748
33 43 6.8508
50 60 13.7418
80 90 27.5184
37 47 20.7635
93 100 98.107
35 45 12.8028
95 100 37.675
74 84 29.4371
11 21 2.2593
61 71 36.3416
76 86 48.5711
13 23 4.0405
67 77 48.6632
32 42 7.0655
6 16 1.1353
7 17 2.3839
12 22 3.0447
16 26 4.0096
63 73 41.7174
72 82 61.5644
78 88 33.4107
94 100 25.7333
68 78 24.3819
24 34 7.6967
6 16 1.2215
32 42 5.4107
94 100 92.1581
55 65 31.6136
47 57 28.7264
44 54 18.4341
98 100 78.684
99 100 97.6104
60 70 16.5088
24 34 4.0425
48 58 27.3226
73 83 37.6333
10 20 1.9746
93 100 36.3199
28 38 4.8806
79 89 51.3831
41 51 23.6848
22 32 5.9346
16 26 3.2346
4 14 0.8737
74 84 31.8773
45 55 12.3721
64 74 41.511
41 51 19.1853
22 32 2.8386
98 100 59.3331
29 39 12.6252
87 97 84.5903
32 42 9.1446
26 36 3.8589
46 56 14.5451
89 99 67.9124
14 24 2.955
22 32 6.2185
99 100 41.2678
70 80 26.4597
88 98 83.6146
60 70 40.0689
51 61 11.7875
62 72 35.7413
46 56 9.3924
12 22 3.4314
63 73 21.3379
86 96 40.484
17 27 2.8659
12 22 1.8654
36 46 9.7831
8 18 1.7187
36 46 20.79
33 43 9.6448
8 18 2.3972
96 100 60.5424
92 100 53.7069
55 65 15.7101
81 91 30.8391
14 24 2.1281
73 83 23.9238
93 100 67.4189
42 52 10.3723
7 17 2.846
35 45 16.1894
89 99 61.0273
38 48 17.4866
100 100 66.1424
65 75 47.4294
56 66 11.9951
36 46 5.8351
45 55 9.0084
54 64 32.7298
84 94 58.6741
14 24 1.852
26 36 5.0765
25 35 4.1372
17 27 6.8875
52 62 33.3275
80 90 35.8202
80 90 45.3953
25 35 6.0354
84 94 24.3789
44 54 7.9727
76 86 65.8532
88 98 38.3446
44 54 11.4996
14 24 1.575
2 12 1.4009
79 89 45.4613
78 88 20.3645
24 34 5.7706
9 19 2.4555
5 15 0.8845
29 39 11.7992
27 37 6.8733
21 31 7.5087
16 26 5.6768
4 14 0.6301
44 54 23.9375
28 38 9.8772
79 89 29.0575
87 97 33.0027
5 15 1.7588
81 91 60.0625
16 26 2.8477
70 80 33.7422
88 98 34.9789
29 39 9.5117
16 26 6.446
39 49 14.8795
24 34 11.1269
37 47 14.555
28 38 10.8874
13 23 3.1375
94 100 62.9452
52 62 37.7967
20 30 7.7824
18 28 2.8893
32 42 16.4211
65 75 46.0946
12 22 2.3768
76 86 45.6787
2 12 0.4363
18 28 5.5951
71 81 20.0015
25 35 7.4496
84 94 42.4817
79 89 23.916
66 76 40.306
33 43 14.861
80 90 42.875
35 45 14.6268
55 65 17.9776
79 89 29.1265
42 52 12.2486
36 46 7.3555
45 55 16.9464
27 37 11.6158
95 100 60.3589
24 34 2.957
48 58 14.2816
10 20 3.8734
20 30 3.4299
69 79 24.1818
79 89 24.5431
85 95 36.8449
92 100 80.5542
79 89 28.0
14 24 2.5469
84 94 67.4402
95 100 50.4569
17 27 2.8588
50 60 34.0799
14 24 2.0472
43 53 12.4665
61 71 25.1532
22 32 5.192
20 30 7.3073
60 70 18.1442
25 35 8.9509
59 69 31.9655
24 34 3.8236
50 60 21.2825
2 12 0.5297
60 70 45.4047
10 20 3.4615
30 40 9.0776
95 100 32.8753
82 92 48.2039
52 62 31.2682
9 19 3.4425
45 55 10.194
2 12 1.0062
86 96 66.9942
45 55 17.6652
88 98 44.4929
50 60 13.6981
56 66 26.1101
43 53 17.9056
20 30 5.4154
11 21 4.1571
19 29 5.3149
7 17 1.3605
41 51 11.1089
29 39 12.7821
79 89 28.5744
59 69 25.7221
61 71 20.0149
98 100 64.8991
90 100 63.1469
76 86 37.1405
69 79 19.1494
13 23 2.9615
42 52 16.0785
61 71 33.7317
70 80 45.4734
49 59 15.0025
61 71 42.4374
26 36 5.9497
46 56 25.3472
65 75 17.6518
31 41 6.5464
9 19 2.5453
17 27 3.8443
26 36 8.8102
72 82 43.6591
67 77 27.814
83 93 44.3103
80 90 44.815
53 63 18.7324
65 75 47.9141
56 66 28.9057
86 96 77.5245
46 56 29.4925
23 33 7.3392
88 98 32.8558
38 48 19.5514
75 85 20.7745
1 11 0.8789
31 41 16.0889
6 16 1.7242
21 31 7.131
2 12 1.2614
76 86 22.6586
19 29 2.7682
99 100 26.638
13 23 1.9811
64 74 50.6602
23 33 4.3585
46 56 17.7814
14 24 5.598
1 11 0.6154
65 75 14.6475
48 58 12.7649
15 25 4.7755
67 77 43.9715
64 74 29.6099
5 15 1.6078
72 82 63.7091
31 41 8.4949
97 100 44.7494
73 83 42.2084
14 24 4.5753
25 35 9.6143
27 37 8.5626
24 34 4.5497
98 100 80.8255
72 82 16.8642
50 60 12.6032
94 100 59.8581
99 100 30.3888
33 43 9.401
22 32 7.7312
1 11 1.1385
46 56 23.0861
39 49 16.253
2 12 1.0835
88 98 46.0186
4 14 1.2012
56 66 29.3569
76 86 56.4933
54 64 14.3338
48 58 16.4138
9 19 3.0339
82 92 25.8654
100 100 88.2641
19 29 3.6688
65 75 25.9764
100 100 47.1887
69 79 35.3395
39 49 14.9901
11 21 3.7307
52 62 19.3081
58 68 32.6258
82 92 49.0448
65 75 29.9045
58 68 16.4138
84 94 54.9481
30 40 7.5999
99 100 43.9768
93 100 72.9897
60 70 20.8109
44 54 13.0986
10 20 2.2783
89 99 40.2146
58 68 28.7628
26 36 8.8417
72 82 44.8257
6 16 0.6902
89 99 75.9843
97 100 64.9765
82 92 68.993
34 44 7.2415
86 96 55.1529
35 45 17.5989
27 37 11.5784
45 55 12.4193
93 100 63.3425
59 69 21.241
5 15 0.9183
9 19 1.7369
19 29 3.6803
72 82 56.2965
49 59 23.1101
89 99 83.9129
16 26 6.1083
68 78 25.1582
14 24 2.8029
39 49 12.8379
85 95 49.5715
13 23 1.4264
95 100 56.9044
21 31 3.7342
70 80 53.949
97 100 45.0335
12 22 1.7303
26 36 7.1701
41 51 16.6415
34 44 12.3925
65 75 30.7071
56 66 32.0231
88 98 48.4263
17 27 3.7253
