100 3056 4.3589
1 11 93.8322
82 92 47.3936
51 61 48.5921
37 47 65.5031
59 69 55.437
82 92 53.8404
87 97 23.1246
51 61 46.8417
57 67 29.7745
99 100 43.7185
23 33 77.6954
94 100 24.0531
76 86 26.0396
23 33 67.7296
9 19 83.0468
84 94 29.0305
80 90 28.4505
32 42 74.0977
58 68 61.2791
29 39 53.1616
12 22 84.1182
70 80 29.3992
53 63 61.0899
2 12 87.2655
86 96 25.2386
38 48 71.8697
16 26 76.7376
15 25 77.8224
41 51 50.3163
71 81 48.6674
80 90 24.7277
47 57 59.5073
44 54 53.7788
71 81 46.9033
77 87 35.0855
28 38 52.1602
6 16 90.6552
20 30 67.8778
93 100 24.8472
43 53 60.5206
81 91 45.2068
14 24 75.2643
41 51 46.8006
28 38 77.7765
72 82 41.4762
19 29 72.6313
86 96 24.5045
6 16 85.0434
7 17 83.9862
100 100 50.2667
74 84 42.9877
18 28 69.776
87 97 32.1183
64 74 42.4439
96 100 40.8858
76 86 45.7314
40 50 52.9256
46 56 53.2769
46 56 45.402
50 60 69.6741
52 62 37.0504
49 59 61.8881
20 30 71.3755
28 38 63.4747
80 90 43.7675
67 77 49.2411
94 100 44.3836
69 79 43.597
37 47 62.3105
55 65 49.9496
51 61 54.4836
89 99 9.8289
7 17 83.0213
69 79 19.9086
50 60 51.4591
41 51 47.6542
82 92 33.7015
31 41 67.5848
77 87 36.3597
94 100 22.3975
98 100 10.3748
73 83 26.0427
58 68 48.3526
46 56 62.8136
22 32 71.2184
77 87 29.8662
10 20 78.2252
88 98 12.1118
33 43 75.537
32 42 63.0309
50 60 58.6051
45 55 58.3543
33 43 49.5109
18 28 82.9666
65 75 30.4307
43 53 57.7129
38 48 41.8933
73 83 34.5474
3 13 87.2692
35 45 63.6277
