100 2891 4.3589
84 94 20.9682
52 62 57.5201
69 79 44.807
16 26 78.3668
2 12 89.1212
52 62 60.078
83 93 10.1621
76 86 38.9588
36 46 54.37
53 63 54.8281
2 12 88.5613
20 30 58.8765
92 100 12.6886
61 71 29.9483
3 13 92.656
88 98 37.8717
67 77 38.7668
88 98 32.8971
21 31 68.2673
37 47 54.5161
81 91 34.6709
78 88 31.6103
98 100 51.5797
51 61 42.1578
10 20 86.1277
16 26 84.0999
39 49 68.7672
22 32 72.0156
29 39 68.5005
55 65 58.5669
17 27 73.277
93 100 24.2763
12 22 78.7
36 46 61.9275
69 79 42.0513
13 23 77.4629
1 11 90.819
40 50 58.0217
26 36 69.234
24 34 72.2126
80 90 14.9815
5 15 87.9694
65 75 56.6271
68 78 38.9825
28 38 68.3764
42 52 45.2189
49 59 33.6829
80 90 44.0007
8 18 79.636
89 99 15.7553
87 97 34.895
10 20 71.4431
47 57 49.91
84 94 35.2052
27 37 78.6077
72 82 56.8938
4 14 88.4521
16 26 86.1537
1 11 86.098
4 14 86.3041
25 35 72.2891
8 18 81.1945
21 31 72.6961
90 100 21.5092
40 50 61.0711
56 66 66.2108
79 89 27.736
96 100 25.7384
22 32 73.2222
46 56 43.6049
88 98 40.2095
73 83 52.8456
18 28 64.197
55 65 33.8491
4 14 88.2773
14 24 75.5422
88 98 42.4035
75 85 46.2155
98 100 17.9284
32 42 62.4542
35 45 58.3452
56 66 42.8148
74 84 40.7286
26 36 67.9586
86 96 27.2933
39 49 47.1502
100 100 34.8183
79 89 25.2315
2 12 88.3506
58 68 45.9548
95 100 35.9712
25 35 75.129
99 100 15.1368
49 59 60.8806
80 90 41.4517
68 78 33.6632
81 91 49.6912
14 24 73.9462
33 43 76.7394
28 38 66.7179
