900 26909 9.9499
13 23 79.9808
40 50 45.8627
76 86 38.1245
76 86 23.7783
43 53 56.722
7 17 83.8305
3 13 90.1702
51 61 48.2942
64 74 54.8222
21 31 77.2149
18 28 79.0819
6 16 86.1073
30 40 71.768
85 95 24.999
52 62 57.9897
63 73 58.3116
9 19 79.9111
49 59 51.4046
95 100 27.8478
13 23 84.1146
86 96 49.7885
40 50 61.2025
90 100 14.6858
100 100 30.1522
31 41 67.5914
55 65 58.194
19 29 77.236
21 31 77.9795
75 85 23.5739
55 65 34.6391
15 25 80.0631
3 13 85.4146
55 65 53.5151
9 19 82.2558
19 29 67.8613
90 100 16.0913
88 98 22.5502
30 40 52.036
80 90 18.5442
48 58 66.3573
25 35 58.1284
8 18 84.7781
48 58 63.3696
81 91 44.3583
14 24 85.3739
15 25 81.8554
20 30 82.2613
40 50 43.2083
34 44 67.2285
65 75 23.5215
27 37 70.8291
22 32 78.977
48 58 68.3532
68 78 44.5076
6 16 87.5665
85 95 7.579
49 59 59.3285
86 96 28.4185
98 100 18.0056
70 80 47.4845
54 64 61.334
85 95 21.8762
41 51 41.7949
93 100 46.3094
15 25 82.2395
55 65 40.136
28 38 68.5551
56 66 33.1361
47 57 54.6579
12 22 81.0684
98 100 27.8161
2 12 87.3814
41 51 60.5144
50 60 52.8689
70 80 54.5279
7 17 84.9494
71 81 14.5024
98 100 27.9492
18 28 78.5616
49 59 58.7844
90 100 26.28
61 71 46.4292
12 22 82.4137
39 49 62.3152
56 66 39.2314
71 81 21.3638
55 65 59.2777
84 94 54.339
39 49 60.8447
1 11 90.9029
42 52 65.6586
25 35 57.0554
49 59 57.317
41 51 60.7215
5 15 89.7358
45 55 63.4444
36 46 60.8462
28 38 53.5809
29 39 78.3172
55 65 39.5792
37 47 59.0054
14 24 82.4736
44 54 68.1533
39 49 43.4202
14 24 67.6112
91 100 34.784
14 24 84.5627
53 63 25.2225
87 97 23.0899
16 26 77.2676
66 76 51.3071
74 84 37.8693
23 33 75.4588
73 83 44.9771
100 100 32.5698
23 33 81.272
24 34 75.6048
24 34 67.2859
99 100 42.4022
50 60 66.5089
85 95 29.6742
35 45 61.6037
29 39 64.7945
47 57 41.1022
33 43 50.3206
89 99 32.4319
12 22 78.7426
34 44 57.5519
51 61 67.7115
18 28 73.4466
100 100 19.8666
48 58 55.6516
12 22 76.0419
55 65 34.6721
36 46 73.7434
53 63 36.6727
17 27 72.9999
99 100 37.5818
40 50 52.4799
60 70 39.4736
76 86 33.834
18 28 81.4037
9 19 86.5012
5 15 85.7272
65 75 56.5715
46 56 39.6522
53 63 69.244
90 100 33.0522
85 95 39.0988
53 63 63.7714
39 49 62.2205
39 49 58.8811
81 91 22.9182
50 60 32.9201
62 72 41.0445
61 71 49.7279
54 64 31.1487
39 49 54.9081
59 69 38.4226
8 18 80.8723
37 47 67.081
35 45 70.1875
86 96 38.7257
28 38 67.1957
58 68 41.7471
81 91 44.8337
42 52 61.6256
24 34 81.3676
15 25 73.8826
100 100 48.7358
70 80 25.6877
14 24 76.643
64 74 55.2658
84 94 51.4993
14 24 77.3555
66 76 30.2566
52 62 52.8674
98 100 35.5741
43 53 41.1304
45 55 72.6279
33 43 62.0078
6 16 85.4367
41 51 44.9838
66 76 25.4359
11 21 79.226
34 44 68.6992
14 24 85.204
58 68 37.1807
49 59 47.9806
4 14 86.5681
11 21 80.2243
90 100 15.8563
16 26 75.3476
16 26 80.955
49 59 40.098
68 78 42.2825
45 55 69.8863
21 31 69.1891
53 63 50.4057
23 33 72.9863
94 100 42.124
98 100 38.6884
62 72 45.86
50 60 61.057
12 22 81.4344
13 23 81.6638
2 12 86.4286
35 45 58.2154
71 81 25.3401
95 100 20.81
89 99 36.0889
49 59 41.4221
8 18 75.5404
9 19 82.5608
71 81 45.0577
11 21 81.4795
99 100 37.8668
39 49 69.6824
28 38 60.667
93 100 28.5455
67 77 50.981
4 14 84.2449
57 67 27.9883
90 100 34.136
33 43 58.0187
92 100 31.8615
67 77 56.3746
34 44 59.0454
94 100 43.7582
91 100 16.2683
77 87 41.6438
82 92 35.5681
39 49 62.1243
52 62 46.7487
5 15 82.6736
14 24 77.0761
13 23 72.4746
84 94 20.5019
17 27 78.5865
90 100 29.9647
17 27 68.3979
70 80 46.9211
46 56 55.437
46 56 59.9649
80 90 20.9215
59 69 47.2106
19 29 77.9848
95 100 14.6812
5 15 81.3676
41 51 43.2135
60 70 36.3971
14 24 69.4756
75 85 23.9757
69 79 55.092
7 17 79.1353
30 40 64.7462
72 82 29.7352
59 69 53.3221
55 65 44.3849
96 100 33.1223
16 26 80.6404
86 96 38.043
2 12 88.8476
34 44 61.2541
71 81 35.7472
18 28 70.8122
30 40 71.242
1 11 90.6513
66 76 56.0147
50 60 38.4474
10 20 87.0526
59 69 58.1711
32 42 53.0625
73 83 28.9422
82 92 25.3271
18 28 81.8102
27 37 74.3268
25 35 60.6078
77 87 38.5331
56 66 59.2915
49 59 65.4416
8 18 87.1796
80 90 25.4218
29 39 59.7792
31 41 64.4359
39 49 55.4876
61 71 53.6175
29 39 65.6051
42 52 41.5638
27 37 56.6964
49 59 56.728
72 82 18.3998
2 12 83.7335
95 100 19.6675
55 65 43.6406
64 74 25.6775
45 55 36.4671
15 25 85.7661
40 50 65.4077
44 54 62.1527
100 100 53.1703
58 68 47.8062
41 51 58.9747
85 95 32.2817
76 86 39.7593
2 12 85.361
12 22 70.8257
12 22 78.1739
82 92 39.4032
28 38 66.986
64 74 31.5249
18 28 77.7025
94 100 33.6655
32 42 50.1774
46 56 65.9198
95 100 20.9105
57 67 44.6919
80 90 19.5612
55 65 48.1803
5 15 91.1108
21 31 70.419
60 70 52.3279
47 57 42.9523
49 59 43.2254
80 90 29.9111
14 24 67.3007
29 39 58.8995
12 22 80.7141
89 99 45.1436
100 100 37.4336
3 13 85.4349
4 14 88.4521
70 80 43.8469
96 100 48.6967
96 100 36.5602
41 51 56.2245
23 33 70.952
68 78 21.1885
9 19 83.1653
65 75 19.2633
2 12 84.7394
36 46 58.3864
91 100 39.7202
84 94 13.6191
10 20 78.9877
81 91 29.5055
87 97 30.8058
64 74 48.733
45 55 43.8668
30 40 65.0765
2 12 88.7025
8 18 86.124
48 58 53.8448
97 100 38.8316
36 46 56.7973
51 61 70.0234
84 94 25.5257
73 83 45.5369
96 100 26.1407
30 40 60.4444
85 95 34.9116
53 63 50.5606
83 93 27.0608
82 92 25.7627
37 47 69.0661
38 48 69.0977
87 97 37.6677
23 33 74.4665
99 100 26.4114
64 74 39.4409
33 43 73.7331
8 18 86.1704
3 13 83.4683
83 93 17.2408
19 29 62.9119
46 56 39.9715
13 23 82.4101
51 61 50.75
89 99 26.5277
54 64 52.6553
43 53 55.0
45 55 39.2189
64 74 51.7162
8 18 84.0192
64 74 29.0187
74 84 41.8596
48 58 38.4239
95 100 16.6456
44 54 56.722
21 31 70.4962
32 42 64.1681
80 90 37.8668
42 52 64.5869
73 83 38.1442
88 98 45.0671
84 94 20.7189
41 51 55.7426
56 66 49.0406
97 100 13.8607
37 47 71.6816
78 88 27.5625
87 97 42.6109
56 66 53.3586
77 87 31.9383
54 64 47.4942
47 57 56.0103
97 100 11.8494
83 93 40.0056
60 70 43.9092
13 23 82.0691
49 59 46.7432
43 53 68.0658
45 55 51.5438
65 75 38.466
96 100 42.0838
41 51 41.0176
32 42 56.1421
69 79 16.0424
37 47 61.7293
31 41 66.7048
27 37 70.6928
32 42 73.3113
84 94 34.5626
83 93 45.6489
71 81 14.8541
61 71 47.3151
96 100 43.835
17 27 69.7359
82 92 12.2521
93 100 24.7994
22 32 69.8277
38 48 55.9399
79 89 35.2147
73 83 21.5547
65 75 37.8816
97 100 47.9681
47 57 46.4865
67 77 38.4735
21 31 78.0873
77 87 42.526
89 99 33.4176
74 84 41.7872
61 71 43.1741
11 21 80.4753
70 80 48.0
73 83 30.3877
37 47 45.0671
88 98 47.5134
24 34 70.4979
12 22 78.9894
76 86 39.2327
85 95 6.8854
64 74 34.1231
38 48 62.2363
7 17 79.7788
70 80 32.4535
44 54 60.6981
12 22 87.4506
41 51 63.1818
20 30 60.9087
45 55 68.6644
91 100 20.5635
14 24 74.8017
3 13 86.799
68 78 42.1214
29 39 67.7477
48 58 46.1082
56 66 45.7314
18 28 83.3733
4 14 91.3955
92 100 31.425
42 52 59.093
47 57 43.4189
58 68 44.7962
83 93 34.8608
82 92 18.2919
33 43 61.7466
70 80 37.4055
99 100 29.0456
43 53 68.1533
87 97 46.5206
31 41 77.8524
36 46 55.765
46 56 55.1455
21 31 70.2328
64 74 50.8355
74 84 24.7486
54 64 34.444
53 63 54.1313
15 25 78.81
21 31 81.1098
28 38 80.3856
15 25 80.759
15 25 87.6957
29 39 52.14
14 24 78.0996
59 69 43.2556
1 11 88.298
96 100 17.5067
39 49 56.3265
24 34 67.0466
99 100 9.9257
8 18 79.7003
94 100 38.7519
4 14 85.6495
20 30 64.8685
92 100 32.2806
72 82 40.841
16 26 77.2448
41 51 42.4413
29 39 58.0979
7 17 81.4524
81 91 50.3504
32 42 62.557
77 87 42.7428
51 61 42.5117
79 89 32.2261
38 48 63.2995
62 72 56.1091
70 80 45.2243
33 43 67.8465
98 100 42.9353
45 55 38.5206
19 29 64.4729
55 65 61.7985
89 99 22.0853
74 84 33.9924
6 16 85.7846
51 61 61.3073
62 72 53.4039
40 50 50.1717
30 40 66.3687
76 86 50.6431
2 12 84.3018
86 96 10.1188
72 82 42.2383
31 41 69.9348
61 71 35.8454
51 61 67.4189
99 100 31.9474
51 61 63.3202
10 20 88.8853
47 57 45.6976
52 62 55.4906
52 62 32.8043
68 78 35.1578
22 32 79.3168
92 100 31.1677
28 38 62.6251
43 53 60.9695
53 63 41.6154
40 50 66.1018
53 63 41.2652
57 67 43.4321
98 100 47.5603
76 86 52.712
3 13 92.3963
71 81 22.32
44 54 59.7189
32 42 75.7405
66 76 27.3728
47 57 57.8695
35 45 52.14
37 47 64.6111
41 51 48.2914
51 61 63.0452
26 36 69.2707
63 73 46.4592
36 46 67.2679
91 100 23.2257
43 53 37.6971
44 54 46.7993
20 30 64.0864
67 77 40.7274
30 40 61.1149
81 91 16.8929
99 100 39.5037
33 43 58.9916
44 54 64.3717
96 100 17.4198
47 57 39.3217
52 62 58.8473
49 59 46.9993
75 85 31.9847
67 77 49.8295
68 78 43.09
42 52 59.889
4 14 87.7501
55 65 51.2255
30 40 69.9682
77 87 26.3282
67 77 60.3853
75 85 31.123
48 58 43.3122
6 16 79.1869
3 13 90.2652
99 100 16.7346
31 41 62.29
18 28 73.3078
55 65 48.0277
36 46 43.7979
97 100 21.3296
45 55 57.2428
31 41 54.9541
6 16 81.7397
64 74 44.5036
15 25 85.156
46 56 52.1674
41 51 50.8112
82 92 36.588
12 22 83.7884
79 89 25.1232
14 24 77.5879
40 50 58.1513
32 42 62.0188
68 78 17.6618
78 88 16.8962
56 66 42.4283
78 88 32.9063
28 38 64.4681
43 53 49.7406
51 61 40.9395
79 89 26.4494
80 90 34.7616
17 27 63.1167
27 37 77.2307
5 15 79.3008
36 46 47.1845
38 48 58.7614
23 33 63.9376
64 74 26.9756
29 39 68.1203
59 69 52.2093
1 11 86.6649
24 34 56.57
24 34 59.2885
72 82 21.0956
57 67 39.5251
96 100 14.182
29 39 69.8796
39 49 52.4886
40 50 49.5658
69 79 46.7856
1 11 88.597
58 68 54.5367
96 100 30.3932
50 60 57.9106
41 51 53.5048
8 18 87.2487
100 100 29.3916
95 100 5.2698
77 87 21.7128
60 70 41.3153
85 95 33.6841
42 52 53.2725
53 63 36.1526
67 77 45.0953
82 92 49.2172
37 47 48.4959
58 68 58.0553
64 74 33.6887
29 39 52.9504
58 68 39.2953
22 32 63.4938
97 100 10.9191
39 49 67.0876
1 11 93.8225
33 43 61.1196
32 42 57.2459
88 98 17.2748
69 79 30.5964
22 32 68.1797
17 27 78.2836
93 100 39.907
52 62 46.8061
91 100 38.4834
23 33 68.3764
88 98 31.1174
29 39 76.274
50 60 62.1039
82 92 32.2034
83 93 37.1832
100 100 42.6709
83 93 47.2409
33 43 52.7163
86 96 25.1322
11 21 69.8311
71 81 15.1812
27 37 76.0454
30 40 53.42
34 44 65.5695
31 41 64.0928
49 59 46.8294
1 11 86.4323
7 17 86.0071
97 100 18.9948
78 88 39.9664
13 23 81.6439
42 52 49.4181
73 83 19.0567
79 89 15.8102
68 78 54.7245
55 65 36.4925
38 48 44.7896
7 17 79.6842
18 28 65.85
41 51 56.995
55 65 31.8457
81 91 42.483
66 76 24.3621
63 73 31.3533
11 21 72.6108
36 46 71.5141
20 30 65.6424
26 36 57.7387
13 23 69.6157
10 20 78.9503
100 100 37.3834
41 51 40.1234
81 91 24.8542
43 53 67.621
62 72 40.306
16 26 67.6227
71 81 51.7522
77 87 44.4769
20 30 77.9936
62 72 33.6992
3 13 86.6854
82 92 40.5552
8 18 85.2945
79 89 19.2782
94 100 17.449
30 40 57.76
46 56 48.1789
37 47 72.558
56 66 43.6062
3 13 92.6291
77 87 25.8857
86 96 39.5729
92 100 44.3223
59 69 51.7177
49 59 54.1254
46 56 48.9384
26 36 60.8166
85 95 43.1702
76 86 57.9334
47 57 60.4724
43 53 42.7899
7 17 78.1191
87 97 37.3773
47 57 39.9298
1 11 89.7434
87 97 37.1539
25 35 81.8554
34 44 67.1449
95 100 36.8886
92 100 50.8868
59 69 49.57
56 66 42.4061
63 73 42.9772
46 56 57.8938
76 86 42.4491
39 49 56.0612
44 54 50.1151
97 100 27.1222
65 75 25.7374
100 100 23.327
38 48 64.8395
77 87 33.1799
5 15 79.4701
18 28 79.3507
8 18 84.8259
29 39 74.3906
59 69 37.8188
79 89 16.3604
69 79 58.1559
99 100 23.1371
74 84 26.0039
58 68 38.1603
75 85 51.7939
4 14 87.0713
25 35 64.8041
27 37 68.5534
35 45 53.748
83 93 16.6864
5 15 88.874
87 97 11.0264
36 46 61.5801
50 60 50.0287
42 52 63.3775
67 77 39.8136
28 38 65.2864
73 83 49.1724
42 52 67.7033
22 32 77.84
81 91 29.9198
15 25 85.655
94 100 23.6809
2 12 89.6582
90 100 29.2032
81 91 17.279
98 100 32.1977
7 17 78.411
17 27 81.9351
38 48 52.7207
47 57 60.3962
45 55 49.4561
56 66 32.4626
44 54 58.1742
79 89 36.5553
76 86 27.7919
94 100 20.6098
27 37 65.8776
17 27 70.216
8 18 81.9677
16 26 78.6184
75 85 42.0267
96 100 30.0808
10 20 86.8307
99 100 33.4963
57 67 42.1266
64 74 43.8337
54 64 27.4807
29 39 65.1346
55 65 60.2192
49 59 41.7174
23 33 81.0288
96 100 22.9997
12 22 73.4672
82 92 38.3433
21 31 74.0064
35 45 58.0004
73 83 31.2716
90 100 45.1329
5 15 89.9216
74 84 46.0322
42 52 41.6619
13 23 70.7567
20 30 82.0329
38 48 44.3596
100 100 21.3758
53 63 52.5103
62 72 22.0581
11 21 71.7646
100 100 15.3147
100 100 21.616
2 12 89.6089
87 97 51.7234
42 52 75.0684
25 35 65.508
63 73 38.2159
81 91 31.1866
70 80 43.0375
84 94 41.7691
30 40 64.4616
46 56 50.2412
28 38 71.6274
53 63 59.2731
95 100 12.4207
69 79 22.9556
32 42 73.8122
60 70 56.9089
42 52 43.4597
39 49 73.2
51 61 50.797
89 99 19.7456
69 79 58.3834
82 92 35.8729
68 78 29.957
71 81 39.3079
51 61 44.3156
94 100 34.2354
88 98 41.4067
47 57 42.0163
34 44 59.133
34 44 63.4141
66 76 21.998
25 35 76.5835
57 67 59.9153
85 95 30.5477
95 100 37.4936
83 93 17.2358
78 88 29.4502
69 79 46.3461
72 82 35.1732
1 11 87.0079
79 89 16.9447
70 80 48.712
63 73 47.8615
63 73 43.9529
97 100 20.2797
21 31 77.2149
79 89 32.8948
37 47 66.7113
69 79 30.172
33 43 60.8852
79 89 15.3131
82 92 27.9566
19 29 76.0803
66 76 18.6538
