400 11741 4.3589
65 75 45.8749
43 53 55.3819
87 97 51.8443
22 32 69.5089
90 100 13.9711
65 75 47.3275
99 100 12.4341
45 55 57.32
14 24 77.1147
3 13 86.9538
58 68 44.3156
45 55 49.1079
92 100 13.3985
61 71 44.9906
12 22 84.188
10 20 82.6445
29 39 67.5881
63 73 41.1471
9 19 86.3152
15 25 81.7343
43 53 38.1627
41 51 52.0086
28 38 72.495
46 56 40.7631
38 48 43.6987
91 100 50.8783
1 11 93.5398
26 36 69.0478
31 41 47.8546
85 95 42.4765
66 76 36.617
35 45 74.4924
6 16 83.1106
99 100 37.1807
28 38 55.1232
48 58 40.0271
37 47 60.9633
64 74 43.5706
40 50 68.676
1 11 89.8552
23 33 71.4008
66 76 47.8919
3 13 88.9192
86 96 42.8108
48 58 40.0841
42 52 45.6706
39 49 54.2432
76 86 28.568
12 22 81.7126
16 26 66.2547
83 93 35.0523
30 40 61.5519
56 66 40.4903
22 32 61.9558
75 85 35.499
29 39 67.1761
22 32 69.7993
87 97 34.0939
42 52 60.171
17 27 75.9303
10 20 84.8609
17 27 78.5705
43 53 71.0531
60 70 25.4954
38 48 44.9088
48 58 68.739
82 92 50.0853
84 94 40.5234
47 57 66.7799
9 19 84.0907
53 63 35.2812
81 91 15.8635
83 93 21.3795
92 100 37.512
58 68 51.5912
2 12 92.479
62 72 27.3728
93 100 4.783
55 65 36.6994
73 83 54.6446
100 100 24.1169
57 67 51.4548
4 14 86.8177
58 68 50.1052
33 43 69.2074
45 55 50.1349
30 40 61.7073
78 88 28.8638
35 45 70.2864
72 82 39.9917
65 75 46.9211
2 12 89.3271
77 87 31.1766
28 38 54.7748
75 85 33.9971
100 100 20.79
48 58 41.6632
81 91 46.2931
7 17 88.6761
47 57 56.9466
98 100 28.1186
37 47 47.6901
77 87 37.3284
35 45 67.5421
86 96 28.4196
17 27 66.0026
45 55 70.0318
39 49 56.6723
53 63 33.0142
7 17 87.9469
10 20 84.7173
61 71 54.096
55 65 33.3911
47 57 59.8503
23 33 71.0261
53 63 53.8257
22 32 73.1008
45 55 43.3003
9 19 82.4173
80 90 14.8726
20 30 67.1154
12 22 75.2018
58 68 42.8122
48 58 44.7896
96 100 51.9812
67 77 28.9218
66 76 40.9651
84 94 16.6431
46 56 59.5613
1 11 90.0753
42 52 53.0756
87 97 29.4013
20 30 65.6635
89 99 11.5328
6 16 85.1652
51 61 58.1132
23 33 71.4228
85 95 26.7827
80 90 49.7575
90 100 29.5664
69 79 30.7947
58 68 41.826
2 12 84.5738
18 28 83.8195
47 57 63.5145
94 100 31.9078
65 75 37.1222
50 60 54.1873
11 21 83.1525
26 36 62.5396
64 74 48.8783
19 29 79.1531
100 100 5.5814
72 82 17.0602
42 52 43.831
55 65 52.14
81 91 18.748
17 27 78.3243
72 82 40.0752
55 65 53.1354
43 53 55.8652
25 35 68.2755
9 19 84.7965
65 75 34.4041
85 95 26.605
92 100 52.548
75 85 24.4936
5 15 89.0626
7 17 78.8331
87 97 19.6444
75 85 22.7701
28 38 55.7217
89 99 18.7463
77 87 33.4963
52 62 53.5165
13 23 69.3389
88 98 34.4053
65 75 38.2381
33 43 65.949
62 72 47.8712
79 89 17.0198
91 100 39.1663
42 52 64.9749
66 76 19.251
91 100 19.7118
73 83 47.1269
70 80 41.48
34 44 72.9333
68 78 32.4262
13 23 82.9156
50 60 43.8072
19 29 78.0837
59 69 48.4639
53 63 51.0553
92 100 18.9051
10 20 76.482
44 54 48.4179
78 88 50.8141
92 100 14.0273
72 82 40.8538
41 51 47.2629
44 54 58.0964
98 100 31.19
46 56 59.4379
55 65 57.6992
78 88 50.8954
68 78 43.7992
3 13 89.4046
2 12 90.212
47 57 64.4504
40 50 63.3966
81 91 36.1273
51 61 42.5287
15 25 82.6936
51 61 55.309
38 48 62.44
74 84 52.2584
70 80 43.7318
21 31 66.7898
54 64 31.7431
70 80 38.1776
70 80 23.412
16 26 79.0748
34 44 72.7711
65 75 31.5968
7 17 80.9622
59 69 24.6214
86 96 31.3096
15 25 82.759
39 49 56.9965
30 40 49.07
50 60 62.527
22 32 71.6867
88 98 24.5233
89 99 20.8447
72 82 47.9169
66 76 28.3503
67 77 42.6383
5 15 86.0702
3 13 90.2481
44 54 62.6187
4 14 89.8041
85 95 9.77
3 13 85.5514
95 100 30.5002
42 52 71.6596
62 72 48.1886
35 45 70.4962
3 13 89.1306
34 44 65.4983
73 83 32.9533
35 45 63.3823
36 46 74.8277
40 50 64.0832
94 100 37.7414
37 47 66.0108
3 13 84.4524
6 16 80.8992
1 11 91.4108
30 40 64.4825
95 100 38.3793
46 56 50.3773
11 21 83.631
45 55 38.3842
30 40 70.7029
91 100 30.5256
56 66 53.9108
39 49 53.3323
37 47 70.0586
22 32 76.9287
33 43 78.0201
99 100 45.4613
36 46 53.1674
25 35 65.4724
19 29 66.4535
63 73 41.3218
12 22 78.0678
62 72 44.075
2 12 85.8421
63 73 48.4653
48 58 33.3772
52 62 45.4775
10 20 83.6201
85 95 37.8742
97 100 21.8987
92 100 33.7166
38 48 64.6464
49 59 37.6947
81 91 30.706
24 34 70.206
36 46 56.8214
51 61 41.8389
5 15 91.451
81 91 34.2951
51 61 43.6207
100 100 44.5917
55 65 51.0582
58 68 28.9229
12 22 80.2673
65 75 51.2484
13 23 81.6565
41 51 65.3608
94 100 26.4083
41 51 64.497
31 41 71.79
39 49 50.2199
62 72 44.1228
91 100 33.4674
82 92 46.7569
14 24 82.8118
54 64 62.391
91 100 5.5569
27 37 73.7503
27 37 68.0642
9 19 76.7867
21 31 68.2987
41 51 43.7543
21 31 72.6245
31 41 47.3908
2 12 86.7078
88 98 15.448
14 24 69.7609
5 15 85.5255
72 82 56.187
26 36 80.4645
57 67 45.8789
84 94 56.0507
18 28 71.9189
63 73 59.2607
2 12 90.7733
60 70 64.1553
47 57 47.2588
87 97 36.64
93 100 23.4421
100 100 27.1118
89 99 12.8357
41 51 48.3081
37 47 60.801
1 11 88.6554
98 100 14.0505
72 82 38.9002
31 41 61.007
26 36 74.3251
53 63 63.4715
42 52 53.4697
79 89 33.4604
37 47 53.6263
78 88 31.1386
92 100 36.9239
59 69 41.1497
36 46 66.2091
40 50 68.3069
46 56 56.4362
61 71 56.3415
42 52 61.1243
24 34 60.171
45 55 54.7511
26 36 58.6082
93 100 20.0516
8 18 87.6096
67 77 27.1879
56 66 54.917
49 59 57.0297
8 18 75.1741
14 24 81.9278
13 23 77.8771
33 43 61.3496
7 17 76.8042
89 99 9.5388
93 100 28.3194
66 76 38.7008
43 53 41.6774
95 100 20.7681
66 76 35.6958
27 37 76.82
89 99 11.4691
34 44 60.7308
65 75 63.7986
66 76 23.4808
11 21 77.6038
75 85 19.9398
95 100 34.1792
87 97 19.616
60 70 52.1486
26 36 64.7285
51 61 70.7937
15 25 71.2572
99 100 37.5095
38 48 61.6398
71 81 24.3829
55 65 56.4888
49 59 54.3936
10 20 83.3916
29 39 57.1823
46 56 46.5492
48 58 56.337
74 84 48.2025
68 78 31.2358
55 65 29.2021
10 20 75.2313
