100 3246 4.3589
2 12 1.0406
44 54 22.8713
73 83 50.5805
40 50 23.2507
80 90 62.1685
45 55 19.5647
24 34 5.2235
33 43 13.499
59 69 35.5848
40 50 11.2735
91 100 35.5705
76 86 20.8712
50 60 22.6005
29 39 9.6559
74 84 32.9556
29 39 11.4447
47 57 27.239
56 66 42.5039
80 90 61.043
85 95 27.5037
100 100 30.487
36 46 9.3257
71 81 64.5902
70 80 26.7268
68 78 45.3643
54 64 36.8048
49 59 27.7676
45 55 8.9706
79 89 76.6045
58 68 24.8323
71 81 58.7032
69 79 38.4921
44 54 8.9652
82 92 60.6078
51 61 23.9454
66 76 51.8112
72 82 45.0281
59 69 27.9904
35 45 7.0708
26 36 5.616
5 15 1.7935
56 66 14.61
63 73 16.9192
15 25 5.0765
67 77 29.7385
37 47 6.8807
56 66 31.4384
84 94 87.8963
2 12 0.6818
19 29 8.2157
42 52 11.824
72 82 17.8346
73 83 29.5425
78 88 34.678
52 62 11.0476
58 68 22.9259
78 88 71.4769
67 77 47.1076
21 31 3.3867
54 64 22.3805
35 45 7.412
60 70 18.5563
20 30 3.5528
89 99 93.9562
53 63 38.3285
16 26 3.0387
52 62 32.1285
98 100 52.2237
14 24 4.5288
25 35 5.9682
53 63 32.6967
75 85 66.7734
92 100 97.5275
95 100 88.5462
28 38 3.951
57 67 20.7936
26 36 3.7547
4 14 0.5223
68 78 18.6754
22 32 3.2515
15 25 2.7809
66 76 36.3814
72 82 30.2159
16 26 2.8375
76 86 29.2616
44 54 7.9699
80 90 24.7059
79 89 37.337
84 94 86.7655
63 73 33.1569
86 96 42.2058
77 87 66.5383
69 79 19.5974
73 83 30.3348
75 85 46.3434
71 81 25.1572
70 80 34.0169
13 23 2.4246
100 100 33.4373
56 66 36.9883
