100 2918 4.3589
83 93 16.9967
51 61 52.7149
65 75 46.2903
56 66 39.7051
3 13 87.5048
66 76 25.1783
31 41 55.5696
65 75 24.936
9 19 87.6227
75 85 17.2092
90 100 27.6339
54 64 40.9382
5 15 88.4446
43 53 45.7287
92 100 35.1851
52 62 52.1818
78 88 27.5079
59 69 41.1959
53 63 34.6368
75 85 55.431
13 23 73.5649
1 11 86.9351
18 28 79.6074
82 92 18.1996
21 31 79.6806
11 21 81.559
57 67 57.3004
45 55 61.7875
72 82 22.9949
67 77 22.8771
88 98 33.0982
16 26 83.589
34 44 49.0588
95 100 11.7251
6 16 79.1477
12 22 76.7569
73 83 26.9081
44 54 51.0953
54 64 43.7066
68 78 36.981
5 15 91.0898
65 75 25.3683
94 100 39.3104
45 55 54.1681
7 17 88.3299
99 100 27.715
79 89 35.3276
24 34 67.2039
50 60 55.3432
12 22 83.1416
1 11 92.2022
87 97 27.6276
88 98 37.0893
9 19 86.3877
58 68 32.3113
58 68 40.3708
58 68 53.3163
11 21 84.675
15 25 80.973
76 86 14.9212
49 59 36.1802
89 99 8.3048
15 25 80.3497
91 100 31.1565
20 30 76.8094
78 88 20.304
89 99 22.9853
45 55 67.5306
32 42 61.497
91 100 23.0996
90 100 32.1138
90 100 22.1493
85 95 37.3883
12 22 81.3315
26 36 55.9474
4 14 81.2216
53 63 60.7776
80 90 34.8419
60 70 49.2692
48 58 67.8218
24 34 72.7507
28 38 54.4024
13 23 69.3889
18 28 71.9257
64 74 61.464
17 27 84.8591
85 95 14.9661
36 46 55.7591
10 20 73.625
13 23 75.2591
74 84 34.0531
62 72 54.9348
30 40 76.7306
100 100 17.5377
50 60 49.22
13 23 73.9669
35 45 58.1391
70 80 35.8059
6 16 84.3238
51 61 31.8446
