100 2884 4.3589
46 56 26.2585
30 40 12.1899
76 86 68.8253
69 79 18.8782
16 26 2.8285
43 53 10.9065
61 71 24.4155
53 63 12.3707
38 48 22.2293
32 42 11.0397
25 35 8.8292
38 48 17.0842
56 66 15.6286
33 43 5.2914
47 57 14.2348
4 14 0.9411
36 46 8.3694
76 86 36.0012
79 89 60.4304
97 100 73.7314
48 58 9.8684
49 59 31.7206
75 85 31.3096
16 26 6.7351
72 82 21.5547
54 64 20.9471
51 61 18.7177
30 40 14.851
99 100 33.3321
32 42 12.0423
27 37 9.7519
26 36 7.4393
45 55 14.8171
94 100 65.0636
10 20 3.059
25 35 4.8071
3 13 0.4608
81 91 76.1501
5 15 1.0652
46 56 18.7203
46 56 19.8328
14 24 3.6172
1 11 0.551
100 100 63.6118
48 58 12.0007
4 14 0.5057
93 100 31.9202
54 64 16.8313
53 63 28.6664
6 16 0.8
66 76 42.6905
86 96 54.4201
29 39 6.9987
74 84 20.1439
31 41 5.6402
68 78 27.7086
24 34 8.1527
80 90 54.0431
90 100 30.4185
82 92 68.1483
71 81 25.5267
16 26 4.8978
13 23 1.7035
68 78 18.7784
95 100 87.006
43 53 26.3528
74 84 31.0606
41 51 10.8366
4 14 1.2452
25 35 9.0457
94 100 69.6173
57 67 22.4363
57 67 27.7107
60 70 48.8042
98 100 29.7167
10 20 2.2955
80 90 72.5853
4 14 1.7838
10 20 2.7093
77 87 61.896
16 26 2.5828
2 12 1.2372
56 66 18.1723
59 69 39.2866
16 26 2.0932
91 100 31.2582
78 88 35.7664
7 17 1.9497
67 77 48.9174
31 41 5.5876
25 35 9.6684
34 44 16.04
84 94 56.0462
26 36 5.4187
20 30 6.7985
63 73 17.5863
86 96 37.1381
96 100 73.1247
76 86 60.2564
4 14 1.5314
