100 2982 9.9499
20 30 73.8036
82 92 36.3633
67 77 42.6278
91 100 20.7763
93 100 18.3724
75 85 29.9942
72 82 27.7002
39 49 41.7807
44 54 57.0856
49 59 42.1993
38 48 56.6271
72 82 54.1196
21 31 62.1716
11 21 84.7707
87 97 35.6552
73 83 33.0315
93 100 28.9401
85 95 12.5019
97 100 9.7619
1 11 91.2216
62 72 52.0375
52 62 58.1971
35 45 74.7793
43 53 55.3849
52 62 58.3192
17 27 71.7511
30 40 73.2205
85 95 20.3329
28 38 54.7304
19 29 76.3422
65 75 24.5391
21 31 73.2034
43 53 67.9503
64 74 49.1289
99 100 37.2808
1 11 93.0067
67 77 25.07
22 32 62.6726
92 100 25.4944
39 49 44.1906
44 54 52.4625
11 21 85.3425
59 69 51.1883
48 58 40.1449
27 37 55.6412
98 100 18.1093
27 37 71.4312
6 16 82.4537
5 15 79.761
31 41 61.1071
13 23 79.2919
37 47 66.7701
9 19 83.5469
83 93 11.3502
71 81 41.3565
58 68 41.3359
99 100 17.49
61 71 38.6063
66 76 56.3085
10 20 78.388
33 43 52.3597
3 13 92.3656
64 74 40.8334
56 66 64.0096
68 78 50.535
98 100 10.5404
3 13 91.1796
78 88 52.8791
86 96 29.2573
40 50 64.1777
25 35 78.8988
94 100 26.8739
90 100 41.6864
92 100 45.2579
41 51 59.0116
66 76 57.7615
31 41 60.6841
85 95 17.4298
24 34 65.1491
61 71 58.1818
44 54 68.3648
75 85 27.8415
7 17 85.3924
10 20 79.089
20 30 67.575
29 39 76.5748
8 18 86.7357
19 29 82.5499
17 27 77.0199
49 59 55.9938
71 81 29.0543
72 82 54.9481
12 22 80.6763
78 88 50.6503
77 87 30.7703
59 69 47.4225
32 42 65.6845
100 100 22.1596
45 55 66.7228
59 69 57.6688
