100 2960 9.9499
47 57 29.2421
47 57 19.1643
42 52 16.8633
60 70 38.9426
1 11 0.4281
6 16 2.275
53 63 31.6001
81 91 38.1566
93 100 76.6238
36 46 18.3355
29 39 4.0164
13 23 3.9844
36 46 10.6785
85 95 51.8846
34 44 9.3844
68 78 47.5355
9 19 1.4388
13 23 2.6857
50 60 25.7323
87 97 27.1921
55 65 24.2901
41 51 7.7317
48 58 23.9013
91 100 98.8155
81 91 70.1205
41 51 6.8131
42 52 21.2355
56 66 13.8332
73 83 23.9855
39 49 7.0024
86 96 85.3129
20 30 8.8138
68 78 23.2131
30 40 10.4381
74 84 61.0086
26 36 3.4637
55 65 26.5369
85 95 53.6366
34 44 11.693
28 38 12.2255
75 85 60.3651
48 58 15.2881
31 41 5.0055
68 78 18.0268
35 45 16.7494
32 42 14.2582
62 72 51.0082
31 41 5.4401
41 51 8.7001
9 19 2.5622
32 42 11.8673
56 66 22.4932
57 67 38.3632
6 16 0.7627
47 57 23.9454
90 100 99.4607
62 72 26.5318
92 100 91.9412
54 64 32.9889
62 72 23.3395
98 100 99.7881
29 39 4.1685
13 23 3.4689
3 13 0.6917
6 16 1.5366
5 15 0.6279
34 44 10.3234
22 32 3.4603
57 67 18.6745
8 18 3.0384
74 84 60.8338
62 72 23.1823
40 50 24.3987
52 62 23.2526
75 85 66.8241
13 23 2.1978
51 61 11.68
80 90 30.0732
46 56 9.3612
38 48 14.2106
28 38 12.3166
71 81 20.9993
83 93 68.5832
88 98 60.6327
13 23 3.1499
63 73 33.5612
85 95 46.6516
99 100 35.7927
55 65 26.7755
38 48 9.1706
69 79 19.4675
88 98 35.7138
97 100 39.7896
92 100 31.5956
41 51 22.7529
51 61 21.5175
9 19 1.2096
56 66 41.9904
31 41 8.5112
37 47 17.5888
