900 26577 9.9499
63 73 47.9044
2 12 0.6266
95 100 78.2411
79 89 35.4144
1 11 0.6176
84 94 52.6423
100 100 42.4179
65 75 52.5988
7 17 0.8025
18 28 3.6321
30 40 11.8137
33 43 13.2067
72 82 54.4806
5 15 2.1255
14 24 2.1553
10 20 2.275
39 49 20.4006
5 15 0.8064
58 68 26.0049
67 77 27.889
82 92 24.7367
35 45 8.6984
62 72 25.3986
21 31 3.8084
99 100 35.3181
9 19 2.6654
26 36 9.2946
89 99 45.6219
69 79 19.8862
69 79 20.8657
31 41 9.0288
40 50 13.1167
92 100 70.2998
44 54 11.6527
58 68 12.6352
79 89 19.8693
35 45 17.8118
14 24 4.5493
83 93 24.948
11 21 2.5815
22 32 2.8164
26 36 8.2875
9 19 1.3663
75 85 20.6907
66 76 28.7993
32 42 17.4432
78 88 39.105
87 97 67.1121
75 85 22.4591
90 100 67.9817
92 100 76.3561
83 93 53.7054
83 93 79.2848
81 91 53.8301
49 59 12.1181
26 36 3.3908
78 88 65.3931
29 39 10.6811
81 91 35.4811
81 91 30.3403
6 16 1.5421
64 74 18.6814
96 100 52.0649
99 100 94.0745
38 48 15.9608
97 100 48.7232
85 95 79.2153
52 62 9.6243
99 100 55.6352
18 28 4.4071
15 25 4.6742
83 93 73.9153
53 63 25.6633
3 13 0.6483
37 47 11.2876
6 16 0.9584
45 55 12.6508
14 24 2.8423
54 64 31.0773
52 62 29.9483
79 89 20.9315
4 14 1.8385
5 15 0.9343
41 51 24.3167
20 30 5.7423
19 29 8.0679
26 36 10.6009
11 21 2.2698
8 18 0.8692
16 26 5.6777
11 21 3.6703
16 26 5.5385
8 18 2.4869
23 33 4.1873
74 84 39.3041
81 91 79.6895
7 17 0.9974
6 16 1.3345
17 27 3.5782
82 92 57.4898
11 21 2.1159
72 82 17.0486
87 97 33.0027
74 84 35.7472
74 84 35.1329
58 68 41.5844
59 69 15.8834
2 12 0.7662
60 70 17.4306
63 73 15.5638
94 100 48.4263
89 99 71.5682
76 86 34.2319
87 97 35.5371
92 100 33.1741
63 73 42.457
26 36 6.9095
60 70 15.8086
74 84 61.9526
93 100 57.8908
25 35 6.7231
41 51 10.2547
33 43 15.0102
50 60 10.7991
16 26 3.6462
53 63 35.6361
51 61 29.4328
42 52 20.7016
60 70 19.9353
66 76 38.4933
79 89 21.253
60 70 29.7199
30 40 6.8833
78 88 26.7072
9 19 1.2455
35 45 12.8071
89 99 51.686
82 92 54.0931
5 15 0.8057
27 37 4.076
47 57 12.0326
72 82 62.26
84 94 27.013
78 88 26.6225
98 100 74.7412
25 35 3.6757
2 12 0.8664
18 28 6.1564
54 64 10.8366
48 58 24.6403
36 46 21.1453
33 43 14.3194
10 20 3.1616
55 65 38.5281
74 84 66.5481
60 70 14.2763
9 19 1.1434
17 27 6.9374
52 62 20.708
91 100 73.7537
63 73 45.6395
61 71 22.6053
3 13 1.3181
61 71 38.0344
90 100 82.6645
75 85 18.2773
73 83 48.909
14 24 1.5598
28 38 7.7607
45 55 13.9487
68 78 28.4494
96 100 47.3041
22 32 4.7685
33 43 8.5141
23 33 5.8792
14 24 5.5852
66 76 33.7027
35 45 12.9686
61 71 18.2449
58 68 17.444
9 19 1.8425
100 100 29.1416
28 38 13.5601
4 14 1.8168
90 100 57.9791
45 55 29.4903
16 26 5.0064
69 79 53.2652
14 24 5.4765
69 79 47.6887
29 39 7.9372
23 33 4.477
48 58 23.1563
97 100 43.4703
70 80 61.5691
66 76 46.567
73 83 37.7229
11 21 1.552
38 48 17.0759
42 52 9.4993
74 84 29.1039
27 37 12.7799
56 66 12.9456
56 66 28.1367
48 58 20.0838
25 35 4.0824
8 18 1.1378
31 41 8.3718
24 34 8.5744
36 46 16.6219
47 57 21.7249
56 66 31.5417
76 86 66.762
97 100 29.3352
54 64 22.1766
20 30 6.9902
96 100 54.8636
88 98 53.9196
100 100 70.9992
58 68 28.3769
52 62 21.5593
97 100 78.3172
66 76 51.8083
60 70 44.0923
57 67 23.3154
100 100 35.0713
70 80 18.9582
90 100 33.9015
93 100 32.0775
90 100 51.0053
38 48 12.6004
10 20 3.287
67 77 25.96
48 58 14.8903
43 53 26.3036
41 51 12.1424
95 100 63.7219
17 27 2.8204
75 85 62.0235
65 75 14.3922
71 81 62.9071
65 75 20.0991
19 29 8.2656
81 91 31.9802
74 84 19.9389
1 11 0.414
24 34 6.7091
6 16 1.2912
27 37 7.7317
69 79 36.5723
54 64 21.2456
39 49 14.1459
50 60 20.0104
22 32 5.5762
29 39 7.31
20 30 8.8328
54 64 31.3342
17 27 3.992
58 68 27.3906
25 35 8.7344
53 63 21.7809
3 13 0.9614
11 21 2.3957
61 71 25.1653
9 19 2.1857
31 41 15.3311
1 11 0.3776
100 100 49.2186
84 94 71.8612
82 92 77.9353
16 26 4.7786
30 40 5.6468
61 71 36.238
67 77 20.7836
20 30 4.6449
67 77 51.1339
34 44 13.3897
72 82 57.1854
35 45 13.5203
82 92 45.5639
26 36 12.5536
67 77 28.9487
91 100 70.0669
88 98 65.3139
30 40 14.9552
42 52 8.7291
36 46 17.4148
52 62 27.4943
25 35 5.0954
98 100 68.1203
72 82 41.5754
62 72 23.326
81 91 23.4198
25 35 11.4758
16 26 2.3728
16 26 3.6115
67 77 58.1193
36 46 14.088
77 87 35.0251
1 11 0.9663
91 100 81.5391
42 52 15.3735
76 86 20.3798
79 89 67.3975
7 17 1.9757
46 56 16.6995
52 62 12.8974
24 34 5.703
80 90 24.4896
60 70 18.3998
32 42 6.3605
44 54 26.3261
42 52 13.0415
87 97 81.9007
88 98 35.3799
8 18 2.4218
28 38 4.0768
37 47 17.5151
65 75 51.8832
58 68 42.4987
21 31 7.8809
4 14 0.6749
97 100 25.6968
95 100 93.5998
60 70 23.6595
92 100 30.9548
52 62 35.8214
53 63 16.4455
1 11 0.6276
85 95 77.8577
50 60 11.2011
26 36 11.8763
14 24 1.7174
68 78 32.3624
20 30 6.5423
89 99 28.3173
100 100 98.4937
84 94 50.834
21 31 5.1022
26 36 3.5816
2 12 0.5975
4 14 0.742
12 22 2.4131
74 84 49.1023
11 21 1.5685
32 42 16.6285
84 94 54.652
85 95 62.3784
3 13 0.5738
40 50 9.3899
9 19 2.8907
98 100 43.5798
66 76 25.0731
60 70 12.7799
19 29 4.9693
59 69 11.9806
61 71 33.5403
65 75 16.9736
22 32 10.2278
92 100 36.6703
40 50 8.9515
93 100 30.6528
73 83 44.0962
40 50 24.6661
7 17 1.0933
52 62 21.4193
86 96 88.1946
87 97 67.1843
23 33 3.1379
60 70 21.807
85 95 40.8206
38 48 12.7914
89 99 70.3938
38 48 13.294
56 66 11.8157
18 28 2.1179
25 35 3.5884
54 64 29.6709
66 76 33.9213
19 29 3.4603
12 22 1.7358
21 31 3.6077
78 88 60.5237
49 59 18.9773
91 100 46.0403
87 97 43.7093
39 49 21.7305
63 73 45.6192
22 32 2.8473
87 97 25.8674
51 61 17.909
81 91 53.6923
28 38 5.8831
94 100 70.7281
59 69 15.7038
32 42 13.6634
93 100 94.4317
12 22 2.5306
24 34 11.4745
84 94 55.8263
83 93 36.0276
47 57 18.1945
13 23 4.8519
100 100 42.6958
87 97 43.9755
26 36 10.3253
64 74 28.538
63 73 21.1416
33 43 15.5986
64 74 21.423
10 20 1.1925
60 70 34.3455
82 92 68.2127
51 61 12.3798
6 16 1.1949
27 37 5.2157
29 39 14.8079
48 58 13.419
34 44 10.6537
47 57 32.3295
65 75 49.79
97 100 84.4377
48 58 13.3335
60 70 46.6844
31 41 9.6057
60 70 26.606
19 29 2.3293
18 28 2.7679
68 78 52.1241
70 80 37.0966
94 100 41.5935
48 58 12.0451
28 38 8.1003
1 11 1.1139
60 70 38.1343
10 20 1.0471
43 53 13.1044
44 54 8.9874
29 39 5.6901
46 56 25.1392
59 69 13.8756
71 81 63.4747
74 84 24.97
18 28 3.9685
73 83 46.5124
34 44 4.956
3 13 1.6744
84 94 29.2011
66 76 39.1738
4 14 1.2708
57 67 23.2449
90 100 38.543
72 82 57.3231
92 100 41.7083
99 100 30.5665
13 23 3.8542
62 72 36.0276
40 50 12.6729
44 54 20.637
6 16 1.9066
92 100 88.7967
82 92 68.9199
93 100 50.322
82 92 29.3612
10 20 3.8975
34 44 11.0324
90 100 89.4065
100 100 32.392
35 45 7.9676
19 29 8.2582
57 67 26.0018
84 94 75.6552
19 29 6.1911
23 33 8.5229
97 100 46.0471
48 58 12.6259
100 100 96.1263
96 100 61.1446
58 68 16.1886
61 71 33.6307
93 100 99.7202
32 42 4.8071
88 98 67.9223
72 82 17.9327
53 63 20.5753
27 37 11.0045
31 41 9.2623
41 51 15.4166
50 60 27.889
11 21 3.058
23 33 2.7722
50 60 31.7217
89 99 83.0285
83 93 27.7223
33 43 5.4238
44 54 8.6748
98 100 75.155
8 18 2.1156
5 15 0.9339
36 46 19.9889
95 100 67.3614
58 68 25.7434
68 78 28.5583
68 78 49.035
9 19 3.236
84 94 42.9746
66 76 26.572
28 38 13.622
67 77 54.3656
4 14 0.8252
55 65 42.0851
9 19 2.706
22 32 4.2957
89 99 56.286
83 93 29.0068
51 61 22.1097
1 11 0.4226
37 47 19.096
65 75 17.1669
58 68 27.3791
100 100 45.6598
84 94 27.7645
28 38 3.9788
78 88 43.2938
82 92 39.2427
38 48 14.6858
54 64 12.4475
100 100 46.7446
88 98 85.348
49 59 18.9329
24 34 4.762
41 51 21.1177
85 95 66.5987
29 39 3.9948
66 76 51.6717
22 32 4.2152
90 100 34.6685
6 16 2.4621
7 17 0.7434
37 47 8.4984
70 80 17.7595
1 11 0.9465
4 14 1.5026
79 89 21.8126
74 84 65.0975
10 20 1.9997
27 37 3.5134
25 35 5.3075
80 90 26.9268
43 53 8.0015
24 34 3.9717
22 32 6.3524
40 50 23.9571
81 91 73.4243
42 52 8.9001
72 82 53.8624
30 40 4.028
49 59 14.558
52 62 24.3759
44 54 18.1348
61 71 35.1187
28 38 3.7776
52 62 33.6261
63 73 42.0487
81 91 43.4835
9 19 1.4984
30 40 14.6291
97 100 72.9401
29 39 8.4245
33 43 15.5835
58 68 17.8904
100 100 79.6003
31 41 15.0598
75 85 71.6613
2 12 0.6713
39 49 14.1113
55 65 19.23
47 57 22.1032
54 64 12.6693
99 100 78.0519
9 19 2.9594
48 58 14.4963
46 56 30.6373
66 76 23.3782
85 95 33.567
59 69 31.8265
45 55 20.8913
64 74 19.6302
69 79 16.6652
89 99 90.9601
54 64 33.7677
67 77 42.015
86 96 50.4185
48 58 9.0697
42 52 8.2967
17 27 5.3038
77 87 44.7414
12 22 1.9257
61 71 37.0236
58 68 34.5909
42 52 21.1002
50 60 33.6284
50 60 19.0908
20 30 2.67
34 44 5.6368
27 37 7.1626
74 84 55.6814
26 36 9.4384
66 76 16.9818
88 98 83.5597
13 23 3.7729
89 99 49.5855
64 74 54.2624
58 68 35.4775
82 92 83.5067
31 41 13.0762
63 73 31.3622
12 22 1.2826
41 51 16.0994
72 82 39.7858
21 31 2.5431
52 62 28.7864
4 14 1.2343
33 43 7.4644
10 20 1.5645
86 96 64.6127
13 23 3.4962
45 55 11.579
57 67 41.5677
69 79 44.067
43 53 15.6761
38 48 9.8433
52 62 35.5526
92 100 59.9246
91 100 72.7763
95 100 89.9633
23 33 8.6548
31 41 15.4598
25 35 6.4531
26 36 3.8134
96 100 43.8721
18 28 4.1449
84 94 84.1293
17 27 2.3596
70 80 28.1324
7 17 1.4884
48 58 10.4872
64 74 45.753
55 65 11.1843
59 69 24.0571
51 61 15.8086
68 78 16.3628
48 58 23.6673
33 43 6.2966
34 44 7.3149
15 25 2.5555
22 32 9.9856
70 80 42.968
84 94 40.1297
89 99 44.7722
9 19 2.3198
63 73 35.7987
19 29 3.2062
64 74 22.0027
41 51 13.4917
69 79 36.3513
44 54 9.6292
89 99 64.7252
32 42 12.3897
40 50 7.6845
82 92 65.398
7 17 1.8851
20 30 7.8092
57 67 34.9541
4 14 1.8136
38 48 20.8666
9 19 2.4816
55 65 23.8583
65 75 25.5136
96 100 84.8609
45 55 7.8635
42 52 10.1436
45 55 21.1149
76 86 48.3456
41 51 17.1727
60 70 27.6981
15 25 3.2519
3 13 0.711
32 42 8.2111
77 87 44.5062
43 53 12.6786
94 100 54.2138
93 100 34.5779
2 12 0.6017
52 62 21.1968
5 15 1.0994
9 19 3.3698
24 34 3.086
57 67 16.5901
59 69 16.303
77 87 40.6037
87 97 36.3971
54 64 38.0738
85 95 43.8694
67 77 18.8087
94 100 88.4014
49 59 19.4093
21 31 3.262
73 83 52.7076
14 24 2.6533
40 50 21.2798
12 22 3.1812
100 100 42.0306
89 99 55.9429
7 17 1.3582
1 11 0.5552
1 11 0.759
52 62 18.3278
32 42 8.5714
78 88 48.1386
80 90 30.3623
78 88 21.9511
27 37 9.1549
68 78 42.3241
35 45 9.0884
9 19 2.7976
12 22 1.5523
33 43 7.9372
21 31 5.7581
34 44 17.6022
77 87 56.3085
39 49 9.8942
12 22 4.8123
53 63 36.0865
99 100 87.6339
80 90 49.1738
6 16 0.7843
46 56 20.2851
66 76 19.7163
38 48 17.5947
84 94 29.9581
75 85 18.145
96 100 58.3406
18 28 4.7324
10 20 1.4237
55 65 22.6081
44 54 20.0525
95 100 48.7148
38 48 20.6998
8 18 1.0167
31 41 4.5865
12 22 4.125
50 60 21.5574
57 67 30.1192
67 77 56.6467
77 87 44.4769
10 20 3.5036
13 23 3.2852
60 70 37.6431
44 54 19.0733
64 74 14.7771
53 63 29.4697
55 65 11.7985
40 50 13.8734
10 20 1.4537
83 93 31.7927
66 76 52.2816
36 46 14.3065
73 83 32.8776
33 43 8.9275
70 80 55.6755
91 100 46.1802
1 11 0.5024
68 78 36.9348
4 14 1.4047
78 88 33.9644
47 57 8.4588
11 21 2.813
61 71 21.6737
32 42 11.6964
99 100 76.6168
13 23 2.8443
1 11 0.9086
97 100 54.5279
86 96 71.3265
53 63 34.0601
56 66 36.6255
98 100 75.7074
17 27 2.9846
36 46 18.9852
52 62 22.7033
25 35 9.2598
58 68 16.3022
17 27 2.845
13 23 2.5357
74 84 43.9317
94 100 49.1121
52 62 13.1566
65 75 28.1186
76 86 51.7191
75 85 35.2943
61 71 17.5653
95 100 65.0975
90 100 77.2659
97 100 37.691
69 79 49.7434
72 82 26.06
47 57 17.7047
39 49 16.7477
6 16 1.2034
2 12 0.6726
66 76 34.9813
64 74 20.6398
54 64 25.8349
75 85 19.1555
31 41 6.1405
21 31 7.4912
59 69 32.1058
60 70 44.9114
83 93 44.8565
21 31 4.9111
5 15 0.7494
41 51 21.2687
57 67 14.3596
54 64 12.5883
99 100 29.721
19 29 7.0836
78 88 66.1148
60 70 25.9295
17 27 3.4607
49 59 9.7488
54 64 26.3631
65 75 18.0243
36 46 9.2088
13 23 1.4882
76 86 36.1429
15 25 5.0225
6 16 2.0889
47 57 12.3798
54 64 26.7279
10 20 2.4983
36 46 5.6359
29 39 7.0942
2 12 1.4113
6 16 1.189
17 27 5.9151
43 53 15.5086
11 21 1.185
39 49 17.5511
100 100 33.8736
7 17 0.9401
37 47 6.0969
80 90 51.3329
13 23 2.0133
16 26 6.1479
97 100 32.4387
15 25 1.8561
20 30 4.1882
73 83 28.7746
79 89 73.4415
55 65 15.4088
18 28 3.8045
26 36 6.7652
26 36 6.3122
56 66 29.0888
4 14 1.3278
14 24 3.1638
93 100 42.2292
34 44 7.6851
65 75 31.4654
91 100 70.713
2 12 0.6867
32 42 6.5015
14 24 5.5314
64 74 18.1382
35 45 19.8604
50 60 13.51
61 71 24.231
59 69 26.3272
27 37 10.6393
76 86 72.5461
18 28 7.4769
37 47 16.1733
7 17 1.8796
42 52 10.4213
26 36 6.8116
73 83 24.2832
85 95 28.2801
22 32 2.6579
76 86 34.2482
89 99 76.6203
9 19 3.193
4 14 1.522
100 100 57.8482
44 54 27.0587
24 34 3.7791
80 90 52.6104
35 45 17.429
11 21 3.476
84 94 42.3007
