400 12081 4.3589
33 43 9.0102
38 48 16.1644
87 97 65.9636
83 93 33.1672
29 39 4.5757
45 55 18.0778
83 93 75.0424
92 100 74.382
31 41 10.4853
90 100 35.5347
41 51 7.1124
64 74 20.8027
4 14 1.7261
45 55 9.8007
5 15 0.8881
65 75 16.2216
24 34 8.5229
83 93 54.5781
14 24 2.0676
25 35 3.6115
83 93 57.6187
28 38 14.237
73 83 49.6729
68 78 16.9135
80 90 21.0479
84 94 63.8449
100 100 60.0672
71 81 30.2269
12 22 3.1379
96 100 47.3385
97 100 82.1035
30 40 6.0226
54 64 22.8532
100 100 32.4513
66 76 57.3912
26 36 8.0338
6 16 2.4295
5 15 2.1635
87 97 25.5601
77 87 40.7389
52 62 26.009
62 72 17.1603
53 63 10.4109
18 28 2.0877
74 84 24.8762
94 100 31.4228
10 20 3.323
30 40 10.178
64 74 24.7815
60 70 48.8587
25 35 7.6951
6 16 2.0791
16 26 2.1313
51 61 13.4682
7 17 2.2109
31 41 10.2547
4 14 1.1372
33 43 16.362
37 47 5.5512
26 36 5.0688
27 37 9.2586
45 55 17.4223
93 100 97.0067
75 85 41.4118
65 75 14.7149
72 82 46.0132
100 100 25.96
78 88 20.1583
65 75 29.0208
87 97 79.1442
39 49 7.5939
66 76 38.4809
99 100 94.7916
7 17 2.0935
23 33 6.3403
66 76 40.0537
98 100 86.7115
46 56 8.3457
39 49 22.6852
22 32 2.8598
33 43 9.2118
18 28 4.1376
84 94 35.4823
88 98 50.7485
80 90 46.7911
60 70 35.7939
4 14 1.7458
45 55 18.9095
42 52 7.3517
34 44 7.8882
4 14 0.7427
42 52 14.324
78 88 32.1421
27 37 5.4238
19 29 3.404
79 89 41.5071
59 69 36.9433
31 41 10.3877
19 29 2.2629
23 33 3.7601
2 12 0.71
5 15 1.505
18 28 7.2857
95 100 30.1017
66 76 50.7414
79 89 70.9773
23 33 10.571
20 30 4.4213
51 61 15.6555
15 25 4.4424
10 20 2.1641
65 75 18.5356
80 90 32.6087
89 99 55.4444
9 19 2.0701
55 65 27.7244
18 28 2.7906
28 38 5.279
66 76 46.9472
67 77 57.9745
55 65 13.2147
70 80 35.4156
33 43 13.945
14 24 1.6726
8 18 2.4059
92 100 48.45
1 11 0.475
34 44 8.2944
35 45 5.5014
81 91 59.5737
58 68 17.0008
58 68 30.6318
72 82 19.9621
79 89 22.9431
29 39 12.0222
72 82 53.4025
30 40 10.4749
63 73 45.5936
59 69 39.1976
51 61 15.1111
78 88 24.9151
71 81 40.818
9 19 1.8439
55 65 14.685
90 100 99.7402
69 79 58.573
73 83 36.1069
43 53 10.1468
27 37 5.1397
64 74 50.4839
55 65 32.498
6 16 1.6589
83 93 54.071
85 95 59.855
93 100 32.4114
57 67 43.9039
84 94 29.486
11 21 2.4863
89 99 83.9697
96 100 26.3364
53 63 27.0254
2 12 1.2571
65 75 39.7429
74 84 46.1503
18 28 2.4193
80 90 31.7679
81 91 21.6151
82 92 24.8512
88 98 81.2035
47 57 14.4127
91 100 55.6024
14 24 3.9168
13 23 4.0429
24 34 7.2146
8 18 1.9751
32 42 10.0172
57 67 40.1601
82 92 34.992
54 64 23.4692
3 13 0.5184
45 55 26.8904
41 51 22.303
1 11 0.6274
14 24 5.3172
79 89 65.5225
75 85 50.3163
23 33 6.7294
55 65 23.751
18 28 4.682
41 51 14.1858
96 100 31.8073
47 57 22.5226
58 68 19.2352
14 24 1.5428
7 17 1.2855
18 28 7.2916
2 12 1.4321
44 54 17.7974
27 37 8.2226
12 22 2.625
62 72 34.7605
99 100 80.2798
93 100 25.2094
13 23 4.3426
10 20 3.0426
56 66 14.6996
71 81 56.1016
53 63 23.5147
62 72 47.2258
83 93 51.2914
68 78 38.9276
3 13 1.2501
52 62 34.0682
40 50 20.4412
99 100 43.5706
14 24 1.8071
98 100 58.498
36 46 16.7093
39 49 15.0211
6 16 1.4711
40 50 20.5962
81 91 54.0299
33 43 6.627
97 100 53.8829
99 100 68.7904
100 100 37.5879
25 35 5.7533
58 68 31.3813
63 73 35.0488
11 21 3.2023
68 78 24.1631
61 71 18.6365
36 46 10.04
98 100 32.4569
89 99 91.7515
42 52 21.9408
53 63 26.7196
36 46 9.5908
45 55 12.9701
44 54 22.0703
42 52 26.8853
11 21 1.6471
73 83 18.2244
57 67 39.2979
81 91 79.5004
59 69 20.3672
36 46 15.1952
75 85 40.3454
20 30 4.4487
96 100 47.9473
30 40 6.6399
99 100 51.3229
2 12 1.3343
20 30 8.0469
6 16 2.3972
61 71 16.2465
85 95 44.8137
2 12 1.1366
35 45 19.5895
2 12 0.4151
69 79 29.3081
79 89 47.1461
22 32 2.846
71 81 54.0548
71 81 20.7444
97 100 91.5811
94 100 92.9624
22 32 8.3186
52 62 11.7238
14 24 3.0213
84 94 76.5678
35 45 11.4643
45 55 19.6019
18 28 2.0495
95 100 90.8914
82 92 67.9355
63 73 15.1788
90 100 25.9162
6 16 0.8167
76 86 71.3755
48 58 33.0763
43 53 10.2195
1 11 1.0574
67 77 17.2549
74 84 20.1134
54 64 10.9952
93 100 43.6524
8 18 0.8974
67 77 31.8909
47 57 12.7142
93 100 99.8301
45 55 14.9545
70 80 62.7074
8 18 0.9345
18 28 6.091
65 75 21.7604
71 81 42.5469
95 100 58.2948
63 73 40.1196
97 100 37.3712
78 88 45.3872
20 30 3.2624
89 99 82.9903
30 40 14.8287
19 29 4.4589
36 46 14.8264
68 78 20.0444
61 71 21.6309
76 86 27.614
58 68 36.743
17 27 7.2506
90 100 49.1317
34 44 6.6317
70 80 54.1284
92 100 57.4049
61 71 15.136
71 81 42.4856
23 33 9.3178
71 81 17.8472
13 23 3.3621
38 48 10.2074
93 100 51.011
63 73 14.8163
35 45 15.7943
58 68 42.0539
48 58 24.7984
79 89 23.5487
83 93 24.0796
92 100 28.9186
29 39 5.1447
77 87 65.7835
4 14 1.5929
100 100 58.2154
70 80 31.8434
48 58 24.8054
71 81 35.8011
63 73 42.2812
40 50 11.68
61 71 45.967
100 100 90.3945
72 82 27.635
24 34 4.384
16 26 2.3639
57 67 17.0338
33 43 16.9332
64 74 39.0513
39 49 9.579
59 69 14.0723
26 36 4.0136
28 38 8.0469
33 43 15.8484
91 100 58.2886
66 76 16.257
53 63 27.5394
85 95 68.565
6 16 2.0618
5 15 1.1118
62 72 23.4217
38 48 21.7268
21 31 8.8096
45 55 19.9648
60 70 20.4313
33 43 12.914
66 76 32.5584
63 73 20.0713
61 71 20.8694
28 38 12.5791
12 22 2.0306
69 79 27.0338
33 43 5.7667
40 50 10.7492
53 63 34.157
49 59 17.3381
28 38 8.6665
89 99 78.388
13 23 4.0224
9 19 2.1999
97 100 41.9062
90 100 47.8283
26 36 3.7334
66 76 15.0358
33 43 8.8298
95 100 39.1551
52 62 30.8591
62 72 18.5873
19 29 4.0152
61 71 40.5425
69 79 31.4957
72 82 29.0683
98 100 65.2767
12 22 4.4923
88 98 57.9593
33 43 5.2615
44 54 28.6653
1 11 0.7012
42 52 10.0546
20 30 4.5886
11 21 1.1874
32 42 12.3103
58 68 39.0675
