900 26832 4.3589
92 100 22.3285
32 42 59.9045
49 59 64.9459
59 69 52.2093
16 26 76.6133
62 72 48.7595
12 22 73.8586
71 81 27.7834
26 36 57.1733
80 90 19.4913
2 12 88.2172
92 100 38.5244
29 39 66.3019
58 68 50.0415
88 98 34.5109
3 13 88.8231
85 95 56.2155
47 57 45.7152
85 95 30.3777
83 93 44.9369
13 23 86.5198
79 89 26.109
68 78 27.9217
47 57 54.723
72 82 55.3328
37 47 60.7667
44 54 57.8375
32 42 56.6542
78 88 27.0722
2 12 91.7917
11 21 79.0552
29 39 65.2234
60 70 55.5562
41 51 55.6113
38 48 54.4703
25 35 80.6242
22 32 82.3738
10 20 80.723
87 97 14.9947
22 32 70.3804
29 39 59.2654
92 100 17.6182
71 81 46.9472
10 20 75.2504
88 98 22.6881
59 69 38.3545
58 68 55.8398
57 67 37.9838
80 90 20.8621
49 59 56.0103
53 63 49.5532
41 51 65.0959
20 30 83.7115
97 100 10.805
4 14 83.43
65 75 60.7979
66 76 19.5868
47 57 49.2341
20 30 63.69
44 54 58.1894
94 100 43.888
63 73 20.2464
18 28 72.737
91 100 31.1866
79 89 42.3944
50 60 56.1316
100 100 48.7916
70 80 49.8394
49 59 69.6674
97 100 20.637
16 26 71.0008
18 28 81.9912
23 33 73.2702
67 77 44.8739
50 60 42.3033
83 93 31.3242
83 93 33.0959
65 75 36.7891
85 95 19.8283
49 59 41.6554
39 49 63.7778
28 38 61.6382
31 41 50.8013
45 55 54.4821
33 43 58.2215
63 73 56.582
19 29 80.7734
78 88 36.0552
86 96 25.6066
49 59 35.8909
50 60 51.5596
80 90 51.4749
27 37 59.4287
85 95 16.8075
24 34 79.2563
10 20 80.2081
17 27 74.0443
8 18 86.0052
36 46 47.1694
23 33 68.8784
18 28 77.2026
69 79 36.5469
92 100 28.5071
71 81 56.9602
65 75 32.7917
37 47 57.8299
15 25 76.2653
77 87 40.4127
78 88 37.653
81 91 13.0617
21 31 64.8009
95 100 19.375
17 27 69.4856
6 16 85.3018
100 100 8.8709
88 98 20.3058
49 59 36.3042
50 60 49.4546
70 80 46.1353
95 100 29.2497
95 100 12.2605
15 25 74.1907
67 77 38.4896
35 45 62.5618
40 50 61.3763
34 44 68.6114
73 83 17.2715
11 21 80.5183
36 46 68.7738
20 30 72.6961
49 59 41.5715
84 94 25.2165
89 99 40.5502
20 30 80.1311
51 61 49.4659
24 34 68.4574
79 89 17.0445
37 47 71.8731
40 50 44.1467
11 21 84.5922
19 29 71.6867
8 18 82.3829
91 100 24.4214
93 100 35.5121
17 27 66.7375
55 65 37.3737
34 44 57.4109
54 64 37.5058
9 19 87.7688
24 34 63.888
7 17 79.6271
39 49 47.679
68 78 50.3674
36 46 65.2605
63 73 53.6615
38 48 43.0848
31 41 66.3329
84 94 18.5434
62 72 40.7618
16 26 75.6361
22 32 78.8757
39 49 47.5948
4 14 83.1051
14 24 85.0453
92 100 49.1149
54 64 41.0291
7 17 89.6733
47 57 58.4246
92 100 42.2292
42 52 42.1603
17 27 73.2068
79 89 46.2155
2 12 87.0489
65 75 57.0161
41 51 55.4504
98 100 26.2595
74 84 43.3622
74 84 35.3632
13 23 80.8812
80 90 26.2072
73 83 26.9122
60 70 29.0758
62 72 58.3558
36 46 69.3306
95 100 27.0026
13 23 73.4586
97 100 43.2306
20 30 62.2726
86 96 49.0798
6 16 90.1797
54 64 35.9664
97 100 28.3258
51 61 47.8255
60 70 48.0928
36 46 67.7033
97 100 11.0191
91 100 27.9947
40 50 52.218
74 84 22.7701
96 100 21.3805
60 70 43.4334
9 19 84.0852
10 20 87.0284
72 82 48.6632
59 69 32.1636
55 65 46.3421
34 44 51.7421
99 100 35.5216
46 56 52.786
47 57 40.0436
33 43 62.0204
49 59 49.404
77 87 56.0746
45 55 39.3305
61 71 31.3779
48 58 64.3364
85 95 40.0942
98 100 31.635
41 51 49.0588
18 28 84.5002
19 29 82.7481
58 68 48.9104
77 87 30.6916
78 88 39.1413
33 43 48.3053
42 52 54.72
20 30 71.6884
43 53 46.7911
97 100 29.9231
100 100 21.4906
55 65 31.857
3 13 91.0021
35 45 64.4825
54 64 30.3006
30 40 49.2214
61 71 43.7741
20 30 72.7029
56 66 23.8007
84 94 41.9204
84 94 40.461
26 36 76.7902
44 54 63.4556
57 67 30.3744
34 44 62.2852
67 77 58.223
98 100 19.1056
26 36 71.367
8 18 84.7007
73 83 36.5505
34 44 58.6955
22 32 82.8209
41 51 50.4654
23 33 76.6956
60 70 29.9307
92 100 52.114
82 92 21.1582
17 27 73.8792
7 17 82.7554
19 29 80.4788
47 57 58.8734
13 23 76.4208
64 74 47.7426
21 31 62.7723
16 26 81.5824
91 100 23.6994
46 56 43.7834
53 63 64.1457
58 68 55.922
86 96 23.8935
80 90 30.0249
21 31 76.178
81 91 43.4149
65 75 52.3915
49 59 43.933
2 12 85.668
14 24 72.1395
82 92 39.0088
62 72 48.5377
48 58 42.1655
89 99 25.1593
26 36 67.4813
67 77 44.3796
23 33 76.8357
11 21 85.9514
57 67 41.1702
17 27 79.5575
68 78 27.5195
31 41 72.1718
68 78 49.5996
47 57 51.9221
94 100 36.0684
43 53 63.3903
71 81 33.9749
66 76 32.7607
39 49 62.8151
9 19 81.6963
47 57 51.0582
41 51 62.2474
1 11 89.0928
75 85 57.8969
36 46 57.4352
82 92 20.687
11 21 76.8305
67 77 17.2707
36 46 51.7565
36 46 47.856
73 83 31.0829
18 28 66.328
98 100 21.5203
42 52 62.8151
18 28 77.1622
20 30 69.7659
47 57 38.7867
21 31 74.7602
4 14 88.4653
60 70 38.5877
7 17 86.7096
35 45 48.3234
4 14 91.2751
74 84 45.6516
83 93 38.6797
16 26 79.7538
42 52 47.2299
1 11 91.1567
90 100 30.3645
12 22 81.8355
98 100 28.0487
14 24 79.3329
88 98 31.6373
60 70 52.9504
38 48 50.2936
25 35 65.7024
85 95 29.7407
41 51 60.0827
41 51 53.9799
62 72 48.5586
49 59 62.4132
96 100 19.4975
34 44 47.355
30 40 63.9872
15 25 75.0493
24 34 71.7307
71 81 40.4254
35 45 57.8026
76 86 38.1751
2 12 91.9777
3 13 83.9917
38 48 56.5519
73 83 55.6113
95 100 27.6918
3 13 86.5793
34 44 75.8693
35 45 61.8818
13 23 76.1396
50 60 38.7917
68 78 57.5595
98 100 19.8497
4 14 90.5847
71 81 26.8873
89 99 23.1573
49 59 61.7167
97 100 32.1319
92 100 35.5502
52 62 44.5303
85 95 26.0692
77 87 11.3616
37 47 61.9164
43 53 48.5851
76 86 33.2364
70 80 21.2171
94 100 23.4285
64 74 45.8194
28 38 78.3455
70 80 56.4812
58 68 36.0708
17 27 72.4473
89 99 23.4983
35 45 72.002
67 77 35.5001
64 74 63.0785
74 84 18.0642
47 57 58.2398
34 44 64.513
65 75 35.8909
77 87 22.0674
59 69 37.9173
73 83 36.338
3 13 88.9192
98 100 13.2416
63 73 56.6136
35 45 48.4319
67 77 37.4703
98 100 15.5409
51 61 36.7418
23 33 65.8386
86 96 35.1329
60 70 40.9549
55 65 41.76
7 17 81.0468
83 93 41.0676
73 83 23.5827
50 60 34.572
19 29 72.3197
60 70 47.7205
17 27 79.9647
31 41 79.6449
46 56 48.8531
57 67 53.638
82 92 38.5244
24 34 60.6
91 100 29.2259
53 63 62.2726
91 100 45.6287
27 37 65.5841
34 44 57.1279
73 83 34.2799
82 92 32.5037
20 30 71.7528
99 100 31.379
48 58 34.7204
1 11 90.1569
45 55 43.4373
20 30 76.9375
88 98 23.8359
74 84 29.9384
77 87 38.6262
45 55 53.9417
56 66 35.9172
40 50 61.1399
11 21 76.6588
28 38 74.6773
50 60 68.7042
68 78 37.8127
26 36 59.1161
59 69 36.7466
13 23 71.5598
74 84 40.5591
75 85 28.9509
62 72 23.2662
5 15 80.3264
60 70 44.8552
16 26 78.6929
9 19 80.3676
92 100 23.9963
88 98 8.5428
55 65 41.9982
50 60 61.7183
99 100 34.2131
69 79 34.417
87 97 40.3123
52 62 33.3275
83 93 25.025
80 90 37.496
42 52 63.5655
36 46 75.6256
32 42 66.4616
75 85 43.4413
80 90 23.4314
22 32 74.3096
97 100 26.0059
66 76 59.4194
15 25 81.6005
9 19 83.1926
35 45 49.625
2 12 90.9372
26 36 58.3956
18 28 82.6445
12 22 84.3771
46 56 65.1927
3 13 83.4647
58 68 54.9704
59 69 51.0224
49 59 54.914
75 85 28.9046
54 64 37.8188
28 38 64.4504
56 66 65.1104
34 44 57.1536
54 64 34.0647
72 82 30.8325
47 57 46.3298
35 45 60.1617
93 100 21.2539
29 39 74.3717
7 17 87.5385
69 79 20.3257
36 46 76.185
51 61 55.5755
54 64 47.9875
72 82 60.9118
36 46 60.6483
73 83 39.4547
38 48 64.6191
65 75 28.296
77 87 37.9505
13 23 72.6688
30 40 58.8534
59 69 46.6175
14 24 73.4552
11 21 82.51
74 84 23.8857
71 81 30.8969
5 15 88.4427
44 54 48.1914
34 44 57.4382
79 89 12.8451
26 36 69.0528
59 69 61.6162
60 70 51.9207
96 100 24.7695
84 94 45.0724
40 50 55.9938
21 31 82.8227
58 68 48.3998
98 100 45.5247
96 100 6.6497
79 89 37.6407
33 43 65.0926
76 86 41.3166
33 43 65.67
84 94 17.8388
67 77 48.958
25 35 70.3149
16 26 71.0632
92 100 27.4419
18 28 75.6465
11 21 82.6499
11 21 70.555
21 31 72.0207
61 71 33.7259
93 100 46.8308
29 39 61.4578
39 49 59.2946
98 100 10.2093
81 91 24.8991
39 49 59.7235
79 89 34.0041
26 36 58.0766
92 100 45.0912
12 22 76.5398
55 65 64.8347
68 78 35.1329
68 78 34.4369
72 82 19.9077
46 56 61.3496
21 31 70.0084
98 100 42.3215
71 81 31.1565
47 57 41.936
36 46 65.949
39 49 68.5882
61 71 51.2298
84 94 20.4114
36 46 51.1339
56 66 61.1415
17 27 64.9443
89 99 10.1984
77 87 20.2986
6 16 84.7136
7 17 80.0166
49 59 62.2726
65 75 56.6076
66 76 49.749
35 45 66.7571
12 22 76.9357
49 59 49.9481
75 85 32.4444
70 80 43.3227
58 68 35.9652
71 81 55.6471
4 14 84.1825
92 100 35.819
12 22 75.1932
63 73 40.9101
80 90 17.2989
10 20 86.5402
31 41 69.5373
82 92 23.8144
52 62 55.6247
5 15 81.1279
87 97 37.2552
70 80 46.4156
45 55 48.4987
41 51 42.3866
46 56 64.8073
18 28 68.3119
51 61 60.1261
45 55 68.8966
58 68 51.9336
51 61 67.5881
68 78 34.0706
42 52 46.2454
17 27 69.4756
73 83 57.2973
62 72 50.1986
52 62 51.5682
75 85 11.8984
56 66 59.0731
56 66 30.359
80 90 17.3939
11 21 88.857
47 57 52.1717
88 98 16.6276
75 85 39.466
31 41 66.2449
45 55 59.8024
74 84 36.9044
70 80 26.8832
39 49 57.2625
4 14 88.3356
49 59 61.1024
24 34 69.4306
34 44 70.429
94 100 45.9765
15 25 79.7788
93 100 45.5558
37 47 63.317
59 69 32.7562
64 74 53.8462
35 45 42.7572
97 100 13.1987
62 72 33.9667
24 34 74.5822
66 76 23.2141
67 77 19.9389
6 16 86.1704
98 100 26.3302
63 73 49.742
56 66 56.7416
84 94 32.0582
44 54 50.3376
85 95 29.3569
94 100 30.8014
23 33 65.5646
15 25 75.2695
1 11 90.9372
10 20 78.5634
49 59 40.2298
13 23 79.1797
27 37 68.8269
21 31 77.8665
74 84 13.6323
31 41 68.9597
77 87 30.6318
46 56 41.1599
18 28 73.0324
19 29 83.4976
36 46 71.0379
7 17 84.7873
74 84 35.5013
87 97 26.4402
70 80 56.4993
99 100 22.7987
6 16 87.8044
39 49 61.3449
19 29 75.5613
10 20 78.3597
5 15 85.6254
82 92 27.9926
22 32 77.9795
72 82 39.7858
7 17 80.4107
93 100 26.3036
82 92 22.5511
27 37 68.6197
99 100 22.2878
75 85 30.1983
13 23 76.3159
43 53 46.5574
40 50 68.3317
58 68 39.4887
39 49 63.158
84 94 45.5868
6 16 81.1783
94 100 17.4022
10 20 82.4573
36 46 41.5599
33 43 65.6845
33 43 62.3421
15 25 73.8534
22 32 68.2144
7 17 88.0557
29 39 71.2353
9 19 89.1438
73 83 59.654
5 15 89.1136
97 100 29.9866
26 36 69.8144
43 53 61.8346
36 46 45.4627
55 65 42.3749
87 97 46.4851
52 62 52.741
15 25 73.2548
93 100 28.5167
71 81 42.0604
69 79 53.7069
30 40 72.3214
77 87 53.0741
20 30 66.4828
53 63 62.9008
71 81 60.8884
61 71 49.5602
48 58 57.8026
73 83 55.3536
100 100 24.6195
22 32 70.9806
13 23 72.3878
79 89 30.3458
43 53 62.0881
53 63 62.5444
69 79 26.9766
80 90 25.9927
71 81 37.3504
3 13 89.0721
78 88 42.4491
18 28 77.5967
50 60 70.263
40 50 49.797
82 92 52.2555
53 63 57.0992
2 12 91.5351
94 100 19.1678
20 30 71.746
76 86 54.6786
57 67 31.9508
68 78 58.1788
80 90 35.9304
5 15 89.397
10 20 83.0486
77 87 34.6285
73 83 34.3842
72 82 48.3567
89 99 43.6498
6 16 76.9147
57 67 44.2371
93 100 32.2885
65 75 44.716
48 58 43.2109
90 100 8.7817
87 97 28.7414
56 66 44.8137
69 79 51.1754
15 25 81.7758
22 32 73.7726
1 11 87.619
71 81 29.5425
67 77 55.5949
90 100 36.6073
31 41 65.7056
48 58 67.5388
96 100 21.1407
15 25 82.2703
27 37 75.2348
46 56 61.4029
87 97 18.5038
46 56 45.4249
58 68 63.8337
87 97 41.936
11 21 78.3048
50 60 44.4622
60 70 48.9412
52 62 56.6151
47 57 53.1135
33 43 53.537
6 16 89.7434
20 30 71.5733
3 13 86.2242
84 94 7.6458
61 71 38.1714
47 57 42.5887
57 67 45.7909
29 39 68.4872
83 93 39.5528
16 26 83.3861
91 100 33.6017
13 23 81.926
72 82 35.2895
84 94 31.6868
25 35 70.0218
4 14 86.4565
13 23 72.1277
81 91 25.4087
89 99 25.3774
72 82 43.937
51 61 69.7843
6 16 86.2391
67 77 39.3706
65 75 22.8092
52 62 61.8944
40 50 42.9379
5 15 81.8953
9 19 81.7903
24 34 62.2868
93 100 43.0638
55 65 33.4743
31 41 67.8597
60 70 49.0518
38 48 49.2004
47 57 61.4687
50 60 61.2713
99 100 19.8987
58 68 50.4199
52 62 49.8747
73 83 30.7504
68 78 32.7539
84 94 40.4191
38 48 57.2882
82 92 40.9715
47 57 69.776
74 84 27.7234
7 17 83.7811
75 85 31.6969
34 44 62.4479
10 20 78.8473
6 16 86.4919
44 54 51.6817
41 51 68.1747
95 100 19.6453
78 88 40.188
36 46 56.4362
25 35 62.728
4 14 87.5291
97 100 44.553
47 57 46.2291
98 100 19.7562
78 88 37.3712
83 93 45.7936
62 72 33.2641
92 100 41.8195
48 58 46.541
50 60 44.5209
81 91 42.7324
74 84 33.4847
7 17 82.4264
94 100 30.6628
50 60 41.2036
42 52 60.3713
66 76 44.8217
12 22 88.8966
77 87 35.1922
65 75 54.1372
50 60 53.7993
12 22 81.4308
6 16 78.7905
32 42 68.2887
59 69 57.137
44 54 67.1613
37 47 53.4697
13 23 79.9111
80 90 27.9915
63 73 49.8281
39 49 52.6118
53 63 59.3639
23 33 69.4689
24 34 71.4786
99 100 14.8564
88 98 32.2817
42 52 64.1601
5 15 85.3961
68 78 55.0668
2 12 90.3393
17 27 82.1434
1 11 92.3214
76 86 43.136
73 83 47.8255
12 22 72.5682
70 80 46.0593
61 71 36.953
32 42 62.7533
72 82 21.5649
98 100 32.5927
81 91 49.4307
44 54 41.8803
34 44 56.9436
19 29 83.6274
48 58 55.3863
52 62 57.5155
31 41 73.1607
35 45 61.5503
65 75 19.9273
2 12 89.6487
83 93 10.859
44 54 44.6304
54 64 29.9417
9 19 81.6204
36 46 58.3452
84 94 46.1489
69 79 44.886
51 61 37.7463
42 52 60.3807
24 34 75.9669
14 24 86.0776
26 36 66.3492
61 71 50.305
14 24 75.7074
64 74 31.209
31 41 65.9165
12 22 76.0576
42 52 57.7402
