400 12523 9.9499
28 38 72.1531
58 68 40.1563
88 98 27.5426
51 61 47.3014
32 42 52.6234
95 100 25.4208
73 83 22.0421
18 28 65.8776
36 46 55.8114
74 84 35.0938
84 94 39.08
74 84 45.4074
2 12 83.0395
5 15 86.732
78 88 39.5201
98 100 8.4286
75 85 42.8802
81 91 37.8705
30 40 64.3396
64 74 38.2765
77 87 29.0413
20 30 83.6109
24 34 70.7365
58 68 57.4382
31 41 73.6799
65 75 33.3599
58 68 43.0703
14 24 76.0175
75 85 53.6058
62 72 37.452
5 15 80.3372
2 12 93.4335
1 11 91.6634
19 29 71.2859
77 87 36.5686
62 72 58.6036
27 37 70.0017
60 70 38.2827
86 96 9.286
76 86 22.75
8 18 84.8941
28 38 76.7166
73 83 40.1677
69 79 54.6343
12 22 77.0322
25 35 65.2008
87 97 42.9143
88 98 37.2576
64 74 22.2633
67 77 30.2577
83 93 42.9091
27 37 73.5272
18 28 76.4068
67 77 46.3026
88 98 23.9816
53 63 37.0637
17 27 72.877
42 52 52.6858
64 74 45.9806
93 100 28.5615
60 70 35.9256
87 97 34.9423
63 73 38.6648
17 27 76.622
46 56 33.8154
90 100 8.9455
83 93 35.1744
78 88 35.7903
92 100 22.73
60 70 54.6091
72 82 36.5505
89 99 30.6207
93 100 13.5534
4 14 86.2484
67 77 46.0539
75 85 53.6
92 100 26.1847
20 30 61.9637
14 24 78.5599
76 86 41.4659
49 59 35.2254
22 32 62.7248
35 45 48.599
100 100 19.2414
77 87 38.1035
2 12 89.6165
25 35 65.419
41 51 45.841
94 100 47.6321
49 59 48.9818
81 91 58.5546
54 64 34.9376
35 45 65.3753
73 83 51.2541
23 33 69.8846
47 57 46.2863
65 75 32.0141
39 49 44.3916
72 82 47.773
96 100 21.4267
98 100 20.5399
20 30 75.5126
19 29 74.4148
44 54 39.9677
40 50 38.4722
12 22 80.1508
5 15 86.7711
37 47 57.7418
90 100 13.1972
2 12 91.5581
16 26 71.465
57 67 48.2316
26 36 68.6528
97 100 20.1179
64 74 37.4128
76 86 19.7998
77 87 52.5176
95 100 19.7972
58 68 50.75
91 100 37.26
77 87 46.0199
76 86 43.4426
47 57 59.773
19 29 70.6558
64 74 51.3845
87 97 27.8942
92 100 32.1818
62 72 38.7071
43 53 61.1743
67 77 35.1649
25 35 59.2746
81 91 37.7021
48 58 50.0203
32 42 51.0367
94 100 19.1564
35 45 60.614
3 13 89.1136
77 87 35.6767
46 56 50.2752
60 70 55.1024
96 100 44.4956
91 100 32.966
49 59 55.5502
27 37 80.2977
99 100 22.3918
43 53 52.8994
18 28 78.7408
47 57 42.1837
30 40 58.9517
14 24 71.531
51 61 53.6659
55 65 52.3047
21 31 76.524
36 46 53.2535
36 46 47.0747
47 57 55.5278
99 100 31.4586
95 100 15.2155
16 26 77.4382
12 22 79.299
41 51 59.6679
90 100 32.3181
12 22 73.4603
45 55 50.3433
26 36 64.6657
31 41 64.912
73 83 32.4661
28 38 61.5048
77 87 28.0222
79 89 19.8666
26 36 67.4222
74 84 14.5519
96 100 19.5072
24 34 68.2375
36 46 55.6904
73 83 38.1294
96 100 34.1699
71 81 25.003
7 17 82.5281
89 99 36.1706
84 94 29.5001
9 19 85.3425
42 52 54.6564
90 100 34.7062
81 91 20.6098
92 100 7.8383
17 27 73.4226
14 24 75.4049
82 92 26.8531
96 100 19.7794
81 91 41.6102
39 49 64.0048
51 61 54.9037
57 67 51.3817
38 48 62.2963
35 45 60.4988
82 92 13.9876
49 59 61.428
54 64 35.8502
9 19 79.5325
44 54 49.4842
23 33 70.0502
31 41 62.8072
48 58 50.8697
58 68 49.028
1 11 86.5216
36 46 49.6179
97 100 51.3358
48 58 51.9063
36 46 53.6234
85 95 21.1149
64 74 51.8947
57 67 47.0404
80 90 15.0893
97 100 44.728
8 18 80.1329
81 91 14.3028
99 100 9.9452
94 100 26.5885
55 65 40.5502
82 92 33.5484
94 100 10.8867
79 89 51.6257
61 71 52.6133
67 77 38.2468
27 37 66.3345
96 100 41.9502
93 100 36.0348
44 54 53.6586
42 52 48.6674
35 45 67.3729
59 69 24.2261
81 91 25.1853
6 16 87.9113
92 100 16.8814
77 87 33.6771
32 42 57.0297
55 65 43.589
76 86 44.6919
36 46 53.9637
55 65 44.3409
51 61 41.5677
97 100 17.4448
33 43 70.6911
59 69 46.3039
48 58 52.1183
46 56 51.3487
50 60 69.4306
66 76 42.4439
69 79 43.1715
69 79 48.0623
88 98 38.3359
45 55 50.1618
50 60 46.4838
24 34 73.277
96 100 26.9828
96 100 31.5204
30 40 63.4699
93 100 24.7407
22 32 70.518
47 57 59.5459
36 46 62.1511
39 49 63.0817
80 90 21.9202
6 16 89.5995
3 13 88.1965
8 18 83.3003
57 67 49.3815
68 78 36.0804
2 12 88.8872
25 35 78.0784
4 14 87.4001
64 74 28.0624
91 100 33.4709
1 11 91.1548
37 47 59.6355
19 29 68.0229
40 50 66.4893
100 100 38.0751
2 12 90.4743
29 39 63.4524
43 53 63.0531
68 78 48.4987
94 100 12.9089
83 93 42.9746
8 18 77.2659
88 98 32.6384
60 70 49.3998
90 100 31.6924
61 71 53.0217
87 97 37.9296
11 21 82.8537
54 64 55.4727
23 33 74.3285
75 85 48.7986
94 100 13.3101
15 25 80.7716
87 97 49.1387
90 100 38.3817
82 92 31.2515
98 100 38.6349
4 14 86.319
15 25 74.3544
8 18 85.5366
100 100 9.9679
33 43 59.8875
96 100 42.2565
10 20 81.1206
10 20 77.171
7 17 81.7415
75 85 56.5339
56 66 55.9773
84 94 48.3414
75 85 34.843
11 21 85.0766
92 100 37.2503
18 28 69.8328
68 78 53.6527
62 72 46.3407
72 82 39.5704
52 62 45.1692
29 39 56.841
59 69 30.3766
61 71 45.9643
90 100 17.6963
21 31 77.0515
31 41 65.0942
29 39 73.7366
10 20 85.2538
98 100 24.6522
60 70 36.4055
26 36 54.9674
60 70 28.7435
81 91 43.3635
97 100 25.4894
69 79 30.0918
19 29 80.244
98 100 28.0879
37 47 50.3234
18 28 78.8864
18 28 68.5253
53 63 55.5189
9 19 81.4506
41 51 62.6425
73 83 25.7485
33 43 67.5059
78 88 35.0653
77 87 38.9775
46 56 65.6845
99 100 15.9808
25 35 76.9778
27 37 62.1953
10 20 72.3248
44 54 48.0748
83 93 42.2266
10 20 87.1758
38 48 44.8324
12 22 83.1689
90 100 14.2748
1 11 88.1946
33 43 70.518
72 82 52.6191
6 16 81.6945
90 100 31.0104
96 100 36.4176
50 60 49.7801
73 83 19.8827
1 11 88.6742
55 65 46.8855
36 46 61.723
88 98 18.3569
10 20 83.8653
95 100 51.3731
12 22 83.9496
14 24 84.7026
24 34 76.0157
74 84 42.5639
62 72 50.6133
31 41 64.4552
4 14 87.8756
68 78 30.624
94 100 10.9343
65 75 41.9969
35 45 50.6958
14 24 79.0428
65 75 35.005
46 56 54.8237
96 100 24.8871
7 17 83.5634
79 89 22.7357
67 77 33.6864
13 23 74.8363
100 100 26.8583
9 19 75.266
51 61 69.8495
89 99 13.0783
99 100 42.9418
24 34 69.0378
78 88 19.5665
73 83 20.2194
