900 27559 9.9499
27 37 70.518
94 100 36.3488
16 26 79.8521
30 40 55.6531
96 100 28.6589
86 96 12.6068
72 82 29.4209
37 47 69.1359
28 38 57.8604
78 88 21.2226
61 71 30.9292
27 37 72.1837
84 94 46.8746
51 61 39.3417
47 57 61.4484
19 29 70.8442
56 66 42.1513
89 99 22.5141
14 24 70.1976
37 47 51.9351
76 86 39.5226
92 100 42.9405
50 60 60.7355
39 49 55.6576
75 85 13.3678
78 88 43.8893
89 99 27.0775
82 92 26.1561
61 71 50.2213
15 25 74.8208
22 32 83.304
58 68 53.8653
30 40 53.6293
77 87 22.8274
42 52 57.8649
82 92 30.8391
15 25 67.5109
18 28 67.0679
67 77 54.2314
76 86 28.867
98 100 42.9903
16 26 77.294
2 12 91.2426
46 56 50.1604
54 64 38.2666
5 15 88.8306
79 89 47.9681
41 51 63.682
22 32 74.182
45 55 43.382
47 57 35.586
77 87 28.8562
52 62 48.1567
72 82 27.1889
67 77 43.8575
38 48 66.118
9 19 84.5664
74 84 36.1261
70 80 41.3668
80 90 28.6814
21 31 78.2093
16 26 74.0374
1 11 90.9525
43 53 49.3296
38 48 46.6598
29 39 51.6688
62 72 34.2869
17 27 72.8257
27 37 58.694
64 74 29.5414
85 95 27.1806
41 51 66.5334
62 72 42.7454
12 22 75.7997
11 21 85.6347
70 80 49.8676
70 80 36.3693
77 87 43.6115
61 71 22.7863
43 53 48.8056
50 60 51.6429
43 53 70.639
30 40 63.5273
73 83 48.9384
68 78 53.217
72 82 46.5315
12 22 82.5336
72 82 31.5249
8 18 76.6413
37 47 51.1196
76 86 32.6841
58 68 32.0254
49 59 61.6837
95 100 11.4731
37 47 62.1653
86 96 19.6311
69 79 39.3104
18 28 70.3418
91 100 17.0594
78 88 26.4576
83 93 38.9975
18 28 66.6787
87 97 48.0443
54 64 33.912
61 71 35.2777
34 44 63.3377
37 47 63.3266
69 79 28.6
80 90 48.8126
74 84 31.9101
59 69 36.155
90 100 28.9605
66 76 49.1681
72 82 14.4347
75 85 31.0394
100 100 12.7463
32 42 62.7644
59 69 51.5711
90 100 32.1841
55 65 31.2526
59 69 36.8121
16 26 79.3632
95 100 24.5084
17 27 81.3965
89 99 11.4941
56 66 30.1302
80 90 33.3183
65 75 37.637
8 18 85.1578
89 99 30.8036
82 92 34.4827
80 90 19.4031
16 26 74.0409
38 48 56.8275
68 78 57.4488
10 20 87.662
76 86 20.8091
63 73 54.7911
54 64 56.1046
43 53 47.2395
93 100 37.8914
79 89 38.9101
86 96 42.1552
89 99 44.5676
90 100 13.1334
46 56 72.9333
64 74 50.5151
14 24 69.9398
51 61 56.3055
9 19 75.0788
83 93 44.5102
40 50 53.2229
28 38 64.4713
87 97 20.1538
78 88 30.7237
21 31 81.2252
63 73 56.2425
4 14 88.7722
94 100 31.6564
75 85 52.3496
60 70 51.6472
16 26 73.862
3 13 83.3149
43 53 72.604
57 67 50.8726
56 66 58.878
75 85 55.1187
5 15 83.7408
42 52 53.6644
49 59 54.2874
86 96 24.8971
66 76 51.6084
95 100 24.7506
35 45 58.2627
6 16 90.4534
75 85 30.9536
82 92 34.4229
40 50 39.782
23 33 66.3964
30 40 57.1944
5 15 82.8246
31 41 71.5175
34 44 44.0949
56 66 53.7641
79 89 42.5782
7 17 82.8027
100 100 35.4775
49 59 62.6219
20 30 80.4214
87 97 11.1302
71 81 37.2747
57 67 52.2512
62 72 23.0544
5 15 91.3764
74 84 44.4369
33 43 52.5335
72 82 19.6701
98 100 33.9038
27 37 58.964
60 70 42.2292
25 35 63.2438
6 16 86.7227
75 85 49.049
60 70 28.4046
7 17 79.7395
16 26 73.4123
90 100 20.51
33 43 76.1378
1 11 89.95
40 50 56.0657
54 64 59.0024
64 74 57.7904
58 68 32.5596
43 53 59.27
93 100 12.4073
83 93 41.7238
44 54 44.6892
42 52 60.6576
90 100 17.8768
22 32 58.4888
78 88 57.0312
17 27 77.447
74 84 27.0223
97 100 23.7403
14 24 80.4591
76 86 43.465
74 84 25.1181
66 76 49.9962
98 100 23.4905
82 92 17.8658
33 43 62.4527
69 79 48.6492
33 43 59.347
12 22 73.2428
97 100 6.2081
93 100 30.9837
58 68 37.7524
62 72 50.21
5 15 83.1434
97 100 29.8586
80 90 26.198
91 100 48.45
47 57 45.188
57 67 66.4404
44 54 38.0294
93 100 18.6011
91 100 41.1522
58 68 45.4397
29 39 58.0111
45 55 44.3929
19 29 76.5258
97 100 28.1398
66 76 42.7781
46 56 50.2794
5 15 86.9127
50 60 55.6665
51 61 45.11
49 59 28.1112
23 33 72.0207
21 31 60.5175
64 74 31.0372
77 87 26.793
100 100 8.8625
38 48 54.8325
14 24 84.6952
38 48 66.5481
47 57 63.9872
9 19 75.3702
50 60 47.9252
47 57 44.8967
81 91 24.2182
77 87 40.2743
17 27 82.2703
7 17 81.2342
52 62 36.2163
7 17 85.8106
5 15 87.7369
89 99 30.2742
46 56 68.259
5 15 86.2205
58 68 54.6343
6 16 82.1289
76 86 20.5553
6 16 81.4849
66 76 51.5165
46 56 46.0607
64 74 32.6235
71 81 37.5573
62 72 57.1959
98 100 11.5709
26 36 67.3844
59 69 50.1646
97 100 36.8231
27 37 66.5481
9 19 78.6609
19 29 76.1885
83 93 42.5808
61 71 24.2438
35 45 59.458
75 85 34.0344
91 100 43.0454
4 14 84.2669
39 49 44.3636
14 24 70.7163
61 71 29.8203
37 47 68.3053
20 30 81.521
5 15 81.7198
26 36 79.2047
97 100 29.4523
88 98 30.6108
4 14 88.4503
11 21 81.3514
83 93 40.1221
21 31 67.6589
42 52 62.0424
94 100 27.6056
62 72 29.1816
58 68 57.4776
16 26 71.016
72 82 38.0208
89 99 28.3791
56 66 36.7757
60 70 42.2487
63 73 42.56
52 62 44.01
21 31 74.2682
91 100 38.2394
6 16 86.7133
83 93 15.0932
33 43 59.495
24 34 68.046
94 100 13.4256
21 31 76.8094
11 21 78.2146
66 76 53.2666
18 28 82.5663
45 55 48.8937
86 96 24.2812
74 84 40.5603
76 86 14.8433
14 24 71.2522
34 44 70.4475
93 100 15.7292
4 14 89.2383
40 50 50.6645
27 37 70.9671
4 14 90.4896
19 29 84.4782
27 37 78.4996
4 14 90.9525
31 41 73.5306
69 79 18.973
27 37 64.9829
36 46 69.4356
79 89 26.3241
36 46 55.9998
59 69 42.8711
69 79 50.9039
46 56 57.4291
78 88 19.8818
20 30 64.0768
74 84 40.4394
65 75 50.8055
43 53 57.1642
69 79 45.4964
78 88 41.4504
22 32 82.7973
57 67 46.902
69 79 53.252
88 98 40.1221
35 45 53.6102
19 29 69.4239
53 63 44.9973
78 88 15.196
34 44 60.0796
19 29 77.4453
17 27 79.3329
32 42 67.6786
25 35 74.0839
97 100 31.6598
59 69 45.2095
72 82 31.4003
6 16 80.4986
63 73 23.8808
21 31 80.0989
93 100 17.8726
29 39 52.9635
29 39 76.5573
43 53 53.458
10 20 80.1473
73 83 55.043
47 57 53.7069
92 100 13.0899
61 71 52.8791
90 100 23.139
73 83 38.0196
29 39 56.9134
70 80 48.5962
56 66 61.4766
95 100 33.3449
94 100 30.0852
85 95 16.482
4 14 83.0085
70 80 40.0955
23 33 75.6935
66 76 29.332
60 70 42.6344
86 96 22.0543
92 100 26.0682
67 77 44.7869
80 90 46.9814
85 95 12.7242
5 15 87.1628
76 86 11.3232
46 56 57.9441
57 67 49.6377
72 82 40.8999
47 57 58.622
39 49 53.4946
99 100 21.277
76 86 44.4649
50 60 65.8516
11 21 82.9994
52 62 63.3568
41 51 43.303
81 91 29.0575
16 26 77.706
45 55 60.1028
53 63 42.2617
15 25 70.077
81 91 19.815
71 81 18.564
46 56 53.8697
77 87 18.4573
93 100 13.4887
45 55 52.3684
65 75 53.3733
78 88 51.4405
59 69 46.5561
38 48 47.4955
17 27 80.4304
27 37 62.0471
47 57 50.3646
8 18 88.6893
3 13 84.6198
54 64 26.0324
75 85 36.919
71 81 47.3977
17 27 85.3739
3 13 88.7515
92 100 13.0285
55 65 49.2453
41 51 64.2434
27 37 57.976
85 95 9.3765
53 63 40.5833
9 19 80.3748
29 39 71.5208
32 42 51.2484
58 68 54.2683
12 22 75.5839
88 98 27.6182
7 17 82.138
33 43 70.7113
44 54 46.4674
3 13 88.6121
56 66 31.3667
85 95 26.9039
17 27 77.8965
15 25 82.7536
91 100 33.9994
99 100 27.927
74 84 32.4843
23 33 73.7778
59 69 43.6723
88 98 23.5448
5 15 85.1966
60 70 49.6447
90 100 22.1248
10 20 84.1843
16 26 71.6545
40 50 58.4873
20 30 73.5358
13 23 77.4893
92 100 45.437
4 14 79.6128
70 80 55.9145
75 85 55.9175
98 100 38.8952
70 80 32.1943
90 100 31.8683
61 71 48.4945
94 100 41.2922
90 100 54.8562
100 100 29.0198
36 46 58.4353
6 16 86.8009
35 45 66.6803
47 57 55.2658
13 23 77.6425
28 38 72.2143
14 24 80.5883
50 60 42.0539
85 95 49.5841
20 30 61.6539
68 78 28.9186
90 100 14.4742
32 42 61.2353
42 52 51.5955
99 100 25.1492
95 100 6.958
55 65 46.4715
9 19 85.3129
94 100 35.5574
51 61 28.5476
93 100 12.1104
38 48 64.8685
10 20 79.0321
19 29 71.0986
39 49 68.5005
51 61 40.7044
7 17 80.9298
28 38 68.2111
53 63 52.9868
88 98 28.3045
38 48 63.5321
92 100 33.1834
100 100 29.828
27 37 63.8705
8 18 88.6931
92 100 43.1307
3 13 87.4524
29 39 75.8031
80 90 16.4455
48 58 58.2734
50 60 39.3029
82 92 37.2625
24 34 69.6157
37 47 62.1511
9 19 90.3431
87 97 33.9353
32 42 50.5763
49 59 47.2381
95 100 39.0563
88 98 7.4573
74 84 25.4954
64 74 44.7976
24 34 69.8996
71 81 38.7743
90 100 32.7699
54 64 35.4001
34 44 55.9908
41 51 66.7571
13 23 83.5305
4 14 85.944
71 81 22.1286
94 100 42.1811
6 16 80.7608
74 84 29.065
49 59 41.5999
85 95 15.8882
7 17 83.0468
25 35 77.9106
46 56 67.5355
25 35 66.7015
11 21 76.4593
34 44 64.4729
39 49 66.014
83 93 35.8741
53 63 36.9397
62 72 23.0477
35 45 55.3119
59 69 36.2801
14 24 85.5181
10 20 80.2476
87 97 41.4723
41 51 53.3353
48 58 55.7964
97 100 45.6206
64 74 43.1899
88 98 26.5225
33 43 45.5652
60 70 37.1551
75 85 34.0297
69 79 22.8809
68 78 25.4641
6 16 83.1015
18 28 80.1508
35 45 66.188
18 28 67.7658
21 31 71.4194
44 54 63.9616
75 85 48.5238
91 100 33.2583
1 11 92.5867
47 57 49.7914
34 44 64.3653
86 96 6.977
98 100 22.8226
14 24 76.6483
69 79 55.6859
21 31 79.283
74 84 37.3773
84 94 29.2746
81 91 18.2927
96 100 46.5615
78 88 15.5425
78 88 50.0061
48 58 41.8001
83 93 17.196
71 81 51.472
91 100 14.2031
52 62 46.6079
99 100 37.348
85 95 28.5701
16 26 74.2975
7 17 83.0723
34 44 57.4231
82 92 32.1342
87 97 17.4214
34 44 70.4458
88 98 30.797
27 37 74.2803
48 58 59.03
55 65 45.9603
12 22 83.5177
19 29 75.3928
33 43 44.313
100 100 21.8884
75 85 49.9609
43 53 58.194
79 89 23.6818
37 47 50.7585
32 42 54.4482
79 89 22.8312
81 91 22.2586
50 60 59.1576
4 14 84.7725
88 98 33.1074
27 37 57.6051
59 69 26.1775
4 14 80.7051
84 94 43.178
32 42 54.4423
92 100 16.032
26 36 62.7422
83 93 12.3348
75 85 19.5311
78 88 33.5009
94 100 26.792
58 68 47.256
94 100 6.4638
24 34 62.8088
87 97 15.9369
39 49 54.5811
75 85 42.4114
22 32 70.9284
3 13 89.0098
59 69 57.7554
53 63 57.4458
60 70 41.3372
85 95 51.3415
49 59 40.6865
98 100 33.5554
18 28 83.8378
25 35 59.7266
33 43 59.367
99 100 41.4247
16 26 65.1733
49 59 58.1864
10 20 87.5142
58 68 52.2989
99 100 20.6825
52 62 41.5483
97 100 15.2646
31 41 68.8883
59 69 62.3768
76 86 33.9889
79 89 52.6974
97 100 31.787
9 19 87.7763
99 100 20.8
73 83 41.9774
34 44 60.0935
36 46 52.1573
38 48 56.5098
60 70 51.8285
23 33 63.3123
60 70 46.5561
28 38 72.8599
8 18 88.857
52 62 51.1811
87 97 12.3756
65 75 18.9051
100 100 32.0367
16 26 83.4775
95 100 10.7663
23 33 64.8573
93 100 15.9073
10 20 88.5726
85 95 42.6605
86 96 23.4314
33 43 63.6469
88 98 37.9739
3 13 89.9728
88 98 37.8877
82 92 12.2444
90 100 40.06
9 19 79.0481
17 27 80.3999
96 100 25.8023
30 40 63.0944
2 12 87.8138
89 99 11.5199
69 79 51.5108
55 65 58.2596
41 51 44.4729
10 20 81.2919
58 68 33.5577
29 39 60.6405
42 52 53.6102
12 22 78.1792
80 90 28.9918
50 60 59.6988
78 88 18.2825
22 32 73.1607
68 78 37.916
90 100 8.5147
92 100 24.3286
24 34 76.3579
50 60 53.3104
86 96 43.5666
7 17 82.8409
13 23 82.7809
85 95 37.1515
14 24 74.3906
59 69 42.3944
4 14 84.8057
100 100 19.2186
34 44 60.5144
5 15 89.9975
90 100 35.3109
17 27 79.5932
18 28 61.9448
28 38 62.066
73 83 37.3174
20 30 79.9075
72 82 36.1766
82 92 25.6137
86 96 21.71
9 19 81.5301
2 12 87.3795
52 62 67.5273
95 100 39.9841
32 42 56.8199
26 36 75.0354
40 50 66.001
88 98 38.2221
34 44 65.0894
55 65 61.981
69 79 30.7182
65 75 51.617
65 75 49.3745
80 90 13.5748
1 11 91.2904
57 67 32.0413
92 100 40.6623
42 52 60.4211
67 77 57.464
88 98 45.8099
6 16 90.6361
80 90 52.4104
90 100 28.7639
78 88 17.6669
23 33 63.5831
13 23 78.6822
2 12 89.9064
96 100 24.5808
2 12 92.0122
90 100 36.4321
84 94 11.9053
20 30 81.7867
17 27 82.9192
13 23 76.7867
69 79 17.4181
69 79 31.0416
85 95 42.8135
100 100 29.635
76 86 43.6551
94 100 13.5895
73 83 40.9715
73 83 28.3216
1 11 87.7126
52 62 38.6449
11 21 84.0064
99 100 43.4663
10 20 75.032
45 55 59.3023
21 31 71.0025
64 74 37.7745
84 94 29.6905
68 78 38.712
5 15 90.6552
60 70 23.8593
26 36 70.0569
83 93 8.7877
56 66 44.7093
55 65 29.5229
88 98 26.9454
20 30 68.3912
70 80 39.1438
12 22 69.7592
38 48 40.2438
31 41 71.3282
94 100 25.5126
43 53 47.256
23 33 75.885
57 67 59.9122
7 17 78.3845
63 73 32.9407
11 21 84.3091
85 95 31.1878
54 64 41.5122
4 14 80.6907
55 65 44.7253
19 29 80.9694
13 23 81.0288
37 47 67.6704
31 41 71.6359
1 11 89.6847
96 100 19.5426
83 93 43.9901
22 32 75.3302
12 22 77.127
8 18 83.3679
42 52 73.3352
54 64 33.9854
70 80 44.2039
87 97 19.382
40 50 59.3917
88 98 30.0315
36 46 62.6235
97 100 30.777
92 100 27.5814
13 23 76.7674
87 97 38.6262
55 65 52.7831
77 87 31.5439
54 64 52.9256
80 90 47.3124
9 19 79.1726
60 70 58.0035
98 100 55.1915
11 21 77.4787
27 37 69.9598
95 100 35.349
26 36 66.0806
41 51 57.3579
28 38 67.1007
24 34 80.2691
40 50 61.5754
97 100 36.7284
13 23 69.1725
74 84 18.1902
28 38 76.7323
30 40 73.8173
51 61 52.4915
8 18 83.8104
27 37 54.3449
47 57 61.4593
82 92 24.6056
51 61 33.1108
5 15 84.1201
99 100 21.4489
12 22 84.3624
97 100 7.1177
63 73 54.3847
44 54 59.4009
41 51 63.3616
51 61 44.7521
29 39 76.0053
100 100 18.4041
81 91 30.3899
51 61 65.738
12 22 79.7181
6 16 90.6037
44 54 46.8896
14 24 80.5022
31 41 57.3367
74 84 46.4279
17 27 80.7913
25 35 64.714
78 88 38.0985
34 44 51.7508
64 74 51.1897
12 22 84.1568
85 95 46.5301
95 100 25.2687
90 100 33.4905
