900 27086 4.3589
25 35 75.6117
90 100 44.7588
84 94 26.9839
31 41 62.2616
14 24 75.784
67 77 53.3323
96 100 37.4899
43 53 67.5092
24 34 68.7423
52 62 47.5328
23 33 68.2722
15 25 72.3095
28 38 75.0268
74 84 46.5492
99 100 19.5497
26 36 74.1269
64 74 56.3265
23 33 66.0075
81 91 28.7382
86 96 22.8666
81 91 32.3465
54 64 63.1405
6 16 83.3496
19 29 80.4609
34 44 70.9149
98 100 12.2178
77 87 57.643
53 63 62.0755
17 27 70.5986
55 65 60.0517
4 14 82.022
1 11 91.924
74 84 27.3791
78 88 38.9176
49 59 56.1615
53 63 39.1551
30 40 78.2906
79 89 30.1698
20 30 77.6531
89 99 17.8963
15 25 77.2975
5 15 89.0607
89 99 21.3398
45 55 55.9773
17 27 86.1017
1 11 91.878
44 54 49.5419
17 27 74.5736
84 94 31.7611
90 100 6.4801
70 80 18.7662
27 37 67.7592
51 61 35.2183
82 92 19.6222
79 89 45.9616
63 73 57.7068
36 46 71.3265
6 16 87.7576
82 92 22.2652
38 48 43.6881
48 58 58.2459
88 98 13.4469
66 76 23.8017
11 21 81.6565
3 13 89.0853
27 37 59.29
43 53 48.2803
42 52 71.9698
46 56 47.7481
35 45 72.2993
41 51 51.1068
99 100 19.3178
76 86 46.3843
24 34 69.2856
91 100 16.1475
29 39 54.0901
76 86 33.0016
33 43 45.3117
27 37 76.629
26 36 71.1543
79 89 12.8193
91 100 44.7561
36 46 54.2948
4 14 84.9494
33 43 70.0418
91 100 28.1664
1 11 93.8341
63 73 19.3547
5 15 85.5977
72 82 20.1601
96 100 14.2272
59 69 33.1189
75 85 31.5923
26 36 78.4057
14 24 76.8936
11 21 79.4024
70 80 55.8801
38 48 53.1864
81 91 32.2533
47 57 45.7301
53 63 51.1726
27 37 69.9515
46 56 69.3672
35 45 72.4558
62 72 58.9916
9 19 87.5609
95 100 28.0889
73 83 24.0767
16 26 74.8363
47 57 50.9168
62 72 48.183
8 18 86.9444
31 41 63.0341
2 12 91.8626
7 17 82.9538
54 64 37.5977
75 85 53.9681
98 100 27.1004
75 85 43.2201
32 42 63.3919
72 82 60.0377
7 17 84.2889
81 91 45.2377
77 87 36.7127
69 79 47.0171
40 50 51.3788
94 100 15.992
44 54 58.8381
88 98 11.6002
29 39 68.051
29 39 66.1148
92 100 36.4973
6 16 89.2118
95 100 36.3018
60 70 56.4166
49 59 40.619
86 96 45.7287
79 89 37.5365
2 12 92.5752
57 67 34.797
100 100 17.8701
24 34 63.7874
71 81 44.289
77 87 43.597
85 95 27.3634
83 93 31.4598
30 40 71.3383
85 95 17.4022
83 93 37.6149
78 88 31.5013
96 100 44.0511
55 65 47.2326
42 52 50.4583
32 42 72.7984
32 42 55.0223
31 41 67.5717
96 100 40.6445
8 18 80.5327
79 89 25.1793
97 100 34.7121
20 30 78.5262
37 47 74.4804
44 54 63.4906
43 53 55.7053
25 35 68.4094
73 83 31.6249
98 100 22.6566
58 68 45.8532
94 100 30.359
81 91 17.3247
47 57 57.8421
69 79 16.666
89 99 29.3309
89 99 23.0842
89 99 6.6296
49 59 52.2483
9 19 76.6448
60 70 39.2916
62 72 24.1474
50 60 43.7014
8 18 84.5131
91 100 41.1933
56 66 50.7457
80 90 15.7085
19 29 71.5378
44 54 43.6723
51 61 45.1087
38 48 58.2276
84 94 17.4557
58 68 49.3366
23 33 79.0748
67 77 18.1919
37 47 62.9706
81 91 27.3885
13 23 81.0666
17 27 65.8386
62 72 41.6309
81 91 43.9794
96 100 31.4093
5 15 83.7097
90 100 6.5122
58 68 41.636
71 81 37.0954
73 83 60.762
84 94 29.8411
19 29 85.0287
31 41 68.8402
28 38 64.6561
18 28 68.6114
50 60 56.6181
54 64 31.7239
43 53 50.9111
82 92 15.2959
38 48 45.7625
68 78 48.4096
73 83 33.2502
21 31 68.3482
77 87 18.026
88 98 45.5558
40 50 48.1206
20 30 63.8273
26 36 73.6816
46 56 42.4309
64 74 53.3455
27 37 63.5289
86 96 10.6367
38 48 53.344
12 22 87.9469
61 71 53.1033
39 49 51.7738
87 97 22.7729
17 27 75.7701
27 37 65.3656
32 42 61.5032
3 13 81.6258
14 24 84.7136
35 45 50.7272
33 43 65.5792
41 51 54.553
50 60 51.8558
2 12 88.7176
60 70 52.406
88 98 17.854
30 40 59.7143
64 74 38.6424
55 65 29.1071
45 55 56.2365
35 45 64.9523
8 18 75.3424
31 41 67.2548
55 65 43.9039
55 65 49.2144
70 80 37.4911
28 38 75.1273
90 100 29.4003
90 100 38.2753
29 39 76.6185
56 66 45.6327
77 87 34.849
86 96 9.2222
92 100 27.1514
84 94 32.1104
8 18 81.6439
57 67 50.5407
46 56 47.4556
39 49 59.7761
30 40 57.7509
6 16 84.3257
27 37 56.7386
90 100 16.9316
93 100 28.882
50 60 67.0466
76 86 24.984
62 72 36.9202
30 40 69.7676
49 59 40.8999
44 54 52.1631
68 78 48.6283
83 93 15.2944
46 56 40.5845
6 16 87.7088
92 100 30.9136
99 100 30.1895
95 100 16.8157
83 93 15.0443
37 47 59.512
1 11 91.8531
99 100 25.3281
59 69 44.4649
74 84 35.1068
95 100 33.6574
60 70 42.3345
41 51 60.2254
95 100 12.633
32 42 54.8222
48 58 59.6231
87 97 22.878
6 16 84.8296
72 82 39.6799
36 46 69.5106
3 13 84.9623
92 100 12.9881
46 56 44.1069
86 96 31.5709
88 98 37.2405
86 96 17.1529
84 94 34.1745
29 39 64.3701
45 55 61.6633
32 42 71.8782
45 55 57.4003
24 34 74.4579
15 25 75.8571
27 37 59.3424
77 87 19.3503
73 83 20.8465
4 14 80.013
69 79 51.2856
51 61 53.9358
36 46 65.2202
86 96 17.619
22 32 71.9308
80 90 18.8643
11 21 88.4014
41 51 68.145
61 71 36.2982
33 43 58.9179
23 33 63.2089
61 71 48.8587
68 78 37.9333
27 37 68.9614
60 70 35.1898
47 57 58.0614
65 75 32.9292
99 100 28.924
25 35 57.9928
72 82 46.7008
36 46 53.4522
31 41 62.0046
86 96 52.7337
15 25 75.8972
16 26 72.9777
73 83 22.4923
34 44 61.5017
17 27 77.4541
26 36 65.3333
26 36 65.4578
73 83 32.342
22 32 65.6035
23 33 74.5857
94 100 36.4248
96 100 46.3924
64 74 39.6308
4 14 81.8699
64 74 50.4384
4 14 84.2228
5 15 82.9028
60 70 26.7124
70 80 57.3685
96 100 47.6059
17 27 69.0777
5 15 91.0173
91 100 9.5351
17 27 76.7937
50 60 55.8158
36 46 65.8224
16 26 77.4558
30 40 55.6322
89 99 21.5073
45 55 48.2164
11 21 82.8591
79 89 15.2006
12 22 80.565
97 100 30.0589
35 45 59.6216
6 16 79.1032
69 79 59.4842
9 19 84.8683
75 85 23.9385
22 32 78.5776
74 84 48.115
30 40 67.8943
86 96 16.4228
57 67 56.7883
28 38 55.9848
73 83 24.1356
21 31 67.6918
71 81 50.6389
52 62 51.3702
40 50 54.0946
55 65 50.7614
61 71 54.5043
74 84 35.7317
61 71 39.5918
60 70 61.5409
89 99 49.2285
5 15 85.8643
8 18 80.5704
88 98 32.4501
76 86 15.7474
35 45 72.5802
23 33 77.3432
100 100 43.4452
60 70 56.0956
29 39 78.4801
65 75 52.2541
11 21 78.7195
42 52 52.6191
91 100 12.9096
48 58 38.9201
17 27 67.1941
46 56 40.8513
62 72 61.4013
77 87 35.5586
8 18 78.7266
79 89 33.2687
24 34 82.5845
17 27 69.0661
48 58 57.2232
45 55 63.5783
63 73 27.3038
28 38 72.461
52 62 45.6462
22 32 68.0741
24 34 69.5806
39 49 64.5564
91 100 10.9687
32 42 66.8666
12 22 81.9677
52 62 58.9901
56 66 56.0147
73 83 18.5485
90 100 23.572
42 52 41.7355
19 29 68.464
30 40 68.988
87 97 32.2147
91 100 46.8198
46 56 63.4046
70 80 39.0375
44 54 47.1104
23 33 60.1075
16 26 75.1949
59 69 53.7978
6 16 83.5871
93 100 38.0664
29 39 61.981
96 100 14.0325
54 64 55.8129
1 11 90.5581
33 43 59.7514
62 72 57.8756
66 76 23.475
79 89 54.3523
60 70 56.3986
43 53 34.4675
74 84 56.3505
58 68 62.26
11 21 76.7481
24 34 78.3668
29 39 72.5955
86 96 43.9383
72 82 43.3451
42 52 48.9748
53 63 46.638
79 89 11.3428
13 23 76.8726
74 84 36.5432
40 50 44.3889
25 35 69.1825
89 99 18.2808
10 20 83.1908
66 76 24.7616
22 32 67.409
29 39 78.9894
9 19 75.9077
14 24 67.6983
81 91 57.2217
20 30 82.0854
28 38 68.7125
80 90 31.7014
95 100 31.6609
6 16 85.361
4 14 88.7232
91 100 18.4127
6 16 83.3313
24 34 64.4022
45 55 47.109
34 44 50.6303
100 100 27.6014
52 62 34.5438
25 35 68.0675
26 36 73.5581
87 97 38.8141
47 57 53.2243
4 14 88.71
39 49 61.5158
22 32 60.2968
12 22 79.6753
7 17 84.2816
71 81 43.5138
31 41 75.8345
17 27 80.5596
3 13 91.8991
11 21 81.8898
34 44 48.1747
3 13 88.8269
9 19 76.8252
40 50 44.0232
49 59 54.6624
4 14 82.1615
23 33 67.9091
18 28 73.3078
26 36 73.0546
48 58 39.3305
66 76 48.7399
4 14 91.6194
64 74 53.6747
70 80 47.2409
24 34 69.4106
93 100 6.1058
87 97 39.3455
76 86 31.927
50 60 45.9955
43 53 50.7058
14 24 68.3896
29 39 68.8385
48 58 38.2258
29 39 65.204
74 84 41.0215
61 71 38.4363
31 41 69.898
39 49 73.8981
25 35 63.6868
62 72 50.5862
52 62 67.6292
58 68 54.4526
22 32 64.253
98 100 30.1445
27 37 59.9695
84 94 35.2895
53 63 37.4152
88 98 51.1997
12 22 84.9734
63 73 44.3902
58 68 59.4611
47 57 47.5576
18 28 70.9082
96 100 46.2903
25 35 70.2378
13 23 81.6258
18 28 80.1222
52 62 52.606
93 100 46.1788
27 37 67.4435
53 63 39.254
43 53 56.3265
80 90 52.0331
22 32 73.5975
47 57 59.9045
79 89 21.5166
33 43 61.2807
74 84 44.5196
7 17 85.2557
56 66 54.6979
89 99 35.0452
76 86 32.6829
15 25 71.1863
76 86 39.6623
24 34 69.3722
70 80 33.7027
66 76 43.7212
76 86 26.1295
93 100 41.7497
91 100 9.5914
32 42 65.162
25 35 71.3518
27 37 76.3736
57 67 47.3482
33 43 64.0384
88 98 17.0445
4 14 82.2812
58 68 39.8413
93 100 13.1675
26 36 54.1887
74 84 23.3666
47 57 63.5002
56 66 36.2801
23 33 68.9215
65 75 54.3685
37 47 63.0103
75 85 37.583
67 77 49.5855
37 47 72.6279
9 19 89.1004
40 50 54.9348
63 73 32.6784
62 72 35.3026
41 51 53.9652
74 84 14.4081
98 100 42.3437
55 65 39.5327
72 82 24.0679
68 78 53.3908
47 57 54.6638
10 20 71.6698
95 100 10.6654
87 97 19.6382
3 13 83.9972
35 45 58.6113
55 65 55.8293
66 76 39.4673
16 26 81.6222
1 11 85.0398
50 60 54.7274
42 52 63.0087
25 35 75.0996
82 92 33.0959
100 100 9.7706
100 100 28.3162
83 93 46.7897
56 66 28.4526
5 15 83.7975
5 15 89.1514
48 58 66.2336
24 34 79.8217
1 11 89.6752
36 46 54.9303
93 100 12.9823
74 84 53.8213
3 13 84.732
23 33 74.2234
75 85 15.8619
85 95 36.9786
58 68 46.1435
16 26 80.9892
8 18 88.906
21 31 77.3098
81 91 42.25
69 79 23.3221
75 85 34.5815
64 74 38.2332
71 81 38.8827
82 92 39.2089
47 57 52.1717
35 45 72.058
59 69 54.8044
69 79 50.6574
8 18 74.8242
85 95 46.2944
43 53 54.7112
11 21 86.9799
21 31 73.0957
22 32 69.8445
32 42 63.2868
34 44 63.1707
20 30 77.3116
23 33 74.9021
62 72 57.2186
64 74 29.8061
43 53 57.3458
71 81 23.5934
64 74 35.6182
37 47 61.2776
2 12 86.8885
45 55 56.2545
57 67 40.3225
43 53 46.0159
71 81 28.1218
52 62 45.0067
50 60 46.5138
67 77 37.1941
53 63 41.8441
35 45 57.2156
84 94 35.9628
61 71 53.8741
1 11 87.3421
58 68 59.8318
18 28 66.5921
38 48 66.9206
63 73 43.3886
58 68 49.838
68 78 49.1079
35 45 63.1469
52 62 32.2363
1 11 91.2942
56 66 54.2344
7 17 81.6132
10 20 75.1342
24 34 65.8224
82 92 24.4431
69 79 30.3612
39 49 61.8079
83 93 51.5998
100 100 35.1696
69 79 32.7871
26 36 73.6061
40 50 64.9378
100 100 23.4682
22 32 78.8402
93 100 14.5703
85 95 46.1625
50 60 56.0911
97 100 48.1247
65 75 34.2529
64 74 37.9961
91 100 21.349
23 33 64.3637
26 36 68.2987
39 49 64.9265
15 25 76.573
99 100 14.2355
56 66 35.267
58 68 29.0187
27 37 67.5602
98 100 14.9607
86 96 12.4969
79 89 26.1632
75 85 23.3917
31 41 58.3574
3 13 88.251
37 47 53.9006
94 100 37.0625
74 84 38.0442
61 71 53.4156
71 81 29.499
17 27 85.8513
86 96 34.3959
100 100 23.8388
27 37 76.5975
86 96 17.2267
62 72 57.1717
47 57 61.0039
56 66 53.4873
54 64 32.935
96 100 50.0174
36 46 59.6463
89 99 25.3714
99 100 25.3412
3 13 85.4238
81 91 28.3695
32 42 60.0858
88 98 27.7866
6 16 84.7468
24 34 69.4922
84 94 43.7926
76 86 28.7628
59 69 30.3403
30 40 61.9747
57 67 39.4874
83 93 34.5603
43 53 62.7819
90 100 23.1034
39 49 53.3134
39 49 52.1371
97 100 23.2382
98 100 15.703
85 95 36.7685
14 24 72.1107
73 83 21.4147
26 36 57.0493
77 87 43.9609
67 77 27.488
2 12 85.4127
64 74 54.7866
95 100 30.4892
71 81 28.4686
7 17 85.944
72 82 47.5245
71 81 30.5909
54 64 41.4478
86 96 24.2941
20 30 74.6548
24 34 77.8683
53 63 33.6087
86 96 36.4864
84 94 26.4289
26 36 56.0043
85 95 39.5377
32 42 69.1742
56 66 52.4133
58 68 62.5206
74 84 36.7212
67 77 41.6928
5 15 89.7624
61 71 47.7605
52 62 41.2922
20 30 71.509
28 38 77.25
69 79 46.6913
80 90 29.4512
92 100 35.0073
97 100 38.5169
99 100 6.3086
49 59 65.7267
23 33 54.8755
76 86 23.0996
9 19 83.4117
15 25 80.7859
82 92 35.7616
78 88 37.6407
32 42 63.7011
5 15 79.6235
80 90 21.3038
100 100 11.7108
56 66 54.23
22 32 75.1932
61 71 27.9555
37 47 55.1009
62 72 41.7885
58 68 50.7956
99 100 9.9679
41 51 61.1571
39 49 60.6436
15 25 77.3274
65 75 38.2295
45 55 61.8818
85 95 32.2999
15 25 74.3113
13 23 76.4768
44 54 60.1183
47 57 51.8112
79 89 14.0708
21 31 60.5377
43 53 40.3466
43 53 51.6558
93 100 29.8717
27 37 57.1596
69 79 43.9635
81 91 18.1135
62 72 56.7687
18 28 75.0233
100 100 26.6442
53 63 51.8386
21 31 79.6485
32 42 68.7025
55 65 48.0679
78 88 42.5091
48 58 41.971
63 73 54.4836
18 28 81.0864
10 20 77.3204
51 61 60.2626
55 65 35.8813
33 43 68.3268
51 61 45.2498
100 100 25.3029
9 19 88.7552
13 23 72.6245
48 58 37.2283
11 21 85.5551
6 16 87.3309
42 52 57.7509
92 100 37.1563
58 68 34.6073
73 83 39.4233
42 52 60.2378
36 46 72.0546
59 69 46.5274
57 67 37.6174
92 100 30.1654
59 69 34.6038
53 63 51.5036
4 14 87.3776
51 61 39.3719
11 21 77.6866
90 100 24.5481
75 85 43.3372
83 93 21.2899
14 24 76.8305
93 100 12.0111
52 62 35.9808
48 58 49.5363
11 21 81.382
18 28 71.048
94 100 22.792
59 69 58.596
7 17 85.9774
100 100 39.7984
81 91 23.9043
9 19 83.085
86 96 27.9809
16 26 65.2832
5 15 81.8591
60 70 43.6855
58 68 54.9526
37 47 61.7592
26 36 60.5969
98 100 47.0116
5 15 90.8323
20 30 72.2789
2 12 83.8543
87 97 32.9706
100 100 30.0425
78 88 13.4682
75 85 24.2192
59 69 55.2763
89 99 16.644
88 98 23.4798
83 93 25.3291
