400 12147 4.3589
61 71 42.0021
29 39 71.6782
99 100 26.5081
92 100 24.9141
59 69 31.9169
58 68 49.4772
80 90 49.5827
7 17 82.0401
85 95 28.4302
38 48 51.2842
24 34 61.4766
64 74 27.5037
33 43 56.8968
11 21 89.5692
13 23 82.2359
66 76 54.3552
81 91 23.0602
5 15 91.5638
64 74 33.8107
83 93 34.9482
9 19 86.1648
95 100 28.2312
63 73 33.2871
32 42 54.2314
39 49 65.3268
10 20 77.7483
77 87 46.526
59 69 33.8235
59 69 61.0914
93 100 50.7557
81 91 31.9157
39 49 48.8545
30 40 53.2447
67 77 26.0886
44 54 65.1717
88 98 34.2763
54 64 62.4558
62 72 47.0733
64 74 45.8654
59 69 36.1381
14 24 82.3647
80 90 26.2031
68 78 42.8095
100 100 16.0392
65 75 56.1106
45 55 52.1313
95 100 21.9417
95 100 18.1357
73 83 46.5738
69 79 46.5165
61 71 52.6133
44 54 45.8464
38 48 54.0078
75 85 45.8654
39 49 54.8725
94 100 18.4195
71 81 50.2256
53 63 51.699
75 85 21.8556
27 37 71.1982
63 73 50.2922
62 72 39.0238
68 78 52.3713
95 100 23.789
29 39 73.1179
37 47 66.1506
7 17 78.3491
31 41 71.0514
52 62 33.5125
72 82 57.8269
81 91 10.7518
94 100 21.7128
77 87 39.3781
44 54 50.6631
100 100 50.8383
84 94 33.0234
34 44 61.6476
70 80 41.7406
78 88 23.9092
53 63 52.8456
31 41 58.8182
57 67 46.3094
83 93 11.5899
85 95 28.5925
96 100 41.6993
48 58 33.196
66 76 54.1564
30 40 56.262
31 41 79.2278
91 100 44.0564
27 37 76.1099
18 28 67.5733
34 44 64.6384
7 17 77.5615
65 75 43.8032
19 29 78.2146
64 74 51.4921
84 94 25.6563
71 81 38.6511
27 37 67.6161
39 49 42.9195
69 79 37.5156
33 43 72.5853
76 86 55.1544
91 100 38.6275
51 61 66.105
38 48 60.3309
87 97 10.6315
82 92 46.9061
86 96 11.9591
43 53 55.8921
7 17 88.2472
64 74 38.5952
81 91 24.6721
96 100 12.344
84 94 24.8552
88 98 23.9708
52 62 50.6916
90 100 4.7808
12 22 75.4987
59 69 33.1546
16 26 76.9304
100 100 35.7927
87 97 17.1661
8 18 79.0552
86 96 12.5309
83 93 53.2112
69 79 42.1032
83 93 14.3755
93 100 42.0747
8 18 87.3328
61 71 48.9944
14 24 79.2296
79 89 36.8692
8 18 80.0059
95 100 37.4263
28 38 50.8554
63 73 41.6967
84 94 35.8621
17 27 76.0925
11 21 75.0632
57 67 61.7152
92 100 19.131
81 91 21.7389
36 46 74.5995
65 75 35.3811
51 61 56.5293
27 37 64.5628
72 82 39.9058
75 85 33.3067
16 26 79.413
76 86 44.3476
38 48 47.0967
87 97 17.9064
23 33 55.5278
93 100 33.7456
99 100 36.4744
47 57 48.814
4 14 82.4065
1 11 88.4446
83 93 20.205
57 67 54.7659
9 19 82.9302
33 43 50.8697
25 35 73.438
7 17 87.1646
48 58 57.6719
34 44 62.2347
49 59 62.4527
93 100 28.9218
63 73 64.6641
15 25 81.2865
18 28 73.8671
78 88 31.1107
27 37 77.9106
4 14 87.5085
88 98 22.122
29 39 78.7142
14 24 77.5773
20 30 73.1641
51 61 36.9032
37 47 65.7672
41 51 59.8813
85 95 37.7328
75 85 46.4115
61 71 46.1014
37 47 44.9302
8 18 80.6691
80 90 32.6715
40 50 51.0939
39 49 63.3632
55 65 43.9052
18 28 75.2921
92 100 34.1266
59 69 58.5424
7 17 83.1087
37 47 65.4174
93 100 34.3396
6 16 85.4811
66 76 26.6576
85 95 51.3086
73 83 51.9697
39 49 65.288
32 42 52.38
67 77 28.3865
33 43 76.0576
37 47 67.0106
42 52 56.8923
24 34 61.5001
66 76 50.6588
71 81 37.9961
56 66 33.7201
56 66 40.6738
89 99 37.5365
50 60 57.602
97 100 38.0738
4 14 92.089
48 58 51.781
76 86 49.9637
10 20 81.7994
86 96 38.3334
49 59 61.1743
30 40 74.577
28 38 72.2551
74 84 25.8735
55 65 47.9584
47 57 38.2171
46 56 67.222
73 83 22.0684
21 31 77.2694
47 57 48.6562
77 87 47.1955
71 81 51.184
36 46 68.5319
11 21 76.1535
95 100 34.1056
14 24 80.9532
26 36 64.2643
4 14 86.5291
37 47 69.5206
29 39 78.4854
35 45 54.149
12 22 80.047
35 45 63.5719
96 100 12.9269
41 51 61.2494
64 74 52.0865
81 91 21.9258
43 53 36.8935
83 93 34.233
26 36 71.5902
35 45 49.2144
39 49 57.5353
49 59 42.9208
86 96 46.5984
12 22 84.8609
71 81 40.4521
30 40 57.3624
34 44 59.2099
12 22 78.9912
62 72 48.7637
70 80 62.1543
42 52 56.7476
32 42 64.7687
55 65 44.7039
5 15 87.9356
20 30 78.9681
17 27 77.9724
89 99 46.0919
47 57 62.9008
35 45 74.1665
10 20 82.2431
36 46 57.32
37 47 46.9307
49 59 58.5577
64 74 55.501
36 46 49.3998
19 29 62.0676
16 26 73.1162
77 87 35.3133
71 81 39.7202
49 59 42.7141
14 24 78.9326
29 39 78.7568
94 100 18.3827
53 63 61.8126
96 100 28.1101
42 52 53.1266
12 22 76.6605
10 20 75.8188
39 49 57.2474
1 11 86.0906
72 82 33.5925
56 66 44.8016
50 60 46.4088
30 40 78.7372
29 39 55.9055
49 59 53.4902
26 36 77.863
87 97 47.6169
23 33 72.0258
79 89 38.8989
34 44 52.4726
51 61 53.7656
81 91 38.1936
32 42 51.5093
26 36 65.133
47 57 53.767
84 94 44.9074
79 89 35.2302
69 79 39.2089
54 64 29.0618
3 13 91.5351
26 36 57.4534
33 43 68.1516
23 33 70.4089
4 14 87.3832
88 98 31.0037
6 16 84.6474
29 39 71.7307
5 15 87.4094
22 32 58.6741
67 77 37.1783
99 100 25.5389
92 100 44.4982
67 77 36.1009
2 12 89.2231
5 15 86.4528
30 40 63.2232
42 52 54.0887
97 100 32.7493
45 55 60.6171
55 65 60.4817
70 80 30.2654
49 59 50.9097
30 40 73.6679
61 71 51.4433
63 73 50.2468
96 100 22.5217
86 96 36.0804
92 100 34.7652
96 100 26.6948
58 68 34.2143
63 73 38.1763
63 73 54.3302
7 17 89.5995
4 14 84.5775
49 59 48.2608
59 69 39.782
48 58 62.5175
89 99 23.4314
69 79 34.1769
67 77 62.1748
4 14 88.2735
70 80 40.503
12 22 83.8598
83 93 10.9992
16 26 77.9212
74 84 14.0243
37 47 52.1616
10 20 83.7719
64 74 35.5538
10 20 78.3774
64 74 39.8224
29 39 70.1859
94 100 36.4852
77 87 47.7605
81 91 8.0299
62 72 41.9192
95 100 26.0396
39 49 58.7292
99 100 14.7756
90 100 26.7517
10 20 79.3168
14 24 72.9128
43 53 59.0638
44 54 55.9803
5 15 83.7426
79 89 32.9166
59 69 35.5264
76 86 31.716
10 20 81.2324
23 33 67.0777
77 87 23.832
36 46 60.3387
72 82 25.1151
42 52 61.7717
37 47 56.918
100 100 39.6447
38 48 47.6279
6 16 86.0256
59 69 26.7031
25 35 74.0908
33 43 65.4708
10 20 76.9129
39 49 67.432
67 77 25.7343
1 11 92.4271
50 60 50.0302
30 40 68.2805
