400 11992 4.3589
92 100 51.6975
46 56 65.6019
73 83 19.2809
70 80 32.0209
86 96 19.471
39 49 50.3717
22 32 68.3648
36 46 48.6395
8 18 88.1496
23 33 60.7714
52 62 45.6976
42 52 55.2094
64 74 34.2611
99 100 34.0496
61 71 30.8303
87 97 23.0333
37 47 71.4414
97 100 45.1288
77 87 17.4432
30 40 68.3648
8 18 86.464
29 39 63.8145
87 97 16.573
2 12 86.4454
55 65 61.497
35 45 67.1334
48 58 58.3788
5 15 83.8671
28 38 62.538
90 100 36.2633
86 96 48.5252
5 15 85.0195
95 100 11.9702
92 100 14.0453
27 37 61.8472
55 65 62.7026
42 52 58.2337
5 15 86.0553
93 100 16.6978
20 30 70.9857
41 51 49.2018
82 92 20.8557
97 100 24.9151
3 13 89.8837
98 100 34.8962
53 63 51.4763
10 20 86.6389
53 63 58.1117
45 55 58.5118
48 58 38.8241
65 75 41.065
43 53 59.0761
13 23 82.4518
49 59 54.5648
91 100 32.6921
80 90 21.563
19 29 66.8977
7 17 81.3802
60 70 26.9091
8 18 76.0785
33 43 58.0812
94 100 28.1207
31 41 61.8692
11 21 76.6658
99 100 33.5172
45 55 50.4512
19 29 66.4861
1 11 89.8704
10 20 77.25
20 30 77.1095
25 35 69.5706
61 71 28.6428
32 42 63.5687
62 72 44.9624
29 39 55.2391
35 45 72.182
21 31 73.0051
28 38 71.2319
26 36 60.8915
9 19 80.4537
70 80 21.1618
18 28 78.8331
96 100 34.9435
46 56 69.9782
25 35 68.0213
81 91 33.7945
39 49 67.0908
100 100 36.6667
48 58 56.8757
53 63 44.2331
95 100 9.3765
31 41 60.5782
10 20 77.1165
46 56 43.7357
18 28 69.7509
40 50 67.1728
79 89 34.3642
33 43 61.4264
23 33 82.4827
96 100 34.6521
86 96 10.8893
61 71 54.6239
18 28 74.1287
20 30 66.1912
27 37 66.5987
88 98 49.3296
55 65 49.3296
30 40 64.9475
24 34 64.9185
65 75 33.9271
85 95 17.7174
36 46 53.5019
93 100 9.0481
14 24 75.7561
89 99 36.4562
2 12 88.6686
17 27 68.9448
52 62 67.1121
18 28 85.6513
26 36 64.4006
12 22 81.6059
29 39 59.8318
24 34 64.714
38 48 67.5059
8 18 85.5107
34 44 68.6346
16 26 74.2768
27 37 69.2357
52 62 59.1146
35 45 58.4644
66 76 30.1094
15 25 69.9682
65 75 58.596
99 100 35.9065
38 48 70.7247
42 52 60.8384
76 86 49.3394
11 21 83.4738
24 34 67.8317
4 14 88.1496
14 24 86.1054
22 32 78.0272
28 38 80.1329
34 44 55.4995
43 53 53.4507
66 76 45.4869
38 48 70.5281
71 81 59.5737
81 91 28.7811
53 63 28.735
94 100 40.721
67 77 28.3418
28 38 71.3366
92 100 28.8648
56 66 30.9025
55 65 54.2359
61 71 51.0639
36 46 67.3795
75 85 29.5414
7 17 80.3121
77 87 19.1783
23 33 80.928
35 45 74.3406
10 20 80.4465
20 30 74.401
10 20 79.7824
70 80 48.097
36 46 44.6251
95 100 12.3475
52 62 57.6324
78 88 48.3985
12 22 86.1314
81 91 39.9209
62 72 43.357
21 31 63.6597
66 76 31.2917
69 79 45.1463
72 82 19.5258
11 21 78.0449
99 100 17.152
86 96 13.4917
94 100 45.3899
6 16 78.6326
74 84 35.4596
26 36 73.7211
100 100 43.9357
19 29 61.9826
60 70 26.3888
26 36 71.2015
54 64 53.1266
15 25 68.013
37 47 62.1969
20 30 73.6181
66 76 56.5504
97 100 31.9745
13 23 70.7382
25 35 67.5372
91 100 20.8264
4 14 89.6866
84 94 33.2064
41 51 61.6366
13 23 74.1459
3 13 87.9338
67 77 40.6776
58 68 53.0333
26 36 76.157
71 81 33.301
65 75 49.4912
50 60 58.4705
91 100 20.7216
29 39 64.2402
46 56 52.0966
47 57 41.7652
39 49 57.5444
94 100 40.5667
61 71 43.9834
28 38 67.8268
58 68 34.0496
88 98 31.3846
82 92 20.5699
78 88 56.2005
65 75 43.9158
77 87 24.1464
69 79 27.2766
61 71 49.0518
24 34 68.4574
46 56 62.9372
88 98 39.2239
22 32 70.8089
74 84 36.9081
97 100 22.771
67 77 32.3135
100 100 47.6362
87 97 24.7944
78 88 19.9246
49 59 61.5001
44 54 66.9549
13 23 79.121
85 95 9.3538
99 100 24.1091
65 75 47.7605
20 30 66.5611
54 64 43.1229
56 66 43.7569
76 86 31.0773
13 23 87.2767
88 98 24.1631
30 40 60.8228
78 88 50.951
52 62 64.112
36 46 47.9681
85 95 33.633
99 100 45.468
25 35 67.728
18 28 76.9392
69 79 38.159
91 100 19.8747
39 49 39.5742
50 60 56.8184
41 51 54.8711
60 70 62.3958
94 100 34.8856
82 92 26.4607
44 54 56.2215
10 20 79.8914
3 13 92.4867
37 47 66.7489
48 58 60.1168
31 41 75.8153
26 36 64.3156
96 100 28.6075
26 36 68.5137
86 96 41.9593
31 41 64.5773
19 29 65.4109
39 49 55.2822
89 99 42.6932
7 17 89.4046
97 100 6.6301
4 14 91.8607
14 24 81.1675
76 86 49.8295
21 31 79.6431
45 55 46.3993
96 100 12.4094
1 11 91.2999
100 100 28.1929
94 100 44.8297
92 100 31.6935
1 11 90.9677
99 100 43.7913
36 46 70.077
52 62 47.4707
82 92 26.5534
4 14 91.6385
20 30 81.5337
100 100 11.4799
65 75 53.6175
10 20 85.433
89 99 17.2607
62 72 44.3316
62 72 31.9372
83 93 34.0146
67 77 60.4009
96 100 30.1401
88 98 8.6624
86 96 19.0288
46 56 48.2914
24 34 58.3971
19 29 75.2539
90 100 29.0424
98 100 30.5444
93 100 19.8265
29 39 72.7029
64 74 36.285
69 79 17.832
17 27 73.0307
87 97 43.3267
8 18 81.126
51 61 42.0799
91 100 16.3337
6 16 81.2396
49 59 61.1899
29 39 63.8705
8 18 74.7014
33 43 63.9104
69 79 44.4462
63 73 56.4918
79 89 20.3708
50 60 59.7328
75 85 32.2317
62 72 58.7461
79 89 36.5324
65 75 38.2208
50 60 38.5691
86 96 16.801
81 91 13.1798
77 87 35.229
44 54 69.8996
86 96 19.2037
9 19 87.6957
56 66 29.4252
34 44 57.6825
62 72 50.6218
39 49 67.1793
33 43 49.5715
26 36 72.3197
51 61 42.9339
16 26 68.9581
72 82 25.6664
23 33 61.555
7 17 86.7618
35 45 57.4049
32 42 67.9619
43 53 41.0279
94 100 39.5503
85 95 32.099
79 89 36.042
90 100 45.8519
13 23 82.7445
47 57 43.9397
87 97 17.6509
87 97 42.2981
86 96 19.2116
84 94 15.8476
14 24 70.005
97 100 12.2199
57 67 56.9044
79 89 53.2593
38 48 71.5445
14 24 78.1208
4 14 84.9955
44 54 57.5944
47 57 51.925
42 52 55.4757
9 19 82.3937
67 77 35.3121
1 11 90.3184
94 100 48.2761
26 36 67.5043
11 21 79.9612
66 76 57.4943
96 100 16.7854
87 97 29.3125
18 28 79.8557
58 68 37.8853
8 18 80.6063
68 78 60.3511
86 96 29.1773
95 100 12.5082
93 100 46.3107
12 22 78.8437
7 17 88.486
86 96 21.1775
75 85 32.6075
10 20 87.5385
39 49 66.4062
34 44 56.6693
12 22 81.3514
83 93 41.0919
