100 2889 4.3589
22 32 9.4433
100 100 30.7814
85 95 61.8095
71 81 26.6225
73 83 38.0948
29 39 7.9722
65 75 24.4669
82 92 48.1123
60 70 39.9993
2 12 1.1306
91 100 40.5922
100 100 95.8774
18 28 2.5953
42 52 12.2521
81 91 24.2428
85 95 68.6363
2 12 0.56
48 58 22.0844
90 100 37.3455
13 23 3.2975
15 25 5.6022
62 72 46.1448
6 16 0.7795
52 62 22.4562
100 100 35.5276
13 23 5.1416
22 32 8.2605
31 41 14.8672
29 39 9.9843
11 21 2.3113
6 16 0.7944
96 100 86.65
82 92 24.55
60 70 34.8808
50 60 22.443
6 16 0.9773
64 74 53.6498
72 82 26.8873
71 81 52.2931
26 36 5.7893
73 83 52.4915
12 22 2.271
63 73 24.1808
7 17 2.143
100 100 76.1378
89 99 38.1109
15 25 3.5611
16 26 5.2157
76 86 53.0945
96 100 76.0593
46 56 21.103
99 100 52.7512
2 12 0.3828
15 25 3.8777
75 85 28.9315
56 66 16.3232
18 28 2.4499
4 14 0.8493
3 13 0.5864
44 54 8.5054
82 92 71.6088
54 64 37.4287
75 85 41.6064
65 75 35.0796
81 91 76.9304
42 52 12.7828
82 92 21.5974
20 30 6.442
40 50 16.4536
78 88 20.005
19 29 4.8018
69 79 52.1501
59 69 35.3692
2 12 0.639
97 100 35.5013
3 13 0.5374
20 30 6.9696
4 14 1.2828
60 70 26.9413
97 100 42.5117
90 100 27.8932
58 68 13.7856
94 100 90.9219
44 54 15.386
77 87 31.7194
3 13 0.4359
61 71 14.721
23 33 4.0365
2 12 0.3936
67 77 44.7106
14 24 2.7916
58 68 18.8365
10 20 2.3824
38 48 13.4058
22 32 6.3172
5 15 1.1623
65 75 18.1399
21 31 3.9097
45 55 14.4286
70 80 32.1512
