400 11845 4.3589
37 47 5.5531
58 68 16.4195
53 63 18.7905
51 61 18.8712
26 36 8.0055
95 100 84.8978
70 80 60.3247
9 19 2.5712
39 49 16.7608
78 88 33.3518
44 54 10.9058
1 11 0.782
56 66 14.6919
36 46 13.6331
4 14 1.7432
99 100 74.0495
90 100 34.9092
31 41 15.3147
86 96 32.2079
4 14 0.546
30 40 6.232
5 15 0.6243
5 15 2.069
33 43 16.6758
24 34 7.8417
79 89 54.3715
79 89 52.1024
98 100 73.7211
64 74 53.6776
67 77 54.8177
60 70 26.3005
29 39 5.6074
90 100 61.7026
2 12 0.8737
39 49 14.9815
20 30 5.0427
53 63 25.045
82 92 28.2099
6 16 1.0685
5 15 0.9306
61 71 23.017
86 96 26.3179
56 66 18.8035
86 96 81.081
35 45 5.369
48 58 26.1714
45 55 27.7603
33 43 6.9891
35 45 18.9861
32 42 15.9888
99 100 75.6639
57 67 26.8718
35 45 13.4975
42 52 11.2802
29 39 11.3279
80 90 76.082
45 55 10.6641
86 96 51.9048
98 100 62.4479
51 61 25.028
93 100 32.2772
18 28 4.5301
11 21 2.2112
29 39 4.7028
37 47 20.2797
92 100 43.3938
15 25 4.2973
28 38 9.0529
20 30 4.3585
18 28 6.6983
39 49 22.0036
100 100 64.6303
66 76 28.537
93 100 47.1502
100 100 77.9459
73 83 36.4164
6 16 2.3113
100 100 74.5339
93 100 65.4449
61 71 12.9758
36 46 19.7189
97 100 62.5602
57 67 14.1745
21 31 3.7846
12 22 2.7852
15 25 4.3606
64 74 22.169
58 68 21.8154
79 89 39.1013
42 52 11.4352
91 100 49.4701
72 82 54.7482
87 97 25.7881
51 61 20.0373
60 70 15.1991
37 47 19.7021
93 100 46.7541
29 39 13.2948
88 98 62.7597
40 50 15.6341
95 100 82.6172
30 40 5.5866
8 18 2.2753
72 82 27.8911
94 100 67.3647
42 52 20.9407
60 70 34.7652
60 70 34.6992
50 60 12.155
13 23 2.8083
95 100 80.9982
86 96 69.6591
36 46 10.0052
76 86 43.7476
19 29 4.6596
16 26 4.0498
19 29 8.4059
32 42 17.3839
23 33 7.9062
18 28 6.2235
20 30 2.5475
67 77 33.7712
1 11 0.825
41 51 11.0178
98 100 52.8035
30 40 6.7205
40 50 6.8938
5 15 0.569
53 63 19.7892
100 100 36.5553
39 49 19.8952
95 100 29.0305
43 53 21.5259
34 44 5.7303
81 91 42.0072
72 82 59.1253
71 81 58.6603
1 11 1.199
58 68 23.6575
56 66 31.8943
59 69 45.8613
23 33 3.5555
49 59 16.6586
63 73 30.2819
96 100 44.0338
83 93 25.5561
23 33 7.3051
47 57 9.3752
80 90 66.6983
46 56 8.2329
15 25 1.8004
17 27 6.6683
46 56 23.7949
18 28 3.2339
96 100 82.0854
52 62 11.1162
87 97 29.0273
99 100 44.2917
70 80 19.345
94 100 91.1872
4 14 0.7953
18 28 3.6142
63 73 39.7833
83 93 26.96
65 75 45.3683
11 21 4.1051
47 57 20.0991
32 42 5.0342
14 24 2.688
1 11 1.1261
64 74 26.1182
80 90 70.9891
3 13 1.6801
10 20 3.8628
73 83 31.9259
33 43 8.3175
82 92 39.2051
47 57 22.4923
67 77 21.3416
51 61 11.8419
98 100 45.4249
78 88 50.3773
88 98 44.601
37 47 12.0229
3 13 1.652
53 63 12.2248
24 34 4.6691
52 62 10.7492
71 81 33.7782
34 44 12.7878
16 26 3.607
42 52 12.643
37 47 21.4369
41 51 20.1188
32 42 14.2869
12 22 4.2737
67 77 17.1529
99 100 64.0416
52 62 26.5143
75 85 27.4765
53 63 17.8185
9 19 1.7977
64 74 32.9178
48 58 28.2833
4 14 0.6426
25 35 11.4359
40 50 20.2329
30 40 4.7607
52 62 14.327
65 75 14.4142
37 47 7.6193
58 68 17.693
10 20 1.1518
100 100 79.9898
51 61 25.2687
40 50 12.0263
72 82 29.3515
44 54 24.2438
18 28 7.5356
46 56 19.8123
86 96 39.7026
41 51 15.0591
20 30 3.2939
52 62 19.3433
62 72 18.7602
54 64 24.7725
14 24 4.2317
41 51 10.3497
76 86 52.2483
73 83 17.7258
6 16 1.0341
31 41 11.8247
35 45 18.7619
14 24 2.3122
65 75 42.5574
72 82 38.4884
63 73 14.9653
82 92 53.6835
67 77 26.2503
70 80 42.089
12 22 3.58
9 19 1.2093
44 54 9.4895
60 70 41.6502
12 22 1.6613
25 35 7.2695
36 46 16.4406
89 99 86.4472
72 82 19.0654
44 54 16.1395
83 93 29.6448
35 45 13.5814
76 86 51.001
46 56 20.1179
68 78 15.684
50 60 23.8779
81 91 48.6785
31 41 14.1008
11 21 3.8805
73 83 41.3192
26 36 4.3247
82 92 69.6791
62 72 31.0171
46 56 7.8944
89 99 76.9252
50 60 23.6682
82 92 28.9982
92 100 36.2633
16 26 5.0315
4 14 1.783
31 41 11.6322
73 83 59.9014
51 61 27.5006
76 86 60.7246
75 85 68.0906
99 100 58.5256
90 100 83.3058
84 94 74.7585
16 26 4.4766
80 90 41.7665
74 84 54.1549
100 100 91.0498
41 51 10.655
36 46 9.5815
11 21 1.9704
39 49 12.973
42 52 17.3547
27 37 5.3333
71 81 52.244
65 75 30.5721
78 88 23.5322
70 80 58.5103
49 59 26.5792
87 97 44.6718
55 65 28.001
26 36 12.9348
42 52 26.2472
19 29 4.4205
36 46 17.9064
51 61 12.2437
8 18 2.2485
45 55 18.1459
95 100 29.9723
80 90 37.8373
31 41 12.3601
56 66 37.9468
16 26 4.0946
46 56 8.1956
38 48 20.3482
62 72 48.1164
86 96 61.8394
20 30 7.6712
48 58 24.2409
13 23 4.6777
9 19 2.9798
30 40 4.8462
100 100 93.8883
30 40 10.7374
41 51 12.2136
28 38 12.1362
24 34 6.6044
55 65 22.8188
33 43 17.8219
62 72 18.8035
30 40 5.229
28 38 9.697
100 100 34.9636
89 99 72.5154
93 100 28.599
99 100 47.3055
94 100 83.1598
34 44 12.0083
39 49 16.1178
69 79 35.0251
30 40 5.2281
89 99 45.8722
5 15 1.7927
60 70 45.008
56 66 17.6997
63 73 41.6825
42 52 7.1904
48 58 10.1742
99 100 56.2095
34 44 9.6883
1 11 0.5622
46 56 18.2979
5 15 2.0822
57 67 15.6602
47 57 21.6272
94 100 73.2924
45 55 22.4136
79 89 51.0239
49 59 9.2574
82 92 55.1782
15 25 5.1911
23 33 3.7365
50 60 15.8539
47 57 29.5479
98 100 58.8519
71 81 58.391
54 64 16.0288
21 31 4.7699
25 35 3.5006
56 66 18.5029
53 63 25.051
78 88 27.4283
50 60 16.1709
10 20 2.7812
17 27 2.7859
92 100 32.7253
16 26 2.6231
78 88 58.8673
16 26 2.6543
24 34 7.123
21 31 5.886
35 45 8.077
92 100 62.9214
59 69 24.0374
24 34 8.6878
62 72 41.462
68 78 57.5717
43 53 13.4557
46 56 9.8025
54 64 20.7508
17 27 1.9318
77 87 40.4534
67 77 26.0937
3 13 0.6874
20 30 5.9932
55 65 19.5161
71 81 46.7364
67 77 25.0781
32 42 17.2034
7 17 2.7192
3 13 1.5321
46 56 8.5802
42 52 7.2157
19 29 3.8447
12 22 1.9213
2 12 1.2337
