400 11884 4.3589
49 59 17.0412
49 59 29.3482
90 100 49.8831
7 17 0.9797
36 46 8.9443
59 69 27.0244
94 100 74.0099
60 70 35.3632
23 33 4.3648
34 44 7.9541
68 78 37.4397
31 41 12.0374
91 100 53.5253
78 88 44.1148
61 71 32.9878
9 19 2.1037
52 62 10.7007
18 28 3.4037
8 18 3.0955
89 99 90.1455
42 52 10.6524
86 96 53.8609
80 90 48.1622
96 100 48.9007
34 44 15.0598
28 38 4.725
7 17 1.9653
41 51 25.3925
40 50 13.6442
92 100 55.0208
55 65 16.9209
49 59 32.8432
4 14 1.7072
19 29 7.6607
100 100 71.3924
30 40 15.9824
91 100 35.4465
92 100 28.4089
17 27 7.2098
89 99 49.6644
74 84 34.0192
58 68 18.0506
96 100 36.9822
22 32 2.7238
15 25 1.6318
84 94 52.3076
25 35 7.5548
91 100 61.0352
93 100 30.0282
11 21 2.8063
78 88 37.5855
33 43 11.5016
32 42 10.0921
86 96 67.4271
75 85 18.3218
60 70 43.8814
83 93 65.246
47 57 19.0462
66 76 25.5439
85 95 25.7658
45 55 27.6255
45 55 9.8634
34 44 18.608
16 26 2.8924
65 75 43.2582
71 81 48.1372
17 27 5.8004
34 44 12.7771
50 60 24.6671
43 53 22.3701
40 50 7.4082
26 36 6.1623
40 50 14.5909
43 53 7.988
50 60 33.7062
89 99 45.0375
2 12 0.363
29 39 4.5873
67 77 32.8593
8 18 3.1096
94 100 43.6789
72 82 18.6494
64 74 15.9992
96 100 48.7413
23 33 5.9331
85 95 71.4279
90 100 26.8397
61 71 18.5951
52 62 35.1815
50 60 10.3639
27 37 4.6019
68 78 33.7793
9 19 1.0096
20 30 3.7947
91 100 92.018
61 71 15.2123
99 100 78.4376
75 85 48.8014
34 44 16.8198
41 51 13.166
90 100 41.4903
74 84 43.303
22 32 2.7996
83 93 52.9431
88 98 41.5329
17 27 3.1092
34 44 10.5625
13 23 1.5818
93 100 67.4829
35 45 13.4696
23 33 6.3696
89 99 31.2157
95 100 60.3123
4 14 1.5658
47 57 9.9698
94 100 74.8104
92 100 93.6288
7 17 2.8345
22 32 3.1542
45 55 22.1229
50 60 29.4111
72 82 34.6803
53 63 18.0685
22 32 8.7972
71 81 55.193
47 57 8.3764
63 73 45.0818
45 55 12.2185
46 56 12.3869
6 16 1.7234
8 18 1.5828
80 90 74.8986
49 59 15.0001
56 66 34.7852
96 100 99.4747
4 14 0.9732
62 72 24.0139
53 63 30.5743
44 54 12.4658
12 22 1.4535
16 26 2.3486
23 33 4.0885
22 32 8.5369
34 44 10.2791
63 73 13.9697
2 12 1.3689
76 86 25.6451
16 26 2.1686
42 52 18.0965
8 18 1.0671
75 85 31.9146
48 58 25.9366
52 62 15.2897
87 97 56.9089
28 38 6.919
1 11 1.0613
97 100 41.6206
85 95 43.8456
13 23 1.958
26 36 4.138
100 100 46.9773
28 38 13.9435
64 74 24.5976
93 100 26.2144
14 24 2.1313
39 49 13.3152
61 71 19.1984
62 72 21.656
29 39 4.3635
99 100 46.2631
60 70 47.9584
29 39 15.1695
25 35 6.1296
43 53 18.9408
39 49 16.0761
15 25 1.6142
48 58 24.2153
88 98 66.646
69 79 50.6417
46 56 17.4248
99 100 52.8006
64 74 43.3833
91 100 50.057
11 21 2.0912
32 42 7.9085
58 68 22.9441
42 52 8.5282
44 54 8.7918
60 70 13.3437
54 64 22.1286
10 20 1.6142
72 82 16.9159
82 92 67.8795
59 69 26.7496
96 100 33.7305
29 39 4.2775
4 14 0.5497
13 23 3.0283
5 15 0.8446
55 65 24.4976
60 70 36.3995
42 52 7.7886
56 66 13.7812
64 74 14.3891
75 85 70.6743
45 55 13.4828
6 16 1.753
86 96 66.258
80 90 34.3267
59 69 21.6495
55 65 15.0862
26 36 4.1116
75 85 31.8423
62 72 42.7193
38 48 13.219
26 36 3.8056
26 36 3.4808
87 97 93.8418
94 100 47.6721
49 59 11.5797
81 91 28.5765
52 62 33.8817
44 54 11.2728
48 58 15.7054
22 32 3.716
61 71 36.5203
76 86 59.1176
80 90 60.0889
28 38 13.7886
62 72 31.7262
26 36 9.9408
23 33 4.4129
1 11 1.0177
84 94 70.9166
76 86 63.5002
29 39 5.369
38 48 8.8453
9 19 1.948
88 98 76.9111
74 84 53.5487
42 52 22.7109
63 73 24.8492
23 33 8.6324
81 91 63.6836
18 28 6.773
33 43 17.4306
13 23 2.9313
8 18 2.6654
27 37 8.0248
85 95 48.1678
24 34 6.2335
21 31 5.0239
38 48 11.9004
29 39 13.1631
5 15 0.7331
65 75 38.2963
60 70 30.049
63 73 37.9542
15 25 4.1539
85 95 27.2254
46 56 8.0372
43 53 9.9099
33 43 17.8025
44 54 16.5145
47 57 9.121
84 94 45.2512
84 94 43.8694
74 84 62.7407
11 21 3.482
33 43 16.0456
94 100 47.4528
69 79 46.0892
32 42 13.3181
16 26 2.605
24 34 8.3903
14 24 2.6994
5 15 1.6494
34 44 7.9057
83 93 68.6561
92 100 94.8092
18 28 6.2185
69 79 25.046
82 92 51.4161
6 16 1.3647
54 64 21.4471
21 31 8.961
69 79 37.6566
75 85 55.1871
70 80 50.74
35 45 9.9401
20 30 3.6688
25 35 10.83
27 37 10.087
18 28 3.6699
45 55 9.4495
51 61 16.2554
58 68 39.1025
12 22 4.5169
16 26 4.9925
82 92 44.2105
6 16 1.6058
8 18 1.6025
22 32 7.6906
45 55 29.147
68 78 32.2726
57 67 14.2069
31 41 5.76
88 98 24.2123
65 75 55.3774
63 73 41.6412
24 34 3.7361
48 58 27.5478
80 90 69.0611
24 34 9.8339
62 72 22.1229
16 26 4.5356
73 83 35.4978
16 26 3.3738
73 83 17.6787
43 53 7.2237
69 79 34.9328
83 93 80.8902
64 74 30.466
59 69 27.067
22 32 8.6407
19 29 4.6626
74 84 22.9422
100 100 88.7986
1 11 1.1995
19 29 7.2808
90 100 97.3853
61 71 47.3413
16 26 1.9357
30 40 11.1442
66 76 17.6862
26 36 11.522
87 97 44.0564
4 14 0.8968
41 51 7.5257
50 60 20.6707
60 70 35.6194
59 69 12.6622
62 72 20.6034
54 64 20.3194
34 44 8.7291
82 92 25.3966
91 100 49.9298
81 91 40.9075
89 99 73.764
14 24 2.9378
7 17 0.8597
26 36 3.9478
61 71 13.9599
40 50 14.695
68 78 21.08
88 98 31.1811
78 88 46.8458
93 100 32.7001
23 33 5.956
75 85 35.2313
83 93 54.3892
60 70 41.0484
45 55 24.6115
36 46 5.356
71 81 46.1598
13 23 1.4767
67 77 54.1225
39 49 6.2961
3 13 0.5949
34 44 8.4931
42 52 7.277
59 69 29.8815
12 22 2.2085
62 72 33.8387
39 49 22.4581
70 80 49.6461
23 33 3.7605
63 73 24.6473
75 85 53.6542
11 21 1.2162
62 72 24.4985
94 100 46.2305
42 52 14.4111
61 71 34.0612
60 70 20.2977
38 48 12.0854
69 79 24.6145
76 86 19.5046
37 47 17.6593
15 25 5.8429
18 28 7.1086
51 61 30.1533
37 47 8.5241
1 11 0.8725
45 55 23.605
64 74 23.3676
97 100 70.0368
65 75 19.0864
54 64 17.1032
39 49 21.6709
