900 26907 4.3589
89 99 92.5021
68 78 37.4483
81 91 57.7129
58 68 29.7058
100 100 89.3101
30 40 15.15
80 90 32.2999
27 37 12.2577
97 100 62.8564
89 99 46.5233
85 95 78.5297
20 30 6.8938
35 45 13.7945
72 82 54.3154
87 97 92.7408
1 11 0.8109
74 84 48.7288
25 35 5.6615
34 44 12.2164
74 84 26.7144
4 14 0.5927
63 73 24.934
5 15 1.1833
55 65 16.4114
12 22 3.9709
39 49 10.3247
29 39 7.1637
59 69 13.951
42 52 9.8007
38 48 19.3459
52 62 18.9538
94 100 28.5637
6 16 2.4081
3 13 1.6569
79 89 42.5417
55 65 20.5735
82 92 46.4919
62 72 49.0406
93 100 26.5503
80 90 70.8206
32 42 5.1724
100 100 87.1814
55 65 34.3842
45 55 19.8764
19 29 4.2531
46 56 9.3031
14 24 2.9736
74 84 47.9349
81 91 67.1089
24 34 8.7989
89 99 50.7813
31 41 14.358
14 24 4.397
21 31 4.9791
64 74 33.3067
89 99 62.2032
19 29 7.9248
94 100 78.7923
36 46 8.8239
76 86 21.3592
64 74 15.0924
71 81 33.3495
84 94 37.1649
29 39 4.9217
36 46 5.4359
58 68 13.2948
99 100 32.5299
15 25 1.6869
99 100 70.6104
65 75 18.2457
99 100 43.9251
43 53 26.0651
79 89 23.4653
57 67 12.0548
88 98 86.7785
83 93 84.2504
28 38 11.5668
5 15 1.2659
33 43 16.8313
45 55 16.939
39 49 18.5718
97 100 88.8853
89 99 28.7596
67 77 57.205
79 89 70.2915
39 49 8.6195
89 99 53.1018
87 97 82.9757
1 11 1.1319
71 81 30.8991
64 74 36.5166
64 74 35.8957
4 14 0.4922
82 92 38.0208
82 92 27.6098
11 21 2.8258
54 64 10.7787
57 67 39.0988
4 14 1.4782
29 39 9.5939
9 19 2.6322
32 42 7.3365
85 95 51.2642
63 73 29.4154
55 65 12.4658
53 63 26.4566
81 91 44.5877
88 98 76.6448
94 100 45.6368
35 45 6.1217
41 51 15.3217
37 47 10.3234
70 80 23.2054
16 26 4.2358
67 77 19.7589
78 88 45.3683
91 100 69.3689
63 73 18.1587
52 62 21.3943
2 12 0.4484
41 51 12.0451
93 100 77.5809
11 21 1.285
1 11 0.5209
91 100 63.4428
73 83 57.5049
39 49 12.4228
41 51 11.9287
56 66 25.9692
41 51 17.7671
35 45 10.9131
44 54 17.9513
35 45 17.279
4 14 1.7298
85 95 67.6112
14 24 2.11
41 51 18.5339
64 74 21.2106
60 70 23.3927
83 93 31.238
28 38 8.9043
27 37 13.0733
12 22 1.4249
46 56 9.4827
11 21 2.6912
1 11 0.5735
51 61 15.1049
98 100 48.0734
94 100 81.7324
59 69 25.8054
72 82 21.807
27 37 3.8392
64 74 52.0822
42 52 22.8532
36 46 20.2662
85 95 52.6481
38 48 11.3549
11 21 1.7777
100 100 58.1406
11 21 3.3303
74 84 28.9401
23 33 10.5404
13 23 1.6292
5 15 0.9502
28 38 12.9434
96 100 91.5217
65 75 34.3326
92 100 76.545
99 100 75.791
35 45 17.5938
69 79 26.4535
77 87 29.8116
74 84 33.5635
42 52 24.1553
15 25 2.0452
52 62 20.5055
72 82 57.6035
99 100 81.3911
12 22 4.61
79 89 27.2672
18 28 2.9128
84 94 82.06
48 58 24.6155
6 16 1.5441
96 100 73.0598
74 84 50.3958
25 35 9.755
75 85 71.8782
10 20 1.5247
69 79 40.6151
8 18 1.4943
69 79 17.7233
67 77 57.4291
75 85 69.3056
82 92 61.7293
7 17 2.8727
49 59 14.1414
64 74 43.6604
66 76 49.9213
25 35 5.7586
56 66 43.01
30 40 14.0108
7 17 2.7185
19 29 4.638
62 72 42.0617
8 18 1.4064
39 49 15.0187
10 20 1.2792
24 34 9.7506
24 34 4.9506
8 18 0.8442
41 51 8.0163
12 22 3.4218
22 32 7.7262
57 67 11.8192
90 100 86.0943
32 42 10.9376
9 19 1.1153
91 100 98.9607
50 60 21.137
13 23 3.4723
6 16 0.8149
73 83 37.8865
75 85 49.556
9 19 1.3354
25 35 7.1503
59 69 34.5509
64 74 14.0018
68 78 17.9318
54 64 18.5744
37 47 17.8464
38 48 18.0421
21 31 7.4906
5 15 0.827
61 71 20.3961
83 93 70.9385
51 61 11.2627
81 91 64.817
78 88 44.819
87 97 51.4361
54 64 16.5356
17 27 6.3787
22 32 3.3295
32 42 4.4466
3 13 1.0529
48 58 11.2486
40 50 16.3426
94 100 70.3804
81 91 28.5893
75 85 38.7768
11 21 3.1802
6 16 1.0547
60 70 32.763
71 81 18.4058
25 35 6.7439
3 13 0.618
26 36 12.9398
37 47 13.6626
45 55 15.1492
9 19 3.3361
97 100 27.6213
30 40 7.3159
92 100 25.5389
56 66 21.4693
25 35 3.3339
32 42 10.431
58 68 14.421
66 76 32.7379
28 38 6.413
42 52 13.0386
93 100 61.0461
18 28 7.5812
54 64 10.2522
35 45 7.9761
18 28 7.6984
50 60 31.3231
46 56 10.9442
54 64 19.9309
44 54 26.9569
41 51 6.7351
64 74 25.8186
85 95 37.3932
45 55 21.9033
81 91 23.5701
90 100 45.0228
46 56 15.9057
63 73 19.1126
38 48 15.4504
88 98 74.0133
44 54 7.6718
13 23 3.1902
87 97 65.8759
45 55 23.0438
37 47 17.4181
65 75 16.525
65 75 50.2454
66 76 22.1088
90 100 52.0519
84 94 62.2316
13 23 2.1465
29 39 12.2822
1 11 0.3154
55 65 32.5219
57 67 33.6713
56 66 15.4811
13 23 2.6452
79 89 43.1399
20 30 4.9284
78 88 68.7357
95 100 38.7071
2 12 0.95
35 45 15.1749
96 100 70.3585
45 55 10.6936
71 81 26.5709
43 53 10.7866
50 60 11.3927
66 76 29.5544
28 38 6.1385
1 11 0.3782
84 94 45.1705
76 86 22.9738
20 30 3.2595
92 100 25.9611
2 12 1.1295
30 40 6.1877
10 20 2.7324
28 38 6.4633
95 100 73.9273
24 34 4.2465
57 67 44.1866
15 25 2.1124
22 32 2.7726
22 32 5.4238
43 53 16.1692
56 66 23.962
65 75 27.9682
27 37 9.6385
46 56 30.624
67 77 27.0317
41 51 20.3284
17 27 4.1022
45 55 12.1941
21 31 8.9784
8 18 1.3407
54 64 10.7459
93 100 54.4821
27 37 13.5343
9 19 1.4972
8 18 1.6017
13 23 3.8017
31 41 11.5104
97 100 43.7926
99 100 35.958
34 44 15.8054
28 38 14.0618
75 85 48.2997
22 32 8.5124
63 73 43.9092
83 93 62.2316
37 47 6.0999
95 100 27.9957
16 26 3.3555
70 80 19.1678
20 30 4.9071
38 48 13.7537
20 30 7.6137
6 16 1.1134
30 40 14.5077
53 63 17.9395
67 77 18.1008
43 53 15.7633
53 63 11.183
36 46 19.2739
20 30 4.4927
23 33 4.8193
75 85 44.0431
34 44 14.7817
32 42 7.5774
20 30 5.8952
59 69 33.3125
72 82 34.4992
40 50 10.6857
43 53 26.0508
84 94 52.8863
6 16 1.1259
27 37 10.306
35 45 6.6838
98 100 43.3069
69 79 46.5629
88 98 55.0727
19 29 3.4779
71 81 17.6173
5 15 1.7103
67 77 34.4557
68 78 33.3402
67 77 22.947
48 58 9.4772
80 90 38.3545
52 62 19.2177
56 66 24.951
49 59 10.8841
73 83 39.1763
13 23 2.468
14 24 5.598
58 68 17.4548
12 22 3.7671
6 16 1.4593
63 73 18.8955
59 69 47.5024
89 99 29.0359
23 33 8.7776
88 98 62.8405
18 28 5.4896
28 38 4.2994
8 18 1.3509
56 66 13.23
35 45 14.031
99 100 52.0447
87 97 54.7156
76 86 48.0984
3 13 1.1434
95 100 47.57
16 26 4.9355
90 100 79.1619
70 80 39.9121
59 69 12.516
6 16 2.2792
73 83 35.5144
16 26 5.8656
61 71 29.319
44 54 28.2843
79 89 36.2127
56 66 13.5042
54 64 24.6274
21 31 5.6992
79 89 32.4137
58 68 46.0132
98 100 80.3766
56 66 37.5401
49 59 18.6805
14 24 2.4794
58 68 37.3284
83 93 41.9023
9 19 2.7179
37 47 13.2212
12 22 2.7268
10 20 2.9111
65 75 32.1036
74 84 38.9563
37 47 19.2739
57 67 22.0928
72 82 37.8127
4 14 1.9307
70 80 50.7856
22 32 4.9577
50 60 24.0659
49 59 25.9213
19 29 4.1559
70 80 21.0112
35 45 5.9224
36 46 15.7022
87 97 92.5617
86 96 66.0758
86 96 48.1511
87 97 54.3036
5 15 1.1492
27 37 4.9966
83 93 23.0688
28 38 8.2605
16 26 2.5488
39 49 23.1996
49 59 21.1766
69 79 27.8773
60 70 15.1251
33 43 8.0027
23 33 5.9331
72 82 19.3794
9 19 3.4236
16 26 3.0625
91 100 26.7786
98 100 34.5532
91 100 81.4254
64 74 48.2358
99 100 40.292
97 100 37.7991
50 60 33.4836
46 56 21.7566
56 66 31.4901
85 95 60.7667
84 94 34.0262
14 24 2.7083
61 71 22.8895
74 84 48.8587
13 23 1.3936
91 100 37.523
48 58 15.7236
9 19 2.5163
72 82 21.9511
37 47 8.527
42 52 21.349
75 85 55.771
36 46 17.7645
59 69 29.7799
74 84 18.9991
88 98 47.9639
8 18 1.0797
59 69 45.8857
22 32 2.6909
58 68 27.7708
67 77 39.7984
43 53 25.1201
9 19 1.1766
38 48 14.5832
23 33 4.9391
68 78 16.2538
91 100 64.9104
26 36 8.5527
75 85 28.055
47 57 23.8212
19 29 7.0093
19 29 3.8699
12 22 3.3179
30 40 7.0788
98 100 78.5882
24 34 7.5477
19 29 4.1152
61 71 39.6812
91 100 53.7084
32 42 8.8179
34 44 5.0391
49 59 18.5382
49 59 32.0152
64 74 26.4309
12 22 1.8358
31 41 8.6595
24 34 4.5886
7 17 2.6873
62 72 21.4684
17 27 3.4118
83 93 22.5701
78 88 68.2045
5 15 0.615
58 68 43.9238
68 78 42.5104
56 66 42.371
85 95 34.4111
9 19 1.7673
42 52 15.3163
51 61 13.1066
65 75 31.5866
62 72 33.4373
73 83 52.5683
81 91 34.3466
28 38 12.516
76 86 68.9215
88 98 38.0109
41 51 7.831
75 85 71.3552
20 30 3.7315
71 81 65.5015
8 18 1.1086
33 43 14.3429
61 71 41.7574
89 99 52.0057
32 42 15.0987
21 31 3.5096
44 54 15.707
87 97 25.2697
74 84 40.9818
96 100 89.4613
33 43 9.0384
72 82 28.2599
71 81 17.09
91 100 29.5501
1 11 0.5264
10 20 1.1718
14 24 3.5235
67 77 41.1099
11 21 3.918
15 25 5.2226
71 81 62.7882
65 75 29.0402
26 36 9.03
72 82 27.8995
32 42 15.9696
42 52 18.7576
35 45 13.0906
94 100 31.4654
44 54 27.4681
81 91 70.2445
93 100 63.3743
7 17 2.347
60 70 18.9747
64 74 23.3077
56 66 27.1337
12 22 4.7992
38 48 15.7133
57 67 38.5417
83 93 30.8891
67 77 15.3837
15 25 2.819
77 87 60.1447
63 73 48.0318
12 22 1.276
63 73 20.5055
74 84 20.6698
96 100 43.7397
7 17 1.3719
3 13 0.4621
75 85 19.9773
44 54 11.8446
29 39 14.0475
29 39 5.1861
75 85 32.9901
85 95 84.848
16 26 6.0216
87 97 33.7201
50 60 9.341
36 46 17.3239
49 59 25.3049
5 15 0.6841
70 80 38.4388
81 91 28.8004
25 35 12.0437
79 89 58.9578
16 26 2.1266
88 98 50.4938
80 90 42.2825
12 22 1.278
3 13 0.9469
51 61 12.6082
39 49 15.1617
1 11 1.0812
33 43 15.1952
42 52 11.3104
93 100 44.4462
70 80 44.9329
45 55 24.8403
43 53 21.0837
44 54 13.4286
82 92 58.8565
82 92 77.7677
56 66 27.9333
60 70 37.0297
3 13 0.5014
75 85 42.015
42 52 9.2611
65 75 19.2791
84 94 87.4861
70 80 37.9086
57 67 22.0383
58 68 44.6866
17 27 5.0864
24 34 8.859
51 61 24.373
51 61 25.2677
42 52 21.2198
93 100 93.9039
15 25 3.5736
66 76 44.8378
12 22 3.9665
70 80 57.0433
3 13 0.5714
58 68 25.6887
39 49 15.5662
51 61 19.0969
99 100 60.6093
34 44 13.4139
94 100 84.2302
30 40 9.641
55 65 14.6176
67 77 34.8702
43 53 14.377
17 27 4.7258
63 73 16.9868
12 22 2.1836
49 59 12.9593
44 54 15.2725
60 70 18.3638
39 49 17.6787
89 99 89.2874
68 78 42.1539
44 54 12.7256
37 47 7.5038
73 83 20.3554
19 29 2.1674
36 46 10.1519
87 97 24.2389
92 100 33.4223
98 100 29.4882
76 86 69.1608
20 30 2.6189
2 12 1.206
70 80 22.6424
17 27 4.1645
96 100 51.2742
38 48 15.3789
12 22 3.0113
50 60 9.5574
68 78 59.6432
48 58 31.257
93 100 36.9968
12 22 1.6272
42 52 11.2627
49 59 11.9232
86 96 62.2631
55 65 18.5847
15 25 2.8382
23 33 4.2527
28 38 11.396
61 71 29.7167
65 75 18.0702
27 37 5.2592
71 81 22.1464
4 14 0.6856
23 33 8.7675
21 31 9.2416
53 63 12.6352
77 87 39.1964
100 100 30.071
56 66 43.5191
20 30 2.6821
92 100 36.1935
39 49 8.921
48 58 22.4894
74 84 64.407
23 33 10.1557
77 87 50.9353
34 44 10.2368
45 55 13.243
63 73 24.6234
54 64 32.3351
77 87 64.9926
73 83 31.3175
86 96 28.925
29 39 9.1918
38 48 10.5898
72 82 33.7712
67 77 48.5502
27 37 8.2547
12 22 2.1527
65 75 22.2595
28 38 9.5592
41 51 7.535
57 67 36.5783
66 76 42.5156
62 72 35.2052
57 67 14.418
77 87 62.23
78 88 76.0733
78 88 61.0961
19 29 8.2518
35 45 7.7401
38 48 11.8501
56 66 20.2446
53 63 29.3753
8 18 2.1284
60 70 17.1644
63 73 20.2941
30 40 7.269
62 72 19.9693
44 54 12.9874
68 78 40.3733
19 29 6.3081
14 24 2.3482
72 82 58.645
96 100 52.4741
29 39 9.213
86 96 52.5799
61 71 44.6264
92 100 35.0689
50 60 27.4576
95 100 37.5095
25 35 3.3944
62 72 35.9017
77 87 46.1299
26 36 7.9406
88 98 55.2376
32 42 11.2614
89 99 85.2871
73 83 57.2156
14 24 2.5351
52 62 16.0713
30 40 15.2967
42 52 6.8686
18 28 7.601
47 57 29.133
89 99 30.0589
23 33 7.5098
23 33 5.838
51 61 12.5373
69 79 39.4007
9 19 1.1304
62 72 12.9874
32 42 16.3313
11 21 4.0598
92 100 92.9527
4 14 1.9085
20 30 2.5963
98 100 87.8925
70 80 54.9585
75 85 19.2431
17 27 2.977
89 99 66.3981
87 97 41.0637
9 19 1.0747
72 82 17.3547
13 23 4.2029
75 85 64.229
62 72 13.1559
85 95 24.3305
25 35 11.3954
69 79 47.5741
12 22 2.9529
85 95 48.6241
33 43 13.3371
85 95 79.5985
97 100 30.0589
39 49 17.4665
30 40 5.6739
63 73 14.8896
27 37 3.7311
40 50 22.2567
22 32 3.7253
46 56 20.4385
56 66 21.2715
60 70 47.1626
98 100 47.791
76 86 67.9965
50 60 10.5203
64 74 38.7357
16 26 4.9448
23 33 2.8669
50 60 30.3282
21 31 2.8197
13 23 1.3689
61 71 20.7963
72 82 57.3049
47 57 28.1887
50 60 25.6583
16 26 5.2565
79 89 74.4355
90 100 44.18
86 96 28.867
42 52 26.0978
96 100 85.1486
89 99 53.2579
6 16 1.9363
42 52 14.5641
37 47 15.4512
77 87 72.5052
42 52 16.684
59 69 27.5993
65 75 19.9907
97 100 71.8951
54 64 10.6472
47 57 13.6959
90 100 58.2062
51 61 14.8618
74 84 42.6109
22 32 4.4508
24 34 8.0395
5 15 1.9915
93 100 75.9704
52 62 12.9903
5 15 1.5465
64 74 21.2226
18 28 5.4471
8 18 0.8714
98 100 75.7527
98 100 45.3185
52 62 25.5854
50 60 31.2503
8 18 2.5969
52 62 19.8987
69 79 27.423
41 51 7.057
51 61 33.0809
99 100 43.9516
63 73 22.5996
59 69 18.6313
32 42 15.1983
96 100 53.252
96 100 65.4497
1 11 0.8021
2 12 0.4604
72 82 43.884
48 58 24.936
45 55 30.0951
39 49 17.3539
9 19 2.0681
27 37 6.411
55 65 30.7359
9 19 1.7329
81 91 62.5254
41 51 8.9413
82 92 24.7496
78 88 62.0771
42 52 23.5167
