100 2830 4.3589
9 19 2.0082
85 95 53.638
24 34 3.3135
32 42 15.028
66 76 57.6855
81 91 20.7508
23 33 9.269
98 100 44.7441
5 15 0.9839
82 92 39.7555
2 12 0.6929
64 74 34.0134
58 68 36.244
99 100 27.6119
79 89 61.7607
33 43 5.5493
59 69 28.177
63 73 21.5101
59 69 14.871
93 100 80.741
87 97 65.9815
25 35 5.4471
44 54 11.9046
18 28 5.2148
59 69 38.0097
39 49 7.1439
3 13 0.5672
63 73 48.9496
6 16 0.7597
20 30 2.7182
43 53 9.674
94 100 86.6631
82 92 78.8082
63 73 36.5686
98 100 31.1699
49 59 19.5842
4 14 0.7191
81 91 55.6277
66 76 29.733
73 83 34.0636
8 18 1.8255
22 32 5.1611
35 45 10.8445
10 20 2.0924
90 100 27.0556
90 100 41.2678
16 26 5.4546
99 100 27.5657
43 53 26.4371
21 31 5.572
5 15 0.7553
52 62 18.4161
9 19 2.0612
35 45 9.1198
27 37 8.699
4 14 1.4357
21 31 7.1851
7 17 2.2998
12 22 2.1121
44 54 28.3546
98 100 83.1708
48 58 11.575
80 90 37.5169
15 25 5.0378
29 39 11.9122
81 91 77.1253
46 56 30.4229
45 55 9.173
17 27 4.0784
40 50 12.6871
13 23 2.2922
95 100 66.3133
53 63 14.064
80 90 29.4154
95 100 99.363
33 43 14.2514
89 99 31.689
66 76 15.8619
36 46 10.3864
37 47 7.5284
71 81 62.6488
41 51 8.2065
30 40 6.9501
97 100 67.0073
21 31 4.9836
9 19 1.9354
10 20 3.5751
34 44 10.7243
80 90 48.0693
12 22 3.5982
46 56 16.4252
12 22 2.1147
13 23 1.5408
20 30 8.2105
16 26 5.6511
87 97 26.5926
16 26 3.8998
95 100 45.8884
59 69 36.919
86 96 55.1841
