900 27231 4.3589
24 34 75.1845
44 54 54.584
85 95 42.8567
14 24 79.3578
55 65 60.7075
59 69 39.6044
90 100 50.0047
48 58 57.5049
28 38 67.4682
22 32 74.6185
71 81 60.289
70 80 23.8466
94 100 12.1808
98 100 26.7858
66 76 37.2185
66 76 27.9809
48 58 47.9972
73 83 52.7671
37 47 55.0534
46 56 57.8999
72 82 21.4499
15 25 81.4398
86 96 22.924
28 38 73.3609
64 74 59.8689
55 65 67.1334
85 95 38.6287
80 90 36.1874
41 51 50.3021
22 32 74.9575
74 84 37.8237
55 65 33.0763
28 38 64.1921
67 77 58.944
67 77 48.0471
41 51 48.779
70 80 45.7314
19 29 75.4396
63 73 41.0496
42 52 52.1717
79 89 26.282
100 100 18.5614
55 65 47.802
11 21 83.1306
89 99 45.2135
79 89 29.306
27 37 61.8016
46 56 40.1829
66 76 36.4526
43 53 45.2149
19 29 69.2074
15 25 79.479
71 81 36.2693
40 50 53.8903
51 61 61.5597
16 26 83.2018
26 36 73.2959
95 100 26.3467
8 18 82.6699
12 22 71.7951
82 92 9.039
99 100 25.2386
24 34 60.1586
71 81 48.8895
70 80 22.3105
7 17 88.067
5 15 89.0909
47 57 60.5362
3 13 93.2692
41 51 51.353
83 93 32.7264
53 63 63.9584
32 42 71.5885
4 14 82.205
29 39 67.7148
2 12 85.6661
21 31 60.7246
43 53 49.9185
74 84 33.4859
4 14 89.6582
12 22 83.728
25 35 61.7434
66 76 47.3165
89 99 36.7406
93 100 31.9428
1 11 90.442
72 82 43.998
9 19 78.6627
44 54 70.8223
30 40 69.6207
36 46 56.0821
39 49 50.0684
15 25 78.082
98 100 22.7233
57 67 66.9697
77 87 36.0384
47 57 49.4715
61 71 30.7426
36 46 49.9722
84 94 35.6194
65 75 48.8909
75 85 33.4234
48 58 40.7159
88 98 28.2195
1 11 85.5755
98 100 12.7449
19 29 75.7735
47 57 41.2806
42 52 68.426
40 50 44.2092
60 70 39.5037
99 100 23.0448
76 86 42.6239
33 43 52.8514
28 38 68.8933
93 100 46.0824
14 24 77.1938
73 83 38.2097
68 78 31.5754
30 40 76.573
28 38 69.2573
54 64 60.3465
50 60 53.3689
21 31 72.2755
75 85 22.2737
73 83 48.7958
56 66 55.6441
40 50 63.4476
75 85 58.5286
69 79 52.3264
13 23 77.0568
81 91 40.273
85 95 20.3663
6 16 86.732
84 94 29.8356
59 69 39.9386
38 48 46.6325
88 98 26.7196
71 81 42.7716
33 43 60.53
59 69 54.723
59 69 63.2868
98 100 14.2355
83 93 33.1477
88 98 15.631
44 54 57.6127
12 22 77.2395
93 100 24.7238
47 57 48.7106
4 14 88.8401
96 100 6.1004
66 76 38.1516
67 77 48.7804
31 41 73.4141
73 83 41.5728
74 84 38.8441
89 99 19.8363
68 78 53.88
31 41 52.0937
68 78 32.3772
12 22 77.5315
29 39 58.7814
81 91 29.4512
15 25 81.3063
56 66 51.2055
51 61 50.8155
55 65 62.4874
15 25 77.8877
59 69 62.4542
9 19 86.9053
53 63 39.4899
50 60 68.9714
64 74 57.4519
90 100 20.0946
19 29 71.1492
50 60 43.7252
90 100 19.7981
81 91 24.3947
95 100 14.2952
41 51 58.2596
63 73 51.2241
66 76 43.2714
96 100 20.9114
6 16 90.0962
76 86 36.1947
71 81 54.7482
41 51 62.35
79 89 26.8469
82 92 14.3884
52 62 41.5741
53 63 57.7509
99 100 40.5438
52 62 66.066
92 100 39.7694
64 74 58.4185
88 98 20.97
12 22 78.0979
50 60 50.0882
6 16 87.99
18 28 85.0139
14 24 82.6754
55 65 34.4581
44 54 37.5683
43 53 59.8101
99 100 19.1013
19 29 73.7623
59 69 55.4489
84 94 20.1197
13 23 76.5083
35 45 55.0846
25 35 62.9769
74 84 25.4672
39 49 50.1703
77 87 41.1497
4 14 89.8628
71 81 33.5693
75 85 50.033
56 66 33.4628
69 79 28.5658
61 71 38.5268
27 37 65.4287
36 46 69.3273
29 39 73.2753
87 97 23.1553
43 53 52.2613
40 50 74.6289
76 86 20.8904
19 29 67.6276
85 95 12.8472
28 38 77.127
14 24 68.7954
41 51 69.3772
88 98 29.2162
72 82 28.8584
49 59 42.6239
99 100 30.4836
31 41 68.4094
62 72 60.3372
30 40 72.5631
13 23 87.146
82 92 39.3894
23 33 59.7436
42 52 74.0443
3 13 87.4973
75 85 42.0384
93 100 7.4316
37 47 57.8391
92 100 27.6739
76 86 41.2357
4 14 85.0232
93 100 29.0823
56 66 58.9793
53 63 52.8427
10 20 87.5497
55 65 64.3669
33 43 76.468
98 100 15.8388
23 33 65.777
24 34 59.7931
100 100 21.7548
64 74 43.5758
89 99 20.7216
68 78 49.845
22 32 68.2193
15 25 69.6707
68 78 36.7454
5 15 82.1271
1 11 92.0583
10 20 84.7762
37 47 60.7355
40 50 43.0388
38 48 69.3306
41 51 69.304
84 94 43.7728
84 94 43.4466
34 44 71.2539
10 20 83.2784
39 49 47.3867
59 69 49.1163
13 23 81.1459
52 62 56.2425
96 100 36.8522
52 62 41.1086
12 22 71.416
8 18 78.7266
78 88 36.4611
79 89 16.203
24 34 76.4593
80 90 33.6609
46 56 41.9153
79 89 50.8982
67 77 49.2397
40 50 45.5598
25 35 58.5852
5 15 81.7632
92 100 39.4698
75 85 37.8164
34 44 54.5574
43 53 64.1153
33 43 60.8931
56 66 29.7003
93 100 32.2181
48 58 65.2202
49 59 59.999
9 19 77.9601
84 94 21.4702
93 100 17.7797
42 52 56.6241
32 42 62.7264
14 24 76.0977
94 100 7.184
61 71 48.054
14 24 78.4677
7 17 87.4057
79 89 20.687
1 11 92.5829
14 24 82.8337
38 48 47.0184
55 65 47.6169
32 42 68.1797
80 90 43.7529
3 13 87.2487
75 85 39.0263
91 100 35.958
19 29 75.4014
21 31 65.9685
16 26 70.4844
2 12 92.2772
68 78 43.9145
3 13 82.81
33 43 65.7526
80 90 41.3539
56 66 59.8426
75 85 45.0724
39 49 67.3302
49 59 57.3322
91 100 39.883
78 88 10.3137
93 100 19.687
39 49 63.6006
40 50 54.5811
14 24 76.6115
42 52 65.0087
46 56 57.6491
29 39 64.6448
4 14 90.1816
86 96 38.3669
60 70 57.8041
20 30 79.1228
21 31 74.251
84 94 11.926
85 95 19.1468
69 79 39.0875
38 48 63.8976
52 62 43.3873
9 19 85.1117
89 99 31.6901
78 88 38.6287
79 89 28.4793
51 61 40.1221
34 44 43.9489
41 51 70.466
86 96 24.6284
15 25 86.7711
55 65 46.447
90 100 25.9224
27 37 73.6799
66 76 56.6286
39 49 62.5396
12 22 81.3424
81 91 26.6163
75 85 31.8841
84 94 16.9975
84 94 8.4419
70 80 47.4487
3 13 89.1759
43 53 44.8659
85 95 19.0637
18 28 77.9459
25 35 67.547
97 100 19.1004
10 20 88.5763
49 59 47.0514
39 49 38.2258
55 65 26.1602
29 39 64.4584
24 34 69.0262
4 14 88.159
85 95 19.2835
36 46 65.3899
65 75 40.5616
80 90 38.0492
26 36 54.6964
64 74 43.2135
46 56 41.3848
100 100 21.9595
29 39 56.9044
73 83 40.1018
17 27 77.3837
91 100 18.5038
25 35 61.1774
13 23 86.1815
24 34 72.1905
75 85 28.0116
41 51 51.2312
29 39 78.9486
23 33 73.9204
62 72 39.5603
21 31 64.2002
64 74 34.7805
10 20 83.7042
31 41 51.6947
91 100 8.5533
98 100 39.6963
53 63 46.9526
4 14 89.3895
9 19 77.6707
24 34 78.7284
67 77 47.2931
76 86 24.3404
39 49 53.9843
88 98 30.9447
55 65 39.0938
4 14 83.8818
50 60 60.3465
43 53 67.3631
39 49 71.7494
15 25 80.1992
26 36 61.1415
50 60 52.2541
86 96 35.1281
41 51 58.8381
40 50 66.9353
26 36 67.7099
55 65 33.3795
53 63 38.3793
77 87 38.7344
42 52 61.2682
32 42 63.9088
69 79 22.6252
52 62 57.3458
8 18 81.955
93 100 10.4484
60 70 33.5299
57 67 42.1318
63 73 24.111
92 100 39.2703
5 15 85.2834
74 84 30.8336
56 66 56.9165
41 51 60.7215
22 32 77.7836
81 91 30.6783
71 81 41.024
1 11 88.1383
22 32 70.4005
76 86 29.0758
15 25 76.0454
83 93 46.7801
73 83 35.7293
34 44 76.862
34 44 70.144
81 91 49.6306
6 16 82.4882
17 27 78.7727
33 43 75.266
65 75 40.6508
20 30 65.6035
76 86 33.2272
98 100 43.5151
68 78 35.7736
61 71 57.8345
75 85 29.9307
53 63 45.4478
49 59 59.1961
34 44 67.5372
95 100 24.553
50 60 59.458
40 50 61.1133
64 74 39.0775
40 50 42.3931
84 94 32.9935
75 85 59.2192
12 22 85.5958
29 39 80.2941
11 21 78.5616
67 77 27.6865
73 83 46.9664
45 55 36.1429
67 77 49.4167
14 24 82.9812
71 81 52.0461
95 100 26.1274
94 100 6.8791
54 64 38.2171
18 28 65.7153
71 81 51.1368
64 74 37.6628
2 12 87.4038
100 100 17.0891
50 60 45.4195
62 72 57.0131
30 40 67.7428
91 100 28.4302
23 33 82.3447
19 29 66.7816
84 94 24.011
69 79 41.9166
50 60 40.9613
56 66 53.8932
87 97 24.2724
31 41 71.237
73 83 39.6535
83 93 45.5045
9 19 82.4101
62 72 42.2253
31 41 63.1834
41 51 50.2128
71 81 34.9636
76 86 37.4348
11 21 80.574
25 35 75.4883
61 71 45.0711
78 88 30.4958
88 98 24.2054
92 100 32.1376
91 100 38.1454
18 28 84.5186
20 30 77.8806
26 36 65.644
3 13 86.0535
96 100 27.9788
67 77 33.7933
93 100 25.2627
41 51 62.3137
87 97 41.6619
74 84 38.9476
47 57 69.1925
28 38 69.5289
61 71 50.9168
96 100 18.02
89 99 54.8785
79 89 42.8554
36 46 54.3862
82 92 34.0321
98 100 36.5324
44 54 61.4421
43 53 57.3246
65 75 22.0703
17 27 83.1543
36 46 74.9298
89 99 28.1642
82 92 41.5715
94 100 8.9144
23 33 64.1537
34 44 65.4772
91 100 23.6974
84 94 46.4851
24 34 71.3535
67 77 47.039
54 64 52.0721
17 27 76.1099
58 68 52.8166
7 17 83.127
70 80 37.7377
93 100 29.8925
51 61 58.0354
75 85 32.099
14 24 83.6603
32 42 59.1423
37 47 67.3745
6 16 83.7957
96 100 20.1754
76 86 32.6567
57 67 41.4839
87 97 52.1573
82 92 23.4004
2 12 86.1555
56 66 32.8604
76 86 31.979
41 51 69.2807
42 52 39.3405
41 51 49.4546
20 30 68.6561
62 72 52.8791
3 13 87.4019
72 82 43.0717
40 50 65.8532
76 86 34.8678
79 89 37.9013
33 43 71.1222
80 90 47.0651
88 98 14.4415
95 100 7.5719
27 37 59.7838
36 46 69.3689
11 21 78.6326
88 98 7.8574
54 64 50.8811
87 97 25.4672
64 74 26.3693
44 54 57.6294
39 49 45.0684
10 20 82.3048
80 90 45.2108
23 33 80.339
45 55 50.0316
35 45 68.2821
46 56 63.2343
40 50 45.5652
20 30 74.0873
56 66 26.009
27 37 62.4606
96 100 38.5753
71 81 47.5824
67 77 53.6146
31 41 57.2262
33 43 54.0725
28 38 54.2182
39 49 51.061
96 100 21.7874
12 22 83.2072
95 100 14.2506
4 14 81.5879
99 100 27.7034
94 100 42.6004
93 100 17.3239
32 42 61.6429
60 70 61.9227
15 25 84.9752
11 21 81.5897
66 76 56.4016
50 60 59.0854
28 38 70.4508
2 12 88.8834
22 32 73.7263
86 96 29.8356
64 74 40.6687
34 44 56.7883
3 13 85.8995
95 100 38.0294
84 94 25.453
15 25 83.0559
97 100 17.1173
35 45 68.0675
31 41 64.3413
92 100 36.3115
4 14 88.2529
88 98 17.0759
91 100 43.2385
65 75 33.4338
50 60 41.7238
8 18 77.7113
46 56 56.5023
62 72 34.8974
24 34 75.2348
18 28 69.8779
60 70 24.999
11 21 81.2071
37 47 73.0495
38 48 72.2551
73 83 26.6834
14 24 74.1545
11 21 81.5951
24 34 73.3661
62 72 63.3345
25 35 71.4786
29 39 64.2819
3 13 86.3487
67 77 24.2517
80 90 38.6747
73 83 34.0647
9 19 80.3802
58 68 40.0246
18 28 81.4958
18 28 65.7478
45 55 46.481
65 75 28.6011
70 80 25.9173
52 62 51.9149
91 100 12.3967
98 100 23.7939
91 100 9.4532
23 33 68.5799
73 83 29.8476
45 55 61.381
42 52 63.0944
74 84 22.8637
13 23 76.524
99 100 41.0368
3 13 88.2961
98 100 17.4816
70 80 32.326
86 96 40.6151
60 70 39.5679
84 94 17.4925
3 13 85.6014
95 100 29.9045
84 94 22.185
36 46 68.9697
23 33 61.4233
97 100 34.2213
72 82 32.3738
40 50 39.5063
44 54 68.9149
36 46 58.8857
48 58 58.6725
1 11 84.5039
19 29 69.1908
35 45 50.9068
87 97 34.8785
18 28 70.7029
92 100 26.5174
92 100 27.7624
30 40 70.5214
90 100 14.6536
9 19 87.8663
32 42 55.8039
85 95 12.4108
68 78 28.7468
81 91 36.9664
18 28 77.833
73 83 12.0187
71 81 41.6593
1 11 91.6347
56 66 52.5364
26 36 65.5533
91 100 38.2765
80 90 23.1034
94 100 42.5521
17 27 69.806
68 78 39.0038
16 26 75.3858
47 57 35.5061
38 48 73.3798
67 77 33.479
94 100 41.1971
92 100 39.5352
83 93 40.698
8 18 83.4099
83 93 32.4456
69 79 60.5689
61 71 49.0812
66 76 35.3145
100 100 35.5765
59 69 44.4636
86 96 38.274
68 78 46.9732
45 55 39.6396
21 31 70.8543
34 44 68.3036
34 44 69.0428
97 100 18.1076
87 97 43.5323
82 92 41.627
82 92 42.0799
43 53 61.4295
7 17 86.0572
31 41 56.1585
53 63 42.6579
49 59 52.8514
9 19 89.45
47 57 56.8018
15 25 86.2855
77 87 17.1065
5 15 82.6517
32 42 65.6748
51 61 50.4057
65 75 49.3127
53 63 39.8111
13 23 79.2705
43 53 59.0592
51 61 62.9135
12 22 85.655
37 47 58.3665
3 13 87.1142
91 100 21.7706
26 36 67.8251
41 51 58.9501
89 99 14.3436
66 76 21.6188
14 24 80.9406
92 100 25.3522
41 51 42.3814
17 27 82.7463
44 54 61.417
37 47 75.2071
19 29 83.4354
4 14 85.2778
98 100 16.5218
7 17 81.4217
48 58 50.5891
41 51 52.5959
73 83 27.6697
99 100 41.9179
48 58 49.4364
62 72 55.7441
82 92 25.4329
71 81 52.3467
68 78 30.5356
100 100 30.582
59 69 55.8876
63 73 35.5824
81 91 38.8864
100 100 38.0516
65 75 44.2385
19 29 74.0908
23 33 73.0051
39 49 56.3686
91 100 39.3016
28 38 53.5809
10 20 80.3282
14 24 78.7692
76 86 26.4114
19 29 62.8246
7 17 85.001
3 13 88.2886
43 53 57.8315
44 54 48.0734
68 78 44.9959
45 55 66.8617
35 45 66.3361
38 48 67.5191
15 25 80.8417
82 92 23.3386
86 96 45.7111
10 20 87.915
33 43 74.698
12 22 87.4936
9 19 82.9028
58 68 27.6729
32 42 61.6476
81 91 19.4578
24 34 70.7651
13 23 78.1527
100 100 8.7433
68 78 53.458
41 51 42.5274
84 94 30.105
32 42 68.7407
5 15 88.4465
8 18 82.1887
30 40 58.9194
13 23 76.1169
87 97 22.2661
89 99 25.6867
62 72 52.9707
5 15 85.2501
39 49 67.3253
42 52 59.1238
27 37 76.2758
22 32 64.1793
77 87 26.3621
25 35 69.2241
52 62 49.8478
3 13 80.7482
93 100 23.3763
60 70 48.2164
52 62 58.5179
78 88 24.5233
63 73 38.2913
83 93 54.049
90 100 15.463
53 63 29.1535
1 11 87.7332
58 68 49.0322
63 73 36.8728
41 51 57.4321
22 32 75.4622
96 100 35.7293
73 83 35.4227
17 27 82.7554
37 47 42.4504
57 67 23.3966
65 75 48.2817
98 100 24.7277
28 38 57.5899
21 31 76.4033
23 33 75.4483
72 82 22.7987
54 64 42.2149
98 100 43.2793
1 11 90.7752
59 69 22.815
76 86 44.0883
26 36 75.2105
6 16 84.0486
89 99 31.8717
94 100 15.684
91 100 29.3157
4 14 86.1889
37 47 58.2505
60 70 44.1321
25 35 76.3806
2 12 87.7407
44 54 68.383
39 49 57.0357
43 53 36.3067
86 96 22.6148
72 82 14.9754
