100 3115 9.9499
13 23 76.524
68 78 55.922
68 78 36.8073
98 100 8.8328
89 99 49.4884
56 66 48.4082
52 62 36.6158
96 100 10.1264
100 100 30.5665
15 25 75.9634
90 100 8.1037
73 83 45.0241
16 26 80.2619
3 13 89.0343
84 94 32.8627
39 49 43.9635
40 50 73.9789
88 98 48.8154
67 77 34.4722
76 86 28.3439
51 61 66.4926
55 65 45.5463
4 14 87.0881
27 37 74.9211
71 81 35.2456
57 67 54.2683
61 71 52.4987
91 100 37.3969
54 64 53.8624
44 54 59.9417
1 11 89.6695
56 66 29.4914
22 32 73.9944
40 50 50.1972
54 64 64.4279
70 80 23.6857
79 89 44.7869
94 100 11.1322
87 97 11.6404
20 30 81.6077
22 32 68.6545
97 100 35.0452
31 41 67.6605
58 68 56.3235
31 41 60.7807
17 27 74.5529
3 13 92.4751
39 49 57.1702
67 77 38.5952
68 78 32.3954
27 37 65.5808
8 18 87.0862
91 100 41.0138
18 28 75.69
1 11 88.6554
26 36 56.0297
95 100 38.5057
95 100 31.2716
53 63 47.2711
63 73 47.1118
9 19 75.464
15 25 81.1423
95 100 15.2397
5 15 87.6414
24 34 72.9009
68 78 36.1718
55 65 54.0828
80 90 20.5907
92 100 24.8961
63 73 31.8401
76 86 49.0995
74 84 25.1181
27 37 73.1299
47 57 48.9132
3 13 84.5646
58 68 43.7238
11 21 78.8011
32 42 63.9664
94 100 38.2419
85 95 23.1082
5 15 85.8588
45 55 47.2381
22 32 63.3489
48 58 46.6134
92 100 21.3916
80 90 44.5196
88 98 32.0469
98 100 37.11
78 88 35.2824
18 28 75.6987
17 27 68.3846
24 34 78.2411
97 100 35.6421
52 62 28.5167
52 62 53.7524
37 47 58.0141
75 85 15.8492
83 93 18.4402
100 100 41.341
13 23 87.5497
