900 26877 9.9499
6 16 0.8369
18 28 2.9248
83 93 68.188
52 62 14.3922
23 33 8.748
25 35 12.0263
58 68 13.7359
23 33 7.0336
84 94 27.9513
67 77 16.4698
29 39 4.8387
28 38 12.1717
54 64 21.5305
60 70 29.0888
80 90 39.3756
2 12 1.1805
8 18 2.871
36 46 7.4873
15 25 4.8084
24 34 6.6265
25 35 6.5705
89 99 49.2593
35 45 12.3805
16 26 4.9805
17 27 5.0603
76 86 23.8027
8 18 1.241
87 97 27.4199
26 36 9.8854
70 80 31.8593
93 100 70.9975
21 31 3.7087
65 75 19.509
43 53 11.2647
80 90 21.9642
19 29 2.5106
70 80 54.9051
18 28 5.0567
21 31 3.9605
6 16 0.9849
54 64 13.828
63 73 26.6721
56 66 35.8621
33 43 10.1461
74 84 61.734
81 91 73.0546
35 45 5.694
38 48 13.7159
36 46 20.3843
19 29 4.434
42 52 24.2497
93 100 30.5953
6 16 1.1359
88 98 61.251
76 86 72.0173
19 29 4.0104
91 100 78.3951
7 17 2.1103
48 58 8.4245
20 30 3.7873
95 100 46.6872
32 42 8.646
9 19 1.3607
20 30 7.5427
14 24 3.3306
10 20 2.9739
46 56 12.3264
82 92 70.7937
62 72 25.2084
69 79 60.9087
65 75 55.5353
64 74 54.3877
58 68 17.2831
82 92 80.8003
27 37 7.9688
41 51 24.0904
82 92 36.5275
5 15 0.5943
62 72 47.9432
57 67 28.2025
13 23 2.0612
18 28 5.8327
63 73 19.5886
98 100 79.0694
65 75 26.4947
71 81 44.1959
15 25 2.6736
67 77 52.7425
40 50 11.0025
17 27 4.1282
77 87 33.9831
86 96 41.6386
29 39 8.7657
82 92 75.9303
55 65 29.1179
23 33 10.61
95 100 70.4156
92 100 59.8534
27 37 7.3511
29 39 7.7184
66 76 15.85
83 93 38.6275
27 37 12.6992
45 55 10.805
22 32 2.7185
74 84 39.08
88 98 35.3371
68 78 44.5877
50 60 32.3886
40 50 15.5402
94 100 72.8838
72 82 19.8987
82 92 53.88
85 95 28.8745
12 22 3.8436
74 84 25.1382
46 56 8.8037
95 100 36.0
72 82 65.8695
75 85 58.921
14 24 1.9143
21 31 8.0679
25 35 4.8294
92 100 70.2797
12 22 1.5438
95 100 63.0007
45 55 13.5372
81 91 29.2843
39 49 18.7376
60 70 30.6816
83 93 45.8004
10 20 1.7287
74 84 26.6328
79 89 20.8758
38 48 6.1648
59 69 27.9355
61 71 27.2463
66 76 42.7781
96 100 28.0953
23 33 3.2382
49 59 32.0866
24 34 7.2571
52 62 27.2902
86 96 24.9231
81 91 38.7805
90 100 40.661
50 60 9.6373
5 15 2.1147
2 12 0.9306
84 94 44.1055
53 63 12.0569
98 100 54.5249
59 69 30.6982
74 84 27.6108
20 30 3.4924
56 66 10.9693
75 85 70.1172
93 100 28.7049
63 73 17.8726
67 77 36.3091
55 65 18.8
50 60 26.8573
59 69 32.3545
3 13 1.367
92 100 57.6081
36 46 10.1908
20 30 5.8738
38 48 12.059
50 60 17.4139
86 96 44.5236
80 90 26.2738
25 35 10.6779
25 35 7.8338
86 96 58.1071
1 11 0.8147
4 14 1.1249
87 97 81.3478
97 100 28.1696
44 54 23.6945
60 70 15.7395
15 25 4.1221
40 50 19.3204
78 88 76.0611
33 43 8.5972
80 90 52.0432
21 31 7.0363
53 63 36.4502
45 55 22.2095
42 52 19.9425
20 30 3.0262
10 20 3.0944
26 36 12.577
5 15 0.8529
85 95 33.1292
92 100 52.7512
84 94 36.4502
51 61 27.2348
67 77 42.8357
97 100 48.5461
46 56 19.6577
87 97 26.4422
89 99 57.4958
41 51 9.978
36 46 11.1797
14 24 5.4485
56 66 31.2291
41 51 9.4267
14 24 5.6611
60 70 24.5471
23 33 7.931
94 100 93.3079
28 38 7.3962
90 100 84.9144
8 18 1.2401
67 77 34.5039
81 91 71.2961
35 45 7.1706
11 21 4.014
25 35 9.8257
86 96 49.6081
3 13 0.7365
8 18 1.0231
77 87 57.0327
3 13 1.1124
78 88 50.9696
18 28 4.613
55 65 17.4607
52 62 25.3915
86 96 28.9121
26 36 11.4318
73 83 64.722
38 48 18.0396
50 60 23.4827
21 31 3.7869
76 86 65.9279
18 28 5.53
1 11 0.5304
76 86 33.9201
50 60 10.9819
70 80 35.2575
44 54 28.5979
17 27 4.4703
42 52 13.4183
85 95 33.8305
91 100 33.748
82 92 73.2907
52 62 35.4334
38 48 15.5039
85 95 37.8668
34 44 11.4427
57 67 31.2805
57 67 42.4035
21 31 6.6946
12 22 4.545
77 87 31.4755
50 60 25.9764
68 78 33.1949
52 62 30.2863
96 100 51.6602
90 100 80.5829
88 98 26.1489
76 86 48.5795
43 53 13.707
58 68 26.9724
94 100 89.9633
63 73 40.1221
30 40 6.9722
55 65 27.6476
53 63 18.2047
95 100 34.9577
100 100 64.2739
12 22 2.2243
97 100 89.5597
74 84 44.7588
41 51 12.8572
75 85 22.2822
78 88 54.9155
96 100 60.8946
84 94 39.3681
84 94 25.9071
76 86 35.5276
65 75 15.5141
2 12 1.112
76 86 24.2212
75 85 48.3122
19 29 5.5371
25 35 3.4129
66 76 15.0257
59 69 32.013
15 25 4.5531
83 93 71.4853
44 54 10.8689
78 88 29.8182
36 46 8.6465
76 86 19.1905
55 65 36.8862
6 16 1.071
7 17 2.4674
36 46 10.2266
41 51 7.9637
61 71 15.1204
33 43 9.0523
7 17 2.8053
43 53 9.3942
76 86 40.744
52 62 25.008
31 41 10.9813
79 89 72.8479
29 39 7.2345
14 24 4.5903
9 19 2.115
32 42 7.1701
74 84 64.1585
71 81 19.062
3 13 0.6096
40 50 7.653
91 100 92.8197
34 44 9.042
10 20 3.8126
57 67 22.3559
97 100 77.6901
49 59 12.7885
87 97 78.165
61 71 50.3731
75 85 52.6133
12 22 1.6417
1 11 0.3161
72 82 42.9549
33 43 12.3601
9 19 1.8093
9 19 2.2689
77 87 40.6559
69 79 40.221
21 31 2.8295
81 91 49.6799
54 64 19.7669
96 100 86.691
30 40 9.5722
61 71 37.8976
69 79 34.2916
29 39 8.4541
76 86 64.4841
51 61 12.1857
7 17 2.0604
47 57 9.9824
1 11 0.7026
56 66 16.1042
20 30 2.4486
90 100 90.579
72 82 17.8447
15 25 4.8145
35 45 10.4471
81 91 81.5572
61 71 24.8971
17 27 2.2611
24 34 6.1019
21 31 7.3805
31 41 12.0902
18 28 7.7702
86 96 71.8511
64 74 39.7707
6 16 1.66
55 65 30.6229
98 100 49.1065
16 26 2.1559
65 75 32.2034
77 87 46.4851
1 11 0.6402
41 51 18.122
75 85 68.6213
73 83 59.5814
66 76 41.4375
6 16 1.8309
20 30 6.3948
26 36 9.9673
37 47 6.6616
12 22 1.6172
19 29 7.3208
9 19 1.6381
22 32 7.2625
56 66 13.1544
38 48 21.3906
77 87 27.871
100 100 69.0096
49 59 28.6878
8 18 1.1759
41 51 14.4187
99 100 36.1826
90 100 65.7089
60 70 16.8256
5 15 0.8152
78 88 69.2307
4 14 1.4314
90 100 48.1567
90 100 31.3959
20 30 3.1709
72 82 30.7781
8 18 1.7303
77 87 56.0402
49 59 9.241
76 86 37.7291
64 74 22.0684
78 88 30.519
28 38 7.94
69 79 52.651
85 95 35.8202
75 85 49.5982
89 99 96.6623
65 75 18.145
94 100 31.2302
66 76 21.7856
18 28 3.3099
51 61 10.9376
56 66 12.7699
100 100 34.3068
49 59 16.2772
9 19 2.1987
82 92 23.1939
94 100 25.6725
95 100 35.5335
43 53 8.1379
99 100 47.6804
90 100 71.8273
11 21 4.1902
60 70 15.1305
16 26 3.2048
39 49 11.9315
63 73 18.3484
70 80 26.1131
33 43 10.5164
43 53 9.8007
51 61 28.3279
21 31 5.8724
84 94 54.398
9 19 2.6569
51 61 10.3491
23 33 4.4272
85 95 53.7758
40 50 20.9132
56 66 12.3124
53 63 18.6486
20 30 8.5574
96 100 50.2894
46 56 25.7993
3 13 1.5171
93 100 45.5639
21 31 4.7072
51 61 33.7085
86 96 44.1986
12 22 1.969
74 84 22.9163
95 100 33.1937
31 41 10.9806
80 90 32.013
62 72 28.4558
7 17 1.0685
97 100 35.6552
97 100 79.5878
12 22 3.2418
33 43 8.6671
13 23 3.5014
43 53 10.4148
89 99 52.7149
44 54 19.6479
72 82 17.9428
46 56 17.2042
1 11 1.1759
19 29 2.8612
79 89 45.9277
2 12 0.5178
99 100 51.7925
15 25 3.2396
27 37 8.4914
5 15 0.6846
54 64 13.6139
2 12 0.4911
70 80 40.7274
53 63 14.7118
50 60 13.6272
6 16 2.1724
77 87 22.1022
49 59 27.7308
74 84 62.4653
72 82 49.8309
74 84 58.9486
35 45 17.964
75 85 52.8107
58 68 26.4206
26 36 4.8528
34 44 5.2368
96 100 33.3876
42 52 10.2868
4 14 1.262
77 87 63.7091
63 73 40.7503
3 13 1.5001
56 66 35.1981
81 91 61.3794
49 59 24.2881
18 28 2.3948
55 65 16.4211
13 23 5.0508
44 54 22.9077
74 84 21.0966
69 79 36.155
83 93 31.6373
97 100 25.3956
42 52 13.945
18 28 2.2079
69 79 26.282
83 93 59.8411
43 53 27.1889
4 14 0.4908
50 60 9.2483
19 29 3.6245
9 19 1.6762
86 96 89.057
53 63 22.4904
34 44 10.0819
62 72 21.4369
16 26 5.811
27 37 10.9012
97 100 77.7483
79 89 28.8025
59 69 42.8056
22 32 6.9934
7 17 1.0353
51 61 27.8446
2 12 1.4135
53 63 34.9636
23 33 7.5757
6 16 0.8995
66 76 14.5435
11 21 1.1857
41 51 9.2264
9 19 1.7694
20 30 4.6894
30 40 14.9297
19 29 7.9445
76 86 39.5377
39 49 7.4442
44 54 11.1703
22 32 5.172
58 68 25.5793
26 36 8.7663
49 59 9.3765
4 14 1.3181
30 40 10.1965
77 87 29.0402
92 100 30.8203
84 94 78.6893
15 25 1.6832
33 43 10.861
95 100 73.9892
69 79 31.3018
35 45 11.3717
9 19 2.1963
34 44 13.6028
75 85 27.9894
59 69 42.4609
35 45 15.4598
92 100 60.4553
85 95 59.495
58 68 22.0008
23 33 9.4464
52 62 24.9151
48 58 11.0224
10 20 3.7795
38 48 9.1645
55 65 12.2087
45 55 17.1951
33 43 7.1049
81 91 40.7478
23 33 8.2306
29 39 9.7045
99 100 32.8673
59 69 14.8163
82 92 38.1615
71 81 59.5459
95 100 96.2243
93 100 77.1147
48 58 13.2547
63 73 22.7071
97 100 31.5541
45 55 8.1288
100 100 60.7729
2 12 0.3652
87 97 36.1826
28 38 5.1031
13 23 2.2554
49 59 13.3079
86 96 38.5964
93 100 97.646
51 61 13.2933
10 20 1.5698
7 17 2.6118
99 100 65.6586
14 24 1.734
20 30 8.3932
70 80 59.0638
98 100 70.9351
85 95 63.2105
54 64 23.9268
34 44 17.9895
53 63 21.0874
60 70 48.5921
40 50 8.8102
69 79 27.5415
80 90 57.2565
39 49 6.7247
97 100 61.2118
20 30 4.1136
91 100 66.3785
14 24 2.3498
80 90 25.2949
61 71 22.6138
44 54 19.7651
78 88 40.9984
4 14 0.8389
74 84 69.8595
88 98 92.945
91 100 72.4167
22 32 2.9705
83 93 59.3809
7 17 1.3988
7 17 1.7916
74 84 25.1392
61 71 39.9816
40 50 17.2881
23 33 8.8078
22 32 9.1882
85 95 71.2893
10 20 1.2399
29 39 4.0534
12 22 3.531
1 11 0.3057
90 100 37.0029
33 43 6.1688
89 99 39.065
16 26 3.3357
41 51 25.8959
92 100 91.1318
67 77 58.8519
31 41 7.0543
89 99 56.1136
73 83 29.8761
47 57 22.0365
41 51 21.7016
28 38 8.457
91 100 61.2932
4 14 1.4121
62 72 14.6161
99 100 97.259
33 43 6.0821
66 76 20.6388
58 68 24.2428
43 53 17.9471
12 22 4.3468
32 42 4.5186
72 82 50.0924
34 44 15.5962
20 30 2.9998
12 22 4.0986
91 100 53.3718
9 19 3.3559
72 82 58.7783
80 90 27.3435
1 11 0.9681
32 42 7.4737
8 18 1.6104
41 51 23.5109
3 13 1.3354
54 64 30.4119
85 95 60.918
5 15 1.1443
57 67 43.4294
42 52 16.778
31 41 15.2358
24 34 4.6764
49 59 27.9312
19 29 5.1153
97 100 34.4111
18 28 3.037
39 49 21.3647
82 92 56.835
50 60 29.2054
85 95 27.3571
37 47 6.2986
96 100 37.6554
39 49 14.3028
20 30 2.3278
25 35 5.5554
48 58 30.6772
43 53 12.2591
25 35 10.5151
2 12 1.2805
72 82 48.6716
61 71 47.5231
77 87 53.1208
12 22 1.2345
2 12 0.7044
34 44 17.8718
33 43 4.7572
34 44 9.8653
10 20 1.112
39 49 23.7266
70 80 47.7163
100 100 90.5257
17 27 3.951
10 20 1.8884
13 23 4.0695
22 32 3.253
28 38 9.5821
71 81 64.064
38 48 18.4943
99 100 92.4405
54 64 27.6792
96 100 74.736
36 46 12.7349
73 83 61.6178
27 37 4.0032
62 72 39.974
76 86 61.215
19 29 7.7334
87 97 39.2653
90 100 43.7238
11 21 2.4967
32 42 16.9579
38 48 7.8647
5 15 1.2146
22 32 7.9501
66 76 49.2579
56 66 41.6141
14 24 5.319
89 99 92.9971
65 75 16.5584
75 85 24.012
21 31 3.5228
74 84 24.8243
3 13 1.5713
16 26 5.884
19 29 2.4486
33 43 15.4693
21 31 5.1207
28 38 12.2157
80 90 74.4286
93 100 88.9853
56 66 21.2069
23 33 3.3661
10 20 2.2186
33 43 6.409
83 93 57.6385
31 41 14.2476
100 100 52.3308
61 71 20.9929
8 18 1.2359
96 100 81.5427
28 38 12.6537
90 100 27.014
69 79 36.5505
55 65 14.98
97 100 48.265
18 28 4.7904
86 96 34.2085
71 81 44.6104
73 83 28.7553
17 27 2.666
95 100 57.8817
34 44 18.5141
42 52 21.0397
69 79 61.6712
2 12 0.4311
8 18 2.4358
87 97 54.5633
14 24 1.7527
76 86 73.0341
18 28 6.7964
54 64 16.1114
81 91 34.0846
83 93 77.5738
81 91 49.2285
100 100 26.2492
34 44 16.0617
78 88 50.4753
99 100 65.9604
86 96 57.4276
14 24 5.7088
56 66 34.5885
73 83 22.9403
55 65 18.1928
62 72 16.3798
99 100 76.8866
2 12 1.3645
98 100 28.228
89 99 90.326
71 81 18.5727
81 91 48.1039
59 69 17.4214
13 23 3.1325
15 25 3.7683
7 17 2.419
21 31 5.2331
22 32 3.6718
3 13 1.3603
5 15 1.0353
21 31 5.4751
62 72 35.8262
16 26 5.4448
62 72 13.035
4 14 1.7503
87 97 63.8289
74 84 19.6728
29 39 9.2544
99 100 29.9734
39 49 23.9238
12 22 4.6859
94 100 77.8383
72 82 17.5393
70 80 62.4353
83 93 61.1102
61 71 40.5018
98 100 33.6203
86 96 69.8328
8 18 3.0611
9 19 3.3069
72 82 22.1728
68 78 17.2906
13 23 2.275
69 79 30.9025
21 31 3.8396
36 46 18.1433
28 38 10.1347
69 79 57.7494
69 79 61.4531
17 27 6.3363
73 83 30.5588
18 28 7.674
83 93 54.7452
25 35 3.2199
19 29 2.4124
31 41 5.9976
80 90 37.8754
15 25 1.908
56 66 37.5022
96 100 49.063
98 100 33.1845
17 27 4.912
75 85 54.2889
55 65 35.0511
63 73 17.4557
100 100 57.64
8 18 1.8843
70 80 37.8877
17 27 7.0921
48 58 19.2888
70 80 19.0018
39 49 6.474
44 54 22.0393
36 46 6.4308
75 85 49.5658
12 22 2.5256
46 56 13.9854
94 100 44.067
54 64 10.3529
73 83 49.601
85 95 77.0533
75 85 33.4998
10 20 1.0837
1 11 0.9226
91 100 34.3373
95 100 80.8902
63 73 32.6772
58 68 17.6955
52 62 36.981
96 100 53.3499
26 36 9.8948
97 100 91.6787
41 51 13.2052
81 91 49.1724
48 58 29.7385
18 28 7.0682
10 20 1.086
41 51 24.8143
59 69 25.2356
81 91 58.6205
69 79 55.9684
23 33 6.257
1 11 1.0764
10 20 2.7222
44 54 24.8981
69 79 17.3206
12 22 2.8954
54 64 12.5968
20 30 2.3753
3 13 0.7822
53 63 11.39
83 93 51.853
100 100 51.5294
49 59 15.5685
88 98 47.8269
