900 26523 9.9499
55 65 57.3412
41 51 49.5363
25 35 66.0806
62 72 48.9328
65 75 45.6152
32 42 51.7464
90 100 7.2814
91 100 35.4894
80 90 30.8569
11 21 85.1394
39 49 63.0563
83 93 44.597
41 51 69.0378
41 51 60.8182
25 35 64.2434
33 43 66.3899
35 45 54.4393
50 60 44.1839
71 81 31.1878
95 100 22.3407
7 17 88.5839
50 60 56.4331
91 100 32.935
26 36 75.3615
65 75 51.8026
17 27 78.2694
21 31 71.0818
19 29 77.5139
53 63 42.1318
14 24 79.8432
87 97 28.295
85 95 14.173
100 100 27.0369
14 24 81.3929
25 35 73.0734
91 100 24.99
53 63 66.6411
13 23 84.3146
40 50 70.9874
37 47 42.1344
97 100 24.5491
8 18 85.8254
10 20 76.2129
3 13 90.1569
90 100 47.2918
98 100 18.7446
76 86 25.059
43 53 64.5532
20 30 79.4879
64 74 36.0804
92 100 40.5794
95 100 38.9688
100 100 40.0056
70 80 43.5481
37 47 50.9225
59 69 58.2138
39 49 55.248
16 26 73.5666
68 78 56.9904
52 62 50.1236
24 34 70.7718
94 100 27.7487
83 93 39.6497
1 11 89.242
91 100 34.8667
42 52 62.044
74 84 54.2697
36 46 51.6041
67 77 41.3128
89 99 6.5628
3 13 86.49
12 22 69.9665
11 21 74.3751
39 49 61.7796
23 33 55.3357
41 51 49.1794
93 100 34.0204
73 83 50.3206
99 100 16.1395
71 81 38.331
29 39 72.679
14 24 87.6976
52 62 59.637
62 72 33.0487
17 27 73.6576
41 51 42.0267
71 81 51.3243
66 76 35.5598
24 34 55.8218
67 77 44.4622
13 23 83.9826
14 24 70.3837
5 15 84.5204
40 50 65.9441
68 78 46.2482
5 15 84.3422
82 92 39.2615
64 74 30.2434
45 55 52.7207
57 67 56.2245
16 26 80.3569
60 70 26.4896
13 23 82.1942
28 38 62.4463
88 98 54.1446
73 83 47.2863
68 78 39.6459
22 32 68.8767
66 76 34.8442
44 54 53.1791
99 100 15.0466
97 100 15.9025
70 80 42.2097
96 100 28.2216
48 58 37.7414
37 47 65.2008
39 49 55.4802
56 66 28.7993
86 96 45.8329
24 34 67.6144
3 13 82.2413
83 93 24.0816
34 44 71.807
85 95 16.4544
67 77 54.6668
95 100 21.1453
14 24 83.0249
17 27 86.5681
79 89 30.071
93 100 29.7178
51 61 55.3105
31 41 57.1596
55 65 41.7665
51 61 43.2188
68 78 45.3979
85 95 33.3749
68 78 40.6878
22 32 66.566
39 49 74.4338
10 20 75.1654
78 88 17.7216
67 77 51.3301
98 100 30.7759
40 50 58.9118
94 100 48.5321
75 85 31.036
42 52 67.644
1 11 85.7828
19 29 74.5356
66 76 17.3639
36 46 54.1254
80 90 30.685
73 83 35.1602
59 69 27.141
14 24 81.7379
14 24 88.0369
33 43 76.1535
78 88 45.2149
58 68 43.9489
89 99 52.6844
64 74 28.4089
55 65 43.9755
96 100 18.2696
17 27 76.185
95 100 25.1272
78 88 23.299
4 14 88.8608
37 47 65.8484
100 100 22.8953
87 97 16.6032
79 89 34.8915
46 56 49.2944
97 100 43.4703
29 39 78.1049
36 46 66.1115
71 81 40.7938
41 51 51.0382
17 27 82.7827
54 64 49.4954
73 83 44.1879
74 84 36.7782
43 53 53.2988
91 100 21.9464
92 100 17.8329
82 92 32.039
31 41 61.6115
79 89 19.2317
13 23 82.2957
87 97 19.6471
95 100 23.2526
71 81 15.0637
80 90 17.215
66 76 40.54
61 71 54.8577
85 95 22.4449
42 52 61.9857
3 13 84.7596
50 60 48.0526
55 65 52.2093
74 84 47.6486
52 62 46.221
36 46 49.999
39 49 64.0816
10 20 84.0614
79 89 15.684
33 43 67.1531
52 62 33.2894
36 46 60.0951
56 66 49.1261
59 69 38.7245
20 30 74.1941
53 63 51.3086
52 62 36.3428
13 23 82.0764
46 56 64.8057
75 85 44.4982
92 100 12.695
94 100 20.6625
11 21 80.3049
93 100 4.3694
32 42 64.399
94 100 21.0635
74 84 32.0481
23 33 68.4905
68 78 43.8416
14 24 83.6585
37 47 60.9586
22 32 73.8311
85 95 28.7993
79 89 36.4273
9 19 74.7827
72 82 37.5438
43 53 65.8808
72 82 29.9723
92 100 35.4978
57 67 43.465
24 34 75.69
4 14 85.0398
53 63 59.1622
12 22 77.4981
28 38 75.3007
52 62 54.2521
4 14 90.136
91 100 42.4687
6 16 87.1329
25 35 75.8885
67 77 56.2005
9 19 86.0071
21 31 80.6224
57 67 49.6898
4 14 83.335
78 88 16.5657
9 19 73.9652
1 11 91.0975
78 88 57.4003
92 100 24.4916
25 35 76.1466
26 36 64.1697
10 20 79.5165
44 54 43.7397
100 100 29.1978
14 24 70.9116
49 59 58.0979
86 96 38.661
42 52 65.0265
76 86 45.963
36 46 58.8534
9 19 82.0365
58 68 54.1049
99 100 14.4841
85 95 22.5416
70 80 32.4228
94 100 21.6346
16 26 76.1169
15 25 69.3956
12 22 83.3459
100 100 24.6324
88 98 10.0724
94 100 23.7988
50 60 45.3885
54 64 37.1661
52 62 50.2738
37 47 56.1121
3 13 85.7717
53 63 42.951
11 21 80.2744
64 74 47.1447
70 80 23.1467
34 44 51.6113
57 67 36.6303
16 26 68.2904
1 11 88.4427
54 64 53.5604
82 92 16.9085
29 39 64.0976
38 48 53.3586
11 21 86.3636
28 38 55.4846
64 74 44.079
28 38 51.1425
40 50 67.6177
84 94 6.5736
55 65 34.1956
13 23 77.1077
4 14 91.235
34 44 63.1739
6 16 82.3611
17 27 70.4341
28 38 72.8206
85 95 33.9155
77 87 33.9842
36 46 51.6702
51 61 59.3824
27 37 70.7668
8 18 80.4071
60 70 64.722
49 59 61.7529
30 40 65.4513
90 100 21.2955
21 31 76.7113
1 11 90.0089
66 76 26.0917
17 27 72.2942
61 71 34.7711
48 58 45.4667
98 100 26.2995
47 57 39.4083
25 35 59.9525
39 49 53.8624
44 54 56.0387
6 16 87.9656
27 37 76.7446
61 71 54.2256
7 17 81.5048
4 14 84.8886
14 24 82.4518
36 46 65.6181
31 41 73.5632
18 28 71.3924
37 47 49.9764
90 100 4.7795
69 79 39.4346
95 100 26.7641
65 75 47.039
9 19 79.5396
32 42 72.6228
8 18 86.0739
67 77 39.3744
57 67 57.6901
49 59 59.8658
26 36 70.1356
53 63 36.0816
61 71 51.5251
31 41 66.3247
71 81 28.0423
48 58 47.2656
40 50 49.7166
84 94 42.3645
82 92 16.2748
75 85 29.2822
93 100 33.8887
52 62 58.2398
3 13 87.4468
94 100 5.7619
76 86 17.4139
75 85 45.7273
16 26 72.2381
89 99 14.3361
2 12 92.3271
46 56 58.789
36 46 54.6062
97 100 12.2752
75 85 55.0653
77 87 23.1823
97 100 29.0424
63 73 61.4985
6 16 82.2504
69 79 20.5581
5 15 85.4885
5 15 86.6147
35 45 60.1664
53 63 58.9563
67 77 31.4384
70 80 28.5487
24 34 69.5423
42 52 54.2418
47 57 47.3661
74 84 15.5023
95 100 34.6603
64 74 33.0395
8 18 81.6836
50 60 47.6694
16 26 72.5069
18 28 68.9265
81 91 19.5435
92 100 35.7078
93 100 33.3587
4 14 89.2515
26 36 68.2028
54 64 50.5478
19 29 63.1341
80 90 15.3445
6 16 84.0009
3 13 89.7927
58 68 29.9548
24 34 66.3215
18 28 79.752
64 74 43.7556
6 16 91.9336
71 81 38.7967
25 35 72.0733
28 38 79.9969
31 41 68.5683
2 12 92.6676
24 34 70.1708
70 80 17.3797
94 100 33.135
24 34 64.5307
63 73 44.3183
95 100 39.9753
91 100 31.0104
49 59 53.974
26 36 55.7322
98 100 39.6799
41 51 68.2276
34 44 62.0739
37 47 68.2293
23 33 70.3552
44 54 60.1804
28 38 68.512
90 100 7.8697
20 30 84.2797
12 22 81.8916
69 79 39.6195
54 64 39.8729
88 98 28.9584
15 25 78.5865
39 49 57.9928
47 57 57.4503
89 99 23.4537
66 76 33.9912
66 76 31.5496
58 68 56.0222
93 100 35.819
66 76 46.4292
57 67 45.8668
93 100 37.7918
74 84 38.5467
80 90 18.0498
96 100 7.1364
11 21 74.584
3 13 82.0673
40 50 61.7183
20 30 77.25
45 55 46.1353
60 70 38.5554
3 13 89.7302
95 100 21.1425
12 22 80.0703
36 46 71.4448
77 87 57.5838
59 69 34.1722
59 69 48.4374
71 81 31.3443
18 28 74.6133
94 100 38.2951
23 33 71.5276
1 11 90.3431
96 100 35.8981
96 100 37.2002
25 35 74.961
78 88 36.3633
81 91 28.6086
36 46 52.1342
16 26 64.9056
100 100 8.7847
45 55 53.3908
35 45 60.2471
82 92 50.2624
9 19 88.236
95 100 14.3997
69 79 24.8861
65 75 33.9679
94 100 31.671
7 17 80.6081
88 98 16.0024
5 15 86.0702
15 25 77.4118
92 100 43.3793
20 30 76.2583
6 16 86.6184
73 83 37.232
53 63 63.9024
18 28 73.3096
41 51 72.398
11 21 84.5903
12 22 72.7387
3 13 86.9034
41 51 52.6611
65 75 31.7138
49 59 63.1532
84 94 23.9414
11 21 86.6184
42 52 50.3816
56 66 59.7374
35 45 69.639
23 33 77.7853
34 44 58.5347
66 76 36.4405
43 53 66.2336
74 84 47.6942
73 83 24.7616
62 72 50.4043
50 60 57.5049
24 34 69.096
44 54 67.386
3 13 87.6789
53 63 50.5393
36 46 58.4506
1 11 85.9885
22 32 80.2296
40 50 62.9785
40 50 57.6172
11 21 83.2693
10 20 87.1777
36 46 51.7752
87 97 22.9316
61 71 49.7392
96 100 41.7458
33 43 69.1143
4 14 83.8708
58 68 60.9368
33 43 73.1914
35 45 50.4583
63 73 40.951
12 22 81.3784
59 69 52.0779
35 45 76.566
38 48 59.2684
99 100 44.6197
37 47 53.7905
54 64 30.967
25 35 75.7544
86 96 18.946
1 11 88.3111
83 93 14.4659
50 60 46.024
39 49 69.9113
5 15 89.5768
95 100 43.4584
90 100 36.5771
9 19 84.6842
66 76 53.0406
48 58 61.9338
6 16 79.7253
27 37 57.7858
91 100 30.0688
40 50 45.6435
95 100 11.758
59 69 43.7252
71 81 33.3449
1 11 91.5849
27 37 63.6022
60 70 49.8436
72 82 24.949
38 48 61.4766
74 84 39.3744
20 30 69.8311
49 59 48.4527
79 89 17.3914
45 55 59.4873
62 72 23.4672
6 16 88.8514
77 87 41.6322
6 16 78.8597
87 97 12.5479
99 100 32.755
41 51 43.0061
3 13 86.6742
85 95 20.5245
51 61 54.339
57 67 37.7107
13 23 87.3552
81 91 43.9781
74 84 34.0671
43 53 60.8899
87 97 49.5067
23 33 59.4426
16 26 78.4146
82 92 32.8363
79 89 32.2374
65 75 36.5529
83 93 50.2001
18 28 79.7199
31 41 67.57
33 43 67.8333
12 22 77.5456
9 19 88.313
47 57 56.3956
56 66 48.6102
42 52 65.8759
77 87 30.8936
6 16 89.0287
9 19 83.9239
23 33 69.4822
32 42 67.6605
24 34 63.7746
48 58 34.7475
98 100 23.8017
35 45 51.7867
34 44 69.0362
14 24 82.0021
53 63 31.0071
39 49 64.0288
23 33 59.9494
36 46 60.5486
46 56 53.2827
85 95 15.136
90 100 30.1522
35 45 65.461
70 80 58.9133
21 31 75.57
79 89 33.383
3 13 89.5711
78 88 44.7106
91 100 26.3261
6 16 85.6902
51 61 43.3754
82 92 12.5394
87 97 11.3852
34 44 62.0487
79 89 21.9342
13 23 82.4591
67 77 23.2093
46 56 36.6533
25 35 74.0116
11 21 70.9975
47 57 62.4479
3 13 91.6079
28 38 69.6841
28 38 58.3116
27 37 67.1744
70 80 30.5113
89 99 7.3268
35 45 70.2143
84 94 16.1218
71 81 20.2842
86 96 17.1968
46 56 60.3543
95 100 40.6317
66 76 43.2951
60 70 40.7555
5 15 87.516
90 100 19.23
6 16 85.581
5 15 79.895
90 100 25.8572
39 49 62.728
65 75 52.3756
42 52 49.9821
70 80 36.8777
68 78 44.6344
20 30 71.0497
63 73 37.0333
99 100 10.8412
77 87 53.2491
34 44 52.6249
88 98 29.5523
11 21 72.737
32 42 56.5143
11 21 84.0229
67 77 52.3091
50 60 43.4795
52 62 48.6771
92 100 47.2574
75 85 21.3823
5 15 82.138
51 61 40.8768
23 33 62.0424
1 11 88.6121
86 96 52.3843
99 100 22.5169
7 17 85.5292
96 100 11.9039
73 83 44.5797
59 69 31.0327
46 56 62.8912
70 80 58.4506
47 57 69.7709
43 53 47.6956
22 32 72.7933
71 81 34.9754
81 91 52.6408
40 50 55.1871
24 34 79.1299
22 32 74.5011
53 63 53.9828
54 64 53.6791
30 40 64.1169
43 53 67.9932
61 71 60.7293
9 19 74.0357
1 11 88.345
93 100 13.8995
13 23 77.4734
19 29 76.7341
77 87 17.3073
77 87 50.951
44 54 64.1217
69 79 54.9259
45 55 38.7593
79 89 39.9652
97 100 10.4678
19 29 74.0615
52 62 48.8937
32 42 70.2596
79 89 30.7082
90 100 14.3505
47 57 40.6317
49 59 62.1275
9 19 81.6385
49 59 56.6286
73 83 31.453
51 61 41.9023
73 83 33.8515
51 61 57.6552
23 33 77.8365
39 49 74.4079
93 100 12.4017
49 59 56.6738
60 70 45.8383
81 91 21.2318
98 100 22.286
34 44 71.7087
62 72 46.6612
60 70 50.3944
41 51 57.6218
94 100 12.0666
76 86 16.2909
36 46 71.3298
22 32 60.2347
55 65 48.5809
82 92 50.8569
59 69 36.9615
49 59 67.9503
99 100 24.5471
6 16 83.3697
96 100 8.3307
87 97 17.1131
68 78 58.0324
64 74 42.7611
16 26 81.1639
31 41 57.6461
10 20 73.6353
51 61 29.7963
44 54 61.2197
34 44 58.2948
60 70 34.2681
67 77 52.6902
7 17 85.446
80 90 16.7436
91 100 41.1471
22 32 63.193
89 99 50.1306
24 34 57.4731
79 89 42.4022
22 32 61.5236
87 97 33.7166
81 91 28.661
67 77 32.4854
39 49 62.1575
30 40 60.8993
35 45 59.5521
25 35 78.2924
27 37 55.1024
90 100 21.2143
46 56 70.6239
26 36 75.1949
16 26 75.3858
61 71 34.0928
35 45 53.1266
85 95 31.4171
3 13 93.0743
17 27 73.2274
90 100 30.4483
28 38 60.2316
15 25 68.4276
85 95 13.7604
80 90 30.8058
34 44 70.5382
36 46 63.2741
48 58 55.0015
9 19 80.9208
16 26 80.6763
60 70 48.1289
11 21 82.6208
96 100 35.9868
50 60 44.7668
10 20 80.9694
38 48 57.5474
6 16 83.4099
88 98 28.7371
98 100 35.1554
11 21 81.3748
56 66 47.1378
71 81 36.5807
92 100 36.484
56 66 28.7403
65 75 56.0671
46 56 46.72
83 93 12.599
26 36 63.6517
70 80 49.7039
15 25 76.5293
80 90 32.2567
43 53 48.5558
76 86 46.2019
49 59 40.9664
45 55 60.8213
89 99 13.2394
20 30 77.5298
71 81 51.8919
2 12 90.0373
50 60 48.5962
66 76 45.145
39 49 53.2243
54 64 51.2012
76 86 21.5036
83 93 26.9672
29 39 73.8671
54 64 47.6293
70 80 41.2601
33 43 59.7993
35 45 62.9372
98 100 28.8605
84 94 25.6552
57 67 42.3163
22 32 70.9756
53 63 31.0472
5 15 89.5881
46 56 45.5774
17 27 76.9901
34 44 56.1046
78 88 43.1202
26 36 80.3479
14 24 77.4154
78 88 43.7741
9 19 76.8217
6 16 87.6901
14 24 72.7626
24 34 72.1497
7 17 83.0012
39 49 72.6501
25 35 68.7656
37 47 61.7545
45 55 57.5777
96 100 26.396
1 11 90.9925
16 26 65.9945
68 78 51.011
62 72 60.3682
81 91 30.0304
16 26 79.4754
42 52 56.9316
86 96 39.7631
72 82 30.9715
59 69 49.694
6 16 80.1204
56 66 56.3626
60 70 51.7349
1 11 88.471
93 100 37.1271
29 39 62.6251
82 92 20.161
71 81 32.0413
85 95 51.5538
25 35 81.382
15 25 74.7689
84 94 25.1242
84 94 32.9246
95 100 27.5646
60 70 42.3762
55 65 43.1702
68 78 47.05
31 41 60.6483
86 96 22.7357
31 41 66.1522
17 27 75.5161
29 39 71.2927
40 50 57.7858
69 79 46.4292
18 28 72.7234
13 23 80.7482
5 15 83.2164
35 45 56.93
7 17 85.8495
44 54 45.9779
81 91 13.2438
36 46 65.4837
42 52 52.9926
