100 3248 4.3589
47 57 26.2615
83 93 22.9221
4 14 0.7125
74 84 26.4566
95 100 71.6799
35 45 5.1293
11 21 3.1265
2 12 0.6967
12 22 2.153
74 84 44.7708
17 27 4.0409
94 100 29.2216
25 35 5.9473
46 56 15.8014
59 69 12.9614
9 19 1.9094
23 33 7.3625
50 60 12.1857
93 100 60.2564
76 86 20.5626
70 80 56.337
53 63 12.9262
93 100 46.9321
28 38 6.0693
94 100 98.014
73 83 49.5363
62 72 19.6568
21 31 6.0069
77 87 21.2281
18 28 3.8373
40 50 8.6095
68 78 30.0775
32 42 11.5308
39 49 9.5376
27 37 9.5691
58 68 22.5312
35 45 6.9501
66 76 21.7286
68 78 37.5156
74 84 35.2361
97 100 51.7709
83 93 48.2455
80 90 45.0899
77 87 40.4165
86 96 47.131
96 100 85.4663
8 18 1.1304
75 85 28.0593
49 59 30.4538
97 100 53.6263
44 54 17.0668
83 93 28.246
100 100 55.5994
50 60 25.2104
66 76 40.9472
76 86 55.7606
93 100 28.4996
47 57 21.6346
75 85 65.0523
39 49 16.5763
26 36 11.7498
85 95 23.217
21 31 8.0701
67 77 21.3296
99 100 72.7251
25 35 10.7361
33 43 11.1803
83 93 55.3863
15 25 5.0225
45 55 27.7845
6 16 1.7319
44 54 18.9887
8 18 1.3037
58 68 25.1462
93 100 73.4398
88 98 64.4937
90 100 60.8525
94 100 35.0855
55 65 10.6909
99 100 30.7603
33 43 17.5695
69 79 21.7594
77 87 27.1347
7 17 2.2398
95 100 30.117
72 82 59.9215
88 98 79.4006
34 44 6.0546
30 40 8.1419
41 51 22.1436
82 92 67.896
45 55 8.78
89 99 40.8372
42 52 9.7375
72 82 28.8165
15 25 2.6371
42 52 11.5818
18 28 2.5072
6 16 1.03
42 52 10.6877
