900 26309 9.9499
38 48 65.9182
33 43 68.822
19 29 81.2432
80 90 21.014
49 59 33.0867
59 69 37.9234
14 24 67.9668
88 98 28.9422
76 86 36.8461
16 26 79.0979
73 83 35.9448
84 94 20.2266
28 38 75.1377
81 91 24.2389
99 100 31.1721
88 98 16.0889
89 99 53.6659
99 100 28.9401
35 45 64.3092
30 40 71.9494
57 67 39.2239
47 57 68.1483
30 40 66.9124
29 39 70.9655
84 94 15.8444
56 66 46.1734
70 80 29.3244
63 73 55.0623
7 17 84.0082
81 91 23.5662
42 52 60.5595
82 92 17.495
61 71 39.015
15 25 74.9246
43 53 51.9019
26 36 68.5899
32 42 67.0843
32 42 73.8568
25 35 78.2446
94 100 29.0435
48 58 53.7553
12 22 79.9558
41 51 45.9481
1 11 87.9938
15 25 79.7842
17 27 73.1093
82 92 14.1128
7 17 88.345
55 65 46.954
87 97 6.6616
63 73 40.6853
85 95 41.1882
87 97 27.2254
34 44 72.6671
83 93 38.7842
67 77 28.6953
17 27 67.2498
44 54 60.3294
11 21 75.0892
97 100 46.5029
47 57 55.7576
9 19 84.7449
94 100 17.1744
23 33 58.6557
25 35 63.1643
77 87 27.8066
1 11 88.082
41 51 57.5975
5 15 85.5958
63 73 44.0086
32 42 65.1394
98 100 34.0601
61 71 32.5664
94 100 30.8547
53 63 48.6562
40 50 62.7502
86 96 13.9869
78 88 25.314
70 80 18.1476
12 22 81.5951
18 28 70.5533
7 17 88.0463
53 63 56.0043
8 18 83.0559
5 15 89.174
8 18 76.3369
7 17 88.8457
83 93 30.1906
12 22 84.5756
70 80 44.3023
45 55 48.6925
63 73 42.9064
34 44 61.1508
54 64 45.0174
74 84 33.6354
8 18 86.9127
43 53 71.1155
56 66 34.6262
7 17 78.4713
33 43 63.1659
19 29 75.032
66 76 27.8805
18 28 66.6656
28 38 74.3682
37 47 58.8228
65 75 27.6287
90 100 43.4927
20 30 77.4154
2 12 84.5407
36 46 49.4701
80 90 31.8231
30 40 68.7523
50 60 60.9383
83 93 37.9123
33 43 64.8202
22 32 62.8453
75 85 36.8133
65 75 34.6438
60 70 46.4606
91 100 29.2313
51 61 39.4937
8 18 80.7572
76 86 50.4242
62 72 53.3689
94 100 34.711
26 36 74.7723
8 18 88.2491
43 53 61.4295
37 47 44.6839
49 59 43.8628
57 67 50.9182
54 64 55.2094
26 36 75.4831
89 99 25.5177
99 100 15.3515
71 81 28.5338
86 96 23.4372
8 18 85.6513
77 87 48.7246
24 34 72.3946
29 39 68.1467
87 97 35.6218
38 48 75.6395
26 36 77.4594
34 44 60.3947
32 42 68.216
16 26 76.5345
66 76 52.6844
68 78 36.4574
41 51 43.9582
24 34 65.0749
38 48 50.8726
70 80 56.7657
35 45 61.1352
25 35 74.6945
13 23 76.5958
87 97 29.5718
91 100 41.9917
49 59 37.6027
40 50 60.5517
34 44 68.2293
36 46 52.5248
96 100 41.8583
11 21 82.6536
43 53 42.8135
30 40 78.4907
72 82 42.9117
20 30 82.5518
27 37 57.3503
18 28 70.713
83 93 20.5517
3 13 87.2132
39 49 47.3385
67 77 51.184
21 31 84.0834
97 100 26.3713
33 43 58.5791
70 80 41.5393
39 49 58.2932
15 25 72.9487
73 83 27.1535
77 87 45.1503
14 24 66.4144
21 31 65.3608
3 13 81.4091
99 100 13.5999
98 100 31.0907
5 15 86.786
93 100 42.9117
98 100 25.1964
47 57 51.4032
63 73 34.2494
32 42 67.6835
58 68 58.8949
41 51 58.3497
14 24 86.6202
65 75 36.6364
2 12 87.2057
82 92 45.5234
99 100 38.4971
56 66 39.6132
32 42 63.5337
79 89 48.3428
56 66 47.1365
10 20 82.6063
72 82 55.3953
85 95 16.9291
72 82 39.3995
30 40 70.565
55 65 55.0623
33 43 66.9844
72 82 34.3302
38 48 60.3154
62 72 56.1271
90 100 23.0967
77 87 40.6661
91 100 22.8216
40 50 72.9453
84 94 34.605
21 31 80.4412
26 36 72.6143
39 49 61.6084
82 92 32.7642
27 37 52.8325
79 89 53.2097
33 43 55.768
84 94 23.7842
32 42 52.9518
47 57 46.5069
27 37 76.5958
96 100 14.4271
79 89 29.4436
88 98 19.5523
99 100 32.7825
91 100 26.106
88 98 29.6306
45 55 61.6115
56 66 62.804
26 36 78.0837
73 83 50.0783
21 31 70.5785
69 79 26.732
29 39 50.8269
20 30 69.8344
95 100 11.332
23 33 72.5665
35 45 64.2434
80 90 23.0976
57 67 55.9758
50 60 66.9173
15 25 79.9969
80 90 41.3385
58 68 38.5268
38 48 70.4307
58 68 32.1909
55 65 60.0176
1 11 90.6609
10 20 76.0628
43 53 57.2444
40 50 65.2557
73 83 49.8662
16 26 83.6585
35 45 62.5697
18 28 81.263
61 71 49.694
36 46 65.4303
33 43 58.9302
39 49 58.7538
65 75 34.545
48 58 58.832
90 100 37.1661
75 85 22.5473
99 100 39.5641
59 69 51.2484
70 80 47.4542
4 14 90.9372
38 48 67.3877
81 91 29.8903
71 81 27.7065
80 90 13.2416
19 29 76.9638
1 11 89.3914
79 89 41.6657
22 32 60.7932
77 87 54.7866
81 91 20.0865
42 52 38.4053
11 21 76.4208
7 17 84.0046
75 85 25.6259
47 57 47.65
42 52 59.0515
19 29 69.7058
64 74 46.9691
62 72 34.9458
20 30 72.6586
98 100 12.3932
30 40 67.2121
33 43 59.253
27 37 65.7737
91 100 31.0606
16 26 73.5203
44 54 60.0796
55 65 44.1773
76 86 31.6609
77 87 34.8678
9 19 84.3165
77 87 50.4682
43 53 41.8428
69 79 51.6271
72 82 49.8846
46 56 58.7614
51 61 31.8615
70 80 28.1547
37 47 75.9338
84 94 29.064
81 91 27.6287
57 67 49.5123
73 83 40.1398
52 62 63.9808
17 27 76.3981
59 69 48.9286
51 61 46.6913
25 35 61.2463
98 100 35.7604
59 69 35.0736
94 100 23.3192
70 80 25.7039
86 96 54.1004
49 59 49.0098
41 51 57.7615
23 33 78.1898
12 22 78.4146
73 83 35.1507
99 100 22.7424
17 27 77.9689
61 71 45.0067
89 99 16.6456
20 30 70.0435
6 16 88.0632
14 24 77.6813
50 60 58.7354
10 20 72.8992
78 88 54.0578
17 27 67.2449
94 100 10.5651
55 65 50.0104
70 80 44.1853
52 62 36.891
100 100 33.8643
99 100 31.5507
6 16 90.9601
3 13 88.4239
1 11 86.3933
10 20 83.803
28 38 74.4389
68 78 26.934
24 34 71.4093
60 70 38.4809
24 34 75.2903
30 40 61.4985
39 49 47.0733
56 66 52.6931
53 63 62.1448
92 100 18.7203
48 58 69.9197
5 15 82.2486
99 100 15.944
45 55 55.8816
89 99 45.7071
11 21 83.2948
40 50 69.791
36 46 64.8734
72 82 16.7396
65 75 24.4342
64 74 59.3146
99 100 20.3708
2 12 93.3736
46 56 43.5389
92 100 11.3893
60 70 41.3732
71 81 25.2918
17 27 72.2296
52 62 59.233
52 62 44.2597
39 49 48.0859
98 100 40.3873
29 39 69.8294
82 92 12.9535
61 71 51.3903
64 74 51.6932
83 93 42.3332
28 38 66.9729
1 11 92.3098
95 100 12.7849
98 100 42.4087
89 99 27.594
17 27 73.0051
44 54 57.0539
72 82 40.9037
87 97 43.2951
55 65 54.3036
70 80 21.9736
66 76 47.3509
76 86 44.8954
63 73 22.5777
37 47 72.0597
1 11 90.9715
5 15 88.0032
94 100 34.122
97 100 17.1578
58 68 49.2172
59 69 35.1673
97 100 21.4675
27 37 73.2086
75 85 42.7389
3 13 91.3477
35 45 64.2338
53 63 63.8145
55 65 31.0996
26 36 60.6125
42 52 70.8594
51 61 49.8605
91 100 24.99
4 14 88.4597
18 28 72.7592
49 59 42.9038
33 43 61.4092
69 79 61.5566
17 27 75.3667
45 55 55.6024
56 66 43.5468
50 60 65.3866
68 78 41.4865
93 100 25.6765
97 100 22.337
74 84 38.0985
48 58 41.0714
27 37 58.7139
7 17 87.3496
23 33 64.4857
49 59 63.8785
40 50 61.6398
12 22 72.461
33 43 74.8744
57 67 33.7724
41 51 46.9239
50 60 49.293
94 100 25.2195
97 100 15.042
95 100 17.3881
46 56 61.7513
19 29 75.4831
85 95 37.3957
20 30 74.1287
40 50 61.668
51 61 50.5279
64 74 46.2999
43 53 58.6695
97 100 22.9211
40 50 56.2395
38 48 61.5095
19 29 77.4365
38 48 65.5744
82 92 32.3659
73 83 47.3798
29 39 64.6818
78 88 43.1215
22 32 57.4867
12 22 83.3861
35 45 65.2509
94 100 48.7148
79 89 21.6951
78 88 20.5019
14 24 82.0619
23 33 71.5733
49 59 35.1779
78 88 27.0587
9 19 79.5111
68 78 27.8383
62 72 37.8582
84 94 32.3238
67 77 36.2247
79 89 30.9036
44 54 62.0046
15 25 68.0922
100 100 27.3948
74 84 31.7037
30 40 68.8137
69 79 44.5503
18 28 68.6893
94 100 13.6405
52 62 62.8262
60 70 59.9664
9 19 75.8467
91 100 27.3362
5 15 88.3299
61 71 63.2391
23 33 59.6633
68 78 50.2638
6 16 85.2501
10 20 73.4243
44 54 61.3731
52 62 50.7386
27 37 63.9408
74 84 47.65
57 67 48.8741
23 33 76.2269
53 63 42.6866
31 41 63.3186
82 92 30.6362
85 95 54.3582
17 27 70.5449
49 59 44.4142
82 92 33.5809
24 34 56.1975
10 20 76.629
37 47 66.7914
71 81 26.3415
10 20 81.6041
30 40 67.1351
35 45 64.0592
22 32 81.1513
8 18 81.9767
34 44 63.2932
20 30 79.761
99 100 30.0743
73 83 26.1673
22 32 64.4937
86 96 33.435
30 40 50.7143
77 87 29.3547
80 90 22.1351
82 92 27.0546
73 83 28.3024
30 40 75.9721
46 56 40.6649
76 86 45.8871
53 63 41.8596
17 27 75.885
32 42 72.9162
98 100 36.2055
26 36 66.2433
68 78 30.2533
17 27 72.3946
91 100 15.1329
85 95 25.7404
95 100 32.6235
35 45 62.2458
85 95 42.2721
98 100 41.578
71 81 18.5124
11 21 83.1689
11 21 78.7603
23 33 65.5889
94 100 25.5824
92 100 42.8815
17 27 79.6628
61 71 36.0516
58 68 34.8549
83 93 46.043
89 99 35.2931
22 32 71.8205
96 100 16.2385
2 12 90.1873
7 17 87.0564
46 56 44.4102
7 17 87.8194
11 21 85.422
51 61 37.0796
77 87 34.2986
12 22 74.1597
39 49 49.4884
68 78 47.7094
21 31 74.5805
46 56 55.5189
43 53 60.4506
82 92 49.6518
50 60 55.1678
11 21 82.699
42 52 38.8042
46 56 45.7801
31 41 70.9284
78 88 30.2511
20 30 73.4329
69 79 31.2537
20 30 65.8792
82 92 39.9411
68 78 52.9664
45 55 53.3689
12 22 75.3945
45 55 63.4699
74 84 31.9756
31 41 76.4698
34 44 65.7559
45 55 53.3513
6 16 91.2025
86 96 33.7096
69 79 35.7616
7 17 79.6842
22 32 78.473
8 18 82.1271
5 15 86.6984
81 91 20.7398
33 43 59.193
60 70 62.6947
15 25 67.2351
98 100 8.1293
32 42 55.6695
35 45 61.3058
55 65 48.8447
29 39 68.0345
26 36 77.352
62 72 32.9912
54 64 51.1039
5 15 90.2139
94 100 42.2292
34 44 64.0432
21 31 80.732
69 79 17.4866
22 32 74.3648
13 23 71.5293
22 32 74.077
35 45 58.2642
79 89 51.9394
12 22 72.3793
14 24 79.5628
12 22 85.2372
61 71 50.9882
60 70 38.9838
27 37 71.6156
57 67 42.5874
33 43 71.3484
26 36 57.7007
17 27 82.7973
90 100 33.0269
85 95 35.3252
26 36 66.5791
72 82 50.2965
12 22 74.1958
13 23 77.8206
87 97 12.8615
6 16 86.1908
40 50 46.1476
61 71 44.9973
8 18 73.8861
23 33 72.165
20 30 65.4756
81 91 42.7624
75 85 37.6873
83 93 32.6247
1 11 85.2335
37 47 51.164
18 28 82.3121
65 75 47.5617
28 38 71.6495
67 77 50.7215
7 17 88.1871
37 47 55.3313
92 100 21.4249
39 49 66.4062
81 91 22.4847
97 100 35.1353
14 24 72.1226
35 45 52.1313
46 56 38.4822
55 65 44.1294
14 24 75.8571
49 59 41.5638
2 12 84.9826
15 25 84.4873
32 42 70.1859
30 40 54.7112
86 96 17.1537
57 67 51.267
18 28 73.0598
87 97 20.2617
44 54 66.4095
13 23 88.1946
48 58 55.9175
49 59 43.1163
19 29 78.2429
41 51 67.9141
3 13 90.2443
46 56 61.2322
49 59 51.1926
23 33 80.0345
98 100 16.9637
8 18 88.3036
31 41 78.2446
50 60 51.031
26 36 65.7089
71 81 53.2418
69 79 56.7838
31 41 58.4705
10 20 83.9404
30 40 60.0377
17 27 83.3313
10 20 89.4992
37 47 70.0703
94 100 7.0193
70 80 39.0725
17 27 66.3475
27 37 77.2184
56 66 31.0305
96 100 25.9855
54 64 41.1663
49 59 39.5603
98 100 26.8894
64 74 33.1649
21 31 69.8812
56 66 54.5235
18 28 78.8775
53 63 64.1441
63 73 35.3347
82 92 21.616
30 40 65.1782
29 39 55.7904
18 28 74.4873
66 76 50.9339
92 100 44.6491
6 16 78.6663
36 46 53.597
62 72 39.9323
89 99 25.6856
36 46 59.3655
55 65 46.1693
9 19 77.0147
15 25 73.6593
29 39 71.2268
7 17 84.0724
87 97 52.6017
17 27 68.1681
83 93 24.5907
21 31 76.7499
70 80 56.0911
100 100 40.414
19 29 75.6761
91 100 17.9335
70 80 35.8226
88 98 29.9078
22 32 67.7691
9 19 81.0954
40 50 40.1069
24 34 71.8646
63 73 49.6644
94 100 40.2527
44 54 63.3457
56 66 53.8917
48 58 40.3009
71 81 34.9636
6 16 87.3122
31 41 67.5405
73 83 40.1398
95 100 28.6396
3 13 85.2557
85 95 26.2646
98 100 11.2332
35 45 57.4064
42 52 65.2282
52 62 48.719
87 97 25.5136
75 85 50.8326
23 33 74.3579
83 93 38.722
100 100 19.9416
16 26 82.7754
25 35 77.2061
56 66 58.1696
28 38 60.3154
16 26 74.0357
10 20 77.2272
52 62 46.0525
52 62 62.0944
46 56 64.4729
96 100 14.01
88 98 30.4638
73 83 41.2048
56 66 57.8056
95 100 19.963
83 93 17.0066
76 86 14.7003
22 32 71.5581
13 23 75.6604
38 48 56.0791
87 97 28.839
7 17 79.895
28 38 66.9729
3 13 91.1586
7 17 83.147
76 86 21.6188
93 100 12.3068
23 33 58.6909
39 49 53.1806
48 58 37.7205
55 65 54.6535
18 28 82.2885
16 26 86.3598
68 78 28.0307
76 86 38.3371
46 56 46.3938
57 67 35.5049
62 72 57.9106
37 47 63.0706
24 34 74.2406
84 94 34.8891
25 35 67.4452
84 94 22.5302
34 44 55.1381
39 49 63.9872
85 95 22.65
13 23 80.3748
14 24 84.9199
46 56 55.4489
90 100 29.1255
25 35 66.584
54 64 46.7733
57 67 36.2777
5 15 83.7005
88 98 19.6453
49 59 48.6478
8 18 85.4109
50 60 51.8501
13 23 83.8891
9 19 80.9352
4 14 81.1999
65 75 55.0623
22 32 60.9383
30 40 57.9791
33 43 63.0912
34 44 67.8333
13 23 74.6375
3 13 87.2132
75 85 47.2423
9 19 88.989
34 44 57.0523
43 53 47.1433
69 79 43.5059
24 34 61.1117
97 100 49.9072
73 83 29.0942
33 43 63.8417
84 94 38.99
92 100 32.4353
50 60 61.2416
4 14 86.9668
13 23 81.4272
48 58 49.5827
59 69 39.2515
71 81 58.8688
46 56 65.4756
42 52 62.7819
12 22 85.3296
23 33 71.9918
85 95 25.4934
92 100 42.0708
4 14 84.9586
91 100 25.065
97 100 34.2635
30 40 71.2606
62 72 33.2756
11 21 79.3293
57 67 51.6458
29 39 68.8369
72 82 28.5209
62 72 42.0319
13 23 70.5667
3 13 85.3831
77 87 38.0837
1 11 91.1548
3 13 86.0238
38 48 49.8436
18 28 77.5668
84 94 40.8117
50 60 55.4295
89 99 21.2881
91 100 11.9198
85 95 51.2212
25 35 78.5138
63 73 58.1391
63 73 39.7354
76 86 34.5145
20 30 70.7769
43 53 69.9565
67 77 53.461
61 71 28.345
80 90 33.3749
69 79 42.3879
46 56 73.8328
97 100 20.3509
65 75 38.7643
57 67 41.7096
33 43 57.6218
28 38 65.4206
81 91 27.8309
5 15 87.7426
100 100 6.2665
56 66 46.2822
59 69 39.3882
74 84 30.7559
