400 12656 9.9499
41 51 12.0819
59 69 33.4107
99 100 86.7934
10 20 3.8557
49 59 32.2692
75 85 52.3756
35 45 10.3555
91 100 39.0075
5 15 0.9639
97 100 47.5272
85 95 22.7252
37 47 20.3581
6 16 1.1025
43 53 24.9241
56 66 19.8693
63 73 36.7563
86 96 81.6493
87 97 72.0869
85 95 22.631
47 57 32.2704
9 19 0.9958
71 81 51.2742
90 100 34.5991
4 14 1.3424
15 25 2.4948
15 25 4.0297
7 17 1.0791
98 100 63.8912
9 19 2.5246
18 28 3.5544
42 52 11.6643
89 99 50.9796
75 85 34.3982
4 14 1.006
54 64 11.6554
84 94 28.0646
32 42 10.471
11 21 2.1892
25 35 10.7151
87 97 39.2214
41 51 13.8146
85 95 65.7429
82 92 30.4163
90 100 62.9658
38 48 22.9661
85 95 66.7375
91 100 92.1197
98 100 54.5294
34 44 18.7922
96 100 67.8465
87 97 87.9919
69 79 60.6311
26 36 4.3222
78 88 45.776
29 39 4.4817
7 17 1.0858
56 66 14.1812
81 91 33.5195
72 82 30.675
49 59 32.5653
57 67 18.4805
93 100 43.3991
77 87 27.2964
4 14 1.1766
20 30 7.8282
24 34 3.6344
71 81 31.3914
7 17 1.4244
37 47 6.6229
77 87 45.7774
70 80 18.6365
73 83 23.0851
99 100 36.1189
25 35 11.2735
51 61 12.6679
83 93 32.2192
35 45 10.2042
75 85 57.1022
22 32 5.104
9 19 1.2082
88 98 46.9759
28 38 7.032
65 75 32.6384
77 87 69.1509
23 33 9.3795
11 21 1.617
9 19 3.4615
31 41 8.78
77 87 26.8956
34 44 18.8938
79 89 25.6117
72 82 51.237
87 97 30.7958
100 100 42.8252
15 25 1.8466
45 55 17.8937
64 74 18.533
82 92 42.8331
39 49 20.5699
87 97 89.9216
35 45 19.7012
24 34 10.74
29 39 5.6758
90 100 94.6145
90 100 98.9249
72 82 60.9695
98 100 60.5268
88 98 70.0937
79 89 57.6658
53 63 34.143
49 59 24.2901
7 17 0.9297
43 53 14.932
32 42 5.4401
48 58 24.7188
3 13 0.6826
46 56 20.4467
84 94 69.1259
81 91 65.7445
12 22 2.2091
44 54 14.8973
63 73 22.2209
70 80 23.9669
35 45 14.8764
89 99 45.5207
97 100 56.7943
24 34 4.5263
95 100 39.2653
87 97 32.4125
15 25 2.0409
72 82 20.4259
12 22 1.7601
75 85 49.2706
49 59 16.4228
92 100 26.792
72 82 24.5976
44 54 25.1894
30 40 13.4975
99 100 28.2726
37 47 9.8169
85 95 36.7478
61 71 28.3652
87 97 44.1162
12 22 2.1296
13 23 1.9213
63 73 47.9722
92 100 31.5024
32 42 10.7518
84 94 49.4237
93 100 67.2023
61 71 20.5971
53 63 18.1306
76 86 24.3987
32 42 6.0826
7 17 0.8972
77 87 52.0779
32 42 7.0522
60 70 41.5084
72 82 63.3107
10 20 2.3427
99 100 87.9938
14 24 5.633
75 85 60.0284
47 57 30.4494
74 84 67.9982
44 54 14.2265
25 35 7.8591
55 65 38.502
40 50 17.5117
23 33 6.1991
82 92 33.6597
92 100 28.7736
59 69 27.0598
24 34 5.1316
47 57 24.935
1 11 0.847
93 100 49.7942
20 30 3.6439
24 34 4.6903
44 54 7.4289
77 87 35.5967
22 32 7.0921
76 86 21.1609
9 19 1.6744
26 36 12.6572
99 100 43.8814
79 89 61.3308
69 79 22.9058
81 91 29.6938
72 82 24.1405
92 100 30.6362
82 92 32.073
55 65 38.2134
54 64 30.1785
88 98 89.1325
95 100 45.9643
47 57 21.0874
92 100 89.9083
8 18 1.3398
88 98 42.1526
55 65 21.2106
10 20 1.5513
67 77 34.0869
11 21 1.7729
14 24 2.4065
98 100 73.0119
94 100 95.4041
85 95 38.4065
68 78 24.0414
58 68 18.1042
28 38 8.5474
49 59 22.7128
90 100 81.6439
82 92 23.0458
81 91 74.9229
72 82 64.9684
14 24 1.9227
62 72 23.1707
63 73 14.7648
18 28 6.1484
12 22 1.8728
92 100 56.6196
80 90 62.8468
46 56 26.2759
62 72 42.1733
11 21 1.1067
60 70 34.226
6 16 0.7928
71 81 59.7637
11 21 1.1638
85 95 38.9513
54 64 16.4382
37 47 10.3272
82 92 41.2074
74 84 25.1582
97 100 44.0206
86 96 70.4861
35 45 11.1924
70 80 49.4068
36 46 12.2724
50 60 20.53
18 28 7.4917
1 11 0.3413
76 86 26.3107
30 40 4.6079
72 82 54.7215
95 100 49.4251
84 94 27.0171
52 62 27.4304
9 19 2.2789
62 72 16.5722
95 100 49.3296
54 64 12.5585
53 63 25.6978
30 40 7.3241
96 100 42.6905
84 94 28.5551
28 38 14.2808
64 74 30.3006
3 13 0.81
16 26 4.1775
27 37 8.812
44 54 9.6777
3 13 0.6458
52 62 14.225
93 100 63.0023
53 63 10.391
70 80 16.5234
3 13 1.3948
40 50 20.5553
80 90 27.8921
45 55 18.7169
14 24 2.3476
4 14 0.8514
100 100 82.8683
82 92 76.4803
77 87 70.7449
92 100 26.062
11 21 1.2636
7 17 1.7596
1 11 1.1285
13 23 4.3094
82 92 79.8628
49 59 14.4089
36 46 6.1708
61 71 45.1235
43 53 9.115
15 25 3.8841
9 19 2.2112
13 23 5.0324
97 100 79.0143
70 80 48.0596
75 85 30.5732
85 95 45.3064
52 62 23.9013
30 40 12.2045
31 41 16.0593
7 17 1.0945
9 19 1.5038
56 66 32.5276
21 31 6.0462
93 100 95.1327
82 92 78.4819
27 37 3.8279
12 22 1.8206
87 97 38.8952
57 67 30.5201
20 30 3.8793
64 74 54.6609
20 30 3.851
55 65 13.7871
80 90 62.271
38 48 14.4788
81 91 75.1741
77 87 28.5594
57 67 16.1717
80 90 22.074
50 60 35.0121
72 82 23.7549
73 83 18.1672
87 97 77.2852
100 100 99.89
52 62 18.0014
54 64 24.4471
17 27 2.816
69 79 30.8458
59 69 32.0401
86 96 35.5013
61 71 37.2063
18 28 2.3369
26 36 8.906
73 83 26.6256
41 51 7.5109
97 100 62.44
86 96 50.3688
72 82 21.4193
89 99 58.5883
87 97 69.7409
21 31 8.3955
25 35 11.8997
98 100 73.661
88 98 39.0475
17 27 3.6447
23 33 3.3244
37 47 12.5734
2 12 1.0656
89 99 39.593
76 86 33.9038
13 23 4.0008
70 80 46.709
14 24 5.1049
18 28 5.3722
24 34 8.5136
81 91 71.7087
43 53 20.5653
44 54 20.937
26 36 3.4659
90 100 28.9918
34 44 9.0252
95 100 42.0954
1 11 0.6202
86 96 31.2951
23 33 5.0751
74 84 42.1876
66 76 22.8369
73 83 22.6671
64 74 38.0011
66 76 39.6119
11 21 1.3017
85 95 33.6551
20 30 6.502
100 100 64.2979
14 24 1.6264
11 21 1.7493
18 28 4.5698
74 84 34.6085
59 69 14.3118
71 81 26.7144
39 49 19.1258
72 82 51.925
1 11 0.6657
73 83 22.924
48 58 17.1769
89 99 41.9295
84 94 50.5308
89 99 61.486
42 52 8.8709
35 45 10.1417
33 43 11.8185
7 17 1.9254
94 100 67.802
53 63 13.3685
73 83 49.8817
5 15 0.9694
99 100 92.8313
93 100 46.5629
49 59 9.1373
31 41 14.1617
50 60 33.7271
39 49 6.9253
