100 2973 9.9499
53 63 49.7222
60 70 33.3992
20 30 74.351
79 89 27.1108
13 23 82.8136
63 73 45.9874
80 90 16.1331
50 60 43.0415
5 15 84.221
53 63 67.4862
25 35 76.6185
26 36 75.5943
35 45 66.7113
93 100 15.8946
78 88 49.4392
40 50 59.8565
38 48 68.2788
64 74 31.9078
31 41 62.3468
29 39 52.0317
45 55 33.4859
66 76 32.1693
69 79 43.7622
72 82 44.2717
21 31 65.9669
95 100 26.0549
98 100 8.9078
7 17 76.2129
67 77 51.1497
37 47 61.4342
86 96 44.0538
79 89 17.805
69 79 54.046
38 48 66.1929
13 23 85.6439
94 100 22.1154
57 67 57.3155
92 100 41.4375
42 52 59.2561
38 48 71.1307
7 17 84.0541
7 17 80.7482
39 49 67.2351
37 47 52.0663
16 26 80.644
95 100 22.1502
51 61 36.9968
95 100 14.8957
84 94 7.9569
24 34 69.791
10 20 85.4793
32 42 75.4327
32 42 54.0637
10 20 83.7994
75 85 31.6676
46 56 57.7494
21 31 73.4072
66 76 34.9778
51 61 48.2803
2 12 88.9532
81 91 25.4298
82 92 25.047
26 36 65.9474
75 85 54.4452
95 100 16.5714
13 23 77.5544
80 90 17.0726
9 19 89.6241
9 19 77.5263
51 61 38.0294
10 20 84.7504
33 43 56.193
28 38 58.3314
99 100 22.1916
85 95 16.1886
62 72 39.4836
76 86 27.9503
26 36 60.1555
70 80 20.4684
52 62 42.0384
7 17 83.251
22 32 75.9146
42 52 56.4948
99 100 15.8038
79 89 39.593
17 27 69.3189
83 93 19.7021
19 29 71.1054
21 31 70.5432
21 31 74.8502
54 64 44.4556
58 68 54.7911
96 100 22.0853
58 68 40.4674
61 71 29.561
38 48 62.3121
92 100 9.8973
21 31 77.8347
75 85 23.9121
65 75 47.3399
