400 9753 4.3589
104 94 79.4737
65 55 9.7238
49 39 9.5759
88 78 56.8018
105 95 31.142
60 50 20.25
13 3 0.0642
28 18 1.7093
52 42 14.3884
32 22 3.1096
20 10 0.4425
66 56 18.4075
52 42 16.0496
89 79 52.0735
100 90 48.322
94 84 20.1332
104 94 84.907
61 51 14.2197
60 50 15.2631
67 57 15.6238
66 56 30.54
52 42 9.1555
64 54 16.5128
52 42 10.6152
36 26 1.8649
62 52 11.8791
16 6 0.2802
65 55 18.6927
14 4 0.0583
71 61 11.1236
18 8 0.3297
65 55 9.2696
22 12 0.3832
46 36 3.8691
51 41 11.0005
73 63 21.2788
80 70 15.5252
104 94 71.8799
35 25 5.6568
38 28 2.5517
54 44 7.4322
27 17 1.0956
54 44 7.6436
69 59 28.329
95 85 24.5461
42 32 3.3026
28 18 1.0092
16 6 0.2553
34 24 3.3321
88 78 22.7424
46 36 4.6716
95 85 58.1879
18 8 0.2096
104 94 44.0007
66 56 28.0169
14 4 0.108
79 69 15.1516
65 55 12.643
88 78 25.7008
69 59 12.2185
14 4 0.1166
29 19 1.5176
17 7 0.2688
14 4 0.1098
109 99 78.9805
102 92 40.9894
11 1 0.0026
55 45 19.2765
71 61 26.3436
16 6 0.3022
19 9 0.5259
77 67 43.9887
102 92 31.9813
14 4 0.0458
69 59 16.9489
29 19 2.7702
24 14 1.4199
93 83 35.3145
89 79 23.5109
30 20 2.9043
19 9 0.6828
14 4 0.0903
86 76 39.878
105 95 37.8373
17 7 0.2609
59 49 11.2058
25 15 0.9419
21 11 0.9118
109 99 72.541
75 65 31.6294
70 60 24.8642
90 80 38.9588
65 55 10.1595
47 37 12.3637
102 92 81.6963
40 30 8.8822
105 95 32.2204
102 92 28.5071
106 96 68.8303
64 54 19.0018
37 27 2.9836
109 99 32.8432
64 54 15.328
94 84 24.2546
67 57 26.0355
29 19 1.7825
106 96 79.3079
102 92 26.9527
47 37 11.8033
37 27 3.2696
86 76 51.0739
85 75 42.397
93 83 48.645
82 72 31.1721
101 91 28.458
26 16 2.4037
36 26 2.5517
52 42 5.9385
62 52 14.0873
67 57 25.046
12 2 0.0385
14 4 0.1574
55 45 14.3103
101 91 72.6927
21 11 0.3096
55 45 15.4921
35 25 4.1043
101 91 49.5715
86 76 55.8921
45 35 4.472
58 48 12.4991
64 54 13.6442
107 97 93.8205
94 84 18.3595
79 69 32.4626
109 99 50.9296
19 9 0.2629
29 19 2.2299
83 73 33.383
16 6 0.2736
92 82 57.5155
15 5 0.1128
64 54 8.8756
35 25 4.9364
50 40 12.0104
98 88 64.558
100 90 46.0674
38 28 2.0906
16 6 0.2716
53 43 11.4285
16 6 0.2475
86 76 56.5564
77 67 18.3929
24 14 0.6274
77 67 12.5068
87 77 35.6302
21 11 0.6525
33 23 1.8312
45 35 4.2799
45 35 8.4309
60 50 16.7543
67 57 13.6523
70 60 14.5603
26 16 1.8133
78 68 18.5899
80 70 18.9242
18 8 0.3562
69 59 30.7681
50 40 13.0617
60 50 12.3503
24 14 0.7451
110 100 89.45
95 85 25.7384
58 48 20.1
50 40 9.2647
71 61 30.4207
94 84 32.3295
24 14 1.0044
29 19 1.4042
76 66 33.0384
56 46 5.3722
31 21 2.117
108 98 71.9138
25 15 1.1909
55 45 9.6839
49 39 9.8075
29 19 2.7576
69 59 15.9552
60 50 16.8157
93 83 42.701
45 35 3.3292
94 84 51.0425
48 38 6.7668
97 87 69.6107
47 37 13.4601
21 11 0.6726
89 79 25.5045
108 98 56.9844
11 1 0.0063
58 48 5.7975
47 37 8.8429
80 70 48.1067
88 78 30.445
99 89 50.8868
87 77 26.3025
21 11 0.4956
92 82 26.0202
69 59 30.2896
65 55 11.1643
108 98 32.4353
94 84 27.1649
102 92 26.2759
58 48 9.5092
27 17 1.8561
30 20 3.4585
94 84 28.0561
66 56 30.217
25 15 0.9575
19 9 0.4177
83 73 29.9078
38 28 4.0289
39 29 6.7309
91 81 48.4931
65 55 11.3333
91 81 28.1123
97 87 46.1571
36 26 3.3779
80 70 26.8853
91 81 59.637
60 50 15.3962
83 73 22.6024
17 7 0.1819
75 65 35.8945
104 94 65.0426
11 1 0.008
99 89 51.6285
97 87 49.3914
20 10 0.6426
60 50 7.8473
89 79 17.0453
86 76 33.4373
75 65 14.3353
98 88 60.3838
59 49 16.3103
31 21 4.1473
100 90 23.83
66 56 14.7625
54 44 5.5743
57 47 12.7049
95 85 22.105
81 71 42.6918
36 26 3.0902
102 92 65.975
93 83 30.9358
40 30 5.1565
94 84 49.975
69 59 16.9275
81 71 22.2624
48 38 4.7085
39 29 6.223
98 88 54.258
26 16 1.4007
35 25 1.5705
85 75 27.5279
109 99 52.4147
19 9 0.6139
73 63 22.3077
64 54 11.442
33 23 3.151
99 89 53.7949
55 45 16.0472
32 22 2.1981
85 75 18.6892
36 26 1.9421
41 31 3.5581
17 7 0.2065
59 49 13.5918
99 89 61.4217
29 19 1.9199
105 95 35.9532
77 67 21.362
103 93 22.8742
17 7 0.4893
46 36 12.3391
60 50 14.6421
97 87 21.7454
53 43 13.1276
35 25 1.7551
13 3 0.0441
24 14 1.6205
30 20 1.5608
109 99 48.5349
15 5 0.1112
46 36 5.2034
17 7 0.3984
39 29 4.0594
77 67 22.2973
46 36 9.0042
51 41 5.5474
81 71 36.5154
26 16 2.129
31 21 1.6546
65 55 9.3263
36 26 5.2468
33 23 2.1293
101 91 74.1149
26 16 0.6811
39 29 7.1824
91 81 39.14
81 71 22.1624
28 18 1.5065
65 55 26.9434
42 32 9.5586
14 4 0.111
43 33 7.7412
28 18 1.6965
62 52 11.5967
78 68 13.9398
66 56 21.9483
63 53 10.3439
23 13 0.6504
59 49 23.8808
72 62 28.8154
90 80 25.2858
102 92 26.8987
22 12 1.3893
106 96 63.615
84 74 23.916
56 46 18.7074
96 86 41.0138
57 47 9.8678
93 83 38.7245
60 50 11.4562
90 80 53.7172
11 1 0.0039
109 99 42.3267
31 21 2.5517
38 28 5.8695
35 25 2.3125
70 60 19.6036
52 42 4.6907
47 37 7.7295
18 8 0.6154
79 69 17.6686
64 54 27.0192
79 69 30.6794
24 14 1.689
95 85 30.6706
51 41 13.3386
106 96 50.1377
60 50 20.359
59 49 15.6808
49 39 6.4501
54 44 16.2853
37 27 6.8455
41 31 3.393
60 50 18.5347
22 12 0.5507
58 48 19.9997
51 41 14.0543
23 13 0.4783
82 72 29.486
29 19 2.3086
26 16 2.401
22 12 1.1449
88 78 29.7025
23 13 1.0114
12 2 0.0154
20 10 0.6836
107 97 75.5352
94 84 25.7729
57 47 14.5024
26 16 2.271
70 60 32.7424
52 42 5.4317
39 29 8.3278
98 88 70.6087
21 11 1.0173
110 100 59.0362
22 12 0.7237
60 50 15.9864
22 12 0.6414
79 69 41.4015
24 14 1.7892
14 4 0.0929
53 43 8.09
94 84 31.4766
20 10 0.3574
46 36 4.3493
13 3 0.0561
35 25 5.6202
24 14 0.9326
86 76 32.6658
95 85 19.2352
33 23 4.3006
37 27 5.2588
23 13 0.501
77 67 43.7344
36 26 6.2825
16 6 0.1027
