900 22633 9.9499
35 35 12.25
45 45 20.25
77 77 59.29
53 53 28.09
2 2 0.04
96 96 92.16
48 48 23.04
17 17 2.89
9 9 0.81
13 13 1.69
62 62 38.44
97 97 94.09
81 81 65.61
17 17 2.89
72 72 51.84
96 96 92.16
5 5 0.25
91 91 82.81
35 35 12.25
19 19 3.61
67 67 44.89
35 35 12.25
70 70 49.0
56 56 31.36
58 58 33.64
100 100 100.0
72 72 51.84
51 51 26.01
87 87 75.69
83 83 68.89
27 27 7.29
82 82 67.24
8 8 0.64
18 18 3.24
84 84 70.56
1 1 0.01
3 3 0.09
49 49 24.01
59 59 34.81
81 81 65.61
17 17 2.89
73 73 53.29
70 70 49.0
13 13 1.69
9 9 0.81
48 48 23.04
48 48 23.04
57 57 32.49
95 95 90.25
28 28 7.84
99 99 98.01
81 81 65.61
98 98 96.04
56 56 31.36
46 46 21.16
15 15 2.25
62 62 38.44
80 80 64.0
37 37 13.69
49 49 24.01
37 37 13.69
92 92 84.64
6 6 0.36
73 73 53.29
97 97 94.09
49 49 24.01
96 96 92.16
18 18 3.24
90 90 81.0
38 38 14.44
61 61 37.21
52 52 27.04
77 77 59.29
56 56 31.36
87 87 75.69
19 19 3.61
44 44 19.36
1 1 0.01
58 58 33.64
91 91 82.81
37 37 13.69
44 44 19.36
39 39 15.21
41 41 16.81
89 89 79.21
71 71 50.41
96 96 92.16
96 96 92.16
5 5 0.25
68 68 46.24
37 37 13.69
53 53 28.09
61 61 37.21
97 97 94.09
44 44 19.36
88 88 77.44
85 85 72.25
9 9 0.81
97 97 94.09
36 36 12.96
28 28 7.84
76 76 57.76
62 62 38.44
88 88 77.44
67 67 44.89
8 8 0.64
75 75 56.25
82 82 67.24
71 71 50.41
75 75 56.25
57 57 32.49
15 15 2.25
82 82 67.24
34 34 11.56
15 15 2.25
68 68 46.24
17 17 2.89
28 28 7.84
7 7 0.49
93 93 86.49
1 1 0.01
23 23 5.29
96 96 92.16
99 99 98.01
33 33 10.89
62 62 38.44
40 40 16.0
6 6 0.36
71 71 50.41
80 80 64.0
94 94 88.36
64 64 40.96
8 8 0.64
15 15 2.25
62 62 38.44
80 80 64.0
5 5 0.25
61 61 37.21
23 23 5.29
41 41 16.81
27 27 7.29
81 81 65.61
26 26 6.76
14 14 1.96
29 29 8.41
5 5 0.25
1 1 0.01
72 72 51.84
51 51 26.01
28 28 7.84
26 26 6.76
23 23 5.29
6 6 0.36
55 55 30.25
92 92 84.64
71 71 50.41
61 61 37.21
6 6 0.36
44 44 19.36
23 23 5.29
59 59 34.81
62 62 38.44
67 67 44.89
92 92 84.64
80 80 64.0
91 91 82.81
48 48 23.04
57 57 32.49
41 41 16.81
34 34 11.56
18 18 3.24
14 14 1.96
17 17 2.89
9 9 0.81
82 82 67.24
46 46 21.16
15 15 2.25
68 68 46.24
79 79 62.41
36 36 12.96
27 27 7.29
91 91 82.81
83 83 68.89
99 99 98.01
55 55 30.25
32 32 10.24
6 6 0.36
26 26 6.76
48 48 23.04
75 75 56.25
71 71 50.41
44 44 19.36
17 17 2.89
66 66 43.56
62 62 38.44
85 85 72.25
59 59 34.81
23 23 5.29
31 31 9.61
33 33 10.89
25 25 6.25
57 57 32.49
17 17 2.89
12 12 1.44
26 26 6.76
87 87 75.69
13 13 1.69
32 32 10.24
39 39 15.21
36 36 12.96
79 79 62.41
63 63 39.69
94 94 88.36
77 77 59.29
98 98 96.04
7 7 0.49
30 30 9.0
5 5 0.25
74 74 54.76
53 53 28.09
31 31 9.61
96 96 92.16
58 58 33.64
89 89 79.21
72 72 51.84
80 80 64.0
16 16 2.56
92 92 84.64
71 71 50.41
4 4 0.16
40 40 16.0
3 3 0.09
55 55 30.25
93 93 86.49
68 68 46.24
80 80 64.0
98 98 96.04
1 1 0.01
94 94 88.36
42 42 17.64
92 92 84.64
29 29 8.41
81 81 65.61
90 90 81.0
34 34 11.56
49 49 24.01
49 49 24.01
26 26 6.76
42 42 17.64
24 24 5.76
97 97 94.09
12 12 1.44
72 72 51.84
70 70 49.0
77 77 59.29
20 20 4.0
40 40 16.0
89 89 79.21
78 78 60.84
56 56 31.36
40 40 16.0
19 19 3.61
48 48 23.04
2 2 0.04
17 17 2.89
23 23 5.29
58 58 33.64
75 75 56.25
100 100 100.0
73 73 53.29
33 33 10.89
73 73 53.29
24 24 5.76
39 39 15.21
3 3 0.09
31 31 9.61
9 9 0.81
35 35 12.25
66 66 43.56
44 44 19.36
92 92 84.64
97 97 94.09
2 2 0.04
6 6 0.36
79 79 62.41
69 69 47.61
81 81 65.61
88 88 77.44
5 5 0.25
62 62 38.44
80 80 64.0
36 36 12.96
89 89 79.21
56 56 31.36
26 26 6.76
69 69 47.61
18 18 3.24
18 18 3.24
96 96 92.16
81 81 65.61
8 8 0.64
69 69 47.61
37 37 13.69
86 86 73.96
25 25 6.25
27 27 7.29
54 54 29.16
44 44 19.36
24 24 5.76
15 15 2.25
2 2 0.04
20 20 4.0
37 37 13.69
73 73 53.29
80 80 64.0
11 11 1.21
47 47 22.09
86 86 73.96
99 99 98.01
97 97 94.09
21 21 4.41
9 9 0.81
72 72 51.84
68 68 46.24
43 43 18.49
42 42 17.64
69 69 47.61
90 90 81.0
38 38 14.44
34 34 11.56
17 17 2.89
69 69 47.61
28 28 7.84
73 73 53.29
7 7 0.49
87 87 75.69
36 36 12.96
2 2 0.04
42 42 17.64
19 19 3.61
63 63 39.69
55 55 30.25
7 7 0.49
27 27 7.29
30 30 9.0
34 34 11.56
61 61 37.21
37 37 13.69
73 73 53.29
51 51 26.01
40 40 16.0
76 76 57.76
72 72 51.84
5 5 0.25
8 8 0.64
83 83 68.89
87 87 75.69
17 17 2.89
27 27 7.29
53 53 28.09
56 56 31.36
50 50 25.0
13 13 1.69
98 98 96.04
8 8 0.64
67 67 44.89
83 83 68.89
39 39 15.21
83 83 68.89
51 51 26.01
66 66 43.56
89 89 79.21
31 31 9.61
90 90 81.0
54 54 29.16
100 100 100.0
12 12 1.44
5 5 0.25
17 17 2.89
21 21 4.41
52 52 27.04
62 62 38.44
82 82 67.24
8 8 0.64
81 81 65.61
97 97 94.09
55 55 30.25
83 83 68.89
80 80 64.0
66 66 43.56
76 76 57.76
8 8 0.64
45 45 20.25
79 79 62.41
39 39 15.21
72 72 51.84
58 58 33.64
98 98 96.04
70 70 49.0
82 82 67.24
83 83 68.89
2 2 0.04
25 25 6.25
37 37 13.69
59 59 34.81
30 30 9.0
54 54 29.16
37 37 13.69
85 85 72.25
49 49 24.01
49 49 24.01
54 54 29.16
8 8 0.64
35 35 12.25
97 97 94.09
31 31 9.61
68 68 46.24
40 40 16.0
9 9 0.81
89 89 79.21
8 8 0.64
5 5 0.25
44 44 19.36
49 49 24.01
77 77 59.29
81 81 65.61
33 33 10.89
34 34 11.56
41 41 16.81
61 61 37.21
28 28 7.84
82 82 67.24
56 56 31.36
26 26 6.76
24 24 5.76
79 79 62.41
92 92 84.64
88 88 77.44
76 76 57.76
96 96 92.16
2 2 0.04
66 66 43.56
85 85 72.25
3 3 0.09
43 43 18.49
8 8 0.64
55 55 30.25
76 76 57.76
60 60 36.0
77 77 59.29
2 2 0.04
59 59 34.81
13 13 1.69
16 16 2.56
17 17 2.89
66 66 43.56
51 51 26.01
2 2 0.04
29 29 8.41
70 70 49.0
7 7 0.49
73 73 53.29
27 27 7.29
4 4 0.16
12 12 1.44
30 30 9.0
62 62 38.44
17 17 2.89
4 4 0.16
71 71 50.41
67 67 44.89
82 82 67.24
2 2 0.04
93 93 86.49
65 65 42.25
42 42 17.64
67 67 44.89
77 77 59.29
19 19 3.61
18 18 3.24
26 26 6.76
26 26 6.76
99 99 98.01
68 68 46.24
74 74 54.76
60 60 36.0
82 82 67.24
71 71 50.41
83 83 68.89
17 17 2.89
54 54 29.16
62 62 38.44
35 35 12.25
52 52 27.04
47 47 22.09
18 18 3.24
56 56 31.36
5 5 0.25
95 95 90.25
79 79 62.41
65 65 42.25
33 33 10.89
29 29 8.41
53 53 28.09
72 72 51.84
24 24 5.76
18 18 3.24
84 84 70.56
27 27 7.29
3 3 0.09
56 56 31.36
58 58 33.64
48 48 23.04
6 6 0.36
85 85 72.25
11 11 1.21
18 18 3.24
25 25 6.25
1 1 0.01
82 82 67.24
93 93 86.49
80 80 64.0
74 74 54.76
72 72 51.84
2 2 0.04
14 14 1.96
42 42 17.64
7 7 0.49
40 40 16.0
82 82 67.24
60 60 36.0
95 95 90.25
28 28 7.84
34 34 11.56
64 64 40.96
96 96 92.16
80 80 64.0
88 88 77.44
25 25 6.25
26 26 6.76
37 37 13.69
82 82 67.24
62 62 38.44
59 59 34.81
71 71 50.41
100 100 100.0
2 2 0.04
3 3 0.09
48 48 23.04
21 21 4.41
62 62 38.44
68 68 46.24
76 76 57.76
51 51 26.01
80 80 64.0
14 14 1.96
54 54 29.16
70 70 49.0
11 11 1.21
95 95 90.25
62 62 38.44
37 37 13.69
21 21 4.41
26 26 6.76
88 88 77.44
22 22 4.84
52 52 27.04
78 78 60.84
98 98 96.04
30 30 9.0
37 37 13.69
65 65 42.25
25 25 6.25
70 70 49.0
21 21 4.41
71 71 50.41
48 48 23.04
56 56 31.36
91 91 82.81
3 3 0.09
46 46 21.16
34 34 11.56
75 75 56.25
27 27 7.29
98 98 96.04
91 91 82.81
97 97 94.09
4 4 0.16
74 74 54.76
73 73 53.29
58 58 33.64
25 25 6.25
77 77 59.29
98 98 96.04
75 75 56.25
32 32 10.24
86 86 73.96
13 13 1.69
76 76 57.76
90 90 81.0
38 38 14.44
87 87 75.69
74 74 54.76
57 57 32.49
61 61 37.21
42 42 17.64
64 64 40.96
76 76 57.76
68 68 46.24
53 53 28.09
22 22 4.84
62 62 38.44
11 11 1.21
90 90 81.0
47 47 22.09
43 43 18.49
56 56 31.36
28 28 7.84
77 77 59.29
75 75 56.25
22 22 4.84
63 63 39.69
50 50 25.0
72 72 51.84
33 33 10.89
43 43 18.49
46 46 21.16
70 70 49.0
29 29 8.41
38 38 14.44
41 41 16.81
2 2 0.04
47 47 22.09
79 79 62.41
78 78 60.84
7 7 0.49
47 47 22.09
11 11 1.21
57 57 32.49
97 97 94.09
60 60 36.0
24 24 5.76
51 51 26.01
81 81 65.61
44 44 19.36
72 72 51.84
89 89 79.21
24 24 5.76
15 15 2.25
41 41 16.81
29 29 8.41
44 44 19.36
4 4 0.16
36 36 12.96
44 44 19.36
42 42 17.64
64 64 40.96
17 17 2.89
24 24 5.76
45 45 20.25
16 16 2.56
91 91 82.81
13 13 1.69
46 46 21.16
29 29 8.41
16 16 2.56
71 71 50.41
36 36 12.96
92 92 84.64
64 64 40.96
98 98 96.04
6 6 0.36
78 78 60.84
7 7 0.49
67 67 44.89
42 42 17.64
8 8 0.64
78 78 60.84
3 3 0.09
85 85 72.25
88 88 77.44
27 27 7.29
17 17 2.89
77 77 59.29
65 65 42.25
99 99 98.01
79 79 62.41
28 28 7.84
33 33 10.89
53 53 28.09
30 30 9.0
93 93 86.49
37 37 13.69
23 23 5.29
3 3 0.09
28 28 7.84
44 44 19.36
1 1 0.01
63 63 39.69
85 85 72.25
8 8 0.64
67 67 44.89
43 43 18.49
46 46 21.16
87 87 75.69
92 92 84.64
96 96 92.16
68 68 46.24
50 50 25.0
80 80 64.0
91 91 82.81
17 17 2.89
20 20 4.0
84 84 70.56
80 80 64.0
42 42 17.64
30 30 9.0
67 67 44.89
29 29 8.41
3 3 0.09
71 71 50.41
58 58 33.64
78 78 60.84
19 19 3.61
20 20 4.0
65 65 42.25
60 60 36.0
9 9 0.81
92 92 84.64
65 65 42.25
77 77 59.29
69 69 47.61
85 85 72.25
91 91 82.81
18 18 3.24
18 18 3.24
24 24 5.76
25 25 6.25
31 31 9.61
88 88 77.44
66 66 43.56
46 46 21.16
27 27 7.29
12 12 1.44
41 41 16.81
90 90 81.0
12 12 1.44
69 69 47.61
35 35 12.25
61 61 37.21
24 24 5.76
22 22 4.84
8 8 0.64
56 56 31.36
90 90 81.0
5 5 0.25
37 37 13.69
24 24 5.76
89 89 79.21
38 38 14.44
44 44 19.36
67 67 44.89
10 10 1.0
96 96 92.16
59 59 34.81
17 17 2.89
43 43 18.49
85 85 72.25
91 91 82.81
38 38 14.44
58 58 33.64
31 31 9.61
44 44 19.36
35 35 12.25
25 25 6.25
82 82 67.24
65 65 42.25
32 32 10.24
20 20 4.0
65 65 42.25
15 15 2.25
15 15 2.25
35 35 12.25
4 4 0.16
74 74 54.76
88 88 77.44
88 88 77.44
41 41 16.81
68 68 46.24
91 91 82.81
100 100 100.0
80 80 64.0
96 96 92.16
46 46 21.16
91 91 82.81
72 72 51.84
74 74 54.76
49 49 24.01
33 33 10.89
59 59 34.81
5 5 0.25
34 34 11.56
84 84 70.56
66 66 43.56
4 4 0.16
16 16 2.56
19 19 3.61
29 29 8.41
68 68 46.24
48 48 23.04
55 55 30.25
41 41 16.81
6 6 0.36
93 93 86.49
96 96 92.16
94 94 88.36
13 13 1.69
27 27 7.29
23 23 5.29
62 62 38.44
52 52 27.04
33 33 10.89
44 44 19.36
38 38 14.44
20 20 4.0
64 64 40.96
18 18 3.24
5 5 0.25
34 34 11.56
77 77 59.29
45 45 20.25
64 64 40.96
75 75 56.25
45 45 20.25
9 9 0.81
8 8 0.64
95 95 90.25
98 98 96.04
88 88 77.44
76 76 57.76
81 81 65.61
60 60 36.0
83 83 68.89
81 81 65.61
89 89 79.21
62 62 38.44
39 39 15.21
87 87 75.69
12 12 1.44
16 16 2.56
22 22 4.84
1 1 0.01
26 26 6.76
79 79 62.41
68 68 46.24
34 34 11.56
69 69 47.61
48 48 23.04
25 25 6.25
86 86 73.96
1 1 0.01
96 96 92.16
12 12 1.44
57 57 32.49
66 66 43.56
42 42 17.64
3 3 0.09
15 15 2.25
10 10 1.0
43 43 18.49
29 29 8.41
21 21 4.41
20 20 4.0
23 23 5.29
61 61 37.21
82 82 67.24
97 97 94.09
63 63 39.69
86 86 73.96
29 29 8.41
60 60 36.0
58 58 33.64
43 43 18.49
16 16 2.56
23 23 5.29
99 99 98.01
81 81 65.61
80 80 64.0
26 26 6.76
15 15 2.25
24 24 5.76
6 6 0.36
36 36 12.96
100 100 100.0
3 3 0.09
8 8 0.64
67 67 44.89
44 44 19.36
68 68 46.24
44 44 19.36
