400 10067 4.3589
42 32 9.3685
95 85 60.5237
67 57 21.5064
63 53 20.295
25 15 0.7276
100 90 47.2766
77 67 18.5951
52 42 9.0902
35 25 4.7419
65 55 12.9809
82 72 16.604
63 53 14.3073
99 89 21.6113
32 22 1.4648
31 21 1.1156
43 33 6.4308
84 74 25.2406
51 41 13.939
99 89 70.8358
87 77 52.1356
101 91 43.6934
106 96 50.981
104 94 42.0397
68 58 10.1124
76 66 14.052
71 61 24.8183
26 16 2.0935
94 84 25.024
71 61 20.022
55 45 19.5373
107 97 48.4221
43 33 5.3029
58 48 20.1305
89 79 52.8471
74 64 19.8346
64 54 10.2855
45 35 11.1469
31 21 1.2873
48 38 6.7923
11 1 0.0086
71 61 28.881
95 85 55.1648
87 77 42.8632
81 71 15.2264
43 33 6.9554
36 26 3.037
37 27 2.3815
99 89 42.5547
109 99 81.5716
20 10 0.4616
99 89 48.8028
18 8 0.2255
73 63 21.0351
26 16 1.6566
77 67 27.4199
81 71 39.5893
79 69 19.2081
101 91 43.7767
104 94 70.8173
12 2 0.0335
92 82 28.2397
66 56 26.5009
61 51 22.4316
84 74 16.3547
57 47 9.095
92 82 27.6992
41 31 6.1643
47 37 8.3296
36 26 2.668
22 12 0.4801
93 83 61.4013
25 15 1.1513
44 34 6.8796
51 41 10.8966
58 48 21.5537
92 82 56.5429
92 82 53.5034
19 9 0.2712
74 64 19.486
107 97 33.1972
37 27 5.4868
56 46 11.4955
85 75 30.4053
53 43 8.1562
28 18 2.5367
38 28 6.0772
44 34 10.3665
20 10 0.307
34 24 5.2983
102 92 33.8654
51 41 4.6989
54 44 7.2404
57 47 11.7505
62 52 23.5574
75 65 13.7953
100 90 38.8067
37 27 3.323
50 40 9.2793
67 57 19.4807
51 41 6.1232
82 72 33.5172
96 86 39.2715
95 85 27.8193
42 32 2.9939
39 29 2.2524
21 11 0.499
18 8 0.2929
18 8 0.2724
70 60 14.8025
58 48 11.6186
59 49 22.0759
65 55 10.9554
61 51 15.3601
60 50 23.5555
41 31 4.2948
83 73 30.2511
106 96 81.774
55 45 8.8661
44 34 5.7102
82 72 16.3863
83 73 44.6571
35 25 3.1919
19 9 0.4966
101 91 27.3393
36 26 2.5831
45 35 8.4634
106 96 35.6385
19 9 0.2374
32 22 2.5581
100 90 26.7072
94 84 52.4162
37 27 5.3625
108 98 39.7228
52 42 13.145
54 44 18.6952
48 38 6.0752
94 84 21.3047
73 63 15.2912
66 56 22.6643
51 41 5.9775
68 58 18.5046
90 80 49.3183
50 40 10.8478
26 16 0.6611
98 88 31.6496
93 83 38.253
68 58 27.1712
96 86 20.9892
104 94 41.9736
44 34 3.5698
63 53 7.2619
35 25 1.6502
62 52 19.6754
82 72 38.4871
68 58 11.4975
65 55 7.9976
39 29 3.421
103 93 74.8433
51 41 9.9187
15 5 0.1239
93 83 53.9476
60 50 16.3071
77 67 40.8807
72 62 12.7121
32 22 4.1857
84 74 24.5461
50 40 5.9127
46 36 9.0427
73 63 15.4889
71 61 30.6418
39 29 2.5924
68 58 13.4821
36 26 5.4042
65 55 8.3025
71 61 19.718
80 70 17.7814
99 89 55.5293
61 51 20.1188
77 67 11.465
50 40 9.5995
97 87 43.7715
44 34 11.2849
46 36 5.5805
69 59 27.1597
70 60 30.4892
65 55 26.9974
31 21 2.2473
27 17 1.5575
29 19 2.1948
34 24 3.4088
27 17 0.853
41 31 7.2399
33 23 4.7838
97 87 75.4535
49 39 13.3123
65 55 8.5785
41 31 4.9177
80 70 47.1323
26 16 1.9505
82 72 18.2825
16 6 0.1298
33 23 2.2804
21 11 1.1803
75 65 26.6762
67 57 32.2238
13 3 0.0395
14 4 0.1449
54 44 5.7499
30 20 2.9183
15 5 0.151
30 20 1.3158
37 27 6.0812
61 51 10.4581
20 10 0.3377
101 91 50.9939
110 100 31.6721
103 93 53.363
95 85 30.9425
76 66 20.1799
23 13 0.4691
61 51 7.7373
84 74 29.598
15 5 0.1958
33 23 1.6752
59 49 12.96
95 85 70.9132
71 61 31.0996
79 69 12.7606
38 28 5.1547
37 27 2.604
66 56 13.0465
64 54 10.8274
38 28 6.3923
39 29 5.6663
47 37 9.8464
14 4 0.1157
60 50 17.7089
18 8 0.4935
51 41 9.8942
63 53 24.8263
71 61 17.5343
62 52 22.9087
29 19 1.5317
48 38 10.2202
57 47 8.4216
28 18 2.967
87 77 50.261
47 37 7.7824
103 93 58.2032
16 6 0.1139
108 98 91.4299
29 19 3.5884
12 2 0.035
56 46 9.5809
26 16 1.5156
63 53 8.6984
38 28 6.2435
96 86 41.9502
55 45 8.5136
65 55 10.863
37 27 2.4505
13 3 0.0498
90 80 48.1719
60 50 12.3412
24 14 0.5577
34 24 1.7654
63 53 18.0778
57 47 19.0288
72 62 13.8235
95 85 56.4467
14 4 0.1028
26 16 1.5618
60 50 23.1563
100 90 26.6886
70 60 10.653
48 38 12.3644
85 75 28.8262
53 43 13.2452
80 70 40.4572
69 59 15.4143
61 51 21.5092
108 98 95.1347
87 77 19.7554
41 31 3.0573
18 8 0.4191
53 43 12.4193
40 30 5.6036
99 89 33.6562
44 34 7.7546
80 70 18.9704
100 90 30.7792
106 96 37.68
53 43 14.8518
19 9 0.2186
69 59 13.5181
92 82 45.6625
47 37 4.9351
85 75 27.216
24 14 0.8484
59 49 15.0032
79 69 31.2738
68 58 13.4528
98 88 40.6062
68 58 9.6243
52 42 15.2678
26 16 1.7935
104 94 87.7463
15 5 0.1027
48 38 8.3111
20 10 0.7623
91 81 44.5263
17 7 0.1366
23 13 1.0679
101 91 56.28
105 95 69.6924
51 41 10.1857
51 41 13.4476
106 96 85.668
73 63 38.2765
44 34 5.4653
89 79 36.8813
46 36 3.9458
20 10 0.7806
23 13 1.0038
77 67 32.8661
61 51 17.9352
85 75 14.9367
104 94 85.8032
41 31 2.8207
91 81 38.2542
61 51 7.8916
65 55 29.8411
98 88 19.6107
107 97 68.1962
68 58 15.7704
105 95 34.7003
66 56 13.0408
64 54 12.1
66 56 23.0093
110 100 93.5631
88 78 33.7782
25 15 1.1398
25 15 0.7578
54 44 5.5507
45 35 12.0021
54 44 5.6801
77 67 29.0543
50 40 5.4434
62 52 19.6329
60 50 8.1111
81 71 19.8016
110 100 56.6
108 98 37.2478
43 33 8.1191
54 44 7.3257
86 76 23.19
26 16 1.6541
40 30 6.6585
19 9 0.2567
49 39 10.5313
64 54 24.1474
33 23 1.6879
36 26 1.7697
65 55 15.7617
107 97 71.7511
69 59 25.8196
20 10 0.4256
110 100 36.5118
61 51 23.9669
81 71 17.4073
34 24 1.8512
11 1 0.007
79 69 14.9313
27 17 1.9466
67 57 28.706
33 23 4.8163
21 11 0.3476
11 1 0.0048
48 38 3.6447
49 39 6.6203
108 98 25.4137
106 96 55.7845
95 85 19.8533
55 45 8.7291
44 34 5.0239
46 36 9.3869
103 93 22.3568
79 69 18.4178
22 12 0.6036
50 40 12.6587
54 44 17.2001
66 56 14.7065
71 61 34.3443
38 28 5.0598
48 38 6.5045
103 93 71.9477
41 31 7.1161
58 48 14.3717
18 8 0.221
43 33 8.828
