100 2691 9.9499
62 52 97.8531
103 93 2.428
69 59 113.7995
90 80 9.139
48 38 128.2081
29 19 10.8553
45 35 67.0019
21 11 3.0388
42 32 31.8387
48 38 45.4172
95 85 4.5954
32 22 32.2251
61 51 68.9203
90 80 13.7661
14 4 0.1592
86 76 4.7747
58 48 90.7442
36 26 52.9093
95 85 15.4416
17 7 5.1563
102 92 3.5333
103 93 0.7806
108 98 0.0906
54 44 39.8686
12 2 0.3114
104 94 1.8402
96 86 12.019
23 13 8.6512
77 67 17.1228
58 48 165.8763
35 25 30.1409
66 56 8.0825
101 91 2.4064
91 81 38.7976
90 80 17.7977
11 1 0.0008
57 47 192.0604
52 42 62.5121
32 22 42.7797
108 98 0.3119
73 63 7.3465
58 48 191.9044
90 80 36.7013
26 16 21.0452
106 96 1.2857
40 30 54.7116
82 72 30.045
103 93 5.3142
104 94 1.4418
31 21 32.1275
94 84 19.0781
102 92 5.7547
80 70 12.6342
40 30 60.7104
100 90 6.6068
49 39 15.2529
54 44 87.4894
69 59 109.6391
88 78 33.9023
91 81 11.0861
45 35 112.9447
99 89 10.2295
45 35 108.6334
54 44 162.8523
53 43 58.9415
79 69 86.3686
32 22 23.0271
56 46 228.4192
82 72 53.8453
53 43 78.4251
68 58 176.7791
105 95 0.8423
30 20 32.9428
54 44 128.4429
82 72 42.9777
92 82 11.2377
96 86 7.255
52 42 46.459
55 45 159.4488
12 2 0.1556
82 72 84.8078
69 59 43.1778
90 80 13.5676
100 90 9.7783
87 77 23.9527
32 22 32.0686
46 36 16.8638
78 68 38.7981
62 52 40.4138
61 51 191.5777
60 50 86.5732
76 66 93.1897
36 26 55.8455
22 12 15.5635
28 18 24.8909
11 1 0.0203
65 55 72.3821
27 17 24.5794
35 25 49.4107
70 60 116.3957
