900 23415 9.9499
38 28 54.7046
19 9 3.2918
22 12 6.5571
106 96 1.1361
48 38 99.138
22 12 4.8578
87 77 29.1911
28 18 3.2084
53 43 144.6481
51 41 159.8724
70 60 76.8735
48 38 86.2602
82 72 62.5927
73 63 33.8971
109 99 0.0813
28 18 25.2128
69 59 69.4571
69 59 148.8863
45 35 38.2044
13 3 0.2923
102 92 3.3895
97 87 6.3846
63 53 33.6318
97 87 8.7139
84 74 10.3539
57 47 71.9926
42 32 45.7968
21 11 6.8753
50 40 176.1924
17 7 0.2047
13 3 0.7873
81 71 29.2457
61 51 171.3905
34 24 10.9592
62 52 70.3508
59 49 197.4462
15 5 2.7179
13 3 0.5511
44 34 111.1078
73 63 118.467
83 73 20.0598
62 52 182.3025
68 58 147.0735
23 13 9.738
29 19 19.8397
28 18 13.3381
67 57 106.6541
39 29 91.1493
74 64 16.9819
57 47 112.344
85 75 64.7805
73 63 37.2138
42 32 31.4053
33 23 6.8315
64 54 229.3918
33 23 42.0612
53 43 192.684
61 51 115.9558
29 19 22.5365
63 53 71.8023
13 3 0.5062
33 23 28.9939
57 47 216.5952
14 4 0.4158
95 85 16.8654
84 74 21.23
75 65 4.8073
28 18 33.5201
110 100 0.0
24 14 17.4485
108 98 0.045
21 11 5.1238
78 68 36.6844
13 3 0.906
79 69 2.1036
103 93 1.6143
20 10 2.7118
79 69 42.4347
46 36 113.5214
51 41 36.2413
80 70 62.6444
85 75 10.3636
94 84 13.8309
80 70 51.965
93 83 3.5472
77 67 38.813
13 3 0.7818
110 100 0.0
29 19 39.2821
44 34 93.1106
107 97 0.9964
29 19 32.9111
81 71 82.0672
38 28 54.0598
37 27 45.1873
68 58 120.1997
26 16 19.936
95 85 19.8247
64 54 129.2138
93 83 14.3733
102 92 0.6478
42 32 11.6049
102 92 2.7322
58 48 81.2249
110 100 0.0
106 96 0.9005
75 65 15.2201
33 23 2.1225
43 33 43.1201
25 15 7.9102
70 60 23.5047
36 26 60.8556
56 46 222.8258
83 73 42.664
60 50 66.8038
103 93 3.7398
82 72 11.3989
81 71 78.8448
99 89 12.2071
100 90 6.0366
70 60 44.7517
98 88 5.0948
35 25 55.7247
23 13 4.3883
42 32 7.5343
24 14 12.1584
96 86 15.9385
27 17 19.9573
63 53 209.2057
34 24 53.6826
47 37 4.3487
80 70 38.7011
102 92 3.7915
25 15 5.307
46 36 54.7709
60 50 225.9053
87 77 54.1168
96 86 14.7427
48 38 140.8569
66 56 188.1345
71 61 44.4787
104 94 3.8658
86 76 63.9678
107 97 0.3098
33 23 6.2456
49 39 164.7444
20 10 6.8952
62 52 52.9726
17 7 0.4427
66 56 81.8008
34 24 56.0716
31 21 27.8035
104 94 3.7062
18 8 5.3738
65 55 142.373
109 99 0.0701
12 2 0.1319
108 98 0.0935
80 70 57.2784
40 30 93.4904
23 13 9.7471
89 79 33.8348
23 13 18.4057
27 17 17.3962
64 54 193.1986
81 71 18.6089
77 67 42.0986
26 16 12.9734
64 54 108.5753
110 100 0.0
29 19 15.8971
51 41 52.4173
110 100 0.0
59 49 224.6496
62 52 73.8523
103 93 3.4859
76 66 42.4548
105 95 2.0868
17 7 3.547
83 73 25.5973
108 98 0.4185
49 39 128.5003
75 65 34.2565
53 43 133.9229
72 62 61.9071
72 62 113.7537
44 34 26.6853
45 35 96.7297
106 96 1.2292
28 18 10.6693
53 43 46.5956
78 68 106.2193
44 34 21.1106
43 33 27.0874
91 81 22.6389
74 64 3.8647
76 66 60.3007
91 81 22.6802
67 57 133.3432
39 29 19.8846
109 99 0.0333
38 28 6.5442
105 95 2.0259
109 99 0.1081
97 87 6.5552
87 77 53.0999
33 23 48.148
79 69 103.5312
17 7 3.1395
57 47 23.7202
82 72 36.7306
56 46 214.8373
46 36 12.2996
64 54 110.7749
94 84 2.7768
27 17 25.6795
87 77 45.9192
80 70 7.6014
66 56 204.935
19 9 1.7648
101 91 8.6943
47 37 113.948
43 33 46.3308
87 77 27.639
21 11 7.4263
51 41 36.0786
29 19 4.1636
53 43 64.1092
110 100 0.0
45 35 134.0334
15 5 0.9758
35 25 49.1748
74 64 120.4888
68 58 53.148
89 79 38.2984
36 26 49.0333
57 47 240.5735
107 97 0.7996
69 59 53.9836
47 37 132.6772
32 22 13.6398
24 14 5.0582
56 46 48.6556
85 75 57.8493
83 73 2.9028
77 67 106.966
15 5 0.9454
50 40 64.8996
50 40 126.6153
12 2 0.0434
73 63 3.3088
81 71 9.2116
97 87 5.4507
78 68 96.7826
87 77 3.2746
76 66 66.0805
48 38 15.0547
76 66 92.4546
39 29 8.6485
46 36 114.3217
35 25 35.2993
103 93 1.0545
102 92 1.6035
102 92 6.8449
107 97 0.9537
78 68 56.7699
18 8 5.1575
25 15 19.2752
82 72 41.9218
75 65 27.8546
95 85 22.2879
83 73 49.4583
85 75 57.0613
99 89 6.8069
58 48 220.9673
86 76 35.2469
33 23 55.5223
38 28 35.5179
71 61 85.907
20 10 2.6724
38 28 51.1741
44 34 31.1965
94 84 4.0413
55 45 174.2032
100 90 2.5115
50 40 27.1609
16 6 2.5123
75 65 83.4903
60 50 15.5996
68 58 81.7048
52 42 78.0924
29 19 5.3951
32 22 30.9746
21 11 3.4009
60 50 67.1799
52 42 84.3765
40 30 1.3326
22 12 13.378
103 93 2.1046
79 69 70.2319
78 68 102.2774
40 30 61.0019
30 20 43.8218
38 28 3.4132
32 22 5.5935
49 39 43.7533
27 17 14.8733
26 16 13.4174
41 31 49.203
28 18 30.9763
108 98 0.1333
93 83 8.418
20 10 3.3807
69 59 155.0749
57 47 98.0593
63 53 102.966
34 24 30.6632
42 32 66.2751
90 80 31.0324
23 13 18.3938
56 46 226.4254
101 91 6.9956
49 39 165.9222
107 97 0.5892
12 2 0.2594
79 69 0.0053
55 45 71.6518
88 78 25.3095
107 97 0.2834
44 34 96.4058
50 40 170.394
46 36 109.3382
35 25 30.0497
92 82 8.0386
47 37 90.4544
83 73 64.3762
29 19 29.8254
54 44 26.0798
58 48 37.0476
24 14 21.2507
67 57 189.3826
43 33 40.7365
76 66 22.3693
69 59 52.2546
104 94 3.2367
85 75 35.2353
46 36 64.6879
37 27 74.8078
24 14 8.1807
108 98 0.2434
23 13 5.7432
103 93 4.3319
86 76 40.6365
42 32 77.9793
81 71 10.0012
69 59 126.5974
31 21 1.4065
88 78 35.7255
106 96 1.23
92 82 27.9698
81 71 17.5978
101 91 7.9622
24 14 20.4349
77 67 31.6246
90 80 20.0349
34 24 21.9572
28 18 10.4365
57 47 94.1427
107 97 0.9926
35 25 21.7754
22 12 4.5768
11 1 0.0664
96 86 21.4954
30 20 22.8532
77 67 86.8063
102 92 4.9164
92 82 3.3869
83 73 71.9562
35 25 45.6551
55 45 192.31
25 15 11.82
38 28 13.6435
20 10 9.8568
80 70 72.4411
66 56 155.1363
54 44 123.3755
40 30 51.8559
65 55 119.8443
39 29 16.4624
59 49 0.4989
90 80 12.0291
38 28 42.9117
75 65 52.4897
75 65 97.0524
97 87 3.3485
11 1 0.0665
88 78 36.2809
102 92 3.7867
94 84 5.8945
98 88 1.6418
59 49 210.7894
72 62 52.5039
63 53 56.4883
83 73 36.892
33 23 43.0006
76 66 111.0
48 38 142.8901
62 52 205.5672
108 98 0.3066
61 51 143.679
66 56 154.7069
107 97 0.0863
11 1 0.0891
16 6 1.9682
35 25 12.1827
61 51 200.9176
53 43 55.889
79 69 14.0029
102 92 4.2068
101 91 2.7112
105 95 1.0665
36 26 43.4385
100 90 3.5038
71 61 24.1754
45 35 5.3673
60 50 266.0627
91 81 37.4914
39 29 29.7388
33 23 43.9846
85 75 27.8997
95 85 15.938
98 88 8.2276
78 68 32.1136
107 97 0.7039
62 52 179.9719
22 12 8.9777
59 49 122.0679
92 82 22.137
89 79 1.2338
17 7 2.7398
14 4 0.3442
83 73 65.1917
66 56 185.8269
91 81 23.5069
57 47 78.7194
52 42 82.1769
95 85 3.3358
24 14 19.7858
59 49 125.6905
19 9 4.9926
106 96 1.2049
13 3 0.9788
47 37 59.8412
104 94 2.5375
77 67 113.4752
82 72 78.0089
55 45 39.3051
96 86 9.4456
54 44 176.4548
36 26 4.1679
93 83 21.9627
67 57 105.5956
51 41 178.8106
43 33 21.8734
39 29 81.227
109 99 0.0416
86 76 27.1336
35 25 3.7376
16 6 0.7571
70 60 107.1948
35 25 22.0733
69 59 168.4596
89 79 29.0456
29 19 0.0953
95 85 4.0061
100 90 4.7746
77 67 89.4163
69 59 154.7181
64 54 33.4846
59 49 176.7887
73 63 49.4998
63 53 107.4068
22 12 10.4892
110 100 0.0
101 91 7.3429
34 24 16.6369
72 62 88.7101
84 74 70.0224
106 96 0.2004
19 9 2.3077
94 84 4.8141
43 33 32.6654
92 82 2.0362
61 51 24.374
100 90 10.3361
37 27 5.7562
31 21 45.9912
109 99 0.04
26 16 12.5121
68 58 9.7475
75 65 128.6119
104 94 0.7521
71 61 149.4117
42 32 57.9056
77 67 37.853
64 54 228.7449
109 99 0.0807
68 58 135.9984
80 70 64.6944
58 48 125.1577
102 92 2.3614
65 55 120.6174
28 18 23.9712
80 70 96.9716
40 30 34.192
63 53 112.832
71 61 104.6731
43 33 16.5522
17 7 4.7267
65 55 121.9624
98 88 13.0793
74 64 133.7072
95 85 10.5288
107 97 0.4795
26 16 8.3539
79 69 91.752
29 19 31.9917
56 46 101.1817
84 74 18.3574
18 8 4.151
87 77 2.7233
44 34 81.4346
82 72 85.1502
91 81 28.9189
26 16 12.5866
71 61 92.0582
95 85 21.4376
44 34 29.4644
53 43 180.5748
90 80 18.7897
32 22 8.2439
70 60 132.881
52 42 150.4214
55 45 132.1368
23 13 6.3355
18 8 3.6702
47 37 132.4845
45 35 9.4865
77 67 108.9292
28 18 12.9761
38 28 29.7438
14 4 1.496
42 32 87.4116
73 63 60.2821
31 21 13.0115
43 33 62.4194
17 7 5.201
92 82 10.0842
19 9 5.4476
20 10 10.2239
54 44 123.3803
31 21 38.5417
68 58 122.5894
86 76 16.7228
37 27 28.0266
55 45 154.6341
68 58 68.7575
90 80 21.321
49 39 49.7466
72 62 157.7613
11 1 0.0517
83 73 66.4156
90 80 13.7411
103 93 3.3339
15 5 2.0911
105 95 0.7616
23 13 9.4037
54 44 144.4552
77 67 65.4249
68 58 187.8969
107 97 0.2295
47 37 50.9945
81 71 29.1244
62 52 188.38
70 60 176.8312
77 67 7.9456
15 5 1.0791
89 79 9.5767
90 80 4.9253
27 17 3.2953
23 13 18.592
23 13 17.7662
56 46 218.5634
67 57 34.3569
25 15 2.4106
66 56 26.5144
28 18 24.8273
16 6 2.2666
106 96 1.3445
105 95 1.6548
68 58 173.9803
35 25 53.1679
86 76 25.6037
50 40 32.0229
41 31 93.1432
12 2 0.2273
54 44 34.8411
98 88 14.0113
84 74 10.01
58 48 199.1158
66 56 121.151
27 17 17.3625
68 58 106.4981
40 30 6.1151
94 84 25.4719
97 87 12.7072
48 38 81.8899
103 93 3.1855
91 81 36.7209
47 37 141.8172
31 21 9.3327
27 17 27.273
64 54 182.7868
85 75 58.9092
75 65 74.3522
91 81 15.4078
15 5 0.5083
83 73 70.0606
110 100 0.0
67 57 161.2757
13 3 0.4826
86 76 62.2146
91 81 21.3809
91 81 22.6821
37 27 9.3285
23 13 7.3811
47 37 142.9594
106 96 0.0485
105 95 2.1039
62 52 168.7622
88 78 20.8877
80 70 10.1232
63 53 206.5211
56 46 18.4391
80 70 16.7676
82 72 68.471
74 64 105.6802
19 9 0.6932
103 93 3.942
40 30 9.5004
70 60 150.2638
88 78 17.557
95 85 16.3025
13 3 0.8693
83 73 64.7929
99 89 13.3018
99 89 11.3742
57 47 204.3301
77 67 109.0631
40 30 71.4906
82 72 41.4411
86 76 52.4998
66 56 107.2679
39 29 84.7825
42 32 17.415
102 92 5.8642
58 48 215.3282
98 88 9.9835
17 7 3.3051
79 69 21.9337
96 86 11.036
76 66 14.876
27 17 1.7719
68 58 142.7232
93 83 7.3407
101 91 4.6714
107 97 0.4366
47 37 49.9379
54 44 40.1583
41 31 90.5627
101 91 2.6237
35 25 34.1197
16 6 0.0828
89 79 14.5597
105 95 1.0073
66 56 44.2554
43 33 32.1365
47 37 128.6603
64 54 38.3462
99 89 10.2319
96 86 15.6439
50 40 159.7009
61 51 240.8093
20 10 10.481
17 7 4.5283
35 25 7.1369
16 6 2.2902
12 2 0.3944
40 30 32.9669
49 39 80.2612
40 30 47.9331
64 54 81.0882
102 92 3.3502
19 9 5.2753
62 52 220.1787
34 24 49.6976
19 9 3.8541
82 72 12.6832
56 46 205.7625
110 100 0.0
68 58 122.283
54 44 142.7245
85 75 61.9369
33 23 41.7683
109 99 0.0743
18 8 2.1712
109 99 0.0695
77 67 12.0441
36 26 14.6914
62 52 35.9814
96 86 10.9429
46 36 59.782
81 71 52.4607
91 81 29.8647
95 85 14.0135
19 9 4.2929
50 40 155.5777
99 89 5.7934
102 92 1.3904
53 43 155.345
65 55 92.4674
14 4 0.2557
73 63 125.6229
22 12 12.7898
20 10 4.5732
84 74 35.9625
30 20 43.2549
75 65 88.5035
86 76 33.272
23 13 10.6956
68 58 11.851
76 66 51.5365
104 94 1.9507
87 77 43.3108
66 56 107.9101
62 52 192.6853
106 96 0.4873
23 13 12.4866
33 23 56.5245
61 51 246.3412
44 34 90.0056
52 42 142.5259
100 90 2.8021
49 39 72.8078
109 99 0.093
23 13 13.3888
57 47 121.0661
105 95 1.6258
53 43 75.5343
90 80 4.0299
24 14 9.4777
87 77 50.8667
99 89 3.4625
62 52 62.5458
69 59 78.9999
93 83 11.2766
28 18 32.904
35 25 20.6251
83 73 3.5232
101 91 4.0689
45 35 93.8428
105 95 0.9757
101 91 4.507
99 89 12.9828
62 52 253.5383
43 33 72.7029
96 86 12.7384
24 14 7.9138
86 76 21.8957
61 51 204.9385
12 2 0.0254
25 15 10.2556
44 34 4.9107
92 82 15.5833
102 92 5.837
59 49 14.2155
78 68 62.8994
46 36 129.2918
78 68 13.1273
60 50 175.6201
43 33 9.3831
52 42 115.4963
85 75 11.6269
13 3 0.7535
49 39 76.386
107 97 0.523
101 91 7.9332
38 28 84.5468
38 28 84.6912
95 85 10.7581
78 68 7.4219
38 28 73.3931
62 52 197.0858
11 1 0.0994
97 87 13.8851
37 27 72.884
25 15 19.518
68 58 111.3972
31 21 9.3552
110 100 0.0
41 31 17.7177
22 12 9.9903
99 89 3.6566
59 49 64.738
88 78 1.5929
99 89 12.6001
44 34 2.7718
44 34 104.3609
25 15 12.1514
105 95 1.7177
77 67 117.7558
110 100 0.0
87 77 47.8183
31 21 32.1961
74 64 92.0069
94 84 5.6138
15 5 1.7581
76 66 118.4926
67 57 26.0023
22 12 13.6776
27 17 15.3087
13 3 0.8747
110 100 0.0
17 7 4.8327
45 35 45.3903
57 47 17.5615
17 7 0.4416
85 75 49.7506
70 60 8.1707
34 24 0.4418
88 78 31.4822
51 41 84.6588
45 35 57.1014
94 84 20.2994
86 76 44.2975
53 43 98.7098
108 98 0.2537
78 68 110.9907
93 83 13.9051
36 26 18.8586
45 35 44.3726
77 67 77.9473
76 66 116.5791
91 81 21.7139
42 32 65.2866
44 34 112.3952
17 7 2.1407
72 62 101.4326
81 71 60.5283
50 40 93.387
62 52 80.7663
45 35 16.8088
66 56 163.0639
87 77 23.0416
32 22 14.051
41 31 29.1719
29 19 20.4971
75 65 108.5092
63 53 136.367
43 33 10.5405
79 69 37.7557
108 98 0.0018
38 28 53.5743
103 93 5.2153
63 53 31.1077
11 1 0.0406
58 48 16.5414
56 46 162.3099
21 11 0.3675
72 62 58.7838
73 63 144.4044
100 90 8.5381
21 11 0.1021
95 85 22.4023
12 2 0.1682
80 70 12.7685
106 96 0.6787
72 62 63.3311
72 62 36.2417
53 43 62.3729
76 66 85.8767
19 9 8.7594
47 37 89.5184
71 61 62.1325
53 43 189.6675
54 44 212.8103
76 66 85.2007
87 77 50.3151
64 54 30.9865
36 26 30.4864
