100 2435 4.3589
109 99 48.8825
61 51 7.4158
103 93 36.6485
88 78 58.8243
83 73 46.2427
94 84 61.4656
99 89 45.6422
69 59 13.7411
62 52 7.0315
21 11 0.5793
103 93 27.1994
78 68 28.5167
60 50 9.6534
36 26 4.0036
54 44 7.3111
100 90 67.9503
97 87 36.0961
33 23 5.2212
53 43 6.5526
64 54 27.9175
105 95 44.1281
36 26 6.643
46 36 4.0293
70 60 9.9301
58 48 16.525
66 56 22.6262
51 41 15.6088
110 100 61.3011
105 95 66.2026
79 69 12.1606
107 97 25.5803
78 68 18.1212
13 3 0.0574
88 78 27.89
65 55 13.6663
37 27 5.1026
97 87 28.2269
107 97 78.8775
32 22 2.221
40 30 7.0804
50 40 7.8933
30 20 1.855
41 31 3.3625
12 2 0.0147
13 3 0.0855
72 62 13.2671
67 57 30.8969
36 26 5.4714
26 16 1.547
65 55 9.7269
99 89 28.1473
71 61 11.0217
39 29 5.3061
22 12 0.4364
22 12 0.4885
73 63 33.4234
34 24 1.9811
103 93 44.0219
35 25 3.9972
22 12 1.014
59 49 11.8295
13 3 0.0388
19 9 0.7571
39 29 4.3618
17 7 0.213
106 96 39.1488
61 51 21.08
25 15 1.5048
12 2 0.0298
50 40 4.8365
14 4 0.1495
94 84 54.2005
68 58 16.1234
44 34 6.6848
17 7 0.3086
56 46 6.4613
97 87 26.9776
34 24 4.8978
25 15 0.9095
33 23 4.536
50 40 4.1339
44 34 2.9622
64 54 8.4141
101 91 35.5168
43 33 6.1906
57 47 19.4199
52 42 14.3679
58 48 14.6283
105 95 82.3338
99 89 50.9653
17 7 0.3955
39 29 2.3186
29 19 1.1124
41 31 3.065
48 38 4.1392
99 89 26.4155
39 29 2.3532
95 85 64.4424
76 66 33.4685
42 32 2.7185
