100 2520 4.3589
86 76 52.9995
106 96 1.7346
109 99 0.0004
58 48 179.0005
98 88 10.64
110 100 0.0
45 35 90.1109
105 95 2.091
28 18 9.6835
106 96 1.4689
107 97 0.9821
34 24 38.4186
29 19 22.0072
64 54 25.4177
63 53 177.9816
20 10 1.3277
100 90 0.0942
26 16 14.2063
107 97 0.6684
35 25 17.6875
55 45 189.2144
71 61 101.5768
107 97 0.1266
25 15 5.613
101 91 8.1145
74 64 13.631
42 32 30.5316
57 47 27.876
34 24 3.1174
32 22 43.416
82 72 69.9367
41 31 73.4668
18 8 6.8391
37 27 2.51
26 16 11.9438
104 94 0.5745
19 9 7.3091
54 44 197.3429
93 83 30.0609
19 9 1.924
13 3 0.6881
83 73 62.0507
15 5 2.024
41 31 36.7905
50 40 148.6191
104 94 2.73
64 54 224.9239
46 36 20.7334
96 86 20.1708
44 34 7.0065
108 98 0.0242
34 24 48.8662
96 86 0.0951
42 32 92.4003
54 44 47.4783
100 90 8.3968
74 64 47.4617
60 50 275.9521
51 41 74.471
103 93 3.584
92 82 1.1242
76 66 124.1676
65 55 60.8894
69 59 177.5917
75 65 42.1149
18 8 0.5698
110 100 0.0
57 47 22.4253
67 57 152.8227
92 82 16.3462
41 31 18.2185
53 43 38.9392
48 38 23.3775
71 61 124.3698
70 60 81.2975
46 36 1.4356
106 96 0.3469
68 58 78.7696
17 7 1.0349
24 14 3.6535
57 47 126.4739
32 22 29.4394
67 57 36.2881
97 87 15.0514
45 35 42.7172
29 19 34.3697
29 19 36.3907
16 6 3.247
53 43 53.6974
72 62 39.535
20 10 1.4418
73 63 64.0997
58 48 5.3912
94 84 4.5868
38 28 37.4337
42 32 2.2015
18 8 0.5976
41 31 75.5306
32 22 16.6142
57 47 110.5771
