900 22439 9.9499
37 27 69.9147
94 84 27.5709
21 11 91.2751
32 22 80.1079
14 4 94.253
50 40 72.7575
45 35 69.6591
32 22 77.7342
54 44 65.2799
36 26 78.8118
49 39 54.2594
11 1 99.0881
33 23 79.3026
107 97 28.0466
99 89 27.422
15 5 94.0337
82 72 38.7021
66 56 47.773
69 59 49.3591
41 31 60.5144
101 91 31.9949
41 31 67.1531
61 51 60.9617
79 69 25.9916
20 10 88.9834
22 12 88.2792
12 2 98.3191
86 76 49.0854
73 63 41.435
102 92 15.6223
21 11 93.2557
109 99 21.8874
68 58 34.0169
87 77 38.4797
106 96 28.1759
46 36 57.1748
65 55 62.9293
64 54 53.8184
107 97 35.1246
20 10 89.0287
24 14 88.7873
29 19 81.8627
106 96 31.5215
106 96 37.1673
35 25 81.9985
100 90 42.8135
60 50 47.5217
14 4 96.7371
25 15 88.097
106 96 17.464
99 89 30.9147
67 57 37.6701
79 69 42.3827
27 17 89.4386
45 35 74.6047
40 30 78.1032
64 54 55.3506
101 91 41.9787
23 13 85.2723
66 56 38.1714
110 100 13.4513
48 38 54.5811
15 5 96.568
28 18 82.0166
44 34 74.2406
55 45 46.3407
85 75 40.7491
103 93 30.2203
28 18 82.8264
31 21 85.2317
50 40 70.9385
40 30 66.0823
29 19 83.6127
42 32 61.6209
91 81 24.68
18 8 94.4104
110 100 31.5608
109 99 28.5797
56 46 54.5028
50 40 68.4392
19 9 90.3355
68 58 59.2392
59 49 52.786
107 97 32.5893
64 54 34.2576
56 46 68.7291
89 79 42.5
14 4 95.897
81 71 59.7745
28 18 86.7934
108 98 34.7216
26 16 87.5591
55 45 60.1943
76 66 30.5013
35 25 74.9177
53 43 64.5066
75 65 45.0429
17 7 95.0684
36 26 73.1264
104 94 24.3148
56 46 54.7097
69 59 54.9125
81 71 33.0752
79 69 52.6162
107 97 22.2171
17 7 93.8942
96 86 45.9277
76 66 44.6344
70 60 69.9716
92 82 42.0267
12 2 98.0912
81 71 53.2185
68 58 51.0039
85 75 21.8453
28 18 88.565
104 94 22.1436
51 41 57.1959
68 58 53.5546
54 44 63.6246
42 32 57.3004
29 19 79.4683
74 64 57.1415
110 100 38.8565
96 86 48.2539
51 41 70.8425
70 60 49.4757
91 81 56.1121
46 36 63.3871
84 74 55.9758
30 20 80.1616
54 44 68.7738
11 1 99.0921
105 95 6.2961
25 15 88.1064
106 96 39.2828
68 58 50.1052
65 55 66.9746
51 41 48.4625
47 37 80.1562
39 29 70.0803
32 22 84.4212
78 68 35.1175
71 61 46.8321
22 12 86.6687
11 1 99.2853
89 79 29.6426
59 49 59.4796
52 42 70.9402
108 98 36.2416
61 51 48.4291
44 34 68.8535
47 37 74.8692
43 33 73.5358
38 28 84.6676
30 20 84.7265
76 66 44.8873
47 37 74.4355
43 33 68.3284
38 28 75.5039
26 16 81.6095
14 4 96.7331
66 56 53.811
88 78 57.4791
19 9 91.5332
91 81 47.5921
47 37 51.4591
53 43 68.3482
74 64 31.8841
93 83 17.2009
47 37 63.1914
59 49 43.3556
81 71 52.6611
55 45 69.2623
16 6 93.1592
62 52 60.9383
102 92 18.7273
16 6 91.2445
88 78 48.6674
90 80 22.8819
67 57 64.5532
107 97 17.2258
20 10 88.5744
13 3 96.863
79 69 43.0808
97 87 36.5577
54 44 57.2595
69 59 47.7605
60 50 56.8109
95 85 33.5971
92 82 48.3206
39 29 81.4398
92 82 26.9652
72 62 55.0594
101 91 45.4276
55 45 55.919
25 15 88.1345
72 62 47.6417
40 30 63.0754
37 27 70.7769
61 51 45.9304
99 89 26.9652
83 73 36.4019
59 49 43.4439
48 38 71.2707
92 82 19.5178
29 19 87.1609
43 33 60.0889
80 70 46.776
86 76 58.1162
56 46 62.2063
51 41 68.0741
30 20 80.4125
48 38 61.9558
87 77 22.3918
20 10 94.154
110 100 38.1454
77 67 33.4292
53 43 62.3626
80 70 47.8906
75 65 41.5432
57 47 61.9039
39 29 78.006
110 100 24.3996
85 75 53.2375
68 58 64.6448
98 88 36.8012
83 73 34.3971
34 24 81.081
28 18 75.9477
34 24 79.7931
100 90 32.5676
21 11 90.3621
92 82 35.6708
110 100 37.4936
59 49 48.8629
82 72 42.7088
85 75 61.4107
110 100 24.8333
62 52 61.0398
51 41 61.7277
25 15 85.9088
74 64 28.7736
63 53 53.3718
56 46 70.5029
101 91 22.0393
22 12 87.9844
87 77 40.7836
84 74 49.556
97 87 29.2259
88 78 36.8121
45 35 73.8156
42 32 71.9698
40 30 73.6593
42 32 72.6143
18 8 89.1816
76 66 42.9143
16 6 93.3291
110 100 10.2477
61 51 63.2216
78 68 50.6005
107 97 23.5225
65 55 43.839
21 11 93.1167
34 24 77.0586
40 30 69.9766
20 10 89.5559
29 19 79.6985
21 11 87.4693
23 13 89.7207
98 88 54.8859
17 7 94.817
39 29 73.1555
64 54 47.2368
76 66 29.5305
35 25 69.8929
96 86 34.1208
61 51 55.4861
27 17 82.7627
82 72 27.3801
24 14 89.3592
23 13 86.7245
101 91 18.3569
38 28 69.4456
67 57 39.554
49 39 61.6728
69 59 41.1445
42 32 69.0578
13 3 96.7292
78 68 45.1127
56 46 44.0976
28 18 79.7128
26 16 82.0546
11 1 99.0184
107 97 28.1494
23 13 90.1607
19 9 91.1166
22 12 91.6328
98 88 39.6157
56 46 65.5031
71 61 42.453
31 21 85.2483
95 85 32.8558
81 71 37.6726
54 44 60.1106
63 53 56.1031
47 37 68.8037
78 68 31.8389
102 92 52.4726
74 64 36.7515
89 79 58.7139
63 53 57.3624
80 70 46.828
52 42 56.4181
90 80 21.0286
90 80 21.8341
66 56 61.4593
94 84 41.6812
108 98 39.7379
41 31 77.4963
15 5 95.8284
66 56 47.7661
26 16 86.3022
52 42 68.5154
39 29 66.883
104 94 39.0738
15 5 95.1327
66 56 71.8629
40 30 78.6946
71 61 57.6992
66 56 45.0993
75 65 37.2991
25 15 87.7332
21 11 85.2834
14 4 94.2258
82 72 23.1967
54 44 69.3672
42 32 75.497
28 18 88.2247
82 72 27.2474
97 87 39.7946
97 87 48.1622
97 87 55.6337
16 6 95.3376
32 22 76.5398
91 81 47.784
50 40 71.5039
51 41 69.2623
70 60 57.0403
35 25 79.6949
32 22 77.4999
81 71 42.9641
64 54 54.2683
18 8 90.7142
62 52 53.4946
87 77 28.867
102 92 40.9702
67 57 31.4497
13 3 97.192
41 31 71.7206
78 68 54.7881
50 40 64.722
49 39 62.4827
23 13 87.0788
36 26 75.8258
44 34 67.2728
80 70 47.0994
20 10 88.9362
74 64 59.5475
77 67 51.5122
98 88 12.7563
109 99 19.807
52 42 69.8027
22 12 83.3076
19 9 93.3697
43 33 73.5649
102 92 31.6294
45 35 76.1047
13 3 96.2322
24 14 88.4597
40 30 75.7927
103 93 37.2637
37 27 81.6403
83 73 35.6779
25 15 85.0176
42 32 77.1095
29 19 86.8214
20 10 92.1254
44 34 71.5987
81 71 32.5778
57 47 54.0696
81 71 64.4681
76 66 57.4079
68 58 62.4226
58 48 56.7732
106 96 37.3407
39 29 62.0172
66 56 61.6445
87 77 38.9463
83 73 55.1871
25 15 86.332
82 72 61.6523
72 62 50.3632
75 65 49.3029
110 100 20.8274
46 36 77.1657
42 32 71.5022
49 39 72.0648
75 65 46.3584
13 3 97.6302
11 1 98.7797
16 6 93.6172
62 52 70.0033
23 13 84.7946
59 49 64.0448
100 90 17.2258
82 72 23.0554
35 25 83.7719
91 81 39.4145
72 62 54.1166
15 5 92.9913
15 5 94.3715
41 31 73.9118
59 49 66.4502
87 77 27.7423
35 25 70.466
28 18 77.5527
27 17 81.1315
31 21 86.3208
30 20 81.1441
101 91 21.1177
43 33 78.3986
67 57 39.055
51 41 60.5362
60 50 54.6993
89 79 41.5432
29 19 83.0559
94 84 51.9711
99 89 36.173
71 61 44.4236
47 37 63.1755
103 93 45.4276
74 64 40.6521
106 96 26.4504
13 3 97.2393
73 63 55.5472
87 77 39.1013
55 45 68.7274
83 73 34.2494
21 11 92.8795
109 99 35.9316
97 87 30.8147
71 61 58.0035
87 77 45.0818
29 19 74.5304
105 95 9.455
72 62 60.9571
82 72 44.6184
71 61 62.1275
18 8 92.2138
11 1 98.6526
68 58 71.6732
97 87 32.5927
81 71 29.6763
76 66 38.164
54 44 63.7043
29 19 85.2354
67 57 41.0458
28 18 87.202
96 86 59.8581
75 65 46.5192
67 57 65.0394
11 1 98.7778
99 89 38.574
71 61 59.0684
95 85 17.5519
19 9 94.1948
98 88 43.3675
49 39 73.6679
16 6 95.0742
29 19 79.3525
78 68 35.242
26 16 85.7532
91 81 31.4687
110 100 34.5051
92 82 34.0321
72 62 43.3464
62 52 59.7297
86 76 48.7064
32 22 87.4562
106 96 29.3406
26 16 86.4454
42 32 59.7622
109 99 26.8521
15 5 95.4275
86 76 33.9132
39 29 77.5175
100 90 26.397
68 58 35.4739
69 59 58.5225
60 50 74.1338
28 18 83.3295
56 46 57.4291
36 26 78.9894
92 82 34.8242
39 29 63.7299
70 60 46.1421
106 96 36.3042
13 3 95.7834
58 48 66.7963
15 5 95.4842
38 28 67.6227
58 48 60.3263
17 7 94.8286
90 80 41.0112
27 17 83.9001
36 26 79.1406
30 20 88.8627
24 14 84.1458
95 85 49.9764
89 79 36.8959
82 72 36.4104
72 62 45.9182
62 52 68.3714
64 54 48.7078
29 19 88.0839
66 56 52.1486
45 35 70.1524
50 40 65.529
40 30 71.5479
60 50 70.1088
83 73 26.7755
78 68 49.7674
55 45 59.2053
104 94 46.4442
76 66 28.9681
67 57 56.576
84 74 46.2414
78 68 56.0507
101 91 24.7964
67 57 61.9164
110 100 31.8344
19 9 89.2968
76 66 51.8371
33 23 81.5662
72 62 57.596
91 81 29.6709
52 42 61.5707
59 49 52.1255
101 91 45.9115
37 27 67.5109
43 33 56.728
45 35 77.491
70 60 51.4017
72 62 43.8363
61 51 61.2964
57 47 72.8838
26 16 86.9034
35 25 67.8465
57 47 55.8293
55 45 62.2584
44 34 71.729
82 72 27.5531
16 6 91.1987
59 49 64.4488
85 75 49.2987
25 15 86.3896
44 34 67.2859
90 80 16.4617
39 29 79.6824
100 90 12.243
44 34 79.8003
74 64 57.7904
49 39 70.1959
80 70 52.0317
35 25 80.0846
23 13 87.0116
37 27 69.6357
61 51 55.6889
19 9 92.2138
72 62 68.0295
69 59 67.4912
71 61 42.6866
68 58 47.6721
38 28 79.1513
99 89 20.637
17 7 93.1186
45 35 55.0846
51 41 57.6795
34 24 85.8328
58 48 49.797
62 52 45.5693
79 69 32.4558
53 43 71.411
29 19 73.8139
17 7 93.2113
40 30 70.3988
11 1 98.5136
108 98 48.4597
11 1 99.4687
101 91 14.0865
96 86 46.1
90 80 28.8101
18 8 91.8646
22 12 90.4097
97 87 36.0973
72 62 65.4934
35 25 78.4376
61 51 63.3329
79 69 45.2364
32 22 77.4189
64 54 56.9542
88 78 25.2818
12 2 97.569
21 11 88.3562
16 6 91.5983
78 68 57.3624
73 63 31.3555
100 90 31.9915
91 81 40.6789
102 92 48.6464
35 25 79.7324
95 85 31.7679
26 16 88.8683
48 38 52.1154
47 37 59.0807
37 27 76.0907
25 15 90.0487
93 83 31.2257
61 51 52.8936
20 10 93.0029
40 30 62.3563
99 89 40.7695
82 72 37.4617
81 71 24.7387
74 64 61.0102
57 47 42.8645
40 30 78.296
27 17 77.2412
100 90 43.7767
60 50 65.2573
29 19 81.7957
36 26 75.9233
45 35 66.3068
105 95 38.9426
99 89 42.4087
78 68 43.5323
54 44 55.7889
83 73 39.7568
94 84 18.0693
43 33 71.7375
30 20 85.2021
25 15 87.7294
64 54 62.7438
59 49 51.5854
28 18 77.1499
61 51 60.2781
23 13 89.6866
62 52 55.0801
100 90 45.8762
75 65 31.3141
75 65 46.9636
87 77 29.968
36 26 79.2171
46 36 68.6263
67 57 61.1993
68 58 56.0582
13 3 96.3421
97 87 37.2784
106 96 27.401
64 54 60.6327
99 89 15.3468
100 90 44.2504
16 6 95.3025
44 34 72.0088
68 58 30.8425
11 1 99.3291
25 15 88.5744
110 100 51.3989
31 21 79.5218
89 79 28.0773
67 57 58.5133
35 25 82.679
77 67 52.0216
75 65 52.3684
30 20 76.5538
99 89 34.5309
14 4 94.7566
59 49 65.6894
89 79 45.8315
30 20 87.4693
110 100 26.7279
49 39 78.9539
46 36 81.6366
106 96 52.3322
101 91 23.1486
79 69 63.9328
43 33 75.2955
41 31 72.1837
89 79 42.2448
40 30 63.9712
31 21 82.6536
54 44 61.6162
105 95 42.211
55 45 63.623
19 9 91.4491
101 91 30.2863
71 61 46.3448
89 79 33.1235
68 58 38.2233
86 76 57.3806
26 16 87.0601
34 24 81.6656
73 63 37.9357
16 6 91.2044
110 100 23.3782
94 84 37.2893
74 64 48.0318
81 71 37.6628
97 87 27.946
66 56 38.676
59 49 56.4527
86 76 36.0492
30 20 77.5351
81 71 49.2214
55 45 47.1063
83 73 51.7867
61 51 42.7886
35 25 79.895
50 40 58.4934
108 98 40.5998
27 17 84.8241
49 39 76.089
24 14 90.6552
33 23 78.4482
81 71 25.019
88 78 50.6688
96 86 36.2934
47 37 65.4012
72 62 43.8151
84 74 27.5772
80 70 64.4825
56 46 57.0387
79 69 48.8853
58 48 68.4856
17 7 93.714
91 81 32.4501
91 81 29.1913
44 34 72.3316
34 24 85.5181
17 7 94.5795
74 64 64.2258
67 57 62.8722
29 19 81.1513
14 4 96.1557
14 4 97.336
74 64 56.0237
105 95 24.8871
75 65 31.2582
30 20 84.6786
67 57 42.3879
48 38 63.3727
29 19 85.7365
36 26 86.0052
97 87 28.5915
52 42 62.2505
81 71 40.8538
64 54 66.5742
75 65 54.2889
34 24 78.6272
86 76 30.9092
28 18 80.1061
100 90 42.7651
68 58 54.0446
38 28 68.9298
49 39 68.5468
101 91 14.4089
48 38 63.7474
73 63 51.0853
96 86 38.5566
102 92 26.6535
48 38 73.2462
57 47 63.5655
70 60 50.8783
83 73 32.7653
65 55 60.8931
83 73 22.2831
94 84 39.9993
91 81 37.9702
39 29 74.2217
18 8 95.6836
87 77 38.3594
61 51 37.6063
67 57 45.5301
65 55 62.9023
53 43 60.1788
25 15 90.2842
102 92 48.705
100 90 45.8031
23 13 90.8228
36 26 77.2852
33 23 76.8235
24 14 85.18
59 49 68.9548
51 41 53.1033
82 72 40.6751
11 1 98.74
46 36 74.634
87 77 39.5163
70 60 50.1491
30 20 77.3256
107 97 31.9915
102 92 35.1329
14 4 96.189
67 57 60.0765
19 9 91.2503
72 62 47.6224
69 59 47.3702
110 100 30.1083
86 76 44.3263
13 3 97.4051
55 45 71.3856
41 31 73.3524
24 14 83.9001
108 98 21.5723
55 45 61.8252
70 60 52.8689
27 17 87.546
22 12 88.3168
91 81 46.5219
59 49 66.5807
51 41 72.8309
28 18 84.5903
101 91 30.5245
16 6 93.0087
90 80 46.4415
82 72 28.8337
11 1 98.6188
57 47 59.3377
25 15 82.3556
94 84 26.6029
93 83 47.2876
78 68 52.0432
45 35 63.6086
38 28 75.032
15 5 96.2793
47 37 67.263
18 8 94.4687
43 33 79.8414
68 58 57.555
101 91 37.0808
105 95 19.4243
89 79 46.6079
69 59 60.404
49 39 59.5043
80 70 26.2339
76 66 39.1763
14 4 97.1368
32 22 81.0144
74 64 48.9132
66 56 30.9948
85 75 54.1696
46 36 77.0041
52 42 62.2789
29 19 72.9299
95 85 50.7542
50 40 64.0432
27 17 84.401
93 83 41.9943
14 4 96.5287
31 21 75.5074
71 61 42.1136
21 11 91.3343
43 33 59.3039
68 58 62.2426
68 58 51.9106
79 69 34.0461
36 26 78.0837
34 24 79.0552
18 8 93.6095
44 34 74.1889
110 100 17.0792
40 30 69.9264
94 84 42.573
49 39 62.6361
78 68 41.9399
96 86 37.5928
82 72 51.9091
22 12 92.918
67 57 45.2889
50 40 69.9481
92 82 12.9132
107 97 36.7964
98 88 33.4697
50 40 67.5931
40 30 64.2979
70 60 50.6005
104 94 49.9623
61 51 58.5715
17 7 92.1792
76 66 29.9789
