900 22553 9.9499
39 29 71.2566
103 93 4.7735
104 94 1.3865
17 7 4.8183
26 16 8.8394
92 82 7.9022
89 79 2.3559
21 11 6.5725
32 22 36.8041
26 16 3.2752
108 98 0.2179
13 3 0.3673
48 38 68.9965
96 86 16.0735
74 64 28.3637
13 3 0.5077
78 68 73.4471
84 74 49.2666
27 17 28.4208
34 24 61.2652
39 29 38.4668
101 91 2.2853
43 33 53.7487
32 22 41.5764
73 63 43.7276
42 32 97.7814
101 91 3.8354
104 94 3.2022
108 98 0.2796
88 78 43.1978
75 65 20.3544
60 50 91.9566
105 95 2.6218
92 82 6.1876
23 13 17.1907
32 22 53.0707
110 100 0.0
50 40 171.6941
74 64 53.2935
54 44 139.6776
48 38 128.9791
89 79 38.4592
70 60 160.2359
109 99 0.0686
30 20 0.6957
69 59 136.5128
93 83 20.1877
71 61 108.3721
89 79 10.319
95 85 23.4181
53 43 140.1971
78 68 2.4536
67 57 43.4756
72 62 43.4372
67 57 46.0539
13 3 0.7251
21 11 1.8162
105 95 2.4646
30 20 7.8101
47 37 93.6181
84 74 44.7739
51 41 69.525
109 99 0.0863
39 29 14.7437
102 92 2.3204
75 65 118.0387
25 15 16.4738
107 97 0.4004
16 6 2.5556
85 75 13.29
53 43 191.9371
37 27 16.3307
20 10 7.7821
17 7 4.3716
99 89 9.5164
27 17 16.5076
65 55 214.2251
89 79 43.6595
22 12 2.1024
64 54 88.2627
78 68 104.0905
47 37 108.0326
14 4 0.2544
56 46 47.3602
27 17 10.5544
80 70 29.8504
55 45 94.2572
22 12 13.0802
105 95 0.9567
69 59 163.3334
59 49 202.1541
93 83 2.7387
13 3 0.1381
78 68 7.2344
93 83 22.7036
100 90 5.8888
103 93 0.5024
84 74 66.5593
86 76 5.384
38 28 73.7152
77 67 96.5644
63 53 140.9461
86 76 46.4324
51 41 2.4358
46 36 10.4498
15 5 0.5785
98 88 11.9552
32 22 20.0573
26 16 11.8003
19 9 6.6892
103 93 0.1395
57 47 25.0733
51 41 61.0644
36 26 21.031
51 41 136.8793
60 50 271.4348
102 92 0.5474
53 43 143.1351
18 8 6.305
54 44 183.4597
15 5 0.539
24 14 4.5069
51 41 147.4688
108 98 0.0447
58 48 135.8658
22 12 0.4655
22 12 8.9812
81 71 48.1197
98 88 15.2288
18 8 5.5311
40 30 3.6562
17 7 4.3085
38 28 10.1617
73 63 64.3726
71 61 101.5029
66 56 80.2945
59 49 17.3025
28 18 31.3849
82 72 39.469
28 18 35.5656
32 22 20.6356
100 90 1.5498
101 91 5.843
77 67 66.6616
98 88 14.481
101 91 5.7339
32 22 39.7073
52 42 134.2264
11 1 0.0209
48 38 128.8347
95 85 12.3028
94 84 8.7682
71 61 104.7548
28 18 27.4442
19 9 2.2989
93 83 25.8806
82 72 29.1306
44 34 80.2376
100 90 3.2933
23 13 12.9247
11 1 0.0815
77 67 40.0851
60 50 9.9688
53 43 170.0556
71 61 23.9332
80 70 66.2871
30 20 44.3981
47 37 31.0501
25 15 5.0075
94 84 21.3723
68 58 48.122
62 52 150.0821
83 73 69.8357
105 95 1.4546
49 39 24.7194
83 73 60.298
14 4 0.178
91 81 5.698
41 31 93.1648
44 34 12.7408
49 39 21.1737
94 84 8.3822
64 54 164.5219
58 48 117.8182
78 68 93.8201
30 20 21.4395
67 57 17.8543
15 5 1.4131
33 23 7.6293
15 5 2.2413
109 99 0.0301
59 49 222.355
24 14 11.9879
62 52 253.5741
46 36 55.4536
69 59 104.4425
61 51 66.727
29 19 12.3677
93 83 21.6407
56 46 147.3209
89 79 9.6786
45 35 128.3608
93 83 10.1153
80 70 44.4772
43 33 86.0953
42 32 28.6864
75 65 109.6932
24 14 19.1666
36 26 30.1323
78 68 83.5985
56 46 9.4923
15 5 1.1966
90 80 18.5542
59 49 158.914
46 36 95.1655
105 95 2.0265
52 42 108.9659
47 37 65.5547
46 36 24.5342
15 5 1.4253
21 11 4.0081
28 18 32.0789
103 93 5.3672
11 1 0.0784
29 19 32.1652
53 43 121.2708
87 77 19.1912
49 39 8.5074
101 91 5.8394
105 95 1.6268
96 86 13.7437
80 70 93.3804
100 90 1.6854
78 68 41.9261
74 64 133.1639
22 12 5.1179
35 25 24.7453
26 16 26.2416
15 5 0.2038
50 40 59.6619
68 58 93.714
103 93 4.9122
75 65 14.458
44 34 102.1798
52 42 109.5863
48 38 58.884
32 22 48.3432
39 29 15.6116
29 19 21.5189
98 88 15.1532
105 95 0.8197
25 15 0.8716
49 39 72.0521
35 25 9.5164
85 75 36.3518
98 88 14.598
106 96 0.1573
99 89 6.002
30 20 23.5694
45 35 70.5996
24 14 7.8034
81 71 69.6722
90 80 13.0114
107 97 0.6246
80 70 9.8302
96 86 11.6003
102 92 1.7534
63 53 94.224
87 77 53.3039
73 63 132.7781
65 55 21.4554
90 80 21.8214
55 45 59.6884
82 72 72.637
60 50 205.0207
99 89 7.4212
23 13 9.3464
66 56 10.0391
46 36 117.2733
68 58 72.4823
92 82 4.2482
110 100 0.0
35 25 51.4054
57 47 150.649
75 65 30.6988
67 57 10.5137
46 36 6.4549
51 41 127.9018
32 22 43.8818
55 45 198.038
108 98 0.3027
59 49 177.9792
35 25 25.5577
35 25 25.7565
23 13 10.6114
75 65 33.4328
49 39 117.6334
27 17 30.6568
66 56 0.1637
46 36 7.5531
27 17 15.4837
39 29 76.3035
31 21 36.9453
99 89 8.1575
35 25 10.4019
109 99 0.0606
103 93 0.2435
16 6 3.5752
100 90 4.423
40 30 80.3008
70 60 110.6734
104 94 3.805
58 48 133.0251
95 85 7.6153
47 37 69.6867
12 2 0.3838
61 51 168.777
87 77 25.9625
105 95 2.5666
72 62 137.585
28 18 19.1705
18 8 0.6979
44 34 116.016
19 9 0.4903
19 9 2.3342
68 58 26.5581
33 23 13.0186
46 36 62.4723
102 92 2.0157
24 14 15.9618
23 13 5.4669
42 32 42.6989
94 84 17.4343
71 61 88.5968
71 61 60.1864
77 67 8.8114
24 14 13.3373
106 96 0.2431
91 81 17.9529
52 42 118.685
64 54 111.3835
19 9 1.0079
83 73 24.0494
100 90 9.1717
61 51 69.5397
59 49 262.9982
100 90 7.0687
34 24 20.4161
45 35 114.2241
20 10 11.0994
54 44 41.1946
34 24 15.8143
18 8 1.3087
68 58 105.024
71 61 68.0599
104 94 0.8285
22 12 2.9479
95 85 6.4897
20 10 10.889
38 28 82.7641
100 90 0.92
107 97 0.1353
81 71 91.6271
105 95 0.9513
66 56 38.1698
15 5 1.3088
87 77 49.1393
58 48 28.8497
100 90 4.8921
76 66 116.4298
12 2 0.3121
47 37 152.075
106 96 1.5123
16 6 3.9804
38 28 0.2085
43 33 99.5624
95 85 9.9737
35 25 21.9782
33 23 17.3404
39 29 23.632
64 54 127.012
11 1 0.042
86 76 44.5431
74 64 0.7901
93 83 1.8507
17 7 0.0246
76 66 118.139
49 39 36.1046
104 94 2.254
72 62 22.0933
43 33 84.1327
39 29 70.6482
67 57 75.1214
41 31 103.0969
54 44 103.0493
27 17 23.5611
87 77 19.8248
63 53 168.2537
99 89 5.326
71 61 91.1715
52 42 152.6611
34 24 38.1473
43 33 41.0437
82 72 50.4882
13 3 0.3813
109 99 0.087
47 37 146.1153
82 72 38.7918
19 9 8.6615
94 84 16.4412
50 40 169.867
35 25 59.9107
12 2 0.1683
106 96 0.9341
57 47 201.2535
50 40 119.5167
46 36 36.7954
55 45 1.7054
14 4 0.267
98 88 12.6791
39 29 52.4107
57 47 5.8723
58 48 244.6025
110 100 0.0
63 53 234.0392
66 56 155.2759
70 60 147.5918
18 8 3.9169
50 40 42.5375
86 76 7.9759
37 27 28.2525
69 59 124.0114
20 10 3.4494
99 89 4.9938
38 28 43.962
48 38 11.2883
17 7 0.799
20 10 0.0878
14 4 0.4119
35 25 51.9497
47 37 48.3747
18 8 6.3205
46 36 57.0145
78 68 1.5531
63 53 72.5467
38 28 16.8196
80 70 26.0437
46 36 79.8971
59 49 233.4089
22 12 7.1152
56 46 99.3008
61 51 130.0273
13 3 0.7978
62 52 96.378
109 99 0.0256
49 39 109.3503
45 35 111.4881
11 1 0.07
88 78 20.4583
85 75 8.5906
22 12 5.8463
63 53 36.5643
13 3 0.725
63 53 125.2354
88 78 8.1944
61 51 28.7575
43 33 114.2639
89 79 2.1398
54 44 184.8839
35 25 11.4888
47 37 142.463
48 38 69.5592
75 65 82.5676
96 86 10.7303
96 86 13.2401
67 57 10.7902
84 74 51.3785
100 90 7.945
68 58 104.9683
86 76 24.9481
15 5 0.989
62 52 123.6152
106 96 1.6218
45 35 41.8578
42 32 24.2577
36 26 29.1513
100 90 7.9804
85 75 55.8242
97 87 10.6996
34 24 10.3469
52 42 168.0783
48 38 65.8033
78 68 0.1927
54 44 199.7344
29 19 21.2006
33 23 23.3584
49 39 145.5749
33 23 19.1459
26 16 6.2551
18 8 6.4964
39 29 85.1402
88 78 1.6893
101 91 7.0511
17 7 5.3564
11 1 0.055
87 77 50.0253
71 61 79.9258
104 94 1.9527
42 32 105.6815
71 61 142.0072
97 87 10.1184
65 55 153.6369
85 75 31.2188
39 29 47.0285
96 86 21.5186
69 59 37.5185
37 27 1.9389
72 62 66.9401
104 94 2.8743
61 51 77.688
52 42 13.0892
103 93 0.6355
96 86 19.8686
41 31 18.016
12 2 0.1079
17 7 5.2526
77 67 8.4022
48 38 1.6646
35 25 36.5548
78 68 105.2704
73 63 111.0861
93 83 19.8198
45 35 88.6339
82 72 63.4743
76 66 113.5863
87 77 53.915
108 98 0.1229
26 16 2.1979
30 20 28.7622
12 2 0.1286
87 77 56.1128
93 83 8.7253
90 80 25.0111
102 92 5.8225
102 92 6.3011
105 95 1.0631
42 32 58.4584
25 15 19.5746
98 88 13.1107
24 14 9.0683
67 57 2.8279
21 11 5.409
52 42 35.5734
14 4 1.7723
52 42 142.2216
85 75 55.697
28 18 30.0648
34 24 54.8096
72 62 65.5513
23 13 14.2542
53 43 25.1786
87 77 1.7671
88 78 50.8867
25 15 17.8078
42 32 62.9529
92 82 31.5683
96 86 14.4666
68 58 102.9545
77 67 64.7213
21 11 8.2278
34 24 33.1631
59 49 36.3186
86 76 21.8728
99 89 12.2589
58 48 138.0098
43 33 9.3981
14 4 0.3327
69 59 63.5994
98 88 3.8763
17 7 1.7992
101 91 8.6569
37 27 30.6136
86 76 19.9142
95 85 12.0222
29 19 7.2944
88 78 20.535
37 27 50.2254
49 39 134.269
103 93 2.0124
75 65 10.1179
54 44 33.2305
76 66 99.163
102 92 0.0369
32 22 21.6619
20 10 7.7882
63 53 121.11
26 16 19.9144
68 58 144.8438
72 62 103.6054
96 86 21.7092
71 61 90.1763
66 56 202.9937
87 77 48.0167
67 57 121.7198
71 61 56.4585
31 21 29.8125
97 87 3.8247
36 26 64.547
61 51 118.2455
94 84 3.0421
71 61 6.0071
20 10 9.1767
60 50 11.2972
36 26 9.7495
54 44 169.291
107 97 0.8701
82 72 76.0743
32 22 2.0687
93 83 26.7563
64 54 8.084
65 55 120.2359
44 34 101.0026
22 12 12.0792
25 15 11.3032
13 3 0.6809
96 86 12.0369
14 4 1.0494
69 59 81.2152
46 36 69.9216
70 60 104.0697
30 20 2.2097
71 61 54.7378
41 31 47.9596
23 13 9.6084
82 72 13.2458
92 82 26.7152
22 12 4.8406
35 25 43.691
94 84 9.8288
12 2 0.1821
65 55 156.4046
71 61 151.1352
109 99 0.0962
60 50 62.9851
83 73 78.1509
61 51 46.3407
61 51 12.0858
12 2 0.1288
79 69 51.3738
50 40 18.186
44 34 126.5541
16 6 2.0725
29 19 5.9276
110 100 0.0
12 2 0.1985
26 16 25.7654
110 100 0.0
65 55 48.9129
99 89 11.5342
89 79 17.6251
85 75 32.0975
65 55 222.3689
20 10 7.9022
55 45 167.0407
104 94 0.104
73 63 121.8017
93 83 6.8608
103 93 3.3622
52 42 174.9174
36 26 41.8085
101 91 6.4251
15 5 2.2966
24 14 3.4032
105 95 0.7725
79 69 56.6623
58 48 215.1135
65 55 158.0853
66 56 52.4602
51 41 163.5346
110 100 0.0
13 3 0.8086
80 70 52.3397
53 43 28.8083
32 22 6.9205
20 10 4.1781
47 37 87.0033
86 76 1.4103
18 8 6.1742
77 67 63.8951
99 89 11.7334
61 51 121.7987
98 88 15.1604
60 50 24.5256
11 1 0.0094
98 88 7.9913
77 67 14.8077
103 93 4.3811
105 95 0.0085
106 96 1.2762
87 77 11.7524
33 23 57.1908
15 5 0.8111
108 98 0.1356
48 38 52.7686
101 91 1.7838
81 71 3.7163
38 28 22.3705
23 13 1.5272
109 99 0.1002
85 75 55.6978
79 69 16.5816
41 31 8.689
29 19 37.3945
16 6 3.1492
26 16 27.6275
87 77 23.4897
81 71 48.6644
104 94 0.3185
33 23 22.2242
47 37 17.525
45 35 24.2039
90 80 2.6218
15 5 0.0428
64 54 51.4341
45 35 104.2403
81 71 82.7876
27 17 8.255
29 19 9.6869
53 43 18.0602
26 16 3.9992
101 91 6.809
74 64 41.616
105 95 0.8981
23 13 14.2576
18 8 3.2965
73 63 71.2962
11 1 0.0188
89 79 15.765
24 14 2.3703
98 88 6.1322
81 71 44.555
89 79 18.1665
103 93 3.4111
60 50 92.6142
110 100 0.0
30 20 40.6985
60 50 178.866
45 35 39.3741
102 92 4.4239
51 41 149.7696
16 6 1.3282
107 97 0.031
66 56 134.8551
46 36 27.2292
52 42 131.1984
49 39 23.8016
54 44 6.2769
74 64 109.7631
98 88 1.0457
27 17 10.357
86 76 11.1667
18 8 0.0058
94 84 27.8924
96 86 4.8086
25 15 5.4553
98 88 3.6519
93 83 14.2392
110 100 0.0
15 5 1.4803
50 40 99.7258
65 55 201.7351
53 43 125.5722
77 67 96.6773
95 85 21.4272
15 5 2.6192
29 19 22.5839
72 62 132.0374
57 47 47.0224
36 26 67.6895
26 16 15.371
58 48 227.0408
24 14 9.2949
15 5 2.4494
110 100 0.0
56 46 200.191
56 46 77.9765
60 50 95.3104
42 32 33.634
55 45 20.0373
32 22 38.1349
109 99 0.0114
49 39 50.8128
90 80 42.1625
79 69 31.6909
89 79 27.044
44 34 107.2297
52 42 101.7989
76 66 13.6184
97 87 5.3238
28 18 33.3008
41 31 2.7776
47 37 76.9972
51 41 119.0379
20 10 10.3514
37 27 40.7439
59 49 203.4046
109 99 0.0637
102 92 4.685
32 22 23.3232
25 15 11.4332
53 43 151.469
35 25 61.4881
15 5 0.8448
53 43 151.2438
76 66 65.0288
29 19 6.0967
100 90 9.5777
102 92 2.5183
24 14 11.2105
68 58 110.9698
96 86 20.9013
45 35 101.8013
62 52 141.14
48 38 131.3966
22 12 13.1209
58 48 153.2226
73 63 114.6471
85 75 49.6744
51 41 181.886
84 74 65.3108
30 20 11.8429
65 55 222.3821
13 3 0.5012
109 99 0.0333
109 99 0.0959
36 26 35.6025
59 49 147.8492
16 6 1.3353
44 34 104.7156
83 73 68.3861
92 82 2.1598
47 37 151.09
62 52 80.4173
87 77 27.6906
68 58 58.5907
56 46 38.8446
66 56 30.476
97 87 3.275
70 60 105.9375
28 18 4.9474
40 30 40.2219
14 4 1.1453
109 99 0.0089
91 81 28.1277
63 53 67.4317
92 82 21.0135
50 40 174.2529
25 15 23.9715
26 16 24.3859
64 54 54.3499
98 88 7.8904
55 45 193.4321
106 96 0.6931
65 55 145.5182
35 25 37.9545
42 32 88.2855
63 53 62.781
43 33 4.6292
90 80 41.9461
54 44 55.7972
64 54 75.4665
81 71 91.683
36 26 60.2965
79 69 57.3478
45 35 23.5008
109 99 0.0724
43 33 105.7672
12 2 0.2729
33 23 25.9881
66 56 140.7118
32 22 21.9747
45 35 35.7999
85 75 15.6851
44 34 30.8409
47 37 22.8002
20 10 0.2852
73 63 123.2028
18 8 5.9718
50 40 155.3343
89 79 26.0112
105 95 1.4012
30 20 30.4938
109 99 0.0148
70 60 153.8288
71 61 103.4277
46 36 15.9239
48 38 123.0879
105 95 1.6575
16 6 2.3801
51 41 127.2136
