100 2522 4.3589
108 98 0.1049
96 86 12.8766
74 64 37.1037
93 83 0.5283
89 79 29.1225
108 98 0.2277
96 86 7.8425
49 39 65.8197
42 32 0.4757
35 25 43.0338
45 35 49.7608
45 35 11.0973
34 24 35.528
42 32 73.0652
105 95 0.1765
31 21 2.7703
58 48 43.8032
105 95 0.9835
107 97 0.7397
17 7 2.4995
77 67 63.9668
29 19 24.1496
93 83 7.3447
24 14 3.171
41 31 4.0977
103 93 4.9874
84 74 46.6447
15 5 1.3069
39 29 16.093
110 100 0.0
14 4 0.7464
58 48 20.0902
75 65 116.6747
17 7 4.0192
26 16 12.7187
74 64 70.4807
98 88 8.478
33 23 58.2206
84 74 23.9932
48 38 99.905
109 99 0.0209
43 33 105.5218
23 13 18.6255
13 3 0.1476
67 57 15.7553
88 78 12.6559
85 75 18.2128
28 18 22.3088
66 56 58.7596
72 62 69.9465
28 18 12.6884
56 46 78.7933
104 94 3.0952
23 13 2.9157
55 45 182.6942
84 74 70.8531
61 51 66.2172
86 76 30.8405
87 77 20.9386
25 15 11.1991
79 69 68.1109
36 26 30.0651
100 90 10.3919
24 14 3.859
27 17 10.0927
93 83 6.9633
32 22 4.7283
57 47 127.4251
56 46 185.0383
94 84 17.9706
94 84 7.7631
104 94 0.5749
48 38 87.2503
47 37 101.4021
35 25 3.3189
83 73 56.6378
76 66 67.7175
20 10 3.7503
18 8 4.5318
31 21 48.7012
92 82 23.9422
106 96 0.7651
54 44 126.8146
61 51 221.0522
90 80 16.7148
26 16 11.8229
52 42 59.4578
55 45 181.2427
64 54 52.1143
55 45 109.9095
84 74 55.1131
55 45 74.6133
39 29 49.4914
15 5 2.5628
108 98 0.4178
16 6 0.6597
88 78 3.5048
36 26 48.9199
39 29 57.8012
32 22 10.1598
