400 9951 4.3589
14 14 1.96
14 14 1.96
62 62 38.44
18 18 3.24
39 39 15.21
2 2 0.04
73 73 53.29
51 51 26.01
52 52 27.04
37 37 13.69
90 90 81.0
51 51 26.01
2 2 0.04
15 15 2.25
73 73 53.29
32 32 10.24
6 6 0.36
1 1 0.01
37 37 13.69
16 16 2.56
69 69 47.61
87 87 75.69
50 50 25.0
82 82 67.24
82 82 67.24
61 61 37.21
45 45 20.25
18 18 3.24
90 90 81.0
75 75 56.25
66 66 43.56
65 65 42.25
44 44 19.36
81 81 65.61
58 58 33.64
66 66 43.56
22 22 4.84
38 38 14.44
76 76 57.76
35 35 12.25
91 91 82.81
12 12 1.44
65 65 42.25
1 1 0.01
30 30 9.0
8 8 0.64
72 72 51.84
67 67 44.89
78 78 60.84
91 91 82.81
91 91 82.81
77 77 59.29
33 33 10.89
34 34 11.56
44 44 19.36
81 81 65.61
11 11 1.21
17 17 2.89
2 2 0.04
92 92 84.64
49 49 24.01
91 91 82.81
40 40 16.0
21 21 4.41
58 58 33.64
29 29 8.41
38 38 14.44
59 59 34.81
12 12 1.44
37 37 13.69
73 73 53.29
12 12 1.44
93 93 86.49
31 31 9.61
22 22 4.84
12 12 1.44
78 78 60.84
28 28 7.84
66 66 43.56
19 19 3.61
12 12 1.44
42 42 17.64
69 69 47.61
9 9 0.81
34 34 11.56
15 15 2.25
86 86 73.96
17 17 2.89
77 77 59.29
99 99 98.01
72 72 51.84
67 67 44.89
52 52 27.04
55 55 30.25
12 12 1.44
3 3 0.09
63 63 39.69
10 10 1.0
33 33 10.89
49 49 24.01
40 40 16.0
60 60 36.0
12 12 1.44
59 59 34.81
73 73 53.29
47 47 22.09
89 89 79.21
62 62 38.44
14 14 1.96
27 27 7.29
42 42 17.64
76 76 57.76
36 36 12.96
58 58 33.64
57 57 32.49
39 39 15.21
61 61 37.21
24 24 5.76
63 63 39.69
60 60 36.0
95 95 90.25
92 92 84.64
56 56 31.36
92 92 84.64
34 34 11.56
93 93 86.49
87 87 75.69
13 13 1.69
43 43 18.49
59 59 34.81
98 98 96.04
49 49 24.01
51 51 26.01
14 14 1.96
8 8 0.64
15 15 2.25
15 15 2.25
94 94 88.36
35 35 12.25
23 23 5.29
18 18 3.24
21 21 4.41
44 44 19.36
35 35 12.25
39 39 15.21
81 81 65.61
41 41 16.81
27 27 7.29
91 91 82.81
37 37 13.69
49 49 24.01
66 66 43.56
49 49 24.01
11 11 1.21
17 17 2.89
95 95 90.25
42 42 17.64
66 66 43.56
22 22 4.84
15 15 2.25
43 43 18.49
60 60 36.0
85 85 72.25
2 2 0.04
24 24 5.76
83 83 68.89
17 17 2.89
66 66 43.56
35 35 12.25
31 31 9.61
51 51 26.01
57 57 32.49
17 17 2.89
75 75 56.25
66 66 43.56
33 33 10.89
41 41 16.81
2 2 0.04
27 27 7.29
66 66 43.56
11 11 1.21
82 82 67.24
16 16 2.56
19 19 3.61
87 87 75.69
5 5 0.25
80 80 64.0
14 14 1.96
86 86 73.96
70 70 49.0
74 74 54.76
24 24 5.76
34 34 11.56
90 90 81.0
93 93 86.49
96 96 92.16
9 9 0.81
70 70 49.0
21 21 4.41
29 29 8.41
87 87 75.69
60 60 36.0
69 69 47.61
34 34 11.56
93 93 86.49
38 38 14.44
49 49 24.01
96 96 92.16
61 61 37.21
96 96 92.16
58 58 33.64
39 39 15.21
90 90 81.0
90 90 81.0
70 70 49.0
99 99 98.01
15 15 2.25
74 74 54.76
94 94 88.36
89 89 79.21
64 64 40.96
78 78 60.84
3 3 0.09
60 60 36.0
86 86 73.96
85 85 72.25
64 64 40.96
17 17 2.89
24 24 5.76
66 66 43.56
100 100 100.0
9 9 0.81
26 26 6.76
18 18 3.24
93 93 86.49
24 24 5.76
93 93 86.49
99 99 98.01
21 21 4.41
70 70 49.0
91 91 82.81
9 9 0.81
75 75 56.25
43 43 18.49
73 73 53.29
50 50 25.0
25 25 6.25
80 80 64.0
37 37 13.69
36 36 12.96
45 45 20.25
14 14 1.96
27 27 7.29
100 100 100.0
62 62 38.44
85 85 72.25
16 16 2.56
33 33 10.89
98 98 96.04
34 34 11.56
29 29 8.41
35 35 12.25
90 90 81.0
77 77 59.29
18 18 3.24
81 81 65.61
37 37 13.69
61 61 37.21
95 95 90.25
73 73 53.29
16 16 2.56
2 2 0.04
31 31 9.61
19 19 3.61
31 31 9.61
19 19 3.61
22 22 4.84
83 83 68.89
62 62 38.44
62 62 38.44
73 73 53.29
98 98 96.04
29 29 8.41
19 19 3.61
92 92 84.64
30 30 9.0
27 27 7.29
26 26 6.76
20 20 4.0
67 67 44.89
93 93 86.49
49 49 24.01
65 65 42.25
89 89 79.21
28 28 7.84
17 17 2.89
37 37 13.69
32 32 10.24
78 78 60.84
58 58 33.64
4 4 0.16
95 95 90.25
14 14 1.96
36 36 12.96
26 26 6.76
36 36 12.96
61 61 37.21
39 39 15.21
2 2 0.04
15 15 2.25
76 76 57.76
9 9 0.81
69 69 47.61
69 69 47.61
63 63 39.69
68 68 46.24
83 83 68.89
6 6 0.36
43 43 18.49
83 83 68.89
7 7 0.49
52 52 27.04
57 57 32.49
32 32 10.24
2 2 0.04
82 82 67.24
91 91 82.81
78 78 60.84
16 16 2.56
62 62 38.44
11 11 1.21
54 54 29.16
88 88 77.44
95 95 90.25
92 92 84.64
3 3 0.09
65 65 42.25
88 88 77.44
66 66 43.56
56 56 31.36
26 26 6.76
29 29 8.41
64 64 40.96
26 26 6.76
54 54 29.16
26 26 6.76
38 38 14.44
88 88 77.44
88 88 77.44
87 87 75.69
16 16 2.56
80 80 64.0
29 29 8.41
16 16 2.56
58 58 33.64
57 57 32.49
62 62 38.44
61 61 37.21
79 79 62.41
3 3 0.09
97 97 94.09
53 53 28.09
20 20 4.0
4 4 0.16
94 94 88.36
25 25 6.25
6 6 0.36
23 23 5.29
37 37 13.69
90 90 81.0
78 78 60.84
40 40 16.0
21 21 4.41
83 83 68.89
59 59 34.81
37 37 13.69
88 88 77.44
83 83 68.89
40 40 16.0
35 35 12.25
31 31 9.61
51 51 26.01
36 36 12.96
46 46 21.16
80 80 64.0
87 87 75.69
57 57 32.49
12 12 1.44
3 3 0.09
86 86 73.96
24 24 5.76
10 10 1.0
39 39 15.21
3 3 0.09
49 49 24.01
69 69 47.61
88 88 77.44
44 44 19.36
55 55 30.25
76 76 57.76
