400 9794 4.3589
21 11 0.7194
25 15 0.833
93 83 21.1683
59 49 20.7982
52 42 15.4779
40 30 6.8927
95 85 19.5072
27 17 1.6484
45 35 3.3757
105 95 51.9668
26 16 0.7651
77 67 16.2135
41 31 3.6941
35 25 2.9591
33 23 1.783
109 99 31.1487
73 63 33.4871
102 92 56.0597
40 30 7.7251
39 29 5.2615
81 71 24.8203
75 65 14.9978
12 2 0.0112
33 23 1.9932
36 26 5.7763
83 73 47.9182
62 52 16.5267
78 68 12.8967
97 87 74.5494
85 75 25.0801
28 18 2.3363
74 64 24.3572
103 93 78.9965
14 4 0.1286
38 28 3.275
94 84 58.3665
62 52 20.5771
27 17 1.6261
44 34 8.0157
74 64 20.8438
15 5 0.1076
78 68 22.8962
94 84 42.6487
93 83 19.3081
23 13 1.4159
76 66 39.8818
79 69 38.4053
24 14 0.6213
46 36 4.4268
87 77 36.1441
55 45 14.8525
42 32 6.5618
20 10 0.5918
39 29 5.3666
55 45 7.6082
16 6 0.3271
48 38 8.1459
89 79 39.0175
54 44 12.9125
65 55 19.8782
59 49 16.224
16 6 0.1998
87 77 49.8535
71 61 22.7424
31 21 3.6841
47 37 5.3463
36 26 4.6118
43 33 4.01
76 66 12.4263
88 78 39.1526
59 49 8.6371
20 10 0.7562
90 80 26.4474
56 46 11.9011
85 75 48.6771
83 73 42.211
63 53 7.2409
67 57 15.846
87 77 15.5891
45 35 10.1468
85 75 28.1876
24 14 1.3241
42 32 4.028
51 41 12.0021
70 60 30.6606
109 99 72.7507
91 81 35.8011
109 99 35.0594
68 58 24.4066
79 69 42.2591
17 7 0.3755
66 56 24.7407
42 32 9.9805
58 48 21.3842
108 98 32.8444
75 65 40.503
26 16 1.4494
64 54 27.2829
87 77 18.4024
35 25 2.428
24 14 1.708
41 31 4.851
85 75 17.8929
55 45 13.9629
70 60 26.1141
16 6 0.184
68 58 13.5689
66 56 20.5789
106 96 23.3879
70 60 10.3536
95 85 59.1423
100 90 73.0854
29 19 0.9771
71 61 22.8159
30 20 1.3649
26 16 2.0329
72 62 13.5571
35 25 4.4167
106 96 71.8205
29 19 2.7536
34 24 5.5047
44 34 10.8748
76 66 14.5207
81 71 24.8114
52 42 10.1162
42 32 6.1217
56 46 20.1718
30 20 1.2862
76 66 15.3703
48 38 4.2861
60 50 18.1093
107 97 39.6598
41 31 6.4979
85 75 33.3853
79 69 37.707
30 20 3.2754
102 92 74.4286
16 6 0.2929
73 63 15.2225
29 19 2.0312
39 29 6.5756
58 48 18.8087
84 74 28.0127
26 16 1.4285
19 9 0.4955
42 32 3.6214
34 24 3.4062
71 61 10.6779
20 10 0.2648
72 62 37.009
81 71 28.2163
71 61 10.2458
108 98 61.9117
46 36 3.3106
40 30 6.5306
107 97 57.8984
88 78 52.7715
103 93 45.9318
36 26 2.9467
108 98 67.0302
108 98 31.7329
89 79 40.1918
86 76 46.2931
15 5 0.2216
27 17 0.9718
68 58 16.6268
42 32 5.8332
32 22 3.6237
92 82 66.6983
15 5 0.0886
66 56 16.3054
13 3 0.0426
84 74 15.2443
82 72 35.3977
77 67 41.2164
23 13 0.8123
76 66 29.4491
32 22 1.7421
54 44 14.8942
47 37 4.3589
18 8 0.5522
94 84 31.8999
56 46 18.9739
71 61 13.6294
52 42 6.2675
86 76 49.7575
58 48 10.9098
88 78 59.9169
92 82 64.4857
106 96 47.9182
11 1 0.0048
65 55 9.7856
52 42 8.4943
97 87 37.6714
71 61 27.6623
80 70 34.8478
106 96 45.7301
60 50 18.5942
41 31 3.6542
76 66 19.8337
104 94 47.65
25 15 0.6571
97 87 28.7468
92 82 48.8825
14 4 0.0978
51 41 13.8816
21 11 0.4713
60 50 6.6641
57 47 6.6003
46 36 3.745
39 29 7.7713
45 35 10.1232
96 86 40.3759
60 50 24.553
21 11 0.6277
29 19 1.3884
84 74 40.5807
38 28 2.7041
38 28 6.5998
37 27 5.7212
110 100 77.7448
64 54 8.0129
39 29 6.6497
49 39 4.508
87 77 25.0991
64 54 23.9649
70 60 24.5134
102 92 79.105
17 7 0.2709
52 42 14.5268
12 2 0.0229
82 72 25.4329
45 35 9.3135
28 18 2.2171
51 41 6.0339
29 19 3.5149
87 77 28.824
30 20 1.7572
39 29 3.7045
33 23 4.2325
108 98 27.4681
103 93 64.685
22 12 0.6341
41 31 6.4724
28 18 3.2055
11 1 0.0085
103 93 42.5482
65 55 10.4497
71 61 24.8662
27 17 1.2365
104 94 44.7641
68 58 19.5682
94 84 23.1525
82 72 18.3981
103 93 22.4828
30 20 1.7814
85 75 43.8032
26 16 2.1313
51 41 8.3198
33 23 3.4077
12 2 0.0296
56 46 7.6624
107 97 30.6462
80 70 22.5635
72 62 10.141
51 41 5.2974
68 58 26.0845
79 69 12.9773
32 22 3.3713
79 69 12.1571
59 49 9.6466
19 9 0.296
45 35 10.9852
58 48 19.9416
59 49 15.3703
33 23 3.6123
69 59 23.8652
56 46 11.8846
19 9 0.6553
22 12 0.9281
39 29 2.2389
30 20 2.9656
46 36 5.9629
36 26 2.4408
109 99 66.416
64 54 9.2398
13 3 0.0588
109 99 60.0238
29 19 0.9454
41 31 8.9216
24 14 1.0822
25 15 1.617
75 65 27.0504
101 91 47.7605
59 49 12.3033
88 78 29.4871
12 2 0.0367
68 58 19.6586
13 3 0.0762
27 17 1.0058
86 76 48.1594
85 75 51.8227
85 75 32.4786
29 19 1.5773
14 4 0.0613
77 67 20.7462
27 17 2.1559
97 87 39.6812
27 17 1.0276
29 19 1.4889
59 49 10.4071
56 46 8.2582
103 93 36.0192
102 92 38.1763
85 75 20.0525
107 97 61.4468
102 92 34.1851
22 12 1.2272
13 3 0.0391
33 23 3.3838
43 33 3.9038
76 66 36.8182
48 38 7.4676
52 42 6.3559
17 7 0.1281
87 77 56.4316
37 27 2.8301
45 35 4.4239
62 52 13.8987
46 36 10.1965
32 22 3.4236
100 90 74.8312
32 22 1.2197
89 79 17.7426
80 70 30.8403
66 56 17.8194
24 14 1.9105
96 86 32.3022
42 32 4.2087
74 64 15.1882
94 84 44.6652
88 78 37.4152
99 89 26.1949
26 16 1.2566
69 59 26.1131
87 77 17.3056
67 57 9.9011
60 50 6.5285
105 95 67.7329
43 33 9.7513
67 57 15.8229
33 23 2.4983
19 9 0.2068
74 64 37.1417
41 31 4.061
45 35 6.5061
74 64 17.7831
51 41 5.5216
72 62 26.6834
65 55 8.4135
47 37 9.8514
39 29 6.248
77 67 41.7406
52 42 7.1156
62 52 14.1331
100 90 49.1471
50 40 12.7842
21 11 1.0795
100 90 25.7506
85 75 34.7829
47 37 5.5734
11 1 0.0035
59 49 18.5606
25 15 1.1141
107 97 29.4556
73 63 11.9115
95 85 22.9048
94 84 20.3906
101 91 33.051
35 25 2.6768
58 48 8.2323
11 1 0.0088
67 57 28.5017
100 90 21.6541
20 10 0.2971
23 13 0.4484
62 52 8.2237
81 71 43.303
96 86 42.1707
29 19 2.2542
32 22 3.8683
82 72 41.9321
21 11 0.8078
93 83 68.1566
81 71 15.0125
90 80 41.0484
32 22 2.904
49 39 11.299
25 15 2.2285
43 33 6.0349
