100 2718 4.3589
107 97 0.0876
103 93 1.6737
103 93 3.5949
107 97 0.6791
58 48 195.586
51 41 138.5703
36 26 25.0349
30 20 0.2393
101 91 1.3027
41 31 2.0333
68 58 48.8253
33 23 26.7014
110 100 0.0
77 67 114.3449
54 44 18.4736
39 29 6.8252
85 75 29.5454
93 83 7.8156
21 11 1.3862
41 31 13.1559
96 86 11.7685
29 19 8.6559
51 41 90.9964
67 57 82.7207
87 77 21.0492
35 25 20.8504
95 85 14.6512
86 76 7.5666
69 59 140.4215
47 37 66.5104
33 23 47.587
76 66 25.147
16 6 2.1446
100 90 10.0475
89 79 17.9664
42 32 38.0639
59 49 95.8351
110 100 0.0
36 26 24.9679
40 30 23.7321
44 34 86.6742
62 52 15.036
101 91 2.3005
109 99 0.0416
79 69 18.6698
94 84 15.0931
72 62 158.2111
36 26 3.6741
70 60 169.564
61 51 26.9879
64 54 135.5474
82 72 29.9405
95 85 6.3755
33 23 38.4741
71 61 20.6437
14 4 0.7593
80 70 87.6642
105 95 1.9903
70 60 166.2251
54 44 175.4394
96 86 7.7375
73 63 151.6764
93 83 28.2637
45 35 90.9977
51 41 38.031
17 7 3.6421
72 62 83.4334
64 54 180.5024
11 1 0.0573
108 98 0.3421
22 12 12.7961
38 28 34.7627
51 41 116.1648
85 75 59.0302
82 72 4.0624
16 6 1.342
69 59 57.5437
95 85 17.7154
87 77 21.9107
48 38 1.9551
94 84 8.5539
18 8 4.4784
109 99 0.0599
68 58 162.9562
14 4 0.8123
19 9 7.0706
82 72 51.5418
49 39 86.9114
38 28 71.4226
103 93 1.3381
72 62 40.9354
69 59 184.5798
106 96 1.6717
29 19 32.9749
78 68 80.0447
42 32 58.0876
79 69 72.5071
38 28 54.5079
69 59 176.9292
20 10 2.7892
