900 22695 9.9499
16 16 2.56
58 58 33.64
96 96 92.16
48 48 23.04
35 35 12.25
19 19 3.61
77 77 59.29
59 59 34.81
25 25 6.25
88 88 77.44
47 47 22.09
97 97 94.09
26 26 6.76
51 51 26.01
100 100 100.0
3 3 0.09
61 61 37.21
73 73 53.29
40 40 16.0
11 11 1.21
70 70 49.0
93 93 86.49
59 59 34.81
12 12 1.44
23 23 5.29
15 15 2.25
45 45 20.25
99 99 98.01
64 64 40.96
54 54 29.16
47 47 22.09
65 65 42.25
90 90 81.0
67 67 44.89
10 10 1.0
31 31 9.61
73 73 53.29
84 84 70.56
7 7 0.49
56 56 31.36
26 26 6.76
86 86 73.96
78 78 60.84
31 31 9.61
28 28 7.84
23 23 5.29
28 28 7.84
69 69 47.61
55 55 30.25
25 25 6.25
56 56 31.36
100 100 100.0
73 73 53.29
22 22 4.84
29 29 8.41
65 65 42.25
39 39 15.21
18 18 3.24
7 7 0.49
29 29 8.41
25 25 6.25
96 96 92.16
10 10 1.0
99 99 98.01
72 72 51.84
23 23 5.29
85 85 72.25
20 20 4.0
64 64 40.96
70 70 49.0
49 49 24.01
40 40 16.0
67 67 44.89
96 96 92.16
68 68 46.24
7 7 0.49
26 26 6.76
43 43 18.49
33 33 10.89
90 90 81.0
83 83 68.89
74 74 54.76
18 18 3.24
81 81 65.61
8 8 0.64
2 2 0.04
7 7 0.49
58 58 33.64
23 23 5.29
78 78 60.84
62 62 38.44
58 58 33.64
87 87 75.69
17 17 2.89
82 82 67.24
18 18 3.24
69 69 47.61
80 80 64.0
13 13 1.69
31 31 9.61
19 19 3.61
23 23 5.29
88 88 77.44
77 77 59.29
56 56 31.36
33 33 10.89
16 16 2.56
1 1 0.01
64 64 40.96
43 43 18.49
40 40 16.0
80 80 64.0
93 93 86.49
25 25 6.25
49 49 24.01
29 29 8.41
6 6 0.36
16 16 2.56
9 9 0.81
48 48 23.04
92 92 84.64
26 26 6.76
43 43 18.49
76 76 57.76
94 94 88.36
87 87 75.69
2 2 0.04
69 69 47.61
4 4 0.16
97 97 94.09
16 16 2.56
2 2 0.04
73 73 53.29
1 1 0.01
12 12 1.44
67 67 44.89
8 8 0.64
98 98 96.04
80 80 64.0
70 70 49.0
57 57 32.49
2 2 0.04
45 45 20.25
73 73 53.29
15 15 2.25
21 21 4.41
64 64 40.96
91 91 82.81
12 12 1.44
94 94 88.36
53 53 28.09
42 42 17.64
76 76 57.76
13 13 1.69
34 34 11.56
100 100 100.0
81 81 65.61
60 60 36.0
69 69 47.61
95 95 90.25
51 51 26.01
47 47 22.09
25 25 6.25
22 22 4.84
89 89 79.21
48 48 23.04
83 83 68.89
39 39 15.21
97 97 94.09
12 12 1.44
8 8 0.64
11 11 1.21
66 66 43.56
37 37 13.69
31 31 9.61
96 96 92.16
64 64 40.96
94 94 88.36
21 21 4.41
2 2 0.04
100 100 100.0
5 5 0.25
24 24 5.76
55 55 30.25
4 4 0.16
71 71 50.41
56 56 31.36
6 6 0.36
40 40 16.0
20 20 4.0
66 66 43.56
93 93 86.49
14 14 1.96
86 86 73.96
82 82 67.24
55 55 30.25
40 40 16.0
38 38 14.44
12 12 1.44
88 88 77.44
55 55 30.25
31 31 9.61
76 76 57.76
53 53 28.09
17 17 2.89
39 39 15.21
27 27 7.29
53 53 28.09
85 85 72.25
98 98 96.04
24 24 5.76
77 77 59.29
69 69 47.61
26 26 6.76
4 4 0.16
24 24 5.76
71 71 50.41
30 30 9.0
76 76 57.76
51 51 26.01
38 38 14.44
93 93 86.49
22 22 4.84
30 30 9.0
70 70 49.0
100 100 100.0
88 88 77.44
72 72 51.84
14 14 1.96
66 66 43.56
62 62 38.44
28 28 7.84
67 67 44.89
7 7 0.49
19 19 3.61
100 100 100.0
7 7 0.49
50 50 25.0
68 68 46.24
27 27 7.29
83 83 68.89
3 3 0.09
61 61 37.21
63 63 39.69
37 37 13.69
80 80 64.0
86 86 73.96
74 74 54.76
58 58 33.64
61 61 37.21
84 84 70.56
98 98 96.04
87 87 75.69
66 66 43.56
58 58 33.64
26 26 6.76
99 99 98.01
38 38 14.44
20 20 4.0
66 66 43.56
6 6 0.36
13 13 1.69
27 27 7.29
59 59 34.81
26 26 6.76
3 3 0.09
65 65 42.25
41 41 16.81
34 34 11.56
26 26 6.76
17 17 2.89
57 57 32.49
60 60 36.0
35 35 12.25
19 19 3.61
87 87 75.69
32 32 10.24
41 41 16.81
39 39 15.21
79 79 62.41
39 39 15.21
21 21 4.41
7 7 0.49
18 18 3.24
95 95 90.25
81 81 65.61
50 50 25.0
73 73 53.29
55 55 30.25
96 96 92.16
83 83 68.89
60 60 36.0
55 55 30.25
10 10 1.0
47 47 22.09
55 55 30.25
37 37 13.69
83 83 68.89
88 88 77.44
22 22 4.84
74 74 54.76
85 85 72.25
9 9 0.81
82 82 67.24
13 13 1.69
60 60 36.0
44 44 19.36
4 4 0.16
37 37 13.69
5 5 0.25
20 20 4.0
80 80 64.0
50 50 25.0
91 91 82.81
73 73 53.29
78 78 60.84
55 55 30.25
75 75 56.25
73 73 53.29
11 11 1.21
1 1 0.01
47 47 22.09
26 26 6.76
94 94 88.36
44 44 19.36
3 3 0.09
7 7 0.49
2 2 0.04
71 71 50.41
27 27 7.29
63 63 39.69
8 8 0.64
79 79 62.41
100 100 100.0
3 3 0.09
70 70 49.0
6 6 0.36
3 3 0.09
3 3 0.09
78 78 60.84
95 95 90.25
59 59 34.81
42 42 17.64
60 60 36.0
91 91 82.81
75 75 56.25
62 62 38.44
83 83 68.89
55 55 30.25
100 100 100.0
53 53 28.09
91 91 82.81
40 40 16.0
62 62 38.44
55 55 30.25
45 45 20.25
95 95 90.25
1 1 0.01
9 9 0.81
27 27 7.29
75 75 56.25
27 27 7.29
6 6 0.36
7 7 0.49
43 43 18.49
84 84 70.56
58 58 33.64
42 42 17.64
64 64 40.96
35 35 12.25
62 62 38.44
42 42 17.64
34 34 11.56
84 84 70.56
19 19 3.61
34 34 11.56
6 6 0.36
33 33 10.89
17 17 2.89
49 49 24.01
64 64 40.96
75 75 56.25
23 23 5.29
74 74 54.76
16 16 2.56
3 3 0.09
4 4 0.16
72 72 51.84
2 2 0.04
35 35 12.25
95 95 90.25
81 81 65.61
88 88 77.44
64 64 40.96
33 33 10.89
50 50 25.0
60 60 36.0
72 72 51.84
18 18 3.24
79 79 62.41
17 17 2.89
70 70 49.0
47 47 22.09
65 65 42.25
83 83 68.89
80 80 64.0
79 79 62.41
46 46 21.16
58 58 33.64
57 57 32.49
78 78 60.84
70 70 49.0
9 9 0.81
77 77 59.29
95 95 90.25
25 25 6.25
95 95 90.25
25 25 6.25
3 3 0.09
66 66 43.56
75 75 56.25
62 62 38.44
11 11 1.21
53 53 28.09
86 86 73.96
76 76 57.76
49 49 24.01
6 6 0.36
18 18 3.24
77 77 59.29
36 36 12.96
29 29 8.41
8 8 0.64
24 24 5.76
21 21 4.41
36 36 12.96
88 88 77.44
42 42 17.64
63 63 39.69
36 36 12.96
48 48 23.04
6 6 0.36
45 45 20.25
100 100 100.0
64 64 40.96
63 63 39.69
30 30 9.0
23 23 5.29
37 37 13.69
80 80 64.0
78 78 60.84
13 13 1.69
100 100 100.0
29 29 8.41
84 84 70.56
91 91 82.81
14 14 1.96
42 42 17.64
43 43 18.49
51 51 26.01
38 38 14.44
65 65 42.25
89 89 79.21
87 87 75.69
14 14 1.96
63 63 39.69
35 35 12.25
30 30 9.0
79 79 62.41
52 52 27.04
68 68 46.24
42 42 17.64
9 9 0.81
69 69 47.61
77 77 59.29
80 80 64.0
6 6 0.36
39 39 15.21
77 77 59.29
26 26 6.76
4 4 0.16
77 77 59.29
20 20 4.0
54 54 29.16
52 52 27.04
3 3 0.09
8 8 0.64
45 45 20.25
11 11 1.21
75 75 56.25
27 27 7.29
13 13 1.69
84 84 70.56
49 49 24.01
82 82 67.24
40 40 16.0
13 13 1.69
66 66 43.56
28 28 7.84
7 7 0.49
78 78 60.84
16 16 2.56
89 89 79.21
42 42 17.64
24 24 5.76
21 21 4.41
51 51 26.01
4 4 0.16
47 47 22.09
76 76 57.76
31 31 9.61
42 42 17.64
10 10 1.0
32 32 10.24
93 93 86.49
69 69 47.61
2 2 0.04
100 100 100.0
29 29 8.41
73 73 53.29
33 33 10.89
46 46 21.16
92 92 84.64
61 61 37.21
75 75 56.25
96 96 92.16
39 39 15.21
90 90 81.0
8 8 0.64
16 16 2.56
83 83 68.89
6 6 0.36
8 8 0.64
90 90 81.0
46 46 21.16
24 24 5.76
61 61 37.21
47 47 22.09
82 82 67.24
34 34 11.56
11 11 1.21
98 98 96.04
70 70 49.0
8 8 0.64
9 9 0.81
55 55 30.25
12 12 1.44
57 57 32.49
73 73 53.29
19 19 3.61
73 73 53.29
19 19 3.61
90 90 81.0
21 21 4.41
64 64 40.96
44 44 19.36
70 70 49.0
51 51 26.01
47 47 22.09
31 31 9.61
92 92 84.64
89 89 79.21
63 63 39.69
81 81 65.61
42 42 17.64
38 38 14.44
94 94 88.36
12 12 1.44
31 31 9.61
54 54 29.16
43 43 18.49
43 43 18.49
67 67 44.89
27 27 7.29
97 97 94.09
89 89 79.21
83 83 68.89
25 25 6.25
71 71 50.41
73 73 53.29
15 15 2.25
99 99 98.01
94 94 88.36
64 64 40.96
95 95 90.25
95 95 90.25
89 89 79.21
79 79 62.41
70 70 49.0
44 44 19.36
26 26 6.76
65 65 42.25
46 46 21.16
78 78 60.84
72 72 51.84
79 79 62.41
90 90 81.0
41 41 16.81
98 98 96.04
32 32 10.24
27 27 7.29
73 73 53.29
90 90 81.0
95 95 90.25
88 88 77.44
6 6 0.36
66 66 43.56
52 52 27.04
17 17 2.89
46 46 21.16
92 92 84.64
11 11 1.21
66 66 43.56
72 72 51.84
17 17 2.89
22 22 4.84
32 32 10.24
30 30 9.0
2 2 0.04
90 90 81.0
85 85 72.25
93 93 86.49
60 60 36.0
15 15 2.25
54 54 29.16
52 52 27.04
10 10 1.0
92 92 84.64
32 32 10.24
14 14 1.96
89 89 79.21
60 60 36.0
39 39 15.21
32 32 10.24
63 63 39.69
81 81 65.61
40 40 16.0
54 54 29.16
99 99 98.01
55 55 30.25
61 61 37.21
73 73 53.29
3 3 0.09
28 28 7.84
80 80 64.0
97 97 94.09
17 17 2.89
53 53 28.09
26 26 6.76
97 97 94.09
4 4 0.16
53 53 28.09
65 65 42.25
57 57 32.49
45 45 20.25
100 100 100.0
81 81 65.61
10 10 1.0
3 3 0.09
70 70 49.0
68 68 46.24
56 56 31.36
99 99 98.01
52 52 27.04
27 27 7.29
22 22 4.84
50 50 25.0
95 95 90.25
54 54 29.16
98 98 96.04
49 49 24.01
76 76 57.76
11 11 1.21
74 74 54.76
33 33 10.89
86 86 73.96
32 32 10.24
32 32 10.24
33 33 10.89
8 8 0.64
24 24 5.76
73 73 53.29
14 14 1.96
61 61 37.21
57 57 32.49
50 50 25.0
87 87 75.69
9 9 0.81
51 51 26.01
6 6 0.36
39 39 15.21
60 60 36.0
100 100 100.0
97 97 94.09
3 3 0.09
33 33 10.89
7 7 0.49
17 17 2.89
63 63 39.69
90 90 81.0
57 57 32.49
22 22 4.84
96 96 92.16
63 63 39.69
18 18 3.24
70 70 49.0
1 1 0.01
34 34 11.56
37 37 13.69
98 98 96.04
78 78 60.84
86 86 73.96
3 3 0.09
86 86 73.96
51 51 26.01
85 85 72.25
72 72 51.84
67 67 44.89
90 90 81.0
14 14 1.96
27 27 7.29
72 72 51.84
32 32 10.24
83 83 68.89
74 74 54.76
95 95 90.25
38 38 14.44
92 92 84.64
17 17 2.89
71 71 50.41
52 52 27.04
59 59 34.81
74 74 54.76
18 18 3.24
29 29 8.41
44 44 19.36
62 62 38.44
74 74 54.76
20 20 4.0
39 39 15.21
10 10 1.0
6 6 0.36
82 82 67.24
39 39 15.21
95 95 90.25
7 7 0.49
70 70 49.0
93 93 86.49
79 79 62.41
72 72 51.84
11 11 1.21
11 11 1.21
90 90 81.0
24 24 5.76
15 15 2.25
32 32 10.24
16 16 2.56
25 25 6.25
44 44 19.36
8 8 0.64
80 80 64.0
56 56 31.36
100 100 100.0
22 22 4.84
85 85 72.25
30 30 9.0
14 14 1.96
11 11 1.21
72 72 51.84
27 27 7.29
96 96 92.16
32 32 10.24
98 98 96.04
40 40 16.0
24 24 5.76
39 39 15.21
12 12 1.44
88 88 77.44
52 52 27.04
89 89 79.21
81 81 65.61
49 49 24.01
96 96 92.16
95 95 90.25
31 31 9.61
26 26 6.76
78 78 60.84
93 93 86.49
8 8 0.64
11 11 1.21
87 87 75.69
60 60 36.0
45 45 20.25
95 95 90.25
76 76 57.76
38 38 14.44
23 23 5.29
23 23 5.29
36 36 12.96
89 89 79.21
16 16 2.56
74 74 54.76
27 27 7.29
30 30 9.0
92 92 84.64
66 66 43.56
5 5 0.25
70 70 49.0
40 40 16.0
79 79 62.41
35 35 12.25
19 19 3.61
81 81 65.61
36 36 12.96
77 77 59.29
36 36 12.96
60 60 36.0
53 53 28.09
22 22 4.84
88 88 77.44
27 27 7.29
86 86 73.96
25 25 6.25
91 91 82.81
65 65 42.25
89 89 79.21
30 30 9.0
68 68 46.24
71 71 50.41
25 25 6.25
11 11 1.21
23 23 5.29
8 8 0.64
67 67 44.89
16 16 2.56
97 97 94.09
63 63 39.69
39 39 15.21
25 25 6.25
16 16 2.56
24 24 5.76
85 85 72.25
61 61 37.21
44 44 19.36
7 7 0.49
14 14 1.96
28 28 7.84
25 25 6.25
84 84 70.56
9 9 0.81
34 34 11.56
67 67 44.89
50 50 25.0
15 15 2.25
97 97 94.09
37 37 13.69
58 58 33.64
72 72 51.84
9 9 0.81
35 35 12.25
59 59 34.81
4 4 0.16
76 76 57.76
49 49 24.01
21 21 4.41
29 29 8.41
96 96 92.16
35 35 12.25
69 69 47.61
50 50 25.0
66 66 43.56
29 29 8.41
70 70 49.0
63 63 39.69
39 39 15.21
17 17 2.89
75 75 56.25
94 94 88.36
61 61 37.21
65 65 42.25
51 51 26.01
37 37 13.69
69 69 47.61
29 29 8.41
4 4 0.16
55 55 30.25
55 55 30.25
84 84 70.56
37 37 13.69
95 95 90.25
61 61 37.21
84 84 70.56
43 43 18.49
10 10 1.0
16 16 2.56
6 6 0.36
76 76 57.76
77 77 59.29
81 81 65.61
99 99 98.01
