900 22888 4.3589
18 8 93.1611
94 84 48.1789
104 94 46.0417
12 2 98.1526
41 31 74.4596
29 19 83.9826
94 84 30.4307
44 34 69.269
87 77 43.9781
99 89 41.8933
17 7 91.0708
55 45 65.3947
27 17 89.9956
90 80 44.9369
74 64 48.1872
36 26 82.5045
74 64 42.7585
11 1 98.8533
45 35 68.8585
61 51 52.1385
41 31 83.0249
67 57 47.8145
107 97 22.7005
23 13 90.9563
53 43 51.8702
97 87 25.7242
16 6 94.1288
109 99 30.6805
28 18 76.9392
98 88 31.8062
80 70 38.8864
86 76 52.7047
48 38 60.1121
69 59 49.749
61 51 47.0198
68 58 49.6814
33 23 73.613
56 46 56.5369
59 49 66.3492
70 60 63.5161
99 89 32.1636
82 72 52.3322
36 26 76.0244
71 61 56.6858
31 21 81.1837
69 59 52.7265
49 39 58.5103
47 37 67.5865
105 95 46.9239
77 67 54.4024
101 91 29.7647
71 61 40.0866
62 52 40.9728
90 80 19.6284
99 89 22.1511
65 55 68.3053
52 42 50.2128
98 88 52.4929
107 97 41.3385
79 69 64.7928
62 52 64.1633
42 32 68.0163
45 35 78.6929
89 79 37.2869
56 46 53.3893
41 31 75.9565
67 57 49.1177
14 4 97.2768
93 83 36.3814
14 4 97.2097
59 49 48.1136
22 12 92.8698
82 72 64.4038
72 62 54.9659
71 61 58.1284
30 20 82.5499
33 23 77.0182
52 42 60.9867
21 11 89.7245
64 54 38.9101
90 80 17.5251
21 11 91.6749
28 18 77.5721
63 53 56.8667
34 24 77.6901
57 47 43.01
82 72 35.2385
18 8 94.4862
70 60 55.3506
101 91 51.6199
66 56 56.8124
24 14 83.304
27 17 83.5762
80 70 47.3592
81 71 20.9096
11 1 98.6347
85 75 50.427
56 46 48.097
83 73 49.4082
75 65 34.4839
50 40 70.8509
55 45 49.8733
93 83 34.2998
109 99 22.2237
18 8 95.7775
75 65 49.3703
98 88 20.8474
37 27 80.4986
58 48 50.21
90 80 31.3163
80 70 20.6525
70 60 43.5389
107 97 25.7201
76 66 56.3761
24 14 87.4094
39 29 75.892
69 59 37.4434
93 83 31.1833
61 51 71.4177
88 78 61.5817
82 72 33.0349
101 91 23.1765
71 61 60.109
99 89 20.014
19 9 89.5768
69 59 47.417
107 97 10.6922
25 15 91.277
84 74 38.7793
95 85 45.4775
52 42 58.8412
103 93 19.1888
63 53 57.5049
64 54 48.9356
16 6 91.5294
105 95 31.0739
61 51 59.4025
12 2 97.7706
100 90 13.0943
72 62 41.5728
93 83 54.1534
30 20 80.6853
14 4 95.9322
72 62 48.2122
89 79 50.5222
64 54 52.3062
88 78 44.8203
46 36 65.9117
80 70 41.0163
14 4 96.4658
102 92 49.9128
104 94 34.5979
84 74 56.7039
45 35 76.657
47 37 73.0751
99 89 32.7367
32 22 83.3624
15 5 96.4953
78 68 47.9432
51 41 64.0672
81 71 37.9505
25 15 84.5554
33 23 85.0822
79 69 28.7564
97 87 47.5838
110 100 10.8524
86 76 40.9191
75 65 34.8962
87 77 42.875
89 79 37.5022
64 54 45.0577
40 30 70.1792
75 65 48.4959
60 50 56.8335
102 92 48.2455
61 51 43.2675
46 36 68.5998
22 12 88.5293
93 83 52.4915
71 61 60.6452
27 17 85.9514
43 33 59.2315
24 14 85.5921
11 1 99.1399
107 97 30.8314
30 20 81.4578
53 43 66.5611
32 22 81.6909
31 21 81.0684
93 83 54.7496
94 84 47.3826
20 10 93.0318
54 44 74.7533
85 75 38.1331
45 35 68.3813
69 59 47.3578
83 73 38.4338
25 15 89.8969
24 14 80.7033
44 34 76.1518
108 98 41.9282
108 98 28.2981
88 78 31.9304
40 30 78.9112
87 77 55.1098
91 81 44.1866
100 90 14.7425
30 20 83.6987
77 67 46.1924
73 63 34.8324
54 44 67.2498
42 32 68.2078
71 61 49.9269
65 55 59.2761
80 70 57.0886
78 68 51.4075
63 53 48.4667
74 64 48.2052
75 65 47.2161
14 4 95.3025
87 77 42.0085
69 59 46.9979
62 52 67.695
102 92 36.5493
56 46 45.1141
53 43 61.37
31 21 84.7228
31 21 78.3614
47 37 59.4888
69 59 51.194
70 60 35.6182
20 10 91.4414
69 59 65.4077
63 53 60.1307
60 50 67.3811
83 73 40.5387
87 77 35.3858
93 83 35.8765
11 1 98.6089
46 36 67.4156
90 80 34.9257
66 56 49.8733
75 65 42.8344
26 16 80.4017
39 29 74.5909
29 19 83.4775
46 36 56.6271
81 71 47.9016
55 45 69.3772
107 97 40.1474
77 67 62.0109
52 42 65.3478
87 77 53.4142
54 44 58.0339
99 89 52.2599
95 85 41.4826
67 57 50.7542
37 27 69.3306
22 12 88.6102
102 92 30.3116
25 15 87.7032
71 61 44.9034
11 1 99.2295
14 4 94.5717
49 39 61.7812
106 96 29.7767
26 16 85.2446
37 27 81.9405
46 36 71.2235
32 22 80.1652
15 5 95.0079
75 65 61.1884
16 6 93.4142
81 71 38.357
40 30 61.3951
50 40 74.3044
45 35 70.2278
66 56 47.9418
93 83 35.0357
108 98 12.9053
83 73 30.8747
43 33 74.5132
72 62 40.0094
98 88 36.7636
13 3 97.565
81 71 21.0782
38 28 76.1623
97 87 30.0304
70 60 67.4862
83 73 40.0879
44 34 67.4567
99 89 28.3067
12 2 98.3866
106 96 19.9872
64 54 54.7023
50 40 67.158
17 7 91.9125
80 70 57.9091
33 23 73.8775
77 67 48.2344
81 71 42.8567
52 42 47.4873
76 66 37.7021
95 85 33.9155
58 48 44.2385
61 51 40.5451
19 9 93.7411
30 20 80.0953
74 64 37.664
110 100 28.2237
36 26 72.2483
24 14 83.9203
100 90 29.2962
27 17 79.479
43 33 77.2184
76 66 36.7139
79 69 56.5203
45 35 60.4522
91 81 42.7638
110 100 52.9082
36 26 81.2612
42 32 70.7887
30 20 80.6637
87 77 36.054
63 53 56.7205
55 45 63.1135
37 27 66.9239
87 77 31.4104
13 3 97.0343
108 98 26.0692
79 69 44.2571
50 40 78.3314
98 88 24.2103
49 39 69.913
52 42 54.4187
98 88 13.7181
76 66 37.3749
75 65 53.9652
41 31 75.9495
65 55 51.1068
65 55 40.4267
93 83 28.0286
45 35 68.8236
65 55 60.2844
32 22 83.014
101 91 37.4201
52 42 75.1914
79 69 57.1158
40 30 69.7693
63 53 65.0507
105 95 24.0541
25 15 87.0172
30 20 84.605
12 2 98.8195
90 80 19.679
59 49 54.0166
106 96 50.5962
98 88 34.8265
44 34 59.2915
77 67 59.937
93 83 41.7109
65 55 58.4965
88 78 52.8907
45 35 69.624
75 65 62.546
56 46 62.7565
63 53 43.634
46 36 75.2921
38 28 74.046
85 75 45.3346
104 94 37.6345
59 49 59.4765
45 35 67.1236
13 3 96.6643
106 96 30.2599
94 84 39.3844
15 5 94.6204
91 81 20.1799
93 83 30.071
93 83 34.8608
74 64 58.547
87 77 25.6451
92 82 49.3141
70 60 63.247
87 77 52.7991
18 8 92.3271
47 37 61.3371
14 4 96.987
75 65 54.0916
56 46 73.9067
84 74 51.1382
36 26 71.8544
110 100 28.3524
96 86 43.7053
16 6 94.5834
103 93 38.1356
58 48 48.3373
33 23 88.2115
82 72 45.5571
87 77 39.6144
57 47 67.1728
96 86 31.8897
90 80 51.7666
82 72 54.4054
94 84 39.1313
94 84 27.695
41 31 64.846
89 79 55.3744
39 29 78.388
20 10 91.2885
68 58 62.4132
98 88 29.0974
15 5 92.7908
50 40 58.2535
45 35 63.6836
68 58 53.0421
40 30 62.3089
54 44 68.1582
45 35 62.2553
43 33 65.0604
71 61 54.1961
66 56 40.8487
27 17 85.3794
40 30 68.7755
79 69 40.9114
80 70 28.295
74 64 58.4002
91 81 36.1983
38 28 82.2667
101 91 44.6331
44 34 76.1675
26 16 83.3094
97 87 16.856
28 18 84.7504
64 54 41.6748
46 36 70.0669
26 16 84.6253
109 99 20.9297
75 65 29.1827
81 71 54.6579
37 27 66.3133
104 94 37.5291
52 42 57.8771
98 88 52.2021
60 50 65.6505
110 100 25.2004
16 6 94.8072
38 28 77.9301
82 72 33.2468
102 92 37.8557
58 48 59.1761
38 28 73.3644
25 15 82.7991
30 20 82.3683
57 47 53.3265
59 49 41.6167
108 98 22.4193
85 75 35.063
96 86 39.5905
13 3 96.8532
61 51 40.6496
35 25 75.4414
95 85 19.287
78 68 59.705
18 8 94.7235
66 56 56.1181
16 6 92.4732
16 6 92.0103
17 7 91.606
78 68 52.4075
85 75 41.7626
36 26 79.3222
63 53 63.6597
75 65 48.986
95 85 21.8416
81 71 45.4964
79 69 45.6638
102 92 42.2656
86 76 51.6429
55 45 56.0028
55 45 61.0805
94 84 35.8921
98 88 41.8907
39 29 77.8789
11 1 98.8831
72 62 65.9945
80 70 45.2848
69 59 58.9839
13 3 96.6663
65 55 37.9074
95 85 45.2969
16 6 94.8364
62 52 55.6501
16 6 93.8554
36 26 76.1344
62 52 53.6967
30 20 89.3498
42 32 60.9414
11 1 99.1199
38 28 80.6332
70 60 37.4397
63 53 50.545
49 39 54.5825
20 10 88.7289
17 7 93.418
49 39 77.1973
16 6 93.5669
25 15 88.8024
40 30 59.0223
45 35 82.6517
24 14 86.8587
85 75 35.0085
103 93 29.4795
41 31 79.6503
45 35 72.4167
51 41 63.6437
52 42 57.2534
86 76 38.7133
47 37 65.1071
73 63 59.9417
69 59 56.151
61 51 44.293
91 81 20.9444
27 17 87.5422
17 7 92.1043
102 92 38.6921
105 95 34.797
39 29 73.4689
89 79 34.7569
42 32 66.7522
110 100 10.1621
104 94 28.6974
108 98 29.384
16 6 92.8082
43 33 65.1556
95 85 15.768
61 51 62.7438
84 74 24.7297
17 7 93.3736
41 31 71.4718
103 93 37.6615
45 35 73.6336
88 78 37.9949
13 3 96.8886
30 20 84.2265
37 27 72.1718
106 96 43.5296
51 41 70.3854
23 13 91.3554
71 61 39.8439
42 32 58.9947
32 22 87.93
22 12 89.7889
83 73 34.5732
59 49 56.19
28 18 89.3309
36 26 81.0684
16 6 94.5523
34 24 79.6057
106 96 28.5551
88 78 30.9726
16 6 95.4881
45 35 80.339
61 51 49.9708
65 55 64.08
78 68 39.0213
22 12 92.2138
81 71 40.7401
73 63 40.9664
104 94 33.6017
27 17 88.0444
24 14 87.7744
54 44 71.188
50 40 67.7971
79 69 49.6151
106 96 37.0905
41 31 69.5973
70 60 49.1471
86 76 44.0206
80 70 46.1734
38 28 81.1387
34 24 82.0691
107 97 34.2284
61 51 54.8148
109 99 34.8419
77 67 40.2666
37 27 73.5735
90 80 32.5744
64 54 42.3723
38 28 70.513
59 49 67.4829
62 52 40.4992
21 11 88.4484
32 22 81.5337
37 27 70.273
86 76 42.8213
32 22 82.6208
12 2 97.9288
106 96 42.0293
35 25 82.8373
38 28 79.2331
54 44 63.8705
26 16 84.0522
46 36 73.1692
33 23 76.5975
43 33 80.662
41 31 66.8045
100 90 32.6041
79 69 48.3484
55 45 59.8828
32 22 71.0902
25 15 89.2175
106 96 29.2724
83 73 45.7219
92 82 55.3789
74 64 58.6679
81 71 37.8545
82 72 39.4108
101 91 52.4958
39 29 81.7216
24 14 85.2243
88 78 31.9417
57 47 46.0742
32 22 70.082
78 68 57.76
13 3 97.565
44 34 65.5695
29 19 85.5422
20 10 87.8344
90 80 33.3079
64 54 50.1604
57 47 63.4078
30 20 87.0881
101 91 43.7265
106 96 47.1008
30 20 85.2778
82 72 53.7318
21 11 88.0613
81 71 45.1866
105 95 21.5018
89 79 26.7703
38 28 71.531
78 68 48.4778
33 23 77.2272
86 76 28.5028
106 96 30.0074
23 13 87.9263
105 95 18.6201
51 41 77.5703
81 71 46.5984
108 98 45.8045
32 22 80.874
28 18 89.3006
55 45 60.14
83 73 36.1959
42 32 70.6171
101 91 39.4635
36 26 64.9378
95 85 43.2056
28 18 89.9273
68 58 52.4929
68 58 44.3556
67 57 40.7235
38 28 75.0372
35 25 83.4775
89 79 30.4406
107 97 31.4609
49 39 74.2596
68 58 37.0577
58 48 41.0304
98 88 22.9527
44 34 73.9308
52 42 60.4957
48 38 73.4518
105 95 22.8408
27 17 87.6602
51 41 52.3452
104 94 41.8725
20 10 93.0395
44 34 69.3489
14 4 96.8846
12 2 97.2926
26 16 86.5495
103 93 21.3684
68 58 50.6218
109 99 32.1092
22 12 88.3356
33 23 70.6541
87 77 42.5052
14 4 95.9773
21 11 91.4835
34 24 79.3257
27 17 88.1458
93 83 58.2413
25 15 83.9038
107 97 28.7232
94 84 21.2069
71 61 45.8004
39 29 80.5111
18 8 88.3995
107 97 28.3705
108 98 33.8317
61 51 68.4723
25 15 86.8214
100 90 34.1184
78 68 29.5284
80 70 54.92
16 6 93.4683
34 24 72.9453
35 25 71.6884
16 6 94.9202
34 24 82.3738
51 41 68.5567
110 100 22.5017
30 20 72.0631
87 77 48.5084
66 56 49.5166
92 82 32.4148
58 48 65.2832
45 35 67.1072
32 22 76.4156
110 100 28.8466
48 38 72.9401
29 19 86.2985
73 63 49.9835
98 88 37.1149
14 4 96.3892
51 41 69.6757
85 75 23.872
12 2 98.1586
53 43 67.6983
23 13 89.9975
25 15 89.5805
34 24 74.1941
84 74 54.0137
92 82 40.7338
91 81 38.409
55 45 59.5969
45 35 66.8928
48 38 78.7994
54 44 69.8528
109 99 42.2682
17 7 90.8609
83 73 33.0464
40 30 76.9375
84 74 57.3867
27 17 89.0155
12 2 98.1863
12 2 97.8022
16 6 96.7253
100 90 32.1659
85 75 24.932
76 66 33.4396
109 99 44.3982
79 69 39.627
91 81 28.3982
23 13 88.2454
98 88 16.5462
87 77 23.1688
19 9 93.7682
65 55 48.7846
93 83 54.9926
106 96 48.1345
42 32 67.2416
101 91 23.4072
62 52 46.2808
70 60 56.3866
14 4 95.6171
15 5 94.4298
96 86 38.0442
17 7 91.627
86 76 53.8962
85 75 54.0931
26 16 87.4206
89 79 33.6736
29 19 88.5914
93 83 33.361
48 38 67.6227
27 17 82.5045
22 12 91.7515
36 26 85.594
91 81 36.8437
79 69 57.6688
93 83 24.4085
48 38 52.4625
44 34 68.6263
26 16 84.5094
67 57 41.042
76 66 41.2755
93 83 43.9781
25 15 82.6426
15 5 95.9244
21 11 87.062
30 20 83.7554
70 60 58.4567
12 2 97.9961
62 52 49.5827
48 38 69.3772
29 19 80.5417
107 97 36.7854
79 69 51.4591
58 48 59.6756
72 62 44.1574
64 54 57.9045
82 72 31.0182
20 10 94.1928
107 97 30.7104
66 56 65.7478
81 71 56.4031
24 14 85.3037
99 89 42.5991
49 39 59.7823
93 83 30.15
108 98 13.6907
90 80 43.0887
60 50 57.8543
32 22 68.9166
79 69 30.7115
83 73 36.3356
43 33 69.2141
30 20 84.6805
86 76 46.552
90 80 46.4429
60 50 51.8746
88 78 35.4049
67 57 46.4579
59 49 46.1082
60 50 73.4689
41 31 72.4218
75 65 61.8614
89 79 48.9007
25 15 90.5657
88 78 45.145
72 62 46.8089
20 10 92.7465
11 1 99.3889
82 72 26.7723
102 92 20.5617
104 94 38.7581
46 36 75.5596
13 3 97.7053
55 45 58.8458
64 54 59.3516
17 7 91.0612
98 88 31.8243
72 62 59.7266
92 82 32.715
25 15 81.1639
42 32 76.4121
69 59 45.2902
78 68 38.1306
39 29 80.2995
17 7 91.6136
31 21 79.9916
99 89 22.074
12 2 97.7231
67 57 59.421
44 34 63.3377
63 53 44.9181
86 76 37.0406
52 42 70.8307
21 11 91.3362
45 35 80.4214
97 87 47.2739
45 35 63.0214
97 87 18.9121
17 7 93.836
98 88 42.4687
56 46 51.4032
11 1 99.4009
88 78 48.5196
34 24 71.4904
77 67 50.278
34 24 75.4796
60 50 54.0725
69 59 39.5427
15 5 93.9465
101 91 21.8052
71 61 54.4895
50 40 53.8932
38 28 78.7
104 94 39.0163
64 54 52.0317
46 36 77.8347
42 32 76.7166
35 25 70.5902
105 95 25.3472
65 55 66.9844
62 52 39.3694
55 45 53.7568
66 56 58.3757
100 90 33.1327
35 25 75.3233
20 10 88.0857
58 48 64.7092
29 19 85.5588
103 93 32.6784
68 58 47.6804
98 88 28.3482
15 5 95.6993
