100 2464 4.3589
50 40 45.669
30 20 24.3763
79 69 81.1981
26 16 21.1936
22 12 7.0939
90 80 43.9769
15 5 1.3546
110 100 0.0
16 6 0.481
94 84 5.3046
86 76 53.2393
98 88 11.2257
83 73 41.3595
11 1 0.0301
102 92 0.7997
72 62 135.6107
53 43 121.222
101 91 0.9586
64 54 7.1094
31 21 41.0482
82 72 21.6599
102 92 5.7538
17 7 2.6579
108 98 0.2465
101 91 6.0483
32 22 51.1762
80 70 16.3553
72 62 104.347
83 73 57.8235
83 73 63.5986
76 66 125.0903
80 70 30.2654
22 12 5.9131
15 5 2.5983
12 2 0.1324
52 42 41.978
80 70 81.1514
42 32 90.3187
67 57 8.9341
46 36 31.6018
14 4 1.6654
99 89 9.5788
28 18 33.8726
88 78 50.9027
83 73 80.7422
27 17 9.4167
62 52 9.0293
57 47 17.89
97 87 15.8841
44 34 95.5824
13 3 0.5367
39 29 26.821
75 65 3.5467
34 24 20.6114
79 69 31.6823
63 53 241.8861
65 55 108.992
12 2 0.4376
27 17 24.6935
95 85 16.7326
54 44 141.4608
50 40 70.1566
40 30 95.3443
107 97 0.8665
98 88 7.8153
54 44 136.2725
107 97 0.0417
18 8 4.3048
64 54 178.665
58 48 204.3563
101 91 0.81
58 48 148.3143
47 37 134.7369
21 11 10.9124
49 39 142.0909
78 68 28.0086
35 25 33.4917
77 67 53.443
103 93 3.2739
97 87 12.0875
89 79 4.0415
82 72 84.875
34 24 49.6858
30 20 19.3185
24 14 21.1755
15 5 2.1649
19 9 0.8529
82 72 78.7476
81 71 53.0347
11 1 0.0528
58 48 231.358
71 61 110.7691
17 7 0.7583
65 55 121.963
49 39 105.8619
90 80 16.167
91 81 28.6746
30 20 4.4785
73 63 94.7111
16 6 0.7778
