100 2652 4.3589
48 38 138.19
50 40 43.7208
50 40 117.8416
69 59 34.3883
29 19 13.5803
59 49 193.2004
48 38 6.5415
88 78 15.2026
11 1 0.082
110 100 0.0
88 78 14.8343
63 53 242.3032
66 56 54.7228
75 65 19.3916
55 45 161.7521
45 35 24.503
20 10 0.8627
41 31 67.9045
87 77 1.1332
78 68 71.0173
34 24 20.3663
77 67 33.8785
99 89 10.3806
20 10 2.6541
24 14 16.2072
25 15 18.6572
20 10 5.4884
33 23 31.9737
44 34 125.8237
63 53 103.1755
101 91 0.3612
86 76 51.9233
43 33 54.8235
52 42 13.1914
80 70 2.4456
47 37 126.927
62 52 70.5454
93 83 24.0761
47 37 132.9347
75 65 99.0528
76 66 60.2465
87 77 48.6672
54 44 185.0985
28 18 5.5545
68 58 17.0134
29 19 13.8253
89 79 31.6213
26 16 7.9626
53 43 128.8257
97 87 5.1707
58 48 118.1328
76 66 80.6523
67 57 163.9257
54 44 143.0675
38 28 79.1143
37 27 22.9605
59 49 215.3751
107 97 0.0272
106 96 0.6252
47 37 108.629
38 28 54.3875
101 91 7.2134
17 7 2.9555
24 14 3.4902
66 56 12.8371
16 6 0.5862
34 24 63.933
87 77 5.0732
107 97 0.1004
45 35 59.3381
108 98 0.3186
108 98 0.1201
76 66 16.6952
99 89 11.0434
66 56 146.8678
67 57 70.5213
23 13 9.4307
98 88 7.917
90 80 28.3645
35 25 51.1301
34 24 32.8679
33 23 26.3096
88 78 15.5904
105 95 0.8041
29 19 4.0984
104 94 2.5621
86 76 45.7058
98 88 11.006
81 71 28.4142
80 70 3.365
109 99 0.0907
56 46 233.1304
94 84 7.9636
20 10 6.3682
109 99 0.0642
58 48 149.3012
70 60 28.8264
57 47 212.652
47 37 5.0842
81 71 37.719
