100 2459 4.3589
40 30 68.8153
42 32 78.0943
18 8 90.3355
17 7 92.7138
65 55 57.5489
98 88 43.8138
22 12 87.8306
65 55 66.5203
34 24 83.6365
20 10 87.5198
59 49 53.2535
59 49 53.2097
58 48 54.8918
75 65 29.721
55 45 74.1304
26 16 84.8775
52 42 53.7685
95 85 21.4138
19 9 90.638
72 62 40.386
85 75 33.7886
59 49 55.51
30 20 79.3542
54 44 66.6036
82 72 56.5459
79 69 42.8331
63 53 71.2167
107 97 30.1039
97 87 44.8659
17 7 94.4123
105 95 24.4313
16 6 93.6656
52 42 67.5355
77 67 56.5263
67 57 52.6104
73 63 49.9001
13 3 96.3362
47 37 63.3632
51 41 71.3163
64 54 52.0389
30 20 86.1648
55 45 49.532
67 57 33.6029
93 83 36.5082
88 78 27.4754
60 50 59.9432
61 51 55.1039
105 95 33.8934
36 26 75.9024
40 30 77.041
39 29 60.5798
93 83 23.7188
107 97 31.2302
60 50 56.1645
37 27 79.0001
37 27 67.3237
25 15 86.2837
95 85 29.8127
49 39 56.3475
68 58 62.3705
67 57 51.429
37 27 70.565
54 44 66.341
86 76 51.3946
97 87 13.3941
83 73 32.5493
45 35 63.1993
59 49 54.4939
42 32 70.1256
80 70 52.3308
46 36 77.4594
106 96 32.0062
67 57 61.5864
86 76 58.5332
33 23 79.7395
13 3 96.8669
90 80 25.7262
25 15 85.0951
11 1 99.108
90 80 23.3763
20 10 93.7837
78 68 64.6512
28 18 82.3411
50 40 57.6187
52 42 73.3781
62 52 52.9882
83 73 43.8204
71 61 54.2108
101 91 50.572
83 73 38.7008
23 13 85.6291
32 22 73.7022
90 80 50.7713
41 31 71.6038
70 60 38.0331
73 63 40.5158
75 65 56.4647
45 35 76.4313
93 83 43.8125
57 47 73.5564
