400 9862 4.3589
81 71 30.9281
32 22 86.0831
95 85 26.2164
66 56 45.3723
54 44 63.069
78 68 49.3942
56 46 56.9059
31 21 79.9987
103 93 33.8666
60 50 72.0444
92 82 39.5477
63 53 63.3696
82 72 33.435
76 66 63.5273
46 36 75.2834
52 42 67.3663
79 69 41.5574
11 1 99.381
16 6 92.2195
14 4 96.7056
102 92 20.7672
55 45 54.4674
108 98 19.3002
69 59 54.2314
46 36 59.153
20 10 94.5601
88 78 36.5142
91 81 51.5912
90 80 35.7975
105 95 31.7972
32 22 85.2095
54 44 70.1256
38 28 74.3113
49 39 67.7856
31 21 81.7505
50 40 57.596
69 59 39.3694
77 67 27.9037
62 52 40.2083
100 90 28.4985
87 77 29.4339
12 2 97.822
55 45 48.34
26 16 84.1494
19 9 90.8686
98 88 48.828
15 5 94.5465
31 21 81.8772
45 35 73.2907
14 4 95.1171
53 43 64.5934
44 34 75.7439
51 41 71.2792
57 47 74.6755
40 30 74.603
93 83 40.8474
15 5 96.7272
90 80 39.0325
91 81 54.3361
104 94 10.0419
27 17 84.583
17 7 91.2178
74 64 41.636
34 24 67.9883
67 57 63.698
94 84 54.3552
107 97 21.5574
71 61 47.0747
100 90 45.2808
40 30 80.6907
70 60 58.133
102 92 38.7544
109 99 50.9254
79 69 34.1979
87 77 39.5402
71 61 39.0388
66 56 52.0779
22 12 93.3523
46 36 70.7449
88 78 46.1136
98 88 41.6283
25 15 91.2713
86 76 33.7422
88 78 32.5641
54 44 59.4148
21 11 89.5086
37 27 72.2789
65 55 43.9675
81 71 52.1977
53 43 55.1692
106 96 21.8453
17 7 94.8209
79 69 30.5709
62 52 63.282
89 79 21.0442
82 72 44.3489
59 49 61.3966
39 29 70.5365
28 18 86.4565
69 59 58.417
75 65 46.2495
58 48 50.1646
68 58 64.497
61 51 35.994
50 40 65.3155
26 16 84.7946
36 26 82.3992
15 5 94.6515
66 56 53.8521
54 44 51.0339
17 7 92.5944
27 17 82.7554
35 25 71.3332
97 87 16.2377
50 40 66.0855
64 54 62.5982
12 2 97.5828
80 70 48.0734
45 35 58.9271
33 23 80.7877
33 23 86.0683
89 79 26.4772
30 20 81.3604
81 71 36.507
49 39 75.3511
52 42 61.2901
17 7 93.4103
18 8 89.9102
33 23 74.3372
39 29 74.1614
34 24 80.9892
26 16 85.4072
75 65 65.8094
43 33 70.75
101 91 31.1241
44 34 60.9867
100 90 50.2029
45 35 70.7903
16 6 92.972
47 37 68.6213
31 21 78.158
67 57 61.668
66 56 72.9214
60 50 69.6023
49 39 64.1425
24 14 85.8606
104 94 15.6144
38 28 80.6943
75 65 43.4887
58 48 63.9392
71 61 59.3501
75 65 29.3038
37 27 79.2242
46 36 67.5733
108 98 13.1153
104 94 39.9462
74 64 43.9741
98 88 20.3545
90 80 37.9013
20 10 86.5607
36 26 65.2622
62 52 70.5701
78 68 40.6037
30 20 83.7518
35 25 83.7188
102 92 40.7338
97 87 48.4165
104 94 43.2938
84 74 53.4083
40 30 71.6935
63 53 57.7874
80 70 37.2429
41 31 72.3946
41 31 81.2612
39 29 68.216
79 69 31.4766
35 25 77.6725
24 14 86.4193
110 100 26.3939
63 53 69.624
25 15 88.6121
41 31 77.5632
85 75 42.7611
44 34 66.4845
21 11 90.4116
68 58 48.1261
79 69 41.3668
31 21 85.1707
34 24 77.9212
45 35 70.893
79 69 43.9105
80 70 53.2506
73 63 27.9344
35 25 77.3503
51 41 59.1315
54 44 64.0896
101 91 39.451
58 48 46.6475
14 4 96.3205
38 28 72.6995
17 7 95.942
11 1 99.3909
20 10 91.3133
102 92 18.5709
18 8 92.6772
61 51 72.0156
76 66 56.298
11 1 98.9349
53 43 49.6546
81 71 47.2134
13 3 97.123
76 66 50.0217
70 60 55.9295
54 44 54.9882
49 39 73.7091
108 98 31.2582
55 45 76.8024
75 65 35.9436
68 58 65.6246
61 51 68.1648
34 24 80.6188
69 59 38.2542
49 39 69.6157
28 18 84.6418
33 23 82.759
23 13 88.8231
57 47 58.0217
66 56 66.8241
54 44 72.6995
83 73 48.4193
86 76 53.8184
84 74 29.6742
90 80 49.0742
74 64 57.4397
74 64 33.1523
75 65 62.4701
40 30 76.3859
22 12 87.2823
70 60 56.316
106 96 16.3127
64 54 45.1423
29 19 77.6372
70 60 33.3218
94 84 28.569
78 68 53.0013
62 52 56.1421
36 26 78.6734
84 74 48.2914
97 87 48.3734
40 30 66.5269
45 35 65.0039
51 41 66.9353
99 89 42.9077
64 54 52.651
97 87 40.4649
48 38 73.2787
81 71 34.1664
55 45 44.1387
51 41 53.4683
62 52 61.1336
88 78 36.3344
15 5 94.7994
35 25 73.9789
92 82 44.9973
47 37 72.8974
85 75 47.7799
106 96 35.1708
36 26 73.4123
53 43 75.2678
20 10 91.5505
83 73 28.2003
64 54 48.0443
80 70 44.4436
29 19 84.697
40 30 69.2091
58 48 45.5882
25 15 82.4954
97 87 34.9104
104 94 11.802
99 89 33.8712
24 14 91.5543
64 54 55.7158
106 96 34.7746
84 74 54.2992
86 76 24.5154
92 82 33.2237
14 4 96.8315
33 23 81.9659
75 65 49.5546
98 88 20.873
54 44 73.8843
101 91 34.4604
57 47 57.5474
89 79 50.0302
99 89 54.2992
60 50 48.5684
19 9 91.1834
74 64 61.1133
45 35 65.0959
43 33 71.768
41 31 74.6963
19 9 92.7408
80 70 44.1906
91 81 27.5163
81 71 27.5982
83 73 56.7838
100 90 39.4937
104 94 32.1126
68 58 67.0302
94 84 16.5437
34 24 72.5904
71 61 46.4647
86 76 36.8182
48 38 77.12
63 53 52.4886
51 41 49.3296
106 96 40.2781
96 86 55.7083
98 88 26.0529
61 51 50.9339
109 99 46.1802
98 88 33.4338
20 10 90.0316
62 52 58.7553
88 78 45.1893
90 80 29.0456
22 12 83.514
13 3 96.9614
38 28 65.0652
75 65 34.5356
92 82 33.1764
63 53 69.6223
103 93 54.283
22 12 89.4197
48 38 68.079
25 15 84.5793
20 10 89.878
26 16 88.9758
91 81 41.8337
14 4 97.1703
61 51 39.5628
38 28 75.9111
91 81 26.0692
68 58 47.4611
29 19 79.0054
69 59 35.076
109 99 33.1603
62 52 47.1118
110 100 38.2406
91 81 31.2503
45 35 76.8007
87 77 32.3704
31 21 76.6886
74 64 43.178
21 11 89.7984
28 18 80.201
88 78 43.1504
49 39 74.034
15 5 95.1561
70 60 62.4922
21 11 92.866
45 35 67.9718
32 22 87.4506
17 7 90.3907
58 48 58.6266
16 6 93.5302
42 32 66.5676
58 48 61.1946
74 64 58.443
38 28 71.6393
44 34 77.0112
24 14 84.721
72 62 47.1887
109 99 20.7936
67 57 55.4236
19 9 92.9643
22 12 91.7189
22 12 85.7828
108 98 35.3002
50 40 63.4779
59 49 61.9149
12 2 97.8081
96 86 25.6087
78 68 29.511
18 8 91.2235
58 48 58.0111
79 69 49.2271
23 13 91.3936
67 57 52.5422
45 35 61.417
27 17 89.4348
101 91 35.8981
59 49 58.7568
78 68 58.9594
12 2 97.9269
55 45 63.6357
88 78 25.555
57 47 58.5164
35 25 78.9823
27 17 85.3739
