100 2363 9.9499
49 39 4.2181
109 99 71.3603
26 16 0.9452
42 32 4.8057
68 58 25.5641
35 25 5.2601
34 24 3.1357
73 63 28.7779
81 71 47.7053
26 16 2.3679
17 7 0.1908
66 56 8.6807
38 28 6.5972
71 61 33.4396
40 30 3.2873
89 79 29.2497
18 8 0.302
25 15 1.4273
12 2 0.0371
105 95 65.6602
87 77 46.9294
87 77 16.9135
50 40 4.5382
49 39 14.1196
80 70 12.3616
88 78 36.6013
65 55 13.2503
58 48 15.5141
31 21 3.0033
14 4 0.0855
42 32 8.683
96 86 28.5145
42 32 6.091
85 75 55.7292
85 75 43.1978
12 2 0.0114
57 47 12.863
30 20 3.4403
13 3 0.0766
27 17 2.1686
32 22 4.6462
29 19 1.5848
25 15 1.0929
68 58 9.5215
27 17 1.3741
35 25 3.0629
93 83 60.8759
107 97 24.0786
80 70 32.039
84 74 29.635
24 14 1.9477
11 1 0.0041
16 6 0.2875
100 90 50.8797
97 87 24.301
53 43 5.4681
38 28 2.6716
83 73 20.6852
20 10 0.5255
35 25 5.1393
93 83 32.6132
16 6 0.2206
102 92 26.3949
95 85 61.1133
70 60 20.314
29 19 0.9543
72 62 15.4661
30 20 2.8815
103 93 22.2143
71 61 14.097
72 62 10.7047
47 37 9.5401
66 56 17.0379
56 46 6.364
81 71 30.9381
62 52 14.9955
21 11 0.3111
23 13 0.8692
17 7 0.3013
27 17 2.3513
95 85 53.3528
12 2 0.0385
55 45 9.7369
81 71 25.1252
88 78 30.4042
70 60 30.6218
79 69 17.3131
63 53 27.8341
103 93 28.2726
91 81 62.7644
29 19 1.8769
69 59 12.8057
105 95 23.165
60 50 22.1182
100 90 35.3692
79 69 26.6112
46 36 8.8055
100 90 68.018
56 46 7.3062
13 3 0.0264
