900 22417 4.3589
66 56 50.6657
84 74 45.2027
59 49 86.4771
42 32 82.2831
18 8 4.2299
73 63 149.1106
62 52 15.1225
48 38 19.832
42 32 57.6094
41 31 57.1634
32 22 42.3273
29 19 32.9292
106 96 1.3195
71 61 153.853
15 5 0.7865
103 93 4.4146
92 82 27.3228
65 55 182.8351
106 96 0.2831
108 98 0.2623
97 87 17.1008
12 2 0.0155
102 92 5.3769
72 62 70.8368
47 37 38.3434
23 13 11.8755
12 2 0.3551
16 6 0.9452
75 65 134.2177
106 96 1.2833
52 42 108.6033
104 94 1.9368
66 56 201.8244
50 40 42.7681
68 58 58.3569
70 60 120.6169
13 3 0.1577
32 22 19.3788
47 37 132.8147
50 40 16.9424
31 21 21.2973
19 9 6.6877
15 5 2.7691
41 31 76.8065
59 49 109.7608
20 10 5.4934
94 84 24.3478
72 62 26.4842
79 69 0.8518
46 36 57.6024
105 95 2.0318
14 4 1.0034
95 85 7.2163
95 85 0.5362
89 79 0.8142
24 14 8.8503
63 53 90.0173
93 83 8.5913
64 54 81.4101
44 34 54.9873
43 33 21.4608
60 50 120.4409
37 27 30.9637
65 55 55.7319
78 68 88.063
78 68 106.6819
45 35 24.2423
90 80 42.7848
90 80 40.6345
66 56 183.0039
42 32 82.5177
98 88 6.0069
42 32 92.8299
75 65 26.5021
91 81 17.4582
83 73 24.5336
84 74 45.7842
39 29 23.8578
99 89 1.8601
31 21 38.0722
51 41 158.138
89 79 46.49
61 51 171.5366
31 21 33.8144
34 24 26.5233
56 46 152.4856
74 64 28.6662
11 1 0.0776
40 30 0.1886
16 6 2.2076
73 63 86.2028
76 66 85.5159
52 42 133.6202
88 78 49.7465
66 56 62.6349
73 63 58.2267
70 60 165.0463
50 40 54.5993
89 79 13.8181
67 57 117.0126
78 68 69.5982
84 74 67.9055
63 53 90.3973
72 62 155.2999
49 39 76.0316
106 96 0.6012
17 7 0.0708
101 91 4.2684
77 67 92.1385
28 18 6.0899
108 98 0.4168
15 5 2.2916
38 28 41.1106
41 31 91.5039
29 19 27.9687
18 8 1.0278
30 20 26.4672
20 10 9.8509
46 36 123.5953
57 47 136.5825
55 45 30.344
76 66 21.0421
19 9 2.9597
95 85 19.6413
66 56 9.6629
68 58 148.3885
103 93 1.3165
50 40 58.0752
74 64 52.5771
37 27 18.9725
65 55 68.7997
26 16 14.2412
29 19 31.1622
25 15 17.8824
89 79 43.192
40 30 37.6765
98 88 12.8422
20 10 10.1141
31 21 14.1259
69 59 43.8225
74 64 18.2632
68 58 174.7927
59 49 98.7111
11 1 0.0121
58 48 225.6734
35 25 19.0299
48 38 56.7605
23 13 13.004
88 78 1.7703
36 26 4.8181
99 89 9.0951
48 38 103.3286
18 8 6.9374
57 47 98.8593
63 53 114.4487
78 68 24.2796
45 35 62.583
93 83 20.0379
31 21 25.4187
64 54 221.5233
62 52 191.7961
89 79 30.0908
40 30 64.2897
90 80 39.5148
66 56 39.0896
52 42 35.8896
18 8 6.9221
29 19 25.6515
103 93 1.9659
91 81 8.6152
103 93 3.7285
43 33 104.227
12 2 0.1194
62 52 69.9094
45 35 64.0168
108 98 0.2809
54 44 157.0135
14 4 1.2619
46 36 109.3015
77 67 43.8144
91 81 30.7939
38 28 6.9129
29 19 20.9549
32 22 50.0639
36 26 25.586
73 63 114.7955
98 88 12.6943
75 65 39.6974
57 47 76.2817
104 94 1.8283
57 47 29.8077
29 19 23.2555
82 72 57.1878
73 63 4.0381
73 63 131.6243
85 75 45.4754
69 59 174.0889
34 24 37.8308
85 75 36.0274
31 21 16.7587
35 25 17.4462
95 85 12.3916
98 88 14.2217
75 65 102.2906
25 15 20.9472
99 89 4.1102
96 86 17.1939
35 25 47.6949
92 82 31.0233
19 9 5.3685
56 46 109.4222
102 92 6.5777
58 48 228.4209
87 77 28.4013
62 52 138.1763
91 81 37.0863
98 88 3.5232
13 3 0.0293
22 12 10.1165
65 55 84.3041
66 56 23.2999
54 44 62.2798
109 99 0.1062
51 41 84.8891
75 65 58.5275
102 92 2.4429
35 25 57.3986
57 47 195.2457
86 76 54.029
27 17 17.8516
107 97 0.8916
59 49 195.682
16 6 0.7883
79 69 104.8827
53 43 164.2017
109 99 0.043
78 68 79.403
48 38 144.0085
82 72 80.2168
53 43 53.0216
83 73 62.9996
13 3 0.6031
27 17 17.0754
110 100 0.0
66 56 8.1144
31 21 42.2178
36 26 14.2344
35 25 63.7686
90 80 7.8466
30 20 14.9062
33 23 9.4259
15 5 2.0619
74 64 92.7314
89 79 3.412
88 78 5.1227
54 44 0.4144
104 94 1.1044
82 72 50.2136
23 13 4.6958
27 17 22.2999
94 84 22.556
50 40 150.7933
110 100 0.0
91 81 13.5723
25 15 20.1607
61 51 132.7337
15 5 1.26
91 81 17.2175
88 78 23.7437
53 43 49.1253
18 8 3.3441
86 76 38.2551
62 52 56.2517
99 89 12.0579
37 27 52.7595
42 32 108.9178
26 16 18.9183
68 58 81.3859
19 9 0.6941
103 93 4.7766
107 97 0.0548
49 39 38.1687
71 61 161.8349
14 4 1.4909
94 84 2.754
94 84 13.2408
59 49 179.7284
29 19 10.5834
88 78 46.4674
84 74 9.6449
31 21 24.3629
29 19 11.8896
59 49 38.5717
71 61 54.7516
76 66 86.5805
77 67 91.2984
28 18 12.8031
75 65 15.093
92 82 5.8328
24 14 19.876
80 70 47.9792
59 49 210.8214
109 99 0.0661
57 47 220.3507
50 40 44.8444
23 13 1.3306
102 92 4.5665
14 4 0.9648
31 21 17.0287
107 97 0.2715
46 36 2.7278
108 98 0.1432
18 8 2.6662
52 42 81.5785
61 51 106.3867
100 90 2.9489
81 71 13.4266
94 84 2.5212
26 16 23.6743
78 68 65.5615
27 17 5.7697
36 26 58.9629
38 28 1.7678
86 76 50.227
78 68 106.6636
93 83 25.0281
83 73 12.3859
46 36 97.3138
17 7 2.522
73 63 38.32
58 48 16.2055
98 88 7.4926
34 24 53.5286
98 88 10.7376
13 3 0.0519
25 15 12.1376
48 38 94.8672
44 34 3.2677
75 65 105.0285
54 44 164.7446
59 49 151.4896
83 73 76.0163
86 76 45.9882
21 11 4.8859
54 44 17.8701
94 84 24.5358
44 34 94.506
83 73 46.8052
34 24 32.9745
87 77 13.9246
62 52 31.3089
53 43 70.3726
67 57 185.8948
21 11 1.3754
80 70 52.8108
44 34 53.2861
60 50 126.5986
30 20 1.3165
95 85 3.1066
33 23 33.8677
47 37 41.0713
33 23 20.8897
103 93 2.0365
67 57 39.2218
19 9 7.4084
72 62 41.3256
109 99 0.0591
60 50 140.9727
42 32 59.5538
41 31 99.6958
26 16 13.514
27 17 29.2227
30 20 13.8304
74 64 108.048
66 56 140.6818
71 61 104.1013
104 94 0.1539
41 31 89.2816
30 20 9.9546
82 72 4.5889
33 23 31.2133
33 23 46.181
13 3 0.1094
24 14 3.2636
80 70 18.4666
102 92 4.0977
27 17 5.0111
99 89 10.7374
40 30 77.2626
13 3 0.5567
31 21 26.174
88 78 35.359
96 86 11.7697
28 18 16.3965
100 90 10.9604
43 33 32.928
23 13 11.0705
80 70 20.7176
17 7 3.6
45 35 117.6561
79 69 85.7617
46 36 93.4861
76 66 83.5679
15 5 1.9352
81 71 81.6033
81 71 82.5
57 47 28.0698
28 18 10.1199
76 66 85.1017
75 65 112.4855
102 92 3.0395
50 40 155.3833
18 8 4.5132
34 24 61.9281
31 21 4.7103
66 56 22.9293
79 69 83.9823
60 50 42.2169
100 90 10.9326
89 79 29.726
104 94 2.737
70 60 101.7275
62 52 230.1827
82 72 48.0494
72 62 42.6767
11 1 0.0128
23 13 15.7006
35 25 38.7939
25 15 11.4783
105 95 1.5137
41 31 85.0033
91 81 21.2946
56 46 210.8196
107 97 0.8047
44 34 32.389
41 31 62.5951
15 5 1.9466
63 53 232.7631
56 46 79.9639
108 98 0.2279
73 63 142.3151
95 85 23.5434
86 76 48.0915
107 97 0.1726
40 30 61.2198
19 9 3.9724
62 52 46.91
17 7 0.0789
14 4 1.5188
67 57 120.1405
78 68 81.9531
86 76 26.0205
44 34 42.0297
30 20 12.6635
93 83 30.0459
21 11 7.4898
65 55 222.2665
83 73 73.3301
17 7 4.9164
67 57 70.2335
37 27 27.6975
96 86 4.9709
52 42 140.5146
76 66 44.2929
68 58 113.3837
52 42 34.0732
108 98 0.254
16 6 0.5755
97 87 12.8855
30 20 17.8873
52 42 119.8836
95 85 15.9712
46 36 21.6487
61 51 265.5354
17 7 0.9175
103 93 5.3283
33 23 8.213
52 42 189.2626
14 4 0.3521
55 45 83.0657
72 62 34.429
48 38 53.9022
68 58 182.8713
73 63 40.9833
62 52 171.5851
43 33 28.3238
44 34 90.0461
90 80 38.3131
36 26 17.0385
58 48 237.5622
84 74 17.8353
39 29 21.7485
110 100 0.0
24 14 2.8635
97 87 6.7588
53 43 90.9608
110 100 0.0
21 11 7.313
51 41 91.1978
106 96 0.0809
59 49 258.473
106 96 1.0447
84 74 13.3702
12 2 0.0633
21 11 4.3016
81 71 58.92
59 49 251.4981
12 2 0.4246
83 73 28.6152
110 100 0.0
17 7 3.9023
53 43 111.6193
80 70 23.0759
24 14 11.0235
37 27 31.6301
65 55 22.9133
56 46 195.3049
62 52 92.5779
28 18 31.1464
93 83 9.4533
109 99 0.048
67 57 49.1961
32 22 18.6197
107 97 0.8997
41 31 37.173
44 34 42.9531
70 60 26.3947
32 22 15.083
84 74 13.2823
99 89 0.9394
82 72 73.6421
92 82 3.5159
108 98 0.1637
101 91 4.5442
24 14 14.7536
100 90 10.5924
98 88 7.9502
40 30 17.9565
47 37 141.1541
95 85 17.6434
91 81 20.0865
64 54 113.6477
56 46 3.5254
68 58 104.724
68 58 46.1476
54 44 18.6803
67 57 132.0106
56 46 184.7459
77 67 102.7909
89 79 12.4416
20 10 9.5028
15 5 1.7919
59 49 98.9281
45 35 5.7078
16 6 0.6105
76 66 96.8628
92 82 6.5685
64 54 156.4298
83 73 13.1685
59 49 233.6894
47 37 131.1127
69 59 161.9796
17 7 4.8734
22 12 11.1184
56 46 61.2421
63 53 164.5927
76 66 33.8904
50 40 163.9265
30 20 6.6076
84 74 4.5798
11 1 0.0575
37 27 58.2116
28 18 3.9109
21 11 0.6728
61 51 172.432
102 92 6.5235
42 32 7.4784
19 9 2.3195
76 66 7.45
67 57 124.0619
12 2 0.3027
43 33 99.4058
74 64 89.5326
46 36 128.6621
99 89 11.2978
34 24 31.8524
47 37 67.9355
58 48 93.8928
39 29 18.5157
86 76 9.0753
72 62 57.3261
61 51 76.2669
25 15 14.5817
79 69 30.8319
105 95 0.914
109 99 0.0782
78 68 18.3031
11 1 0.0826
100 90 0.5331
46 36 23.8879
38 28 84.1872
64 54 176.3386
61 51 255.9546
109 99 0.0173
37 27 24.4232
109 99 0.0382
26 16 23.3988
58 48 240.7329
40 30 60.3835
65 55 12.7919
25 15 10.6317
64 54 116.7634
27 17 19.4425
108 98 0.335
46 36 65.3389
87 77 14.5362
47 37 129.5947
109 99 0.0494
110 100 0.0
109 99 0.0184
41 31 46.6147
72 62 70.1147
86 76 14.3871
73 63 16.2028
19 9 4.7927
45 35 1.1014
50 40 151.6431
45 35 56.1977
61 51 197.0233
56 46 129.4416
29 19 24.648
107 97 0.6537
18 8 0.0801
59 49 47.4792
82 72 77.7329
67 57 11.261
11 1 0.0533
96 86 0.6647
18 8 5.9257
70 60 42.3877
99 89 11.2495
27 17 15.5081
79 69 46.0087
76 66 71.3869
41 31 35.2576
69 59 19.8044
22 12 4.2915
85 75 51.5162
78 68 36.6113
26 16 27.6787
70 60 87.357
76 66 10.9978
103 93 3.4065
110 100 0.0
61 51 125.9574
74 64 51.7087
75 65 82.2053
70 60 73.2856
69 59 181.3078
45 35 113.2165
34 24 35.1669
60 50 120.6647
19 9 5.1091
11 1 0.0308
96 86 1.9097
33 23 6.9647
12 2 0.3739
101 91 2.5516
79 69 64.8032
82 72 85.5056
94 84 1.1469
18 8 0.4049
63 53 233.5959
83 73 37.3496
77 67 33.7203
60 50 169.1072
75 65 70.427
91 81 29.654
85 75 36.0737
16 6 3.0029
43 33 84.6217
12 2 0.2149
31 21 43.6807
81 71 15.231
55 45 131.9273
90 80 44.0628
81 71 84.3591
102 92 4.5523
30 20 28.4104
49 39 126.813
87 77 24.6814
94 84 17.9094
71 61 106.1853
49 39 111.8274
43 33 58.2393
19 9 7.5919
76 66 21.265
110 100 0.0
23 13 0.0961
14 4 0.671
35 25 51.3459
13 3 0.9455
90 80 16.861
78 68 51.6202
101 91 0.3498
76 66 31.6623
49 39 107.1501
99 89 8.2983
65 55 169.385
21 11 1.1275
89 79 12.2827
109 99 0.0936
26 16 17.8821
35 25 54.2042
25 15 6.8738
47 37 80.4756
28 18 31.2011
29 19 6.6252
56 46 232.7076
43 33 86.7691
22 12 7.7016
28 18 24.8023
28 18 15.5299
79 69 20.5451
26 16 15.2509
27 17 9.0205
99 89 9.5068
86 76 22.653
66 56 208.3318
27 17 12.831
48 38 3.9266
28 18 33.9819
15 5 1.5635
40 30 39.6978
110 100 0.0
36 26 20.8677
88 78 6.4896
106 96 0.4302
68 58 184.7812
69 59 176.6741
75 65 33.0291
59 49 46.4272
80 70 65.9586
45 35 21.606
39 29 89.7427
50 40 33.6248
92 82 31.6311
32 22 28.9203
97 87 4.9864
78 68 80.3495
77 67 17.9998
107 97 0.8972
14 4 1.1565
60 50 124.5773
74 64 52.9983
42 32 25.621
81 71 34.8752
68 58 90.1986
75 65 33.5544
90 80 31.7023
22 12 1.8602
86 76 30.8232
62 52 76.2764
46 36 93.0832
72 62 71.6494
29 19 2.1782
42 32 25.9769
55 45 217.4479
29 19 4.5412
88 78 0.3901
81 71 56.2381
33 23 11.5878
29 19 3.3092
89 79 18.1717
91 81 27.7953
41 31 76.2061
107 97 0.7341
29 19 29.3683
52 42 191.9808
89 79 9.9617
43 33 110.5843
71 61 114.656
52 42 69.0312
85 75 33.9161
29 19 5.014
45 35 121.5453
58 48 72.9454
51 41 98.4311
69 59 60.8754
23 13 17.3774
53 43 68.968
73 63 114.0611
102 92 1.3903
60 50 100.7991
99 89 7.1206
96 86 7.5061
12 2 0.0202
80 70 30.5191
88 78 48.9928
79 69 59.1571
34 24 60.3825
110 100 0.0
53 43 143.894
57 47 200.7333
47 37 68.2507
16 6 1.455
29 19 21.315
46 36 36.5452
100 90 7.7961
78 68 106.1184
108 98 0.205
23 13 15.2353
55 45 189.6251
72 62 24.1947
78 68 22.3756
65 55 62.891
36 26 58.9579
23 13 15.5419
46 36 51.3951
86 76 25.8471
39 29 40.6645
48 38 37.3942
89 79 15.013
89 79 41.3951
37 27 31.441
57 47 214.3778
53 43 42.7444
93 83 30.1985
20 10 10.1807
65 55 206.2163
43 33 103.6445
78 68 113.5324
29 19 34.9439
59 49 194.4618
91 81 9.321
27 17 1.0421
36 26 13.0769
76 66 122.9999
72 62 56.7857
12 2 0.2592
64 54 53.7716
92 82 24.9016
48 38 0.4329
110 100 0.0
78 68 100.4555
50 40 166.3524
77 67 83.4627
100 90 0.5909
71 61 82.9766
16 6 0.9689
14 4 1.1553
65 55 199.858
19 9 8.2407
91 81 10.332
39 29 35.2204
15 5 0.4737
32 22 33.9511
38 28 39.1313
30 20 41.3605
88 78 20.5827
105 95 1.8345
62 52 207.5728
18 8 5.9362
95 85 22.7488
27 17 2.0693
82 72 79.296
109 99 0.0442
83 73 21.1447
65 55 223.1549
96 86 21.5319
92 82 10.6821
39 29 17.1222
91 81 30.0687
61 51 7.1013
28 18 0.3426
70 60 53.0493
33 23 33.0247
11 1 0.0361
79 69 37.4653
11 1 0.0228
54 44 72.3782
14 4 0.1033
58 48 54.285
41 31 2.0873
47 37 123.6595
12 2 0.0757
83 73 35.3995
41 31 105.6331
36 26 15.9515
54 44 194.2272
54 44 175.7386
93 83 20.8253
11 1 0.0248
43 33 112.586
90 80 24.538
31 21 46.9825
60 50 248.5198
74 64 86.7803
105 95 0.2464
89 79 15.7806
