100 2522 4.3589
108 98 23.4091
96 86 20.4729
74 64 30.4207
93 83 27.9407
89 79 47.087
108 98 13.6405
96 86 32.966
49 39 70.824
42 32 78.6432
35 25 77.5227
45 35 74.232
45 35 69.8929
34 24 79.5414
42 32 66.9975
105 95 28.9132
31 21 82.0691
58 48 45.9725
105 95 29.0618
107 97 31.2313
17 7 92.9431
77 67 56.8772
29 19 74.6911
93 83 44.2677
24 14 88.9664
41 31 67.4337
103 93 20.7462
84 74 52.2671
15 5 94.0124
39 29 78.5457
110 100 24.5481
14 4 96.7272
58 48 59.5151
75 65 55.7621
17 7 92.9161
26 16 80.1115
74 64 53.4288
98 88 33.6388
33 23 83.3806
84 74 31.1855
48 38 74.7637
109 99 35.6576
43 33 69.3722
23 13 89.3951
13 3 98.3132
67 57 46.1571
88 78 43.6207
85 75 40.325
28 18 76.4908
66 56 48.4012
72 62 32.9614
28 18 81.5626
56 46 54.0887
104 94 18.9669
23 13 82.3048
55 45 52.5205
84 74 50.961
61 51 59.8813
86 76 34.9577
87 77 39.9867
25 15 91.5371
79 69 38.0282
36 26 80.0613
100 90 30.6994
24 14 89.8306
27 17 85.7717
93 83 35.5252
32 22 77.5967
57 47 59.7684
56 46 53.4288
94 84 28.0677
94 84 32.6715
104 94 42.4205
48 38 61.6382
47 37 63.7826
35 25 73.9583
83 73 38.248
76 66 51.6745
20 10 89.9538
18 8 90.1152
31 21 84.0706
92 82 40.9267
106 96 27.7803
54 44 59.3393
61 51 61.0617
90 80 19.4093
26 16 90.4154
52 42 52.4133
55 45 43.1255
64 54 52.2136
55 45 44.067
84 74 39.451
55 45 55.6426
39 29 80.2081
15 5 93.478
108 98 35.9808
16 6 92.8101
88 78 37.637
36 26 64.1281
39 29 75.5613
32 22 72.4882
