400 10151 9.9499
13 3 0.8388
14 4 1.0317
14 4 1.2128
52 42 42.8766
83 73 25.3494
39 29 19.9438
64 54 91.5127
32 22 39.1912
17 7 1.3187
51 41 143.4339
75 65 84.2374
90 80 8.8533
52 42 87.3244
80 70 24.8811
52 42 161.6772
99 89 11.1866
95 85 5.55
82 72 82.805
99 89 3.0029
59 49 198.1961
89 79 42.9147
80 70 72.028
54 44 3.0345
30 20 1.1769
79 69 84.776
102 92 1.5008
83 73 58.5604
81 71 61.8742
44 34 112.7385
68 58 57.2377
93 83 14.1379
100 90 10.9455
110 100 0.0
107 97 0.7423
55 45 65.7722
30 20 34.9404
108 98 0.1064
75 65 38.4865
98 88 12.051
36 26 28.6017
26 16 0.7426
47 37 76.2837
54 44 32.869
83 73 15.3657
11 1 0.056
106 96 0.5174
110 100 0.0
44 34 127.5729
97 87 15.6236
12 2 0.3842
66 56 8.6256
26 16 4.9596
108 98 0.4253
83 73 67.458
36 26 41.3001
96 86 20.2779
69 59 62.9222
45 35 94.5065
56 46 219.8842
104 94 3.6376
31 21 18.4447
58 48 74.5859
18 8 0.5373
97 87 1.3196
43 33 63.8603
83 73 36.0056
74 64 90.0302
104 94 1.5285
59 49 148.5255
22 12 4.6009
28 18 16.4767
67 57 42.1618
62 52 210.1694
13 3 0.8204
67 57 82.0049
30 20 15.4856
60 50 65.9435
109 99 0.0177
90 80 24.9789
109 99 0.0751
101 91 0.6033
33 23 4.3927
57 47 113.3715
100 90 3.1713
42 32 42.0945
48 38 115.7757
33 23 44.606
60 50 213.7126
79 69 49.7649
70 60 169.8409
13 3 0.414
89 79 9.2884
72 62 121.1105
98 88 13.8328
40 30 74.2174
103 93 1.1988
99 89 3.9832
41 31 61.656
88 78 24.0697
25 15 15.5418
101 91 6.9778
30 20 37.3071
91 81 11.3447
13 3 0.0339
33 23 6.8955
16 6 0.6085
39 29 54.4946
72 62 25.1091
23 13 4.0532
45 35 8.7884
97 87 13.2531
96 86 7.9445
86 76 10.3137
37 27 38.2772
70 60 156.0345
89 79 48.2524
105 95 2.6326
93 83 27.0007
90 80 14.9893
79 69 17.6866
44 34 66.6822
21 11 13.0782
110 100 0.0
17 7 3.2854
105 95 0.3822
107 97 0.5855
63 53 95.2094
105 95 2.6311
70 60 144.9285
83 73 75.9352
56 46 80.1888
79 69 77.2003
45 35 55.9787
63 53 15.4804
35 25 54.3742
27 17 1.6624
72 62 126.6327
49 39 137.7121
60 50 24.8196
48 38 35.6784
107 97 0.1137
53 43 177.8505
67 57 47.9736
59 49 15.8847
18 8 6.2932
66 56 35.1782
72 62 105.3193
110 100 0.0
32 22 27.9075
30 20 30.079
105 95 0.0446
85 75 29.3788
14 4 0.6156
108 98 0.2913
110 100 0.0
42 32 5.5024
47 37 5.3789
49 39 22.8543
12 2 0.0155
46 36 114.4543
25 15 23.8195
86 76 61.9969
22 12 3.5043
61 51 93.9354
105 95 1.5664
94 84 2.3392
27 17 9.6987
96 86 16.0534
62 52 93.4033
92 82 12.1373
17 7 1.9708
18 8 2.6515
17 7 5.238
18 8 2.0731
99 89 7.8688
82 72 8.7075
106 96 1.0337
38 28 10.2478
48 38 6.8397
105 95 1.9712
39 29 56.9017
94 84 16.5535
80 70 8.6424
15 5 1.7355
27 17 31.2591
52 42 107.3568
64 54 27.1751
41 31 53.0876
69 59 95.8672
92 82 25.1383
108 98 0.225
32 22 47.5174
36 26 72.9282
51 41 74.4679
51 41 86.1315
94 84 3.5908
31 21 3.3528
11 1 0.0802
81 71 7.7292
26 16 10.6042
65 55 189.9763
75 65 112.1676
45 35 12.8112
61 51 156.615
62 52 116.173
25 15 9.5375
52 42 105.0539
107 97 0.8756
54 44 188.4725
110 100 0.0
27 17 28.6946
105 95 1.2424
100 90 8.2586
49 39 157.2011
27 17 16.6141
26 16 4.9701
23 13 9.547
51 41 184.7738
33 23 6.6253
30 20 19.3407
39 29 64.704
39 29 51.7234
45 35 80.555
20 10 10.6304
19 9 8.8557
64 54 112.768
18 8 0.2003
88 78 8.8841
32 22 20.2784
36 26 1.3212
24 14 3.056
36 26 56.0259
57 47 15.2521
63 53 200.156
32 22 46.9727
33 23 41.2349
79 69 17.0306
104 94 3.1272
14 4 1.4598
52 42 182.3572
55 45 29.0983
58 48 69.7147
53 43 57.1303
79 69 64.5559
55 45 182.6455
42 32 49.5891
30 20 38.8432
109 99 0.0577
37 27 4.4506
95 85 13.2193
43 33 44.5331
59 49 69.0741
80 70 17.8791
34 24 56.9563
89 79 34.172
45 35 106.575
109 99 0.0761
40 30 36.2199
107 97 0.4971
53 43 98.4439
11 1 0.0938
41 31 11.6614
65 55 214.3932
35 25 31.2644
86 76 38.1963
87 77 43.8963
29 19 15.0189
74 64 113.3502
36 26 46.7392
87 77 6.9726
62 52 83.5012
90 80 15.2588
53 43 24.579
79 69 46.8345
28 18 8.9303
20 10 2.4201
56 46 202.8382
90 80 30.217
98 88 11.2828
79 69 104.9451
56 46 220.4715
100 90 8.9861
65 55 63.3128
24 14 9.9256
32 22 47.4416
101 91 5.8452
56 46 101.941
94 84 13.739
94 84 4.041
103 93 2.1556
32 22 37.8104
72 62 58.6439
64 54 64.2481
35 25 34.5027
34 24 12.3197
68 58 106.9162
94 84 1.2592
67 57 121.2401
51 41 73.1939
55 45 197.9839
11 1 0.0199
42 32 99.5975
58 48 218.3741
79 69 2.8217
101 91 5.65
54 44 137.5422
38 28 41.2562
55 45 162.6617
14 4 1.2914
52 42 55.2463
66 56 132.6132
109 99 0.0239
33 23 18.4213
36 26 44.535
85 75 28.3633
84 74 9.3667
40 30 57.5289
35 25 9.4518
46 36 142.6261
90 80 24.1271
19 9 1.134
32 22 39.9985
89 79 40.0114
29 19 17.7583
39 29 75.7179
103 93 2.1456
108 98 0.1056
73 63 38.8873
36 26 11.7673
83 73 59.2808
14 4 0.4973
67 57 77.096
96 86 20.2372
57 47 142.9762
97 87 6.0384
71 61 5.5237
65 55 112.0891
85 75 24.2804
110 100 0.0
108 98 0.245
34 24 13.369
30 20 13.1755
27 17 26.8058
57 47 94.1328
95 85 15.7939
14 4 0.0708
81 71 44.0248
29 19 37.355
55 45 134.6249
19 9 6.7064
76 66 105.5279
49 39 30.4443
86 76 24.2145
109 99 0.0613
42 32 15.4531
95 85 13.2342
43 33 114.7602
21 11 1.1671
15 5 0.5173
43 33 32.8831
36 26 36.0322
75 65 72.6112
55 45 138.1274
92 82 25.2333
65 55 50.4488
55 45 219.2689
68 58 160.5709
50 40 83.1216
57 47 28.3269
62 52 66.7882
64 54 104.3065
50 40 136.8727
25 15 21.7402
103 93 2.8471
12 2 0.3969
110 100 0.0
44 34 116.45
91 81 29.636
103 93 2.6498
102 92 4.4103
66 56 94.0881
103 93 3.8386
56 46 139.1488
65 55 83.7344
18 8 6.0798
25 15 12.2851
89 79 20.6329
15 5 1.8253
33 23 8.7911
24 14 19.0989
25 15 24.2082
99 89 9.0157
65 55 60.4929
109 99 0.0104
52 42 7.1406
16 6 2.9023
22 12 0.4451
26 16 22.1998
57 47 179.1889
107 97 0.3416
