400 9861 9.9499
57 47 61.6037
90 80 41.7807
31 21 73.1607
18 8 95.7658
84 74 34.856
57 47 60.078
104 94 12.1606
84 74 43.6868
55 45 47.9709
100 90 26.2175
98 88 43.1321
28 18 84.2926
37 27 72.3554
38 28 74.9194
47 37 65.8062
39 29 73.5975
22 12 87.4936
37 27 68.3747
95 85 22.0684
12 2 97.8972
50 40 63.5863
84 74 41.8984
15 5 95.4978
77 67 51.781
15 5 93.4354
19 9 90.1303
72 62 42.9313
50 40 58.0035
101 91 30.8569
78 68 50.8711
101 91 39.9197
12 2 97.121
54 44 65.5242
46 36 63.3409
80 70 46.6079
31 21 80.5919
109 99 8.3151
74 64 48.9874
12 2 98.6347
66 56 42.4961
42 32 80.5147
53 43 58.1376
91 81 42.0474
59 49 53.3367
55 45 47.5921
65 55 60.9586
27 17 85.6587
65 55 47.0473
93 83 46.119
105 95 40.3162
26 16 86.1277
40 30 72.3027
41 31 70.4173
55 45 54.6402
64 54 38.232
44 34 77.893
100 90 11.0949
88 78 51.237
24 14 84.9347
93 83 25.7282
81 71 58.0126
99 89 17.0726
11 1 99.2494
109 99 34.9588
55 45 62.9531
17 7 93.5553
83 73 30.918
18 8 89.3895
37 27 69.3722
38 28 84.0962
89 79 52.7308
25 15 82.3284
102 92 42.3983
47 37 73.8482
21 11 87.488
106 96 39.5427
22 12 90.2329
13 3 97.2334
16 6 95.1327
21 11 92.041
107 97 35.9448
17 7 92.3098
97 87 21.3684
93 83 43.6049
81 71 39.7518
102 92 23.8925
92 82 15.1952
59 49 55.0668
70 60 56.7853
79 69 38.2592
33 23 81.6348
105 95 14.028
70 60 54.1917
54 44 63.6309
93 83 43.2201
94 84 11.6554
33 23 76.9006
95 85 47.4804
110 100 43.2122
33 23 85.5977
102 92 44.5583
28 18 84.8757
20 10 91.8416
23 13 90.5333
22 12 92.5521
73 63 42.6213
47 37 66.1847
83 73 53.1995
99 89 40.3848
78 68 35.0204
40 30 69.1658
15 5 95.7423
41 31 71.3991
82 72 45.1423
31 21 76.9655
45 35 74.4389
60 50 68.9431
52 42 52.506
12 2 98.109
98 88 25.8949
13 3 96.928
56 46 55.4012
87 77 23.8994
102 92 9.5456
86 76 46.8937
98 88 32.1761
54 44 59.6046
104 94 28.4078
67 57 40.06
32 22 76.007
71 61 36.5747
107 97 15.6049
18 8 94.1599
14 4 97.1703
86 76 43.1846
35 25 80.5596
47 37 74.1769
28 18 79.4077
71 61 43.4676
25 15 79.7003
93 83 28.8734
32 22 74.0391
85 75 44.4289
50 40 66.1864
87 77 51.2627
24 14 86.0219
72 62 43.6881
46 36 70.7903
55 45 67.7263
96 86 42.4114
107 97 46.7309
57 47 72.1209
92 82 34.9186
84 74 34.8383
105 95 27.2317
43 33 66.5285
69 59 62.8659
65 55 62.8468
91 81 45.1302
79 69 61.7057
58 48 62.3026
45 35 65.2541
57 47 75.9268
15 5 94.7001
83 73 29.0305
83 73 57.8056
81 71 30.4329
69 59 38.7332
23 13 87.7838
87 77 52.882
50 40 70.2043
103 93 54.4526
51 41 70.0803
24 14 88.5425
99 89 32.4137
13 3 96.7548
80 70 54.367
70 60 45.2404
104 94 37.4666
103 93 25.3915
58 48 63.9648
83 73 61.7136
102 92 22.3606
34 24 78.6521
25 15 87.202
67 57 50.0853
35 25 76.7604
108 98 15.3735
84 74 38.5169
109 99 33.4281
19 9 90.5524
69 59 58.3467
20 10 93.136
92 82 34.7392
30 20 81.917
22 12 92.5906
97 87 58.0278
36 26 72.6057
13 3 97.4801
110 100 35.976
87 77 49.9524
51 41 65.0813
29 19 82.2595
36 26 78.7745
43 33 56.6316
33 23 83.706
58 48 62.1622
60 50 55.9803
40 30 58.6925
105 95 56.9029
103 93 34.9033
88 78 49.9962
90 80 16.22
38 28 76.7253
44 34 76.1501
93 83 42.4374
13 3 96.926
44 34 57.6415
12 2 97.9981
94 84 45.145
93 83 56.7461
63 53 67.7872
35 25 67.7
31 21 82.7427
32 22 72.6432
19 9 91.2254
90 80 41.3681
66 56 55.3759
70 60 46.761
31 21 85.0766
68 58 47.9418
94 84 39.3054
65 55 52.1688
33 23 88.5575
107 97 32.5139
56 46 61.2306
64 54 54.2977
36 26 78.234
47 37 67.1236
67 57 36.303
66 56 54.3818
54 44 67.1711
83 73 44.5169
58 48 44.3529
54 44 52.9285
109 99 15.6491
59 49 49.1149
90 80 56.1211
54 44 69.5189
13 3 96.928
63 53 59.0162
37 27 74.3303
21 11 89.9785
33 23 85.3222
67 57 67.4649
57 47 65.9815
81 71 42.2331
86 76 41.3873
20 10 89.3365
15 5 93.476
74 64 39.0038
65 55 45.6949
17 7 94.6029
24 14 85.6217
70 60 31.2302
82 72 41.2177
20 10 90.0354
53 43 50.5734
30 20 79.8557
92 82 38.2802
67 57 59.7823
11 1 98.7937
109 99 32.073
67 57 66.0693
72 62 49.5292
101 91 34.5568
78 68 52.0057
95 85 37.637
106 96 26.4597
61 51 63.4651
63 53 42.6736
21 11 91.2101
71 61 58.2886
82 72 32.2136
58 48 50.9939
41 31 64.7494
54 44 52.0187
12 2 96.8965
63 53 39.4359
81 71 29.4936
24 14 86.1648
90 80 51.9942
51 41 63.0611
106 96 19.0358
18 8 91.5447
28 18 86.3264
99 89 29.6546
66 56 45.6138
36 26 78.006
51 41 57.4094
44 34 68.8253
55 45 61.3857
102 92 13.0581
60 50 51.0839
12 2 97.4208
30 20 76.0471
101 91 30.1785
17 7 95.7932
36 26 76.1745
70 60 63.8737
11 1 98.905
27 17 75.9687
102 92 41.3552
27 17 85.6532
50 40 67.1285
56 46 66.3345
19 9 91.993
33 23 78.4518
89 79 61.8834
42 32 68.8966
26 16 85.1911
21 11 92.4559
55 45 64.6432
28 18 85.9922
67 57 68.8618
22 12 88.5895
32 22 84.7615
38 28 74.0047
72 62 50.427
18 8 90.6418
57 47 68.5799
60 50 56.4422
33 23 82.0673
42 32 75.4674
29 19 74.1838
82 72 31.1286
72 62 38.0097
14 4 94.7118
72 62 52.519
110 100 38.9676
87 77 37.0138
31 21 81.1567
101 91 39.7114
82 72 50.3702
63 53 63.7395
58 48 59.8658
60 50 53.2199
89 79 38.378
86 76 24.7934
76 66 28.9466
60 50 56.7973
62 52 52.1818
92 82 20.3329
76 66 38.0183
105 95 21.3278
107 97 26.5101
63 53 51.551
17 7 91.4873
38 28 84.966
11 1 98.7161
30 20 84.0632
63 53 54.6224
17 7 92.7542
107 97 18.0047
97 87 37.0942
74 64 36.5662
109 99 21.2576
59 49 47.8656
17 7 94.5115
61 51 56.2245
66 56 52.3655
85 75 43.2727
104 94 24.3493
63 53 67.2925
75 65 50.464
72 62 53.4697
21 11 91.5964
51 41 65.3672
88 78 51.4677
48 38 70.0686
23 13 87.2561
21 11 92.0909
99 89 22.4657
70 60 52.5408
18 8 88.8551
99 89 51.9034
42 32 72.6296
55 45 64.8911
58 48 54.1505
40 30 73.0478
24 14 85.8161
38 28 69.7476
35 25 77.113
47 37 65.2945
95 85 12.9413
57 47 53.2258
97 87 31.7544
29 19 90.3355
33 23 75.0874
51 41 76.1256
