900 22643 4.3589
80 70 30.1281
99 89 9.8499
69 59 66.072
17 7 5.2944
103 93 5.3445
19 9 6.1223
74 64 30.97
22 12 10.8738
106 96 1.2937
106 96 0.175
75 65 56.1389
16 6 2.2582
31 21 6.2815
99 89 0.5812
17 7 1.8275
71 61 135.4245
63 53 223.845
68 58 148.8176
78 68 81.2556
56 46 177.3489
16 6 3.7474
42 32 13.9095
68 58 195.6512
21 11 7.2685
99 89 5.3495
72 62 45.2286
32 22 26.7154
44 34 35.9874
74 64 128.6138
51 41 125.9228
75 65 107.1425
71 61 145.3108
94 84 4.8699
77 67 2.772
89 79 16.5246
14 4 0.4634
62 52 79.7795
97 87 3.4336
34 24 10.2118
19 9 2.2032
98 88 6.5538
59 49 201.8148
101 91 0.3577
37 27 2.2107
54 44 98.3204
67 57 54.3442
31 21 15.962
98 88 6.1997
73 63 45.3299
110 100 0.0
53 43 146.9122
14 4 0.755
27 17 18.0188
110 100 0.0
81 71 68.0926
43 33 31.6246
97 87 13.6017
20 10 7.9752
47 37 114.6188
88 78 3.5461
31 21 7.0238
61 51 151.2886
107 97 0.2247
50 40 84.4587
15 5 2.2891
110 100 0.0
50 40 24.4903
14 4 0.6704
72 62 139.8613
13 3 0.8979
23 13 13.157
73 63 24.5345
24 14 12.6315
68 58 143.8349
105 95 2.5288
55 45 87.8541
107 97 0.3415
71 61 161.4519
55 45 48.2034
85 75 24.1835
85 75 27.4934
13 3 0.0405
36 26 22.6114
71 61 130.7696
18 8 0.6391
106 96 1.2797
62 52 159.3758
104 94 3.4868
68 58 83.6418
106 96 0.2142
73 63 111.9236
42 32 32.5556
109 99 0.028
53 43 165.1163
35 25 24.8865
36 26 68.2583
50 40 171.006
38 28 23.5977
78 68 62.7892
100 90 7.1384
91 81 22.6673
84 74 64.4754
63 53 92.1471
84 74 2.7729
36 26 23.0741
68 58 182.8425
58 48 102.0529
72 62 134.9017
46 36 25.1933
76 66 61.8319
66 56 188.6614
109 99 0.0782
72 62 62.6825
50 40 160.8178
92 82 34.1686
72 62 147.3444
57 47 19.9435
86 76 23.9648
44 34 82.0394
14 4 0.8433
47 37 94.2704
44 34 9.8231
102 92 1.8552
81 71 38.3206
92 82 16.9561
81 71 70.8258
95 85 17.9926
61 51 255.8148
95 85 10.7541
94 84 12.0663
74 64 101.6683
65 55 84.0996
39 29 34.5882
96 86 16.2913
82 72 38.3245
45 35 98.0724
29 19 2.2222
66 56 153.4491
11 1 0.026
74 64 109.733
106 96 0.0118
65 55 110.7289
59 49 16.5515
73 63 64.4337
44 34 48.7947
70 60 47.8993
110 100 0.0
17 7 4.2186
87 77 30.1516
42 32 73.3745
40 30 51.3503
32 22 31.9622
32 22 4.4579
51 41 112.6666
106 96 0.9782
14 4 1.2547
89 79 39.6403
106 96 1.0021
48 38 105.4363
23 13 1.4113
89 79 39.5287
85 75 9.6325
86 76 20.2009
25 15 21.0426
44 34 32.7147
33 23 18.3219
107 97 0.9453
105 95 2.7455
67 57 202.8685
76 66 21.3595
97 87 11.4515
62 52 173.8278
87 77 1.0808
84 74 39.3851
16 6 1.6292
71 61 110.0445
58 48 35.742
101 91 6.1901
23 13 0.2962
21 11 10.8509
89 79 12.8748
74 64 29.053
26 16 4.7071
74 64 109.6759
43 33 45.4961
74 64 54.9426
82 72 35.4335
50 40 23.599
97 87 1.9763
58 48 239.1682
43 33 4.2541
33 23 25.6634
79 69 70.6546
51 41 127.7648
60 50 165.4726
71 61 85.983
101 91 6.8851
21 11 7.1842
75 65 73.9022
83 73 3.4774
41 31 92.5628
65 55 41.3431
82 72 32.6527
74 64 47.8058
95 85 18.1013
55 45 178.2808
59 49 198.6248
82 72 40.237
43 33 5.9048
92 82 22.9336
55 45 59.1437
83 73 9.0075
31 21 26.1307
103 93 1.0685
74 64 28.5597
89 79 42.0913
77 67 46.6723
28 18 10.3291
17 7 0.1193
36 26 38.7672
83 73 45.6983
98 88 15.9277
11 1 0.0903
23 13 9.1928
100 90 1.3747
81 71 41.3547
97 87 1.2153
97 87 13.899
47 37 140.6407
30 20 2.3915
52 42 56.3964
36 26 27.3005
66 56 82.8805
34 24 38.147
74 64 59.1104
20 10 10.0808
56 46 78.6708
104 94 2.4494
81 71 17.3333
65 55 12.8575
85 75 30.7394
32 22 52.6476
34 24 23.7159
45 35 55.9056
99 89 7.0727
55 45 93.6006
15 5 2.0832
93 83 29.591
13 3 0.8743
74 64 58.5689
39 29 42.0216
33 23 36.8313
51 41 115.6354
66 56 24.635
64 54 184.802
80 70 49.1615
64 54 142.3172
81 71 67.5358
56 46 185.3198
53 43 147.1573
49 39 95.7922
87 77 25.1872
84 74 34.9042
24 14 17.8983
34 24 32.5021
65 55 13.8904
21 11 0.0816
37 27 77.051
28 18 21.0801
89 79 37.7063
102 92 0.8057
55 45 105.8161
45 35 85.3379
72 62 64.9017
64 54 215.5197
109 99 0.0168
65 55 5.1782
75 65 37.1016
74 64 37.2021
18 8 5.1296
87 77 19.167
83 73 16.6593
39 29 88.5155
105 95 0.4813
44 34 37.5479
81 71 21.507
75 65 48.5424
108 98 0.0692
21 11 11.352
12 2 0.0678
22 12 4.7996
18 8 7.1039
36 26 65.4567
41 31 95.1854
93 83 10.8057
42 32 110.1888
42 32 31.3559
101 91 7.3163
59 49 114.7863
26 16 27.1684
50 40 54.9909
79 69 60.5273
27 17 1.5574
76 66 76.1299
48 38 103.945
81 71 41.0908
13 3 0.0158
73 63 11.0106
79 69 97.077
17 7 3.3993
46 36 26.0985
45 35 93.7336
49 39 132.6571
108 98 0.3121
84 74 21.2498
61 51 208.7206
55 45 80.2908
40 30 85.0862
13 3 0.4982
45 35 104.4001
46 36 85.1042
98 88 2.7599
28 18 5.9981
76 66 60.0479
109 99 0.0807
11 1 0.0102
20 10 10.1438
17 7 3.9979
39 29 37.4862
62 52 26.2457
40 30 93.9083
62 52 210.9352
80 70 1.0431
15 5 0.6159
21 11 9.6081
105 95 0.8888
39 29 92.5758
105 95 1.2917
62 52 101.4823
85 75 47.3836
30 20 23.6376
60 50 204.1364
35 25 45.4827
22 12 7.8858
100 90 0.7674
47 37 1.2951
69 59 63.8073
33 23 2.6787
27 17 30.9921
85 75 48.8481
73 63 14.4729
73 63 92.5431
70 60 167.447
103 93 0.7407
36 26 29.4859
75 65 116.9792
76 66 28.3007
47 37 66.59
74 64 16.4232
43 33 93.0717
24 14 16.1648
64 54 35.4606
34 24 5.1509
70 60 159.4694
18 8 5.7559
84 74 74.0536
67 57 184.2853
88 78 49.4259
86 76 58.936
85 75 57.5994
17 7 4.4873
110 100 0.0
83 73 9.6126
18 8 5.2983
36 26 59.7001
105 95 1.7278
61 51 50.8651
62 52 58.5145
67 57 90.7845
51 41 27.1088
82 72 56.8893
102 92 2.514
62 52 255.4487
44 34 77.7832
84 74 72.4191
99 89 5.9936
16 6 0.7611
25 15 9.8751
66 56 74.0835
80 70 30.8623
105 95 0.1148
50 40 47.5408
24 14 21.3832
82 72 38.5518
71 61 156.3277
109 99 0.0626
104 94 1.4244
56 46 215.9694
82 72 64.8268
18 8 6.3744
69 59 38.5569
82 72 78.9274
34 24 12.7864
16 6 3.7076
25 15 23.5227
105 95 0.6929
40 30 41.1029
77 67 94.2053
17 7 1.0412
85 75 13.4092
33 23 19.5214
54 44 94.4294
83 73 3.3021
23 13 11.7827
60 50 233.3192
28 18 17.1591
67 57 63.0873
82 72 72.0429
57 47 177.0307
46 36 16.1297
56 46 20.4697
109 99 0.047
67 57 101.968
13 3 0.4775
56 46 9.3526
15 5 0.0449
40 30 45.8015
53 43 4.271
45 35 36.2359
26 16 14.6241
102 92 2.0383
52 42 185.1068
91 81 1.8198
65 55 101.903
109 99 0.0843
17 7 4.5036
46 36 4.1295
75 65 72.1372
19 9 5.4459
109 99 0.0986
71 61 30.2009
15 5 0.8584
46 36 73.9954
98 88 7.6281
11 1 0.1048
34 24 29.6434
13 3 0.1175
11 1 0.0862
15 5 1.0362
27 17 27.3892
59 49 174.9777
78 68 35.0259
73 63 14.9577
15 5 2.4428
30 20 27.7157
106 96 0.0023
96 86 8.6831
39 29 77.4422
90 80 25.8244
64 54 144.6267
92 82 19.7254
89 79 26.1733
64 54 170.3762
93 83 2.5781
65 55 186.8665
35 25 40.7856
98 88 2.8353
58 48 161.6199
20 10 7.69
66 56 40.8001
81 71 14.0973
31 21 48.1831
23 13 10.4125
71 61 90.3412
30 20 22.3038
17 7 3.444
102 92 3.9981
101 91 0.3182
62 52 169.3702
31 21 41.9953
39 29 92.7097
75 65 85.8969
85 75 28.8978
18 8 1.1712
58 48 230.8543
29 19 22.416
81 71 72.8274
46 36 44.1864
50 40 94.6391
105 95 2.521
66 56 123.4888
45 35 34.2572
29 19 5.7565
11 1 0.0983
54 44 41.2951
85 75 42.6883
40 30 21.3638
65 55 163.0777
73 63 0.3174
67 57 124.1488
110 100 0.0
101 91 7.4442
62 52 95.401
88 78 21.1125
22 12 14.0506
60 50 71.86
105 95 0.9319
43 33 118.6458
27 17 18.9755
33 23 14.4524
84 74 43.2357
43 33 50.5033
18 8 6.2982
68 58 58.4609
51 41 33.6418
24 14 16.2696
63 53 178.7131
50 40 166.6533
65 55 123.9321
64 54 160.4067
15 5 0.806
77 67 117.1903
68 58 23.6993
44 34 44.4447
87 77 7.8987
93 83 2.5018
85 75 68.3146
86 76 21.6047
94 84 14.0628
24 14 2.6594
84 74 42.607
17 7 1.8293
59 49 112.4865
71 61 67.4142
80 70 53.5746
71 61 78.2666
25 15 7.5717
45 35 85.7925
11 1 0.0062
31 21 22.5822
26 16 22.5695
32 22 36.7508
109 99 0.0358
54 44 142.7049
70 60 128.7071
30 20 34.3219
16 6 3.0106
41 31 17.1314
94 84 22.8032
100 90 1.721
17 7 2.6392
108 98 0.0227
59 49 205.49
81 71 40.8757
21 11 3.9295
96 86 7.4426
57 47 203.0425
29 19 15.1358
11 1 0.0224
102 92 4.3913
25 15 21.8793
16 6 1.7305
109 99 0.0211
47 37 15.2729
105 95 0.8068
32 22 31.8903
57 47 92.6408
21 11 11.5485
88 78 22.0897
77 67 6.5812
60 50 165.0748
51 41 135.8963
28 18 27.0245
89 79 32.144
68 58 81.9649
46 36 75.9638
92 82 30.0997
58 48 214.7951
45 35 97.8334
110 100 0.0
18 8 0.3424
82 72 13.2618
38 28 29.6915
31 21 9.9916
21 11 6.6247
25 15 8.4025
102 92 5.6826
82 72 3.9912
19 9 7.142
38 28 2.9469
68 58 32.0988
59 49 154.1932
86 76 38.4226
93 83 6.3052
73 63 146.3495
43 33 76.134
20 10 9.0174
32 22 7.0343
33 23 5.3259
92 82 5.5229
89 79 24.6086
53 43 11.4443
32 22 1.1682
101 91 2.6178
60 50 109.6044
52 42 61.1789
53 43 67.4589
23 13 7.9343
94 84 12.1162
46 36 112.7585
58 48 146.068
94 84 22.0909
51 41 128.0216
54 44 25.0966
50 40 35.2851
21 11 3.0421
96 86 20.9286
81 71 67.8153
24 14 19.9187
37 27 49.8109
42 32 82.2273
12 2 0.3485
18 8 2.5617
13 3 0.4736
80 70 8.3594
101 91 7.74
41 31 57.6111
109 99 0.0785
22 12 0.401
13 3 0.4541
24 14 1.361
85 75 26.0028
109 99 0.1009
13 3 0.166
90 80 0.4638
98 88 5.6386
102 92 2.2585
83 73 41.1337
80 70 35.4828
76 66 106.4376
67 57 166.3817
52 42 75.5848
34 24 32.7372
61 51 124.2058
41 31 45.6959
82 72 11.1645
35 25 44.3505
39 29 35.223
18 8 4.554
18 8 3.1501
14 4 0.1513
74 64 13.2925
36 26 70.9245
65 55 31.24
82 72 16.9531
95 85 13.7631
73 63 139.4105
109 99 0.0822
83 73 35.6513
60 50 151.1958
27 17 21.9644
29 19 10.7398
70 60 8.869
70 60 128.5296
76 66 79.8307
105 95 1.7425
36 26 54.2597
86 76 36.175
12 2 0.0901
56 46 144.7277
16 6 1.3959
96 86 10.8957
74 64 37.0361
101 91 8.7768
25 15 3.9329
23 13 3.1172
92 82 29.9438
33 23 0.4869
30 20 1.3638
23 13 4.4169
94 84 0.1179
61 51 185.3554
107 97 0.4683
73 63 89.5304
31 21 36.2656
17 7 4.5887
77 67 21.6304
44 34 58.7421
55 45 25.1843
38 28 29.1895
97 87 16.1302
70 60 98.4437
110 100 0.0
91 81 16.0921
84 74 28.6159
55 45 200.8345
55 45 126.7406
14 4 0.1332
30 20 33.8324
78 68 104.5968
108 98 0.2479
25 15 13.9015
102 92 1.8143
108 98 0.0655
61 51 64.2795
26 16 9.6715
15 5 1.4143
62 52 226.4251
76 66 36.9673
94 84 1.8278
12 2 0.0663
84 74 51.0437
16 6 3.5907
104 94 3.1644
79 69 22.2044
49 39 63.7652
76 66 12.784
80 70 33.2941
101 91 8.591
94 84 6.6209
72 62 153.2955
24 14 3.1841
29 19 18.7212
37 27 64.786
105 95 2.5693
89 79 38.6938
68 58 81.0487
20 10 6.2297
29 19 15.418
63 53 206.0216
17 7 2.5802
57 47 112.6199
30 20 15.7903
78 68 58.8228
65 55 59.8855
69 59 11.9259
76 66 125.2625
81 71 77.0317
42 32 2.3621
92 82 17.1298
40 30 58.9454
63 53 196.3434
64 54 149.3753
31 21 48.027
21 11 8.1573
36 26 74.1965
58 48 46.8556
81 71 29.849
106 96 1.4437
71 61 116.4086
12 2 0.0426
65 55 182.3738
57 47 54.6398
53 43 25.9456
26 16 15.9101
76 66 57.8366
43 33 57.1652
54 44 169.3728
92 82 15.2092
87 77 37.293
90 80 16.5788
26 16 13.7988
32 22 1.8567
61 51 252.1613
107 97 0.0564
71 61 73.5711
107 97 0.6383
103 93 0.3099
68 58 77.3659
36 26 26.0449
70 60 80.148
96 86 10.0209
100 90 9.2997
64 54 142.0894
72 62 26.1398
108 98 0.3612
57 47 209.6002
27 17 0.7414
30 20 21.0313
52 42 152.7238
82 72 74.4689
53 43 126.104
102 92 6.3043
81 71 65.0319
44 34 0.697
38 28 17.838
51 41 147.0994
61 51 45.3277
23 13 18.3928
37 27 1.3257
18 8 0.7746
61 51 230.8303
85 75 49.4218
76 66 97.9432
86 76 45.6707
110 100 0.0
58 48 79.7884
38 28 64.9486
13 3 0.034
98 88 6.2796
103 93 2.7268
80 70 43.4629
48 38 100.5937
63 53 45.6402
81 71 75.6645
74 64 48.1983
74 64 33.8835
106 96 1.5279
57 47 222.0114
81 71 46.3206
44 34 67.3745
109 99 0.1042
30 20 10.7263
25 15 21.876
106 96 1.5586
108 98 0.2452
71 61 98.4557
15 5 2.4571
50 40 63.4042
77 67 32.4637
79 69 104.6695
73 63 59.2851
31 21 8.862
83 73 56.9771
40 30 16.0961
45 35 83.4141
45 35 90.5179
43 33 12.384
29 19 23.9403
97 87 18.3654
78 68 34.287
30 20 9.6437
55 45 213.1618
75 65 7.2977
51 41 9.255
51 41 97.4794
108 98 0.0846
72 62 43.5053
28 18 34.7341
49 39 163.7398
78 68 78.4084
91 81 31.4272
100 90 0.4475
55 45 165.7777
68 58 97.5953
56 46 113.1104
53 43 202.6356
102 92 0.606
65 55 91.8304
42 32 93.3518
58 48 157.9785
15 5 1.3825
41 31 16.6902
30 20 0.3712
59 49 21.9101
35 25 0.8009
45 35 45.513
45 35 0.9961
49 39 23.1524
39 29 37.795
90 80 10.1668
86 76 6.3253
33 23 39.4499
86 76 49.2657
23 13 4.6991
66 56 184.2112
66 56 103.6074
57 47 1.3589
12 2 0.3902
91 81 37.8442
42 32 4.2742
54 44 106.9412
34 24 40.9557
22 12 5.2222
29 19 11.0156
78 68 56.3339
95 85 5.4799
47 37 96.052
78 68 32.5238
21 11 10.0462
37 27 65.3094
96 86 11.6578
56 46 121.8244
31 21 43.2067
99 89 5.7093
28 18 20.1357
84 74 36.3079
79 69 84.9682
16 6 0.3466
46 36 92.1478
91 81 34.1966
108 98 0.1892
44 34 3.6362
20 10 3.5752
89 79 19.5244
63 53 186.9591
70 60 91.108
58 48 8.4338
62 52 150.1594
92 82 10.6587
