400 9844 4.3589
105 95 28.6118
84 74 40.7746
57 47 12.8501
88 78 35.1815
15 5 0.1267
43 33 7.84
36 26 4.6436
39 29 4.6955
25 15 0.8998
72 62 17.5519
61 51 21.938
71 61 36.5916
21 11 0.8828
74 64 38.9164
110 100 74.7931
30 20 1.1149
93 83 40.3352
64 54 14.9653
19 9 0.5761
79 69 16.7297
81 71 20.559
88 78 57.868
73 63 19.6019
94 84 20.8429
64 54 29.1071
36 26 5.6763
75 65 17.0792
29 19 2.1612
50 40 8.8102
19 9 0.228
95 85 39.2878
102 92 48.2858
44 34 8.1316
11 1 0.0042
109 99 51.8976
22 12 0.7468
12 2 0.0148
30 20 2.0999
74 64 17.4022
74 64 13.9316
100 90 33.6551
40 30 5.3662
73 63 17.1504
89 79 54.5944
66 56 29.9877
16 6 0.3028
32 22 2.0851
75 65 26.8687
24 14 1.4904
94 84 46.2346
77 67 40.9101
26 16 2.2028
71 61 10.4122
86 76 44.5463
35 25 3.8738
102 92 28.5712
14 4 0.1036
18 8 0.1696
59 49 18.2987
73 63 36.9871
92 82 36.953
49 39 12.4962
100 90 41.1471
83 73 22.252
73 63 18.9295
72 62 24.999
83 73 39.9272
40 30 3.386
41 31 7.6463
17 7 0.1973
73 63 18.6261
79 69 27.5993
22 12 0.3803
60 50 11.4325
62 52 20.1215
83 73 45.6854
73 63 30.9893
105 95 31.5002
75 65 36.2031
71 61 22.0581
29 19 1.4316
47 37 4.8656
70 60 14.1286
72 62 20.4006
82 72 25.6279
99 89 58.1544
70 60 16.3256
91 81 36.2801
34 24 3.5925
52 42 10.4219
28 18 1.4823
18 8 0.2699
42 32 8.6166
105 95 59.3778
42 32 5.296
37 27 5.7533
35 25 2.5015
102 92 51.011
19 9 0.7519
14 4 0.0478
105 95 89.242
55 45 9.2696
13 3 0.089
46 36 10.0559
91 81 53.8536
80 70 29.9209
45 35 9.874
70 60 16.7715
16 6 0.3002
100 90 23.0237
31 21 2.6827
43 33 10.38
57 47 8.366
109 99 34.1021
13 3 0.0797
25 15 2.0739
106 96 62.2395
87 77 54.5663
75 65 13.8801
88 78 54.4555
89 79 40.174
28 18 2.9663
102 92 26.2287
11 1 0.0063
87 77 50.7215
16 6 0.3286
22 12 1.3731
36 26 4.1441
79 69 13.6745
41 31 6.6353
84 74 28.0508
29 19 2.1536
12 2 0.0399
11 1 0.0083
41 31 3.4451
72 62 35.7664
79 69 43.407
87 77 28.2492
52 42 16.8937
97 87 75.247
89 79 48.4681
35 25 5.9287
72 62 34.1687
47 37 7.004
68 58 24.8592
73 63 35.4275
76 66 22.32
77 67 36.1165
63 53 14.636
49 39 9.9534
86 76 33.1914
51 41 11.7814
26 16 1.5139
38 28 6.6719
50 40 5.302
41 31 9.4489
107 97 30.4472
20 10 0.4983
82 72 20.2635
27 17 1.2337
94 84 57.078
79 69 18.5081
80 70 40.1601
85 75 19.5249
86 76 19.4111
85 75 32.6521
103 93 30.3348
52 42 9.707
42 32 9.9774
20 10 0.874
42 32 3.3992
94 84 27.9979
79 69 40.0879
32 22 1.4806
107 97 31.778
87 77 29.9318
76 66 37.8323
44 34 9.1767
37 27 4.171
100 90 24.7526
13 3 0.0754
16 6 0.3472
89 79 15.8308
108 98 45.518
75 65 35.324
93 83 51.7177
44 34 4.6345
44 34 11.3326
41 31 4.3719
56 46 14.2567
106 96 59.7514
55 45 9.2215
34 24 4.7729
30 20 1.4835
87 77 52.8209
81 71 25.5247
85 75 17.8168
46 36 10.7781
71 61 16.4706
60 50 12.3173
87 77 41.6464
44 34 9.5976
65 55 22.185
80 70 21.2309
107 97 58.3986
65 55 14.4971
73 63 26.8293
61 51 25.5571
95 85 35.7341
11 1 0.0033
29 19 1.1885
69 59 25.8532
63 53 16.5551
44 34 7.2243
94 84 58.8335
95 85 31.4542
38 28 4.0208
82 72 30.8569
57 47 8.4576
91 81 32.4399
11 1 0.0073
20 10 0.7218
39 29 6.6812
99 89 63.0404
92 82 65.2993
14 4 0.07
19 9 0.418
80 70 32.8638
20 10 0.6646
95 85 56.5639
66 56 10.9601
93 83 36.0444
52 42 13.3956
69 59 19.6879
99 89 33.0039
60 50 14.9089
109 99 33.9504
82 72 19.2352
66 56 12.6629
16 6 0.2372
24 14 1.4906
62 52 14.4849
12 2 0.0225
32 22 3.4581
103 93 65.529
79 69 39.5528
100 90 41.5948
78 68 35.8346
19 9 0.5848
49 39 8.4117
71 61 15.3217
78 68 12.6871
24 14 0.8501
106 96 49.1093
19 9 0.3244
82 72 24.8582
77 67 33.6992
49 39 5.9707
15 5 0.1626
66 56 19.9746
106 96 67.0237
16 6 0.2133
32 22 4.3156
70 60 17.6392
35 25 4.632
16 6 0.2404
57 47 9.9282
105 95 27.8763
53 43 5.2629
14 4 0.0959
82 72 26.6256
60 50 24.6036
26 16 1.3113
43 33 3.5265
39 29 4.4974
71 61 20.8694
93 83 48.3957
29 19 1.3177
46 36 6.1568
32 22 2.4445
107 97 79.5539
63 53 21.6244
16 6 0.1639
33 23 5.0751
80 70 18.0982
107 97 40.5731
12 2 0.0335
37 27 1.8989
86 76 29.9658
47 37 6.5204
18 8 0.1927
98 88 67.1285
27 17 1.1349
100 90 80.4501
25 15 1.8703
73 63 24.2261
13 3 0.0365
20 10 0.3756
48 38 13.166
86 76 47.4253
97 87 51.5912
28 18 1.5833
82 72 13.6922
24 14 1.5317
25 15 1.9014
98 88 22.9613
17 7 0.1895
12 2 0.0284
77 67 27.4723
40 30 6.1906
50 40 11.029
72 62 20.8977
56 46 17.2848
101 91 21.3869
15 5 0.2169
77 67 13.278
18 8 0.6111
40 30 2.3492
65 55 28.9229
15 5 0.1201
44 34 9.1476
107 97 48.2205
11 1 0.0068
76 66 23.915
31 21 2.7859
68 58 16.9398
19 9 0.3207
62 52 19.972
33 23 1.4218
70 60 19.1774
104 94 51.2269
51 41 16.0801
23 13 0.4706
85 75 34.2202
36 26 4.6397
76 66 16.833
12 2 0.0259
20 10 0.8543
62 52 21.3934
106 96 88.1214
84 74 21.2595
52 42 13.3152
70 60 33.8701
96 86 29.1298
69 59 20.9032
27 17 1.4748
24 14 1.0808
104 94 32.539
64 54 24.457
88 78 27.014
75 65 12.1773
44 34 6.4994
49 39 10.7827
109 99 83.3569
44 34 8.809
47 37 11.769
32 22 2.1054
63 53 13.1936
68 58 25.5187
104 94 40.7874
48 38 4.4796
70 60 22.0346
41 31 2.8835
15 5 0.1284
96 86 23.4886
38 28 5.7946
51 41 10.6772
64 54 12.6622
107 97 78.684
23 13 0.8712
83 73 40.4636
34 24 2.9443
31 21 1.816
74 64 29.293
38 28 4.6002
89 79 30.2665
14 4 0.0922
13 3 0.0382
102 92 82.8173
41 31 3.0597
14 4 0.1262
28 18 0.8917
11 1 0.009
100 90 46.9102
59 49 14.1233
38 28 2.9138
74 64 10.5047
80 70 18.0506
98 88 20.6125
24 14 1.4573
59 49 13.8466
79 69 18.2962
59 49 11.1924
42 32 7.0098
67 57 17.4557
46 36 4.8532
98 88 43.1688
106 96 84.4138
79 69 22.9087
77 67 28.4174
