400 9917 9.9499
107 97 39.7593
86 76 49.6038
16 6 92.8159
17 7 95.4177
92 82 54.2933
30 20 88.4014
91 81 55.9519
96 86 14.8533
97 87 40.2996
97 87 28.5851
76 66 39.4434
102 92 16.4771
60 50 70.5096
83 73 33.3021
13 3 97.8774
108 98 18.9486
15 5 95.6797
28 18 82.79
67 57 62.9452
104 94 23.8593
58 48 47.993
44 34 70.087
58 48 60.1648
44 34 69.6791
60 50 61.6194
96 86 30.7359
43 33 75.4449
63 53 57.3488
46 36 62.8342
109 99 28.6
91 81 21.1103
34 24 83.2145
105 95 29.2768
39 29 63.6772
68 58 49.4209
77 67 39.1939
35 25 74.89
28 18 81.9441
64 54 65.0297
36 26 75.8397
13 3 96.1204
102 92 22.1163
20 10 93.6714
42 32 71.8324
70 60 28.8767
52 42 66.6934
107 97 15.4331
95 85 42.5156
98 88 48.215
96 86 48.3776
59 49 49.9312
62 52 56.8546
13 3 97.4208
109 99 13.0299
82 72 40.0069
35 25 79.7467
67 57 62.2032
65 55 57.0871
95 85 46.3693
49 39 64.5918
19 9 92.281
67 57 53.3703
104 94 42.1214
88 78 29.4241
51 41 48.3081
76 66 47.5438
28 18 83.1817
86 76 45.864
95 85 31.3085
78 68 63.3043
105 95 50.2752
103 93 27.5573
78 68 40.85
32 22 77.8647
58 48 69.0328
40 30 74.0443
33 23 78.1014
107 97 13.3269
81 71 46.1448
88 78 46.6134
85 75 43.4953
13 3 97.2354
22 12 87.019
75 65 32.802
76 66 45.6922
95 85 21.7725
102 92 36.7769
85 75 50.2029
39 29 67.409
28 18 82.7281
14 4 95.8833
73 63 55.3045
41 31 75.603
47 37 64.3156
56 46 69.3972
62 52 51.4634
13 3 96.4206
75 65 51.2398
94 84 59.8674
24 14 87.174
43 33 76.6325
41 31 62.5539
15 5 97.1545
75 65 39.0138
86 76 48.5391
56 46 62.1748
11 1 99.2076
47 37 69.0777
69 59 58.8151
54 44 56.2065
24 14 84.2981
30 20 84.1494
12 2 98.4878
54 44 63.7554
40 30 71.8714
106 96 32.9361
78 68 39.115
17 7 94.0279
87 77 49.525
31 21 77.1358
39 29 80.1276
90 80 40.4051
24 14 86.046
48 38 65.7153
85 75 44.9932
46 36 70.7146
61 51 64.854
85 75 41.9956
32 22 81.0612
64 54 34.1488
59 49 64.205
69 59 32.167
29 19 80.8471
77 67 44.4889
82 72 40.4203
44 34 70.9335
48 38 71.0497
72 62 62.3263
21 11 87.0358
46 36 78.2075
50 40 72.2874
74 64 55.3298
53 43 59.3948
73 63 32.7836
75 65 52.635
41 31 69.4789
75 65 54.6091
69 59 55.5368
61 51 62.26
86 76 32.5995
100 90 27.3696
60 50 69.9314
93 83 42.7376
77 67 49.1163
84 74 47.3234
34 24 78.1438
31 21 85.8143
21 11 86.1444
66 56 55.0787
81 71 42.6344
60 50 64.0736
14 4 95.2361
70 60 42.9588
91 81 29.4795
33 23 79.2509
69 59 44.6251
13 3 96.0635
42 32 77.6866
30 20 77.8065
93 83 53.3776
14 4 95.4627
24 14 86.2539
73 63 43.6815
41 31 70.1507
48 38 74.0581
81 71 50.2596
91 81 14.685
104 94 38.5492
101 91 11.8109
44 34 74.1114
62 52 67.3516
107 97 39.5251
36 26 83.7847
17 7 95.8167
51 41 61.8755
59 49 71.0784
46 36 76.9497
54 44 72.9743
68 58 37.9037
58 48 58.7599
42 32 81.1279
45 35 63.6277
81 71 48.5252
88 78 28.0677
91 81 41.0163
97 87 14.9661
34 24 77.048
53 43 76.6378
88 78 38.2283
35 25 81.8446
74 64 36.9932
32 22 81.9822
104 94 32.2851
41 31 64.6191
98 88 31.1677
36 26 66.6133
19 9 92.1312
72 62 57.1219
85 75 39.3066
21 11 90.1057
93 83 37.3126
89 79 33.3899
83 73 20.7936
45 35 62.6931
75 65 25.9998
95 85 20.8767
108 98 21.5185
79 69 43.3359
66 56 38.2357
68 58 53.6014
60 50 75.3459
49 39 77.6196
32 22 81.4759
103 93 23.1563
67 57 38.7643
99 89 39.3656
11 1 99.1936
23 13 92.735
59 49 69.0461
95 85 47.7108
102 92 25.8542
72 62 35.8897
51 41 68.4922
30 20 79.6324
20 10 93.0222
43 33 71.9104
71 61 40.5769
60 50 62.044
62 52 51.889
12 2 97.3833
57 47 61.9463
20 10 87.855
109 99 12.8946
67 57 55.8786
35 25 86.5439
72 62 44.1281
52 42 72.0631
59 49 44.4822
108 98 26.2246
54 44 47.6611
98 88 39.3342
93 83 29.3775
28 18 84.9568
77 67 42.1188
35 25 75.5909
66 56 48.4583
46 36 73.4998
74 64 47.53
54 44 70.7365
50 40 60.5393
56 46 69.6056
33 23 79.5593
20 10 91.947
97 87 38.1689
78 68 48.4722
14 4 96.8138
78 68 46.1231
78 68 45.4546
32 22 73.135
106 96 7.199
31 21 84.1237
102 92 30.8747
96 86 35.5932
64 54 42.9995
39 29 63.7794
43 33 67.3368
80 70 37.2979
75 65 42.53
39 29 74.7412
98 88 58.3849
21 11 90.1474
45 35 73.9118
89 79 28.795
26 16 88.808
35 25 81.1062
48 38 64.4664
56 46 69.579
24 14 89.988
87 77 48.6618
13 3 96.3755
22 12 84.2651
50 40 58.1437
101 91 44.7374
86 76 49.6532
93 83 53.5282
34 24 74.7135
13 3 97.3123
51 41 66.4584
83 73 39.9588
82 72 57.2156
24 14 85.4645
27 17 85.7495
37 27 72.5648
63 53 57.6461
90 80 34.8454
71 61 39.7959
38 28 70.9587
46 36 61.5064
39 29 62.0015
91 81 47.6776
105 95 35.1507
17 7 92.947
66 56 34.4675
109 99 34.3408
59 49 64.8347
43 33 65.3866
37 27 78.1668
11 1 98.736
25 15 85.2501
46 36 59.9215
25 15 90.6856
91 81 38.4512
65 55 55.7352
99 89 41.2716
18 8 94.253
24 14 90.4097
62 52 59.2069
51 41 61.6272
67 57 70.6995
58 48 50.6275
15 5 95.7345
82 72 39.6988
49 39 53.8991
102 92 22.3928
20 10 94.5912
70 60 35.2539
46 36 60.586
62 52 65.6197
24 14 84.232
47 37 63.8385
44 34 79.6092
97 87 21.5593
107 97 24.8124
105 95 8.3723
59 49 58.1955
56 46 48.6897
52 42 52.818
21 11 89.2005
105 95 25.9478
11 1 98.9667
26 16 78.9788
25 15 85.8513
56 46 62.7454
109 99 16.9472
72 62 51.4663
48 38 64.7236
12 2 98.4104
62 52 64.0416
36 26 71.597
21 11 86.827
81 71 45.1934
78 68 48.7679
21 11 92.1274
43 33 69.274
94 84 29.1179
54 44 59.1992
33 23 74.6185
21 11 90.3773
77 67 57.7296
82 72 45.1476
30 20 84.4249
23 13 84.2981
71 61 54.1387
57 47 60.5969
95 85 22.8226
45 35 73.9772
47 37 59.0623
41 31 82.3447
85 75 36.8097
56 46 62.8056
37 27 78.2075
100 90 32.1285
109 99 24.8602
31 21 81.5463
28 18 85.4996
97 87 36.5396
88 78 26.8334
33 23 79.3899
51 41 73.6181
16 6 93.3407
104 94 13.488
68 58 50.3986
35 25 84.0706
72 62 66.7571
57 47 60.7199
40 30 75.0857
69 59 65.204
24 14 84.4524
35 25 82.3829
86 76 48.4917
