100 2419 9.9499
88 78 24.5917
28 18 81.7126
65 55 50.3887
41 31 71.6071
47 37 67.1711
67 57 37.8853
29 19 81.2432
78 68 55.4787
52 42 67.3023
14 4 94.5542
14 4 96.2538
22 12 88.36
81 71 51.6602
50 40 66.0221
72 62 47.4142
23 13 87.7257
97 87 44.1972
80 70 45.6219
91 81 27.7898
109 99 13.8622
83 73 26.7723
15 5 95.85
54 44 68.6313
90 80 23.3115
30 20 76.1797
75 65 30.2423
18 8 93.7644
109 99 23.9268
35 25 79.1691
11 1 99.2693
81 71 43.0008
72 62 51.7464
45 35 66.5725
108 98 8.3198
19 9 90.0089
19 9 93.5379
43 33 66.0774
72 62 60.6327
14 4 96.0126
82 72 54.5235
61 51 59.1284
31 21 77.0673
37 27 72.7745
28 18 83.5378
54 44 54.5382
101 91 31.9383
92 82 46.3067
35 25 75.1169
101 91 47.0719
26 16 91.5524
66 56 48.2844
43 33 81.803
43 33 68.3582
98 88 50.3163
86 76 34.498
76 66 35.7592
85 75 40.0006
66 56 64.0976
39 29 76.7323
63 53 54.9066
88 78 32.0152
68 58 57.8178
67 57 46.8746
59 49 51.9783
17 7 93.2383
27 17 81.0216
49 39 60.2937
61 51 58.7492
92 82 28.6022
49 39 78.1898
86 76 26.2728
100 90 29.4165
103 93 19.4216
100 90 22.924
33 23 87.8063
86 76 28.4729
67 57 54.2948
14 4 94.5115
59 49 66.9451
24 14 85.1154
103 93 22.8427
38 28 84.2375
12 2 98.4957
27 17 82.6281
56 46 63.4587
71 61 52.0562
63 53 47.9321
40 30 84.0559
29 19 78.3384
42 32 76.4558
63 53 53.0086
80 70 66.7244
92 82 39.3054
11 1 98.9587
109 99 51.4806
66 56 57.3458
69 59 38.1516
48 38 64.5596
72 62 48.902
45 35 58.7124
