400 10126 9.9499
15 5 1.4037
77 67 104.5584
38 28 19.8978
36 26 15.4357
46 36 52.1649
50 40 153.9229
110 100 0.0
102 92 1.5236
46 36 61.032
107 97 0.1641
48 38 32.3635
62 52 49.7399
32 22 9.1063
90 80 15.4233
11 1 0.0839
41 31 92.525
83 73 56.9665
85 75 9.815
56 46 189.8776
41 31 65.2216
99 89 10.8699
110 100 0.0
92 82 29.4631
21 11 12.8928
39 29 80.3494
29 19 37.7712
43 33 86.2128
58 48 132.2445
72 62 26.8119
37 27 61.486
34 24 37.2208
46 36 85.6414
77 67 81.8031
100 90 8.4677
18 8 2.0384
18 8 0.3733
24 14 16.9828
94 84 24.4538
25 15 18.2849
76 66 84.4965
44 34 124.5181
16 6 1.7725
85 75 31.8578
101 91 7.7866
12 2 0.2734
50 40 93.4802
28 18 6.705
29 19 33.5827
90 80 27.7397
34 24 21.1321
48 38 20.5214
98 88 9.3859
104 94 3.6455
19 9 6.8705
46 36 48.5332
57 47 50.0063
59 49 256.4708
105 95 0.9141
38 28 48.4149
13 3 0.7942
80 70 71.2433
84 74 58.8555
31 21 31.3209
96 86 6.3821
18 8 6.1755
62 52 63.0111
75 65 72.842
76 66 120.4614
25 15 22.901
69 59 32.7474
47 37 40.3173
15 5 0.6771
19 9 6.4273
29 19 4.9569
39 29 38.6199
67 57 164.0545
41 31 11.0831
82 72 15.1991
51 41 85.3578
109 99 0.0368
13 3 0.4848
43 33 114.7275
99 89 3.49
24 14 4.9049
42 32 68.3699
97 87 1.2917
104 94 1.7124
17 7 0.4788
69 59 100.9544
14 4 0.1699
110 100 0.0
93 83 0.3927
49 39 101.0418
85 75 15.6426
94 84 13.4589
43 33 102.8892
98 88 0.8786
82 72 5.5998
84 74 17.3169
87 77 3.6495
57 47 171.055
75 65 41.5064
44 34 48.7677
20 10 1.2454
36 26 25.2645
39 29 12.0521
50 40 108.9154
82 72 38.297
107 97 0.8274
96 86 15.7177
50 40 27.0522
30 20 31.6455
48 38 128.404
104 94 3.2744
84 74 74.3244
91 81 37.7227
60 50 23.8625
50 40 159.1324
38 28 39.3199
19 9 2.9305
90 80 23.0776
25 15 14.1611
32 22 45.403
17 7 0.6458
31 21 16.5609
107 97 0.0639
47 37 3.3867
26 16 23.8754
11 1 0.1013
69 59 58.8069
93 83 27.0515
56 46 72.6947
33 23 9.9436
88 78 51.8927
102 92 5.9058
74 64 141.1506
106 96 0.651
21 11 13.1893
97 87 10.8829
76 66 95.7456
23 13 8.1683
11 1 0.0605
104 94 3.6874
73 63 123.7265
42 32 68.919
106 96 0.786
33 23 4.0347
69 59 60.74
49 39 31.5086
34 24 32.9429
60 50 272.3862
23 13 4.8248
25 15 16.7154
19 9 3.6413
24 14 9.6561
53 43 134.7198
90 80 34.4481
102 92 2.2155
55 45 12.9695
88 78 7.5084
22 12 13.095
71 61 18.2731
24 14 7.3222
75 65 42.3542
101 91 3.8298
33 23 33.3802
26 16 13.0316
19 9 8.6548
27 17 21.2515
87 77 35.9744
86 76 8.157
87 77 57.8534
55 45 168.1518
91 81 30.9035
87 77 9.3226
18 8 4.9693
11 1 0.0172
35 25 20.2637
100 90 10.2918
27 17 2.8933
45 35 70.7144
102 92 1.3387
53 43 173.3347
29 19 17.8791
22 12 15.9797
57 47 92.0889
110 100 0.0
38 28 77.4418
68 58 61.8696
65 55 30.0761
37 27 53.5976
59 49 17.8237
101 91 5.26
31 21 5.7743
82 72 51.7022
32 22 6.7934
100 90 6.8579
55 45 115.3473
58 48 159.2303
104 94 2.1119
63 53 4.3988
104 94 3.5579
96 86 10.0209
33 23 7.3174
12 2 0.2818
50 40 96.4468
40 30 91.996
92 82 6.8063
75 65 16.2496
58 48 53.0899
66 56 188.6726
52 42 186.9618
23 13 10.3944
36 26 56.2522
78 68 18.8362
66 56 44.9402
24 14 2.1471
59 49 244.1582
51 41 37.3727
92 82 27.4666
81 71 38.2945
46 36 88.9462
99 89 9.9455
39 29 37.5422
82 72 11.9173
110 100 0.0
62 52 52.3545
34 24 0.8759
85 75 3.6734
67 57 8.0946
99 89 10.6788
93 83 27.6027
104 94 0.9744
95 85 12.2675
35 25 50.085
91 81 39.5064
53 43 90.8282
96 86 18.6707
58 48 107.7019
44 34 35.8464
43 33 112.8521
59 49 166.6242
16 6 0.8632
69 59 17.2281
17 7 0.4538
54 44 179.2892
79 69 32.4358
44 34 17.4573
74 64 44.8524
36 26 39.3284
92 82 20.817
28 18 6.7353
87 77 24.3938
75 65 68.4965
41 31 44.3314
76 66 127.1271
94 84 10.8723
30 20 3.9966
82 72 82.6751
61 51 25.5165
21 11 4.1752
101 91 6.0613
89 79 39.3459
97 87 11.5211
72 62 90.5579
94 84 23.0891
18 8 5.0943
107 97 0.5648
110 100 0.0
88 78 9.2558
41 31 65.4206
27 17 22.6446
50 40 151.6527
22 12 2.6919
109 99 0.0838
102 92 1.1998
85 75 46.4534
100 90 0.775
66 56 86.3718
75 65 130.5915
26 16 7.1429
53 43 40.6462
78 68 110.8259
48 38 104.6436
22 12 6.1514
11 1 0.0956
72 62 116.1034
43 33 39.4206
97 87 4.6629
13 3 0.6112
57 47 11.8959
68 58 10.9223
25 15 11.7999
58 48 127.5536
22 12 13.3486
91 81 18.7944
31 21 6.141
102 92 1.7615
72 62 32.3579
62 52 181.0167
36 26 44.9775
43 33 67.7898
27 17 11.3583
51 41 3.5367
27 17 5.2857
92 82 2.0216
59 49 47.8587
43 33 95.1024
27 17 21.779
106 96 0.7653
50 40 157.9736
15 5 1.4975
78 68 64.7372
87 77 54.0616
80 70 53.4328
63 53 205.6628
37 27 1.9393
94 84 1.5298
30 20 12.1551
106 96 0.7354
39 29 76.1709
74 64 137.1244
79 69 74.4677
105 95 1.079
76 66 9.8412
108 98 0.4209
53 43 155.5212
75 65 18.5508
48 38 56.4685
105 95 2.413
72 62 90.6511
57 47 34.7825
18 8 2.7061
105 95 1.6182
74 64 33.4005
100 90 2.0027
92 82 5.9045
36 26 52.0569
45 35 55.7513
23 13 5.8482
42 32 21.1704
39 29 83.7389
102 92 5.3491
57 47 111.9439
74 64 71.0652
49 39 135.7839
55 45 22.6847
47 37 59.7467
71 61 33.7652
90 80 3.0206
41 31 39.3201
78 68 85.1531
96 86 14.8814
103 93 4.3783
11 1 0.0627
107 97 0.0563
59 49 154.708
105 95 0.1577
62 52 232.3282
108 98 0.383
104 94 3.7719
23 13 15.5614
24 14 3.9127
81 71 25.6567
48 38 117.8176
66 56 1.842
74 64 29.8095
44 34 32.7045
59 49 145.6457
103 93 0.7021
105 95 0.4167
105 95 1.206
23 13 16.3318
49 39 3.4576
89 79 9.1588
26 16 20.9257
87 77 12.8733
71 61 107.1633
61 51 94.6138
93 83 21.0925
107 97 0.953
54 44 190.3863
61 51 21.213
11 1 0.0749
45 35 110.9075
21 11 10.0984
44 34 127.2717
17 7 3.9715
26 16 10.0751
24 14 14.9778
101 91 7.3812
40 30 10.2533
16 6 3.7845
70 60 121.4047
104 94 3.8437
58 48 200.6231
44 34 100.8301
14 4 0.9862
93 83 7.5042
91 81 32.1664
