900 22643 4.3589
94 84 28.2185
66 56 211.4134
21 11 9.0674
34 24 30.5584
84 74 64.743
37 27 7.0356
64 54 69.021
89 79 41.1908
15 5 1.7967
41 31 46.422
109 99 0.0824
79 69 12.2584
84 74 61.7079
39 29 8.5407
77 67 79.6962
42 32 89.2978
106 96 0.1514
60 50 266.3029
30 20 40.4489
49 39 150.9124
72 62 115.7291
62 52 108.7114
21 11 10.9241
23 13 17.4769
100 90 3.5064
110 100 0.0
94 84 1.4014
99 89 4.4887
51 41 44.8017
28 18 11.0644
47 37 93.7801
83 73 48.3101
13 3 0.9713
44 34 91.1991
68 58 171.7134
36 26 31.6869
11 1 0.0716
77 67 30.4657
85 75 48.9885
77 67 99.1973
54 44 74.8396
36 26 23.3037
91 81 10.5727
100 90 5.1069
17 7 4.9945
84 74 70.652
33 23 41.2275
25 15 11.4926
12 2 0.1814
74 64 9.9048
51 41 93.4281
42 32 105.7977
106 96 0.6774
45 35 31.8055
99 89 6.7935
40 30 80.639
89 79 16.8773
58 48 111.8956
61 51 65.6163
68 58 83.4719
74 64 84.0605
64 54 141.2182
105 95 0.0638
27 17 4.6246
101 91 1.9626
91 81 39.8166
96 86 10.2135
20 10 3.3846
62 52 17.7934
52 42 189.1549
13 3 0.9192
39 29 83.6986
15 5 2.4735
57 47 53.6376
110 100 0.0
60 50 254.834
39 29 8.471
67 57 199.9888
24 14 11.1028
56 46 116.534
24 14 7.7372
29 19 25.8036
82 72 45.5828
20 10 6.5303
18 8 1.9945
11 1 0.0402
56 46 62.041
14 4 1.008
73 63 144.5924
44 34 25.7269
64 54 124.6472
79 69 1.3214
100 90 1.5705
39 29 74.4281
42 32 97.9155
19 9 7.7226
18 8 6.1648
69 59 39.8774
60 50 249.2562
97 87 9.2885
98 88 13.4319
91 81 20.8193
91 81 23.8242
35 25 45.4262
71 61 153.8603
23 13 17.5509
99 89 7.278
59 49 17.9155
107 97 0.3713
33 23 31.6434
62 52 78.694
55 45 185.9808
104 94 3.2686
48 38 97.1649
38 28 45.7255
51 41 156.5568
107 97 0.2879
57 47 65.2397
28 18 31.1658
107 97 0.5039
100 90 1.7865
73 63 86.3832
37 27 75.5269
86 76 10.7846
28 18 21.2572
84 74 66.7148
30 20 33.7883
61 51 180.5463
56 46 77.0774
97 87 14.2908
91 81 10.2073
25 15 21.3188
18 8 3.2429
84 74 51.6866
91 81 8.8263
32 22 43.3518
98 88 6.7243
17 7 3.2614
64 54 30.4007
73 63 44.0044
28 18 16.9204
103 93 3.3593
106 96 0.2753
63 53 48.22
108 98 0.1174
89 79 40.1023
58 48 212.0917
28 18 26.7703
66 56 110.0207
52 42 103.6988
26 16 15.4871
57 47 54.0831
39 29 0.4004
68 58 82.4396
46 36 138.4258
29 19 30.8523
35 25 65.3757
46 36 13.0205
34 24 23.4171
49 39 113.6805
62 52 60.1233
89 79 41.2607
13 3 0.1625
22 12 11.5655
23 13 9.6356
99 89 10.6335
18 8 1.7159
37 27 33.5228
25 15 9.1638
11 1 0.0883
52 42 118.0455
36 26 6.0547
110 100 0.0
62 52 9.4143
23 13 15.5113
12 2 0.2287
83 73 43.6418
30 20 40.9446
106 96 0.8165
64 54 33.4329
57 47 148.0185
109 99 0.0869
82 72 69.0254
26 16 18.0392
65 55 193.1775
31 21 13.4487
84 74 42.298
34 24 41.5419
41 31 47.9145
26 16 12.1798
95 85 3.1945
76 66 88.998
52 42 144.3226
90 80 40.2745
104 94 0.5131
31 21 23.5853
30 20 27.7418
39 29 29.7974
75 65 67.9913
43 33 8.4772
97 87 3.7373
103 93 3.9808
78 68 37.2483
16 6 1.0219
78 68 31.641
45 35 73.4537
54 44 177.0792
104 94 2.5902
40 30 30.8545
25 15 2.6227
89 79 12.7148
21 11 7.4763
15 5 2.4215
36 26 38.0693
93 83 3.4149
40 30 42.8098
85 75 42.0839
93 83 24.2504
39 29 45.0484
73 63 109.1931
72 62 26.6275
110 100 0.0
15 5 1.6444
61 51 146.8672
36 26 52.0289
56 46 107.2894
66 56 77.1494
23 13 11.9456
25 15 17.4033
107 97 0.1585
105 95 1.8453
34 24 36.9697
39 29 7.8125
41 31 80.1925
73 63 36.1286
44 34 48.8787
32 22 45.2917
87 77 36.9866
33 23 7.2947
62 52 93.5008
108 98 0.2906
73 63 0.992
85 75 35.4727
40 30 13.2477
59 49 203.6438
60 50 200.249
97 87 10.8435
37 27 65.9522
72 62 59.4044
88 78 39.3582
57 47 156.2931
19 9 7.1332
50 40 80.5399
12 2 0.402
20 10 10.1742
21 11 10.0734
67 57 150.7832
58 48 52.3936
46 36 35.5442
34 24 52.197
73 63 75.8395
45 35 13.2108
72 62 145.3118
39 29 70.8736
54 44 104.6988
32 22 5.2012
53 43 65.1636
92 82 14.9609
80 70 85.3941
98 88 8.3912
103 93 3.8267
14 4 0.0828
57 47 65.0604
48 38 142.2667
90 80 14.2293
109 99 0.0459
51 41 85.723
42 32 88.7352
24 14 4.6314
24 14 0.4684
89 79 7.3821
76 66 49.8658
86 76 42.6377
66 56 108.2648
89 79 4.9938
34 24 53.4345
16 6 2.4556
89 79 19.8191
44 34 40.5238
87 77 18.7921
89 79 38.1482
107 97 0.6244
34 24 29.6818
43 33 0.8203
108 98 0.1728
100 90 0.4014
38 28 6.2447
30 20 25.0298
54 44 108.6829
34 24 24.7084
101 91 6.1779
30 20 13.815
80 70 56.4849
37 27 36.4735
48 38 99.87
89 79 9.0086
97 87 8.311
102 92 6.8718
49 39 160.6897
59 49 188.0796
105 95 2.5323
71 61 68.5629
59 49 57.3229
72 62 128.2282
11 1 0.0811
34 24 13.1509
101 91 3.942
70 60 163.7868
67 57 74.0661
94 84 10.666
100 90 4.7838
76 66 41.8497
58 48 88.9272
94 84 22.4094
13 3 0.7028
31 21 46.9872
40 30 49.9822
40 30 40.4057
83 73 60.4462
70 60 91.5712
59 49 248.634
25 15 11.3721
41 31 18.2214
25 15 3.5802
72 62 79.0624
27 17 18.4152
54 44 90.9583
106 96 0.2829
72 62 105.8726
46 36 5.6341
105 95 1.2208
80 70 47.9703
69 59 81.5601
45 35 102.936
96 86 5.7649
53 43 69.6075
106 96 1.1498
99 89 6.9837
46 36 22.9388
15 5 0.5708
36 26 9.5552
11 1 0.0473
23 13 12.4693
63 53 163.9599
49 39 63.0094
63 53 217.8756
86 76 18.9427
50 40 8.7221
63 53 199.7519
85 75 37.3009
103 93 0.0794
57 47 90.835
34 24 12.4098
58 48 158.6064
19 9 0.8019
51 41 168.6765
108 98 0.4247
87 77 24.2558
37 27 39.057
87 77 35.7088
53 43 53.7386
24 14 18.9181
77 67 118.3978
56 46 192.612
108 98 0.1025
103 93 5.0323
49 39 81.1587
19 9 5.0319
55 45 50.3719
16 6 1.6552
28 18 24.989
48 38 96.7593
55 45 104.1289
24 14 8.9576
44 34 112.984
55 45 48.8397
42 32 93.5539
86 76 52.7935
94 84 19.8176
28 18 35.5323
40 30 85.8155
58 48 110.4694
69 59 142.3602
52 42 90.3201
70 60 177.0516
50 40 9.9611
62 52 210.1975
79 69 95.6952
95 85 17.9617
18 8 1.8446
74 64 92.5096
106 96 1.5123
83 73 37.2321
108 98 0.1836
63 53 224.2574
93 83 23.8214
15 5 1.8464
61 51 13.7275
49 39 156.2233
101 91 5.226
43 33 12.6221
68 58 69.6027
28 18 27.9428
11 1 0.0465
82 72 14.7273
25 15 3.9932
94 84 25.178
88 78 26.4389
73 63 2.5409
15 5 0.4857
74 64 131.8595
41 31 0.9961
31 21 28.5227
81 71 61.8987
53 43 192.4282
84 74 38.0093
17 7 3.6171
21 11 3.3986
14 4 0.3066
94 84 24.9654
62 52 5.9838
82 72 40.5641
84 74 34.966
13 3 0.5168
95 85 1.0699
62 52 15.5502
74 64 11.1726
94 84 11.5109
65 55 70.053
21 11 10.3996
89 79 39.8658
22 12 1.9015
75 65 119.395
65 55 3.1112
29 19 31.6069
49 39 103.6096
105 95 2.1153
50 40 25.0728
31 21 32.3819
38 28 75.3866
109 99 0.0967
88 78 16.0115
17 7 4.7415
57 47 190.5997
73 63 45.2752
75 65 96.9159
23 13 5.5809
102 92 3.3239
38 28 82.2067
82 72 45.2295
100 90 10.5295
34 24 22.4121
99 89 6.1144
47 37 95.4141
65 55 68.1962
23 13 2.435
38 28 15.7657
50 40 57.518
68 58 41.535
24 14 17.8022
104 94 2.702
105 95 0.9223
15 5 0.4213
96 86 10.4863
15 5 1.6193
93 83 15.7745
13 3 0.2296
90 80 28.6925
32 22 8.5614
21 11 7.0124
36 26 40.848
74 64 37.2724
42 32 79.4747
15 5 1.1232
108 98 0.3396
26 16 19.8917
11 1 0.0555
47 37 45.7513
47 37 57.3241
77 67 67.1792
57 47 245.2598
19 9 6.5498
13 3 0.8576
92 82 20.2756
50 40 16.2218
89 79 23.1593
77 67 18.3566
36 26 44.0023
91 81 32.3485
63 53 113.9764
86 76 15.7896
101 91 6.2804
69 59 16.8323
63 53 146.6709
37 27 37.7718
98 88 10.065
89 79 42.5105
24 14 5.829
63 53 91.7284
54 44 40.9
108 98 0.0457
17 7 1.6263
40 30 35.2673
65 55 182.0925
27 17 8.7941
27 17 21.9505
24 14 6.4886
71 61 106.5921
43 33 23.6263
22 12 0.4891
49 39 57.7873
33 23 31.5576
61 51 199.8738
87 77 25.4872
55 45 175.906
89 79 47.7518
47 37 138.426
32 22 17.9628
102 92 2.8384
77 67 76.1356
91 81 24.195
12 2 0.1805
87 77 21.1726
97 87 9.1778
54 44 100.6771
24 14 6.2697
77 67 110.5967
29 19 28.7776
42 32 98.144
46 36 45.5784
27 17 19.852
108 98 0.3579
68 58 174.4998
69 59 41.4848
65 55 127.3399
35 25 28.4448
70 60 13.6394
43 33 42.99
16 6 1.8244
104 94 2.6204
72 62 2.0252
94 84 11.0898
88 78 14.8503
80 70 31.2912
106 96 0.6842
64 54 26.4264
97 87 10.43
22 12 7.3195
69 59 179.514
41 31 44.1807
108 98 0.3552
91 81 5.0073
83 73 61.2938
55 45 103.4207
13 3 0.453
98 88 4.667
52 42 21.7364
31 21 37.9148
22 12 10.1933
108 98 0.2302
34 24 5.7146
84 74 66.3343
41 31 12.9195
39 29 57.2057
22 12 7.4312
80 70 80.3444
56 46 125.4649
54 44 140.0055
46 36 74.0341
99 89 8.9695
64 54 207.4075
18 8 5.6269
69 59 182.388
49 39 63.6895
52 42 38.9361
57 47 219.5552
48 38 150.2583
68 58 61.9173
67 57 120.9765
18 8 7.0355
54 44 213.4813
67 57 27.7931
45 35 75.1661
87 77 11.5828
23 13 15.0705
26 16 25.2397
78 68 82.0619
97 87 10.8968
15 5 0.4022
74 64 65.2087
54 44 141.5805
12 2 0.101
14 4 0.9605
14 4 1.0084
96 86 12.5782
62 52 191.4654
90 80 37.5861
64 54 24.862
26 16 2.777
84 74 49.4933
40 30 90.4613
96 86 17.3713
110 100 0.0
65 55 128.6756
48 38 88.3523
38 28 49.9918
54 44 69.4893
87 77 9.6414
96 86 20.0219
74 64 93.3778
88 78 8.6007
27 17 26.8518
51 41 61.6948
51 41 151.7392
100 90 8.6883
24 14 1.4661
92 82 31.8087
99 89 3.3306
27 17 23.0802
55 45 193.9754
82 72 44.1063
103 93 1.353
20 10 0.8631
51 41 57.9081
53 43 134.2778
44 34 39.2922
94 84 17.5936
15 5 1.5209
46 36 105.7505
24 14 10.8252
74 64 27.5208
45 35 77.4512
30 20 34.448
44 34 85.2145
76 66 13.3862
106 96 0.5959
40 30 39.467
72 62 146.5032
54 44 91.8082
61 51 108.2976
77 67 118.9311
110 100 0.0
28 18 32.9209
108 98 0.3802
96 86 2.565
38 28 85.2316
90 80 22.4865
50 40 44.2677
37 27 21.726
97 87 13.0274
60 50 231.8577
49 39 73.2085
79 69 20.794
69 59 97.6692
67 57 6.9297
95 85 10.764
102 92 5.3673
70 60 165.2078
73 63 138.9554
74 64 25.7412
62 52 46.1784
78 68 97.4549
25 15 12.1295
85 75 56.8504
68 58 90.1599
83 73 50.9187
53 43 120.6237
68 58 143.0665
69 59 107.8969
101 91 8.087
108 98 0.0823
53 43 111.1762
89 79 48.9641
105 95 0.254
94 84 18.1592
91 81 15.9796
59 49 250.19
27 17 4.2809
69 59 176.9609
52 42 157.1476
60 50 206.8844
37 27 77.5334
47 37 40.2719
69 59 155.1809
85 75 6.9352
14 4 1.4227
33 23 48.0978
73 63 81.8953
83 73 55.76
106 96 1.5532
91 81 31.4918
108 98 0.0521
35 25 59.71
47 37 85.685
67 57 188.0369
108 98 0.3912
93 83 8.5798
57 47 61.6435
35 25 67.2535
74 64 56.225
50 40 32.368
34 24 10.8972
24 14 16.4029
98 88 5.7018
102 92 3.4017
16 6 0.2283
75 65 100.7204
85 75 30.3491
49 39 145.4935
36 26 37.2627
48 38 104.4108
106 96 0.1201
35 25 28.2893
14 4 0.66
89 79 13.58
31 21 3.0557
97 87 17.0304
104 94 1.1342
102 92 2.8055
98 88 11.7056
104 94 3.6338
17 7 3.8798
55 45 141.3335
106 96 0.1958
31 21 31.3504
67 57 95.1652
62 52 62.492
49 39 115.334
98 88 9.1288
51 41 18.1796
61 51 22.2394
13 3 0.3122
88 78 10.9873
35 25 11.5285
88 78 33.0627
44 34 124.01
67 57 148.2447
25 15 6.7029
47 37 97.0728
39 29 43.0147
58 48 102.0186
14 4 0.8534
13 3 0.2002
40 30 47.6843
15 5 0.8592
50 40 174.9252
26 16 0.5624
78 68 98.8062
35 25 6.6283
22 12 5.2883
69 59 91.2559
35 25 28.9752
105 95 2.301
110 100 0.0
77 67 75.5378
78 68 102.6562
37 27 17.5815
61 51 54.013
56 46 90.7618
48 38 133.6865
57 47 219.4005
110 100 0.0
104 94 2.2874
32 22 49.5465
68 58 192.7573
104 94 3.7219
38 28 75.6668
84 74 50.1989
68 58 144.2916
110 100 0.0
47 37 65.001
56 46 166.8436
46 36 108.6613
62 52 155.6395
29 19 24.9726
24 14 7.0239
53 43 166.9324
90 80 23.0714
82 72 73.6687
98 88 11.3385
90 80 34.4591
42 32 105.5023
32 22 28.9677
56 46 220.856
92 82 1.6585
68 58 11.5297
76 66 88.248
14 4 1.107
59 49 55.9995
76 66 118.5339
72 62 130.1266
69 59 141.7826
57 47 181.1707
72 62 11.9876
63 53 82.057
80 70 40.1782
12 2 0.0942
29 19 7.8833
47 37 62.96
109 99 0.0567
64 54 45.4718
44 34 75.6422
65 55 184.9308
66 56 137.9903
51 41 175.2049
93 83 28.4783
38 28 23.0983
11 1 0.0453
84 74 49.5988
48 38 43.7241
108 98 0.3422
108 98 0.006
42 32 59.2875
104 94 1.0632
39 29 29.8701
80 70 53.6654
59 49 175.1538
75 65 1.491
52 42 80.6574
105 95 1.5638
94 84 12.4764
28 18 20.8217
73 63 0.0813
83 73 78.0868
28 18 4.111
93 83 29.2349
47 37 99.4249
38 28 14.7217
15 5 1.008
70 60 69.3294
108 98 0.3222
12 2 0.4246
41 31 47.0661
20 10 7.7482
17 7 4.3634
105 95 1.5568
110 100 0.0
60 50 91.3786
12 2 0.2854
20 10 0.9185
48 38 106.8655
79 69 25.061
40 30 48.4141
107 97 0.3065
91 81 21.4149
41 31 61.4476
55 45 104.8306
68 58 85.7345
92 82 35.8783
54 44 208.9075
80 70 20.0494
81 71 48.4379
56 46 26.4477
69 59 112.7485
70 60 177.6135
68 58 185.5517
89 79 23.4165
81 71 54.6822
41 31 17.2765
36 26 43.9091
58 48 9.439
109 99 0.0704
85 75 43.9434
79 69 4.5584
12 2 0.0857
108 98 0.1634
39 29 24.3124
54 44 99.2341
65 55 120.5262
70 60 88.6443
75 65 66.4121
34 24 27.741
48 38 144.3317
32 22 6.817
23 13 13.4069
31 21 35.017
108 98 0.3903
53 43 193.2741
31 21 6.7195
109 99 0.0732
43 33 78.1275
74 64 105.1207
56 46 125.9237
75 65 117.6801
24 14 21.2504
89 79 0.388
100 90 9.1224
65 55 141.3513
50 40 16.2547
23 13 5.7534
