400 10525 9.9499
88 88 77.44
69 69 47.61
37 37 13.69
19 19 3.61
14 14 1.96
41 41 16.81
17 17 2.89
66 66 43.56
96 96 92.16
85 85 72.25
96 96 92.16
33 33 10.89
88 88 77.44
38 38 14.44
24 24 5.76
82 82 67.24
63 63 39.69
69 69 47.61
99 99 98.01
70 70 49.0
13 13 1.69
66 66 43.56
72 72 51.84
19 19 3.61
57 57 32.49
72 72 51.84
18 18 3.24
85 85 72.25
44 44 19.36
37 37 13.69
32 32 10.24
54 54 29.16
19 19 3.61
88 88 77.44
11 11 1.21
37 37 13.69
22 22 4.84
23 23 5.29
54 54 29.16
54 54 29.16
70 70 49.0
99 99 98.01
69 69 47.61
99 99 98.01
39 39 15.21
14 14 1.96
81 81 65.61
55 55 30.25
84 84 70.56
91 91 82.81
85 85 72.25
40 40 16.0
49 49 24.01
50 50 25.0
90 90 81.0
58 58 33.64
57 57 32.49
63 63 39.69
71 71 50.41
69 69 47.61
90 90 81.0
2 2 0.04
80 80 64.0
20 20 4.0
98 98 96.04
62 62 38.44
44 44 19.36
12 12 1.44
93 93 86.49
26 26 6.76
64 64 40.96
82 82 67.24
87 87 75.69
40 40 16.0
54 54 29.16
61 61 37.21
5 5 0.25
18 18 3.24
88 88 77.44
45 45 20.25
100 100 100.0
85 85 72.25
88 88 77.44
63 63 39.69
76 76 57.76
21 21 4.41
40 40 16.0
55 55 30.25
19 19 3.61
59 59 34.81
32 32 10.24
11 11 1.21
65 65 42.25
70 70 49.0
90 90 81.0
22 22 4.84
4 4 0.16
82 82 67.24
12 12 1.44
87 87 75.69
44 44 19.36
98 98 96.04
1 1 0.01
24 24 5.76
21 21 4.41
36 36 12.96
16 16 2.56
97 97 94.09
42 42 17.64
48 48 23.04
85 85 72.25
42 42 17.64
83 83 68.89
66 66 43.56
51 51 26.01
86 86 73.96
59 59 34.81
71 71 50.41
29 29 8.41
14 14 1.96
7 7 0.49
35 35 12.25
44 44 19.36
63 63 39.69
40 40 16.0
3 3 0.09
29 29 8.41
42 42 17.64
91 91 82.81
99 99 98.01
59 59 34.81
73 73 53.29
99 99 98.01
96 96 92.16
58 58 33.64
41 41 16.81
96 96 92.16
53 53 28.09
92 92 84.64
40 40 16.0
69 69 47.61
48 48 23.04
2 2 0.04
57 57 32.49
95 95 90.25
49 49 24.01
91 91 82.81
55 55 30.25
40 40 16.0
15 15 2.25
85 85 72.25
89 89 79.21
23 23 5.29
46 46 21.16
13 13 1.69
87 87 75.69
33 33 10.89
63 63 39.69
26 26 6.76
13 13 1.69
3 3 0.09
19 19 3.61
59 59 34.81
32 32 10.24
98 98 96.04
53 53 28.09
67 67 44.89
59 59 34.81
77 77 59.29
95 95 90.25
78 78 60.84
49 49 24.01
85 85 72.25
14 14 1.96
99 99 98.01
64 64 40.96
95 95 90.25
87 87 75.69
17 17 2.89
51 51 26.01
37 37 13.69
9 9 0.81
8 8 0.64
19 19 3.61
50 50 25.0
13 13 1.69
70 70 49.0
85 85 72.25
17 17 2.89
47 47 22.09
71 71 50.41
62 62 38.44
97 97 94.09
61 61 37.21
41 41 16.81
83 83 68.89
72 72 51.84
58 58 33.64
87 87 75.69
97 97 94.09
56 56 31.36
13 13 1.69
23 23 5.29
28 28 7.84
49 49 24.01
32 32 10.24
32 32 10.24
45 45 20.25
28 28 7.84
60 60 36.0
16 16 2.56
5 5 0.25
64 64 40.96
97 97 94.09
67 67 44.89
5 5 0.25
26 26 6.76
47 47 22.09
36 36 12.96
59 59 34.81
3 3 0.09
59 59 34.81
34 34 11.56
57 57 32.49
37 37 13.69
2 2 0.04
74 74 54.76
7 7 0.49
54 54 29.16
63 63 39.69
82 82 67.24
34 34 11.56
50 50 25.0
87 87 75.69
9 9 0.81
44 44 19.36
74 74 54.76
73 73 53.29
3 3 0.09
6 6 0.36
80 80 64.0
64 64 40.96
50 50 25.0
22 22 4.84
72 72 51.84
46 46 21.16
73 73 53.29
78 78 60.84
38 38 14.44
44 44 19.36
35 35 12.25
43 43 18.49
93 93 86.49
47 47 22.09
37 37 13.69
90 90 81.0
35 35 12.25
88 88 77.44
100 100 100.0
13 13 1.69
59 59 34.81
87 87 75.69
17 17 2.89
7 7 0.49
28 28 7.84
41 41 16.81
91 91 82.81
53 53 28.09
23 23 5.29
97 97 94.09
96 96 92.16
85 85 72.25
45 45 20.25
100 100 100.0
11 11 1.21
8 8 0.64
9 9 0.81
57 57 32.49
86 86 73.96
31 31 9.61
35 35 12.25
22 22 4.84
2 2 0.04
95 95 90.25
1 1 0.01
14 14 1.96
95 95 90.25
45 45 20.25
51 51 26.01
99 99 98.01
92 92 84.64
97 97 94.09
36 36 12.96
27 27 7.29
2 2 0.04
32 32 10.24
80 80 64.0
18 18 3.24
25 25 6.25
28 28 7.84
28 28 7.84
17 17 2.89
93 93 86.49
46 46 21.16
51 51 26.01
60 60 36.0
63 63 39.69
58 58 33.64
95 95 90.25
41 41 16.81
23 23 5.29
91 91 82.81
6 6 0.36
63 63 39.69
90 90 81.0
1 1 0.01
63 63 39.69
69 69 47.61
46 46 21.16
87 87 75.69
5 5 0.25
89 89 79.21
94 94 88.36
97 97 94.09
25 25 6.25
28 28 7.84
6 6 0.36
81 81 65.61
29 29 8.41
82 82 67.24
6 6 0.36
31 31 9.61
61 61 37.21
26 26 6.76
92 92 84.64
84 84 70.56
99 99 98.01
100 100 100.0
58 58 33.64
97 97 94.09
41 41 16.81
49 49 24.01
36 36 12.96
41 41 16.81
76 76 57.76
3 3 0.09
5 5 0.25
26 26 6.76
57 57 32.49
39 39 15.21
16 16 2.56
15 15 2.25
93 93 86.49
18 18 3.24
19 19 3.61
76 76 57.76
79 79 62.41
48 48 23.04
34 34 11.56
42 42 17.64
58 58 33.64
69 69 47.61
71 71 50.41
82 82 67.24
29 29 8.41
60 60 36.0
19 19 3.61
25 25 6.25
34 34 11.56
94 94 88.36
84 84 70.56
47 47 22.09
84 84 70.56
36 36 12.96
24 24 5.76
65 65 42.25
55 55 30.25
89 89 79.21
40 40 16.0
45 45 20.25
46 46 21.16
94 94 88.36
90 90 81.0
84 84 70.56
68 68 46.24
40 40 16.0
6 6 0.36
49 49 24.01
39 39 15.21
23 23 5.29
82 82 67.24
79 79 62.41
10 10 1.0
71 71 50.41
14 14 1.96
70 70 49.0
95 95 90.25
30 30 9.0
95 95 90.25
33 33 10.89
