400 10072 4.3589
81 71 43.5877
45 35 130.2683
90 80 0.1005
100 90 6.7429
17 7 4.7121
29 19 25.9567
69 59 34.744
53 43 4.6425
80 70 57.1875
89 79 8.9578
62 52 80.3606
18 8 4.9317
110 100 0.0
26 16 9.807
92 82 18.6274
36 26 8.0671
92 82 10.9147
107 97 0.8089
55 45 63.2815
26 16 3.4571
76 66 23.2578
47 37 100.938
21 11 10.8372
37 27 33.1732
74 64 97.0538
13 3 0.3393
31 21 3.3058
60 50 21.2219
12 2 0.2398
45 35 97.0309
102 92 2.2994
11 1 0.0909
87 77 50.6688
50 40 61.5474
62 52 218.2982
74 64 40.1473
22 12 2.4127
73 63 62.2462
70 60 65.4828
39 29 66.5428
42 32 64.9024
20 10 11.1034
17 7 0.1706
48 38 141.1026
66 56 5.1331
97 87 17.7959
33 23 18.3728
84 74 16.9965
102 92 3.4275
41 31 57.8836
28 18 27.1261
91 81 8.8035
105 95 1.3967
69 59 180.3221
109 99 0.0051
63 53 223.5395
59 49 109.3247
71 61 166.8636
46 36 124.638
102 92 6.0915
18 8 2.5013
83 73 3.4277
74 64 132.293
79 69 38.212
95 85 11.9451
57 47 224.5851
100 90 0.9521
61 51 235.0038
69 59 90.5337
86 76 35.0579
52 42 45.2553
12 2 0.3783
99 89 0.0894
89 79 18.694
11 1 0.0541
42 32 102.3167
50 40 70.4735
99 89 6.5367
31 21 11.5096
60 50 179.3196
62 52 88.3505
24 14 5.3754
63 53 154.2041
43 33 77.4977
28 18 11.8961
41 31 44.7915
35 25 49.0658
68 58 192.8396
96 86 12.0937
51 41 4.4886
19 9 2.4365
41 31 9.596
27 17 11.1384
37 27 11.5417
43 33 90.1583
54 44 189.5186
88 78 4.2282
38 28 47.4227
89 79 20.0562
19 9 4.764
15 5 0.9221
90 80 0.9693
59 49 96.0702
99 89 8.6032
77 67 107.3842
101 91 5.8141
38 28 85.7704
46 36 64.359
60 50 3.3959
53 43 197.6889
49 39 152.2952
108 98 0.2705
19 9 2.9685
39 29 27.4073
83 73 38.5967
44 34 63.4931
64 54 71.6885
71 61 162.897
40 30 70.7534
60 50 248.2613
62 52 111.8
26 16 18.2704
21 11 5.6677
105 95 0.9997
31 21 14.942
103 93 5.0242
101 91 1.8694
69 59 132.6894
73 63 126.7217
95 85 18.8499
89 79 39.3059
66 56 197.093
42 32 42.1564
82 72 22.8525
76 66 61.3481
58 48 237.0161
78 68 45.0751
94 84 5.3155
70 60 139.8616
14 4 1.4124
83 73 36.3172
96 86 11.1873
73 63 107.9966
15 5 2.4098
16 6 0.1903
59 49 253.9145
96 86 3.9269
42 32 36.7257
37 27 49.4436
32 22 9.1146
100 90 10.1382
94 84 8.2422
106 96 0.4261
82 72 82.558
15 5 2.2471
15 5 0.326
37 27 22.2071
45 35 135.8577
98 88 2.9187
80 70 38.958
62 52 198.694
55 45 64.8385
62 52 173.6987
14 4 0.5121
13 3 0.5138
96 86 3.012
79 69 86.2753
31 21 25.3414
24 14 4.9558
91 81 19.0023
69 59 41.9905
72 62 141.7908
86 76 35.8572
33 23 14.8563
106 96 0.6861
57 47 75.0965
107 97 0.0732
23 13 8.2428
88 78 23.8771
12 2 0.1244
21 11 4.6084
11 1 0.0268
24 14 11.5911
75 65 71.8675
100 90 0.265
110 100 0.0
51 41 55.2933
11 1 0.0947
26 16 18.4232
79 69 43.0599
58 48 249.822
18 8 2.9253
42 32 36.3104
100 90 5.8415
53 43 53.4652
41 31 26.7093
19 9 1.6999
68 58 48.6256
26 16 22.8477
26 16 2.2338
54 44 120.0528
21 11 5.6353
102 92 4.828
85 75 4.2928
102 92 6.3897
51 41 130.6475
76 66 51.8816
95 85 20.2263
99 89 13.0127
107 97 0.4048
76 66 5.4421
91 81 18.435
82 72 21.3597
12 2 0.0383
101 91 2.5164
37 27 42.0739
77 67 25.5432
103 93 1.4171
107 97 0.86
92 82 13.4121
25 15 13.408
80 70 89.3388
25 15 13.0348
105 95 0.1372
34 24 40.3336
105 95 0.7654
93 83 21.618
45 35 80.7191
69 59 100.7254
27 17 5.1362
74 64 128.9753
40 30 22.0011
68 58 149.9932
81 71 78.8115
46 36 65.5769
47 37 45.8739
97 87 3.2301
59 49 210.2507
52 42 54.3397
70 60 142.7736
11 1 0.0566
70 60 9.7297
52 42 124.295
89 79 28.4198
24 14 2.3996
48 38 1.2082
43 33 28.4547
108 98 0.0647
91 81 4.9814
17 7 1.5317
87 77 0.2317
51 41 33.5213
20 10 9.9984
13 3 0.841
16 6 0.3358
43 33 115.6875
54 44 206.0353
88 78 14.3503
57 47 235.0563
57 47 226.6085
39 29 19.2732
64 54 109.1685
65 55 175.3552
26 16 6.3455
47 37 57.72
99 89 3.2528
94 84 18.9333
88 78 7.459
96 86 12.9977
63 53 100.2826
53 43 128.6713
15 5 0.2336
100 90 2.7744
64 54 157.4013
12 2 0.3838
49 39 71.04
47 37 92.006
65 55 71.3728
104 94 0.5195
89 79 19.3889
95 85 8.3929
38 28 61.7482
27 17 0.8642
61 51 74.3143
80 70 61.3413
108 98 0.2195
20 10 10.7297
79 69 3.0845
78 68 109.6066
42 32 7.3924
98 88 9.1113
107 97 0.7665
100 90 9.5525
39 29 18.3997
108 98 0.3614
90 80 37.7377
48 38 20.8619
98 88 5.7185
73 63 52.6731
49 39 64.4669
24 14 8.6594
108 98 0.1254
95 85 17.6722
94 84 3.8669
98 88 2.1358
39 29 1.6356
14 4 0.2653
105 95 2.6857
64 54 168.0308
73 63 82.4156
56 46 148.2929
41 31 10.1059
57 47 66.0183
70 60 70.2685
39 29 51.2658
103 93 0.1151
43 33 8.8042
23 13 14.9745
16 6 3.7474
95 85 3.8068
106 96 0.0598
43 33 39.6105
39 29 69.5671
84 74 24.3746
15 5 2.1136
62 52 24.8017
35 25 61.9921
25 15 9.1498
66 56 184.4201
107 97 0.8811
75 65 101.9304
24 14 8.2136
37 27 16.7723
80 70 43.2479
49 39 2.3473
54 44 112.6583
75 65 73.7019
63 53 66.7309
65 55 179.5678
62 52 94.0319
110 100 0.0
14 4 0.718
107 97 0.1589
90 80 18.6667
32 22 41.2846
16 6 3.7899
14 4 0.7318
36 26 25.0569
42 32 52.5515
18 8 5.8264
36 26 40.9786
74 64 100.7504
95 85 12.2568
95 85 18.3751
60 50 166.3346
94 84 19.9056
50 40 71.1171
70 60 54.4588
93 83 4.8915
44 34 118.6535
25 15 18.8358
76 66 58.911
57 47 202.6714
67 57 146.7782
85 75 67.3758
21 11 7.8969
12 2 0.2706
64 54 59.4183
37 27 59.9844
92 82 6.0664
35 25 48.8627
11 1 0.0442
13 3 0.5323
95 85 11.1747
60 50 112.1246
50 40 72.6027
109 99 0.011
37 27 8.6957
50 40 120.3081
39 29 25.5259
108 98 0.0434
70 60 19.4917
82 72 28.1989
32 22 24.7912
67 57 177.3077
88 78 33.1447
27 17 24.2518
49 39 130.2317
80 70 87.8133
104 94 3.2474
50 40 6.7597
102 92 6.4035
26 16 20.2839
63 53 126.3705
12 2 0.394
94 84 1.7929
31 21 42.264
43 33 40.0128
41 31 99.6997
21 11 5.8391
