400 10433 9.9499
44 44 19.36
67 67 44.89
82 82 67.24
84 84 70.56
92 92 84.64
92 92 84.64
17 17 2.89
66 66 43.56
67 67 44.89
47 47 22.09
32 32 10.24
70 70 49.0
8 8 0.64
90 90 81.0
85 85 72.25
98 98 96.04
19 19 3.61
43 43 18.49
25 25 6.25
82 82 67.24
21 21 4.41
83 83 68.89
23 23 5.29
73 73 53.29
28 28 7.84
75 75 56.25
89 89 79.21
59 59 34.81
21 21 4.41
58 58 33.64
78 78 60.84
19 19 3.61
3 3 0.09
22 22 4.84
56 56 31.36
5 5 0.25
14 14 1.96
76 76 57.76
88 88 77.44
25 25 6.25
49 49 24.01
78 78 60.84
84 84 70.56
94 94 88.36
96 96 92.16
96 96 92.16
62 62 38.44
58 58 33.64
66 66 43.56
97 97 94.09
87 87 75.69
17 17 2.89
61 61 37.21
34 34 11.56
12 12 1.44
18 18 3.24
52 52 27.04
4 4 0.16
5 5 0.25
73 73 53.29
3 3 0.09
72 72 51.84
72 72 51.84
20 20 4.0
46 46 21.16
5 5 0.25
29 29 8.41
28 28 7.84
87 87 75.69
65 65 42.25
91 91 82.81
63 63 39.69
39 39 15.21
99 99 98.01
94 94 88.36
99 99 98.01
76 76 57.76
76 76 57.76
20 20 4.0
78 78 60.84
72 72 51.84
81 81 65.61
25 25 6.25
99 99 98.01
38 38 14.44
47 47 22.09
23 23 5.29
80 80 64.0
32 32 10.24
44 44 19.36
33 33 10.89
2 2 0.04
9 9 0.81
44 44 19.36
52 52 27.04
98 98 96.04
48 48 23.04
98 98 96.04
52 52 27.04
93 93 86.49
52 52 27.04
79 79 62.41
88 88 77.44
39 39 15.21
2 2 0.04
32 32 10.24
45 45 20.25
15 15 2.25
13 13 1.69
49 49 24.01
25 25 6.25
87 87 75.69
84 84 70.56
99 99 98.01
83 83 68.89
23 23 5.29
21 21 4.41
66 66 43.56
34 34 11.56
56 56 31.36
100 100 100.0
76 76 57.76
37 37 13.69
21 21 4.41
99 99 98.01
84 84 70.56
15 15 2.25
47 47 22.09
8 8 0.64
69 69 47.61
78 78 60.84
29 29 8.41
29 29 8.41
39 39 15.21
29 29 8.41
62 62 38.44
85 85 72.25
29 29 8.41
13 13 1.69
66 66 43.56
10 10 1.0
25 25 6.25
86 86 73.96
31 31 9.61
70 70 49.0
40 40 16.0
3 3 0.09
63 63 39.69
87 87 75.69
67 67 44.89
15 15 2.25
87 87 75.69
83 83 68.89
11 11 1.21
70 70 49.0
36 36 12.96
26 26 6.76
53 53 28.09
14 14 1.96
30 30 9.0
34 34 11.56
13 13 1.69
12 12 1.44
22 22 4.84
24 24 5.76
78 78 60.84
73 73 53.29
49 49 24.01
77 77 59.29
2 2 0.04
50 50 25.0
11 11 1.21
30 30 9.0
9 9 0.81
33 33 10.89
48 48 23.04
71 71 50.41
28 28 7.84
63 63 39.69
36 36 12.96
58 58 33.64
31 31 9.61
31 31 9.61
97 97 94.09
58 58 33.64
26 26 6.76
25 25 6.25
11 11 1.21
46 46 21.16
69 69 47.61
98 98 96.04
60 60 36.0
24 24 5.76
36 36 12.96
94 94 88.36
99 99 98.01
77 77 59.29
87 87 75.69
87 87 75.69
74 74 54.76
63 63 39.69
32 32 10.24
24 24 5.76
40 40 16.0
89 89 79.21
94 94 88.36
84 84 70.56
43 43 18.49
21 21 4.41
87 87 75.69
82 82 67.24
70 70 49.0
36 36 12.96
31 31 9.61
68 68 46.24
98 98 96.04
81 81 65.61
93 93 86.49
69 69 47.61
60 60 36.0
21 21 4.41
32 32 10.24
70 70 49.0
69 69 47.61
29 29 8.41
7 7 0.49
2 2 0.04
16 16 2.56
56 56 31.36
64 64 40.96
19 19 3.61
97 97 94.09
14 14 1.96
72 72 51.84
22 22 4.84
43 43 18.49
13 13 1.69
90 90 81.0
15 15 2.25
68 68 46.24
98 98 96.04
96 96 92.16
60 60 36.0
14 14 1.96
92 92 84.64
11 11 1.21
7 7 0.49
64 64 40.96
9 9 0.81
82 82 67.24
17 17 2.89
45 45 20.25
69 69 47.61
71 71 50.41
23 23 5.29
32 32 10.24
9 9 0.81
4 4 0.16
30 30 9.0
59 59 34.81
14 14 1.96
67 67 44.89
57 57 32.49
78 78 60.84
91 91 82.81
71 71 50.41
18 18 3.24
5 5 0.25
72 72 51.84
20 20 4.0
92 92 84.64
37 37 13.69
35 35 12.25
77 77 59.29
25 25 6.25
59 59 34.81
100 100 100.0
10 10 1.0
13 13 1.69
47 47 22.09
28 28 7.84
77 77 59.29
59 59 34.81
35 35 12.25
47 47 22.09
39 39 15.21
23 23 5.29
82 82 67.24
59 59 34.81
57 57 32.49
46 46 21.16
10 10 1.0
90 90 81.0
8 8 0.64
90 90 81.0
12 12 1.44
60 60 36.0
93 93 86.49
99 99 98.01
89 89 79.21
40 40 16.0
73 73 53.29
72 72 51.84
97 97 94.09
40 40 16.0
32 32 10.24
37 37 13.69
86 86 73.96
88 88 77.44
75 75 56.25
25 25 6.25
89 89 79.21
98 98 96.04
85 85 72.25
81 81 65.61
12 12 1.44
74 74 54.76
81 81 65.61
69 69 47.61
53 53 28.09
80 80 64.0
40 40 16.0
87 87 75.69
41 41 16.81
88 88 77.44
17 17 2.89
7 7 0.49
37 37 13.69
32 32 10.24
9 9 0.81
66 66 43.56
95 95 90.25
96 96 92.16
50 50 25.0
97 97 94.09
52 52 27.04
48 48 23.04
92 92 84.64
17 17 2.89
10 10 1.0
2 2 0.04
9 9 0.81
74 74 54.76
23 23 5.29
27 27 7.29
38 38 14.44
7 7 0.49
47 47 22.09
69 69 47.61
46 46 21.16
61 61 37.21
49 49 24.01
70 70 49.0
70 70 49.0
77 77 59.29
38 38 14.44
76 76 57.76
70 70 49.0
74 74 54.76
19 19 3.61
86 86 73.96
65 65 42.25
57 57 32.49
34 34 11.56
35 35 12.25
90 90 81.0
33 33 10.89
16 16 2.56
70 70 49.0
85 85 72.25
53 53 28.09
76 76 57.76
96 96 92.16
52 52 27.04
21 21 4.41
91 91 82.81
48 48 23.04
82 82 67.24
35 35 12.25
37 37 13.69
22 22 4.84
58 58 33.64
89 89 79.21
75 75 56.25
12 12 1.44
76 76 57.76
28 28 7.84
71 71 50.41
82 82 67.24
11 11 1.21
75 75 56.25
14 14 1.96
9 9 0.81
68 68 46.24
72 72 51.84
63 63 39.69
39 39 15.21
21 21 4.41
58 58 33.64
15 15 2.25
