900 23652 4.3589
76 66 109.0157
83 73 74.2512
25 15 1.5514
56 46 105.8734
17 7 4.9417
58 48 196.502
89 79 1.3709
82 72 33.5238
108 98 0.3914
24 14 1.6249
76 66 72.7608
73 63 150.8512
85 75 13.4366
47 37 122.8774
94 84 24.7427
12 2 0.1082
20 10 9.9268
73 63 118.955
23 13 17.1918
107 97 0.8247
19 9 0.1095
74 64 121.4391
97 87 1.2318
54 44 94.5921
60 50 250.3035
68 58 116.5005
18 8 5.5924
70 60 56.335
13 3 0.8365
108 98 0.1873
81 71 22.6708
100 90 10.8752
110 100 0.0
87 77 46.256
79 69 23.5543
68 58 40.2797
98 88 9.4475
94 84 13.9319
84 74 63.8522
87 77 33.3541
75 65 78.6712
90 80 19.2493
107 97 0.7838
11 1 0.0245
82 72 37.2192
32 22 38.9295
33 23 24.4279
11 1 0.0001
85 75 55.3757
87 77 27.9102
17 7 4.7355
71 61 125.4959
18 8 7.079
75 65 83.0905
62 52 119.1907
88 78 37.7609
81 71 29.8243
38 28 19.5809
105 95 0.5444
23 13 12.9946
85 75 10.4887
49 39 26.7646
20 10 2.1842
104 94 1.9578
79 69 101.0008
97 87 15.9334
61 51 96.6912
62 52 196.0189
98 88 9.5042
13 3 0.1168
79 69 66.4466
27 17 7.3465
46 36 140.8492
95 85 12.3576
89 79 16.8616
55 45 62.3104
33 23 3.942
27 17 23.3745
49 39 105.4767
19 9 3.2993
26 16 17.6251
89 79 19.5121
80 70 45.7092
66 56 88.7323
100 90 0.9715
39 29 71.1138
103 93 0.2428
12 2 0.2272
105 95 0.5672
26 16 4.035
25 15 16.4451
109 99 0.0807
22 12 11.2414
68 58 140.1195
12 2 0.2046
70 60 21.5179
92 82 2.3863
71 61 47.2417
34 24 19.8262
40 30 38.1554
16 6 2.6546
23 13 15.6104
54 44 79.269
105 95 2.3244
19 9 2.2152
19 9 0.9758
39 29 45.8263
60 50 167.6489
76 66 87.2635
48 38 44.5347
102 92 6.9971
109 99 0.0033
92 82 11.1515
65 55 214.9583
96 86 19.5368
61 51 120.3596
78 68 68.2072
12 2 0.4289
52 42 151.5362
23 13 18.2266
98 88 0.243
101 91 2.3291
100 90 0.142
20 10 6.011
41 31 103.5971
11 1 0.1079
33 23 37.2267
27 17 10.3083
107 97 0.8245
79 69 34.4963
71 61 161.3153
75 65 4.5475
59 49 219.0728
89 79 39.8403
22 12 1.8814
81 71 53.694
103 93 4.6316
51 41 130.5285
73 63 19.35
15 5 0.5538
21 11 12.0832
106 96 0.6329
69 59 134.1253
36 26 38.1923
54 44 158.7386
16 6 3.4996
51 41 47.9363
71 61 118.3536
60 50 24.2576
79 69 9.202
91 81 3.0186
92 82 16.7866
48 38 52.9678
54 44 22.8624
51 41 122.7837
45 35 58.0743
43 33 112.1359
88 78 43.6515
71 61 60.061
79 69 23.4693
76 66 81.3544
66 56 58.9794
89 79 40.9122
12 2 0.406
13 3 0.3606
103 93 4.9251
87 77 46.8248
74 64 19.1734
84 74 0.537
110 100 0.0
46 36 117.5206
64 54 224.4256
88 78 7.8356
65 55 51.9706
26 16 4.0597
30 20 14.67
41 31 10.1413
16 6 0.9324
41 31 65.8134
98 88 2.5713
17 7 3.4419
100 90 9.6524
55 45 216.7237
106 96 1.0302
29 19 28.5606
94 84 26.2689
95 85 18.2883
30 20 5.5788
78 68 42.311
74 64 73.5648
107 97 0.6117
99 89 4.36
23 13 0.1463
103 93 4.0215
65 55 110.6202
78 68 40.6754
87 77 27.6449
31 21 24.5526
71 61 45.6258
15 5 0.2997
36 26 32.5183
12 2 0.3206
104 94 2.0199
86 76 44.9023
90 80 29.6732
30 20 9.8882
74 64 61.5916
89 79 21.9452
81 71 33.0279
32 22 1.8453
70 60 65.292
103 93 3.8143
50 40 54.3144
100 90 2.8487
110 100 0.0
91 81 7.5451
43 33 67.7885
68 58 70.1047
71 61 67.0073
45 35 111.7274
96 86 2.6206
38 28 52.2233
47 37 55.6984
15 5 2.5404
16 6 0.5677
50 40 26.7849
19 9 4.7357
71 61 64.1317
33 23 31.0223
83 73 24.741
97 87 12.6026
55 45 132.344
63 53 229.5846
62 52 169.2125
100 90 2.5482
47 37 56.1482
77 67 112.1159
40 30 61.2556
38 28 31.9457
24 14 15.4993
40 30 52.4862
23 13 14.7791
28 18 28.6434
12 2 0.27
73 63 127.892
47 37 13.1202
101 91 4.6342
95 85 0.5782
109 99 0.0918
37 27 65.5469
68 58 106.4761
41 31 42.01
26 16 8.8732
104 94 1.997
70 60 133.7439
48 38 143.9532
71 61 162.0679
51 41 88.2915
47 37 56.0009
39 29 33.8881
103 93 0.3546
82 72 68.413
11 1 0.0391
40 30 86.8388
80 70 55.1028
20 10 7.6705
92 82 30.4781
89 79 36.9647
51 41 17.0045
59 49 27.7505
86 76 34.9327
55 45 210.4827
36 26 65.5268
26 16 26.3414
88 78 25.8578
80 70 61.6322
20 10 2.8138
38 28 79.1054
80 70 88.742
22 12 15.6123
12 2 0.0569
79 69 18.5651
82 72 4.1617
60 50 263.1942
11 1 0.0358
63 53 173.6754
56 46 48.4379
87 77 10.1847
91 81 9.4504
33 23 31.3144
68 58 63.6725
39 29 19.8858
102 92 1.3574
58 48 150.0141
89 79 46.1743
34 24 43.1719
108 98 0.1488
105 95 1.2525
101 91 7.3391
65 55 19.4825
73 63 100.5605
89 79 30.1383
95 85 7.9137
18 8 6.8854
47 37 27.2849
79 69 2.5344
77 67 30.44
63 53 56.4908
22 12 6.5094
24 14 13.8267
41 31 84.2352
20 10 3.1311
50 40 0.7263
105 95 1.7931
106 96 0.5422
31 21 6.1609
20 10 9.8618
26 16 2.5112
110 100 0.0
79 69 59.4408
43 33 64.4272
63 53 85.8365
104 94 0.9046
25 15 20.2943
91 81 2.309
110 100 0.0
88 78 42.307
94 84 24.4526
107 97 0.2148
104 94 2.4415
76 66 43.248
54 44 204.838
16 6 3.6868
27 17 0.7101
81 71 71.0304
17 7 0.6325
71 61 108.2987
39 29 0.948
31 21 31.1032
22 12 11.7149
68 58 184.9926
47 37 132.782
37 27 46.6456
58 48 16.6217
47 37 30.3865
102 92 5.3302
43 33 59.6018
106 96 0.5583
53 43 41.5128
81 71 31.696
25 15 24.2407
66 56 104.995
25 15 24.8088
32 22 19.5426
87 77 6.2868
81 71 57.0593
21 11 9.9075
44 34 113.7793
34 24 1.7579
53 43 100.224
27 17 5.0907
51 41 92.2605
107 97 0.7733
101 91 5.5002
108 98 0.3349
41 31 1.7069
13 3 0.1684
61 51 101.6524
104 94 0.3795
75 65 93.3212
37 27 76.3035
75 65 70.7951
61 51 183.6265
79 69 33.339
37 27 12.3865
34 24 51.7801
101 91 5.0152
74 64 139.7962
65 55 31.1605
33 23 48.0362
97 87 11.8339
35 25 2.0569
108 98 0.2161
59 49 141.5646
11 1 0.0727
77 67 120.5706
90 80 33.958
78 68 58.5933
46 36 64.5903
82 72 49.6695
104 94 3.9235
25 15 15.7205
97 87 10.6743
106 96 1.1755
90 80 7.3434
58 48 204.9248
55 45 196.6738
80 70 15.6014
82 72 80.1332
86 76 14.8203
49 39 158.5666
108 98 0.2254
81 71 62.291
55 45 204.2882
68 58 181.9375
30 20 42.7072
80 70 29.0296
74 64 54.6896
69 59 39.445
20 10 2.6822
35 25 3.1357
69 59 120.4516
93 83 18.1453
96 86 3.9011
74 64 129.5036
27 17 26.5767
40 30 57.3496
24 14 0.2414
49 39 81.3231
89 79 24.1332
94 84 16.4511
13 3 0.8829
22 12 2.418
74 64 75.5221
30 20 20.4225
89 79 29.7102
34 24 32.7683
38 28 47.5837
70 60 69.2495
84 74 53.7658
31 21 48.3067
33 23 12.5119
94 84 7.4598
104 94 3.8759
70 60 111.8305
97 87 18.2784
54 44 202.9891
15 5 1.366
31 21 38.3765
58 48 124.1374
78 68 7.6395
14 4 0.2081
77 67 93.2674
98 88 7.2965
77 67 72.0489
44 34 105.5249
66 56 38.6048
109 99 0.0936
64 54 233.4985
86 76 44.3376
60 50 209.0309
101 91 3.8844
43 33 47.0972
47 37 6.6229
32 22 42.5526
109 99 0.0993
18 8 2.214
46 36 14.0832
26 16 9.2986
77 67 110.5135
102 92 3.5635
58 48 223.3342
33 23 44.5259
34 24 44.1619
49 39 130.9519
104 94 0.5104
33 23 17.8164
81 71 33.929
35 25 15.5554
20 10 0.953
46 36 82.1423
31 21 32.3134
44 34 38.4202
18 8 3.6459
13 3 0.6355
14 4 1.4559
66 56 150.1176
40 30 83.1704
80 70 67.0818
38 28 57.7912
90 80 9.7293
43 33 89.2164
69 59 131.6343
25 15 9.0544
74 64 98.8248
49 39 115.7405
71 61 97.6857
85 75 55.3734
17 7 3.8765
94 84 3.6414
65 55 91.8018
58 48 224.1852
89 79 11.9507
68 58 119.5625
96 86 21.0438
93 83 28.2953
82 72 18.2937
33 23 45.1924
109 99 0.0476
94 84 3.2614
90 80 32.4002
109 99 0.0317
93 83 17.0428
13 3 0.5665
27 17 30.3369
49 39 84.8037
51 41 178.4124
86 76 27.6139
39 29 22.1788
75 65 65.8383
105 95 0.3765
92 82 11.0538
33 23 56.8588
96 86 5.7411
67 57 40.9034
32 22 33.0896
108 98 0.1167
73 63 137.6576
44 34 61.7054
26 16 4.9692
66 56 150.278
93 83 2.9008
97 87 9.4712
37 27 34.9908
89 79 33.5448
76 66 102.2732
93 83 3.0319
90 80 1.94
27 17 11.1368
59 49 93.3558
76 66 11.1985
61 51 112.831
51 41 116.3741
48 38 3.6813
52 42 183.2988
90 80 33.4788
106 96 1.7073
66 56 168.7912
103 93 2.9215
78 68 55.4381
22 12 9.0345
107 97 0.9062
66 56 106.7797
102 92 1.7704
47 37 67.2486
47 37 76.3424
37 27 63.1177
107 97 0.7807
43 33 107.703
76 66 34.6843
84 74 2.4369
40 30 55.6299
76 66 112.6507
54 44 80.1952
57 47 67.5988
109 99 0.0077
28 18 4.9131
72 62 127.264
41 31 106.3916
60 50 99.9009
81 71 88.0515
21 11 13.1251
17 7 4.1627
92 82 2.0779
76 66 20.1317
45 35 43.0985
37 27 57.1553
82 72 62.1861
81 71 45.768
86 76 32.3737
89 79 34.0118
54 44 130.47
19 9 3.1036
64 54 218.9008
66 56 65.3367
83 73 45.5259
84 74 15.9639
18 8 2.4764
105 95 1.8569
91 81 37.3418
68 58 130.979
75 65 37.5176
107 97 0.6537
17 7 0.0779
93 83 21.0027
69 59 115.0122
61 51 250.4556
20 10 6.6342
41 31 92.4108
58 48 10.3394
52 42 92.3853
40 30 15.1151
88 78 4.8431
44 34 75.9844
16 6 2.7397
49 39 53.3707
56 46 175.1933
107 97 0.854
86 76 33.503
91 81 6.5829
98 88 11.821
50 40 167.676
77 67 19.1053
22 12 5.1634
18 8 6.116
106 96 1.0162
100 90 1.5682
84 74 59.351
97 87 3.309
52 42 149.3732
45 35 41.3736
109 99 0.0185
17 7 0.8099
22 12 3.6101
83 73 1.8828
34 24 7.1519
101 91 3.2289
100 90 0.6242
55 45 185.8379
36 26 57.2387
103 93 2.602
105 95 2.2306
90 80 43.7363
104 94 3.2306
88 78 30.0039
79 69 18.2977
77 67 9.6356
80 70 18.738
68 58 26.8916
104 94 0.3704
20 10 2.4576
87 77 13.3106
89 79 13.5547
16 6 2.6983
94 84 23.3512
93 83 21.1825
83 73 61.729
32 22 11.8556
74 64 74.5582
91 81 38.5415
102 92 5.8308
72 62 18.4602
110 100 0.0
26 16 22.1111
52 42 65.9054
81 71 30.5293
55 45 1.5956
91 81 23.8625
45 35 92.6829
109 99 0.0626
64 54 85.504
23 13 1.6629
71 61 55.7828
110 100 0.0
41 31 61.203
47 37 119.091
29 19 31.9719
96 86 14.0508
70 60 5.1218
98 88 8.3771
97 87 17.6519
51 41 92.6567
25 15 6.898
53 43 56.7508
56 46 43.1114
53 43 186.639
49 39 105.0433
78 68 64.3413
61 51 224.7787
53 43 31.7453
17 7 2.6668
43 33 9.922
36 26 69.6377
58 48 225.4287
28 18 6.0438
40 30 49.1385
38 28 11.6427
109 99 0.0194
15 5 0.3892
59 49 67.7424
91 81 6.6577
90 80 21.5311
85 75 29.149
96 86 12.9456
82 72 32.8521
41 31 89.6329
50 40 19.8908
107 97 0.9056
12 2 0.1851
27 17 9.5301
46 36 52.4911
36 26 28.2648
86 76 33.7594
23 13 18.4168
84 74 9.5339
40 30 47.1218
17 7 1.1194
62 52 122.7419
98 88 15.5914
100 90 3.4048
44 34 80.3845
59 49 86.9506
60 50 64.3776
38 28 10.9492
48 38 76.6462
49 39 54.956
27 17 11.1343
54 44 107.147
68 58 179.8566
96 86 13.1738
61 51 61.1932
94 84 26.3892
66 56 128.1917
46 36 33.5904
67 57 177.7354
83 73 25.2916
84 74 12.5817
109 99 0.0426
103 93 4.5869
75 65 42.7981
108 98 0.3292
37 27 22.374
102 92 6.8657
34 24 62.8826
104 94 3.4246
102 92 6.0492
12 2 0.44
93 83 28.9956
78 68 9.8732
109 99 0.0628
15 5 1.4365
27 17 12.676
20 10 6.3517
60 50 221.6636
43 33 55.4921
99 89 13.0733
63 53 232.5873
31 21 37.1825
86 76 11.9717
39 29 19.5845
66 56 128.6214
63 53 228.5718
63 53 155.7165
27 17 10.7056
12 2 0.3742
30 20 16.3772
91 81 6.3757
21 11 8.1569
43 33 54.1178
91 81 20.6629
54 44 49.8884
12 2 0.0621
50 40 117.0802
36 26 16.7237
26 16 13.3786
107 97 0.8168
21 11 1.6811
69 59 19.8135
57 47 29.0267
61 51 118.3453
20 10 5.6765
99 89 10.5863
73 63 109.3906
84 74 33.454
41 31 72.7926
51 41 12.6754
65 55 115.0787
97 87 17.1682
79 69 106.3734
13 3 0.1902
96 86 18.0111
78 68 103.996
11 1 0.0372
104 94 1.3832
107 97 0.6596
31 21 41.543
25 15 4.0151
56 46 81.9214
58 48 179.01
86 76 42.1912
30 20 30.093
17 7 0.5863
97 87 9.8545
64 54 64.8271
42 32 44.1474
98 88 0.2053
102 92 6.5806
76 66 78.4019
93 83 7.4
59 49 186.6264
80 70 54.5193
42 32 113.2532
78 68 58.4099
97 87 12.2354
45 35 110.4648
97 87 4.1526
25 15 1.374
19 9 6.4935
40 30 56.9703
61 51 188.7145
98 88 1.3718
76 66 38.5724
109 99 0.0203
85 75 14.5792
52 42 38.7346
33 23 10.8698
42 32 76.6067
106 96 1.3258
104 94 3.9232
97 87 5.6438
94 84 4.9862
84 74 31.7627
66 56 50.4279
41 31 59.9594
93 83 1.4689
33 23 42.4011
74 64 9.2545
26 16 11.4074
29 19 4.631
76 66 82.2656
100 90 8.3387
64 54 105.7512
75 65 97.3576
76 66 83.819
83 73 77.7879
18 8 0.1683
25 15 0.9374
42 32 25.5498
109 99 0.0398
100 90 0.5412
91 81 32.3089
23 13 5.4573
63 53 89.0801
79 69 62.6211
71 61 160.1063
104 94 1.9277
42 32 52.6474
46 36 112.823
61 51 235.591
17 7 4.9228
40 30 84.2045
13 3 0.2526
13 3 0.8853
97 87 1.5404
62 52 181.9722
102 92 2.9694
14 4 0.3726
19 9 6.2171
65 55 175.6623
92 82 3.9774
44 34 76.0191
30 20 13.3892
20 10 10.2849
36 26 14.886
31 21 25.27
92 82 10.2597
81 71 49.2518
86 76 19.5061
55 45 49.7632
76 66 95.8245
19 9 6.3784
63 53 44.8157
59 49 173.9845
35 25 31.0203
62 52 226.4719
22 12 11.9753
85 75 32.556
110 100 0.0
56 46 54.032
52 42 75.071
99 89 1.3742
87 77 48.61
84 74 50.7406
84 74 4.7161
82 72 86.5515
37 27 46.088
61 51 116.9038
51 41 180.0332
35 25 10.1365
107 97 0.9009
20 10 0.8275
59 49 225.6158
85 75 24.9262
81 71 70.0572
85 75 39.028
67 57 43.0648
32 22 47.4569
33 23 36.0138
40 30 27.2771
34 24 59.304
98 88 11.7046
51 41 51.3559
90 80 19.515
90 80 39.91
14 4 1.3103
29 19 10.0594
60 50 138.2186
49 39 27.2239
33 23 5.607
78 68 38.8955
