400 9862 9.9499
81 71 37.403
32 22 1.9912
95 85 71.0379
66 56 26.3867
54 44 15.8938
78 68 17.9505
56 46 10.608
31 21 2.1211
103 93 47.0719
60 50 6.5649
92 82 36.6788
63 53 9.5098
82 72 37.8483
76 66 12.7878
46 36 5.9073
52 42 5.0275
79 69 41.3256
11 1 0.0032
16 6 0.2619
14 4 0.0448
102 92 58.0019
55 45 18.3732
108 98 91.0593
69 59 19.2142
46 36 9.9017
20 10 0.251
88 78 31.1431
91 81 18.4659
90 80 52.0505
105 95 47.697
32 22 1.5909
54 44 7.7819
38 28 7.2253
49 39 9.1029
31 21 1.4704
50 40 9.2879
69 59 29.7887
77 67 43.0388
62 52 22.7777
100 90 39.6963
87 77 43.4162
12 2 0.0241
55 45 19.7491
26 16 2.4065
19 9 0.5354
98 88 23.2584
15 5 0.1327
31 21 2.1801
45 35 5.1802
14 4 0.1529
53 43 8.2725
44 34 6.4928
51 41 4.7237
57 47 5.7212
40 30 4.8343
93 83 41.2691
15 5 0.0765
90 80 44.6799
91 81 18.3758
104 94 84.0394
27 17 1.476
17 7 0.3397
74 64 21.1002
34 24 5.7045
67 57 12.243
94 84 21.0442
107 97 63.1516
71 61 21.7968
100 90 25.5247
40 30 3.0217
70 60 19.8167
102 92 40.9011
109 99 24.9271
79 69 27.2964
87 77 54.6358
71 61 37.1088
66 56 15.5693
22 12 0.4123
46 36 7.0745
88 78 22.7586
98 88 22.6681
25 15 0.6926
86 76 34.9234
88 78 59.113
54 44 10.3144
21 11 0.5799
37 27 5.9321
65 55 30.0414
81 71 22.3256
53 43 16.7551
106 96 85.581
17 7 0.1927
79 69 33.7201
62 52 13.1747
89 79 56.3836
82 72 24.9231
59 49 13.538
39 29 5.2739
28 18 1.4689
69 59 8.7196
75 65 31.689
58 48 17.5863
68 58 8.9772
61 51 25.013
50 40 11.037
26 16 1.3033
36 26 2.3627
15 5 0.1173
66 56 19.3231
54 44 14.456
17 7 0.2751
27 17 1.4283
35 25 5.0625
97 87 70.3133
50 40 5.499
64 54 10.9065
12 2 0.0297
80 70 17.9081
45 35 8.5171
33 23 2.4527
33 23 1.4877
89 79 56.145
30 20 3.0471
81 71 36.1478
49 39 4.885
52 42 10.9435
17 7 0.2138
18 8 0.4787
33 23 4.5835
39 29 3.1542
34 24 1.7221
26 16 1.9207
75 65 13.9174
43 33 4.2115
101 91 52.564
44 34 7.7585
100 90 20.7426
45 35 8.9037
16 6 0.2986
47 37 6.4648
31 21 3.5581
67 57 15.7307
66 56 8.4344
60 50 6.6574
49 39 7.3311
24 14 1.35
104 94 74.0891
38 28 2.0564
75 65 20.3473
58 48 15.3077
71 61 19.2844
75 65 40.7299
37 27 3.1848
46 36 6.5434
108 98 82.4591
104 94 33.662
74 64 24.5075
98 88 60.9555
90 80 27.5195
20 10 0.8997
36 26 6.2365
62 52 9.3642
78 68 31.2626
30 20 2.2617
35 25 2.4224
102 92 29.9548
97 87 19.0419
104 94 30.2258
84 74 19.6214
40 30 6.1688
63 53 18.761
80 70 27.983
41 31 4.1649
41 31 3.7574
39 29 6.3539
79 69 42.5665
35 25 2.2599
24 14 0.814
110 100 87.7557
63 53 8.8989
25 15 0.6485
41 31 2.5789
85 75 28.7049
44 34 6.0408
21 11 0.4124
68 58 20.6289
79 69 39.0625
31 21 1.67
34 24 2.2656
45 35 8.8554
79 69 39.5628
80 70 25.1783
73 63 38.9164
35 25 2.5357
51 41 15.2709
54 44 11.3893
101 91 23.8701
58 48 19.7127
14 4 0.1018
38 28 3.6328
17 7 0.1387
11 1 0.0027
20 10 0.4496
102 92 53.5385
18 8 0.3467
61 51 7.2264
76 66 20.7289
11 1 0.007
53 43 18.3193
81 71 26.5936
13 3 0.0437
76 66 27.3655
70 60 12.9859
54 44 13.5829
49 39 4.3781
108 98 31.1007
55 45 5.1153
75 65 25.2305
68 58 12.6416
61 51 7.3919
34 24 3.1396
69 59 26.0937
49 39 10.2682
28 18 1.1543
33 23 2.0423
23 13 0.8158
57 47 20.0829
66 56 10.38
54 44 7.2636
83 73 16.0905
86 76 19.7243
84 74 44.4969
90 80 18.3039
74 64 17.4223
74 64 40.4801
75 65 14.8518
40 30 5.9795
22 12 0.8936
70 60 17.0916
106 96 79.5949
64 54 22.7806
29 19 2.6886
70 60 32.8799
94 84 42.9602
78 68 25.046
62 52 10.4749
36 26 4.08
84 74 22.0083
97 87 25.5126
40 30 5.3708
45 35 11.7272
51 41 8.2237
99 89 26.108
64 54 15.3351
97 87 43.1426
48 38 4.6057
81 71 44.3449
55 45 17.9861
51 41 15.3899
62 52 11.4454
88 78 27.1597
15 5 0.2309
35 25 5.3319
92 82 27.9164
47 37 7.8753
85 75 28.6857
106 96 40.6406
36 26 5.301
53 43 6.0871
20 10 0.3469
83 73 44.8418
64 54 17.7409
80 70 37.5389
29 19 1.4135
40 30 7.3165
58 48 17.0933
25 15 1.6215
97 87 39.5364
104 94 79.8146
99 89 60.1307
24 14 0.4903
64 54 22.924
106 96 39.3631
84 74 13.9869
86 76 41.2999
92 82 59.9479
14 4 0.0919
33 23 1.6404
75 65 17.4774
98 88 59.5999
54 44 6.3303
101 91 43.0336
57 47 14.4925
89 79 22.969
99 89 27.6003
60 50 19.7518
19 9 0.5413
74 64 15.2983
45 35 9.9894
43 33 4.3694
41 31 4.1213
19 9 0.2276
80 70 20.8886
91 81 49.6574
81 71 45.0415
83 73 23.873
100 90 48.8084
104 94 30.9258
68 58 9.7032
94 84 70.4962
34 24 4.4264
71 61 27.1733
86 76 30.272
48 38 4.223
63 53 15.8762
51 41 13.9256
106 96 36.3175
96 86 25.5399
98 88 71.2674
61 51 24.6741
109 99 28.195
98 88 40.6929
20 10 0.4324
62 52 11.2762
88 78 19.9103
90 80 49.7166
22 12 1.2771
13 3 0.0885
38 28 5.8996
75 65 34.0029
92 82 29.611
63 53 10.0749
103 93 25.2657
22 12 0.7618
48 38 7.5098
25 15 1.4014
20 10 0.7201
26 16 0.7595
91 81 27.7634
14 4 0.0777
61 51 23.3463
38 28 2.9316
91 81 53.7216
68 58 22.6243
29 19 3.5994
69 59 34.592
109 99 50.5279
62 52 23.4469
110 100 53.1616
91 81 65.2347
45 35 3.3731
87 77 38.0714
31 21 2.9152
74 64 28.4292
21 11 0.875
28 18 2.3268
88 78 23.8447
49 39 5.4168
15 5 0.1014
70 60 10.5554
21 11 0.4446
45 35 6.4974
32 22 1.2124
17 7 0.4555
58 48 20.0113
16 6 0.2451
42 32 8.5662
58 48 13.7433
74 64 12.3946
38 28 4.8726
44 34 4.5318
24 14 1.2699
72 62 33.2444
109 99 52.5915
67 57 18.8252
19 9 0.2146
22 12 0.4323
22 12 1.283
108 98 51.2942
50 40 10.194
59 49 11.8453
12 2 0.0199
96 86 61.5346
78 68 36.9944
18 8 0.4617
58 48 11.1924
79 69 34.4135
23 13 0.7576
67 57 22.7682
45 35 11.6138
27 17 1.0576
101 91 51.5696
59 49 15.4724
78 68 19.0174
12 2 0.0349
55 45 9.5908
88 78 40.8666
57 47 16.9011
35 25 3.3299
27 17 0.9357
