100 2168 9.9499
48 48 23.04
2 2 0.04
82 82 67.24
4 4 0.16
33 33 10.89
34 34 11.56
9 9 0.81
70 70 49.0
12 12 1.44
3 3 0.09
91 91 82.81
77 77 59.29
9 9 0.81
59 59 34.81
88 88 77.44
6 6 0.36
3 3 0.09
19 19 3.61
41 41 16.81
5 5 0.25
4 4 0.16
25 25 6.25
51 51 26.01
34 34 11.56
42 42 17.64
92 92 84.64
7 7 0.49
60 60 36.0
24 24 5.76
40 40 16.0
17 17 2.89
66 66 43.56
89 89 79.21
84 84 70.56
62 62 38.44
87 87 75.69
20 20 4.0
52 52 27.04
94 94 88.36
73 73 53.29
22 22 4.84
100 100 100.0
50 50 25.0
56 56 31.36
79 79 62.41
32 32 10.24
86 86 73.96
39 39 15.21
28 28 7.84
24 24 5.76
15 15 2.25
48 48 23.04
32 32 10.24
7 7 0.49
2 2 0.04
67 67 44.89
45 45 20.25
33 33 10.89
17 17 2.89
65 65 42.25
41 41 16.81
28 28 7.84
10 10 1.0
83 83 68.89
93 93 86.49
89 89 79.21
32 32 10.24
28 28 7.84
51 51 26.01
42 42 17.64
6 6 0.36
4 4 0.16
38 38 14.44
29 29 8.41
42 42 17.64
7 7 0.49
30 30 9.0
88 88 77.44
37 37 13.69
22 22 4.84
97 97 94.09
33 33 10.89
11 11 1.21
81 81 65.61
62 62 38.44
6 6 0.36
45 45 20.25
98 98 96.04
41 41 16.81
12 12 1.44
26 26 6.76
45 45 20.25
65 65 42.25
89 89 79.21
90 90 81.0
3 3 0.09
5 5 0.25
93 93 86.49
18 18 3.24
52 52 27.04
