100 2520 4.3589
86 76 20.1996
106 96 28.5306
109 99 25.4318
58 48 58.9563
98 88 34.7428
110 100 41.1022
45 35 64.9024
105 95 50.7329
28 18 88.0013
106 96 41.6244
107 97 27.2881
34 24 79.3988
29 19 86.2669
64 54 47.8421
63 53 45.305
20 10 87.795
100 90 23.3811
26 16 79.3685
107 97 22.3058
35 25 84.1953
55 45 74.3354
71 61 43.6036
107 97 23.8466
25 15 84.3844
101 91 34.8926
74 64 28.1929
42 32 73.2959
57 47 65.2896
34 24 83.7939
32 22 76.7429
82 72 35.8657
41 31 82.2558
18 8 91.6634
37 27 74.0787
26 16 89.8135
104 94 21.0966
19 9 86.5626
54 44 68.5799
93 83 30.5356
19 9 94.3424
13 3 97.4208
83 73 41.0458
15 5 93.6463
41 31 71.3772
50 40 66.8568
104 94 32.1024
64 54 48.7888
46 36 68.2788
96 86 37.0625
44 34 69.3622
108 98 53.619
34 24 75.8658
96 86 52.1992
42 32 71.5208
54 44 53.4683
100 90 36.5674
74 64 42.4022
60 50 63.9088
51 41 63.9248
103 93 16.117
92 82 31.5114
76 66 65.3106
65 55 60.154
69 59 30.7637
75 65 50.3248
18 8 94.8423
110 100 21.5742
57 47 61.6665
67 57 51.6717
92 82 27.0047
41 31 76.2024
53 43 75.3198
48 38 73.8379
71 61 34.0694
70 60 45.572
46 36 66.1831
106 96 30.0238
68 58 55.1351
17 7 93.2596
24 14 91.5964
57 47 43.8257
32 22 85.0176
67 57 48.8895
97 87 40.8014
45 35 78.6946
29 19 81.7939
29 19 75.7492
16 6 95.709
53 43 64.229
72 62 67.6852
20 10 90.5942
73 63 33.4153
58 48 61.5487
94 84 28.3855
38 28 77.0796
42 32 75.214
18 8 93.9058
41 31 67.1285
32 22 78.858
57 47 59.5228
