900 23013 9.9499
29 19 87.8944
75 65 56.1106
94 84 48.3859
102 92 26.1448
96 86 22.2586
42 32 68.6313
45 35 54.429
93 83 27.9101
25 15 85.9885
72 62 53.8433
43 33 62.8009
37 27 75.2452
43 33 65.4497
53 43 74.8813
31 21 85.8458
67 57 66.762
109 99 48.5628
58 48 58.8857
97 87 43.6921
110 100 24.5253
91 81 34.3607
75 65 26.7093
52 42 64.3124
106 96 15.3844
70 60 43.6432
102 92 34.8159
94 84 29.1568
65 55 65.91
88 78 19.3864
97 87 38.5641
47 37 78.6503
18 8 95.5018
31 21 82.5736
109 99 38.1998
99 89 26.4093
46 36 78.4394
80 70 43.5719
59 49 57.7053
71 61 41.5148
38 28 73.2822
93 83 54.3405
86 76 47.6072
77 67 38.9176
77 67 26.1019
108 98 12.5182
90 80 50.0783
81 71 26.7775
68 58 59.2053
58 48 64.9604
39 29 69.2074
75 65 64.7703
76 66 36.6715
94 84 43.1347
50 40 67.5043
63 53 51.5553
62 52 58.743
58 48 57.4428
106 96 33.5206
81 71 44.2345
27 17 84.0064
95 85 60.0594
63 53 39.7795
99 89 24.8562
55 45 56.4542
33 23 69.5923
62 52 45.5004
43 33 68.9016
76 66 46.2046
77 67 39.7883
20 10 88.8495
17 7 94.9358
41 31 65.364
66 56 71.1256
24 14 91.004
61 51 51.1497
91 81 30.9225
19 9 91.5753
28 18 87.187
52 42 58.3116
93 83 59.9355
98 88 12.6907
19 9 91.5428
54 44 55.5085
91 81 48.3206
61 51 71.0379
16 6 96.7528
99 89 21.669
17 7 92.1523
86 76 18.1988
71 61 68.0708
23 13 88.097
59 49 62.7565
107 97 21.9464
39 29 78.0537
60 50 41.9282
84 74 55.6755
101 91 27.1399
72 62 39.5918
26 16 81.1837
30 20 83.8415
45 35 66.3068
41 31 63.674
40 30 64.5869
60 50 50.854
80 70 45.2324
88 78 49.1219
76 66 29.5142
84 74 35.5598
11 1 99.2395
33 23 83.814
79 69 32.4638
62 52 56.9678
44 34 60.8431
62 52 67.7164
52 42 77.477
50 40 70.377
108 98 34.4663
104 94 17.8929
71 61 54.46
101 91 49.7758
34 24 73.625
50 40 79.3792
39 29 74.9211
104 94 27.7181
105 95 12.5954
84 74 32.4934
19 9 93.0704
59 49 58.2932
89 79 28.6054
56 46 58.2062
32 22 77.3819
98 88 30.1203
95 85 23.7452
91 81 26.4515
77 67 48.1844
15 5 95.3943
105 95 29.6763
69 59 56.34
81 71 47.8892
41 31 63.9728
59 49 69.7676
65 55 45.8668
95 85 47.406
24 14 84.6363
42 32 77.1147
66 56 64.1601
50 40 66.328
42 32 73.9084
69 59 57.146
46 36 71.5682
103 93 40.1943
67 57 48.2358
34 24 83.3715
69 59 67.621
31 21 86.4788
92 82 28.9692
23 13 83.7664
90 80 50.7927
40 30 77.9406
106 96 27.3613
27 17 83.7097
34 24 73.4809
26 16 84.4708
87 77 49.265
95 85 35.2646
102 92 12.192
26 16 84.8517
90 80 36.1586
103 93 21.5101
44 34 65.8922
75 65 37.5781
18 8 92.1984
54 44 66.932
28 18 89.859
19 9 89.329
44 34 69.0262
66 56 51.9279
14 4 94.8968
53 43 68.8767
83 73 40.0208
12 2 98.3747
110 100 32.1568
29 19 74.332
59 49 58.2795
88 78 58.967
47 37 67.3089
30 20 79.929
55 45 53.1426
73 63 62.3737
65 55 38.4636
97 87 23.3879
48 38 56.5414
70 60 67.0057
77 67 35.1685
59 49 48.6674
47 37 68.1566
90 80 35.8394
49 39 61.5597
72 62 40.4407
15 5 95.9597
93 83 50.4583
30 20 77.5122
20 10 89.969
107 97 22.6262
86 76 22.4496
60 50 44.9021
19 9 91.8492
34 24 76.8813
81 71 50.3007
46 36 74.634
11 1 98.9189
58 48 59.5475
46 36 72.5257
62 52 67.099
97 87 28.177
43 33 78.1845
37 27 77.1411
52 42 69.0727
67 57 56.3776
13 3 97.7429
52 42 51.8933
16 6 95.8735
67 57 57.722
41 31 67.5618
103 93 49.0406
19 9 92.9412
77 67 52.3814
49 39 66.9877
42 32 76.0558
25 15 86.0442
107 97 21.6616
47 37 66.8241
35 25 70.1574
94 84 33.4442
101 91 34.7227
66 56 51.3745
45 35 69.106
95 85 22.4183
75 65 46.7213
37 27 74.5132
101 91 43.8059
108 98 10.5476
85 75 46.7049
107 97 45.3629
102 92 21.1186
101 91 48.4806
51 41 58.9624
75 65 33.0269
14 4 94.6009
89 79 45.8573
37 27 72.7131
77 67 59.7684
75 65 52.0707
22 12 87.9263
82 72 29.4003
105 95 22.6157
18 8 94.2045
108 98 43.052
98 88 42.5
85 75 34.9707
93 83 26.2749
57 47 53.4463
44 34 75.7091
104 94 35.6397
89 79 43.2925
106 96 23.5128
41 31 77.9142
24 14 81.6565
84 74 38.1282
52 42 68.2243
44 34 60.0331
60 50 50.9682
33 23 78.7603
74 64 50.2426
94 84 48.958
96 86 44.4916
96 86 44.1587
60 50 49.5208
24 14 82.0637
56 46 65.7932
30 20 80.3838
18 8 94.3871
75 65 51.2828
91 81 29.4371
109 99 25.6948
39 29 77.5897
102 92 18.4487
94 84 46.2441
15 5 96.5562
36 26 83.8909
109 99 27.0785
94 84 15.8635
44 34 70.8459
26 16 83.739
22 12 83.9129
85 75 29.0596
108 98 43.6023
36 26 73.4638
47 37 72.4627
110 100 9.55
50 40 64.237
46 36 78.1527
76 66 59.093
49 39 67.8976
11 1 98.9826
41 31 67.6342
63 53 64.2867
64 54 67.7527
11 1 99.1418
13 3 95.6386
94 84 25.6097
57 47 50.2355
84 74 50.8369
20 10 93.9891
17 7 92.6907
71 61 54.1284
20 10 91.9087
32 22 72.3435
83 73 44.8699
11 1 99.0025
16 6 94.3715
41 31 77.8594
58 48 58.6817
65 55 46.7186
26 16 87.1049
56 46 61.4844
85 75 53.309
61 51 56.1376
48 38 70.0301
59 49 54.2992
43 33 69.0129
66 56 36.8158
19 9 93.5998
23 13 87.5534
84 74 33.3368
22 12 90.0032
26 16 82.3847
48 38 66.6019
110 100 30.8447
19 9 92.4771
82 72 48.9258
88 78 37.0613
103 93 25.1452
19 9 92.5021
83 73 33.3518
45 35 68.9149
78 68 64.1729
106 96 42.3619
54 44 68.051
14 4 96.295
31 21 78.535
37 27 80.7967
78 68 44.3769
77 67 61.9432
44 34 68.3135
79 69 29.1643
100 90 26.4597
21 11 93.4876
37 27 65.6375
88 78 41.4697
110 100 32.7241
92 82 17.3439
52 42 51.4247
77 67 37.6161
51 41 71.4448
77 67 39.5503
62 52 52.049
26 16 81.373
43 33 66.9959
33 23 81.9803
40 30 75.3875
82 72 33.1718
95 85 52.1443
19 9 91.9144
100 90 15.485
49 39 72.4814
28 18 77.3679
69 59 34.3994
32 22 81.8862
37 27 67.1875
33 23 74.0667
53 43 55.9609
38 28 79.0766
35 25 69.7643
95 85 33.4466
33 23 82.5499
42 32 77.5668
14 4 96.3892
101 91 38.666
45 35 75.2782
56 46 66.4845
91 81 53.1937
37 27 68.4922
34 24 83.4153
39 29 78.1138
98 88 51.9063
76 66 60.9321
76 66 60.8478
46 36 68.4657
105 95 25.7709
34 24 69.4056
70 60 52.9067
18 8 93.08
40 30 72.1616
76 66 47.1626
23 13 89.9045
71 61 60.1928
62 52 61.4092
83 73 49.48
81 71 42.8462
100 90 39.9348
96 86 43.0992
49 39 66.9484
50 40 58.2062
102 92 17.5586
66 56 58.9839
103 93 24.3197
92 82 34.2073
103 93 11.6274
49 39 57.2595
24 14 91.004
59 49 55.4399
91 81 18.5873
57 47 76.475
95 85 52.8398
29 19 84.9107
55 45 66.9271
36 26 70.3367
82 72 43.7119
15 5 94.4454
76 66 47.4018
77 67 50.9396
89 79 51.4146
109 99 23.2363
16 6 95.7012
83 73 44.333
80 70 59.5475
89 79 19.9925
81 71 43.027
62 52 40.6598
47 37 69.269
33 23 82.2069
65 55 54.4187
42 32 62.4542
23 13 87.5591
29 19 72.9333
66 56 61.599
13 3 98.4223
21 11 86.5533
48 38 70.6995
85 75 39.0375
77 67 41.3796
80 70 41.7342
71 61 58.5516
35 25 80.5434
94 84 26.3128
59 49 67.1072
48 38 53.792
110 100 16.8141
50 40 63.8865
88 78 36.8485
66 56 52.5408
47 37 64.8782
39 29 67.4501
25 15 78.4358
73 63 60.3434
55 45 64.1569
11 1 99.2494
92 82 40.9549
37 27 77.4805
77 67 48.322
79 69 59.5938
79 69 28.9154
55 45 62.9547
90 80 44.289
51 41 64.759
78 68 52.4596
70 60 43.7675
58 48 58.6419
75 65 47.2478
38 28 74.6461
71 61 47.559
60 50 55.8009
27 17 89.9235
85 75 43.6762
33 23 84.333
85 75 54.8948
93 83 19.9353
66 56 44.2318
75 65 31.1565
25 15 82.8227
76 66 30.117
58 48 46.0674
90 80 24.7865
96 86 41.6477
82 72 44.277
37 27 85.5644
59 49 60.3822
94 84 32.4626
102 92 30.3888
48 38 77.9212
41 31 68.7838
66 56 65.1814
28 18 83.5561
90 80 46.4129
40 30 67.7675
11 1 98.8672
26 16 81.3712
45 35 63.5018
42 32 70.6592
34 24 72.8036
61 51 66.6623
103 93 38.3768
12 2 98.4104
25 15 89.1872
11 1 99.0005
43 33 66.991
54 44 62.8992
40 30 77.2377
80 70 41.892
11 1 99.118
76 66 27.467
70 60 41.7652
96 86 20.4205
24 14 85.8662
79 69 61.4562
45 35 65.3074
72 62 41.6799
20 10 86.9071
65 55 65.936
93 83 55.4325
57 47 61.8551
61 51 66.8045
35 25 81.2522
86 76 33.6597
96 86 29.5816
80 70 31.1096
13 3 98.2557
85 75 26.3497
37 27 80.5488
107 97 17.5419
54 44 67.4107
12 2 98.2973
63 53 53.5883
110 100 52.506
107 97 30.0063
83 73 39.4761
13 3 97.2413
63 53 57.9578
37 27 78.7443
78 68 50.874
47 37 61.9621
69 59 53.2973
43 33 72.824
51 41 66.9304
74 64 61.3214
71 61 56.0402
87 77 46.6025
41 31 71.946
45 35 79.3721
74 64 36.9786
68 58 49.2902
79 69 29.6067
50 40 72.3435
84 74 43.9821
97 87 13.0242
32 22 77.0568
96 86 19.8461
40 30 78.0731
28 18 81.1873
106 96 21.8893
66 56 56.0986
81 71 37.7623
28 18 74.3682
99 89 29.5251
30 20 84.9752
98 88 40.0854
108 98 17.0198
99 89 17.698
82 72 48.8839
91 81 38.8864
46 36 74.98
52 42 65.837
27 17 85.1117
85 75 52.2165
71 61 41.1484
67 57 44.1946
100 90 40.4076
70 60 40.9792
58 48 71.1205
16 6 95.4685
33 23 81.1224
105 95 53.1324
59 49 50.8412
78 68 46.2604
23 13 89.2893
38 28 62.1291
39 29 84.8038
59 49 57.2338
66 56 67.432
45 35 80.1419
58 48 57.1143
60 50 75.11
52 42 79.2118
52 42 56.8501
109 99 22.1295
35 25 74.7966
57 47 63.7107
23 13 91.2369
93 83 42.9772
94 84 42.573
97 87 41.3822
23 13 88.6046
11 1 99.0204
26 16 87.0638
18 8 91.4395
106 96 48.8951
26 16 90.7047
60 50 62.9468
18 8 94.0144
22 12 91.1605
40 30 71.4279
77 67 58.9716
45 35 70.32
100 90 37.2588
104 94 30.5687
59 49 52.4104
16 6 95.1366
108 98 26.4813
103 93 8.4077
108 98 43.8072
56 46 66.584
91 81 29.536
11 1 99.3032
24 14 84.1494
70 60 52.9329
36 26 75.7614
11 1 99.0244
25 15 89.0098
28 18 76.075
52 42 63.8769
38 28 78.8668
12 2 98.9269
75 65 33.0418
71 61 49.6475
38 28 72.6705
94 84 38.2283
48 38 59.7328
51 41 70.5314
70 60 41.9619
84 74 58.0888
11 1 99.1538
73 63 33.0441
91 81 27.6602
13 3 97.6243
56 46 67.4632
94 84 38.6287
44 34 77.0586
14 4 96.6132
48 38 73.1743
14 4 96.4795
41 31 72.604
94 84 37.648
102 92 37.2015
16 6 91.1662
12 2 97.9862
49 39 74.0925
58 48 44.7681
33 23 70.3166
93 83 38.4078
99 89 25.014
41 31 79.4095
11 1 98.5334
19 9 92.9682
101 91 23.114
75 65 54.0946
103 93 37.043
63 53 60.3216
39 29 80.1652
47 37 58.5577
31 21 82.5681
69 59 36.3091
97 87 37.3639
36 26 84.6823
78 68 26.9288
77 67 35.7568
18 8 93.2828
26 16 81.6276
88 78 41.7135
35 25 73.0427
81 71 34.3126
24 14 80.5363
92 82 35.3728
54 44 53.77
96 86 17.9395
50 40 67.98
77 67 46.0037
37 27 80.2386
105 95 33.7852
60 50 48.5586
29 19 83.4117
38 28 73.6524
15 5 95.3416
65 55 64.5918
88 78 21.5129
103 93 19.0873
60 50 46.1068
78 68 41.98
16 6 95.3435
14 4 96.4206
92 82 39.3907
49 39 68.7539
104 94 45.5949
70 60 35.2598
42 32 77.4506
69 59 46.2536
48 38 61.3559
51 41 59.2515
58 48 62.3516
110 100 14.6413
42 32 56.7416
92 82 42.8593
15 5 96.9969
93 83 19.3882
94 84 23.2922
75 65 52.6481
29 19 81.1369
51 41 60.8447
88 78 46.4579
29 19 81.8554
41 31 68.812
93 83 58.4124
33 23 74.3924
110 100 16.7666
104 94 43.8482
54 44 66.6444
76 66 36.9652
64 54 49.4125
55 45 50.8697
83 73 62.9547
32 22 74.1597
32 22 80.8974
21 11 88.2153
59 49 53.2024
86 76 49.6602
71 61 48.5948
12 2 98.597
79 69 42.4335
57 47 68.2045
95 85 43.1886
45 35 62.7914
102 92 11.2044
81 71 53.8374
64 54 41.2267
25 15 88.55
69 59 48.4096
62 52 56.6106
91 81 37.2173
81 71 50.951
75 65 60.2983
63 53 53.9828
50 40 50.1774
67 57 59.9138
54 44 59.3593
94 84 58.0309
66 56 40.3771
98 88 40.9254
48 38 57.004
56 46 68.6561
41 31 78.1827
59 49 51.5208
71 61 52.3062
32 22 79.2937
90 80 41.8725
58 48 52.5843
62 52 70.5516
91 81 26.1039
77 67 29.8466
64 54 57.9837
35 25 73.2479
65 55 44.6237
48 38 73.6456
63 53 53.2097
36 26 73.4141
110 100 14.3565
76 66 37.5377
82 72 26.4083
61 51 37.4581
12 2 97.4051
97 87 34.1033
57 47 65.9571
49 39 49.0588
51 41 67.2826
89 79 36.0144
69 59 63.0214
80 70 37.6775
87 77 41.7962
53 43 62.3626
76 66 48.6032
79 69 60.7496
81 71 48.7148
28 18 76.3789
82 72 36.291
86 76 48.8363
93 83 36.9628
29 19 79.3204
15 5 94.459
99 89 26.506
18 8 94.1734
59 49 65.3834
67 57 63.0849
14 4 96.0263
28 18 77.5245
106 96 9.4274
98 88 51.011
88 78 32.2783
91 81 23.7812
100 90 31.5002
13 3 97.3893
107 97 30.3821
42 32 65.4691
28 18 83.5487
92 82 36.1417
107 97 15.3758
92 82 16.9242
43 33 74.9575
25 15 79.3329
15 5 95.1386
92 82 51.184
72 62 50.4796
39 29 75.4362
85 75 59.8349
24 14 83.3496
66 56 60.0811
58 48 51.5438
84 74 18.7896
11 1 98.6784
60 50 65.1604
46 36 57.3291
38 28 75.3928
84 74 32.259
72 62 63.1818
39 29 76.2129
86 76 35.1436
25 15 89.7131
110 100 21.9952
63 53 49.5686
16 6 92.5059
79 69 54.6949
58 48 56.597
64 54 56.4316
56 46 62.2679
23 13 87.3346
62 52 41.6541
53 43 75.2747
106 96 21.1554
100 90 31.2123
100 90 25.6897
14 4 96.0772
58 48 69.3739
45 35 69.5006
62 52 62.4748
41 31 72.9333
80 70 47.1323
92 82 43.5059
47 37 63.0452
33 23 73.8242
39 29 64.2354
13 3 97.6539
13 3 97.19
89 79 53.1922
43 33 77.6073
34 24 79.836
104 94 18.7515
17 7 94.6243
43 33 68.1797
27 17 87.9038
85 75 34.4651
16 6 95.7286
59 49 73.7452
79 69 54.2447
55 45 66.9991
36 26 70.7348
41 31 72.1667
24 14 87.4674
67 57 41.0432
93 83 18.5089
108 98 11.1356
109 99 23.7276
76 66 51.5783
78 68 46.3625
80 70 41.1471
60 50 56.5895
53 43 66.1457
74 64 41.7187
89 79 36.9542
20 10 93.5224
99 89 17.531
97 87 38.7257
106 96 8.2909
