900 22763 9.9499
63 53 51.7064
63 53 223.5004
102 92 2.6289
67 57 118.7974
27 17 28.5665
49 39 97.7696
83 73 62.5378
74 64 94.0363
19 9 2.4097
51 41 139.705
101 91 6.0044
58 48 154.7156
101 91 0.7907
104 94 0.336
95 85 4.3861
56 46 196.9288
103 93 2.2178
88 78 21.5177
35 25 67.6992
110 100 0.0
57 47 197.9881
27 17 4.389
66 56 169.3252
24 14 10.2188
76 66 83.0807
100 90 7.3243
49 39 48.2029
82 72 57.1575
12 2 0.4371
58 48 79.3869
72 62 73.2937
59 49 249.2958
100 90 1.4669
71 61 99.5512
97 87 5.9184
99 89 3.4932
100 90 3.9131
74 64 33.7283
24 14 20.3932
40 30 60.5894
34 24 55.6947
12 2 0.3446
51 41 100.6673
67 57 93.4125
39 29 23.6511
36 26 3.6304
52 42 43.3178
18 8 2.7008
36 26 70.8956
102 92 5.2412
19 9 7.9322
78 68 44.1432
60 50 99.064
86 76 36.9376
32 22 18.2753
73 63 58.1215
12 2 0.1905
17 7 5.0903
80 70 72.6305
108 98 0.0997
81 71 54.9407
30 20 15.617
97 87 2.4094
51 41 112.3994
90 80 42.7101
94 84 22.2253
50 40 134.1335
65 55 65.8652
86 76 25.4191
17 7 1.3208
38 28 27.936
81 71 85.4472
24 14 12.148
52 42 114.9011
99 89 2.5403
35 25 19.5522
59 49 257.7732
16 6 1.4244
109 99 0.0929
17 7 0.0556
58 48 39.9284
22 12 1.3834
46 36 68.4715
85 75 2.91
59 49 181.5744
38 28 11.665
91 81 13.2785
27 17 4.5742
99 89 8.4118
93 83 12.8518
59 49 52.6401
105 95 0.0303
40 30 60.7443
43 33 101.9847
45 35 57.6973
23 13 10.6858
20 10 5.4974
75 65 47.2023
27 17 7.4058
85 75 57.6183
63 53 76.8307
96 86 20.0978
83 73 42.3066
42 32 38.4251
18 8 2.3859
28 18 0.4196
24 14 21.6312
92 82 4.5122
74 64 47.634
53 43 131.3509
43 33 120.2916
16 6 1.5625
39 29 46.7147
82 72 63.1697
45 35 21.6959
75 65 34.8675
57 47 225.0699
46 36 139.08
51 41 92.6427
51 41 55.1024
81 71 87.692
66 56 82.8768
101 91 8.3362
53 43 11.9962
34 24 17.5932
99 89 2.0542
50 40 54.9767
92 82 20.1485
71 61 33.196
37 27 34.2954
64 54 11.6955
73 63 20.5726
72 62 52.0072
84 74 19.8106
43 33 24.5613
12 2 0.3093
100 90 4.5694
35 25 3.0244
107 97 0.3715
76 66 88.739
108 98 0.3012
50 40 176.129
58 48 234.7874
11 1 0.023
61 51 29.2529
89 79 45.4741
85 75 27.8122
82 72 4.6716
52 42 79.8312
12 2 0.3888
50 40 29.0014
55 45 129.9539
110 100 0.0
84 74 66.7929
69 59 28.2181
59 49 79.6224
89 79 34.5692
67 57 24.7957
104 94 0.2516
47 37 128.591
47 37 69.0705
77 67 89.2019
36 26 74.0181
66 56 95.5926
15 5 0.8218
76 66 125.8383
72 62 152.1438
71 61 134.4613
82 72 20.7097
96 86 1.9431
106 96 0.5764
46 36 72.958
90 80 41.2567
98 88 6.8152
107 97 0.9399
47 37 16.2867
19 9 5.0058
52 42 3.7682
41 31 45.0128
20 10 4.9782
17 7 1.0033
81 71 24.3621
54 44 19.9985
95 85 1.266
20 10 8.0963
83 73 70.2625
29 19 34.1452
70 60 137.2083
75 65 110.8303
72 62 28.1432
91 81 9.0287
62 52 46.4547
76 66 127.6626
32 22 41.0155
106 96 1.0674
101 91 4.9368
68 58 2.8481
16 6 1.3168
96 86 4.0418
28 18 35.0613
38 28 7.8463
101 91 2.4356
45 35 121.2997
65 55 126.0593
68 58 53.693
59 49 244.2559
13 3 0.3414
73 63 151.9982
54 44 41.1707
31 21 30.3421
102 92 5.6338
56 46 218.8611
32 22 32.995
22 12 7.6196
36 26 50.2988
92 82 6.7242
107 97 0.697
107 97 0.4494
22 12 3.9557
84 74 39.9081
80 70 65.4583
100 90 10.2822
52 42 174.01
52 42 42.9928
56 46 51.8675
31 21 25.0391
109 99 0.0424
90 80 7.9018
17 7 2.8485
106 96 1.4209
102 92 4.2615
84 74 17.2972
37 27 66.9336
89 79 38.007
72 62 139.3258
100 90 5.0905
59 49 13.6391
98 88 2.8473
51 41 130.3613
60 50 94.028
88 78 37.3125
60 50 198.0619
41 31 32.1409
42 32 108.5479
92 82 34.5148
38 28 26.53
48 38 1.471
44 34 113.0483
72 62 131.7473
35 25 11.2942
64 54 115.2717
18 8 3.4943
28 18 11.7417
24 14 3.6503
22 12 5.2553
43 33 80.0674
46 36 64.6537
36 26 22.6565
14 4 0.6562
81 71 61.3281
52 42 188.8237
74 64 142.1619
71 61 106.7886
79 69 51.8363
49 39 78.8985
87 77 46.5656
91 81 5.1885
88 78 46.4512
101 91 1.6736
71 61 159.2837
104 94 1.7799
94 84 21.9637
67 57 11.8071
43 33 38.0789
14 4 0.3168
24 14 6.4476
90 80 2.9249
30 20 16.9822
72 62 14.1805
60 50 5.1283
101 91 6.2159
55 45 204.895
82 72 15.9235
78 68 60.5796
43 33 2.5463
110 100 0.0
93 83 0.199
96 86 6.3582
24 14 5.3074
96 86 20.6833
18 8 3.1443
88 78 14.9726
47 37 27.2961
73 63 50.5806
34 24 19.334
35 25 54.6118
101 91 6.5704
50 40 18.6129
96 86 19.4468
31 21 11.6418
12 2 0.1912
109 99 0.0423
88 78 27.811
53 43 21.6009
74 64 100.0299
19 9 3.0338
79 69 8.6294
105 95 1.9489
92 82 8.2092
94 84 15.5706
99 89 4.8812
93 83 16.653
65 55 90.3797
19 9 4.9307
70 60 2.9765
93 83 7.8303
37 27 48.8728
78 68 109.1299
42 32 67.2995
61 51 38.7225
16 6 0.9947
56 46 176.8481
37 27 8.1965
69 59 111.9572
91 81 5.0602
60 50 180.4942
37 27 67.3202
84 74 30.13
79 69 31.3877
71 61 95.1793
92 82 18.3968
103 93 1.4403
53 43 104.716
21 11 5.2079
52 42 134.4568
44 34 9.4965
69 59 36.3059
82 72 73.6863
106 96 0.6046
44 34 6.2675
71 61 154.28
34 24 37.6702
47 37 142.2775
110 100 0.0
85 75 5.369
19 9 4.1705
63 53 114.6413
55 45 145.3791
104 94 3.5329
60 50 86.0713
37 27 6.7832
69 59 93.6635
36 26 30.4706
90 80 21.8218
89 79 38.792
51 41 121.4537
67 57 100.7316
103 93 1.3285
103 93 3.0132
68 58 56.0525
53 43 82.296
31 21 27.298
23 13 17.9575
71 61 160.0504
32 22 38.8863
64 54 69.1657
51 41 165.2408
107 97 0.5543
71 61 39.2487
72 62 52.2241
37 27 4.4775
75 65 105.7464
42 32 89.2575
35 25 36.6431
86 76 36.2104
43 33 103.0025
93 83 27.5724
108 98 0.3296
68 58 41.1568
26 16 20.6242
42 32 91.7252
37 27 13.0826
22 12 15.5286
11 1 0.0478
67 57 176.9264
55 45 147.4626
33 23 15.4399
64 54 24.1177
37 27 30.491
60 50 262.4297
59 49 154.8832
55 45 73.7079
46 36 67.349
75 65 6.8228
61 51 123.129
82 72 25.4165
103 93 4.4543
58 48 41.1387
27 17 15.8558
69 59 162.0798
88 78 53.4523
105 95 0.4431
99 89 11.0111
90 80 4.1817
94 84 15.3995
30 20 0.4204
51 41 34.3425
106 96 0.3477
26 16 14.2374
98 88 10.4783
106 96 0.4462
20 10 4.7316
58 48 200.5222
70 60 75.6923
104 94 3.1386
98 88 15.2416
86 76 25.7299
88 78 34.2707
17 7 5.3505
101 91 1.0716
28 18 6.3495
67 57 55.2976
69 59 170.8357
33 23 48.8014
39 29 15.888
55 45 147.3089
90 80 30.9846
56 46 194.7694
108 98 0.4382
40 30 32.8017
18 8 1.5794
60 50 238.0963
68 58 107.6895
64 54 138.0421
58 48 185.011
95 85 6.3683
42 32 5.2012
49 39 83.2509
108 98 0.3163
59 49 111.9848
108 98 0.2748
29 19 20.6035
72 62 45.6668
73 63 5.8029
37 27 32.1916
77 67 74.1827
104 94 1.6154
24 14 15.7881
34 24 45.3627
97 87 14.402
55 45 112.7411
99 89 12.8287
93 83 5.2538
75 65 48.1662
23 13 4.7834
54 44 1.0696
90 80 2.9433
21 11 5.1589
68 58 100.2341
72 62 140.0133
64 54 210.3566
84 74 64.0097
42 32 107.8749
19 9 2.7842
85 75 28.2214
77 67 117.7088
23 13 18.7069
19 9 0.5869
75 65 117.0084
68 58 93.5587
26 16 24.8006
17 7 1.9571
12 2 0.3347
98 88 3.0754
13 3 0.1978
105 95 0.2549
35 25 4.5229
66 56 53.0036
56 46 135.5674
90 80 25.4674
15 5 0.8808
74 64 116.3775
19 9 8.5315
98 88 9.111
26 16 14.7829
30 20 21.151
25 15 0.8776
35 25 3.3379
16 6 3.2562
60 50 277.0003
36 26 1.7637
65 55 155.0596
33 23 34.2373
47 37 19.6507
74 64 78.0846
33 23 36.266
90 80 15.1849
39 29 29.3642
56 46 157.2853
33 23 27.0886
28 18 22.8806
29 19 39.0348
32 22 50.0483
74 64 44.4893
48 38 122.3635
92 82 34.9458
62 52 10.533
55 45 179.7519
62 52 34.732
97 87 6.168
82 72 72.5856
92 82 8.5141
89 79 30.7002
35 25 25.8186
88 78 13.7111
74 64 89.5902
23 13 12.5618
16 6 3.5271
57 47 190.8731
88 78 33.7406
86 76 58.2544
51 41 31.6473
11 1 0.1038
93 83 9.1809
89 79 46.8216
63 53 206.2631
83 73 72.7753
87 77 17.7206
54 44 101.4196
24 14 18.4191
104 94 1.9338
12 2 0.1022
28 18 32.3628
91 81 26.1215
34 24 2.0166
14 4 0.3094
68 58 93.5417
84 74 54.007
33 23 13.8637
19 9 5.6077
48 38 152.1747
101 91 6.3918
28 18 2.3291
14 4 0.9714
41 31 60.7958
41 31 42.6986
83 73 57.8611
83 73 1.7049
102 92 2.8578
41 31 53.3966
80 70 76.0256
75 65 25.7019
25 15 7.6534
36 26 3.2562
38 28 58.8358
110 100 0.0
101 91 0.694
78 68 90.6665
25 15 1.1424
86 76 30.7929
29 19 1.6819
11 1 0.0966
22 12 13.171
51 41 94.1116
47 37 51.2666
63 53 60.4243
32 22 24.4147
98 88 15.9584
78 68 11.0516
17 7 5.1243
86 76 9.5854
63 53 97.4254
16 6 2.378
27 17 4.1713
53 43 151.3496
89 79 28.7846
91 81 23.8547
100 90 9.3879
42 32 30.4101
39 29 75.0956
72 62 62.5677
26 16 22.5902
110 100 0.0
83 73 63.7982
66 56 165.2306
110 100 0.0
60 50 154.6142
87 77 28.6974
95 85 16.2615
93 83 17.6867
20 10 3.84
74 64 140.8139
39 29 84.4278
101 91 5.2248
45 35 124.0333
94 84 21.9086
12 2 0.3482
37 27 22.0219
99 89 0.0495
55 45 41.2799
105 95 1.7547
30 20 37.0263
28 18 19.5782
109 99 0.0793
24 14 12.8646
88 78 30.8218
20 10 5.4656
78 68 83.7108
27 17 20.7062
65 55 171.2597
82 72 68.2282
18 8 6.8996
49 39 102.0273
21 11 7.0928
92 82 4.192
96 86 6.413
78 68 33.4241
19 9 4.4097
58 48 21.1063
30 20 12.1106
50 40 153.6758
16 6 0.9766
71 61 27.7913
81 71 86.9061
55 45 72.5623
24 14 20.7033
94 84 16.328
41 31 103.2662
23 13 17.3811
62 52 198.5158
90 80 29.8624
48 38 134.5168
21 11 2.2326
62 52 143.7693
87 77 3.4845
98 88 6.2665
13 3 0.4364
35 25 43.8092
73 63 56.2408
28 18 22.96
70 60 9.8366
37 27 63.5218
21 11 9.2061
89 79 1.2457
36 26 64.3304
36 26 24.2144
72 62 21.671
18 8 3.9302
72 62 112.3165
93 83 18.1077
43 33 7.3307
13 3 0.2915
36 26 7.3823
75 65 120.5112
86 76 2.5872
94 84 28.3699
12 2 0.427
59 49 210.3487
35 25 27.4622
72 62 155.4265
16 6 1.4693
95 85 0.5919
12 2 0.0607
88 78 36.1496
25 15 7.9609
78 68 79.5539
51 41 48.8824
94 84 3.5653
39 29 66.6394
95 85 21.204
78 68 90.6035
96 86 6.57
103 93 2.9563
12 2 0.3008
76 66 54.966
107 97 0.6972
96 86 15.1072
95 85 11.9135
32 22 17.7744
101 91 2.6746
79 69 55.3137
45 35 54.7757
37 27 78.021
106 96 0.2593
94 84 11.7951
98 88 4.8829
93 83 14.0777
73 63 38.6018
23 13 14.6472
84 74 37.7602
34 24 25.9385
12 2 0.1666
49 39 81.5853
107 97 0.605
75 65 84.1388
29 19 4.8764
42 32 57.7849
61 51 109.1982
110 100 0.0
89 79 20.8646
15 5 1.3036
78 68 38.5192
39 29 13.4572
41 31 31.6029
24 14 4.7442
68 58 38.1287
82 72 10.433
23 13 14.9021
33 23 7.0481
56 46 68.1678
93 83 22.6958
63 53 27.9526
65 55 174.5235
12 2 0.3253
41 31 25.3539
105 95 2.272
28 18 2.1131
23 13 10.8004
108 98 0.2795
45 35 47.1022
81 71 26.8046
107 97 0.9624
49 39 55.2078
31 21 16.6688
76 66 10.2263
16 6 1.8454
55 45 176.1642
45 35 34.8152
11 1 0.0315
53 43 156.385
17 7 5.2494
18 8 0.4352
99 89 8.5088
79 69 47.4614
22 12 4.8719
35 25 10.5896
45 35 61.6352
49 39 165.8607
107 97 0.5597
93 83 24.8032
11 1 0.0137
49 39 158.6738
35 25 13.0766
55 45 55.4633
98 88 11.1511
106 96 0.2406
101 91 7.0728
87 77 11.2974
68 58 29.0417
29 19 30.8693
61 51 12.0799
109 99 0.0445
67 57 128.6928
56 46 71.3707
70 60 50.6735
14 4 0.6843
37 27 77.4368
92 82 6.4092
78 68 36.4839
99 89 8.6172
63 53 232.5833
11 1 0.0149
83 73 61.7929
25 15 2.9984
40 30 73.0972
29 19 27.2808
27 17 3.1755
72 62 79.6389
87 77 53.9968
60 50 98.9154
83 73 1.1861
57 47 81.2368
101 91 3.3464
11 1 0.0807
18 8 1.3442
60 50 222.1379
84 74 18.8445
51 41 169.3721
63 53 152.1066
12 2 0.1684
105 95 0.5209
91 81 3.0465
49 39 5.1681
21 11 12.0944
105 95 2.4216
68 58 170.4688
54 44 169.5157
85 75 33.9374
14 4 1.6249
55 45 171.3005
37 27 79.8649
91 81 33.429
62 52 174.2642
49 39 106.688
40 30 79.5217
79 69 47.4855
76 66 83.2486
19 9 8.5524
80 70 34.4864
27 17 28.1452
66 56 140.1346
101 91 3.1218
90 80 9.8344
31 21 39.2491
84 74 9.456
79 69 0.3903
14 4 1.624
63 53 43.5996
55 45 90.8386
53 43 204.4119
19 9 2.8008
28 18 10.6654
91 81 7.0484
32 22 44.6021
74 64 64.6067
104 94 2.273
96 86 16.3939
33 23 13.8542
26 16 11.5189
50 40 11.2363
42 32 62.3424
50 40 85.9984
96 86 5.6026
52 42 157.4548
107 97 0.2679
89 79 9.1123
46 36 139.3612
79 69 9.0602
84 74 51.6612
47 37 55.4541
21 11 5.8946
106 96 0.7017
76 66 44.2965
47 37 47.1791
68 58 153.4472
24 14 16.8713
26 16 8.2709
20 10 0.0619
22 12 2.4247
14 4 0.5337
96 86 12.535
104 94 3.1748
33 23 20.1086
29 19 6.0819
33 23 20.5937
32 22 50.8666
71 61 52.3401
59 49 166.8903
63 53 225.8113
48 38 19.6193
48 38 101.9973
109 99 0.078
48 38 119.426
38 28 60.0431
44 34 77.9561
105 95 1.4419
76 66 37.12
18 8 1.5056
55 45 139.7521
53 43 60.3062
78 68 89.8637
88 78 28.8302
35 25 42.279
32 22 7.2736
20 10 3.1833
76 66 25.5716
87 77 21.0402
13 3 0.9081
18 8 5.9778
109 99 0.1075
72 62 95.3715
54 44 29.8202
94 84 3.0165
40 30 83.1247
100 90 2.0686
20 10 8.058
64 54 4.074
108 98 0.0559
44 34 71.518
96 86 16.4721
57 47 218.385
51 41 76.4181
36 26 39.8909
86 76 42.6741
29 19 31.8074
37 27 75.5682
102 92 0.6476
104 94 1.6555
72 62 151.129
25 15 10.5442
36 26 18.0337
43 33 117.1502
50 40 56.0327
72 62 70.222
27 17 10.0649
76 66 98.276
78 68 92.0028
83 73 19.5135
20 10 6.0214
57 47 139.7032
