400 10352 4.3589
58 48 220.265
58 48 5.0253
79 69 92.0583
46 36 133.3567
110 100 0.0
100 90 2.416
103 93 2.0814
72 62 96.8936
73 63 45.5285
81 71 81.8949
92 82 6.3893
42 32 12.04
74 64 137.8506
106 96 1.4939
54 44 38.1115
59 49 45.6765
104 94 1.5745
71 61 60.2165
86 76 62.8756
84 74 15.1676
21 11 3.5049
32 22 17.3059
50 40 94.2666
53 43 175.623
75 65 12.9782
65 55 154.4765
34 24 10.7142
39 29 82.2288
52 42 72.0815
69 59 83.6848
94 84 16.6214
103 93 1.2175
62 52 162.1094
67 57 49.9862
68 58 117.0834
43 33 106.2239
15 5 2.7288
88 78 25.8445
88 78 21.5269
100 90 1.7126
57 47 86.2126
15 5 1.3813
21 11 8.5782
34 24 59.5154
86 76 51.3203
20 10 10.9395
78 68 46.8937
30 20 5.3048
31 21 25.2567
32 22 26.9679
68 58 109.8521
42 32 67.2846
78 68 103.8873
103 93 4.589
56 46 58.2435
91 81 28.8769
39 29 79.8948
76 66 13.6369
40 30 67.6192
28 18 27.0983
79 69 16.4157
15 5 1.8721
32 22 45.6814
68 58 172.2545
77 67 5.9448
57 47 126.9989
52 42 99.8893
95 85 17.7567
11 1 0.1096
69 59 36.3404
94 84 19.957
106 96 0.3819
23 13 8.7243
25 15 22.2721
64 54 103.5392
83 73 43.8764
64 54 2.0234
65 55 181.2171
13 3 0.5401
35 25 4.8333
104 94 3.9463
108 98 0.2942
109 99 0.064
64 54 115.5855
105 95 0.3413
63 53 244.27
78 68 52.2012
98 88 2.9877
31 21 43.3376
21 11 7.6669
110 100 0.0
100 90 6.6687
109 99 0.0099
12 2 0.1193
110 100 0.0
90 80 35.7683
100 90 1.6153
60 50 73.7215
35 25 49.7864
35 25 35.7231
80 70 30.1287
32 22 12.5127
60 50 162.6331
82 72 3.6504
55 45 99.8007
100 90 8.1704
103 93 0.8891
54 44 185.3219
77 67 77.8443
107 97 0.1802
88 78 34.8894
110 100 0.0
76 66 47.6346
26 16 26.4329
16 6 1.3522
34 24 20.3933
60 50 86.4134
26 16 5.1247
82 72 80.6675
102 92 5.2795
18 8 5.46
22 12 14.4026
36 26 10.1806
48 38 59.6971
41 31 82.8152
92 82 28.4625
53 43 43.3529
22 12 15.0073
102 92 6.7672
31 21 18.1053
67 57 97.9651
59 49 263.9027
51 41 164.9422
55 45 201.3133
14 4 1.6994
55 45 219.6794
74 64 79.4985
56 46 122.496
94 84 12.3898
32 22 43.9212
44 34 13.5707
75 65 4.8952
60 50 268.5764
89 79 28.3323
48 38 25.1956
22 12 5.8697
92 82 5.1655
56 46 203.025
22 12 11.8155
70 60 150.124
42 32 69.4461
17 7 1.6135
37 27 46.7107
67 57 101.1754
86 76 54.1257
18 8 1.2663
80 70 6.5801
108 98 0.4377
21 11 2.652
26 16 17.7348
45 35 37.5379
14 4 0.1412
51 41 108.9766
57 47 191.6285
85 75 44.5355
72 62 97.0296
11 1 0.0495
64 54 52.7662
46 36 92.5616
45 35 96.7079
73 63 111.3479
57 47 50.2331
55 45 85.3432
93 83 30.495
48 38 4.3612
75 65 117.7604
52 42 133.289
92 82 30.1934
67 57 180.9596
98 88 5.0402
96 86 6.4826
89 79 3.0041
36 26 45.0912
91 81 4.0777
96 86 5.1737
11 1 0.0532
109 99 0.1106
31 21 31.1178
66 56 78.6758
68 58 89.107
75 65 15.07
17 7 0.6385
67 57 71.9329
33 23 7.3388
36 26 50.765
23 13 7.9143
92 82 23.016
105 95 2.3498
75 65 78.3678
71 61 75.7408
54 44 178.7322
19 9 1.6001
102 92 1.8142
77 67 28.3693
13 3 0.4409
72 62 131.8555
27 17 5.1562
57 47 206.0769
63 53 202.9041
106 96 0.8584
98 88 2.2637
86 76 60.8889
87 77 49.6029
46 36 85.8921
70 60 149.0807
106 96 0.0064
55 45 89.1879
19 9 1.7493
53 43 175.256
109 99 0.0446
77 67 5.7636
51 41 155.463
12 2 0.0409
44 34 41.5103
22 12 5.9652
97 87 10.8808
48 38 81.7952
97 87 15.8361
23 13 13.1274
90 80 44.4048
52 42 67.6134
22 12 12.8049
71 61 168.2806
42 32 16.954
34 24 5.3093
46 36 51.9688
66 56 123.2312
75 65 95.1929
41 31 64.2081
16 6 3.6698
65 55 192.8755
70 60 41.0411
25 15 1.6661
90 80 31.0889
95 85 1.1716
64 54 13.4245
88 78 44.6453
67 57 182.5504
101 91 8.7411
81 71 4.6213
42 32 40.6135
33 23 34.6331
11 1 0.0708
37 27 74.6359
96 86 2.5145
72 62 77.3575
61 51 240.1566
75 65 9.6427
102 92 3.0063
101 91 5.6717
72 62 137.2963
105 95 0.3687
45 35 46.6735
96 86 16.3146
85 75 42.6766
46 36 53.6106
101 91 5.0305
39 29 72.8078
14 4 0.0846
71 61 142.5099
76 66 81.6626
85 75 41.3067
79 69 58.7968
107 97 0.6944
50 40 91.9785
41 31 21.3132
109 99 0.0093
45 35 1.5222
30 20 20.7775
80 70 35.7825
92 82 31.6993
45 35 93.0439
47 37 82.0458
19 9 7.7199
97 87 0.5716
87 77 38.1471
72 62 40.4816
57 47 55.03
71 61 26.0266
30 20 24.2543
32 22 9.9205
33 23 25.9512
59 49 143.8646
51 41 55.2327
88 78 36.577
77 67 21.3069
46 36 34.0633
16 6 3.641
28 18 26.4152
23 13 3.9112
32 22 24.6637
21 11 6.5911
18 8 6.8609
100 90 5.6883
23 13 17.3408
26 16 14.9378
15 5 1.0129
86 76 41.6811
107 97 0.4767
102 92 3.5096
56 46 41.5269
25 15 17.9693
100 90 1.9062
80 70 5.6337
47 37 119.6638
53 43 86.4112
27 17 9.1149
55 45 29.0831
15 5 0.7028
106 96 0.2563
105 95 0.4718
25 15 17.8991
18 8 6.5157
100 90 7.9223
109 99 0.0121
91 81 17.6177
11 1 0.0096
45 35 110.9854
66 56 131.9704
91 81 13.5216
35 25 27.6536
85 75 30.6798
81 71 40.4284
68 58 30.4484
77 67 13.2031
27 17 30.3228
95 85 9.2678
74 64 14.0045
13 3 0.5029
93 83 22.5514
98 88 6.4566
77 67 106.195
81 71 21.6747
26 16 24.6959
69 59 58.3853
48 38 107.893
56 46 85.0722
64 54 91.5466
82 72 21.5726
58 48 84.4341
53 43 133.4495
66 56 99.9812
21 11 0.1919
23 13 12.973
104 94 1.5874
42 32 32.7542
27 17 11.0323
30 20 12.4039
110 100 0.0
93 83 8.3723
83 73 20.7957
55 45 54.8249
28 18 1.6979
80 70 79.5618
73 63 85.2307
13 3 0.6817
98 88 14.3631
101 91 3.3047
39 29 85.9969
58 48 28.8005
81 71 21.1286
57 47 97.3189
32 22 3.0088
78 68 4.7877
94 84 11.7489
79 69 6.3872
32 22 39.9883
76 66 78.025
102 92 2.5003
17 7 2.8413
30 20 0.7144
82 72 45.7189
70 60 108.4667
50 40 143.3266
78 68 19.0385
65 55 216.8815
49 39 88.2775
86 76 26.2141
87 77 1.2828
35 25 30.2042
76 66 48.5941
32 22 40.468
27 17 1.4575
13 3 0.5746
78 68 113.1205
25 15 15.5444
80 70 34.5344
85 75 47.3216
99 89 9.6397
61 51 124.9281
