100 2652 9.9499
48 38 12.9493
50 40 19.9007
50 40 93.1016
69 59 7.2709
29 19 39.1552
59 49 25.0376
48 38 74.0783
88 78 1.5325
11 1 0.1065
110 100 0.0
88 78 14.7881
63 53 203.7518
66 56 205.282
75 65 15.9552
55 45 28.0833
45 35 49.8364
20 10 9.1218
41 31 58.8352
87 77 3.9443
78 68 98.5645
34 24 4.769
77 67 34.6731
99 89 11.3682
20 10 10.0348
24 14 8.8969
25 15 22.6613
20 10 6.2577
33 23 57.2783
44 34 47.8106
63 53 202.2796
101 91 5.8118
86 76 7.2081
43 33 108.4589
52 42 142.6048
80 70 85.9018
47 37 40.0083
62 52 138.9866
93 83 11.8799
47 37 45.7811
75 65 55.1182
76 66 68.5618
87 77 10.514
54 44 112.0459
28 18 15.3014
68 58 13.5596
29 19 21.5605
89 79 47.0159
26 16 7.4353
53 43 185.5503
97 87 15.1844
58 48 25.4296
76 66 79.1646
67 57 26.0053
54 44 40.6042
38 28 30.3173
37 27 56.314
59 49 83.3464
107 97 0.6796
106 96 1.383
47 37 10.5356
38 28 74.6091
101 91 0.5129
17 7 3.6761
24 14 0.4185
66 56 193.2233
16 6 0.023
34 24 28.4802
87 77 1.3353
107 97 0.4884
45 35 33.9955
108 98 0.142
108 98 0.0367
76 66 9.0004
99 89 4.8497
66 56 65.8998
67 57 111.4481
23 13 11.8962
98 88 5.7425
90 80 32.3968
35 25 47.2089
34 24 37.9558
33 23 5.0475
88 78 33.9813
105 95 0.0555
29 19 16.0046
104 94 0.1593
86 76 4.4751
98 88 6.4403
81 71 39.5325
80 70 88.0261
109 99 0.0989
56 46 98.4302
94 84 14.4883
20 10 4.7527
109 99 0.1006
58 48 17.4009
70 60 57.0852
57 47 102.7863
47 37 19.3582
81 71 44.355
