400 9966 4.3589
96 86 6.7617
46 36 126.043
99 89 2.9573
53 43 157.0309
65 55 92.0191
33 23 19.578
99 89 13.1273
81 71 21.2957
32 22 52.2279
16 6 3.2151
80 70 59.9007
37 27 65.6137
22 12 9.1431
97 87 8.4492
108 98 0.0183
92 82 23.2111
26 16 19.8241
42 32 31.8517
19 9 6.6372
19 9 0.8163
105 95 0.7505
20 10 3.6133
48 38 91.3492
80 70 85.8816
32 22 24.3883
64 54 108.3312
34 24 36.461
84 74 70.5705
84 74 25.161
89 79 3.4786
63 53 238.9158
69 59 142.974
79 69 72.5073
52 42 168.795
34 24 56.2009
24 14 7.8741
60 50 4.8657
65 55 26.0701
101 91 0.7627
93 83 8.3092
104 94 2.0812
47 37 129.7153
65 55 134.4825
46 36 46.2715
109 99 0.0237
46 36 94.8021
90 80 28.9674
105 95 0.5608
103 93 4.3541
53 43 130.9915
86 76 43.1707
83 73 28.7269
101 91 5.2097
47 37 19.7356
98 88 11.8751
26 16 24.2583
77 67 110.3236
18 8 3.6892
36 26 39.1017
48 38 114.6435
99 89 0.774
57 47 69.4912
46 36 138.5664
43 33 73.2758
12 2 0.1109
77 67 85.5944
55 45 74.5824
63 53 111.2489
61 51 69.2204
63 53 99.8267
73 63 20.5623
22 12 3.6038
100 90 9.0113
37 27 61.3045
74 64 117.8169
49 39 50.0736
22 12 1.7926
21 11 8.9543
44 34 42.5332
73 63 32.03
79 69 37.3232
101 91 0.9219
21 11 5.5794
67 57 145.0353
90 80 15.5412
37 27 25.803
69 59 44.4782
87 77 28.1363
21 11 2.2871
106 96 0.5379
19 9 0.5316
32 22 36.6874
55 45 55.0972
103 93 0.1088
92 82 3.6998
56 46 135.0546
61 51 87.0566
29 19 28.2191
102 92 6.8407
58 48 131.4607
109 99 0.0475
75 65 2.9445
88 78 9.7411
42 32 110.0574
70 60 110.5707
40 30 50.8456
83 73 20.6503
12 2 0.4103
66 56 67.6837
71 61 70.9011
19 9 8.8101
24 14 2.5883
45 35 3.0554
101 91 1.0732
30 20 39.9942
62 52 205.6289
90 80 33.0347
86 76 59.4413
20 10 4.6019
30 20 35.6495
38 28 50.0763
49 39 118.6307
110 100 0.0
15 5 1.2503
35 25 35.963
11 1 0.0858
102 92 3.7686
64 54 46.8955
15 5 0.24
13 3 0.4388
35 25 32.4331
13 3 0.5678
77 67 72.7412
13 3 0.5351
24 14 1.0388
20 10 9.4779
65 55 122.4783
110 100 0.0
56 46 174.0644
85 75 13.8605
19 9 1.6752
66 56 159.387
62 52 184.364
31 21 30.8463
24 14 2.2589
21 11 11.7176
40 30 28.7653
68 58 142.879
110 100 0.0
18 8 5.8572
24 14 7.7366
32 22 17.9949
35 25 42.2054
30 20 3.2252
51 41 32.6014
91 81 4.3336
80 70 90.3852
26 16 15.1056
36 26 36.983
101 91 1.4748
58 48 140.1954
64 54 66.9221
48 38 98.3101
15 5 2.3646
95 85 14.363
34 24 3.2652
18 8 0.463
30 20 35.7743
59 49 264.6552
107 97 0.8974
109 99 0.0997
67 57 54.1672
70 60 44.609
85 75 67.8185
84 74 11.7529
91 81 4.7426
72 62 42.3596
20 10 6.1705
19 9 1.9008
79 69 33.944
88 78 43.3832
76 66 85.7194
21 11 10.2702
94 84 3.7342
34 24 35.2666
45 35 94.6487
41 31 74.8759
62 52 231.9123
107 97 0.3562
87 77 45.2517
25 15 22.2095
99 89 13.2423
61 51 56.2259
91 81 31.1562
51 41 129.0724
50 40 170.9927
94 84 4.0559
106 96 0.2448
94 84 17.439
109 99 0.0066
17 7 3.0619
27 17 32.0005
70 60 8.7299
13 3 0.7299
76 66 69.6749
88 78 27.5736
49 39 72.5921
62 52 2.2048
88 78 52.8195
66 56 164.7413
28 18 0.2199
57 47 13.8928
64 54 129.1113
47 37 26.7682
54 44 196.298
29 19 19.2837
90 80 22.4885
77 67 3.5217
23 13 12.3053
78 68 0.3103
23 13 0.5668
67 57 119.0334
49 39 48.6787
27 17 14.7324
71 61 70.208
105 95 0.6388
11 1 0.0657
77 67 65.3004
71 61 135.789
18 8 3.7586
53 43 178.766
45 35 21.3647
16 6 0.6387
62 52 80.389
66 56 81.2338
97 87 18.409
66 56 19.1394
90 80 37.0435
82 72 42.0884
107 97 0.6268
96 86 21.6705
92 82 22.3251
55 45 11.6189
49 39 31.5989
33 23 40.8429
52 42 77.3578
30 20 5.9029
54 44 97.6185
65 55 11.3702
100 90 7.4247
92 82 0.8799
51 41 60.1796
18 8 6.3092
72 62 147.3085
76 66 20.5187
78 68 17.419
74 64 80.927
73 63 65.4541
33 23 11.3891
97 87 3.5241
25 15 21.1839
84 74 64.1041
26 16 15.6311
21 11 0.7933
50 40 73.5113
90 80 35.8678
42 32 73.406
36 26 9.7612
82 72 15.0058
14 4 1.5614
72 62 98.862
50 40 46.8007
90 80 6.5919
100 90 2.1672
18 8 3.1845
16 6 2.3387
86 76 1.4407
56 46 224.2728
93 83 26.2408
95 85 14.9057
103 93 4.0168
104 94 0.1011
28 18 23.4148
107 97 0.7068
95 85 20.7451
74 64 118.2279
87 77 52.2923
16 6 0.1228
96 86 20.1521
18 8 6.9922
92 82 1.7876
39 29 42.8821
24 14 18.2437
49 39 150.8578
21 11 12.3229
20 10 0.9215
105 95 0.1622
33 23 15.0091
71 61 118.2724
32 22 25.9535
28 18 30.5896
17 7 3.6305
50 40 171.5613
88 78 20.3189
14 4 1.5188
84 74 24.2025
28 18 27.7356
97 87 9.6408
36 26 68.7978
51 41 70.8495
85 75 18.904
107 97 0.258
14 4 1.3454
104 94 3.1948
79 69 65.072
12 2 0.4123
12 2 0.2502
66 56 13.1015
26 16 13.0547
14 4 0.9499
92 82 32.6059
84 74 5.3626
94 84 9.5481
67 57 89.1279
66 56 141.8027
36 26 62.1236
63 53 140.187
77 67 86.8964
84 74 64.6811
15 5 0.0084
93 83 6.4492
42 32 9.4084
39 29 76.9106
79 69 102.2055
103 93 2.2812
59 49 5.3771
110 100 0.0
31 21 8.132
55 45 68.1747
56 46 194.2467
42 32 108.1745
92 82 35.989
88 78 52.8976
103 93 3.474
36 26 50.794
86 76 45.1091
86 76 57.0093
26 16 28.0905
44 34 14.6819
82 72 62.0886
42 32 43.8596
55 45 170.7549
107 97 0.9609
74 64 56.8237
63 53 180.648
13 3 0.8118
51 41 98.211
71 61 21.4256
97 87 14.478
22 12 13.7548
15 5 0.9958
97 87 14.3139
53 43 188.5552
52 42 134.4106
60 50 122.3994
67 57 119.4857
11 1 0.0807
106 96 0.7201
98 88 15.0693
103 93 3.9033
28 18 16.6281
64 54 53.8064
69 59 35.5046
23 13 14.2205
70 60 113.4587
29 19 23.3296
55 45 86.9539
98 88 2.4795
93 83 10.9499
81 71 80.0676
56 46 75.1454
58 48 72.3346
25 15 1.58
37 27 38.2019
43 33 6.0856
48 38 138.4959
35 25 38.8946
68 58 143.6755
12 2 0.015
56 46 52.3226
87 77 39.6467
71 61 29.9131
44 34 12.3506
76 66 88.2656
47 37 125.8688
17 7 3.4512
102 92 6.9712
84 74 6.1185
59 49 151.0607
99 89 11.1541
