900 23664 4.3589
83 73 67.6733
61 51 242.0037
47 37 143.1282
72 62 84.0852
41 31 1.8268
100 90 7.622
98 88 2.2941
18 8 2.3695
72 62 142.1095
36 26 15.4697
87 77 39.5814
54 44 18.2339
88 78 6.7657
18 8 6.946
110 100 0.0
60 50 116.406
110 100 0.0
105 95 2.0723
81 71 0.9811
49 39 60.4721
102 92 7.0251
80 70 13.3049
62 52 229.5305
45 35 111.2905
103 93 3.751
101 91 0.13
64 54 14.8079
60 50 145.4461
49 39 138.9789
14 4 1.4281
91 81 31.6551
41 31 43.7469
61 51 49.4746
99 89 6.9855
89 79 1.5967
58 48 52.9536
84 74 61.7805
48 38 50.4786
68 58 60.7529
62 52 223.5148
82 72 68.1407
69 59 154.0314
69 59 8.0717
31 21 27.1929
48 38 6.2136
88 78 48.1086
48 38 6.9146
110 100 0.0
92 82 24.7338
23 13 3.8986
30 20 28.6577
23 13 12.4093
15 5 0.2482
47 37 41.9303
37 27 30.1889
106 96 0.6241
69 59 11.7774
16 6 1.9023
85 75 24.5286
36 26 55.6082
54 44 123.9319
104 94 0.4001
90 80 28.2613
109 99 0.0194
49 39 95.5509
77 67 59.9997
48 38 72.6314
32 22 43.0047
39 29 59.1525
37 27 1.1058
91 81 3.2915
11 1 0.0499
73 63 67.3443
47 37 54.1829
74 64 5.5419
89 79 27.2308
107 97 0.8714
78 68 61.5744
72 62 66.033
59 49 91.8314
23 13 15.9109
29 19 24.7192
24 14 0.3894
12 2 0.3866
25 15 22.525
85 75 7.718
12 2 0.4024
34 24 42.6509
25 15 11.2246
25 15 19.7584
51 41 165.8262
81 71 7.441
36 26 65.9291
107 97 0.1199
26 16 20.4869
103 93 3.9551
96 86 20.3902
32 22 41.2206
50 40 77.4288
51 41 116.5903
56 46 192.6103
20 10 0.0887
40 30 90.7212
82 72 61.9709
57 47 143.941
16 6 1.8021
48 38 39.2824
17 7 0.5944
76 66 32.2246
34 24 43.4894
28 18 3.9589
42 32 67.8881
83 73 66.4319
82 72 52.9708
96 86 20.9788
103 93 3.551
88 78 17.0723
96 86 7.5886
75 65 21.5396
49 39 19.0292
64 54 164.6943
103 93 3.7546
49 39 127.7454
87 77 0.0017
67 57 6.5959
31 21 9.5261
26 16 18.1802
103 93 5.3019
103 93 1.5223
62 52 14.4006
13 3 0.912
62 52 92.5442
57 47 41.486
89 79 46.7301
71 61 137.02
99 89 3.4217
26 16 3.256
86 76 27.6757
27 17 7.5333
12 2 0.1502
41 31 100.9787
93 83 20.6627
51 41 26.3155
21 11 9.3251
21 11 10.4483
74 64 109.9257
82 72 3.0797
86 76 8.7936
20 10 5.0393
27 17 27.6104
19 9 5.5062
53 43 110.9375
46 36 62.1673
78 68 93.0202
67 57 40.7482
60 50 229.4219
105 95 0.6213
109 99 0.0907
110 100 0.0
21 11 8.1153
75 65 66.1204
39 29 18.9218
97 87 16.6309
27 17 29.3344
14 4 1.4314
35 25 53.8953
61 51 157.7588
49 39 102.6216
98 88 15.7029
20 10 4.2182
69 59 154.8502
99 89 0.0596
75 65 35.8968
33 23 48.2507
26 16 2.6603
60 50 206.6993
45 35 130.6725
68 58 0.5171
98 88 4.1125
89 79 10.217
62 52 99.7844
86 76 1.612
26 16 18.7666
36 26 49.2701
32 22 4.9415
42 32 78.3604
64 54 82.55
55 45 43.0488
56 46 88.865
63 53 103.379
22 12 15.7686
76 66 82.9851
56 46 180.9053
102 92 2.9086
38 28 73.2973
72 62 65.6126
40 30 17.7066
57 47 171.1384
102 92 2.5639
55 45 1.4038
31 21 22.1763
30 20 34.5303
73 63 114.1626
38 28 71.6718
55 45 45.8947
85 75 57.5512
25 15 13.8977
26 16 27.6442
17 7 1.7656
82 72 29.9596
35 25 42.8629
90 80 13.8289
80 70 69.9392
107 97 0.7057
42 32 99.1414
102 92 1.1211
38 28 60.7858
96 86 15.7774
92 82 2.2642
34 24 9.116
22 12 14.8379
38 28 75.4767
62 52 162.7371
68 58 136.7061
101 91 0.2802
26 16 4.6476
93 83 5.9218
87 77 47.2547
50 40 129.479
73 63 128.5687
107 97 0.0111
52 42 29.3902
79 69 84.3047
78 68 50.2901
29 19 17.2242
74 64 105.9703
95 85 13.3488
90 80 37.9876
15 5 2.1639
76 66 20.2159
39 29 1.8889
56 46 103.7406
57 47 96.1483
45 35 98.3477
86 76 32.9181
45 35 36.3292
89 79 31.3258
91 81 10.7758
101 91 6.3156
93 83 10.2763
70 60 171.4175
32 22 46.5557
62 52 144.5936
81 71 78.1192
87 77 13.206
11 1 0.038
83 73 26.7655
15 5 0.398
70 60 10.6304
65 55 196.29
97 87 11.0046
95 85 5.4435
42 32 67.3038
57 47 149.6138
99 89 12.8892
32 22 2.255
91 81 17.636
90 80 24.6751
69 59 82.8907
11 1 0.0437
93 83 6.3294
54 44 68.123
80 70 48.9399
106 96 1.3035
54 44 199.8271
54 44 62.9085
52 42 10.3145
93 83 1.07
57 47 99.3531
101 91 4.362
27 17 1.3758
27 17 0.281
62 52 65.8668
59 49 179.7216
54 44 165.056
18 8 4.1458
41 31 22.7504
68 58 60.1279
39 29 2.082
41 31 5.3467
24 14 2.6482
15 5 2.0159
49 39 2.4547
101 91 8.953
63 53 174.0038
83 73 23.1605
32 22 34.2217
101 91 2.1514
102 92 0.356
58 48 142.6509
58 48 21.6409
48 38 96.0741
64 54 147.1232
93 83 12.206
110 100 0.0
46 36 18.9267
25 15 11.1558
23 13 15.6889
53 43 163.7321
92 82 8.6458
29 19 15.3994
34 24 30.7853
37 27 37.0619
86 76 49.8555
95 85 3.1329
68 58 137.167
66 56 62.0639
103 93 3.2554
60 50 48.8659
79 69 61.645
61 51 185.6126
13 3 0.3021
82 72 82.9949
16 6 3.9371
69 59 155.7594
30 20 1.7022
68 58 167.7834
31 21 28.3591
81 71 63.7889
51 41 164.5411
82 72 83.4402
66 56 146.0837
105 95 1.358
20 10 2.5329
50 40 88.0833
18 8 1.7413
81 71 74.1078
77 67 23.0873
94 84 10.3482
36 26 67.6553
88 78 28.3669
60 50 263.1746
66 56 165.7665
56 46 130.4334
75 65 85.0721
105 95 0.6274
106 96 0.9675
49 39 99.027
45 35 129.6385
74 64 34.0819
76 66 33.9702
58 48 3.177
73 63 9.8344
54 44 170.7996
84 74 46.1902
28 18 33.5445
108 98 0.1625
22 12 11.5549
71 61 84.9972
69 59 75.5566
97 87 0.6059
38 28 44.7085
37 27 23.1838
70 60 63.2064
64 54 161.7649
39 29 11.7808
56 46 108.7147
41 31 41.2137
84 74 63.9291
42 32 8.3837
24 14 14.8988
89 79 6.6072
15 5 0.1172
84 74 23.7706
107 97 0.6372
102 92 2.4352
64 54 57.7508
19 9 4.0912
108 98 0.2051
75 65 41.2604
66 56 18.8935
38 28 46.6454
105 95 1.4389
105 95 0.4783
57 47 58.3352
88 78 49.7404
17 7 2.1469
12 2 0.3062
65 55 120.5705
39 29 8.9756
95 85 15.0214
94 84 19.8229
97 87 15.6901
12 2 0.1646
90 80 25.757
21 11 8.6965
100 90 3.744
97 87 11.9284
54 44 69.3852
55 45 35.8488
106 96 1.121
47 37 75.4094
20 10 4.2446
46 36 5.924
104 94 3.0768
50 40 143.0777
92 82 33.9718
13 3 0.2853
56 46 10.9078
58 48 203.8319
41 31 11.2052
51 41 80.1326
104 94 2.4596
13 3 0.0574
101 91 6.2393
39 29 41.3602
97 87 4.4364
42 32 26.9047
58 48 93.8165
90 80 5.866
97 87 6.9643
79 69 10.8721
68 58 84.0153
106 96 0.2413
110 100 0.0
52 42 170.1314
21 11 7.5161
92 82 31.5225
77 67 82.6034
23 13 2.754
52 42 156.9691
63 53 19.4591
109 99 0.0924
106 96 0.0177
74 64 30.7139
44 34 22.8924
52 42 132.3594
70 60 155.6913
37 27 30.9176
89 79 36.2183
80 70 22.4973
37 27 50.1439
15 5 0.6284
20 10 8.2959
96 86 21.4895
48 38 141.2595
110 100 0.0
58 48 73.9022
108 98 0.4053
18 8 6.4955
38 28 67.1148
75 65 129.7072
42 32 67.5055
65 55 69.2174
82 72 4.8483
61 51 76.8395
103 93 0.2089
86 76 44.8923
83 73 60.7106
58 48 208.9878
107 97 0.8347
40 30 93.2001
26 16 13.1401
85 75 60.0877
36 26 26.4116
27 17 0.2234
25 15 15.6027
100 90 4.3942
56 46 165.4149
76 66 36.2685
27 17 9.2515
53 43 43.6495
25 15 19.3883
19 9 8.2098
34 24 47.5718
65 55 215.6835
63 53 122.0239
52 42 108.371
60 50 262.4078
70 60 96.0174
23 13 6.5798
100 90 10.9007
90 80 24.287
106 96 0.9732
83 73 37.6034
40 30 29.7457
88 78 33.3837
54 44 177.7778
87 77 45.5936
49 39 162.6114
73 63 32.5443
27 17 4.0212
71 61 22.4695
53 43 98.0506
36 26 23.382
65 55 218.0951
47 37 10.4702
14 4 0.3823
95 85 18.4183
100 90 4.3101
92 82 32.1336
27 17 2.0417
109 99 0.08
38 28 18.7096
104 94 0.2021
68 58 161.9619
26 16 20.839
36 26 55.9089
92 82 24.6413
98 88 10.8428
69 59 70.5673
79 69 25.0399
108 98 0.3882
80 70 89.6787
66 56 197.3399
54 44 1.4938
32 22 24.7297
108 98 0.0362
24 14 16.9545
82 72 6.9248
85 75 5.4234
96 86 3.822
27 17 14.8757
25 15 24.2585
38 28 27.1334
45 35 129.2252
109 99 0.0946
107 97 0.4978
50 40 154.1959
84 74 3.2291
22 12 9.9005
89 79 13.1633
26 16 28.1854
28 18 6.4335
81 71 13.8869
102 92 2.3364
56 46 229.8716
110 100 0.0
88 78 0.1132
91 81 18.503
40 30 79.4829
71 61 72.5191
50 40 108.5673
73 63 86.5115
83 73 68.3615
55 45 129.4491
24 14 2.6191
94 84 16.7089
95 85 11.4432
69 59 68.1522
61 51 101.0694
58 48 196.934
15 5 0.7444
66 56 173.4759
90 80 34.8003
60 50 111.1631
96 86 11.277
89 79 24.883
22 12 7.6918
52 42 194.0122
20 10 3.8513
72 62 24.543
56 46 114.2794
46 36 19.4445
61 51 106.5947
96 86 10.8291
98 88 1.4664
52 42 11.555
70 60 51.6979
90 80 10.1391
12 2 0.2482
92 82 6.0393
82 72 38.3637
105 95 1.7914
70 60 10.9132
17 7 2.9585
86 76 44.8289
39 29 69.7651
53 43 119.3985
96 86 1.4279
77 67 29.3992
77 67 48.2077
29 19 15.4426
52 42 180.4086
16 6 3.7165
99 89 8.3942
101 91 1.1386
30 20 0.2562
20 10 9.5299
67 57 158.7764
23 13 0.6356
101 91 5.4065
68 58 95.4538
60 50 113.4227
87 77 54.6656
88 78 22.2764
47 37 82.7213
17 7 1.26
103 93 3.3545
85 75 10.2002
94 84 20.9829
103 93 2.8565
104 94 2.8865
32 22 14.2936
96 86 0.3525
31 21 21.4108
106 96 1.4474
103 93 2.5292
81 71 31.43
42 32 73.4729
77 67 33.0686
16 6 1.1137
90 80 29.5391
18 8 4.8087
109 99 0.0603
96 86 4.1191
96 86 17.1495
63 53 143.3348
66 56 186.1237
41 31 95.5306
60 50 273.729
67 57 180.3783
49 39 145.1797
72 62 11.3761
47 37 121.4998
84 74 74.4839
102 92 6.9489
68 58 15.6186
80 70 0.3475
81 71 88.4585
85 75 69.3583
85 75 24.3934
87 77 53.721
11 1 0.0459
100 90 6.1763
55 45 62.956
43 33 118.3107
54 44 110.8233
23 13 4.6333
102 92 2.0121
92 82 19.376
13 3 0.5324
46 36 115.1593
84 74 13.7571
105 95 0.5399
35 25 28.2142
97 87 3.1879
30 20 30.194
100 90 7.1401
34 24 52.5968
32 22 48.2794
24 14 12.9336
96 86 3.921
104 94 3.1264
71 61 57.676
66 56 86.8966
62 52 223.3491
46 36 44.6642
103 93 5.2098
83 73 66.3532
42 32 35.4263
58 48 31.2828
104 94 2.2929
74 64 36.6977
28 18 35.2619
83 73 80.1353
29 19 26.7917
95 85 6.5465
11 1 0.0155
63 53 27.2488
52 42 8.9507
97 87 16.9254
73 63 68.0838
30 20 25.7115
54 44 130.3138
60 50 96.3106
105 95 0.0129
78 68 46.2865
32 22 44.0591
33 23 33.0277
73 63 148.6907
71 61 128.2637
21 11 3.6301
52 42 165.2129
80 70 22.9563
68 58 50.9224
108 98 0.1761
61 51 244.5574
85 75 52.3783
67 57 85.2801
94 84 15.6447
34 24 42.779
110 100 0.0
96 86 9.8654
39 29 14.3769
87 77 9.9542
20 10 8.0097
107 97 0.0538
62 52 16.8997
58 48 112.2641
29 19 1.7502
110 100 0.0
46 36 101.4238
75 65 102.1274
22 12 1.1141
62 52 174.9332
21 11 1.493
56 46 0.6471
98 88 9.4675
24 14 19.7436
93 83 18.1917
101 91 5.3009
91 81 9.2127
87 77 51.1334
85 75 64.7676
97 87 3.5594
62 52 95.0254
98 88 12.3711
50 40 7.6596
34 24 18.4192
98 88 0.5429
85 75 8.9453
101 91 7.8287
95 85 16.5177
97 87 5.5532
80 70 18.2637
93 83 1.5544
74 64 128.1429
28 18 14.7668
74 64 130.2979
41 31 101.6962
68 58 69.7787
91 81 5.2406
43 33 70.8374
79 69 78.6448
26 16 18.8593
73 63 77.4869
108 98 0.0536
104 94 3.3698
43 33 25.9473
56 46 12.2906
40 30 54.1132
80 70 13.9241
82 72 54.3882
52 42 139.7379
26 16 17.8078
62 52 246.857
14 4 1.2291
51 41 181.5721
80 70 35.9352
49 39 164.7547
97 87 12.7689
72 62 10.8953
78 68 49.5038
97 87 3.4433
34 24 63.4251
74 64 57.4572
55 45 115.7673
78 68 21.9079
73 63 8.3531
69 59 49.7742
51 41 13.7608
78 68 66.3142
40 30 12.9106
44 34 37.6278
24 14 21.4935
69 59 81.6703
34 24 25.6276
103 93 4.7124
99 89 1.9834
103 93 0.7052
54 44 6.3058
12 2 0.3587
33 23 36.4251
71 61 93.983
22 12 5.581
104 94 1.3933
50 40 72.9726
84 74 69.1314
12 2 0.2925
74 64 96.1857
41 31 57.3238
67 57 30.4816
58 48 205.9593
39 29 86.6929
53 43 9.7476
77 67 47.7499
34 24 13.1017
36 26 71.6338
59 49 170.748
17 7 3.3951
93 83 4.2789
89 79 9.9097
49 39 37.979
48 38 135.6033
31 21 17.3881
61 51 201.8529
77 67 78.5261
94 84 10.5064
34 24 53.1974
61 51 96.5616
36 26 34.0889
17 7 0.3504
38 28 85.7346
73 63 71.1443
50 40 32.1557
87 77 45.2557
64 54 49.8487
106 96 1.1793
80 70 99.2984
107 97 0.9404
83 73 29.9572
104 94 1.5601
23 13 14.3997
42 32 24.5215
24 14 20.6308
33 23 30.6025
21 11 11.7583
53 43 28.5914
106 96 0.49
53 43 79.1943
63 53 152.0436
66 56 119.5669
91 81 11.7948
95 85 14.1784
18 8 7.1103
42 32 61.0149
74 64 142.8116
28 18 8.1755
47 37 50.6802
95 85 2.9319
64 54 188.334
54 44 147.1245
47 37 121.9445
19 9 4.5061
102 92 4.6259
95 85 20.2621
35 25 38.7938
64 54 16.1598
29 19 36.2162
97 87 2.3548
73 63 115.1352
13 3 0.3747
29 19 1.784
12 2 0.2019
73 63 144.2546
60 50 46.2897
96 86 20.3348
57 47 64.0598
12 2 0.0257
47 37 10.4745
21 11 9.7173
80 70 52.1059
71 61 110.3907
37 27 70.2836
34 24 50.1719
26 16 11.7079
21 11 2.5686
56 46 199.7447
13 3 0.3379
83 73 56.6917
25 15 12.6287
99 89 7.024
61 51 161.7018
100 90 10.4921
89 79 36.5084
66 56 147.0097
84 74 52.6528
27 17 20.11
68 58 94.4881
97 87 11.9904
86 76 61.6838
32 22 7.7167
83 73 54.7937
100 90 9.059
29 19 15.828
72 62 16.4217
82 72 38.8978
11 1 0.0414
97 87 5.1817
45 35 123.0137
29 19 25.7526
36 26 5.3196
30 20 17.2116
20 10 3.9271
49 39 168.1076
19 9 6.8407
38 28 11.8949
23 13 3.865
103 93 2.4889
18 8 0.1869
55 45 154.4258
45 35 45.8009
34 24 42.8797
56 46 152.2412
45 35 20.1661
81 71 93.2547
50 40 115.1525
109 99 0.097
86 76 9.7354
