100 2617 4.3589
85 75 41.5522
106 96 15.5796
81 71 58.7369
107 97 35.825
94 84 15.9888
25 15 86.8233
104 94 33.8875
16 6 93.2016
88 78 50.2482
86 76 28.9928
27 17 87.174
11 1 98.9289
43 33 73.3438
31 21 83.7921
107 97 13.8168
16 6 91.6308
33 23 76.2688
82 72 42.0474
64 54 56.2665
35 25 71.7409
70 60 41.3745
49 39 50.1094
70 60 48.3539
17 7 95.3435
94 84 50.8155
106 96 40.8014
16 6 95.2069
24 14 85.9997
87 77 26.6783
18 8 92.0429
71 61 61.7403
42 32 70.0335
106 96 54.5885
35 25 73.5495
11 1 99.0164
104 94 32.5516
19 9 94.2161
68 58 60.1245
104 94 26.5421
91 81 35.9784
59 49 67.7494
35 25 78.1916
44 34 72.4303
94 84 41.5587
84 74 45.4964
57 47 74.0839
67 57 30.1006
50 40 70.273
53 43 60.2502
109 99 42.3983
84 74 61.668
89 79 33.2721
35 25 71.6715
22 12 88.3205
108 98 26.3405
16 6 94.356
24 14 89.6695
80 70 47.3055
36 26 84.1678
87 77 35.8406
75 65 36.2356
64 54 53.2988
56 46 55.1381
67 57 59.6617
63 53 60.1757
28 18 82.5245
63 53 52.296
72 62 52.4248
17 7 94.5776
99 89 33.777
49 39 75.5057
91 81 33.1949
12 2 97.822
106 96 55.2822
49 39 76.5993
66 56 61.6947
72 62 49.3984
66 56 66.9042
50 40 67.5733
97 87 38.414
64 54 59.3516
72 62 40.055
93 83 47.9155
25 15 85.6772
66 56 68.2639
99 89 37.8828
41 31 66.3785
107 97 16.9497
90 80 45.5652
23 13 92.2618
32 22 83.0049
55 45 59.0423
36 26 75.6796
59 49 67.8399
77 67 66.1896
98 88 33.5635
23 13 81.7596
38 28 78.1049
107 97 18.1604
92 82 50.7272
