400 10487 9.9499
93 93 86.49
75 75 56.25
97 97 94.09
7 7 0.49
59 59 34.81
8 8 0.64
69 69 47.61
38 38 14.44
88 88 77.44
80 80 64.0
45 45 20.25
44 44 19.36
19 19 3.61
7 7 0.49
75 75 56.25
58 58 33.64
87 87 75.69
17 17 2.89
97 97 94.09
92 92 84.64
35 35 12.25
58 58 33.64
87 87 75.69
88 88 77.44
86 86 73.96
41 41 16.81
48 48 23.04
62 62 38.44
27 27 7.29
62 62 38.44
47 47 22.09
72 72 51.84
84 84 70.56
58 58 33.64
77 77 59.29
16 16 2.56
32 32 10.24
2 2 0.04
85 85 72.25
86 86 73.96
16 16 2.56
79 79 62.41
93 93 86.49
40 40 16.0
14 14 1.96
37 37 13.69
35 35 12.25
1 1 0.01
99 99 98.01
27 27 7.29
61 61 37.21
71 71 50.41
20 20 4.0
71 71 50.41
56 56 31.36
10 10 1.0
1 1 0.01
66 66 43.56
77 77 59.29
30 30 9.0
80 80 64.0
29 29 8.41
5 5 0.25
5 5 0.25
87 87 75.69
49 49 24.01
8 8 0.64
52 52 27.04
99 99 98.01
53 53 28.09
90 90 81.0
3 3 0.09
52 52 27.04
86 86 73.96
7 7 0.49
86 86 73.96
41 41 16.81
73 73 53.29
74 74 54.76
34 34 11.56
79 79 62.41
68 68 46.24
97 97 94.09
37 37 13.69
83 83 68.89
51 51 26.01
42 42 17.64
37 37 13.69
41 41 16.81
67 67 44.89
84 84 70.56
13 13 1.69
50 50 25.0
45 45 20.25
95 95 90.25
68 68 46.24
39 39 15.21
9 9 0.81
97 97 94.09
60 60 36.0
1 1 0.01
48 48 23.04
26 26 6.76
17 17 2.89
35 35 12.25
7 7 0.49
55 55 30.25
25 25 6.25
68 68 46.24
71 71 50.41
33 33 10.89
87 87 75.69
35 35 12.25
95 95 90.25
6 6 0.36
81 81 65.61
69 69 47.61
79 79 62.41
42 42 17.64
9 9 0.81
32 32 10.24
16 16 2.56
59 59 34.81
72 72 51.84
12 12 1.44
44 44 19.36
15 15 2.25
75 75 56.25
79 79 62.41
93 93 86.49
73 73 53.29
53 53 28.09
60 60 36.0
97 97 94.09
38 38 14.44
11 11 1.21
21 21 4.41
42 42 17.64
7 7 0.49
28 28 7.84
38 38 14.44
99 99 98.01
71 71 50.41
85 85 72.25
58 58 33.64
89 89 79.21
45 45 20.25
72 72 51.84
88 88 77.44
88 88 77.44
66 66 43.56
83 83 68.89
27 27 7.29
21 21 4.41
6 6 0.36
87 87 75.69
18 18 3.24
47 47 22.09
67 67 44.89
40 40 16.0
91 91 82.81
13 13 1.69
53 53 28.09
48 48 23.04
90 90 81.0
77 77 59.29
98 98 96.04
32 32 10.24
47 47 22.09
92 92 84.64
67 67 44.89
25 25 6.25
63 63 39.69
85 85 72.25
76 76 57.76
46 46 21.16
45 45 20.25
15 15 2.25
70 70 49.0
79 79 62.41
87 87 75.69
28 28 7.84
27 27 7.29
41 41 16.81
39 39 15.21
51 51 26.01
100 100 100.0
94 94 88.36
87 87 75.69
96 96 92.16
50 50 25.0
66 66 43.56
12 12 1.44
44 44 19.36
44 44 19.36
73 73 53.29
2 2 0.04
19 19 3.61
92 92 84.64
33 33 10.89
91 91 82.81
52 52 27.04
23 23 5.29
22 22 4.84
39 39 15.21
51 51 26.01
42 42 17.64
71 71 50.41
23 23 5.29
16 16 2.56
23 23 5.29
99 99 98.01
57 57 32.49
100 100 100.0
13 13 1.69
18 18 3.24
80 80 64.0
28 28 7.84
8 8 0.64
3 3 0.09
78 78 60.84
2 2 0.04
81 81 65.61
60 60 36.0
43 43 18.49
79 79 62.41
53 53 28.09
100 100 100.0
48 48 23.04
40 40 16.0
59 59 34.81
17 17 2.89
94 94 88.36
74 74 54.76
10 10 1.0
69 69 47.61
92 92 84.64
61 61 37.21
97 97 94.09
10 10 1.0
16 16 2.56
92 92 84.64
100 100 100.0
61 61 37.21
29 29 8.41
56 56 31.36
44 44 19.36
46 46 21.16
90 90 81.0
38 38 14.44
48 48 23.04
55 55 30.25
100 100 100.0
2 2 0.04
22 22 4.84
18 18 3.24
78 78 60.84
80 80 64.0
40 40 16.0
66 66 43.56
47 47 22.09
95 95 90.25
66 66 43.56
40 40 16.0
56 56 31.36
66 66 43.56
98 98 96.04
18 18 3.24
98 98 96.04
97 97 94.09
20 20 4.0
68 68 46.24
50 50 25.0
95 95 90.25
24 24 5.76
70 70 49.0
26 26 6.76
60 60 36.0
50 50 25.0
56 56 31.36
10 10 1.0
94 94 88.36
15 15 2.25
88 88 77.44
41 41 16.81
53 53 28.09
44 44 19.36
32 32 10.24
41 41 16.81
2 2 0.04
14 14 1.96
49 49 24.01
14 14 1.96
85 85 72.25
26 26 6.76
99 99 98.01
85 85 72.25
59 59 34.81
97 97 94.09
82 82 67.24
66 66 43.56
53 53 28.09
57 57 32.49
84 84 70.56
7 7 0.49
48 48 23.04
2 2 0.04
44 44 19.36
80 80 64.0
31 31 9.61
77 77 59.29
89 89 79.21
76 76 57.76
62 62 38.44
28 28 7.84
47 47 22.09
4 4 0.16
95 95 90.25
6 6 0.36
97 97 94.09
93 93 86.49
53 53 28.09
50 50 25.0
66 66 43.56
88 88 77.44
80 80 64.0
82 82 67.24
75 75 56.25
69 69 47.61
53 53 28.09
28 28 7.84
36 36 12.96
93 93 86.49
12 12 1.44
4 4 0.16
41 41 16.81
75 75 56.25
100 100 100.0
10 10 1.0
64 64 40.96
82 82 67.24
39 39 15.21
72 72 51.84
38 38 14.44
18 18 3.24
4 4 0.16
3 3 0.09
18 18 3.24
55 55 30.25
25 25 6.25
1 1 0.01
35 35 12.25
41 41 16.81
84 84 70.56
83 83 68.89
75 75 56.25
63 63 39.69
58 58 33.64
31 31 9.61
47 47 22.09
21 21 4.41
18 18 3.24
18 18 3.24
11 11 1.21
33 33 10.89
97 97 94.09
10 10 1.0
22 22 4.84
43 43 18.49
99 99 98.01
53 53 28.09
82 82 67.24
35 35 12.25
66 66 43.56
17 17 2.89
95 95 90.25
42 42 17.64
22 22 4.84
56 56 31.36
52 52 27.04
93 93 86.49
41 41 16.81
64 64 40.96
3 3 0.09
45 45 20.25
35 35 12.25
62 62 38.44
14 14 1.96
46 46 21.16
76 76 57.76
33 33 10.89
8 8 0.64
76 76 57.76
9 9 0.81
88 88 77.44
16 16 2.56
87 87 75.69
4 4 0.16
90 90 81.0
63 63 39.69
