400 10331 4.3589
100 100 100.0
75 75 56.25
77 77 59.29
54 54 29.16
19 19 3.61
79 79 62.41
44 44 19.36
60 60 36.0
5 5 0.25
5 5 0.25
7 7 0.49
95 95 90.25
64 64 40.96
10 10 1.0
83 83 68.89
41 41 16.81
8 8 0.64
67 67 44.89
4 4 0.16
6 6 0.36
58 58 33.64
68 68 46.24
83 83 68.89
72 72 51.84
77 77 59.29
34 34 11.56
36 36 12.96
88 88 77.44
4 4 0.16
33 33 10.89
37 37 13.69
43 43 18.49
100 100 100.0
67 67 44.89
29 29 8.41
15 15 2.25
6 6 0.36
90 90 81.0
15 15 2.25
68 68 46.24
12 12 1.44
42 42 17.64
77 77 59.29
74 74 54.76
32 32 10.24
24 24 5.76
87 87 75.69
88 88 77.44
92 92 84.64
63 63 39.69
16 16 2.56
52 52 27.04
45 45 20.25
80 80 64.0
32 32 10.24
69 69 47.61
76 76 57.76
100 100 100.0
12 12 1.44
98 98 96.04
55 55 30.25
96 96 92.16
9 9 0.81
25 25 6.25
54 54 29.16
28 28 7.84
12 12 1.44
3 3 0.09
7 7 0.49
35 35 12.25
92 92 84.64
72 72 51.84
81 81 65.61
25 25 6.25
19 19 3.61
34 34 11.56
25 25 6.25
94 94 88.36
14 14 1.96
9 9 0.81
89 89 79.21
69 69 47.61
52 52 27.04
34 34 11.56
22 22 4.84
16 16 2.56
61 61 37.21
50 50 25.0
12 12 1.44
66 66 43.56
23 23 5.29
2 2 0.04
96 96 92.16
45 45 20.25
44 44 19.36
7 7 0.49
79 79 62.41
42 42 17.64
89 89 79.21
32 32 10.24
9 9 0.81
54 54 29.16
21 21 4.41
76 76 57.76
33 33 10.89
17 17 2.89
61 61 37.21
37 37 13.69
10 10 1.0
92 92 84.64
5 5 0.25
79 79 62.41
92 92 84.64
71 71 50.41
20 20 4.0
59 59 34.81
8 8 0.64
48 48 23.04
94 94 88.36
92 92 84.64
93 93 86.49
4 4 0.16
71 71 50.41
61 61 37.21
15 15 2.25
81 81 65.61
36 36 12.96
30 30 9.0
50 50 25.0
90 90 81.0
67 67 44.89
99 99 98.01
21 21 4.41
95 95 90.25
76 76 57.76
6 6 0.36
94 94 88.36
10 10 1.0
78 78 60.84
9 9 0.81
10 10 1.0
64 64 40.96
54 54 29.16
34 34 11.56
3 3 0.09
93 93 86.49
50 50 25.0
7 7 0.49
29 29 8.41
23 23 5.29
39 39 15.21
43 43 18.49
73 73 53.29
61 61 37.21
64 64 40.96
41 41 16.81
99 99 98.01
63 63 39.69
54 54 29.16
70 70 49.0
43 43 18.49
51 51 26.01
25 25 6.25
33 33 10.89
4 4 0.16
22 22 4.84
87 87 75.69
87 87 75.69
87 87 75.69
14 14 1.96
77 77 59.29
94 94 88.36
40 40 16.0
49 49 24.01
15 15 2.25
12 12 1.44
69 69 47.61
61 61 37.21
85 85 72.25
46 46 21.16
87 87 75.69
4 4 0.16
63 63 39.69
31 31 9.61
97 97 94.09
34 34 11.56
82 82 67.24
28 28 7.84
13 13 1.69
71 71 50.41
92 92 84.64
17 17 2.89
69 69 47.61
70 70 49.0
100 100 100.0
91 91 82.81
100 100 100.0
9 9 0.81
75 75 56.25
31 31 9.61
60 60 36.0
49 49 24.01
27 27 7.29
21 21 4.41
35 35 12.25
19 19 3.61
56 56 31.36
20 20 4.0
49 49 24.01
89 89 79.21
48 48 23.04
4 4 0.16
10 10 1.0
26 26 6.76
100 100 100.0
67 67 44.89
96 96 92.16
24 24 5.76
15 15 2.25
88 88 77.44
24 24 5.76
10 10 1.0
14 14 1.96
62 62 38.44
74 74 54.76
94 94 88.36
11 11 1.21
98 98 96.04
21 21 4.41
52 52 27.04
67 67 44.89
87 87 75.69
60 60 36.0
42 42 17.64
38 38 14.44
57 57 32.49
81 81 65.61
99 99 98.01
40 40 16.0
34 34 11.56
62 62 38.44
91 91 82.81
25 25 6.25
48 48 23.04
85 85 72.25
90 90 81.0
6 6 0.36
18 18 3.24
72 72 51.84
5 5 0.25
69 69 47.61
90 90 81.0
86 86 73.96
87 87 75.69
12 12 1.44
81 81 65.61
77 77 59.29
55 55 30.25
64 64 40.96
20 20 4.0
15 15 2.25
21 21 4.41
42 42 17.64
39 39 15.21
55 55 30.25
5 5 0.25
39 39 15.21
72 72 51.84
19 19 3.61
79 79 62.41
67 67 44.89
72 72 51.84
67 67 44.89
76 76 57.76
25 25 6.25
98 98 96.04
83 83 68.89
66 66 43.56
51 51 26.01
76 76 57.76
86 86 73.96
2 2 0.04
34 34 11.56
31 31 9.61
92 92 84.64
68 68 46.24
51 51 26.01
59 59 34.81
53 53 28.09
47 47 22.09
99 99 98.01
93 93 86.49
89 89 79.21
54 54 29.16
14 14 1.96
39 39 15.21
50 50 25.0
17 17 2.89
3 3 0.09
97 97 94.09
11 11 1.21
88 88 77.44
42 42 17.64
71 71 50.41
16 16 2.56
42 42 17.64
47 47 22.09
12 12 1.44
30 30 9.0
66 66 43.56
87 87 75.69
46 46 21.16
31 31 9.61
40 40 16.0
20 20 4.0
92 92 84.64
86 86 73.96
95 95 90.25
46 46 21.16
89 89 79.21
93 93 86.49
46 46 21.16
84 84 70.56
5 5 0.25
4 4 0.16
33 33 10.89
69 69 47.61
46 46 21.16
94 94 88.36
96 96 92.16
53 53 28.09
47 47 22.09
10 10 1.0
94 94 88.36
60 60 36.0
72 72 51.84
96 96 92.16
81 81 65.61
27 27 7.29
61 61 37.21
1 1 0.01
13 13 1.69
14 14 1.96
87 87 75.69
44 44 19.36
75 75 56.25
100 100 100.0
49 49 24.01
41 41 16.81
99 99 98.01
73 73 53.29
37 37 13.69
40 40 16.0
45 45 20.25
49 49 24.01
7 7 0.49
35 35 12.25
37 37 13.69
77 77 59.29
33 33 10.89
27 27 7.29
7 7 0.49
6 6 0.36
76 76 57.76
99 99 98.01
86 86 73.96
44 44 19.36
57 57 32.49
80 80 64.0
61 61 37.21
71 71 50.41
69 69 47.61
4 4 0.16
52 52 27.04
99 99 98.01
16 16 2.56
43 43 18.49
76 76 57.76
70 70 49.0
33 33 10.89
34 34 11.56
59 59 34.81
80 80 64.0
92 92 84.64
92 92 84.64
6 6 0.36
80 80 64.0
20 20 4.0
73 73 53.29
16 16 2.56
21 21 4.41
69 69 47.61
57 57 32.49
56 56 31.36
58 58 33.64
17 17 2.89
81 81 65.61
90 90 81.0
79 79 62.41
48 48 23.04
