400 10011 9.9499
43 43 18.49
76 76 57.76
30 30 9.0
81 81 65.61
71 71 50.41
6 6 0.36
20 20 4.0
66 66 43.56
64 64 40.96
82 82 67.24
87 87 75.69
43 43 18.49
87 87 75.69
94 94 88.36
26 26 6.76
66 66 43.56
9 9 0.81
45 45 20.25
91 91 82.81
52 52 27.04
12 12 1.44
27 27 7.29
13 13 1.69
31 31 9.61
52 52 27.04
97 97 94.09
47 47 22.09
70 70 49.0
89 89 79.21
97 97 94.09
98 98 96.04
60 60 36.0
30 30 9.0
65 65 42.25
30 30 9.0
99 99 98.01
79 79 62.41
33 33 10.89
23 23 5.29
65 65 42.25
23 23 5.29
56 56 31.36
12 12 1.44
6 6 0.36
49 49 24.01
41 41 16.81
15 15 2.25
77 77 59.29
36 36 12.96
43 43 18.49
49 49 24.01
24 24 5.76
80 80 64.0
9 9 0.81
76 76 57.76
67 67 44.89
54 54 29.16
32 32 10.24
94 94 88.36
56 56 31.36
71 71 50.41
20 20 4.0
46 46 21.16
35 35 12.25
87 87 75.69
34 34 11.56
94 94 88.36
85 85 72.25
94 94 88.36
71 71 50.41
75 75 56.25
6 6 0.36
9 9 0.81
79 79 62.41
67 67 44.89
17 17 2.89
35 35 12.25
81 81 65.61
69 69 47.61
46 46 21.16
61 61 37.21
56 56 31.36
42 42 17.64
3 3 0.09
30 30 9.0
69 69 47.61
46 46 21.16
90 90 81.0
98 98 96.04
74 74 54.76
4 4 0.16
30 30 9.0
89 89 79.21
72 72 51.84
46 46 21.16
84 84 70.56
89 89 79.21
54 54 29.16
16 16 2.56
89 89 79.21
81 81 65.61
96 96 92.16
29 29 8.41
67 67 44.89
40 40 16.0
69 69 47.61
67 67 44.89
20 20 4.0
29 29 8.41
40 40 16.0
15 15 2.25
87 87 75.69
17 17 2.89
42 42 17.64
80 80 64.0
54 54 29.16
24 24 5.76
38 38 14.44
86 86 73.96
76 76 57.76
53 53 28.09
4 4 0.16
27 27 7.29
38 38 14.44
76 76 57.76
72 72 51.84
18 18 3.24
43 43 18.49
11 11 1.21
62 62 38.44
11 11 1.21
51 51 26.01
30 30 9.0
8 8 0.64
51 51 26.01
85 85 72.25
6 6 0.36
56 56 31.36
41 41 16.81
39 39 15.21
48 48 23.04
49 49 24.01
12 12 1.44
7 7 0.49
29 29 8.41
7 7 0.49
50 50 25.0
21 21 4.41
32 32 10.24
45 45 20.25
56 56 31.36
11 11 1.21
3 3 0.09
79 79 62.41
92 92 84.64
84 84 70.56
78 78 60.84
5 5 0.25
79 79 62.41
25 25 6.25
79 79 62.41
52 52 27.04
73 73 53.29
56 56 31.36
77 77 59.29
53 53 28.09
91 91 82.81
9 9 0.81
8 8 0.64
74 74 54.76
83 83 68.89
36 36 12.96
35 35 12.25
61 61 37.21
10 10 1.0
77 77 59.29
21 21 4.41
23 23 5.29
88 88 77.44
22 22 4.84
64 64 40.96
71 71 50.41
64 64 40.96
69 69 47.61
59 59 34.81
48 48 23.04
80 80 64.0
75 75 56.25
98 98 96.04
8 8 0.64
26 26 6.76
61 61 37.21
25 25 6.25
81 81 65.61
14 14 1.96
33 33 10.89
70 70 49.0
4 4 0.16
66 66 43.56
87 87 75.69
2 2 0.04
42 42 17.64
52 52 27.04
7 7 0.49
23 23 5.29
75 75 56.25
28 28 7.84
38 38 14.44
5 5 0.25
13 13 1.69
51 51 26.01
56 56 31.36
55 55 30.25
13 13 1.69
49 49 24.01
38 38 14.44
7 7 0.49
100 100 100.0
22 22 4.84
58 58 33.64
63 63 39.69
91 91 82.81
98 98 96.04
70 70 49.0
82 82 67.24
65 65 42.25
42 42 17.64
77 77 59.29
32 32 10.24
54 54 29.16
26 26 6.76
1 1 0.01
89 89 79.21
10 10 1.0
30 30 9.0
83 83 68.89
14 14 1.96
23 23 5.29
80 80 64.0
77 77 59.29
15 15 2.25
92 92 84.64
36 36 12.96
40 40 16.0
4 4 0.16
33 33 10.89
20 20 4.0
86 86 73.96
46 46 21.16
29 29 8.41
54 54 29.16
28 28 7.84
22 22 4.84
22 22 4.84
26 26 6.76
56 56 31.36
91 91 82.81
10 10 1.0
55 55 30.25
24 24 5.76
4 4 0.16
29 29 8.41
11 11 1.21
17 17 2.89
46 46 21.16
96 96 92.16
6 6 0.36
13 13 1.69
93 93 86.49
52 52 27.04
74 74 54.76
42 42 17.64
5 5 0.25
20 20 4.0
2 2 0.04
77 77 59.29
62 62 38.44
6 6 0.36
8 8 0.64
41 41 16.81
5 5 0.25
77 77 59.29
45 45 20.25
98 98 96.04
26 26 6.76
9 9 0.81
95 95 90.25
73 73 53.29
56 56 31.36
43 43 18.49
8 8 0.64
17 17 2.89
80 80 64.0
95 95 90.25
24 24 5.76
62 62 38.44
7 7 0.49
61 61 37.21
90 90 81.0
63 63 39.69
25 25 6.25
20 20 4.0
89 89 79.21
95 95 90.25
96 96 92.16
48 48 23.04
96 96 92.16
67 67 44.89
39 39 15.21
92 92 84.64
22 22 4.84
31 31 9.61
74 74 54.76
81 81 65.61
77 77 59.29
7 7 0.49
29 29 8.41
68 68 46.24
52 52 27.04
1 1 0.01
87 87 75.69
10 10 1.0
9 9 0.81
58 58 33.64
35 35 12.25
21 21 4.41
63 63 39.69
88 88 77.44
66 66 43.56
25 25 6.25
53 53 28.09
14 14 1.96
95 95 90.25
21 21 4.41
54 54 29.16
47 47 22.09
43 43 18.49
52 52 27.04
94 94 88.36
43 43 18.49
12 12 1.44
6 6 0.36
78 78 60.84
39 39 15.21
70 70 49.0
99 99 98.01
60 60 36.0
49 49 24.01
45 45 20.25
70 70 49.0
98 98 96.04
42 42 17.64
17 17 2.89
5 5 0.25
44 44 19.36
90 90 81.0
50 50 25.0
98 98 96.04
60 60 36.0
61 61 37.21
21 21 4.41
91 91 82.81
79 79 62.41
61 61 37.21
24 24 5.76
77 77 59.29
47 47 22.09
73 73 53.29
97 97 94.09
80 80 64.0
69 69 47.61
7 7 0.49
91 91 82.81
95 95 90.25
12 12 1.44
82 82 67.24
87 87 75.69
14 14 1.96
46 46 21.16
56 56 31.36
58 58 33.64
76 76 57.76
61 61 37.21
42 42 17.64
22 22 4.84
90 90 81.0
75 75 56.25
90 90 81.0
46 46 21.16
99 99 98.01
59 59 34.81
58 58 33.64
7 7 0.49
83 83 68.89
50 50 25.0
18 18 3.24
61 61 37.21
55 55 30.25
13 13 1.69
3 3 0.09
