400 9787 9.9499
35 35 12.25
84 84 70.56
71 71 50.41
2 2 0.04
91 91 82.81
88 88 77.44
98 98 96.04
20 20 4.0
26 26 6.76
55 55 30.25
49 49 24.01
10 10 1.0
80 80 64.0
96 96 92.16
22 22 4.84
85 85 72.25
23 23 5.29
10 10 1.0
93 93 86.49
31 31 9.61
32 32 10.24
28 28 7.84
34 34 11.56
23 23 5.29
100 100 100.0
54 54 29.16
30 30 9.0
80 80 64.0
34 34 11.56
25 25 6.25
23 23 5.29
23 23 5.29
52 52 27.04
48 48 23.04
72 72 51.84
30 30 9.0
37 37 13.69
15 15 2.25
57 57 32.49
82 82 67.24
43 43 18.49
32 32 10.24
19 19 3.61
41 41 16.81
16 16 2.56
8 8 0.64
17 17 2.89
82 82 67.24
49 49 24.01
26 26 6.76
53 53 28.09
11 11 1.21
78 78 60.84
60 60 36.0
18 18 3.24
79 79 62.41
79 79 62.41
60 60 36.0
91 91 82.81
13 13 1.69
78 78 60.84
44 44 19.36
70 70 49.0
18 18 3.24
27 27 7.29
75 75 56.25
57 57 32.49
13 13 1.69
42 42 17.64
63 63 39.69
83 83 68.89
36 36 12.96
40 40 16.0
45 45 20.25
42 42 17.64
29 29 8.41
1 1 0.01
28 28 7.84
49 49 24.01
96 96 92.16
85 85 72.25
90 90 81.0
65 65 42.25
30 30 9.0
9 9 0.81
85 85 72.25
18 18 3.24
92 92 84.64
69 69 47.61
63 63 39.69
53 53 28.09
57 57 32.49
46 46 21.16
14 14 1.96
26 26 6.76
91 91 82.81
76 76 57.76
25 25 6.25
50 50 25.0
82 82 67.24
68 68 46.24
53 53 28.09
72 72 51.84
71 71 50.41
51 51 26.01
75 75 56.25
69 69 47.61
58 58 33.64
58 58 33.64
76 76 57.76
29 29 8.41
47 47 22.09
23 23 5.29
62 62 38.44
23 23 5.29
96 96 92.16
33 33 10.89
7 7 0.49
32 32 10.24
55 55 30.25
91 91 82.81
95 95 90.25
14 14 1.96
28 28 7.84
76 76 57.76
100 100 100.0
25 25 6.25
58 58 33.64
18 18 3.24
56 56 31.36
84 84 70.56
2 2 0.04
9 9 0.81
100 100 100.0
21 21 4.41
48 48 23.04
25 25 6.25
51 51 26.01
1 1 0.01
87 87 75.69
50 50 25.0
83 83 68.89
4 4 0.16
4 4 0.16
34 34 11.56
69 69 47.61
10 10 1.0
7 7 0.49
31 31 9.61
96 96 92.16
44 44 19.36
58 58 33.64
44 44 19.36
92 92 84.64
39 39 15.21
11 11 1.21
25 25 6.25
66 66 43.56
25 25 6.25
33 33 10.89
36 36 12.96
95 95 90.25
89 89 79.21
5 5 0.25
84 84 70.56
74 74 54.76
41 41 16.81
42 42 17.64
71 71 50.41
31 31 9.61
9 9 0.81
78 78 60.84
48 48 23.04
19 19 3.61
100 100 100.0
45 45 20.25
55 55 30.25
80 80 64.0
7 7 0.49
12 12 1.44
95 95 90.25
75 75 56.25
96 96 92.16
37 37 13.69
33 33 10.89
46 46 21.16
29 29 8.41
4 4 0.16
10 10 1.0
35 35 12.25
99 99 98.01
56 56 31.36
68 68 46.24
66 66 43.56
73 73 53.29
99 99 98.01
45 45 20.25
29 29 8.41
66 66 43.56
34 34 11.56
27 27 7.29
56 56 31.36
63 63 39.69
54 54 29.16
30 30 9.0
56 56 31.36
90 90 81.0
99 99 98.01
67 67 44.89
67 67 44.89
24 24 5.76
6 6 0.36
34 34 11.56
92 92 84.64
97 97 94.09
14 14 1.96
38 38 14.44
31 31 9.61
67 67 44.89
30 30 9.0
51 51 26.01
14 14 1.96
55 55 30.25
26 26 6.76
68 68 46.24
58 58 33.64
21 21 4.41
3 3 0.09
74 74 54.76
74 74 54.76
24 24 5.76
2 2 0.04
36 36 12.96
12 12 1.44
20 20 4.0
28 28 7.84
22 22 4.84
48 48 23.04
28 28 7.84
92 92 84.64
66 66 43.56
42 42 17.64
19 19 3.61
8 8 0.64
89 89 79.21
34 34 11.56
56 56 31.36
22 22 4.84
20 20 4.0
34 34 11.56
74 74 54.76
1 1 0.01
44 44 19.36
34 34 11.56
99 99 98.01
78 78 60.84
27 27 7.29
6 6 0.36
28 28 7.84
99 99 98.01
54 54 29.16
56 56 31.36
6 6 0.36
50 50 25.0
7 7 0.49
67 67 44.89
20 20 4.0
41 41 16.81
43 43 18.49
96 96 92.16
12 12 1.44
86 86 73.96
17 17 2.89
81 81 65.61
92 92 84.64
46 46 21.16
85 85 72.25
49 49 24.01
65 65 42.25
8 8 0.64
81 81 65.61
85 85 72.25
64 64 40.96
37 37 13.69
41 41 16.81
54 54 29.16
7 7 0.49
78 78 60.84
65 65 42.25
11 11 1.21
3 3 0.09
12 12 1.44
20 20 4.0
24 24 5.76
74 74 54.76
99 99 98.01
53 53 28.09
46 46 21.16
57 57 32.49
48 48 23.04
2 2 0.04
77 77 59.29
91 91 82.81
52 52 27.04
84 84 70.56
65 65 42.25
12 12 1.44
83 83 68.89
29 29 8.41
85 85 72.25
4 4 0.16
53 53 28.09
68 68 46.24
91 91 82.81
75 75 56.25
96 96 92.16
8 8 0.64
61 61 37.21
36 36 12.96
10 10 1.0
67 67 44.89
67 67 44.89
45 45 20.25
99 99 98.01
60 60 36.0
100 100 100.0
44 44 19.36
33 33 10.89
21 21 4.41
30 30 9.0
35 35 12.25
33 33 10.89
47 47 22.09
32 32 10.24
9 9 0.81
71 71 50.41
97 97 94.09
87 87 75.69
88 88 77.44
49 49 24.01
39 39 15.21
5 5 0.25
9 9 0.81
62 62 38.44
51 51 26.01
9 9 0.81
67 67 44.89
19 19 3.61
51 51 26.01
83 83 68.89
67 67 44.89
85 85 72.25
98 98 96.04
89 89 79.21
24 24 5.76
17 17 2.89
1 1 0.01
8 8 0.64
36 36 12.96
10 10 1.0
50 50 25.0
27 27 7.29
58 58 33.64
42 42 17.64
12 12 1.44
31 31 9.61
90 90 81.0
30 30 9.0
18 18 3.24
90 90 81.0
82 82 67.24
71 71 50.41
89 89 79.21
90 90 81.0
66 66 43.56
26 26 6.76
79 79 62.41
99 99 98.01
43 43 18.49
22 22 4.84
36 36 12.96
3 3 0.09
78 78 60.84
99 99 98.01
30 30 9.0
45 45 20.25
11 11 1.21
89 89 79.21
25 25 6.25
39 39 15.21
28 28 7.84
68 68 46.24
62 62 38.44
21 21 4.41
17 17 2.89
18 18 3.24
97 97 94.09
80 80 64.0
83 83 68.89
14 14 1.96
