900 22643 9.9499
94 84 39.9664
66 56 61.9227
21 11 87.8963
34 24 77.9883
84 74 34.6356
37 27 74.4458
64 54 59.9835
89 79 59.0377
15 5 95.5272
41 31 76.1326
109 99 7.2797
79 69 56.2695
84 74 42.513
39 29 83.4099
77 67 45.301
42 32 61.8283
106 96 29.3547
60 50 67.1203
30 20 79.8021
49 39 62.066
72 62 50.9411
62 52 47.5865
21 11 90.2177
23 13 85.0287
100 90 41.3475
110 100 27.377
94 84 51.4462
99 89 33.7062
51 41 76.7937
28 18 87.5011
47 37 73.2907
83 73 57.3564
13 3 97.8893
44 34 75.8937
68 58 51.4935
36 26 76.7131
11 1 98.8573
77 67 41.4646
85 75 42.2448
77 67 39.8956
54 44 54.3228
36 26 82.5936
91 81 50.9325
100 90 33.7027
17 7 90.4667
84 74 46.8143
33 23 70.1574
25 15 80.5776
12 2 97.8081
74 64 52.6205
51 41 59.4025
42 32 80.7482
106 96 31.0394
45 35 59.0854
99 89 13.7448
40 30 81.5355
89 79 31.7194
58 48 49.7617
61 51 59.6911
68 58 51.6357
74 64 44.6571
64 54 54.3833
105 95 49.7914
27 17 88.5801
101 91 22.5901
91 81 34.0391
96 86 43.5006
20 10 90.2481
62 52 71.5631
52 42 70.8526
13 3 97.1171
39 29 81.7596
15 5 95.3025
57 47 52.3148
110 100 15.9568
60 50 56.5008
39 29 69.9414
67 57 55.1945
24 14 82.3284
56 46 55.9609
24 14 83.4318
29 19 83.9954
82 72 58.5057
20 10 91.7074
18 8 93.8961
11 1 98.7897
56 46 52.4857
14 4 97.192
73 63 58.5286
44 34 74.7429
64 54 48.3136
79 69 37.6566
100 90 30.3733
39 29 66.4241
42 32 65.8695
19 9 92.2099
18 8 89.9519
69 59 52.1298
60 50 46.3788
97 87 47.3014
98 88 10.7814
91 81 52.7671
91 81 54.4142
35 25 69.8261
71 61 49.352
23 13 90.5105
99 89 48.1497
59 49 65.7105
107 97 13.6272
33 23 84.1971
62 52 39.3995
55 45 55.0801
104 94 21.3268
48 38 70.8408
38 28 75.1342
51 41 69.9632
107 97 46.7282
57 47 53.3849
28 18 87.7932
107 97 11.6998
100 90 19.1914
73 63 59.7807
37 27 74.17
86 76 18.1391
28 18 80.7716
84 74 24.0894
30 20 85.9144
61 51 47.4239
56 46 49.5011
97 87 21.1398
91 81 19.4446
25 15 85.001
18 8 89.4367
84 74 31.3656
91 81 27.675
32 22 82.7627
98 88 25.8888
17 7 92.9778
64 54 54.4378
73 63 61.2416
28 18 77.2131
103 93 27.238
106 96 23.0256
63 53 60.2129
108 98 31.7498
89 79 40.5081
58 48 72.8889
28 18 88.7854
66 56 55.9684
52 42 79.1815
26 16 78.6042
57 47 57.602
39 29 69.908
68 58 60.6748
46 36 56.4767
29 19 79.5325
35 25 82.5318
46 36 62.8643
34 24 73.4329
49 39 70.2562
62 52 52.0317
89 79 26.009
13 3 96.9378
22 12 81.9767
23 13 89.4802
99 89 18.3809
18 8 94.7585
37 27 71.3552
25 15 86.4305
11 1 99.1936
52 42 65.0168
36 26 83.0978
110 100 26.3107
62 52 49.9877
23 13 85.2077
12 2 97.3241
83 73 38.0961
30 20 76.0977
106 96 18.088
64 54 44.8525
57 47 71.2792
109 99 33.3483
82 72 41.7238
26 16 87.5422
65 55 61.0883
31 21 83.4866
84 74 33.2168
34 24 85.7698
41 31 69.4206
26 16 86.8549
95 85 29.7723
76 66 51.8587
52 42 65.7867
90 80 38.1405
104 94 32.539
31 21 84.7394
30 20 82.7263
39 29 76.7937
75 65 39.4334
43 33 69.3206
97 87 24.959
103 93 55.3179
78 68 56.2395
16 6 94.5717
78 68 59.1622
45 35 69.1742
54 44 61.215
104 94 20.3185
40 30 83.6822
25 15 82.1797
89 79 26.319
21 11 90.4534
15 5 97.3301
36 26 77.0392
93 83 36.4007
40 30 74.8294
85 75 47.2918
93 83 32.5596
39 29 76.2373
73 63 35.8286
72 62 38.975
110 100 12.7763
15 5 95.7795
61 51 60.3838
36 26 83.2054
56 46 61.9149
66 56 52.1732
23 13 82.9593
25 15 86.6575
107 97 26.1469
105 95 40.5718
34 24 77.1903
39 29 66.8241
41 31 75.9007
73 63 48.8573
44 34 76.0367
32 22 80.3658
87 77 35.8885
33 23 79.9951
62 52 50.5877
108 98 14.7786
73 63 50.7785
85 75 46.255
40 30 82.8737
59 49 67.3483
60 50 43.3886
97 87 18.8208
37 27 79.5967
72 62 57.7858
88 78 44.3609
57 47 66.6231
19 9 90.5752
50 40 79.105
12 2 98.3013
20 10 87.6882
21 11 84.4377
67 57 40.8168
58 48 59.705
46 36 60.5035
34 24 81.1765
73 63 39.5754
45 35 74.8536
72 62 55.3804
39 29 80.1723
54 44 65.2864
32 22 73.7211
53 43 47.9445
92 82 41.7562
80 70 36.7321
98 88 42.59
103 93 29.0165
14 4 96.6682
57 47 60.1106
48 38 76.6605
90 80 52.9649
109 99 24.1277
51 41 48.5711
42 32 71.3383
24 14 84.1531
24 14 85.5366
89 79 43.3741
76 66 37.4875
86 76 26.5297
66 56 45.8681
89 79 47.4542
34 24 76.5083
16 6 93.362
89 79 41.1599
44 34 69.6657
87 77 22.813
89 79 39.1425
107 97 20.6761
34 24 73.0478
43 33 74.8727
108 98 26.2216
100 90 48.7064
38 28 83.1416
30 20 85.3721
54 44 74.3458
34 24 75.8171
101 91 47.5286
30 20 83.6694
80 70 48.2122
37 27 81.2666
48 38 77.595
89 79 26.197
97 87 35.2088
102 92 29.0499
49 39 61.2259
59 49 63.069
105 95 19.2431
71 61 59.1561
59 49 41.6373
72 62 46.0213
11 1 98.5751
34 24 85.0471
101 91 28.6857
70 60 51.8947
67 57 61.276
94 84 19.7358
100 90 56.4286
76 66 47.9792
58 48 52.8355
94 84 22.1107
13 3 96.5896
31 21 78.5191
40 30 66.6672
40 30 72.7558
83 73 33.6702
70 60 35.4561
59 49 53.2126
25 15 88.7025
41 31 76.1623
25 15 83.825
72 62 38.3755
27 17 83.0796
54 44 71.7697
106 96 30.359
72 62 64.6529
46 36 58.4751
105 95 39.9171
80 70 35.7221
69 59 46.6407
45 35 67.7839
96 86 51.0224
53 43 73.094
106 96 20.6698
99 89 35.7042
46 36 73.9961
15 5 94.4259
36 26 80.4573
11 1 99.0324
23 13 89.6525
63 53 62.508
49 39 72.6211
63 53 54.9882
86 76 31.5675
50 40 69.7292
63 53 71.1998
85 75 43.6828
103 93 38.502
57 47 45.572
34 24 72.4695
58 48 67.6243
19 9 92.5348
51 41 76.8252
108 98 27.0088
87 77 27.9714
37 27 83.5707
87 77 49.5503
53 43 69.6524
24 14 91.0307
77 67 62.3642
56 46 77.5685
108 98 27.4429
103 93 29.4697
49 39 70.1071
19 9 87.5441
55 45 75.7474
16 6 95.2283
28 18 74.4562
48 38 66.1018
55 45 53.7949
24 14 85.6569
44 34 70.4156
55 45 51.827
42 32 81.2684
86 76 30.8425
94 84 39.3618
28 18 83.9093
40 30 66.6705
58 48 61.5174
69 59 56.725
52 42 61.0227
70 60 44.2212
50 40 63.5608
62 52 65.9539
79 69 37.4409
95 85 44.9034
18 8 89.6203
74 64 53.0625
106 96 37.6836
83 73 64.2306
108 98 35.7472
63 53 45.6733
93 83 49.0378
15 5 93.685
61 51 63.7986
49 39 49.2341
101 91 27.5825
43 33 71.7561
68 58 68.7009
28 18 78.8508
11 1 99.11
82 72 34.5344
25 15 86.2948
94 84 36.1429
88 78 44.3703
73 63 35.2147
15 5 94.8306
74 64 62.2095
41 31 76.4226
31 21 86.3468
81 71 48.1123
53 43 56.3971
84 74 33.5415
17 7 93.805
21 11 85.7587
14 4 96.8748
94 84 22.5872
62 52 42.9733
82 72 55.2019
84 74 52.0851
13 3 96.7961
95 85 42.0461
62 52 43.7847
74 64 39.4899
94 84 23.1987
65 55 67.2974
21 11 92.9682
89 79 15.317
22 12 90.7218
75 65 53.811
65 55 46.6202
29 19 80.4071
49 39 57.4079
105 95 25.7424
50 40 64.0864
31 21 82.619
38 28 77.5756
109 99 42.0163
88 78 22.1173
17 7 94.8754
57 47 59.4086
73 63 51.3917
75 65 32.3556
23 13 91.9163
102 92 43.0244
38 28 72.5103
82 72 50.2837
100 90 37.5548
34 24 78.4323
99 89 41.2369
47 37 66.0823
65 55 43.9622
23 13 89.9444
38 28 71.0986
50 40 49.6236
68 58 59.7112
24 14 92.5675
104 94 20.4322
105 95 24.556
15 5 96.7725
96 86 42.2019
15 5 95.8931
93 83 29.6034
13 3 97.1486
90 80 45.9277
32 22 81.1981
21 11 89.8344
36 26 79.8324
74 64 48.0859
42 32 69.8461
15 5 93.4451
108 98 34.6862
26 16 80.5722
11 1 98.6724
47 37 52.4335
47 37 63.0579
77 67 44.3609
57 47 60.3341
19 9 89.45
13 3 98.01
92 82 33.6098
50 40 65.7932
89 79 16.1749
77 67 46.582
36 26 77.2606
91 81 20.7863
63 53 39.4824
86 76 42.8593
101 91 19.0462
69 59 35.0985
63 53 53.1485
37 27 82.9302
98 88 59.9928
89 79 30.2401
24 14 89.3914
63 53 63.8769
54 44 74.2613
108 98 33.2064
17 7 95.3337
40 30 79.2011
65 55 49.1429
27 17 88.1571
27 17 88.9381
24 14 89.023
71 61 55.2956
43 33 68.6694
22 12 86.0869
49 39 57.1596
33 23 85.2834
61 51 59.8039
87 77 57.2504
55 45 67.4238
89 79 25.548
47 37 71.619
32 22 87.5254
102 92 23.2449
77 67 55.049
91 81 35.4394
12 2 98.4282
87 77 25.026
97 87 41.689
54 44 61.5315
24 14 84.5775
77 67 60.061
29 19 89.1589
42 32 68.7539
46 36 67.0188
27 17 89.9463
108 98 19.0794
68 58 34.6203
69 59 32.5379
65 55 54.4305
35 25 75.4066
70 60 41.5741
43 33 65.542
16 6 94.3773
104 94 13.5667
72 62 34.4029
94 84 55.9773
88 78 57.6461
80 70 42.3176
106 96 47.0692
64 54 66.7947
97 87 11.9889
22 12 84.7431
69 59 47.5727
41 31 62.5143
108 98 50.1901
91 81 38.615
83 73 34.5415
55 45 53.328
13 3 97.5907
98 88 49.5447
52 42 60.7854
31 21 81.4488
22 12 88.1327
108 98 33.2791
34 24 74.3906
84 74 35.5943
41 31 74.4493
39 29 76.4453
22 12 87.9882
80 70 43.5283
56 46 70.0151
54 44 62.4068
46 36 71.5479
99 89 54.1254
64 54 43.9768
18 8 92.2522
69 59 56.6241
49 39 63.438
52 42 54.9392
57 47 56.5233
48 38 77.558
68 58 33.2941
67 57 62.6282
18 8 92.9142
54 44 74.4873
67 57 57.3261
45 35 71.4076
87 77 40.2996
23 13 88.825
26 16 91.2751
78 68 58.5929
97 87 17.9547
15 5 94.2453
74 64 55.9175
54 44 73.3233
12 2 98.2993
14 4 96.7744
14 4 96.091
96 86 50.2823
62 52 67.414
90 80 18.6719
64 54 39.6509
26 16 82.8865
84 74 33.0568
40 30 79.8682
96 86 40.1601
110 100 32.3454
65 55 45.86
48 38 59.2392
38 28 68.5286
54 44 55.5353
87 77 39.7455
96 86 43.182
74 64 45.6152
88 78 50.3972
27 17 86.7282
51 41 74.7914
51 41 69.7242
100 90 18.6538
24 14 83.5634
92 82 58.8013
99 89 46.2019
27 17 91.1758
55 45 73.9927
82 72 49.7801
103 93 33.1718
20 10 89.7946
51 41 74.4493
53 43 54.311
44 34 68.6628
94 84 20.6434
15 5 95.5839
46 36 59.3485
24 14 86.0664
74 64 39.6346
45 35 54.8903
30 20 81.9496
44 34 77.9159
76 66 34.5862
106 96 18.8087
40 30 77.5756
72 62 48.1247
54 44 65.0233
61 51 56.8169
77 67 50.9296
110 100 24.5907
28 18 83.065
108 98 21.0653
96 86 38.5964
38 28 68.9332
90 80 45.196
50 40 75.3233
37 27 69.5423
97 87 24.3286
60 50 56.4542
49 39 62.4859
79 69 32.6155
69 59 51.804
67 57 61.9416
95 85 29.9078
102 92 46.3625
70 60 36.8886
73 63 39.7253
74 64 39.3957
62 52 46.3638
78 68 55.5666
25 15 84.6363
85 75 43.6432
68 58 45.753
83 73 25.037
53 43 55.3357
68 58 57.596
69 59 55.3417
101 91 30.1555
108 98 20.9865
53 43 60.9617
89 79 35.2646
105 95 18.6011
94 84 57.8087
91 81 48.553
59 49 65.7786
27 17 80.0578
69 59 44.293
52 42 59.4965
60 50 64.2595
37 27 79.786
47 37 66.8274
69 59 46.3176
85 75 32.6155
14 4 96.3656
33 23 81.1855
73 63 45.4991
83 73 57.5975
106 96 15.8834
91 81 44.0471
108 98 18.5304
35 25 83.7005
47 37 72.6023
67 57 67.9207
108 98 17.133
93 83 20.5426
57 47 46.1122
35 25 81.633
74 64 42.211
50 40 78.9486
34 24 67.0024
24 14 84.0412
98 88 27.0868
102 92 50.6375
16 6 94.7916
75 65 40.8244
85 75 31.499
49 39 63.0055
36 26 71.1661
48 38 63.8433
106 96 20.9718
35 25 81.3009
14 4 96.8217
89 79 18.2269
31 21 79.6806
97 87 42.3046
104 94 22.6881
102 92 36.6098
98 88 16.4357
104 94 38.538
17 7 93.4509
55 45 70.0134
106 96 20.2896
31 21 88.5462
67 57 51.5022
62 52 71.8782
49 39 57.6825
98 88 47.1296
51 41 57.8452
61 51 42.6305
13 3 97.8497
88 78 37.5794
35 25 72.1684
88 78 45.7084
44 34 69.7342
67 57 56.3671
25 15 89.8552
47 37 53.2404
39 29 67.7658
58 48 65.406
14 4 95.121
13 3 97.3399
40 30 80.9028
15 5 95.6249
50 40 57.9486
26 16 82.9538
78 68 61.6131
35 25 76.6658
22 12 87.4281
69 59 34.8466
35 25 77.5492
105 95 26.732
110 100 50.2738
77 67 46.5492
78 68 41.0279
37 27 83.8616
61 51 63.8481
56 46 62.8294
48 38 66.027
57 47 57.4458
110 100 52.8762
104 94 27.8921
32 22 78.5829
68 58 57.3367
104 94 45.4182
38 28 76.3981
84 74 51.6717
68 58 47.541
110 100 24.1503
47 37 58.786
56 46 67.1711
46 36 60.8166
62 52 40.0866
29 19 86.9388
24 14 87.5291
53 43 56.4181
90 80 27.5835
82 72 39.3706
98 88 36.7454
90 80 57.76
42 32 71.7883
32 22 85.4756
56 46 70.0519
92 82 59.4071
68 58 44.5743
76 66 55.4816
14 4 95.709
59 49 68.7092
76 66 58.6434
72 62 35.3204
69 59 32.1602
57 47 63.5241
72 62 44.4822
63 53 47.0157
80 70 54.9615
12 2 98.6526
29 19 80.3676
47 37 72.6518
109 99 30.5466
64 54 65.5436
44 34 71.7189
65 55 49.5785
66 56 51.3114
51 41 56.5459
93 83 36.0985
38 28 64.9523
11 1 99.1896
84 74 57.32
48 38 54.1976
108 98 13.2663
108 98 18.5744
42 32 73.313
104 94 33.8666
39 29 79.4986
80 70 49.7744
59 49 51.0853
75 65 39.2991
52 42 55.6964
105 95 17.8963
94 84 49.7505
28 18 79.9665
73 63 45.9481
83 73 50.3277
28 18 77.0498
93 83 28.0286
47 37 67.6737
38 28 76.2793
15 5 94.5095
70 60 60.4164
108 98 18.1195
12 2 97.3912
41 31 71.5801
20 10 90.0696
17 7 92.2618
105 95 24.938
110 100 23.8007
60 50 42.6683
12 2 98.2914
20 10 93.1669
48 38 75.777
79 69 48.5642
40 30 77.8524
107 97 21.6634
91 81 32.7081
41 31 63.6996
55 45 66.5383
68 58 44.301
92 82 31.3902
54 44 69.7609
80 70 54.9822
81 71 44.6424
56 46 62.4274
69 59 59.8457
70 60 57.6309
68 58 57.2111
89 79 52.1804
81 71 43.7106
41 31 63.2009
36 26 84.3514
58 48 52.2136
109 99 15.9417
85 75 28.4078
79 69 22.7395
12 2 97.332
108 98 29.1136
39 29 62.0345
54 44 74.9056
65 55 52.5553
70 60 46.9677
75 65 35.299
34 24 80.4645
48 38 70.4223
32 22 85.931
23 13 85.9403
31 21 77.4013
108 98 20.1862
53 43 69.6023
31 21 75.0753
109 99 23.0755
43 33 70.2227
74 64 36.5856
56 46 56.5775
75 65 56.573
24 14 90.5124
89 79 42.9942
100 90 10.1933
65 55 70.2026
50 40 58.599
23 13 82.274
