900 22513 4.3589
18 8 3.494
47 37 94.9237
78 68 64.5553
97 87 9.1517
18 8 4.2446
51 41 53.5168
107 97 0.5774
81 71 5.961
25 15 13.9213
99 89 9.419
25 15 1.796
85 75 9.5597
61 51 10.9161
87 77 57.5509
31 21 23.1302
28 18 3.7167
102 92 2.2014
108 98 0.3625
88 78 41.3285
81 71 80.009
70 60 67.8281
34 24 57.4971
24 14 7.5791
99 89 9.9227
18 8 1.7072
69 59 51.0388
102 92 5.7543
16 6 0.4261
39 29 30.8404
27 17 3.7579
47 37 93.4988
29 19 17.083
36 26 0.1066
106 96 0.1648
25 15 5.1763
13 3 0.5404
40 30 79.9283
28 18 27.0936
91 81 14.7785
42 32 78.629
97 87 11.5661
72 62 83.4402
99 89 4.8658
52 42 80.5169
11 1 0.0793
85 75 12.8724
30 20 24.1418
108 98 0.2141
62 52 186.7098
12 2 0.0734
47 37 41.0149
77 67 62.5166
15 5 2.4268
41 31 5.0598
55 45 97.4808
26 16 26.2479
88 78 23.5624
34 24 24.5704
51 41 25.1009
43 33 69.7547
71 61 104.7731
63 53 149.1314
62 52 21.0127
25 15 2.5816
54 44 185.5564
18 8 4.0933
108 98 0.0448
25 15 9.9932
42 32 13.222
40 30 22.713
70 60 176.3431
70 60 148.5684
109 99 0.0193
15 5 0.0436
83 73 10.9984
26 16 27.8185
92 82 1.2415
16 6 3.8485
79 69 63.276
69 59 150.6031
37 27 42.3814
101 91 0.1612
75 65 65.3469
87 77 5.0654
85 75 8.7189
41 31 69.3847
85 75 58.4307
105 95 1.3497
31 21 38.2236
41 31 42.8921
21 11 11.512
42 32 24.5219
56 46 170.0223
45 35 40.032
23 13 12.5447
97 87 18.5938
61 51 99.7919
73 63 67.0564
93 83 7.4139
108 98 0.2648
16 6 2.7058
80 70 64.457
35 25 30.3565
101 91 6.5903
110 100 0.0
27 17 18.1964
91 81 37.3657
21 11 2.2583
64 54 52.0953
35 25 21.3481
45 35 107.2202
53 43 126.74
50 40 52.4152
104 94 0.879
107 97 0.687
69 59 156.8067
28 18 24.0375
110 100 0.0
69 59 73.4328
88 78 32.8185
62 52 178.0516
80 70 37.5327
12 2 0.1753
89 79 46.234
46 36 4.8129
20 10 3.039
90 80 17.7955
45 35 6.4764
65 55 177.765
38 28 81.8744
19 9 2.3036
59 49 125.3869
46 36 112.3154
101 91 0.9686
102 92 4.1348
18 8 2.7697
32 22 0.8703
62 52 3.3681
86 76 61.3995
12 2 0.1263
61 51 118.2878
22 12 4.5522
69 59 35.0882
69 59 74.4316
23 13 13.726
21 11 3.0069
28 18 19.5284
63 53 46.7394
91 81 16.5798
28 18 23.6865
70 60 31.9597
41 31 47.1243
30 20 17.557
57 47 192.9186
73 63 100.8409
67 57 168.9425
65 55 212.6151
97 87 10.0347
26 16 1.658
38 28 83.4421
76 66 72.3166
17 7 1.7721
67 57 25.4371
41 31 11.0714
44 34 38.7876
58 48 60.5234
13 3 0.1432
49 39 55.2439
94 84 17.2166
13 3 0.6299
99 89 13.1314
21 11 10.2123
58 48 241.3829
18 8 4.9758
54 44 17.1535
38 28 86.8804
75 65 107.8856
34 24 36.5643
101 91 4.2544
77 67 110.4299
96 86 5.7429
90 80 36.493
19 9 7.8085
24 14 8.7961
77 67 113.795
72 62 150.41
89 79 28.0126
81 71 49.6044
91 81 25.1756
59 49 33.4268
85 75 46.6797
33 23 47.0502
84 74 11.3391
72 62 76.6331
58 48 60.744
33 23 50.3109
39 29 60.4422
62 52 4.8477
34 24 2.7423
43 33 20.9093
85 75 47.6162
41 31 71.5917
90 80 31.0812
40 30 97.3669
60 50 196.2974
106 96 1.4931
16 6 2.0916
15 5 0.3455
62 52 169.0422
58 48 178.3151
91 81 12.4213
56 46 169.8564
49 39 2.2228
70 60 15.604
39 29 22.5446
96 86 2.3512
62 52 213.8428
92 82 0.6911
81 71 38.3521
22 12 1.2182
23 13 7.5192
38 28 49.9346
31 21 3.6779
108 98 0.0545
47 37 112.2366
104 94 1.4755
65 55 214.9203
75 65 3.4647
21 11 12.3725
47 37 72.6254
98 88 0.6313
70 60 31.6499
72 62 4.0393
89 79 26.2846
61 51 204.53
92 82 16.2166
100 90 4.6941
100 90 7.9569
41 31 31.1894
58 48 40.4437
102 92 4.0343
80 70 7.7915
84 74 7.413
64 54 204.6895
74 64 50.0725
20 10 4.0223
84 74 44.6714
16 6 2.856
109 99 0.0383
55 45 173.1879
57 47 84.6757
24 14 7.5506
45 35 32.0781
74 64 91.4255
82 72 22.522
36 26 49.751
33 23 24.2172
64 54 11.3093
58 48 206.1876
59 49 142.5485
34 24 1.5009
33 23 34.1333
67 57 13.2548
29 19 0.79
72 62 80.8648
51 41 23.3496
30 20 7.7722
44 34 43.7155
60 50 16.7757
20 10 6.0893
24 14 11.642
64 54 130.023
61 51 176.1921
27 17 23.5697
81 71 22.4084
71 61 150.4408
73 63 33.6149
11 1 0.0723
19 9 1.3469
20 10 5.3542
70 60 53.1719
99 89 2.4453
95 85 2.7175
20 10 0.9603
13 3 0.95
84 74 68.9162
75 65 69.9119
68 58 2.3747
41 31 36.8432
55 45 139.5039
70 60 42.114
79 69 29.5293
22 12 12.8734
61 51 20.739
47 37 30.347
89 79 4.8954
36 26 8.3192
94 84 21.2081
34 24 54.1676
72 62 18.0196
53 43 127.6307
53 43 4.2458
48 38 151.2428
64 54 164.162
105 95 0.7789
42 32 79.6393
92 82 21.2169
16 6 2.8881
90 80 20.2972
43 33 46.0849
29 19 25.8185
36 26 42.7961
34 24 17.4367
28 18 2.0171
39 29 42.309
53 43 82.2233
85 75 4.579
89 79 46.0191
27 17 0.8929
55 45 153.9336
79 69 82.9163
18 8 2.3397
16 6 2.2873
32 22 44.5382
52 42 98.2043
86 76 7.1062
98 88 13.2658
36 26 54.6586
38 28 19.4147
43 33 115.0226
43 33 111.482
90 80 7.5962
43 33 78.876
36 26 47.5443
83 73 60.4736
60 50 184.8184
34 24 0.7374
96 86 13.5067
106 96 1.222
12 2 0.0674
25 15 20.8714
84 74 26.3345
26 16 24.6861
48 38 63.0296
71 61 94.157
39 29 5.038
110 100 0.0
57 47 231.8876
76 66 25.4173
25 15 6.6249
73 63 91.7093
73 63 78.0064
20 10 1.4518
94 84 15.8543
75 65 77.9256
35 25 43.2561
48 38 147.5773
64 54 187.4984
83 73 37.8385
75 65 8.752
77 67 28.6541
66 56 184.2207
109 99 0.0844
21 11 0.6725
64 54 52.066
64 54 70.177
109 99 0.0127
98 88 0.0768
110 100 0.0
110 100 0.0
63 53 154.4098
110 100 0.0
49 39 69.9472
84 74 59.625
54 44 76.0841
71 61 121.692
37 27 28.2811
12 2 0.3569
110 100 0.0
53 43 201.812
104 94 3.0115
62 52 172.4657
16 6 2.3683
11 1 0.0572
97 87 4.0349
109 99 0.0205
19 9 2.3925
68 58 74.3351
86 76 57.6403
74 64 43.2842
81 71 10.3688
75 65 65.5703
36 26 16.4313
17 7 0.0949
59 49 92.1453
108 98 0.0193
108 98 0.1213
14 4 0.9804
48 38 81.0584
73 63 90.6639
59 49 119.6527
75 65 78.6739
71 61 137.2199
78 68 47.7667
70 60 152.8685
33 23 41.5842
69 59 2.154
99 89 4.0738
92 82 2.5249
98 88 8.6683
43 33 71.8346
33 23 49.5783
22 12 15.5187
75 65 85.0562
50 40 78.3449
19 9 3.4166
45 35 83.2211
31 21 45.2931
92 82 34.5445
104 94 1.298
51 41 29.2422
19 9 0.9021
86 76 58.0952
110 100 0.0
98 88 13.4766
81 71 46.2044
36 26 7.3321
29 19 35.9441
56 46 81.3627
83 73 11.4463
97 87 17.6293
77 67 12.7136
43 33 33.4081
62 52 187.5798
25 15 18.895
102 92 4.4404
82 72 53.2708
105 95 2.7064
110 100 0.0
68 58 42.7795
77 67 54.3354
80 70 68.9145
45 35 105.2153
35 25 62.6508
23 13 2.7462
92 82 0.3863
89 79 15.7256
34 24 63.2268
41 31 61.5489
56 46 193.2733
40 30 57.0411
96 86 1.7274
31 21 28.3219
36 26 33.1867
97 87 8.0526
28 18 33.2478
39 29 78.5851
105 95 0.7193
54 44 69.088
89 79 45.5244
84 74 4.2979
27 17 7.8234
11 1 0.0904
68 58 23.4199
44 34 19.4362
101 91 2.3187
92 82 20.2625
28 18 23.2843
106 96 0.1921
104 94 2.3389
100 90 10.6489
12 2 0.1834
11 1 0.0495
35 25 11.0373
72 62 71.325
79 69 58.2093
89 79 41.457
39 29 85.6526
26 16 24.7573
64 54 163.0318
85 75 10.3788
37 27 44.102
72 62 154.0878
19 9 8.5924
37 27 9.7839
17 7 3.8412
59 49 64.8107
79 69 89.8371
89 79 47.2148
79 69 104.7683
34 24 60.4694
56 46 134.7382
27 17 16.9938
13 3 0.7874
108 98 0.0625
67 57 119.9915
31 21 42.788
68 58 113.2196
66 56 120.716
33 23 12.8092
92 82 23.7204
109 99 0.0339
59 49 167.8639
88 78 8.1758
42 32 24.679
93 83 30.5997
110 100 0.0
92 82 34.3363
103 93 0.8224
68 58 36.3987
84 74 53.5419
68 58 109.9176
63 53 185.1284
29 19 37.9391
105 95 2.1227
110 100 0.0
41 31 43.5575
39 29 32.034
24 14 6.0896
79 69 93.5338
97 87 4.3475
41 31 31.1083
106 96 1.1046
93 83 27.1647
91 81 30.1239
98 88 2.4818
27 17 31.5656
62 52 229.2631
47 37 102.3874
36 26 53.9806
42 32 42.3479
95 85 20.4802
30 20 10.7488
75 65 31.448
11 1 0.0893
46 36 33.6362
89 79 46.3542
99 89 11.1663
43 33 72.307
90 80 33.5166
103 93 3.1771
86 76 29.5149
63 53 182.4065
93 83 11.9975
43 33 46.5521
20 10 7.5715
62 52 159.6928
65 55 45.5382
81 71 81.1672
79 69 34.4942
25 15 2.7166
40 30 73.7261
97 87 11.8224
81 71 29.1458
40 30 21.1136
64 54 217.766
80 70 61.5399
107 97 0.2971
28 18 16.6199
100 90 7.1912
48 38 33.9502
74 64 133.2693
57 47 156.4151
80 70 77.3259
15 5 1.1297
110 100 0.0
82 72 63.0732
48 38 143.7284
94 84 5.2211
38 28 41.5562
40 30 61.5953
101 91 1.5636
18 8 3.321
42 32 98.1583
70 60 29.2925
61 51 239.9486
50 40 24.0278
37 27 60.7401
102 92 3.3183
33 23 11.8519
77 67 94.3955
18 8 3.1981
85 75 58.3274
36 26 75.0132
100 90 3.3788
26 16 0.5213
106 96 1.0001
28 18 22.9711
82 72 47.1181
43 33 9.7329
60 50 224.855
106 96 1.675
22 12 3.1256
90 80 18.6758
81 71 47.2292
71 61 78.4862
66 56 159.8207
54 44 140.7268
48 38 114.7574
67 57 21.6354
63 53 116.6914
13 3 0.7706
23 13 14.2734
35 25 63.0793
23 13 5.5589
74 64 11.0819
39 29 46.6368
16 6 1.1629
27 17 6.5779
66 56 109.3984
69 59 138.745
104 94 2.6896
94 84 15.8497
62 52 17.8491
44 34 116.852
92 82 29.9343
80 70 78.86
107 97 0.6076
16 6 2.0782
93 83 14.0264
39 29 72.6491
23 13 14.6443
73 63 12.1699
93 83 13.5409
102 92 1.0172
83 73 59.1823
67 57 205.3572
25 15 7.7077
32 22 16.0025
34 24 58.4597
36 26 7.0707
23 13 14.8763
39 29 22.9858
26 16 4.7131
77 67 46.4865
77 67 71.4841
67 57 88.4196
107 97 0.82
53 43 114.9601
17 7 3.1015
59 49 113.8342
98 88 13.0767
70 60 131.3011
37 27 10.2194
46 36 113.3151
48 38 37.6529
105 95 1.4405
99 89 6.9232
66 56 8.6349
100 90 8.4689
45 35 108.1221
105 95 1.3976
11 1 0.0694
68 58 51.9671
63 53 59.9627
66 56 116.1429
73 63 10.1924
69 59 125.9298
79 69 16.577
64 54 95.7019
88 78 9.3194
97 87 18.6955
21 11 11.6345
92 82 11.7204
94 84 17.7235
46 36 140.3222
75 65 85.1244
23 13 16.5693
58 48 64.2484
70 60 83.8503
54 44 130.3432
94 84 22.361
70 60 78.9156
95 85 15.5997
64 54 204.7053
39 29 21.0422
74 64 56.6372
55 45 200.4632
33 23 42.9642
50 40 156.3447
18 8 2.0066
18 8 6.3195
54 44 92.8932
70 60 123.3064
50 40 130.8017
92 82 15.4063
24 14 16.7503
61 51 56.0086
64 54 176.9245
105 95 2.6243
20 10 1.3356
31 21 33.8011
46 36 94.8199
64 54 231.8934
42 32 10.5282
110 100 0.0
32 22 52.8363
90 80 26.6876
41 31 36.2405
30 20 29.4225
37 27 39.5172
21 11 0.4396
81 71 81.2692
12 2 0.0722
61 51 164.6596
87 77 34.5481
93 83 11.9767
105 95 0.3255
91 81 33.0236
46 36 36.7612
17 7 2.8524
48 38 131.0555
88 78 30.7051
25 15 5.6598
30 20 14.3617
62 52 178.8418
79 69 72.2257
77 67 97.854
67 57 141.6724
52 42 6.8017
37 27 0.2214
73 63 39.3969
100 90 7.716
21 11 2.548
79 69 97.405
29 19 18.3788
68 58 120.2327
31 21 21.1829
77 67 113.5221
51 41 62.6079
43 33 95.4968
27 17 16.012
99 89 6.8326
63 53 106.1257
44 34 6.0764
15 5 2.216
69 59 28.6815
106 96 1.3897
99 89 5.9435
102 92 1.6552
27 17 7.511
61 51 164.1654
84 74 28.9755
13 3 0.63
69 59 116.1981
68 58 149.5042
92 82 9.7037
58 48 25.0425
81 71 23.8204
29 19 23.9361
15 5 0.0493
79 69 51.6077
41 31 6.1453
48 38 149.1126
31 21 37.5579
62 52 193.6398
73 63 21.0866
104 94 2.7845
49 39 40.5928
66 56 75.2123
14 4 0.3454
79 69 54.2201
11 1 0.0337
22 12 14.3098
41 31 33.8288
109 99 0.0672
42 32 35.5147
19 9 6.7617
29 19 25.4407
107 97 0.5198
105 95 1.8282
42 32 10.4085
106 96 0.3221
49 39 47.0047
15 5 0.4345
20 10 9.1352
83 73 13.1048
56 46 71.904
64 54 121.3803
13 3 0.6608
54 44 170.129
87 77 7.1727
11 1 0.0692
59 49 19.6083
45 35 12.9291
17 7 1.9819
66 56 14.2148
95 85 7.4931
74 64 114.2379
31 21 5.9418
84 74 73.9483
106 96 0.314
50 40 144.768
76 66 103.4486
89 79 7.8487
97 87 14.2742
95 85 24.0691
85 75 64.2991
46 36 99.9795
40 30 43.403
64 54 125.3306
52 42 125.4867
55 45 172.8091
30 20 23.4358
55 45 184.9356
18 8 2.287
50 40 58.8741
53 43 24.6622
17 7 0.912
65 55 132.7185
96 86 17.5884
15 5 2.4318
21 11 6.6673
22 12 10.7305
15 5 0.1912
40 30 60.254
78 68 30.6279
26 16 18.7778
55 45 7.8443
109 99 0.1048
68 58 97.967
94 84 28.317
92 82 24.8476
78 68 69.5762
98 88 3.3144
99 89 1.4828
44 34 75.4936
74 64 110.0067
23 13 2.2258
16 6 3.8333
67 57 155.8833
32 22 16.405
38 28 68.4771
42 32 94.3113
60 50 183.6265
94 84 2.8897
65 55 176.7707
93 83 3.8401
22 12 1.2966
64 54 11.9834
89 79 42.1354
68 58 161.5815
103 93 1.4159
46 36 32.6184
55 45 128.1922
70 60 132.0898
69 59 138.7858
81 71 93.2643
62 52 244.5573
64 54 209.9121
69 59 48.2854
74 64 58.9714
16 6 1.7931
100 90 8.6568
27 17 15.0245
102 92 3.9599
103 93 4.1632
44 34 121.5061
21 11 5.9377
106 96 1.3074
95 85 14.7594
96 86 18.0419
49 39 135.9717
37 27 60.004
13 3 0.1426
93 83 26.5818
31 21 13.6138
21 11 3.9313
76 66 1.9788
108 98 0.3801
19 9 5.7784
90 80 35.3723
83 73 1.9953
41 31 32.1468
80 70 29.5997
63 53 205.2001
20 10 0.7815
29 19 12.1969
24 14 16.7471
71 61 137.5211
74 64 68.1092
49 39 48.1492
45 35 127.0478
103 93 3.4115
42 32 37.6368
30 20 5.8771
15 5 2.2886
85 75 67.2968
30 20 22.2903
96 86 8.5188
55 45 141.051
110 100 0.0
35 25 14.5889
88 78 35.3735
43 33 69.8555
20 10 0.907
91 81 7.4628
40 30 95.5371
40 30 67.8935
44 34 58.6284
