900 23063 9.9499
45 35 8.0055
12 2 0.0233
54 44 12.5536
16 6 0.1129
96 86 54.8237
46 36 12.5012
52 42 17.51
62 52 8.875
52 42 15.5252
87 77 37.8939
26 16 1.8526
27 17 1.0349
90 80 16.6611
61 51 15.885
29 19 3.212
98 88 56.4467
25 15 1.2087
77 67 39.338
17 7 0.3527
40 30 4.2498
11 1 0.0063
22 12 0.5898
68 58 21.9286
33 23 4.9533
37 27 4.1608
85 75 40.7695
16 6 0.2043
67 57 23.2112
82 72 27.7518
97 87 59.1884
58 48 13.0993
67 57 18.6512
91 81 51.4921
53 43 10.0794
15 5 0.1693
22 12 0.9649
33 23 2.8531
21 11 0.8068
83 73 34.2881
68 58 19.2888
81 71 48.8937
107 97 92.1005
68 58 22.354
105 95 30.2621
11 1 0.0055
84 74 47.6928
75 65 39.9032
22 12 0.4702
95 85 41.0176
19 9 0.6917
75 65 40.1487
92 82 25.6198
23 13 0.5161
53 43 6.3051
107 97 60.3713
36 26 2.6179
54 44 13.1356
69 59 16.6815
77 67 20.5209
94 84 24.4778
40 30 8.2323
86 76 27.6813
79 69 28.9304
82 72 38.7282
79 69 30.3458
73 63 20.927
110 100 50.4597
28 18 1.251
59 49 15.5204
86 76 33.9155
26 16 0.8588
12 2 0.0224
35 25 5.2505
109 99 88.4898
11 1 0.0089
46 36 9.2501
108 98 27.5394
34 24 5.7288
23 13 1.1338
33 23 3.5479
77 67 17.4089
52 42 7.8585
72 62 14.507
74 64 16.1958
108 98 48.9076
93 83 19.4887
52 42 7.122
55 45 19.8016
94 84 49.3647
54 44 15.8842
16 6 0.2454
22 12 0.7403
50 40 9.3007
93 83 26.107
56 46 7.4338
67 57 9.0902
14 4 0.0556
45 35 5.5909
39 29 3.8549
15 5 0.0978
40 30 4.0272
15 5 0.2108
68 58 17.5017
45 35 8.9347
23 13 0.489
76 66 13.0726
16 6 0.3452
57 47 8.3238
20 10 0.4237
36 26 4.6911
16 6 0.1097
79 69 17.9598
73 63 20.6434
105 95 56.6618
43 33 9.5945
87 77 27.2829
107 97 76.1029
17 7 0.1362
85 75 55.6785
88 78 19.2844
73 63 32.9763
47 37 13.6841
74 64 27.6918
91 81 26.8531
38 28 6.4984
28 18 0.9359
95 85 58.5179
72 62 16.8404
23 13 1.2325
28 18 3.0193
44 34 10.0648
105 95 64.505
15 5 0.1389
58 48 9.3226
37 27 3.0573
104 94 49.1023
108 98 83.0887
66 56 7.9705
60 50 12.6466
32 22 1.7769
73 63 32.8753
104 94 33.0027
85 75 15.8189
29 19 1.1649
26 16 0.7941
44 34 8.1316
43 33 4.0216
68 58 20.3563
16 6 0.1186
17 7 0.27
75 65 33.741
90 80 28.1674
12 2 0.0221
109 99 68.0097
108 98 73.1333
18 8 0.262
89 79 24.7198
35 25 3.1784
27 17 0.8228
31 21 1.6742
81 71 21.908
79 69 38.9688
62 52 22.2963
35 25 5.6663
28 18 2.6553
47 37 5.0787
20 10 0.547
85 75 34.8678
89 79 31.5125
53 43 7.7852
100 90 27.263
36 26 4.1429
15 5 0.1529
62 52 16.9785
41 31 5.3255
97 87 74.7896
102 92 23.3734
35 25 3.5066
33 23 4.1804
26 16 1.8187
28 18 1.6335
88 78 35.0168
93 83 25.1111
52 42 5.5197
52 42 7.5933
52 42 13.7167
65 55 21.6839
72 62 17.0222
44 34 6.223
32 22 2.0776
71 61 23.3376
78 68 18.1783
50 40 7.5906
84 74 16.2022
102 92 34.164
66 56 10.5073
20 10 0.8068
97 87 55.2673
24 14 1.4333
60 50 15.2787
102 92 51.4964
78 68 18.533
92 82 31.9157
85 75 19.872
69 59 11.9806
96 86 61.9778
60 50 14.2023
99 89 43.3398
98 88 27.5027
33 23 1.6905
19 9 0.4184
102 92 33.3125
45 35 10.8327
25 15 1.0822
56 46 5.8525
70 60 24.6473
80 70 19.938
27 17 2.628
57 47 9.532
57 47 16.9299
37 27 2.4417
40 30 4.6182
103 93 58.9716
68 58 16.4487
99 89 52.4002
38 28 7.4425
66 56 28.7704
96 86 46.6762
34 24 5.3167
53 43 12.7299
89 79 42.3502
82 72 24.0492
14 4 0.1124
20 10 0.7505
95 85 48.4374
67 57 18.5537
45 35 9.5722
21 11 0.3037
47 37 6.1852
74 64 15.1913
26 16 2.2931
48 38 12.0916
109 99 87.2674
80 70 15.7006
58 48 13.7011
98 88 21.4545
56 46 9.3563
46 36 4.0036
68 58 14.6812
28 18 1.3561
59 49 13.5328
97 87 40.4089
106 96 61.8299
60 50 10.4769
39 29 5.4906
109 99 84.0412
74 64 38.1047
83 73 15.627
98 88 20.4485
102 92 24.3059
53 43 8.8584
85 75 27.3215
18 8 0.3022
11 1 0.0063
98 88 56.3626
84 74 41.5561
66 56 18.9808
54 44 5.5961
36 26 4.9702
23 13 1.0412
95 85 43.8509
88 78 30.4285
74 64 36.68
87 77 27.1149
61 51 20.0704
28 18 2.4674
32 22 1.295
102 92 67.7329
64 54 24.9171
16 6 0.1472
69 59 28.7725
80 70 48.5921
54 44 12.093
75 65 17.5628
96 86 42.5013
94 84 44.7775
90 80 47.0747
50 40 11.3347
31 21 3.4514
34 24 3.5645
61 51 25.7993
37 27 3.9014
68 58 21.6681
11 1 0.0094
105 95 30.4958
108 98 30.8081
73 63 28.3705
97 87 70.2127
100 90 72.4048
82 72 28.263
34 24 5.3727
66 56 28.4644
107 97 77.4048
102 92 52.7003
81 71 32.3989
109 99 41.7045
90 80 31.3768
67 57 18.145
13 3 0.0467
101 91 58.3177
54 44 17.4473
24 14 1.3475
78 68 24.4847
50 40 7.9423
17 7 0.1447
98 88 42.9261
91 81 28.1812
79 69 28.5786
51 41 16.1532
55 45 13.7367
62 52 7.7813
64 54 8.1676
38 28 7.4862
34 24 5.6079
28 18 0.8208
49 39 13.0169
29 19 2.1972
33 23 4.1136
19 9 0.6162
13 3 0.0742
88 78 35.3668
104 94 39.9689
109 99 32.4775
101 91 61.9952
69 59 32.7012
97 87 24.7964
109 99 90.6742
24 14 1.5176
40 30 6.9043
47 37 9.7506
61 51 16.9571
108 98 80.8669
18 8 0.5277
66 56 20.7234
62 52 18.5132
100 90 36.7563
80 70 13.7634
79 69 15.9688
110 100 47.0706
14 4 0.1309
102 92 73.5358
61 51 21.4184
33 23 1.9673
96 86 30.1632
40 30 7.5999
37 27 3.6401
108 98 90.5752
20 10 0.5354
98 88 65.309
55 45 13.1319
36 26 3.2281
78 68 43.4742
11 1 0.0057
25 15 1.0687
57 47 18.8443
25 15 1.7295
108 98 28.5209
98 88 24.111
86 76 32.7802
88 78 20.7626
18 8 0.6397
56 46 17.7974
25 15 1.0341
13 3 0.0367
34 24 1.8684
14 4 0.089
50 40 4.2601
107 97 34.0729
55 45 17.2881
21 11 0.831
103 93 29.7505
70 60 13.2125
23 13 0.8481
63 53 14.4719
54 44 18.4496
44 34 8.0027
77 67 34.7216
70 60 35.4406
53 43 8.9575
78 68 31.7746
84 74 46.5083
23 13 0.6379
89 79 19.251
16 6 0.1343
68 58 12.6537
19 9 0.5791
94 84 43.5296
14 4 0.0993
108 98 59.6973
74 64 17.0255
82 72 48.6423
80 70 36.1874
25 15 1.8794
35 25 3.1934
98 88 66.1912
72 62 24.2862
59 49 20.6625
76 66 42.2175
82 72 23.6274
15 5 0.211
99 89 22.0271
100 90 53.745
60 50 14.9645
93 83 57.2398
102 92 31.0316
75 65 14.1166
79 69 16.9719
22 12 1.3736
69 59 25.3532
55 45 5.3167
104 94 76.1291
105 95 36.3898
104 94 55.9205
96 86 52.1688
46 36 11.743
68 58 16.1066
85 75 30.9926
57 47 11.1917
29 19 1.5846
61 51 20.5717
52 42 6.5926
11 1 0.0093
101 91 51.2613
27 17 2.0627
48 38 8.1664
71 61 9.5462
101 91 26.1336
51 41 14.9313
86 76 24.5976
99 89 61.2385
26 16 1.1141
75 65 20.9581
103 93 41.9438
16 6 0.1226
93 83 58.4812
60 50 15.3045
50 40 11.3448
53 43 16.9415
32 22 1.5104
58 48 17.8523
110 100 73.8568
33 23 3.4066
23 13 1.5055
78 68 15.408
99 89 24.9271
42 32 6.8225
13 3 0.0678
70 60 18.0787
63 53 24.5243
101 91 74.8433
48 38 3.8707
108 98 72.148
102 92 54.2476
38 28 2.4
44 34 3.0286
90 80 19.8702
83 73 32.9258
47 37 4.1412
88 78 49.797
109 99 85.3462
21 11 0.4141
110 100 35.9041
84 74 45.5774
25 15 0.5868
40 30 3.3095
69 59 33.6574
16 6 0.1705
66 56 11.9813
110 100 26.9943
87 77 48.5391
69 59 8.7983
98 88 73.1983
56 46 9.2818
106 96 52.3134
100 90 41.9295
20 10 0.4878
18 8 0.2361
65 55 22.6852
30 20 1.2668
109 99 38.7145
101 91 58.9179
77 67 22.0139
92 82 36.0228
52 42 4.5063
37 27 4.9689
44 34 3.0895
37 27 5.182
24 14 1.8039
15 5 0.2287
16 6 0.0947
38 28 6.1172
40 30 5.5512
48 38 13.6065
89 79 38.5057
77 67 14.9506
52 42 11.8336
68 58 11.4427
60 50 16.5763
59 49 20.0919
20 10 0.9421
66 56 8.8613
76 66 11.3401
48 38 7.7184
36 26 6.259
75 65 10.6877
83 73 31.6879
101 91 26.3888
104 94 36.8898
97 87 22.122
62 52 25.4278
78 68 33.7062
69 59 11.5179
92 82 41.5999
79 69 36.7624
65 55 28.3343
19 9 0.2371
53 43 14.6406
89 79 56.9059
39 29 6.3313
99 89 44.4622
41 31 7.2868
52 42 15.8141
97 87 28.6268
102 92 59.2977
47 37 4.7254
94 84 37.5058
91 81 20.0247
17 7 0.4528
96 86 33.7375
27 17 1.025
91 81 25.6492
44 34 6.5076
42 32 9.2313
52 42 8.589
79 69 40.937
45 35 3.2533
32 22 3.005
89 79 61.3073
29 19 1.852
27 17 2.2892
67 57 19.9318
110 100 73.4072
42 32 4.7559
82 72 27.066
109 99 86.3487
29 19 1.497
28 18 1.189
23 13 0.4555
71 61 22.0224
48 38 7.5625
104 94 36.2404
44 34 3.222
106 96 39.9209
61 51 16.7477
94 84 62.9849
59 49 21.6644
65 55 12.9643
18 8 0.1665
100 90 54.1608
32 22 1.3359
106 96 63.4396
34 24 1.8507
58 48 22.4145
18 8 0.5326
68 58 24.3246
35 25 2.5744
92 82 21.6923
63 53 7.2787
96 86 19.7509
15 5 0.1674
23 13 0.4754
101 91 34.4792
62 52 8.8025
63 53 13.892
55 45 10.6009
64 54 10.1806
46 36 4.5621
50 40 11.6002
30 20 2.5555
36 26 3.7935
79 69 21.1904
85 75 22.303
41 31 8.7575
110 100 47.6997
99 89 44.7775
18 8 0.3349
63 53 12.7549
100 90 21.1802
34 24 4.551
89 79 51.84
89 79 53.8756
42 32 3.0821
19 9 0.2145
37 27 4.5779
96 86 56.5414
59 49 18.8339
48 38 4.4804
93 83 65.2509
29 19 1.3823
68 58 33.4234
97 87 49.3338
107 97 82.0093
13 3 0.0817
13 3 0.0419
108 98 37.6922
75 65 16.8018
25 15 2.1762
41 31 3.3463
84 74 47.0294
60 50 10.0191
56 46 5.6782
79 69 40.6891
96 86 42.5887
101 91 44.6438
21 11 0.5181
39 29 6.3277
98 88 30.0052
33 23 1.9544
69 59 18.0982
102 92 45.7652
47 37 11.3576
54 44 9.9212
69 59 33.097
40 30 7.4142
39 29 2.1836
108 98 47.1818
83 73 40.5756
17 7 0.2855
15 5 0.0746
86 76 30.0205
54 44 8.6107
94 84 39.9968
101 91 82.5445
74 64 22.5644
44 34 10.1589
81 71 13.1566
83 73 17.5142
109 99 57.9273
11 1 0.0029
50 40 10.8656
42 32 4.9133
55 45 10.4523
47 37 5.7025
63 53 12.2556
98 88 26.8314
34 24 1.9763
99 89 26.7817
75 65 18.4144
21 11 0.7145
84 74 38.2406
43 33 9.7201
99 89 52.7715
110 100 35.8023
91 81 34.3185
79 69 15.3742
105 95 30.2786
40 30 3.9093
83 73 25.054
96 86 47.1571
17 7 0.3549
66 56 13.9293
28 18 0.8731
74 64 15.4945
46 36 9.9856
17 7 0.2135
86 76 33.4431
105 95 68.8004
12 2 0.0337
110 100 38.7656
84 74 13.6974
75 65 15.8595
37 27 5.2785
76 66 28.6428
107 97 32.0367
101 91 53.1062
61 51 13.9794
90 80 21.3564
24 14 0.7066
101 91 41.0996
44 34 9.874
16 6 0.2583
50 40 8.3215
73 63 30.1061
49 39 4.4762
102 92 64.2402
93 83 29.1147
24 14 1.8133
106 96 31.1386
20 10 0.3819
93 83 55.4876
97 87 28.8519
37 27 5.5437
77 67 39.9133
14 4 0.0407
53 43 13.8339
53 43 6.9132
35 25 2.4658
107 97 86.4584
66 56 19.6152
36 26 2.0124
26 16 1.3053
51 41 7.1289
31 21 4.0457
77 67 34.4933
106 96 39.4133
41 31 3.8169
96 86 22.8627
79 69 16.1307
63 53 23.9708
34 24 4.1481
89 79 38.6424
52 42 8.9958
89 79 17.4223
72 62 12.5947
23 13 0.6183
88 78 52.2657
31 21 4.3777
95 85 21.6411
72 62 14.4461
57 47 13.0538
20 10 0.6571
36 26 3.9014
33 23 2.4787
15 5 0.2208
61 51 8.2174
69 59 9.1186
34 24 2.1494
45 35 6.029
58 48 19.3415
75 65 13.5755
37 27 5.9614
36 26 3.778
55 45 17.9759
91 81 34.856
108 98 38.4239
32 22 2.6896
33 23 2.6844
47 37 4.3694
63 53 16.9901
67 57 12.6359
104 94 61.0227
17 7 0.1748
106 96 72.0343
61 51 11.4846
52 42 6.9685
106 96 86.2465
60 50 16.8436
40 30 8.4722
36 26 2.9262
72 62 24.3957
98 88 24.3424
107 97 70.424
56 46 9.1077
37 27 6.8466
20 10 0.636
59 49 21.2226
80 70 46.7254
49 39 9.61
46 36 6.8278
14 4 0.0535
76 66 30.15
23 13 1.4144
81 71 38.7108
59 49 21.525
19 9 0.2751
32 22 3.7566
105 95 38.7083
73 63 10.4879
48 38 3.7025
19 9 0.7797
59 49 7.5554
99 89 68.5385
72 62 18.748
56 46 16.6382
85 75 42.7585
69 59 21.5083
106 96 56.0103
54 44 8.9485
15 5 0.1311
24 14 0.5404
15 5 0.1014
98 88 48.6729
27 17 1.6638
49 39 6.3469
39 29 3.1099
33 23 3.9006
40 30 4.4012
27 17 0.9388
106 96 45.5099
60 50 9.431
72 62 31.161
49 39 10.8011
84 74 50.3163
102 92 74.0977
53 43 13.9951
65 55 20.3194
85 75 50.0698
61 51 6.5685
64 54 20.2518
24 14 0.5367
15 5 0.1778
73 63 17.1744
43 33 9.5382
80 70 13.378
14 4 0.0446
86 76 36.2019
61 51 18.5571
16 6 0.2072
73 63 24.0198
16 6 0.238
62 52 15.4017
17 7 0.3136
57 47 11.169
82 72 19.266
29 19 1.5173
17 7 0.2309
83 73 24.555
40 30 3.0286
96 86 61.1555
15 5 0.0699
23 13 0.6639
108 98 52.0202
60 50 19.6692
16 6 0.2123
110 100 36.2789
95 85 39.2515
48 38 5.5328
83 73 20.5989
47 37 12.3756
56 46 19.7998
28 18 3.2166
99 89 46.8677
104 94 65.2379
101 91 71.4346
36 26 4.1262
67 57 18.054
94 84 38.9626
57 47 21.7296
38 28 2.7218
73 63 23.3763
40 30 4.1543
38 28 7.5763
43 33 5.0069
98 88 59.7529
31 21 3.1142
99 89 60.8993
46 36 9.3422
28 18 1.2602
86 76 32.5927
25 15 0.6844
77 67 28.7543
103 93 54.4629
30 20 3.1131
74 64 36.2886
56 46 20.3798
89 79 31.97
26 16 0.7758
15 5 0.2177
49 39 13.0372
69 59 21.4323
43 33 3.5725
22 12 0.7859
86 76 32.9522
104 94 45.8018
80 70 26.4062
78 68 21.7342
18 8 0.6285
12 2 0.0219
61 51 24.3829
16 6 0.2034
88 78 16.9851
55 45 7.1776
38 28 7.049
72 62 12.5118
44 34 3.4292
77 67 28.5861
43 33 10.6498
97 87 22.5369
55 45 6.7444
93 83 40.5667
73 63 11.0942
26 16 1.8761
82 72 18.8764
12 2 0.0344
51 41 5.0792
90 80 32.0877
98 88 35.8382
99 89 71.7629
43 33 4.2271
69 59 33.0464
