100 2497 9.9499
34 24 5.3333
54 44 13.8771
21 11 0.6793
83 73 18.5658
109 99 33.0464
79 69 14.7663
61 51 11.5002
59 49 9.0048
75 65 27.116
40 30 2.9884
16 6 0.1094
22 12 0.7702
60 50 8.7001
12 2 0.0205
20 10 0.3721
24 14 0.6227
76 66 42.9772
74 64 24.0188
32 22 3.4973
48 38 12.0784
14 4 0.1359
28 18 2.651
17 7 0.2962
30 20 3.0885
96 86 31.7172
109 99 56.2755
106 96 67.9718
81 71 19.0445
84 74 27.0462
105 95 40.0284
67 57 16.6227
108 98 35.4596
32 22 4.7768
35 25 3.0646
76 66 38.9626
82 72 18.1629
26 16 0.7774
32 22 2.9033
53 43 5.5635
52 42 4.9262
41 31 8.7114
45 35 4.2808
99 89 39.2665
38 28 3.6822
35 25 4.4306
37 27 6.1573
44 34 4.4605
73 63 27.3236
24 14 0.6448
11 1 0.0096
15 5 0.2337
61 51 19.5638
48 38 11.4508
15 5 0.1227
108 98 66.2922
76 66 36.338
92 82 48.475
61 51 9.6858
11 1 0.0031
60 50 17.51
41 31 4.6105
94 84 42.8802
64 54 12.4327
89 79 56.8079
91 81 25.018
102 92 32.0005
81 71 37.452
15 5 0.1359
40 30 4.3485
70 60 27.19
72 62 15.4386
107 97 48.0915
108 98 68.292
75 65 33.0303
96 86 25.7932
104 94 54.8992
31 21 2.6484
40 30 2.6556
70 60 25.1362
61 51 15.5899
39 29 3.9363
95 85 66.5399
66 56 11.5736
101 91 22.5749
31 21 2.4514
19 9 0.4617
96 86 42.1266
99 89 20.4078
60 50 18.8347
26 16 1.2674
98 88 32.8157
104 94 58.1818
82 72 17.181
103 93 70.8796
95 85 61.7875
35 25 5.1934
22 12 0.6169
28 18 0.8389
16 6 0.0922
103 93 27.5961
