900 22881 9.9499
55 55 30.25
72 72 51.84
26 26 6.76
40 40 16.0
49 49 24.01
92 92 84.64
89 89 79.21
75 75 56.25
66 66 43.56
86 86 73.96
80 80 64.0
57 57 32.49
94 94 88.36
48 48 23.04
14 14 1.96
49 49 24.01
35 35 12.25
83 83 68.89
43 43 18.49
21 21 4.41
82 82 67.24
74 74 54.76
10 10 1.0
92 92 84.64
28 28 7.84
32 32 10.24
42 42 17.64
19 19 3.61
1 1 0.01
22 22 4.84
45 45 20.25
30 30 9.0
38 38 14.44
29 29 8.41
33 33 10.89
46 46 21.16
51 51 26.01
69 69 47.61
81 81 65.61
81 81 65.61
17 17 2.89
56 56 31.36
74 74 54.76
70 70 49.0
12 12 1.44
36 36 12.96
85 85 72.25
60 60 36.0
56 56 31.36
67 67 44.89
61 61 37.21
80 80 64.0
67 67 44.89
47 47 22.09
50 50 25.0
90 90 81.0
75 75 56.25
4 4 0.16
53 53 28.09
89 89 79.21
23 23 5.29
55 55 30.25
85 85 72.25
58 58 33.64
9 9 0.81
15 15 2.25
97 97 94.09
2 2 0.04
96 96 92.16
97 97 94.09
14 14 1.96
82 82 67.24
51 51 26.01
39 39 15.21
99 99 98.01
44 44 19.36
48 48 23.04
59 59 34.81
45 45 20.25
11 11 1.21
93 93 86.49
10 10 1.0
67 67 44.89
97 97 94.09
71 71 50.41
46 46 21.16
41 41 16.81
91 91 82.81
35 35 12.25
52 52 27.04
2 2 0.04
17 17 2.89
79 79 62.41
18 18 3.24
33 33 10.89
2 2 0.04
28 28 7.84
95 95 90.25
55 55 30.25
38 38 14.44
35 35 12.25
50 50 25.0
34 34 11.56
72 72 51.84
85 85 72.25
65 65 42.25
2 2 0.04
11 11 1.21
68 68 46.24
37 37 13.69
48 48 23.04
28 28 7.84
79 79 62.41
92 92 84.64
40 40 16.0
50 50 25.0
73 73 53.29
88 88 77.44
80 80 64.0
74 74 54.76
86 86 73.96
54 54 29.16
40 40 16.0
73 73 53.29
89 89 79.21
1 1 0.01
97 97 94.09
12 12 1.44
64 64 40.96
77 77 59.29
58 58 33.64
89 89 79.21
95 95 90.25
82 82 67.24
59 59 34.81
74 74 54.76
56 56 31.36
61 61 37.21
73 73 53.29
86 86 73.96
100 100 100.0
36 36 12.96
100 100 100.0
37 37 13.69
9 9 0.81
49 49 24.01
70 70 49.0
87 87 75.69
30 30 9.0
28 28 7.84
35 35 12.25
48 48 23.04
98 98 96.04
64 64 40.96
53 53 28.09
44 44 19.36
76 76 57.76
42 42 17.64
1 1 0.01
82 82 67.24
28 28 7.84
72 72 51.84
49 49 24.01
35 35 12.25
99 99 98.01
83 83 68.89
8 8 0.64
30 30 9.0
27 27 7.29
43 43 18.49
84 84 70.56
76 76 57.76
28 28 7.84
99 99 98.01
16 16 2.56
87 87 75.69
39 39 15.21
26 26 6.76
37 37 13.69
92 92 84.64
3 3 0.09
25 25 6.25
46 46 21.16
20 20 4.0
49 49 24.01
42 42 17.64
35 35 12.25
10 10 1.0
18 18 3.24
78 78 60.84
5 5 0.25
29 29 8.41
63 63 39.69
4 4 0.16
63 63 39.69
23 23 5.29
70 70 49.0
13 13 1.69
92 92 84.64
54 54 29.16
23 23 5.29
58 58 33.64
96 96 92.16
46 46 21.16
95 95 90.25
9 9 0.81
17 17 2.89
55 55 30.25
34 34 11.56
55 55 30.25
6 6 0.36
68 68 46.24
93 93 86.49
10 10 1.0
100 100 100.0
30 30 9.0
76 76 57.76
39 39 15.21
18 18 3.24
5 5 0.25
69 69 47.61
6 6 0.36
68 68 46.24
60 60 36.0
90 90 81.0
49 49 24.01
29 29 8.41
45 45 20.25
81 81 65.61
15 15 2.25
28 28 7.84
22 22 4.84
41 41 16.81
78 78 60.84
58 58 33.64
95 95 90.25
7 7 0.49
73 73 53.29
61 61 37.21
64 64 40.96
69 69 47.61
63 63 39.69
94 94 88.36
21 21 4.41
58 58 33.64
40 40 16.0
13 13 1.69
50 50 25.0
69 69 47.61
22 22 4.84
65 65 42.25
57 57 32.49
71 71 50.41
45 45 20.25
59 59 34.81
88 88 77.44
83 83 68.89
7 7 0.49
45 45 20.25
67 67 44.89
6 6 0.36
59 59 34.81
87 87 75.69
48 48 23.04
43 43 18.49
76 76 57.76
89 89 79.21
19 19 3.61
46 46 21.16
29 29 8.41
6 6 0.36
6 6 0.36
90 90 81.0
14 14 1.96
26 26 6.76
62 62 38.44
94 94 88.36
65 65 42.25
70 70 49.0
48 48 23.04
80 80 64.0
54 54 29.16
41 41 16.81
47 47 22.09
60 60 36.0
53 53 28.09
72 72 51.84
8 8 0.64
75 75 56.25
40 40 16.0
76 76 57.76
76 76 57.76
88 88 77.44
65 65 42.25
57 57 32.49
30 30 9.0
75 75 56.25
58 58 33.64
77 77 59.29
38 38 14.44
88 88 77.44
31 31 9.61
82 82 67.24
74 74 54.76
89 89 79.21
98 98 96.04
92 92 84.64
47 47 22.09
43 43 18.49
35 35 12.25
2 2 0.04
29 29 8.41
84 84 70.56
83 83 68.89
35 35 12.25
22 22 4.84
34 34 11.56
38 38 14.44
89 89 79.21
67 67 44.89
68 68 46.24
55 55 30.25
80 80 64.0
98 98 96.04
58 58 33.64
84 84 70.56
32 32 10.24
77 77 59.29
58 58 33.64
29 29 8.41
31 31 9.61
28 28 7.84
71 71 50.41
30 30 9.0
31 31 9.61
49 49 24.01
41 41 16.81
73 73 53.29
75 75 56.25
2 2 0.04
30 30 9.0
50 50 25.0
66 66 43.56
98 98 96.04
10 10 1.0
16 16 2.56
96 96 92.16
17 17 2.89
7 7 0.49
9 9 0.81
95 95 90.25
13 13 1.69
12 12 1.44
41 41 16.81
23 23 5.29
88 88 77.44
30 30 9.0
34 34 11.56
91 91 82.81
21 21 4.41
78 78 60.84
63 63 39.69
71 71 50.41
86 86 73.96
48 48 23.04
35 35 12.25
31 31 9.61
19 19 3.61
98 98 96.04
1 1 0.01
81 81 65.61
68 68 46.24
34 34 11.56
40 40 16.0
62 62 38.44
32 32 10.24
70 70 49.0
64 64 40.96
28 28 7.84
76 76 57.76
4 4 0.16
62 62 38.44
90 90 81.0
43 43 18.49
12 12 1.44
85 85 72.25
28 28 7.84
47 47 22.09
9 9 0.81
37 37 13.69
99 99 98.01
30 30 9.0
8 8 0.64
23 23 5.29
91 91 82.81
69 69 47.61
12 12 1.44
47 47 22.09
16 16 2.56
30 30 9.0
67 67 44.89
65 65 42.25
89 89 79.21
20 20 4.0
90 90 81.0
71 71 50.41
2 2 0.04
21 21 4.41
3 3 0.09
88 88 77.44
86 86 73.96
64 64 40.96
11 11 1.21
45 45 20.25
46 46 21.16
26 26 6.76
98 98 96.04
82 82 67.24
6 6 0.36
21 21 4.41
20 20 4.0
66 66 43.56
24 24 5.76
50 50 25.0
87 87 75.69
66 66 43.56
2 2 0.04
60 60 36.0
77 77 59.29
66 66 43.56
89 89 79.21
3 3 0.09
49 49 24.01
47 47 22.09
19 19 3.61
14 14 1.96
13 13 1.69
32 32 10.24
9 9 0.81
64 64 40.96
99 99 98.01
46 46 21.16
31 31 9.61
61 61 37.21
82 82 67.24
52 52 27.04
99 99 98.01
57 57 32.49
12 12 1.44
34 34 11.56
29 29 8.41
9 9 0.81
98 98 96.04
24 24 5.76
16 16 2.56
11 11 1.21
78 78 60.84
74 74 54.76
67 67 44.89
23 23 5.29
34 34 11.56
37 37 13.69
58 58 33.64
75 75 56.25
7 7 0.49
55 55 30.25
6 6 0.36
68 68 46.24
55 55 30.25
99 99 98.01
5 5 0.25
34 34 11.56
3 3 0.09
46 46 21.16
55 55 30.25
22 22 4.84
84 84 70.56
18 18 3.24
51 51 26.01
91 91 82.81
2 2 0.04
41 41 16.81
25 25 6.25
15 15 2.25
67 67 44.89
73 73 53.29
33 33 10.89
14 14 1.96
57 57 32.49
80 80 64.0
23 23 5.29
35 35 12.25
39 39 15.21
9 9 0.81
56 56 31.36
7 7 0.49
46 46 21.16
85 85 72.25
59 59 34.81
39 39 15.21
34 34 11.56
46 46 21.16
17 17 2.89
73 73 53.29
14 14 1.96
6 6 0.36
48 48 23.04
40 40 16.0
24 24 5.76
47 47 22.09
14 14 1.96
87 87 75.69
20 20 4.0
69 69 47.61
58 58 33.64
21 21 4.41
34 34 11.56
66 66 43.56
85 85 72.25
75 75 56.25
73 73 53.29
74 74 54.76
65 65 42.25
98 98 96.04
83 83 68.89
1 1 0.01
33 33 10.89
54 54 29.16
43 43 18.49
22 22 4.84
15 15 2.25
52 52 27.04
53 53 28.09
73 73 53.29
91 91 82.81
49 49 24.01
9 9 0.81
100 100 100.0
24 24 5.76
94 94 88.36
58 58 33.64
2 2 0.04
33 33 10.89
27 27 7.29
56 56 31.36
55 55 30.25
96 96 92.16
12 12 1.44
39 39 15.21
30 30 9.0
91 91 82.81
23 23 5.29
85 85 72.25
6 6 0.36
41 41 16.81
80 80 64.0
3 3 0.09
40 40 16.0
50 50 25.0
52 52 27.04
98 98 96.04
21 21 4.41
59 59 34.81
88 88 77.44
71 71 50.41
16 16 2.56
32 32 10.24
54 54 29.16
20 20 4.0
83 83 68.89
90 90 81.0
48 48 23.04
10 10 1.0
80 80 64.0
10 10 1.0
29 29 8.41
46 46 21.16
3 3 0.09
96 96 92.16
69 69 47.61
52 52 27.04
49 49 24.01
14 14 1.96
37 37 13.69
92 92 84.64
12 12 1.44
79 79 62.41
86 86 73.96
32 32 10.24
97 97 94.09
34 34 11.56
11 11 1.21
64 64 40.96
48 48 23.04
59 59 34.81
9 9 0.81
11 11 1.21
18 18 3.24
26 26 6.76
75 75 56.25
48 48 23.04
23 23 5.29
84 84 70.56
12 12 1.44
56 56 31.36
90 90 81.0
85 85 72.25
71 71 50.41
91 91 82.81
7 7 0.49
26 26 6.76
7 7 0.49
65 65 42.25
79 79 62.41
77 77 59.29
90 90 81.0
52 52 27.04
69 69 47.61
57 57 32.49
79 79 62.41
45 45 20.25
15 15 2.25
50 50 25.0
50 50 25.0
37 37 13.69
47 47 22.09
94 94 88.36
77 77 59.29
8 8 0.64
95 95 90.25
48 48 23.04
70 70 49.0
53 53 28.09
21 21 4.41
22 22 4.84
94 94 88.36
35 35 12.25
30 30 9.0
3 3 0.09
51 51 26.01
27 27 7.29
50 50 25.0
62 62 38.44
15 15 2.25
42 42 17.64
66 66 43.56
50 50 25.0
18 18 3.24
30 30 9.0
63 63 39.69
90 90 81.0
67 67 44.89
10 10 1.0
81 81 65.61
30 30 9.0
50 50 25.0
41 41 16.81
72 72 51.84
49 49 24.01
84 84 70.56
26 26 6.76
66 66 43.56
42 42 17.64
60 60 36.0
47 47 22.09
94 94 88.36
29 29 8.41
14 14 1.96
36 36 12.96
36 36 12.96
71 71 50.41
34 34 11.56
45 45 20.25
39 39 15.21
37 37 13.69
50 50 25.0
30 30 9.0
25 25 6.25
81 81 65.61
75 75 56.25
89 89 79.21
83 83 68.89
65 65 42.25
79 79 62.41
4 4 0.16
75 75 56.25
56 56 31.36
91 91 82.81
77 77 59.29
83 83 68.89
93 93 86.49
100 100 100.0
54 54 29.16
61 61 37.21
96 96 92.16
2 2 0.04
5 5 0.25
80 80 64.0
56 56 31.36
83 83 68.89
100 100 100.0
59 59 34.81
64 64 40.96
61 61 37.21
77 77 59.29
33 33 10.89
99 99 98.01
68 68 46.24
100 100 100.0
61 61 37.21
41 41 16.81
65 65 42.25
97 97 94.09
49 49 24.01
64 64 40.96
7 7 0.49
91 91 82.81
70 70 49.0
38 38 14.44
26 26 6.76
75 75 56.25
52 52 27.04
49 49 24.01
65 65 42.25
59 59 34.81
27 27 7.29
81 81 65.61
78 78 60.84
58 58 33.64
52 52 27.04
13 13 1.69
51 51 26.01
54 54 29.16
82 82 67.24
91 91 82.81
80 80 64.0
81 81 65.61
18 18 3.24
59 59 34.81
89 89 79.21
54 54 29.16
21 21 4.41
34 34 11.56
12 12 1.44
10 10 1.0
81 81 65.61
73 73 53.29
53 53 28.09
50 50 25.0
52 52 27.04
84 84 70.56
75 75 56.25
37 37 13.69
6 6 0.36
97 97 94.09
91 91 82.81
17 17 2.89
72 72 51.84
48 48 23.04
70 70 49.0
9 9 0.81
39 39 15.21
45 45 20.25
29 29 8.41
41 41 16.81
37 37 13.69
36 36 12.96
98 98 96.04
3 3 0.09
23 23 5.29
25 25 6.25
22 22 4.84
67 67 44.89
57 57 32.49
86 86 73.96
52 52 27.04
78 78 60.84
84 84 70.56
46 46 21.16
79 79 62.41
4 4 0.16
2 2 0.04
80 80 64.0
36 36 12.96
34 34 11.56
4 4 0.16
100 100 100.0
68 68 46.24
63 63 39.69
49 49 24.01
12 12 1.44
59 59 34.81
79 79 62.41
44 44 19.36
52 52 27.04
28 28 7.84
65 65 42.25
12 12 1.44
94 94 88.36
44 44 19.36
92 92 84.64
26 26 6.76
4 4 0.16
99 99 98.01
18 18 3.24
56 56 31.36
71 71 50.41
11 11 1.21
57 57 32.49
10 10 1.0
28 28 7.84
47 47 22.09
37 37 13.69
50 50 25.0
23 23 5.29
57 57 32.49
7 7 0.49
69 69 47.61
58 58 33.64
2 2 0.04
15 15 2.25
64 64 40.96
100 100 100.0
38 38 14.44
3 3 0.09
99 99 98.01
3 3 0.09
1 1 0.01
32 32 10.24
33 33 10.89
87 87 75.69
1 1 0.01
100 100 100.0
76 76 57.76
44 44 19.36
89 89 79.21
100 100 100.0
71 71 50.41
41 41 16.81
22 22 4.84
94 94 88.36
52 52 27.04
41 41 16.81
4 4 0.16
41 41 16.81
37 37 13.69
96 96 92.16
8 8 0.64
99 99 98.01
49 49 24.01
33 33 10.89
52 52 27.04
63 63 39.69
48 48 23.04
14 14 1.96
52 52 27.04
38 38 14.44
41 41 16.81
20 20 4.0
45 45 20.25
28 28 7.84
78 78 60.84
11 11 1.21
59 59 34.81
47 47 22.09
6 6 0.36
52 52 27.04
55 55 30.25
67 67 44.89
83 83 68.89
65 65 42.25
76 76 57.76
23 23 5.29
58 58 33.64
17 17 2.89
4 4 0.16
15 15 2.25
80 80 64.0
60 60 36.0
58 58 33.64
25 25 6.25
21 21 4.41
98 98 96.04
82 82 67.24
60 60 36.0
23 23 5.29
79 79 62.41
86 86 73.96
36 36 12.96
100 100 100.0
5 5 0.25
74 74 54.76
85 85 72.25
93 93 86.49
76 76 57.76
11 11 1.21
81 81 65.61
64 64 40.96
7 7 0.49
32 32 10.24
