900 22552 4.3589
2 2 0.04
61 61 37.21
73 73 53.29
87 87 75.69
79 79 62.41
52 52 27.04
26 26 6.76
18 18 3.24
48 48 23.04
22 22 4.84
18 18 3.24
5 5 0.25
87 87 75.69
12 12 1.44
93 93 86.49
40 40 16.0
44 44 19.36
54 54 29.16
82 82 67.24
90 90 81.0
35 35 12.25
29 29 8.41
64 64 40.96
77 77 59.29
18 18 3.24
55 55 30.25
55 55 30.25
60 60 36.0
84 84 70.56
56 56 31.36
49 49 24.01
85 85 72.25
34 34 11.56
59 59 34.81
22 22 4.84
51 51 26.01
71 71 50.41
72 72 51.84
40 40 16.0
16 16 2.56
8 8 0.64
28 28 7.84
75 75 56.25
58 58 33.64
83 83 68.89
65 65 42.25
29 29 8.41
99 99 98.01
76 76 57.76
59 59 34.81
71 71 50.41
50 50 25.0
44 44 19.36
54 54 29.16
37 37 13.69
95 95 90.25
38 38 14.44
88 88 77.44
43 43 18.49
67 67 44.89
56 56 31.36
30 30 9.0
21 21 4.41
35 35 12.25
39 39 15.21
49 49 24.01
44 44 19.36
6 6 0.36
23 23 5.29
22 22 4.84
11 11 1.21
69 69 47.61
70 70 49.0
44 44 19.36
89 89 79.21
26 26 6.76
89 89 79.21
43 43 18.49
66 66 43.56
36 36 12.96
62 62 38.44
75 75 56.25
60 60 36.0
57 57 32.49
23 23 5.29
54 54 29.16
6 6 0.36
83 83 68.89
33 33 10.89
37 37 13.69
76 76 57.76
96 96 92.16
60 60 36.0
77 77 59.29
67 67 44.89
15 15 2.25
63 63 39.69
92 92 84.64
67 67 44.89
53 53 28.09
100 100 100.0
10 10 1.0
9 9 0.81
53 53 28.09
47 47 22.09
90 90 81.0
76 76 57.76
21 21 4.41
61 61 37.21
41 41 16.81
50 50 25.0
6 6 0.36
90 90 81.0
11 11 1.21
76 76 57.76
98 98 96.04
9 9 0.81
70 70 49.0
78 78 60.84
20 20 4.0
2 2 0.04
75 75 56.25
96 96 92.16
25 25 6.25
54 54 29.16
38 38 14.44
93 93 86.49
22 22 4.84
81 81 65.61
68 68 46.24
5 5 0.25
73 73 53.29
30 30 9.0
69 69 47.61
48 48 23.04
38 38 14.44
11 11 1.21
27 27 7.29
96 96 92.16
78 78 60.84
95 95 90.25
98 98 96.04
49 49 24.01
26 26 6.76
66 66 43.56
65 65 42.25
8 8 0.64
84 84 70.56
83 83 68.89
32 32 10.24
5 5 0.25
28 28 7.84
73 73 53.29
19 19 3.61
40 40 16.0
64 64 40.96
4 4 0.16
23 23 5.29
76 76 57.76
37 37 13.69
16 16 2.56
81 81 65.61
1 1 0.01
1 1 0.01
50 50 25.0
20 20 4.0
52 52 27.04
73 73 53.29
80 80 64.0
38 38 14.44
64 64 40.96
21 21 4.41
90 90 81.0
92 92 84.64
32 32 10.24
44 44 19.36
25 25 6.25
3 3 0.09
61 61 37.21
88 88 77.44
86 86 73.96
2 2 0.04
72 72 51.84
23 23 5.29
72 72 51.84
91 91 82.81
86 86 73.96
25 25 6.25
7 7 0.49
86 86 73.96
88 88 77.44
93 93 86.49
17 17 2.89
48 48 23.04
14 14 1.96
61 61 37.21
69 69 47.61
48 48 23.04
33 33 10.89
68 68 46.24
91 91 82.81
1 1 0.01
80 80 64.0
60 60 36.0
83 83 68.89
73 73 53.29
14 14 1.96
31 31 9.61
78 78 60.84
47 47 22.09
94 94 88.36
41 41 16.81
96 96 92.16
61 61 37.21
11 11 1.21
64 64 40.96
94 94 88.36
80 80 64.0
79 79 62.41
79 79 62.41
85 85 72.25
78 78 60.84
42 42 17.64
14 14 1.96
10 10 1.0
60 60 36.0
60 60 36.0
4 4 0.16
30 30 9.0
100 100 100.0
14 14 1.96
92 92 84.64
99 99 98.01
97 97 94.09
17 17 2.89
92 92 84.64
69 69 47.61
51 51 26.01
55 55 30.25
63 63 39.69
68 68 46.24
27 27 7.29
100 100 100.0
24 24 5.76
42 42 17.64
37 37 13.69
89 89 79.21
92 92 84.64
58 58 33.64
83 83 68.89
88 88 77.44
7 7 0.49
7 7 0.49
91 91 82.81
17 17 2.89
23 23 5.29
31 31 9.61
54 54 29.16
71 71 50.41
82 82 67.24
100 100 100.0
100 100 100.0
58 58 33.64
60 60 36.0
14 14 1.96
45 45 20.25
92 92 84.64
16 16 2.56
52 52 27.04
20 20 4.0
2 2 0.04
37 37 13.69
22 22 4.84
97 97 94.09
70 70 49.0
83 83 68.89
29 29 8.41
68 68 46.24
3 3 0.09
3 3 0.09
22 22 4.84
77 77 59.29
89 89 79.21
62 62 38.44
14 14 1.96
29 29 8.41
55 55 30.25
85 85 72.25
17 17 2.89
21 21 4.41
62 62 38.44
58 58 33.64
4 4 0.16
60 60 36.0
18 18 3.24
97 97 94.09
85 85 72.25
26 26 6.76
24 24 5.76
83 83 68.89
83 83 68.89
100 100 100.0
46 46 21.16
6 6 0.36
13 13 1.69
65 65 42.25
13 13 1.69
8 8 0.64
3 3 0.09
19 19 3.61
20 20 4.0
51 51 26.01
10 10 1.0
10 10 1.0
46 46 21.16
8 8 0.64
59 59 34.81
5 5 0.25
19 19 3.61
43 43 18.49
20 20 4.0
27 27 7.29
44 44 19.36
33 33 10.89
45 45 20.25
48 48 23.04
52 52 27.04
43 43 18.49
98 98 96.04
55 55 30.25
34 34 11.56
57 57 32.49
8 8 0.64
90 90 81.0
44 44 19.36
19 19 3.61
25 25 6.25
100 100 100.0
73 73 53.29
34 34 11.56
66 66 43.56
41 41 16.81
82 82 67.24
14 14 1.96
99 99 98.01
46 46 21.16
34 34 11.56
57 57 32.49
53 53 28.09
7 7 0.49
67 67 44.89
53 53 28.09
75 75 56.25
61 61 37.21
66 66 43.56
43 43 18.49
65 65 42.25
27 27 7.29
16 16 2.56
21 21 4.41
69 69 47.61
56 56 31.36
4 4 0.16
67 67 44.89
25 25 6.25
1 1 0.01
52 52 27.04
84 84 70.56
80 80 64.0
23 23 5.29
60 60 36.0
24 24 5.76
5 5 0.25
42 42 17.64
30 30 9.0
45 45 20.25
7 7 0.49
42 42 17.64
26 26 6.76
84 84 70.56
60 60 36.0
89 89 79.21
73 73 53.29
61 61 37.21
68 68 46.24
78 78 60.84
46 46 21.16
83 83 68.89
32 32 10.24
9 9 0.81
52 52 27.04
39 39 15.21
93 93 86.49
89 89 79.21
49 49 24.01
21 21 4.41
75 75 56.25
50 50 25.0
5 5 0.25
78 78 60.84
42 42 17.64
33 33 10.89
57 57 32.49
9 9 0.81
82 82 67.24
26 26 6.76
61 61 37.21
16 16 2.56
41 41 16.81
74 74 54.76
42 42 17.64
40 40 16.0
5 5 0.25
78 78 60.84
70 70 49.0
89 89 79.21
80 80 64.0
71 71 50.41
19 19 3.61
53 53 28.09
20 20 4.0
46 46 21.16
14 14 1.96
59 59 34.81
74 74 54.76
6 6 0.36
14 14 1.96
34 34 11.56
32 32 10.24
66 66 43.56
23 23 5.29
14 14 1.96
61 61 37.21
82 82 67.24
12 12 1.44
68 68 46.24
94 94 88.36
94 94 88.36
35 35 12.25
54 54 29.16
80 80 64.0
22 22 4.84
94 94 88.36
77 77 59.29
64 64 40.96
67 67 44.89
39 39 15.21
70 70 49.0
78 78 60.84
23 23 5.29
79 79 62.41
84 84 70.56
42 42 17.64
23 23 5.29
24 24 5.76
39 39 15.21
82 82 67.24
47 47 22.09
32 32 10.24
7 7 0.49
34 34 11.56
55 55 30.25
99 99 98.01
11 11 1.21
14 14 1.96
83 83 68.89
42 42 17.64
71 71 50.41
22 22 4.84
78 78 60.84
10 10 1.0
94 94 88.36
45 45 20.25
52 52 27.04
61 61 37.21
63 63 39.69
63 63 39.69
28 28 7.84
33 33 10.89
44 44 19.36
32 32 10.24
30 30 9.0
11 11 1.21
28 28 7.84
2 2 0.04
69 69 47.61
76 76 57.76
56 56 31.36
9 9 0.81
86 86 73.96
4 4 0.16
51 51 26.01
46 46 21.16
93 93 86.49
54 54 29.16
29 29 8.41
25 25 6.25
32 32 10.24
26 26 6.76
52 52 27.04
56 56 31.36
22 22 4.84
32 32 10.24
89 89 79.21
60 60 36.0
62 62 38.44
78 78 60.84
93 93 86.49
89 89 79.21
89 89 79.21
19 19 3.61
14 14 1.96
72 72 51.84
1 1 0.01
83 83 68.89
61 61 37.21
96 96 92.16
36 36 12.96
27 27 7.29
32 32 10.24
55 55 30.25
2 2 0.04
57 57 32.49
47 47 22.09
40 40 16.0
81 81 65.61
86 86 73.96
46 46 21.16
92 92 84.64
51 51 26.01
40 40 16.0
34 34 11.56
11 11 1.21
42 42 17.64
57 57 32.49
100 100 100.0
40 40 16.0
70 70 49.0
71 71 50.41
56 56 31.36
90 90 81.0
47 47 22.09
74 74 54.76
51 51 26.01
14 14 1.96
58 58 33.64
99 99 98.01
26 26 6.76
43 43 18.49
74 74 54.76
59 59 34.81
63 63 39.69
80 80 64.0
82 82 67.24
52 52 27.04
62 62 38.44
49 49 24.01
46 46 21.16
89 89 79.21
84 84 70.56
37 37 13.69
15 15 2.25
14 14 1.96
90 90 81.0
55 55 30.25
63 63 39.69
3 3 0.09
99 99 98.01
51 51 26.01
99 99 98.01
57 57 32.49
57 57 32.49
27 27 7.29
44 44 19.36
39 39 15.21
92 92 84.64
71 71 50.41
53 53 28.09
6 6 0.36
40 40 16.0
45 45 20.25
91 91 82.81
51 51 26.01
48 48 23.04
2 2 0.04
11 11 1.21
79 79 62.41
60 60 36.0
61 61 37.21
4 4 0.16
53 53 28.09
89 89 79.21
26 26 6.76
88 88 77.44
73 73 53.29
99 99 98.01
76 76 57.76
64 64 40.96
5 5 0.25
97 97 94.09
54 54 29.16
29 29 8.41
25 25 6.25
28 28 7.84
95 95 90.25
69 69 47.61
40 40 16.0
75 75 56.25
46 46 21.16
89 89 79.21
92 92 84.64
72 72 51.84
93 93 86.49
7 7 0.49
17 17 2.89
90 90 81.0
60 60 36.0
59 59 34.81
74 74 54.76
76 76 57.76
5 5 0.25
55 55 30.25
64 64 40.96
49 49 24.01
79 79 62.41
57 57 32.49
56 56 31.36
23 23 5.29
99 99 98.01
60 60 36.0
100 100 100.0
22 22 4.84
11 11 1.21
33 33 10.89
47 47 22.09
69 69 47.61
72 72 51.84
59 59 34.81
48 48 23.04
76 76 57.76
86 86 73.96
96 96 92.16
45 45 20.25
81 81 65.61
1 1 0.01
21 21 4.41
100 100 100.0
35 35 12.25
76 76 57.76
94 94 88.36
55 55 30.25
53 53 28.09
23 23 5.29
79 79 62.41
100 100 100.0
29 29 8.41
15 15 2.25
25 25 6.25
18 18 3.24
13 13 1.69
19 19 3.61
7 7 0.49
79 79 62.41
82 82 67.24
30 30 9.0
46 46 21.16
50 50 25.0
26 26 6.76
5 5 0.25
31 31 9.61
18 18 3.24
51 51 26.01
14 14 1.96
29 29 8.41
75 75 56.25
52 52 27.04
55 55 30.25
10 10 1.0
85 85 72.25
68 68 46.24
29 29 8.41
98 98 96.04
48 48 23.04
32 32 10.24
56 56 31.36
6 6 0.36
70 70 49.0
86 86 73.96
93 93 86.49
90 90 81.0
80 80 64.0
85 85 72.25
35 35 12.25
56 56 31.36
25 25 6.25
90 90 81.0
79 79 62.41
87 87 75.69
71 71 50.41
40 40 16.0
25 25 6.25
76 76 57.76
7 7 0.49
68 68 46.24
26 26 6.76
6 6 0.36
49 49 24.01
28 28 7.84
97 97 94.09
36 36 12.96
8 8 0.64
39 39 15.21
39 39 15.21
28 28 7.84
80 80 64.0
1 1 0.01
47 47 22.09
84 84 70.56
2 2 0.04
32 32 10.24
33 33 10.89
88 88 77.44
33 33 10.89
45 45 20.25
50 50 25.0
72 72 51.84
97 97 94.09
83 83 68.89
76 76 57.76
87 87 75.69
79 79 62.41
24 24 5.76
31 31 9.61
13 13 1.69
85 85 72.25
25 25 6.25
16 16 2.56
31 31 9.61
46 46 21.16
55 55 30.25
73 73 53.29
66 66 43.56
51 51 26.01
14 14 1.96
50 50 25.0
9 9 0.81
70 70 49.0
8 8 0.64
1 1 0.01
48 48 23.04
54 54 29.16
7 7 0.49
22 22 4.84
87 87 75.69
41 41 16.81
22 22 4.84
19 19 3.61
4 4 0.16
9 9 0.81
78 78 60.84
20 20 4.0
55 55 30.25
95 95 90.25
78 78 60.84
88 88 77.44
14 14 1.96
15 15 2.25
64 64 40.96
43 43 18.49
45 45 20.25
64 64 40.96
7 7 0.49
92 92 84.64
59 59 34.81
19 19 3.61
56 56 31.36
47 47 22.09
6 6 0.36
3 3 0.09
78 78 60.84
7 7 0.49
48 48 23.04
74 74 54.76
99 99 98.01
36 36 12.96
52 52 27.04
13 13 1.69
95 95 90.25
59 59 34.81
79 79 62.41
52 52 27.04
4 4 0.16
68 68 46.24
48 48 23.04
42 42 17.64
97 97 94.09
33 33 10.89
98 98 96.04
27 27 7.29
63 63 39.69
66 66 43.56
39 39 15.21
37 37 13.69
20 20 4.0
82 82 67.24
66 66 43.56
3 3 0.09
18 18 3.24
88 88 77.44
40 40 16.0
49 49 24.01
22 22 4.84
60 60 36.0
34 34 11.56
67 67 44.89
38 38 14.44
56 56 31.36
53 53 28.09
95 95 90.25
10 10 1.0
83 83 68.89
34 34 11.56
65 65 42.25
66 66 43.56
23 23 5.29
60 60 36.0
3 3 0.09
24 24 5.76
59 59 34.81
23 23 5.29
16 16 2.56
7 7 0.49
16 16 2.56
39 39 15.21
12 12 1.44
51 51 26.01
10 10 1.0
18 18 3.24
71 71 50.41
90 90 81.0
5 5 0.25
21 21 4.41
59 59 34.81
26 26 6.76
85 85 72.25
47 47 22.09
15 15 2.25
64 64 40.96
33 33 10.89
59 59 34.81
80 80 64.0
54 54 29.16
21 21 4.41
68 68 46.24
15 15 2.25
15 15 2.25
76 76 57.76
9 9 0.81
25 25 6.25
52 52 27.04
81 81 65.61
39 39 15.21
96 96 92.16
15 15 2.25
1 1 0.01
55 55 30.25
12 12 1.44
98 98 96.04
34 34 11.56
53 53 28.09
72 72 51.84
38 38 14.44
21 21 4.41
48 48 23.04
75 75 56.25
59 59 34.81
26 26 6.76
95 95 90.25
17 17 2.89
24 24 5.76
80 80 64.0
67 67 44.89
98 98 96.04
94 94 88.36
30 30 9.0
83 83 68.89
57 57 32.49
39 39 15.21
42 42 17.64
98 98 96.04
21 21 4.41
63 63 39.69
13 13 1.69
16 16 2.56
27 27 7.29
19 19 3.61
8 8 0.64
57 57 32.49
65 65 42.25
16 16 2.56
