400 10154 9.9499
73 73 53.29
36 36 12.96
55 55 30.25
47 47 22.09
59 59 34.81
21 21 4.41
19 19 3.61
6 6 0.36
43 43 18.49
67 67 44.89
78 78 60.84
63 63 39.69
54 54 29.16
84 84 70.56
17 17 2.89
62 62 38.44
33 33 10.89
45 45 20.25
11 11 1.21
31 31 9.61
12 12 1.44
14 14 1.96
31 31 9.61
60 60 36.0
10 10 1.0
22 22 4.84
90 90 81.0
92 92 84.64
98 98 96.04
50 50 25.0
16 16 2.56
62 62 38.44
28 28 7.84
76 76 57.76
77 77 59.29
3 3 0.09
58 58 33.64
81 81 65.61
46 46 21.16
80 80 64.0
22 22 4.84
62 62 38.44
6 6 0.36
46 46 21.16
87 87 75.69
55 55 30.25
39 39 15.21
80 80 64.0
74 74 54.76
46 46 21.16
67 67 44.89
37 37 13.69
9 9 0.81
51 51 26.01
53 53 28.09
56 56 31.36
12 12 1.44
12 12 1.44
91 91 82.81
8 8 0.64
70 70 49.0
6 6 0.36
73 73 53.29
50 50 25.0
13 13 1.69
67 67 44.89
99 99 98.01
30 30 9.0
63 63 39.69
99 99 98.01
44 44 19.36
56 56 31.36
53 53 28.09
1 1 0.01
59 59 34.81
55 55 30.25
100 100 100.0
66 66 43.56
35 35 12.25
26 26 6.76
54 54 29.16
91 91 82.81
61 61 37.21
49 49 24.01
97 97 94.09
24 24 5.76
56 56 31.36
13 13 1.69
64 64 40.96
26 26 6.76
40 40 16.0
45 45 20.25
49 49 24.01
62 62 38.44
52 52 27.04
71 71 50.41
44 44 19.36
48 48 23.04
95 95 90.25
76 76 57.76
30 30 9.0
92 92 84.64
31 31 9.61
42 42 17.64
76 76 57.76
64 64 40.96
21 21 4.41
100 100 100.0
68 68 46.24
61 61 37.21
64 64 40.96
67 67 44.89
86 86 73.96
16 16 2.56
22 22 4.84
84 84 70.56
51 51 26.01
24 24 5.76
1 1 0.01
33 33 10.89
15 15 2.25
7 7 0.49
92 92 84.64
75 75 56.25
69 69 47.61
2 2 0.04
4 4 0.16
88 88 77.44
95 95 90.25
51 51 26.01
69 69 47.61
18 18 3.24
72 72 51.84
14 14 1.96
44 44 19.36
61 61 37.21
54 54 29.16
66 66 43.56
60 60 36.0
7 7 0.49
9 9 0.81
75 75 56.25
66 66 43.56
89 89 79.21
69 69 47.61
76 76 57.76
7 7 0.49
17 17 2.89
2 2 0.04
54 54 29.16
39 39 15.21
74 74 54.76
76 76 57.76
53 53 28.09
48 48 23.04
95 95 90.25
9 9 0.81
30 30 9.0
77 77 59.29
94 94 88.36
13 13 1.69
94 94 88.36
67 67 44.89
51 51 26.01
10 10 1.0
6 6 0.36
87 87 75.69
43 43 18.49
87 87 75.69
91 91 82.81
100 100 100.0
40 40 16.0
84 84 70.56
11 11 1.21
51 51 26.01
59 59 34.81
48 48 23.04
7 7 0.49
82 82 67.24
77 77 59.29
57 57 32.49
64 64 40.96
8 8 0.64
13 13 1.69
80 80 64.0
96 96 92.16
92 92 84.64
54 54 29.16
71 71 50.41
37 37 13.69
99 99 98.01
49 49 24.01
36 36 12.96
16 16 2.56
43 43 18.49
75 75 56.25
100 100 100.0
48 48 23.04
68 68 46.24
25 25 6.25
19 19 3.61
8 8 0.64
45 45 20.25
23 23 5.29
64 64 40.96
74 74 54.76
53 53 28.09
81 81 65.61
71 71 50.41
27 27 7.29
68 68 46.24
78 78 60.84
93 93 86.49
73 73 53.29
73 73 53.29
95 95 90.25
38 38 14.44
12 12 1.44
34 34 11.56
4 4 0.16
30 30 9.0
5 5 0.25
21 21 4.41
22 22 4.84
9 9 0.81
68 68 46.24
60 60 36.0
23 23 5.29
24 24 5.76
26 26 6.76
10 10 1.0
22 22 4.84
53 53 28.09
89 89 79.21
33 33 10.89
13 13 1.69
75 75 56.25
42 42 17.64
88 88 77.44
31 31 9.61
100 100 100.0
23 23 5.29
53 53 28.09
63 63 39.69
21 21 4.41
1 1 0.01
39 39 15.21
26 26 6.76
16 16 2.56
68 68 46.24
83 83 68.89
44 44 19.36
33 33 10.89
36 36 12.96
79 79 62.41
12 12 1.44
28 28 7.84
57 57 32.49
87 87 75.69
41 41 16.81
58 58 33.64
43 43 18.49
8 8 0.64
17 17 2.89
97 97 94.09
18 18 3.24
38 38 14.44
73 73 53.29
29 29 8.41
12 12 1.44
12 12 1.44
6 6 0.36
90 90 81.0
62 62 38.44
4 4 0.16
43 43 18.49
85 85 72.25
53 53 28.09
77 77 59.29
73 73 53.29
57 57 32.49
79 79 62.41
40 40 16.0
36 36 12.96
69 69 47.61
11 11 1.21
68 68 46.24
98 98 96.04
62 62 38.44
66 66 43.56
33 33 10.89
28 28 7.84
89 89 79.21
97 97 94.09
13 13 1.69
62 62 38.44
70 70 49.0
50 50 25.0
92 92 84.64
58 58 33.64
70 70 49.0
90 90 81.0
74 74 54.76
81 81 65.61
83 83 68.89
63 63 39.69
41 41 16.81
69 69 47.61
43 43 18.49
48 48 23.04
42 42 17.64
21 21 4.41
92 92 84.64
75 75 56.25
2 2 0.04
36 36 12.96
11 11 1.21
26 26 6.76
99 99 98.01
38 38 14.44
46 46 21.16
57 57 32.49
35 35 12.25
27 27 7.29
30 30 9.0
25 25 6.25
12 12 1.44
4 4 0.16
23 23 5.29
58 58 33.64
73 73 53.29
67 67 44.89
70 70 49.0
35 35 12.25
4 4 0.16
89 89 79.21
27 27 7.29
88 88 77.44
39 39 15.21
29 29 8.41
85 85 72.25
37 37 13.69
79 79 62.41
89 89 79.21
32 32 10.24
41 41 16.81
85 85 72.25
84 84 70.56
64 64 40.96
28 28 7.84
76 76 57.76
21 21 4.41
56 56 31.36
58 58 33.64
31 31 9.61
58 58 33.64
63 63 39.69
78 78 60.84
88 88 77.44
2 2 0.04
89 89 79.21
86 86 73.96
17 17 2.89
18 18 3.24
55 55 30.25
98 98 96.04
36 36 12.96
25 25 6.25
5 5 0.25
87 87 75.69
15 15 2.25
7 7 0.49
93 93 86.49
35 35 12.25
29 29 8.41
34 34 11.56
49 49 24.01
74 74 54.76
83 83 68.89
29 29 8.41
25 25 6.25
59 59 34.81
46 46 21.16
79 79 62.41
22 22 4.84
35 35 12.25
87 87 75.69
33 33 10.89
42 42 17.64
74 74 54.76
41 41 16.81
96 96 92.16
24 24 5.76
82 82 67.24
35 35 12.25
99 99 98.01
72 72 51.84
62 62 38.44
92 92 84.64
80 80 64.0
