100 2251 9.9499
88 78 47.9196
17 7 92.606
53 43 43.8853
63 53 54.2506
47 37 71.3062
32 22 79.1281
47 37 72.5308
27 17 90.6723
94 84 19.6923
57 47 61.7623
14 4 96.8354
81 71 55.144
53 43 73.9755
24 14 89.9406
27 17 89.7491
104 94 31.1297
72 62 38.9551
28 18 85.5755
92 82 28.6129
71 61 47.0527
22 12 91.0918
104 94 38.4884
44 34 67.8828
78 68 46.9376
100 90 23.6887
25 15 88.3412
78 68 59.7575
11 1 99.1339
41 31 79.6146
18 8 94.2627
46 36 64.5869
42 32 76.566
109 99 29.2421
24 14 92.6618
35 25 75.0684
30 20 88.9098
45 35 74.8934
17 7 93.5379
55 45 61.5079
95 85 14.3914
66 56 57.6947
46 36 70.1205
30 20 86.5867
67 57 61.1008
81 71 33.7201
30 20 75.6917
18 8 91.7975
39 29 77.6443
89 79 40.5221
78 68 54.1107
92 82 36.8364
51 41 72.2177
47 37 78.1916
86 76 36.5577
100 90 32.1092
31 21 74.527
45 35 67.8927
107 97 39.8136
57 47 75.9739
14 4 96.4383
15 5 97.3814
82 72 52.622
36 26 68.4558
88 78 38.8254
27 17 78.4199
85 75 42.302
87 77 36.611
38 28 76.4698
84 74 46.1652
31 21 86.5533
90 80 34.3877
67 57 40.3174
79 69 42.315
75 65 35.1969
35 25 72.9623
37 27 79.2652
55 45 64.3156
52 42 70.2378
49 39 67.9536
62 52 53.1106
98 88 31.1632
20 10 90.0848
72 62 65.8289
26 16 88.6629
13 3 95.8931
108 98 14.4522
11 1 99.1697
69 59 37.1198
95 85 52.1573
39 29 77.1815
47 37 68.2061
11 1 99.2813
94 84 39.0
11 1 99.0363
91 81 28.6642
56 46 57.2519
12 2 98.0853
17 7 89.5522
106 96 23.9796
49 39 72.1905
