100 2361 4.3589
82 72 45.016
56 46 64.8186
21 11 90.2082
82 72 41.8104
89 79 40.2958
107 97 8.1499
100 90 8.6107
25 15 88.5726
52 42 65.0265
46 36 73.7795
52 42 69.1559
66 56 47.4046
43 33 62.5618
44 34 75.3112
73 63 54.2418
69 59 48.1594
105 95 27.9693
101 91 36.2115
18 8 95.7384
35 25 76.9603
39 29 79.3828
81 71 57.3534
11 1 99.0682
39 29 69.7526
12 2 98.3211
94 84 44.823
14 4 94.5017
20 10 91.5485
35 25 74.6531
73 63 50.545
69 59 34.1897
54 44 58.0598
74 64 55.1796
31 21 75.4379
63 53 66.3345
56 46 52.9096
24 14 91.0555
18 8 93.6288
75 65 56.1436
72 62 56.7521
100 90 31.4407
78 68 40.1398
58 48 46.2454
82 72 24.2507
91 81 47.726
23 13 89.6392
12 2 98.0536
94 84 36.1453
33 23 78.1845
11 1 99.2873
66 56 54.2815
42 32 80.6817
16 6 94.9202
109 99 26.5524
29 19 75.6691
106 96 27.9524
20 10 90.1911
68 58 34.6815
20 10 94.4745
55 45 72.0224
30 20 85.8235
74 64 58.8673
59 49 63.4285
53 43 63.0055
107 97 31.0327
12 2 98.006
78 68 34.9553
58 48 66.4845
22 12 88.4465
46 36 60.0579
28 18 84.0687
82 72 43.1084
22 12 82.9757
22 12 89.7851
61 51 68.2408
90 80 14.7325
39 29 70.1256
40 30 71.5293
71 61 49.4125
21 11 88.5011
42 32 81.512
82 72 47.755
56 46 66.6297
104 94 31.3275
76 66 30.4086
80 70 25.7577
11 1 98.8513
105 95 29.8925
90 80 51.5567
106 96 33.9982
50 40 58.1574
100 90 25.9407
13 3 97.056
101 91 55.3908
22 12 90.1683
16 6 91.7956
94 84 24.8622
78 68 43.9768
42 32 76.0715
107 97 28.5476
