100 2363 4.3589
49 39 156.1887
109 99 0.0258
26 16 8.237
42 32 81.8342
68 58 189.8921
35 25 36.432
34 24 7.0474
73 63 140.8279
81 71 77.3494
26 16 12.5708
17 7 2.7414
66 56 113.7215
38 28 26.0746
71 61 57.4462
40 30 72.535
89 79 4.4174
18 8 5.1861
25 15 2.1061
12 2 0.1356
105 95 1.7191
87 77 32.3298
87 77 5.3464
50 40 156.9363
49 39 90.8904
80 70 2.433
88 78 25.1638
65 55 92.5112
58 48 88.5024
31 21 6.0593
14 4 0.2149
42 32 69.0964
96 86 15.0136
42 32 55.055
85 75 0.2171
85 75 16.9783
12 2 0.3866
57 47 54.0032
30 20 34.8348
13 3 0.9309
27 17 0.1126
32 22 39.0105
29 19 4.633
25 15 23.8425
68 58 138.5812
27 17 12.4687
35 25 15.448
93 83 8.8247
107 97 0.4167
80 70 24.8546
84 74 62.9789
24 14 15.9423
11 1 0.0309
16 6 0.7184
100 90 8.3296
97 87 8.7249
53 43 97.6558
38 28 3.7246
83 73 0.9559
20 10 9.174
35 25 28.5639
93 83 29.1173
16 6 3.8176
102 92 2.9682
95 85 1.5142
70 60 51.5144
29 19 6.5358
72 62 40.2171
30 20 2.3652
103 93 5.0763
71 61 161.9084
72 62 104.0327
47 37 120.9746
66 56 87.2551
56 46 53.7479
81 71 36.4975
62 52 23.2836
21 11 5.1224
23 13 1.2575
17 7 5.0857
27 17 9.3273
95 85 5.2571
12 2 0.0551
55 45 0.8652
81 71 67.7929
88 78 31.2105
70 60 62.4985
79 69 78.7766
63 53 120.7337
103 93 4.2944
91 81 0.329
29 19 25.1893
69 59 91.7536
105 95 1.8397
60 50 249.2528
100 90 6.0226
79 69 6.97
46 36 55.6693
100 90 2.2735
56 46 2.1954
13 3 0.5159
