900 23189 4.3589
70 60 28.1611
26 16 83.4482
60 50 55.2391
36 26 78.0661
87 77 33.1764
49 39 65.0071
56 46 57.7463
105 95 46.0349
102 92 29.5381
64 54 44.6277
24 14 86.3413
71 61 40.5769
16 6 96.0537
71 61 51.3774
31 21 79.4184
82 72 56.5624
101 91 37.7659
97 87 34.1769
57 47 55.7038
39 29 73.3712
23 13 91.2044
73 63 41.0074
38 28 79.4166
34 24 77.9777
106 96 21.7613
40 30 72.8974
46 36 67.8844
102 92 39.8881
25 15 91.5619
81 71 51.6328
107 97 8.1539
21 11 89.969
41 31 72.4456
65 55 61.428
66 56 42.7245
62 52 58.8826
63 53 44.2717
64 54 42.6122
75 65 37.9949
89 79 37.7254
18 8 89.4159
19 9 90.4135
97 87 25.9458
47 37 63.8353
40 30 71.6139
26 16 88.4521
78 68 35.7126
61 51 57.9151
104 94 17.157
69 59 63.6325
23 13 84.1091
37 27 71.0329
20 10 86.8717
80 70 37.0918
78 68 28.1388
44 34 71.3873
44 34 68.6064
59 49 66.0189
91 81 30.9014
25 15 89.6203
88 78 43.6102
69 59 52.8049
91 81 25.4833
96 86 45.7382
78 68 34.9849
97 87 31.1654
16 6 95.7873
11 1 99.2773
93 83 27.8879
44 34 70.2227
11 1 98.8911
63 53 55.498
86 76 50.0471
18 8 91.9278
92 82 53.2375
82 72 51.5467
98 88 26.9257
28 18 76.6886
26 16 89.4954
57 47 47.8989
67 57 39.6887
41 31 73.6954
46 36 73.4415
95 85 41.6451
15 5 95.1795
33 23 82.9957
57 47 67.501
63 53 49.6546
12 2 98.3271
78 68 41.0689
84 74 39.5855
109 99 29.0672
26 16 90.9105
46 36 74.3803
37 27 80.3103
73 63 56.1061
97 87 46.679
29 19 87.488
86 76 28.4505
73 63 35.1424
49 39 67.5569
83 73 59.1653
59 49 59.6416
74 64 43.5362
95 85 45.2889
14 4 97.1604
104 94 31.045
99 89 47.4886
25 15 89.5351
87 77 31.7228
66 56 41.5277
77 67 44.7962
48 38 69.2906
52 42 69.2823
81 71 38.5542
108 98 25.6411
93 83 13.6301
100 90 31.6035
54 44 70.1624
42 32 68.3168
25 15 83.7134
81 71 62.4005
64 54 68.421
25 15 85.6384
53 43 55.0401
84 74 20.7763
66 56 58.1437
98 88 32.1126
85 75 42.3046
98 88 32.0764
101 91 35.5872
46 36 74.4372
32 22 85.0176
103 93 32.9958
25 15 87.1982
47 37 69.9598
58 48 56.7386
49 39 61.7906
42 32 72.6245
46 36 71.8511
91 81 14.6084
81 71 58.521
67 57 71.3974
33 23 79.5289
74 64 52.4248
110 100 42.9759
91 81 55.1722
21 11 90.1398
46 36 68.4144
102 92 27.2265
85 75 44.7936
50 40 75.3771
26 16 89.1363
54 44 61.0523
24 14 86.2818
89 79 26.3436
73 63 48.0401
105 95 23.6459
18 8 88.4503
59 49 61.6147
64 54 56.259
38 28 74.8415
110 100 39.4007
33 23 76.7394
50 40 65.6489
48 38 70.9739
60 50 65.225
102 92 52.7076
92 82 15.3429
50 40 55.1856
105 95 27.8921
31 21 80.6673
99 89 27.1056
103 93 50.0938
52 42 60.1431
100 90 47.3083
81 71 27.7381
65 55 59.6401
40 30 80.1598
100 90 39.3606
54 44 52.7948
36 26 67.5405
21 11 88.112
84 74 36.0096
60 50 57.1294
50 40 56.304
107 97 41.4092
63 53 68.0015
41 31 74.9194
69 59 52.7744
105 95 29.5708
21 11 91.6079
96 86 34.478
61 51 57.2186
109 99 40.6253
15 5 97.0087
36 26 79.5503
63 53 53.0537
66 56 49.8747
91 81 51.974
85 75 41.9528
60 50 44.4302
60 50 54.401
49 39 60.3465
70 60 69.4822
83 73 53.2258
20 10 88.8438
92 82 28.5733
106 96 36.5831
76 66 45.9155
104 94 38.7818
94 84 44.4542
94 84 36.338
27 17 86.9911
82 72 57.3185
105 95 15.7482
38 28 76.2967
13 3 97.9051
40 30 73.1025
36 26 82.9903
25 15 87.3178
61 51 48.7078
73 63 33.1108
11 1 98.8493
86 76 31.0115
40 30 62.652
41 31 71.7257
41 31 79.1299
96 86 41.751
97 87 11.7224
107 97 45.1261
38 28 77.2465
53 43 55.431
42 32 67.2974
48 38 67.4846
59 49 61.9212
11 1 98.903
104 94 26.8241
74 64 51.7637
20 10 91.9355
46 36 68.9813
26 16 85.4386
88 78 43.4795
84 74 28.9175
89 79 37.9407
93 83 37.6775
60 50 57.4822
70 60 44.827
74 64 40.3759
46 36 69.2008
72 62 53.6058
38 28 62.1212
13 3 95.9068
104 94 54.286
49 39 59.8565
32 22 84.8462
43 33 74.9973
102 92 7.2884
50 40 51.2914
83 73 48.3039
27 17 79.2866
33 23 74.9748
102 92 24.5243
63 53 44.0684
87 77 33.0395
74 64 32.7894
91 81 24.6969
81 71 41.958
79 69 53.5063
63 53 45.2229
26 16 83.7445
29 19 86.8848
48 38 72.2806
69 59 54.587
57 47 51.3028
11 1 98.8275
36 26 71.7799
53 43 70.3149
75 65 57.6187
106 96 21.4953
58 48 57.9258
79 69 57.7554
57 47 73.1709
26 16 85.557
103 93 24.3641
31 21 72.058
54 44 63.1802
31 21 81.4398
30 20 86.49
38 28 80.425
15 5 93.1997
37 27 72.795
19 9 92.4828
81 71 37.9974
89 79 37.1222
81 71 46.3162
103 93 35.9928
60 50 56.5835
26 16 83.847
68 58 58.2535
82 72 42.0993
109 99 29.8826
37 27 66.1912
50 40 65.1685
70 60 56.7461
90 80 49.2453
58 48 50.7072
23 13 89.9956
45 35 61.7827
46 36 53.42
90 80 47.49
22 12 88.8702
43 33 59.367
90 80 37.5328
37 27 62.671
80 70 61.0523
93 83 50.0995
71 61 48.4291
14 4 97.5887
15 5 94.9865
98 88 35.2931
68 58 55.768
57 47 64.4408
68 58 41.7898
86 76 36.3525
17 7 93.4857
12 2 97.729
23 13 87.1385
97 87 39.588
58 48 63.1183
99 89 30.5831
34 24 73.301
44 34 64.8734
82 72 37.8606
26 16 80.167
37 27 76.2408
39 29 83.0577
86 76 39.1588
69 59 35.3882
77 67 53.2243
108 98 34.1395
91 81 18.8096
48 38 76.4191
74 64 44.0564
85 75 46.8609
98 88 44.1069
89 79 19.6905
105 95 33.5392
33 23 74.5356
52 42 64.8991
73 63 40.2819
80 70 31.2157
93 83 29.8389
90 80 28.9089
92 82 43.7304
88 78 44.1109
77 67 52.4596
95 85 31.4328
44 34 64.9426
63 53 64.5468
80 70 36.9032
73 63 41.8066
63 53 47.4156
99 89 21.998
48 38 71.6867
33 23 80.2529
47 37 75.4101
40 30 81.6873
39 29 78.794
44 34 68.0741
80 70 57.4791
95 85 22.4562
76 66 36.2007
49 39 71.8578
44 34 60.9649
38 28 73.45
69 59 35.5526
92 82 52.1775
37 27 82.323
77 67 52.3467
80 70 43.8469
76 66 58.2932
107 97 11.78
48 38 74.8865
97 87 31.9632
68 58 54.1549
59 49 66.914
22 12 85.7106
106 96 8.8417
86 76 60.4055
89 79 51.9783
16 6 93.4683
70 60 50.0797
62 52 58.1269
81 71 41.5651
12 2 98.3072
93 83 29.934
24 14 88.6065
27 17 87.8531
100 90 29.3493
99 89 34.3361
30 20 76.6728
58 48 66.5285
108 98 33.0142
22 12 93.0936
93 83 34.0717
110 100 14.9305
80 70 47.6003
60 50 59.838
93 83 37.1381
29 19 80.3658
40 30 67.045
21 11 83.4939
38 28 75.325
95 85 27.8573
61 51 60.4802
64 54 51.7004
59 49 70.984
16 6 95.6621
38 28 73.0871
94 84 42.44
98 88 21.4804
63 53 43.56
17 7 93.8244
63 53 61.4515
32 22 80.2117
57 47 55.4965
107 97 14.8402
61 51 61.4719
99 89 36.449
95 85 44.7548
73 63 44.5917
54 44 71.1982
90 80 25.8145
94 84 40.3797
19 9 93.0395
96 86 53.2389
37 27 82.3756
91 81 40.5986
52 42 66.7979
28 18 79.5842
59 49 63.8177
106 96 48.9622
45 35 74.0994
12 2 98.1784
50 40 63.6676
28 18 80.192
39 29 76.8165
11 1 98.458
34 24 77.5721
41 31 77.6091
109 99 43.9092
73 63 38.985
110 100 28.1292
20 10 88.3957
68 58 56.3761
100 90 40.5731
80 70 43.6524
103 93 35.3716
93 83 38.1294
51 41 50.4285
94 84 36.3259
62 52 44.5089
22 12 91.3496
32 22 75.0892
108 98 10.9707
80 70 44.593
46 36 57.2958
28 18 79.9826
81 71 64.7172
44 34 71.3569
58 48 65.8841
20 10 87.0545
16 6 93.5224
20 10 89.5181
87 77 52.6887
86 76 56.7175
56 46 66.7669
43 33 75.1984
83 73 26.9423
44 34 66.8159
107 97 34.6791
21 11 89.3687
17 7 95.8382
36 26 74.7447
99 89 31.1922
69 59 50.6389
45 35 60.0486
40 30 79.6985
67 57 55.5636
17 7 91.9432
75 65 44.3996
61 51 61.5597
18 8 91.5868
38 28 80.0721
19 9 89.8249
23 13 90.88
12 2 97.3616
36 26 73.2839
17 7 93.685
53 43 68.9315
16 6 96.0968
12 2 98.1011
80 70 43.4321
19 9 92.6002
70 60 51.8616
97 87 34.4393
30 20 74.5822
62 52 62.812
81 71 50.75
60 50 51.4849
40 30 66.2401
96 86 38.5293
110 100 48.3095
74 64 48.6981
107 97 20.9288
31 21 79.5343
50 40 63.9984
94 84 52.1645
20 10 90.6475
59 49 54.3375
85 75 53.6278
52 42 75.5509
93 83 44.3383
67 57 62.5428
18 8 94.4298
72 62 37.7217
99 89 22.3256
70 60 66.9549
74 64 56.6873
91 81 20.8219
57 47 47.9432
45 35 62.5349
96 86 38.1195
94 84 28.9293
83 73 26.0192
11 1 98.8632
68 58 43.2688
55 45 57.836
58 48 54.4305
82 72 55.0
23 13 90.9677
100 90 47.5369
74 64 51.0153
28 18 88.8193
91 81 45.1261
57 47 64.6673
57 47 60.5875
13 3 97.6144
99 89 44.8217
99 89 16.0496
62 52 50.6716
22 12 83.3167
50 40 66.3329
73 63 56.19
34 24 78.2464
109 99 17.8194
64 54 46.9773
62 52 49.2832
53 43 62.6916
61 51 62.2142
75 65 56.2815
78 68 45.1275
24 14 81.1675
91 81 25.8633
83 73 60.2176
75 65 61.0492
64 54 38.6822
57 47 63.1898
48 38 67.1892
31 21 79.5111
61 51 59.4071
54 44 63.4173
31 21 85.1025
53 43 66.3166
95 85 53.325
88 78 28.1706
42 32 71.5361
19 9 91.3057
31 21 81.2919
96 86 37.1698
57 47 61.1993
27 17 88.9192
66 56 57.0901
68 58 47.9141
39 29 71.79
28 18 85.5459
66 56 65.3139
12 2 98.4441
60 50 56.5023
79 69 39.0688
86 76 35.4716
68 58 57.9151
54 44 53.9035
15 5 97.0993
39 29 75.892
78 68 59.4241
102 92 19.6701
85 75 39.6195
29 19 84.4782
25 15 87.5628
98 88 12.8666
16 6 93.1418
96 86 35.0618
19 9 88.0763
106 96 32.5915
26 16 83.9954
100 90 24.301
84 74 39.2289
60 50 53.6249
98 88 26.1694
88 78 31.0851
68 58 46.9554
57 47 55.7845
97 87 50.3788
38 28 80.2171
31 21 76.461
57 47 57.5853
96 86 20.4123
15 5 95.7932
32 22 78.7372
98 88 51.2055
19 9 86.4602
90 80 47.5424
61 51 54.5294
37 27 75.3389
63 53 48.1178
40 30 67.8729
107 97 23.7949
46 36 69.6975
96 86 24.0453
110 100 31.8051
68 58 56.8109
62 52 61.1571
30 20 87.1796
110 100 9.2155
39 29 74.2854
37 27 63.5352
95 85 46.5547
29 19 80.3067
85 75 43.3082
75 65 43.5732
103 93 48.0152
60 50 48.0429
43 33 78.858
72 62 56.7717
74 64 49.7505
59 49 52.7163
106 96 26.2134
85 75 44.309
98 88 41.6928
92 82 31.3365
32 22 83.589
20 10 92.8949
49 39 67.8333
14 4 96.5542
27 17 87.6246
110 100 45.9928
102 92 34.7098
12 2 97.5966
97 87 54.8977
79 69 55.3447
94 84 34.6485
64 54 59.855
53 43 61.0664
52 42 66.4046
21 11 93.1244
24 14 86.8941
58 48 51.6645
90 80 33.2306
50 40 52.2454
85 75 32.8123
20 10 91.1261
48 38 68.4012
24 14 88.6121
68 58 68.4293
75 65 36.9628
22 12 89.9235
99 89 45.5936
15 5 96.5287
18 8 90.4991
60 50 47.5286
65 55 58.72
54 44 61.4954
81 71 46.5342
83 73 42.7546
48 38 76.6991
46 36 71.8884
89 79 48.0526
81 71 46.9609
17 7 92.7812
101 91 34.2436
38 28 75.2504
88 78 34.9683
46 36 63.6277
87 77 22.2237
58 48 44.585
46 36 73.4243
59 49 45.5382
56 46 71.6004
68 58 35.0417
54 44 71.3079
103 93 42.5326
45 35 65.4902
64 54 47.9058
100 90 25.9213
49 39 59.6864
64 54 58.5791
109 99 26.9974
40 30 70.7702
67 57 68.5667
45 35 72.6654
24 14 84.7228
110 100 33.9283
28 18 86.5905
53 43 61.312
66 56 48.6311
45 35 65.364
67 57 67.4353
52 42 59.2469
69 59 43.0966
95 85 24.0993
23 13 86.072
48 38 72.5802
28 18 83.6402
87 77 55.1084
43 33 71.3045
73 63 40.055
50 40 65.7721
79 69 53.8184
15 5 95.6953
84 74 40.9293
31 21 77.2782
73 63 54.7926
18 8 89.5749
64 54 70.2982
73 63 54.0769
74 64 45.9792
81 71 24.4698
46 36 77.9195
89 79 45.5571
53 43 65.5646
23 13 83.5359
37 27 81.6565
58 48 49.4434
44 34 59.2284
29 19 80.9874
65 55 61.6806
61 51 48.5321
53 43 71.6545
38 28 76.3159
22 12 90.345
68 58 41.0125
81 71 33.2468
109 99 42.0423
39 29 74.2527
102 92 53.3528
95 85 31.9666
20 10 90.2766
47 37 72.0139
77 67 27.5058
59 49 51.1955
27 17 83.2529
73 63 40.6636
25 15 82.1362
79 69 55.0356
70 60 59.2346
29 19 87.5347
17 7 93.0916
24 14 89.878
108 98 37.3284
78 68 45.7179
102 92 13.4124
109 99 15.437
49 39 59.6864
23 13 89.1306
82 72 49.084
87 77 51.2327
109 99 39.9095
22 12 91.363
44 34 71.8222
14 4 94.4376
28 18 83.6658
33 23 74.8294
55 45 60.826
43 33 59.2869
105 95 30.8003
75 65 58.6097
25 15 83.5012
18 8 93.7314
76 66 57.1854
71 61 31.7172
78 68 60.8213
31 21 75.7318
93 83 16.6684
63 53 58.6496
31 21 77.1674
65 55 52.9314
101 91 33.5971
60 50 68.822
59 49 57.8649
47 37 64.7413
93 83 35.1768
25 15 85.2003
20 10 89.6033
14 4 97.9011
101 91 9.6212
104 94 22.8934
106 96 50.6602
63 53 72.7626
23 13 88.6498
102 92 37.1746
52 42 69.9699
25 15 85.0361
72 62 27.5846
78 68 43.4993
100 90 25.2697
34 24 83.9936
71 61 50.305
74 64 41.7833
70 60 42.1863
48 38 65.9165
62 52 58.967
102 92 45.437
46 36 72.8684
35 25 73.7486
52 42 63.4285
108 98 42.0085
65 55 42.6252
32 22 85.6846
14 4 96.5503
67 57 54.8474
103 93 24.9041
99 89 40.8526
59 49 62.9912
72 62 57.9486
30 20 88.1721
96 86 53.8947
90 80 36.6279
65 55 59.4163
71 61 53.0392
14 4 96.9043
101 91 41.453
59 49 60.4071
83 73 43.8204
74 64 31.434
44 34 77.5245
36 26 67.4189
20 10 89.4159
72 62 45.46
71 61 45.27
53 43 68.1582
60 50 55.4906
63 53 50.7542
51 41 63.4635
84 74 53.1047
54 44 64.0752
49 39 60.1152
56 46 44.1215
86 76 29.536
13 3 98.4243
62 52 72.1039
106 96 17.4156
60 50 45.5436
62 52 65.3478
26 16 87.473
48 38 76.813
51 41 65.5112
99 89 45.3777
73 63 58.8013
50 40 60.8681
23 13 87.7014
70 60 56.5955
70 60 50.4881
60 50 64.5403
66 56 53.1937
99 89 24.6284
69 59 45.7558
64 54 61.4515
101 91 42.5874
66 56 45.7355
103 93 24.2162
26 16 87.273
89 79 37.5573
109 99 33.3194
33 23 78.4411
30 20 83.4281
12 2 97.4149
62 52 64.1056
100 90 21.9745
59 49 71.9477
70 60 36.0925
58 48 72.691
47 37 66.6803
80 70 55.5249
73 63 55.7904
104 94 10.4536
25 15 87.3272
59 49 57.311
66 56 48.7818
