900 22972 4.3589
51 41 184.3527
83 73 13.8051
86 76 51.319
12 2 0.4316
53 43 121.7961
11 1 0.0561
78 68 37.9167
43 33 21.895
11 1 0.0727
33 23 0.728
100 90 4.0454
103 93 0.0
12 2 0.2554
23 13 5.5962
42 32 72.6945
19 9 5.7377
68 58 24.4544
64 54 43.4898
110 100 0.0
54 44 138.9914
109 99 0.1062
28 18 8.078
46 36 29.8397
66 56 4.2248
106 96 0.2795
62 52 161.7099
78 68 41.9931
83 73 71.3994
57 47 245.0026
75 65 56.5599
66 56 28.9751
87 77 34.0505
20 10 2.4545
94 84 23.2748
59 49 17.1084
61 51 6.9097
33 23 38.7307
40 30 41.5583
30 20 33.8471
16 6 0.9728
14 4 0.1139
50 40 32.2701
31 21 1.6778
39 29 43.7636
69 59 31.2975
85 75 18.5381
48 38 55.2609
43 33 23.8315
72 62 39.1582
32 22 18.6826
55 45 158.3872
19 9 6.9751
58 48 56.3227
103 93 3.1724
83 73 3.7801
91 81 36.5795
64 54 129.7365
17 7 1.2361
76 66 73.9115
32 22 23.9689
31 21 10.2331
48 38 15.5377
35 25 65.3896
28 18 32.3154
79 69 10.9786
35 25 0.9018
45 35 23.7278
64 54 42.5159
77 67 19.545
34 24 8.0657
103 93 4.2211
63 53 3.5417
54 44 199.6108
30 20 22.6892
64 54 109.1333
95 85 4.3917
71 61 4.2103
52 42 3.2125
94 84 0.5392
19 9 4.3164
76 66 87.1098
13 3 0.3215
109 99 0.0041
70 60 87.6021
44 34 63.6102
37 27 33.5449
94 84 4.6177
108 98 0.1238
91 81 22.808
28 18 20.2679
75 65 131.2474
38 28 17.5665
109 99 0.0686
110 100 0.0
37 27 69.6965
16 6 3.6233
40 30 86.0155
99 89 9.9083
61 51 198.2537
75 65 82.3013
80 70 80.1875
23 13 0.8548
37 27 33.9051
40 30 14.3222
40 30 71.2908
95 85 11.0798
12 2 0.4274
101 91 3.2739
106 96 1.5041
105 95 1.5476
42 32 58.9645
23 13 14.7469
39 29 89.1183
20 10 6.3441
60 50 12.7691
13 3 0.5915
110 100 0.0
13 3 0.1558
69 59 68.8226
87 77 39.9265
34 24 55.0998
109 99 0.1037
31 21 5.3352
51 41 25.212
44 34 19.8498
74 64 84.1223
32 22 48.7219
47 37 129.2521
107 97 0.3237
49 39 16.3536
36 26 46.5092
44 34 6.1265
69 59 89.244
93 83 8.0348
103 93 0.8791
95 85 8.6685
81 71 25.0611
13 3 0.4878
68 58 37.0965
62 52 32.9228
95 85 8.0487
93 83 14.3928
91 81 9.129
33 23 18.7775
13 3 0.8345
28 18 21.0532
55 45 103.6856
101 91 7.5018
96 86 8.5588
91 81 34.5865
16 6 0.9283
83 73 7.006
95 85 8.5828
55 45 60.2214
98 88 9.1399
74 64 78.9541
36 26 33.329
42 32 102.7025
93 83 18.2098
49 39 92.5784
34 24 0.4136
84 74 58.9214
49 39 154.6308
71 61 149.436
87 77 36.0311
65 55 191.629
39 29 85.5275
40 30 81.2641
17 7 5.4091
110 100 0.0
56 46 113.8761
35 25 5.3569
101 91 8.7269
57 47 171.0206
97 87 2.6649
91 81 34.7754
96 86 16.8734
46 36 51.7311
89 79 18.5101
38 28 59.1804
22 12 11.395
36 26 15.0309
55 45 67.2374
78 68 29.8061
54 44 209.5998
17 7 5.2659
60 50 121.51
69 59 111.9062
46 36 117.0183
88 78 32.4744
91 81 15.9006
27 17 22.0273
29 19 5.6535
13 3 0.1152
63 53 177.1841
40 30 43.3367
82 72 51.7022
32 22 31.5121
41 31 8.9717
13 3 0.8704
110 100 0.0
54 44 179.7517
45 35 79.8944
83 73 19.7703
108 98 0.1736
65 55 107.0279
76 66 82.3577
63 53 96.5537
41 31 105.8944
103 93 3.4024
109 99 0.0627
51 41 16.9795
62 52 165.9164
83 73 80.9937
109 99 0.0415
61 51 172.2003
54 44 205.4267
48 38 5.3014
87 77 42.9791
76 66 106.8177
109 99 0.001
45 35 130.0386
80 70 44.8097
38 28 78.612
70 60 40.6548
20 10 10.093
48 38 3.6737
78 68 2.0345
56 46 47.412
79 69 2.3329
18 8 2.3693
78 68 91.816
101 91 7.3949
45 35 60.6087
95 85 9.5569
58 48 174.3741
66 56 15.8362
33 23 9.0864
45 35 47.0046
33 23 54.2824
92 82 17.2492
48 38 62.2451
78 68 111.879
22 12 15.2094
56 46 14.9782
97 87 12.9222
53 43 137.6496
80 70 87.3506
36 26 62.0421
48 38 30.6177
70 60 24.1007
18 8 2.0939
34 24 4.2096
56 46 89.9394
103 93 4.9037
58 48 212.7619
55 45 222.0036
100 90 10.5283
102 92 6.2742
75 65 12.1556
19 9 2.6911
95 85 5.8956
82 72 64.8224
28 18 25.6089
19 9 6.0761
48 38 117.6345
25 15 11.6429
95 85 24.693
59 49 244.4861
91 81 9.0944
78 68 37.4452
24 14 17.5888
15 5 0.0211
55 45 148.7058
75 65 24.3828
74 64 14.0933
27 17 15.9515
71 61 35.4561
33 23 12.3487
86 76 58.5198
94 84 0.6376
77 67 83.0166
21 11 9.3931
14 4 1.0234
56 46 27.9508
14 4 1.4904
67 57 67.6772
38 28 45.802
13 3 0.2075
103 93 3.8289
28 18 3.9043
59 49 249.3721
82 72 75.6646
55 45 29.6948
33 23 15.7067
36 26 6.6939
62 52 6.0772
41 31 56.2872
47 37 105.0824
12 2 0.4316
58 48 122.6712
80 70 56.7875
49 39 41.7712
79 69 49.72
61 51 42.1043
92 82 12.7369
102 92 0.0132
45 35 105.4172
53 43 104.3848
107 97 0.7996
11 1 0.0861
75 65 26.1808
93 83 25.5848
103 93 3.4144
59 49 245.0442
60 50 56.2318
21 11 11.6289
77 67 38.0037
99 89 8.4795
35 25 5.6118
44 34 98.8396
72 62 126.3336
77 67 101.9841
102 92 2.8752
90 80 17.3261
103 93 1.1277
96 86 2.4964
42 32 45.8139
60 50 255.1608
73 63 150.243
68 58 54.7299
42 32 47.1782
76 66 73.1125
46 36 66.9019
107 97 0.7772
28 18 10.7642
73 63 37.6263
110 100 0.0
100 90 4.8844
108 98 0.331
56 46 146.0544
91 81 10.6283
20 10 0.5239
91 81 17.8379
56 46 149.9985
63 53 2.8276
69 59 87.2678
16 6 0.2288
31 21 45.0983
102 92 1.6206
93 83 12.1832
97 87 5.3015
50 40 120.3719
80 70 55.1514
35 25 10.3869
16 6 1.6409
66 56 0.0488
32 22 36.5187
28 18 1.8242
103 93 4.7134
94 84 22.3525
80 70 2.9052
36 26 48.9609
42 32 13.767
15 5 0.6079
74 64 36.7667
107 97 0.0677
23 13 12.8441
80 70 38.5588
86 76 27.6202
94 84 8.3281
50 40 78.093
80 70 29.8406
74 64 12.3747
46 36 98.2716
27 17 25.2287
68 58 70.8024
81 71 79.8686
53 43 126.6733
34 24 43.9581
79 69 44.8365
92 82 29.7669
36 26 13.1367
19 9 7.6512
67 57 130.2973
76 66 64.6454
31 21 17.7604
105 95 0.9156
62 52 201.4868
56 46 187.2374
33 23 55.3339
84 74 68.4067
14 4 1.353
45 35 41.1646
85 75 32.4793
71 61 168.3483
47 37 13.6059
27 17 23.9756
20 10 3.0787
73 63 26.3135
65 55 100.7752
91 81 23.4358
62 52 107.8958
95 85 15.2695
74 64 11.6752
72 62 54.4457
30 20 8.8588
70 60 32.5405
50 40 104.5426
72 62 121.442
65 55 90.96
37 27 12.2878
107 97 0.0439
58 48 235.8858
21 11 7.6456
59 49 259.5202
65 55 203.1586
30 20 22.4996
22 12 2.1244
56 46 180.9272
20 10 2.4315
38 28 39.6802
75 65 45.3597
27 17 14.7833
97 87 4.7525
41 31 5.4478
33 23 44.9523
99 89 13.2859
62 52 122.3749
64 54 148.2057
37 27 49.5857
89 79 0.6999
37 27 24.7328
97 87 14.2959
56 46 190.0089
23 13 13.3895
55 45 50.2608
14 4 1.5095
87 77 15.7568
87 77 10.2124
92 82 32.4592
36 26 27.5209
55 45 68.0677
47 37 124.6505
98 88 13.4212
99 89 8.469
97 87 0.8204
78 68 12.6818
16 6 0.722
70 60 177.598
27 17 10.475
33 23 15.093
20 10 8.9416
37 27 21.176
44 34 63.274
12 2 0.3528
52 42 10.038
97 87 7.2033
26 16 16.2736
66 56 82.4389
14 4 0.8771
58 48 19.5164
17 7 0.0528
70 60 121.5122
84 74 37.2654
81 71 40.3474
11 1 0.0669
21 11 3.7022
72 62 99.284
17 7 1.7339
110 100 0.0
34 24 35.349
69 59 7.2005
48 38 94.3595
93 83 0.89
16 6 3.7071
107 97 0.6163
31 21 2.4281
73 63 27.8868
13 3 0.7949
69 59 120.0444
61 51 39.356
45 35 90.7021
56 46 98.6893
70 60 172.6802
66 56 76.51
67 57 160.7813
101 91 2.6158
47 37 29.9111
100 90 5.8217
14 4 1.3777
70 60 153.7059
16 6 3.7998
99 89 11.5948
82 72 39.2307
41 31 80.8722
71 61 5.8261
54 44 139.8859
36 26 38.438
66 56 76.2313
25 15 18.2116
39 29 84.8842
67 57 83.4476
48 38 77.6849
104 94 0.9219
41 31 70.8184
58 48 162.202
105 95 2.5911
88 78 24.9712
29 19 32.25
36 26 20.7368
92 82 16.7513
90 80 33.5563
80 70 98.9054
76 66 10.3831
85 75 42.4532
43 33 93.1226
76 66 3.6053
63 53 76.5428
109 99 0.0038
89 79 7.2636
102 92 6.3669
16 6 0.2618
107 97 0.5509
62 52 117.1526
105 95 0.5731
38 28 55.1348
41 31 71.8068
98 88 0.4147
76 66 5.1181
101 91 4.7203
46 36 130.2633
15 5 1.5572
72 62 109.1937
48 38 77.273
44 34 23.4027
21 11 7.773
55 45 193.2871
47 37 118.8777
60 50 0.1015
110 100 0.0
94 84 3.171
71 61 33.5949
46 36 70.8943
90 80 12.5761
16 6 3.9615
72 62 69.4298
79 69 67.0193
24 14 0.0399
54 44 183.5958
110 100 0.0
35 25 27.0139
62 52 164.7381
82 72 17.5199
23 13 14.48
84 74 16.1406
65 55 83.9113
106 96 0.9072
48 38 28.9063
104 94 2.0767
48 38 144.0894
80 70 74.5731
74 64 25.0705
15 5 0.6511
52 42 38.9178
41 31 25.9904
60 50 17.6499
19 9 5.1682
92 82 27.7741
59 49 237.9139
45 35 124.5738
81 71 8.7674
92 82 26.5702
22 12 2.6601
66 56 185.7855
16 6 3.3835
106 96 1.1602
31 21 43.1138
20 10 0.5624
90 80 43.3582
79 69 28.7936
55 45 87.4606
72 62 25.9577
53 43 54.8709
104 94 3.8111
105 95 1.9226
33 23 33.2206
66 56 124.6532
22 12 4.1038
36 26 34.5564
18 8 1.7648
67 57 189.0697
72 62 33.8747
51 41 51.5787
68 58 150.2849
35 25 18.747
94 84 25.6693
87 77 32.5706
58 48 235.7507
56 46 27.1637
14 4 0.4764
79 69 18.0939
31 21 5.1126
107 97 0.0778
60 50 176.9882
80 70 18.8251
14 4 1.408
25 15 16.3492
90 80 20.7332
20 10 9.6934
87 77 49.1772
22 12 11.7615
18 8 5.9414
73 63 138.9394
95 85 11.6334
67 57 75.885
94 84 26.1066
28 18 20.4361
105 95 1.0829
21 11 11.5241
65 55 55.0401
98 88 6.5429
25 15 2.2297
78 68 18.681
16 6 0.6044
52 42 90.2594
39 29 52.614
52 42 178.9643
106 96 1.1981
75 65 2.5003
23 13 1.531
47 37 106.8607
94 84 11.1619
54 44 197.5686
73 63 60.4023
31 21 33.0574
30 20 12.9035
49 39 63.0432
89 79 37.3017
69 59 135.1295
104 94 0.419
92 82 32.0335
104 94 2.4112
102 92 0.4349
13 3 0.9931
69 59 185.3938
49 39 115.7369
90 80 38.7047
14 4 0.0849
89 79 3.8895
22 12 14.1584
48 38 9.7209
25 15 1.4622
66 56 188.5077
90 80 0.6617
28 18 22.2192
30 20 25.6197
70 60 91.425
71 61 21.303
95 85 5.3504
38 28 50.7767
103 93 4.2455
74 64 139.5776
37 27 58.9739
24 14 11.8289
89 79 48.4459
51 41 66.6096
57 47 199.4408
99 89 11.346
54 44 73.3412
24 14 21.2782
106 96 0.098
32 22 17.444
11 1 0.0383
56 46 140.9767
80 70 60.3607
83 73 72.79
75 65 48.4963
91 81 3.1385
23 13 1.0753
21 11 6.9768
97 87 12.0122
47 37 138.0857
80 70 72.1285
72 62 72.3516
98 88 3.6471
29 19 10.6814
32 22 43.9567
99 89 5.6914
83 73 56.325
37 27 77.1989
82 72 10.8807
48 38 138.8034
109 99 0.073
28 18 20.2004
85 75 17.1436
72 62 25.4453
109 99 0.0722
80 70 75.4592
24 14 4.9929
11 1 0.085
26 16 22.0499
56 46 220.5363
60 50 152.0019
62 52 238.0417
20 10 10.7093
30 20 6.3328
18 8 0.1729
14 4 0.2427
80 70 79.701
63 53 153.2455
100 90 8.0039
87 77 48.0371
93 83 31.1281
84 74 19.4164
42 32 73.7696
72 62 100.5829
54 44 127.6218
17 7 0.5243
44 34 45.4273
72 62 117.5754
47 37 13.6557
93 83 5.7942
69 59 19.8481
25 15 9.149
24 14 19.6583
62 52 63.2547
110 100 0.0
50 40 53.3842
82 72 35.1494
56 46 87.4338
58 48 239.1564
30 20 20.477
64 54 3.0642
29 19 32.916
76 66 66.0505
16 6 0.5198
41 31 103.1828
94 84 13.6418
60 50 224.8961
85 75 10.7738
57 47 61.2486
31 21 36.0188
55 45 223.6285
60 50 82.2386
89 79 26.3342
19 9 0.0306
98 88 13.5198
101 91 2.2969
28 18 17.7435
51 41 58.8957
108 98 0.2854
25 15 16.0994
85 75 38.9867
56 46 78.1583
14 4 0.8911
61 51 16.6611
23 13 16.9897
64 54 114.456
88 78 7.4467
82 72 26.1655
26 16 11.2671
25 15 0.0494
71 61 98.4714
89 79 23.6097
80 70 22.3766
69 59 106.5898
44 34 114.6794
46 36 74.5144
15 5 1.261
88 78 19.9946
47 37 123.7113
83 73 71.6476
26 16 5.0383
17 7 5.1127
87 77 52.2021
109 99 0.0501
54 44 12.0693
58 48 141.3002
30 20 22.4887
101 91 6.4772
13 3 0.9426
97 87 14.4424
71 61 102.3912
108 98 0.2003
74 64 32.0812
78 68 16.7706
29 19 34.4464
55 45 222.2578
86 76 41.8431
109 99 0.0098
76 66 121.7402
51 41 33.9591
18 8 6.5694
47 37 134.6741
76 66 35.9172
76 66 45.5499
83 73 42.0444
93 83 16.1287
108 98 0.0647
64 54 74.9642
57 47 4.5034
12 2 0.2202
14 4 0.4917
72 62 79.8071
54 44 14.4149
62 52 143.9581
84 74 30.4234
90 80 2.1355
50 40 139.9062
103 93 4.4056
81 71 7.589
54 44 201.681
46 36 74.6329
58 48 249.6987
40 30 18.7953
65 55 128.9103
21 11 1.7739
47 37 143.9105
91 81 30.3381
18 8 5.1146
36 26 71.7511
83 73 47.2623
13 3 0.0624
100 90 1.4718
101 91 6.0301
91 81 7.9254
95 85 6.4107
75 65 21.847
104 94 3.5722
46 36 32.567
54 44 111.8925
101 91 2.9211
79 69 5.3548
86 76 22.5194
72 62 3.4904
95 85 11.2419
73 63 61.1445
14 4 0.1338
102 92 2.8887
46 36 135.2852
75 65 132.6805
22 12 9.7424
57 47 8.8231
110 100 0.0
92 82 30.8577
34 24 50.2705
107 97 0.0591
61 51 142.2044
16 6 1.2597
58 48 14.3104
83 73 32.8604
55 45 193.8882
88 78 53.1631
104 94 0.4253
74 64 106.6844
93 83 21.0018
65 55 186.6683
78 68 94.1759
99 89 0.3522
96 86 3.3786
58 48 207.2288
34 24 11.0776
22 12 2.3096
31 21 17.7781
56 46 53.1725
72 62 68.6609
40 30 0.993
75 65 27.9738
103 93 3.6881
36 26 45.0463
52 42 83.9098
109 99 0.0782
48 38 119.8218
33 23 29.0087
54 44 109.5737
39 29 5.0499
107 97 0.5324
55 45 134.7091
89 79 23.5785
55 45 44.3285
70 60 169.4139
90 80 33.7456
38 28 81.8726
20 10 7.0563
103 93 1.0115
54 44 13.9285
64 54 178.866
23 13 4.14
107 97 0.7869
85 75 53.3156
69 59 148.3776
36 26 55.833
75 65 14.1189
37 27 25.8456
108 98 0.3895
84 74 64.0511
69 59 52.7879
100 90 8.0674
108 98 0.1234
