400 9986 4.3589
66 56 18.6918
52 42 5.5042
15 5 0.106
76 66 19.5859
100 90 30.228
101 91 65.0975
92 82 54.2521
28 18 0.8707
44 34 3.4484
26 16 0.7758
60 50 18.8721
36 26 4.0502
34 24 4.4991
51 41 13.9854
14 4 0.0767
67 57 18.215
81 71 18.2235
28 18 2.6978
13 3 0.0506
70 60 14.8325
43 33 9.9219
68 58 18.5727
80 70 38.773
81 71 26.1019
60 50 7.0581
63 53 17.9632
38 28 4.1412
46 36 3.9038
97 87 41.2215
50 40 7.5691
67 57 11.2319
81 71 35.3858
26 16 1.3186
78 68 34.0659
57 47 19.7607
26 16 1.2144
35 25 2.9145
101 91 42.0708
86 76 38.2196
105 95 68.5965
76 66 19.7972
75 65 28.9993
97 87 48.2789
86 76 31.6226
21 11 0.3099
103 93 45.795
72 62 10.3067
24 14 0.5341
103 93 67.3417
95 85 41.6141
24 14 0.9853
104 94 66.341
59 49 8.4722
19 9 0.6243
110 100 88.5481
45 35 4.2605
52 42 6.9232
92 82 24.2153
15 5 0.0781
14 4 0.1308
70 60 26.5658
30 20 3.8506
15 5 0.0803
48 38 6.8571
25 15 2.0475
59 49 16.5877
50 40 8.5282
33 23 4.0735
75 65 26.3025
45 35 11.1944
35 25 1.8597
93 83 64.9781
48 38 10.3736
90 80 39.6711
30 20 2.7357
18 8 0.2488
63 53 20.8803
47 37 6.1633
18 8 0.2227
27 17 1.9816
97 87 67.6177
79 69 32.4319
59 49 8.8744
46 36 3.4891
53 43 13.1189
29 19 3.2602
12 2 0.0387
60 50 19.4887
85 75 34.0344
27 17 1.3421
103 93 44.9275
61 51 17.2051
20 10 0.3039
72 62 30.5886
33 23 1.3591
38 28 2.7087
22 12 1.2252
88 78 47.6362
68 58 9.4852
78 68 13.9435
92 82 51.9452
72 62 31.3611
50 40 4.8365
69 59 18.2722
41 31 8.5451
103 93 59.2761
21 11 0.6235
13 3 0.0239
34 24 2.165
44 34 8.6424
106 96 30.7481
84 74 14.3459
51 41 4.7267
108 98 37.7094
58 48 8.3192
69 59 12.0916
40 30 6.9274
107 97 34.6332
75 65 35.6576
70 60 24.5411
17 7 0.2467
89 79 21.2991
53 43 11.1402
94 84 24.9111
22 12 0.6994
11 1 0.0082
53 43 10.3009
94 84 44.2026
100 90 43.6141
35 25 2.5744
68 58 18.1442
86 76 53.4112
53 43 10.3112
26 16 2.288
67 57 19.9907
29 19 2.138
37 27 5.0234
97 87 55.003
22 12 1.1688
31 21 3.6569
20 10 0.9565
17 7 0.1391
57 47 7.3712
23 13 0.5355
12 2 0.035
17 7 0.137
17 7 0.1325
54 44 13.4484
63 53 21.0167
12 2 0.0227
50 40 9.1627
94 84 59.0792
80 70 15.6096
21 11 0.5417
61 51 8.4025
93 83 34.1173
60 50 18.3569
79 69 13.0769
18 8 0.5558
106 96 25.8593
83 73 31.0762
17 7 0.3337
102 92 68.051
49 39 4.9164
14 4 0.0691
98 88 69.8929
41 31 3.4633
68 58 27.2317
61 51 13.4198
103 93 85.4774
92 82 20.3581
68 58 23.8818
45 35 10.5222
12 2 0.0271
74 64 40.3136
21 11 1.0609
33 23 3.8931
73 63 26.8656
101 91 50.9211
57 47 9.4526
53 43 4.718
80 70 20.8776
66 56 25.1552
98 88 60.275
63 53 23.6283
76 66 25.636
100 90 43.0244
54 44 4.8633
47 37 7.7017
65 55 12.7164
27 17 1.8139
110 100 54.339
101 91 72.1752
25 15 2.2389
69 59 26.8086
66 56 11.5355
89 79 57.5262
82 72 26.987
13 3 0.0382
96 86 31.1342
56 46 10.371
51 41 13.4337
47 37 8.3967
21 11 1.0367
96 86 33.2975
77 67 24.111
51 41 6.4115
97 87 41.4891
31 21 4.0502
104 94 41.1099
107 97 26.0763
24 14 0.9444
104 94 49.8817
85 75 25.1613
59 49 7.5785
65 55 23.3676
70 60 12.5919
106 96 28.7929
64 54 11.3024
72 62 22.1276
28 18 2.2446
93 83 47.3826
69 59 26.2974
74 64 17.1181
83 73 16.2538
51 41 5.9854
108 98 91.4529
110 100 99.0403
89 79 44.7347
86 76 56.1555
76 66 33.3102
91 81 37.9099
98 88 66.8404
69 59 21.9886
11 1 0.0068
15 5 0.1138
95 85 27.2766
35 25 5.4252
56 46 15.2897
86 76 14.5016
72 62 29.1244
42 32 8.3417
64 54 12.3461
82 72 24.1503
46 36 5.3615
65 55 26.907
90 80 32.2738
26 16 1.029
49 39 4.4075
81 71 38.8042
34 24 2.0455
13 3 0.0324
11 1 0.0043
42 32 3.3405
22 12 0.9467
19 9 0.42
64 54 18.5296
51 41 9.9768
12 2 0.033
80 70 30.592
17 7 0.3196
104 94 58.6557
12 2 0.0179
75 65 24.6999
36 26 3.655
77 67 42.6788
90 80 61.3747
78 68 28.6054
85 75 47.6072
23 13 1.6641
31 21 1.9614
94 84 67.6325
99 89 29.8903
28 18 2.2539
29 19 2.1127
86 76 31.8672
58 48 15.235
11 1 0.0056
99 89 23.5274
106 96 86.0219
51 41 14.7663
64 54 28.5295
24 14 0.4943
34 24 4.3123
105 95 23.7949
41 31 5.3731
97 87 20.5662
22 12 1.2724
82 72 24.4313
102 92 23.5041
94 84 60.2269
110 100 96.6879
54 44 9.1071
40 30 8.673
101 91 73.4723
71 61 11.295
108 98 58.495
13 3 0.048
108 98 26.0386
102 92 33.6156
18 8 0.3303
21 11 1.0296
66 56 14.3611
46 36 4.0397
39 29 6.1474
25 15 1.0996
11 1 0.0087
90 80 58.0812
41 31 2.4527
61 51 15.0521
49 39 5.182
55 45 11.5294
42 32 9.2519
73 63 19.5488
105 95 27.4649
70 60 31.2392
73 63 29.7876
104 94 74.6254
60 50 9.9831
60 50 9.9654
66 56 28.1239
63 53 26.6824
25 15 1.0562
49 39 12.1341
23 13 1.2614
36 26 4.1355
80 70 41.4878
99 89 49.6391
81 71 48.6771
98 88 23.2835
108 98 79.057
24 14 0.7424
40 30 7.8159
97 87 57.5034
88 78 53.8257
49 39 10.6694
77 67 15.7204
72 62 22.6053
63 53 15.8468
78 68 35.1554
60 50 16.783
98 88 60.8228
59 49 9.5481
74 64 14.5466
68 58 9.2258
17 7 0.442
28 18 1.3628
90 80 39.5641
46 36 5.0603
36 26 3.4299
23 13 1.2434
17 7 0.1239
34 24 5.7394
92 82 40.0297
16 6 0.208
53 43 16.4503
84 74 29.2443
108 98 88.614
87 77 33.6829
59 49 11.3232
97 87 56.0462
36 26 1.6949
87 77 57.2459
92 82 20.8611
28 18 3.1809
108 98 48.5795
91 81 17.698
65 55 12.9391
102 92 39.6447
94 84 67.501
73 63 21.7529
50 40 7.7501
36 26 6.1757
25 15 1.6747
21 11 0.6176
21 11 0.3561
70 60 17.3781
94 84 28.6739
13 3 0.0608
24 14 1.0985
104 94 72.461
41 31 9.1029
11 1 0.0041
36 26 1.8865
47 37 7.694
94 84 22.3615
107 97 31.2012
59 49 8.0384
86 76 24.6254
64 54 8.7954
19 9 0.7854
40 30 2.8944
34 24 2.015
24 14 1.6055
87 77 22.6785
76 66 36.4864
18 8 0.4965
51 41 7.1257
39 29 3.5687
85 75 27.0764
