100 2613 9.9499
89 79 37.1819
17 7 92.2349
28 18 81.1729
14 4 96.3342
93 83 35.5144
52 42 68.9199
90 80 48.7735
100 90 49.1065
59 49 56.6813
67 57 44.8954
48 38 62.41
12 2 98.3112
80 70 51.9841
67 57 42.5521
80 70 50.7557
101 91 40.8666
22 12 89.2194
65 55 67.2269
16 6 94.0124
109 99 25.7343
73 63 57.2746
17 7 95.3279
17 7 95.7325
88 78 44.2105
87 77 47.6873
58 48 69.1758
38 28 81.5897
95 85 46.4061
29 19 81.3225
41 31 75.8815
65 55 49.2495
64 54 53.9461
82 72 44.9557
59 49 51.6659
12 2 97.9526
99 89 22.5169
85 75 48.5962
25 15 84.4726
24 14 89.5351
109 99 17.4649
13 3 96.4344
62 52 73.5564
25 15 80.1616
61 51 66.2124
82 72 47.4845
110 100 16.396
48 38 73.094
105 95 13.2511
77 67 41.5857
22 12 88.3337
90 80 49.5503
12 2 97.4544
93 83 40.1867
101 91 36.9263
82 72 46.2006
95 85 21.2125
24 14 91.6883
68 58 58.8857
110 100 27.6203
57 47 49.951
83 73 35.0571
24 14 84.3495
97 87 25.3704
39 29 75.5822
21 11 87.9169
28 18 80.8938
108 98 20.7726
100 90 24.4807
57 47 62.1858
81 71 45.1934
54 44 59.8426
61 51 50.0868
89 79 22.7081
89 79 36.0036
84 74 46.0118
68 58 66.6591
107 97 36.2645
55 45 52.9402
55 45 73.4466
92 82 44.3782
17 7 95.8598
106 96 36.5094
78 68 26.5091
17 7 94.2045
103 93 9.3153
102 92 32.8948
30 20 83.8635
62 52 62.8072
56 46 44.4049
86 76 35.0559
64 54 62.4748
29 19 81.2738
16 6 93.6153
33 23 78.9646
97 87 41.6438
47 37 71.1998
51 41 58.5164
11 1 99.3012
62 52 51.3917
55 45 57.6734
