100 2755 4.3589
106 96 84.1293
94 84 59.9014
68 58 12.509
98 88 51.2856
90 80 31.9983
42 32 3.308
16 6 0.105
69 59 19.7172
90 80 35.8178
18 8 0.4211
70 60 12.5061
41 31 2.6257
90 80 48.4388
67 57 29.4936
35 25 2.7536
71 61 15.8978
59 49 20.3708
50 40 13.5682
95 85 29.9921
91 81 36.0396
49 39 5.9419
74 64 13.9219
93 83 37.3113
23 13 1.4566
95 85 19.1363
47 37 12.762
44 34 7.7312
80 70 26.2615
95 85 52.2006
61 51 24.0394
100 90 58.8964
107 97 81.4976
38 28 4.5429
65 55 20.453
103 93 67.3335
81 71 25.8064
14 4 0.0653
61 51 12.358
21 11 0.5794
32 22 3.6672
16 6 0.2595
73 63 22.6424
101 91 82.7372
62 52 22.354
81 71 36.0144
62 52 22.2642
90 80 30.4594
93 83 29.7374
104 94 31.6058
49 39 10.4135
81 71 39.3292
74 64 35.6099
96 86 33.7747
19 9 0.3113
34 24 3.0468
25 15 1.7303
98 88 71.0396
81 71 45.5207
22 12 0.7016
41 31 5.6032
40 30 2.2518
48 38 11.9688
48 38 4.0877
12 2 0.0242
80 70 38.3694
84 74 44.0976
107 97 70.3887
81 71 37.2344
23 13 1.5314
34 24 3.1737
23 13 1.5255
103 93 39.7228
94 84 28.9885
18 8 0.2678
96 86 55.3357
53 43 4.6587
14 4 0.1441
57 47 7.9942
83 73 31.6193
66 56 18.6736
108 98 86.937
83 73 30.2808
70 60 19.2519
93 83 35.6779
40 30 3.8169
85 75 14.6322
26 16 0.6964
61 51 10.9072
30 20 1.8928
53 43 5.7341
87 77 59.05
80 70 19.5408
76 66 15.8006
73 63 18.3689
99 89 64.9555
96 86 59.31
110 100 91.3496
22 12 1.1515
92 82 19.0079
18 8 0.2034
