900 22907 4.3589
97 87 15.4507
80 70 58.801
76 66 94.0508
60 50 197.9742
39 29 18.1923
65 55 63.4154
24 14 2.5017
56 46 218.3772
67 57 10.5874
46 36 99.8167
107 97 0.8491
108 98 0.0085
33 23 30.1551
46 36 47.5102
102 92 6.824
58 48 156.0004
39 29 28.4494
91 81 32.7249
110 100 0.0
72 62 65.5255
55 45 106.3876
79 69 0.9245
50 40 130.1951
35 25 5.7696
101 91 4.4857
92 82 29.1571
32 22 35.3501
74 64 100.3669
39 29 79.42
54 44 2.5414
21 11 12.7369
13 3 0.153
14 4 1.6471
50 40 6.0462
68 58 163.0151
74 64 60.4288
14 4 0.2745
80 70 57.6722
35 25 2.2854
61 51 246.7677
34 24 24.7193
72 62 51.8341
65 55 165.1
78 68 45.0484
42 32 12.7683
90 80 27.6049
65 55 134.168
107 97 0.2488
92 82 35.3395
28 18 26.3909
103 93 5.0277
28 18 26.1826
25 15 17.8318
60 50 79.3878
46 36 66.0626
108 98 0.0194
107 97 0.9624
63 53 66.5548
105 95 0.4094
91 81 8.9848
35 25 34.8442
31 21 26.6834
87 77 43.6161
75 65 85.6566
60 50 99.9399
27 17 16.4498
72 62 111.5131
47 37 92.3193
80 70 96.7922
74 64 118.1544
14 4 1.5395
44 34 88.2929
38 28 52.4712
25 15 1.3301
18 8 3.9435
47 37 62.2979
71 61 50.8724
37 27 38.0088
61 51 157.8957
30 20 22.5413
62 52 44.8819
95 85 14.842
46 36 137.2128
47 37 33.1019
84 74 7.6779
81 71 70.1017
96 86 8.6654
55 45 38.5685
99 89 5.5775
22 12 4.7663
74 64 142.2351
25 15 2.4687
22 12 0.645
57 47 18.016
104 94 3.736
95 85 23.6567
26 16 21.2678
19 9 6.082
103 93 1.7711
12 2 0.2265
81 71 20.6321
55 45 162.1591
101 91 7.3295
19 9 7.0979
91 81 25.4472
77 67 113.1873
23 13 6.5846
97 87 7.2385
28 18 5.446
19 9 6.6468
29 19 33.5651
32 22 19.8876
74 64 36.2676
63 53 76.5532
24 14 15.0924
85 75 25.2281
40 30 49.7166
84 74 11.9702
85 75 25.6745
91 81 36.601
71 61 133.0892
11 1 0.004
109 99 0.1018
97 87 6.3017
98 88 7.0279
73 63 35.8237
91 81 2.5966
49 39 34.8938
53 43 57.3156
47 37 11.8163
94 84 27.9905
34 24 25.9471
92 82 18.8641
101 91 8.0505
29 19 8.7117
51 41 153.0324
39 29 57.2431
50 40 25.8303
23 13 13.967
84 74 55.6656
67 57 176.3629
49 39 44.7737
90 80 37.8583
104 94 0.1492
12 2 0.1558
74 64 87.8119
97 87 1.3265
56 46 176.7502
28 18 14.59
32 22 39.7884
69 59 45.8429
53 43 189.5286
30 20 36.8034
102 92 1.4334
102 92 1.7465
60 50 17.8126
109 99 0.0157
98 88 8.8971
83 73 79.2657
106 96 0.9361
62 52 35.7556
79 69 8.1438
80 70 18.8422
53 43 86.1559
91 81 9.308
79 69 16.2362
11 1 0.0686
33 23 13.0985
18 8 6.9648
68 58 127.7881
37 27 44.414
63 53 5.4688
29 19 2.5027
65 55 73.585
106 96 0.4623
88 78 36.7413
64 54 83.1215
68 58 102.2927
56 46 74.3432
32 22 1.4468
12 2 0.2692
77 67 73.5999
31 21 15.0405
92 82 5.4552
18 8 0.936
105 95 0.6185
62 52 71.0541
89 79 8.872
30 20 12.9803
65 55 89.5657
38 28 73.7939
47 37 150.3121
34 24 51.6669
33 23 9.1925
102 92 5.2159
28 18 3.8683
44 34 114.3767
11 1 0.0592
108 98 0.1099
12 2 0.3546
108 98 0.0543
11 1 0.0793
77 67 95.4389
102 92 1.0301
94 84 20.3018
93 83 25.6062
19 9 0.1163
89 79 19.8359
76 66 2.0153
27 17 22.3732
96 86 2.1526
104 94 1.0702
19 9 7.0052
63 53 233.7762
92 82 15.5404
22 12 1.9186
55 45 142.9393
100 90 5.9949
75 65 121.9303
52 42 180.5826
55 45 193.0396
16 6 2.7316
21 11 7.1369
87 77 24.1024
86 76 49.6526
58 48 174.0665
47 37 96.6442
20 10 8.8436
86 76 32.7747
16 6 3.0583
78 68 51.0283
44 34 29.5756
85 75 29.6347
100 90 2.2837
27 17 3.9646
28 18 14.4272
91 81 39.9925
38 28 44.1616
45 35 25.3587
108 98 0.1562
17 7 3.5498
109 99 0.1074
83 73 5.4345
72 62 118.0084
71 61 67.8807
88 78 8.3206
83 73 10.7884
60 50 123.4898
67 57 38.3443
103 93 0.2486
41 31 42.823
27 17 22.9771
29 19 14.0756
48 38 42.0799
45 35 27.2665
57 47 57.0261
66 56 113.6717
76 66 51.7519
91 81 20.059
51 41 45.861
31 21 36.873
32 22 33.5797
66 56 95.901
90 80 2.8725
98 88 11.7527
33 23 54.5331
65 55 150.6932
53 43 81.1987
26 16 10.2219
58 48 133.0136
17 7 2.2905
57 47 70.6936
11 1 0.1069
70 60 26.5752
81 71 77.4878
74 64 74.3781
70 60 31.6684
44 34 104.6089
66 56 154.1101
13 3 0.7127
26 16 22.1566
17 7 2.8437
75 65 59.2084
89 79 37.7308
59 49 114.108
46 36 134.7099
21 11 7.5946
13 3 0.0315
44 34 112.7851
71 61 163.2171
30 20 14.7444
87 77 37.4091
107 97 0.634
47 37 82.5529
52 42 19.7294
109 99 0.0671
93 83 22.009
60 50 64.9398
63 53 57.9063
66 56 26.5986
77 67 23.4608
21 11 11.7891
35 25 9.0945
107 97 0.2347
108 98 0.2484
62 52 196.8295
95 85 9.2301
46 36 59.0136
95 85 3.2817
55 45 124.3177
90 80 10.8341
44 34 87.6526
19 9 3.2483
45 35 8.4449
27 17 4.3969
16 6 3.2982
16 6 3.5965
25 15 13.7012
41 31 50.0763
60 50 33.4563
91 81 6.329
93 83 3.2576
86 76 15.5502
27 17 16.2198
61 51 136.2577
100 90 2.7772
89 79 47.3558
80 70 12.3787
107 97 0.091
86 76 27.6081
33 23 2.7747
52 42 88.3865
88 78 32.0654
47 37 77.8663
102 92 0.7151
61 51 44.4933
55 45 35.6178
11 1 0.0267
60 50 216.0627
44 34 89.8162
37 27 35.671
51 41 14.4821
94 84 0.2478
13 3 0.0872
62 52 231.1973
55 45 38.8337
40 30 91.2334
50 40 152.7517
42 32 11.0809
35 25 23.111
105 95 0.5756
31 21 16.6903
41 31 62.4738
20 10 8.2891
17 7 2.1779
20 10 1.7989
82 72 8.1055
98 88 0.9617
11 1 0.0602
77 67 68.8229
102 92 2.9799
49 39 137.7961
46 36 20.4308
67 57 11.8837
90 80 11.3297
80 70 58.8704
85 75 47.4524
36 26 48.2876
108 98 0.1709
37 27 76.1532
108 98 0.1886
92 82 20.8252
53 43 189.0117
35 25 13.4716
64 54 99.4355
18 8 4.6864
58 48 156.7251
67 57 200.3671
39 29 61.5995
102 92 0.5602
59 49 225.5897
31 21 40.6614
13 3 0.6127
93 83 24.3541
92 82 13.7804
63 53 5.3063
30 20 41.1597
54 44 55.6019
82 72 3.8623
45 35 103.0491
89 79 21.5693
65 55 169.1041
89 79 12.3586
45 35 62.6424
99 89 0.7868
32 22 51.6242
45 35 85.9844
106 96 0.9211
74 64 29.8976
68 58 54.3505
72 62 118.4277
103 93 3.5864
58 48 169.19
72 62 27.9512
19 9 8.1397
104 94 0.1366
35 25 68.0374
26 16 6.0541
66 56 175.007
42 32 86.0763
52 42 9.2929
97 87 7.0183
106 96 1.2073
69 59 145.6065
81 71 84.5993
72 62 53.9756
94 84 12.0515
16 6 0.9802
34 24 11.51
23 13 0.2943
38 28 51.4092
31 21 9.5146
101 91 5.471
109 99 0.0792
35 25 24.1455
53 43 86.0036
39 29 6.4249
95 85 22.6611
33 23 24.6731
75 65 76.7447
56 46 51.0656
57 47 220.4003
53 43 43.7593
14 4 1.5121
81 71 41.7902
108 98 0.0616
108 98 0.406
35 25 6.3291
38 28 78.6199
86 76 33.6448
14 4 1.2495
96 86 16.7998
62 52 16.2955
104 94 1.9976
96 86 6.6239
13 3 0.0777
92 82 1.5206
101 91 0.1618
52 42 166.6941
43 33 46.4778
94 84 4.9881
48 38 3.4429
34 24 16.0795
93 83 22.4405
83 73 6.1747
15 5 2.4593
22 12 11.0094
18 8 0.443
55 45 198.2052
108 98 0.2131
21 11 4.9714
63 53 222.0354
23 13 3.3855
106 96 1.2319
98 88 14.6946
19 9 1.6746
78 68 96.6616
42 32 11.6696
11 1 0.0544
16 6 1.7478
38 28 45.2442
107 97 0.7141
109 99 0.0269
109 99 0.0558
92 82 22.2269
110 100 0.0
58 48 130.711
105 95 0.4641
84 74 51.3595
12 2 0.0563
73 63 112.2971
39 29 85.7004
29 19 10.0507
80 70 2.9495
29 19 8.4599
88 78 17.979
81 71 10.4937
66 56 7.1974
96 86 12.224
43 33 11.1938
79 69 1.6111
19 9 6.0911
91 81 16.6876
28 18 4.3983
20 10 7.8383
70 60 42.8018
44 34 16.1025
30 20 26.7198
35 25 22.2672
58 48 204.5565
106 96 0.4203
69 59 12.3923
54 44 56.8317
76 66 10.1558
54 44 37.5227
108 98 0.3143
66 56 138.5864
103 93 4.8883
20 10 7.0802
64 54 37.1181
80 70 63.8949
108 98 0.205
24 14 14.8912
108 98 0.255
77 67 107.9315
42 32 66.7269
105 95 1.9292
16 6 2.7475
29 19 5.1635
101 91 7.7277
64 54 70.8352
27 17 26.0834
101 91 8.2752
83 73 67.5955
24 14 15.2286
25 15 10.792
19 9 0.675
58 48 108.0524
54 44 139.5205
92 82 23.2632
23 13 13.4549
52 42 147.1453
40 30 7.9411
37 27 6.7539
47 37 14.0842
48 38 1.4971
102 92 1.1059
13 3 0.4783
42 32 57.273
71 61 125.9792
39 29 62.2924
87 77 7.9319
17 7 1.691
15 5 2.1417
49 39 37.4586
20 10 6.4203
85 75 18.5292
39 29 24.8212
26 16 27.9848
41 31 37.8837
27 17 10.5533
82 72 71.6024
29 19 19.7335
42 32 104.4994
68 58 194.8297
81 71 67.1349
89 79 27.0331
103 93 1.6166
108 98 0.2911
45 35 96.6239
93 83 1.1777
106 96 0.3396
34 24 5.8291
33 23 53.2707
41 31 37.582
90 80 29.2177
17 7 2.3578
91 81 21.0818
99 89 9.3823
47 37 90.3177
65 55 156.7024
97 87 3.0334
23 13 11.1159
62 52 124.9736
58 48 38.8116
36 26 71.1112
23 13 15.8834
46 36 24.309
108 98 0.0436
66 56 146.2151
46 36 13.9913
24 14 16.294
50 40 98.0223
96 86 17.1758
104 94 0.0363
26 16 22.1097
101 91 7.729
63 53 76.2333
87 77 47.9798
21 11 5.4821
89 79 30.8776
30 20 5.3821
65 55 212.8022
72 62 70.9048
94 84 15.0424
38 28 73.4962
23 13 10.0765
29 19 38.559
33 23 38.8085
47 37 134.535
77 67 20.5395
71 61 165.958
103 93 1.9578
28 18 31.0132
96 86 16.6323
37 27 38.0514
108 98 0.0266
108 98 0.1373
38 28 56.7241
50 40 39.7516
100 90 5.1337
27 17 5.4198
95 85 22.7375
66 56 126.309
47 37 132.1832
56 46 36.9519
11 1 0.0075
65 55 209.2451
73 63 69.8969
60 50 191.0023
107 97 0.5577
40 30 73.6396
28 18 24.0305
63 53 228.0716
42 32 12.4744
79 69 20.4342
73 63 126.3588
61 51 118.4921
80 70 17.9432
72 62 33.377
108 98 0.2991
64 54 205.5878
73 63 103.6236
98 88 1.1367
34 24 57.5897
47 37 107.7157
63 53 230.2621
84 74 63.5946
44 34 14.9562
55 45 18.4604
64 54 183.1803
24 14 13.9127
35 25 57.2403
50 40 131.4613
51 41 181.6259
60 50 208.5031
108 98 0.4034
28 18 11.6747
73 63 115.102
83 73 5.5697
104 94 0.5795
71 61 70.644
11 1 0.0173
28 18 32.4371
55 45 48.4976
110 100 0.0
52 42 74.7395
88 78 36.4241
74 64 105.4721
70 60 18.6727
80 70 8.8921
29 19 17.7235
103 93 1.4949
98 88 3.6886
36 26 44.5973
21 11 4.0904
19 9 3.7596
20 10 0.3729
61 51 163.5103
80 70 8.4105
63 53 195.1403
21 11 6.9708
66 56 94.2691
15 5 0.0581
26 16 6.1567
102 92 1.8566
100 90 8.4412
106 96 0.8833
20 10 6.833
103 93 1.364
33 23 48.4314
100 90 2.978
62 52 25.7529
80 70 99.1518
58 48 202.7313
86 76 14.8799
69 59 30.7457
100 90 2.9665
61 51 164.2773
41 31 7.6329
46 36 66.947
39 29 40.4854
35 25 0.5985
73 63 86.4778
96 86 18.2738
57 47 31.788
93 83 7.2426
23 13 12.7469
94 84 7.9062
63 53 100.6063
92 82 15.3541
50 40 111.0529
27 17 31.8516
65 55 93.5632
58 48 32.1
80 70 27.5447
13 3 0.5314
101 91 0.7357
47 37 90.7898
51 41 104.1928
12 2 0.1195
108 98 0.3386
96 86 2.6289
68 58 59.184
107 97 0.9524
21 11 0.0087
40 30 23.1724
56 46 61.0803
31 21 20.7392
58 48 180.0419
78 68 56.1437
44 34 3.0641
108 98 0.1223
71 61 62.264
17 7 2.3936
87 77 33.3748
40 30 71.4253
91 81 15.016
59 49 74.4167
72 62 40.1442
45 35 99.996
83 73 3.3939
54 44 151.847
34 24 44.2557
38 28 53.9835
29 19 32.2121
73 63 17.8325
53 43 147.6109
48 38 61.5751
78 68 83.3189
109 99 0.0736
13 3 0.5052
48 38 103.8439
89 79 13.3609
81 71 89.8058
105 95 2.2025
56 46 86.2369
19 9 2.6346
80 70 31.2898
16 6 0.2943
79 69 33.6698
105 95 0.7708
33 23 16.6842
39 29 40.9444
93 83 11.0253
93 83 12.388
27 17 29.2307
87 77 22.7529
104 94 0.6331
17 7 1.3764
99 89 9.1237
45 35 115.4237
98 88 7.8685
11 1 0.0536
96 86 15.2796
78 68 7.9915
79 69 35.8198
54 44 65.3812
104 94 3.6363
35 25 20.8877
51 41 131.7091
100 90 3.1635
33 23 15.1699
56 46 30.2689
43 33 71.0657
85 75 9.1957
103 93 0.288
19 9 6.1319
50 40 29.0414
60 50 78.8644
59 49 127.9138
73 63 39.5781
31 21 22.1139
12 2 0.4369
45 35 38.4957
72 62 87.5921
61 51 68.9145
87 77 30.4019
89 79 26.0594
24 14 10.4889
38 28 12.6469
92 82 33.3667
84 74 27.8638
109 99 0.0606
92 82 0.7789
17 7 5.0026
83 73 35.7805
79 69 8.2083
37 27 54.9906
88 78 18.4612
90 80 32.2634
66 56 5.0547
61 51 215.8881
44 34 52.3155
30 20 15.3401
100 90 7.6384
87 77 15.4701
96 86 6.1799
98 88 2.7471
63 53 151.8862
11 1 0.0434
28 18 13.8128
57 47 140.2252
55 45 217.5421
41 31 89.5786
84 74 14.5882
20 10 4.1897
52 42 26.3585
67 57 39.6969
32 22 30.7038
78 68 54.331
45 35 5.6635
99 89 1.8838
20 10 3.5774
21 11 0.3088
74 64 138.2135
53 43 9.2727
50 40 47.1248
75 65 6.3338
78 68 55.5662
79 69 86.8642
29 19 3.7703
25 15 2.7206
75 65 130.086
96 86 3.0027
101 91 2.3799
96 86 7.2379
95 85 20.7254
40 30 97.795
39 29 90.5762
19 9 0.5465
24 14 0.9608
23 13 13.6381
88 78 45.6557
32 22 45.1646
95 85 19.3404
58 48 210.7301
31 21 22.1311
93 83 0.0191
105 95 1.5218
56 46 133.7058
55 45 17.3833
90 80 9.8535
60 50 135.5654
91 81 6.2485
31 21 18.2744
87 77 27.3431
43 33 48.079
54 44 192.4941
17 7 2.1493
106 96 0.2133
109 99 0.0435
33 23 30.6359
58 48 236.5235
48 38 128.8199
38 28 50.3868
88 78 0.6019
69 59 78.4938
44 34 11.4603
40 30 95.9832
81 71 0.8865
56 46 55.9512
63 53 33.591
38 28 1.8612
69 59 135.6453
24 14 5.4642
83 73 22.6988
57 47 55.076
73 63 106.2284
79 69 40.4011
22 12 15.9533
48 38 1.365
16 6 0.9878
97 87 6.0677
15 5 2.62
49 39 133.8094
61 51 13.5478
65 55 145.8513
20 10 0.1318
66 56 186.4561
60 50 139.1631
47 37 96.6966
38 28 12.3667
95 85 21.8812
18 8 3.5138
27 17 0.9763
82 72 4.8989
106 96 0.9218
85 75 6.8304
90 80 14.1298
