400 9913 9.9499
25 15 18.8212
106 96 0.9712
25 15 3.957
64 54 60.9124
34 24 51.315
72 62 85.6299
65 55 60.0608
80 70 89.6981
97 87 16.4002
78 68 20.9418
39 29 39.2516
19 9 8.3943
60 50 86.1585
23 13 13.5026
51 41 135.4459
55 45 214.9402
66 56 94.2838
72 62 15.5451
72 62 149.983
82 72 11.9485
96 86 9.4831
105 95 2.6939
39 29 19.1996
38 28 77.6767
62 52 30.1612
59 49 105.2949
11 1 0.0029
82 72 47.7558
32 22 31.0315
78 68 38.0015
89 79 0.2496
15 5 0.7387
30 20 4.7872
60 50 253.815
38 28 36.8317
15 5 2.7513
90 80 32.557
56 46 25.0376
100 90 7.6892
30 20 9.1247
26 16 4.9334
77 67 114.012
101 91 8.8718
105 95 1.8717
33 23 13.862
57 47 43.5724
22 12 0.4956
41 31 35.7083
104 94 1.609
92 82 3.0073
75 65 93.8278
94 84 11.6696
89 79 16.2428
40 30 25.9693
74 64 60.672
60 50 12.3897
94 84 13.5986
38 28 33.6896
76 66 85.6579
77 67 94.335
97 87 11.4218
42 32 23.8935
63 53 115.4786
99 89 7.7417
78 68 3.8507
23 13 18.6815
108 98 0.1407
91 81 22.1155
16 6 2.9185
63 53 111.0817
25 15 15.9006
46 36 106.2515
29 19 29.8155
77 67 52.8895
52 42 135.0698
84 74 17.8155
59 49 14.0675
85 75 31.1757
83 73 49.3012
72 62 68.9781
42 32 34.6214
106 96 1.2229
56 46 208.6228
73 63 42.8209
95 85 2.9818
100 90 4.4741
45 35 0.2868
21 11 6.4753
109 99 0.0449
54 44 166.9021
46 36 77.2723
76 66 70.3702
33 23 50.2246
35 25 60.5474
67 57 1.639
61 51 186.5407
64 54 47.1433
81 71 78.2635
50 40 55.3875
21 11 6.3483
81 71 27.4302
72 62 133.3272
63 53 107.1956
67 57 179.1377
90 80 3.6113
37 27 58.8996
32 22 14.8679
17 7 2.0334
104 94 2.8964
88 78 46.6022
71 61 161.0976
20 10 9.2801
89 79 25.2654
77 67 18.5664
26 16 19.9448
102 92 0.255
70 60 52.2274
15 5 1.1458
79 69 16.7517
91 81 34.9801
41 31 82.9376
110 100 0.0
74 64 121.6095
71 61 2.6639
100 90 9.3793
109 99 0.0616
14 4 1.0166
28 18 4.8756
86 76 59.7236
37 27 70.5302
91 81 15.4336
87 77 11.0687
106 96 1.4611
102 92 2.3546
50 40 111.8117
95 85 14.1203
109 99 0.0299
57 47 164.6924
24 14 8.533
86 76 57.8371
60 50 42.1795
52 42 56.6651
19 9 2.8678
74 64 91.2369
34 24 26.348
101 91 6.8671
74 64 55.2132
26 16 18.4162
25 15 4.5032
61 51 49.2635
99 89 6.2661
51 41 173.2701
97 87 15.7987
11 1 0.0016
64 54 200.6659
70 60 56.862
12 2 0.3401
64 54 37.0781
98 88 11.9439
75 65 79.5831
102 92 1.0534
75 65 61.3087
71 61 4.7117
51 41 13.7783
85 75 39.1259
80 70 50.1665
105 95 1.2441
55 45 57.484
14 4 1.2932
18 8 2.7372
43 33 19.979
53 43 176.3416
76 66 94.7085
61 51 98.6936
58 48 17.2747
19 9 6.0457
81 71 51.213
22 12 1.8767
36 26 50.6523
96 86 14.8422
22 12 11.3344
100 90 5.7621
52 42 112.2526
19 9 8.8804
17 7 5.1176
44 34 39.5484
26 16 7.0771
65 55 80.5026
26 16 23.56
21 11 3.39
94 84 17.0915
17 7 4.6052
11 1 0.0138
75 65 16.099
68 58 50.3042
65 55 9.394
78 68 98.7831
31 21 35.5852
35 25 52.225
68 58 113.4563
11 1 0.06
56 46 13.092
31 21 45.3047
27 17 22.5973
110 100 0.0
48 38 61.0777
52 42 31.6472
93 83 23.6167
86 76 42.1703
47 37 86.9043
84 74 15.811
18 8 2.4328
98 88 2.8029
24 14 19.985
41 31 65.4562
35 25 67.3509
108 98 0.1865
103 93 4.3749
85 75 11.074
18 8 1.9933
30 20 32.1504
87 77 23.3398
17 7 1.5404
86 76 15.1953
47 37 24.8618
37 27 66.9055
80 70 28.9672
18 8 3.1526
44 34 52.012
23 13 14.9547
84 74 35.2665
50 40 74.4515
72 62 84.1734
72 62 25.308
49 39 147.0871
76 66 11.7457
100 90 10.3365
45 35 50.0072
43 33 23.118
75 65 68.3071
68 58 42.4591
42 32 42.3537
43 33 100.0668
93 83 15.2177
67 57 111.9868
35 25 23.3344
42 32 33.7373
18 8 5.1162
25 15 11.4732
96 86 6.8123
99 89 1.0193
55 45 179.8275
49 39 56.5731
40 30 10.992
110 100 0.0
76 66 37.1259
82 72 77.6291
107 97 0.4044
100 90 5.5234
37 27 60.8959
95 85 4.1445
105 95 0.2214
110 100 0.0
85 75 0.8135
77 67 38.0358
78 68 94.9977
42 32 64.779
96 86 4.6214
76 66 59.0463
21 11 12.0994
100 90 10.1065
46 36 64.0178
100 90 11.0324
71 61 134.3456
22 12 6.602
41 31 51.862
69 59 136.6002
13 3 0.4817
97 87 2.6112
91 81 34.2173
28 18 35.6874
20 10 5.1321
48 38 22.6378
43 33 112.3238
53 43 184.2104
32 22 15.3832
68 58 144.0893
47 37 126.2529
79 69 96.458
28 18 16.0888
83 73 22.1993
64 54 45.2232
16 6 3.488
45 35 60.8766
32 22 44.8414
99 89 4.4172
95 85 22.3499
93 83 24.9255
24 14 3.8169
110 100 0.0
15 5 2.1067
105 95 0.143
22 12 5.9687
59 49 50.9652
96 86 3.9703
32 22 1.7682
95 85 20.6911
66 56 31.2275
38 28 10.9767
44 34 121.2667
53 43 188.239
15 5 1.6435
92 82 1.837
49 39 75.8679
63 53 188.2297
80 70 36.0728
97 87 12.1526
35 25 55.8709
53 43 203.5531
64 54 65.5502
79 69 80.7018
105 95 2.1009
96 86 19.0787
34 24 18.4802
15 5 1.1972
49 39 109.7052
14 4 1.4119
11 1 0.0325
67 57 75.1006
55 45 103.7523
13 3 0.7615
93 83 30.4761
40 30 93.3635
55 45 116.3877
79 69 100.1804
29 19 37.4509
47 37 18.0094
89 79 35.5077
46 36 41.1276
69 59 7.1723
86 76 54.2406
22 12 0.3037
11 1 0.0833
44 34 105.8476
73 63 19.3638
80 70 61.649
72 62 116.8357
72 62 97.6954
12 2 0.0085
33 23 41.3814
41 31 58.9509
36 26 68.9322
32 22 41.2107
28 18 0.4764
56 46 186.2441
103 93 2.1183
109 99 0.0373
61 51 254.7444
84 74 64.2656
78 68 40.7834
78 68 90.8245
65 55 148.5668
43 33 19.8662
86 76 23.5186
59 49 125.7889
26 16 25.7085
62 52 246.3165
31 21 5.7248
93 83 27.9004
47 37 107.5279
45 35 88.0763
34 24 15.0283
11 1 0.0138
57 47 191.6503
28 18 30.2311
89 79 41.7691
45 35 40.1077
55 45 107.7075
49 39 128.8988
42 32 91.1736
55 45 165.8434
26 16 26.1822
29 19 29.9191
101 91 7.271
90 80 36.8319
13 3 0.0116
49 39 84.2112
25 15 6.7676
16 6 0.7025
18 8 1.8803
20 10 0.4953
35 25 53.0519
15 5 0.9891
47 37 146.4937
34 24 44.4744
91 81 30.0983
105 95 0.061
109 99 0.1074
32 22 49.761
62 52 108.8117
