400 9998 9.9499
16 6 91.8876
40 30 69.5239
46 36 74.5598
97 87 47.4817
25 15 84.721
100 90 37.9776
29 19 86.0349
47 37 58.74
38 28 76.7323
50 40 78.9539
73 63 40.6547
78 68 38.1998
36 26 78.3367
22 12 89.7226
20 10 90.007
30 20 87.6321
103 93 22.9106
104 94 42.9811
96 86 12.3412
75 65 38.3718
100 90 14.6192
96 86 28.5006
102 92 23.3192
27 17 79.9701
96 86 24.558
75 65 61.1102
88 78 43.9105
15 5 95.492
53 43 47.3702
90 80 39.4208
28 18 82.5227
52 42 58.0172
31 21 76.622
91 81 30.8914
69 59 57.4124
75 65 51.9682
48 38 64.4359
66 56 38.2864
24 14 91.3974
16 6 93.6443
72 62 39.8931
70 60 52.7933
59 49 58.4476
69 59 68.3218
85 75 41.9956
73 63 61.6084
86 76 38.9002
52 42 64.1393
29 19 83.3916
104 94 15.0823
18 8 93.476
32 22 85.1468
104 94 34.6509
16 6 93.0164
38 28 71.7189
64 54 51.406
76 66 41.4118
107 97 11.5342
78 68 45.3346
110 100 20.0964
38 28 82.1833
93 83 20.3545
109 99 38.3111
108 98 24.3029
46 36 73.0034
44 34 58.3207
24 14 91.5696
11 1 98.8294
70 60 55.3774
35 25 70.9756
45 35 63.3887
100 90 46.0403
76 66 37.2845
62 52 58.4063
109 99 37.7635
83 73 64.9765
105 95 17.8532
103 93 28.3769
59 49 52.3496
110 100 24.2872
75 65 57.8588
40 30 82.0963
99 89 29.6753
58 48 68.3301
47 37 72.1378
56 46 55.7576
25 15 85.6032
81 71 36.9299
77 67 33.509
55 45 46.4183
32 22 86.8885
68 58 41.6115
52 42 70.9149
46 36 79.2385
54 44 69.4389
41 31 79.9933
84 74 33.509
74 64 66.8159
73 63 37.5781
79 69 50.3759
105 95 45.6841
32 22 75.5005
51 41 75.4414
66 56 66.7048
31 21 80.0936
109 99 53.6659
37 27 65.6084
76 66 50.1151
46 36 72.4797
14 4 97.4663
86 76 25.5955
75 65 66.4127
66 56 40.7516
15 5 93.3658
97 87 55.0119
94 84 18.3869
14 4 96.1419
25 15 89.7036
69 59 52.0995
98 88 38.4871
63 53 40.5947
77 67 57.0795
87 77 51.184
76 66 62.5839
59 49 51.4964
28 18 88.3562
88 78 46.274
34 24 75.8415
16 6 92.4386
25 15 90.9143
28 18 76.3928
17 7 93.0627
76 66 52.9198
55 45 45.4802
25 15 87.2169
19 9 91.3267
35 25 75.4049
110 100 7.33
91 81 33.3414
95 85 43.1938
40 30 68.34
102 92 40.1817
68 58 39.617
13 3 97.9664
80 70 48.1692
62 52 71.4752
60 50 52.4813
30 20 83.8909
17 7 92.9335
58 48 63.096
75 65 46.7473
19 9 91.6442
96 86 28.7478
100 90 19.3257
19 9 90.0127
13 3 97.3972
28 18 84.2394
82 72 26.5029
36 26 82.7299
82 72 35.2207
75 65 46.8431
55 45 68.6777
46 36 59.2253
19 9 92.9296
107 97 26.6576
79 69 42.4218
15 5 96.8256
32 22 86.8065
99 89 17.4214
44 34 77.6372
96 86 32.0016
73 63 52.5016
99 89 25.1292
48 38 60.5907
74 64 61.8802
57 47 53.7685
110 100 14.9498
64 54 48.5948
41 31 77.9618
29 19 82.2268
18 8 93.1843
88 78 57.6704
17 7 93.4896
25 15 83.6713
88 78 34.9884
46 36 74.7758
72 62 33.3067
19 9 88.7194
55 45 53.4346
27 17 85.1855
101 91 26.1141
72 62 50.8283
64 54 41.8907
35 25 74.5201
69 59 45.0322
88 78 32.8169
87 77 56.8214
102 92 30.8158
46 36 61.6885
61 51 43.6049
59 49 61.8802
14 4 95.8931
85 75 49.0252
81 71 33.6528
68 58 43.9688
105 95 14.1925
43 33 69.9565
27 17 87.4206
30 20 75.3216
82 72 33.5901
55 45 65.8451
92 82 13.1254
43 33 79.2331
28 18 84.2302
32 22 83.4811
102 92 21.6523
24 14 83.728
24 14 86.1277
45 35 75.1776
16 6 93.0646
98 88 32.4991
107 97 55.0965
107 97 27.1243
91 81 32.81
68 58 64.1633
104 94 21.0672
41 31 73.9204
37 27 79.1993
46 36 69.5556
101 91 36.7575
24 14 85.97
70 60 47.0116
14 4 95.5506
12 2 97.8952
48 38 54.0607
16 6 94.5542
104 94 29.119
15 5 95.8226
30 20 85.1412
90 80 41.35
15 5 95.5272
19 9 94.3851
78 68 37.0443
17 7 91.3057
16 6 96.3774
43 33 68.7208
46 36 61.2447
38 28 76.9252
35 25 74.9367
99 89 21.3573
96 86 34.3443
65 55 68.3813
46 36 65.9149
97 87 47.3661
37 27 70.4089
38 28 77.2852
13 3 96.5444
49 39 69.624
33 23 80.8633
100 90 43.5138
43 33 81.0684
12 2 98.3171
92 82 46.187
79 69 54.4305
28 18 83.8781
12 2 97.65
51 41 79.3596
19 9 93.6927
99 89 29.8542
27 17 79.1548
41 31 64.685
33 23 79.7395
67 57 52.2454
30 20 78.5989
27 17 84.3036
40 30 74.2596
66 56 57.0977
36 26 67.9405
49 39 72.5052
96 86 38.7357
70 60 57.8893
55 45 56.4707
32 22 73.649
18 8 92.9084
102 92 38.3396
60 50 60.1369
110 100 22.4032
67 57 57.5474
47 37 75.1862
33 23 76.7639
64 54 60.7807
61 51 56.8335
75 65 52.2599
76 66 63.1485
30 20 77.3767
54 44 58.7415
37 27 74.3182
104 94 53.3338
65 55 53.328
52 42 61.9448
93 83 38.4933
41 31 77.7942
43 33 70.9183
92 82 28.6899
61 51 51.4046
89 79 50.7528
109 99 14.1971
37 27 82.8664
68 58 51.1139
91 81 35.8957
102 92 58.1605
62 52 47.7661
28 18 82.2703
108 98 20.3943
110 100 21.1223
101 91 38.2901
60 50 45.8695
71 61 56.3896
35 25 84.4193
41 31 82.2558
51 41 47.3771
75 65 37.4483
72 62 41.1805
79 69 39.9348
66 56 52.1082
95 85 30.261
77 67 31.9881
96 86 30.5433
57 47 49.7349
48 38 68.7705
81 71 41.3693
88 78 19.7847
61 51 62.5681
83 73 44.4489
35 25 76.3474
22 12 87.4954
31 21 81.7596
77 67 35.6111
38 28 75.6743
92 82 35.0464
85 75 39.8716
28 18 76.2443
37 27 80.9046
69 59 70.8913
74 64 55.3789
47 37 79.1246
15 5 95.7169
105 95 39.6484
44 34 72.5103
106 96 13.6323
28 18 87.9356
89 79 28.4025
107 97 26.3077
68 58 70.5197
99 89 35.1851
97 87 35.9532
51 41 67.9899
37 27 79.7056
28 18 76.5118
81 71 40.1588
24 14 85.742
92 82 30.7703
87 77 33.9038
95 85 53.6131
51 41 59.9246
14 4 96.3362
64 54 64.2563
26 16 85.2372
53 43 73.5135
83 73 28.8423
53 43 64.4697
104 94 39.4309
74 64 58.524
56 46 56.0357
54 44 67.5783
46 36 64.0384
74 64 29.9121
74 64 48.1844
93 83 47.6528
33 23 78.2853
81 71 30.2643
99 89 36.1357
15 5 96.3735
57 47 71.868
64 54 71.3197
55 45 68.1054
51 41 56.5188
40 30 73.5752
100 90 30.9036
14 4 96.4285
42 32 77.7853
56 46 57.3867
99 89 29.4903
93 83 21.4388
42 32 64.55
14 4 96.6446
24 14 84.4396
20 10 91.8071
94 84 16.6782
21 11 90.7294
