100 2236 4.3589
20 10 94.3424
72 62 65.0507
12 2 98.462
78 68 64.8154
58 48 55.4831
12 2 98.4163
17 7 92.3752
34 24 81.9369
52 42 50.4043
54 44 72.8599
55 45 70.278
39 29 71.3687
58 48 54.96
62 52 49.7716
74 64 38.9838
22 12 87.2281
76 66 64.5612
40 30 77.9053
77 67 36.8485
62 52 58.1101
16 6 94.0454
45 35 70.1976
76 66 46.8718
50 40 61.6696
95 85 18.6607
95 85 36.4055
72 62 46.7254
18 8 92.0832
75 65 43.0625
30 20 75.4171
74 64 47.8186
16 6 92.6868
67 57 56.328
72 62 30.1028
27 17 90.3203
106 96 9.7113
28 18 77.2782
88 78 40.9741
107 97 32.2374
34 24 70.9756
102 92 28.5135
94 84 27.8225
106 96 16.5055
53 43 64.603
84 74 58.0278
93 83 33.301
65 55 48.0845
26 16 86.046
53 43 67.9685
43 33 72.4558
94 84 27.2129
58 48 59.0362
17 7 89.6961
40 30 64.9346
69 59 48.0748
68 58 54.4984
95 85 39.0675
38 28 65.1669
51 41 67.4879
56 46 56.3596
30 20 81.1639
53 43 56.4046
65 55 35.77
27 17 82.8755
106 96 16.4868
27 17 81.7903
39 29 62.9246
28 18 85.0656
39 29 78.388
28 18 85.7291
38 28 74.0099
98 88 51.0667
49 39 69.7342
62 52 46.2645
95 85 35.6947
47 37 53.3864
108 98 53.3659
99 89 48.2025
36 26 77.5175
41 31 74.0288
44 34 75.5578
68 58 40.0879
15 5 95.2166
51 41 66.0286
29 19 74.4096
90 80 24.7825
66 56 57.4094
49 39 68.4508
64 54 46.3529
64 54 38.1739
35 25 76.6115
102 92 14.0715
48 38 73.9875
39 29 83.116
13 3 97.5966
12 2 98.8096
30 20 76.3824
17 7 90.2367
21 11 87.1889
30 20 87.3085
