900 22706 4.3589
108 98 52.6162
65 55 24.4313
18 8 0.2758
99 89 23.4576
17 7 0.1841
42 32 4.6894
20 10 0.5181
60 50 11.8791
67 57 31.6271
40 30 4.1657
11 1 0.0039
43 33 8.4803
34 24 4.6777
103 93 36.3874
18 8 0.4679
66 56 14.106
32 22 3.1734
18 8 0.3459
38 28 4.6105
28 18 3.0615
100 90 53.4712
30 20 3.5717
29 19 3.3632
27 17 1.5675
63 53 14.327
51 41 10.7853
24 14 1.79
51 41 4.7124
34 24 5.579
59 49 8.4489
81 71 37.8028
68 58 30.7404
98 88 75.4275
90 80 62.6409
78 68 13.1696
77 67 23.2073
42 32 8.4175
45 35 3.2141
71 61 29.5534
26 16 1.9124
47 37 8.31
24 14 0.8656
22 12 1.2832
39 29 8.3065
51 41 10.744
109 99 25.5409
31 21 3.5491
57 47 18.671
83 73 25.6887
54 44 19.1669
88 78 32.2885
35 25 3.7392
55 45 5.9185
88 78 16.3814
79 69 13.9233
46 36 5.2221
19 9 0.7078
110 100 65.3802
61 51 13.4836
78 68 18.5709
65 55 20.894
12 2 0.0164
93 83 24.0924
50 40 13.1501
98 88 20.4431
98 88 76.1483
74 64 12.7878
75 65 11.9585
60 50 9.5444
90 80 45.0295
11 1 0.0029
55 45 16.4049
66 56 13.0668
106 96 82.6117
110 100 75.0944
71 61 10.7551
84 74 40.3403
107 97 85.3277
99 89 33.1235
12 2 0.0155
60 50 14.8795
89 79 45.4896
75 65 13.262
86 76 34.3291
18 8 0.4074
101 91 71.1442
24 14 1.7038
65 55 19.9478
106 96 73.6833
110 100 30.8869
96 86 56.1825
19 9 0.7898
30 20 1.1215
92 82 42.607
18 8 0.4445
23 13 1.0177
41 31 5.0364
101 91 46.9814
88 78 21.8313
20 10 0.7656
15 5 0.1307
99 89 32.4866
11 1 0.004
93 83 66.1815
23 13 1.2837
16 6 0.1256
61 51 9.6026
26 16 1.0094
47 37 10.0533
13 3 0.0319
104 94 31.1431
102 92 29.4263
64 54 7.7106
91 81 32.8363
63 53 20.1547
92 82 34.0694
92 82 27.794
65 55 28.8799
95 85 54.2609
88 78 15.5709
98 88 21.8182
35 25 2.9974
23 13 0.8898
60 50 17.3872
64 54 10.8834
45 35 10.744
77 67 15.203
72 62 13.3949
62 52 13.4322
89 79 17.1189
99 89 19.8533
85 75 49.1808
29 19 1.2021
104 94 38.7643
48 38 9.3746
110 100 47.6956
12 2 0.0398
106 96 49.5869
78 68 22.3256
84 74 23.4556
106 96 27.594
85 75 14.4263
94 84 30.3028
49 39 13.608
34 24 2.0523
81 71 41.4826
100 90 31.8502
17 7 0.3823
89 79 33.6644
64 54 15.8946
93 83 53.3922
80 70 34.3888
35 25 2.4081
107 97 60.6467
96 86 37.3688
59 49 14.4392
97 87 43.3082
49 39 8.6354
46 36 10.0908
53 43 9.3709
77 67 38.4028
65 55 25.005
68 58 12.4263
38 28 2.7919
30 20 2.3627
19 9 0.4006
102 92 62.831
66 56 27.5583
90 80 36.4333
29 19 1.6093
94 84 49.7801
90 80 43.4123
94 84 63.5974
89 79 35.549
77 67 18.2799
51 41 15.3633
75 65 20.821
51 41 15.1352
28 18 2.6212
86 76 15.2889
96 86 27.6771
60 50 10.672
12 2 0.0209
109 99 90.1854
68 58 26.0825
93 83 24.957
85 75 44.2957
69 59 13.6095
106 96 68.6976
105 95 87.5179
35 25 1.6778
17 7 0.1302
85 75 50.2667
75 65 21.058
38 28 4.9271
92 82 62.3547
64 54 12.6679
32 22 2.2073
49 39 8.6701
65 55 27.3874
102 92 39.249
91 81 36.6751
107 97 85.0527
104 94 46.6749
30 20 1.8835
47 37 5.5197
18 8 0.2516
79 69 28.7317
86 76 19.8417
84 74 53.9314
25 15 2.2249
86 76 52.1241
45 35 3.1389
86 76 15.5047
35 25 3.5888
21 11 0.5245
68 58 28.2875
102 92 51.5668
44 34 6.6983
43 33 10.7479
53 43 10.7853
41 31 2.5892
98 88 26.011
23 13 0.6628
28 18 2.3654
37 27 4.0974
35 25 1.9338
71 61 14.9815
98 88 23.3212
14 4 0.073
12 2 0.0316
92 82 56.4001
28 18 1.5055
85 75 20.6261
68 58 16.3014
86 76 31.5496
54 44 6.9854
66 56 23.8085
19 9 0.6058
70 60 28.6075
106 96 86.9594
13 3 0.073
85 75 43.1215
104 94 29.6556
80 70 23.7773
72 62 24.4718
29 19 1.0335
81 71 48.7302
71 61 35.8741
32 22 1.8409
51 41 13.6294
90 80 23.6585
109 99 42.7115
40 30 5.9981
23 13 0.563
58 48 12.878
102 92 26.3939
62 52 22.9431
99 89 56.2395
14 4 0.1106
79 69 17.0652
63 53 10.5781
91 81 22.0111
78 68 12.5068
80 70 17.2441
75 65 14.4263
86 76 20.6907
63 53 15.5543
84 74 36.2789
100 90 30.0162
86 76 47.7357
79 69 43.8535
18 8 0.4074
39 29 3.6481
79 69 29.1244
40 30 2.9729
108 98 31.716
39 29 2.3562
90 80 16.0448
80 70 17.4231
36 26 3.2924
106 96 63.9472
77 67 19.6249
38 28 6.6358
57 47 10.9614
25 15 2.1442
50 40 6.5926
53 43 7.5378
94 84 34.8997
57 47 12.325
51 41 13.5446
67 57 25.4329
15 5 0.2136
57 47 7.6115
75 65 25.9213
30 20 3.738
40 30 5.8129
35 25 4.9337
31 21 1.7902
51 41 6.9353
27 17 1.8523
60 50 20.4159
84 74 18.3372
104 94 24.1789
43 33 2.8083
70 60 13.4256
29 19 1.2239
47 37 12.5196
38 28 7.4066
108 98 94.253
15 5 0.1744
101 91 47.1626
32 22 3.9335
46 36 3.903
104 94 50.3447
27 17 2.2014
46 36 8.875
45 35 10.4335
97 87 33.8864
71 61 13.9398
51 41 13.5726
61 51 21.8024
103 93 74.6582
82 72 29.3396
17 7 0.2651
57 47 11.0882
87 77 33.4165
60 50 20.0623
75 65 32.9947
38 28 2.2789
93 83 50.6901
73 63 11.7992
47 37 4.7563
81 71 34.9707
14 4 0.0955
67 57 16.7199
42 32 5.1774
36 26 2.7073
62 52 11.9924
55 45 13.8094
70 60 13.8057
37 27 1.8368
65 55 28.7339
16 6 0.1505
11 1 0.0098
72 62 14.3906
70 60 16.1395
64 54 13.7678
95 85 28.5028
27 17 1.4501
50 40 10.1678
59 49 12.4821
105 95 80.0255
101 91 25.5894
110 100 77.9283
99 89 65.2525
32 22 2.0426
110 100 36.1598
84 74 20.1027
79 69 13.3656
27 17 2.4013
43 33 7.4917
24 14 1.3519
39 29 6.7283
26 16 1.3336
94 84 18.3167
65 55 28.1356
79 69 38.6511
76 66 19.8194
11 1 0.0054
31 21 2.4558
59 49 6.278
28 18 1.6091
42 32 3.886
51 41 5.5805
16 6 0.246
97 87 33.6586
100 90 56.823
34 24 3.745
101 91 33.5172
44 34 3.6906
69 59 8.828
91 81 19.9353
52 42 6.5096
43 33 10.7093
75 65 23.2189
97 87 28.0635
82 72 17.619
17 7 0.2953
43 33 5.8245
98 88 53.9373
75 65 41.7045
38 28 3.1262
60 50 15.0412
92 82 18.9025
49 39 5.1593
44 34 10.1978
34 24 5.1948
17 7 0.4563
62 52 11.2413
90 80 19.082
57 47 21.436
53 43 6.7444
83 73 39.9664
32 22 1.4033
65 55 25.957
47 37 3.8408
25 15 1.709
104 94 23.8671
18 8 0.2815
82 72 18.6348
55 45 10.7906
11 1 0.0044
106 96 77.1674
86 76 44.4596
27 17 2.6638
88 78 37.7647
67 57 11.624
88 78 27.3927
69 59 26.6566
74 64 20.8593
53 43 15.004
32 22 3.0951
93 83 35.8083
12 2 0.026
73 63 17.3872
40 30 7.5411
74 64 33.6412
91 81 28.0349
52 42 4.8084
84 74 25.6684
33 23 1.4035
54 44 16.7756
105 95 52.9897
86 76 32.8845
72 62 13.3524
39 29 6.9506
32 22 3.6199
52 42 5.0234
67 57 26.9693
33 23 2.6939
71 61 19.8426
49 39 10.4853
80 70 35.267
29 19 1.2665
102 92 61.1602
105 95 82.7973
73 63 19.4137
96 86 19.9836
91 81 57.5337
92 82 66.9566
56 46 10.2074
92 82 45.4465
63 53 20.8575
87 77 23.5293
71 61 30.1434
89 79 20.2149
103 93 38.6697
34 24 3.621
65 55 27.1785
94 84 37.2454
86 76 20.5354
107 97 48.0207
109 99 50.4682
63 53 7.8512
58 48 11.9585
73 63 38.7407
41 31 5.9395
27 17 1.3248
21 11 0.8111
15 5 0.165
39 29 7.5246
108 98 40.1284
64 54 10.3716
42 32 5.9795
40 30 3.8801
16 6 0.0977
89 79 40.7376
17 7 0.368
38 28 7.227
58 48 20.0122
63 53 9.3025
82 72 50.7599
59 49 6.246
91 81 44.9141
27 17 1.4648
84 74 30.888
85 75 48.8433
101 91 37.8483
40 30 5.5649
105 95 30.6484
79 69 44.2345
63 53 20.79
50 40 13.8369
74 64 15.4858
59 49 9.2873
92 82 29.2486
18 8 0.3604
56 46 13.0437
33 23 3.7784
47 37 8.5545
104 94 59.3085
84 74 37.1246
97 87 21.9642
69 59 27.7244
106 96 27.8541
47 37 5.5639
17 7 0.2744
17 7 0.2024
12 2 0.0138
59 49 18.1962
53 43 13.4821
104 94 68.4856
90 80 49.8351
74 64 35.4382
100 90 76.1745
11 1 0.0036
75 65 23.6527
23 13 0.4368
83 73 13.9457
81 71 19.0279
51 41 6.8696
19 9 0.659
13 3 0.0869
102 92 32.5105
68 58 15.6927
62 52 17.495
105 95 58.1452
99 89 72.1514
61 51 21.8949
95 85 43.4676
16 6 0.1643
74 64 24.3631
21 11 0.5332
30 20 1.6203
53 43 12.4807
82 72 21.7557
91 81 57.6582
88 78 32.4251
11 1 0.007
70 60 21.0598
104 94 70.8425
67 57 27.9524
98 88 24.3937
15 5 0.2037
47 37 8.09
94 84 68.6346
95 85 18.3484
68 58 10.5567
37 27 1.8967
106 96 30.5875
104 94 44.2611
16 6 0.1033
73 63 34.3806
75 65 20.905
77 67 20.6616
24 14 0.9841
28 18 0.8327
13 3 0.0558
70 60 9.4396
67 57 9.8094
98 88 69.5589
33 23 3.75
55 45 9.1991
23 13 0.6952
85 75 50.0372
30 20 2.616
13 3 0.0547
34 24 1.4663
36 26 2.253
99 89 75.1689
38 28 2.711
100 90 45.8871
53 43 14.067
27 17 1.4935
89 79 44.8659
28 18 2.2659
35 25 1.96
20 10 0.853
96 86 26.1837
48 38 4.0317
32 22 1.6825
39 29 5.6768
104 94 28.2641
89 79 25.4894
42 32 5.1706
102 92 23.9924
30 20 3.4745
61 51 21.2881
49 39 4.752
31 21 1.6703
50 40 10.5021
15 5 0.1078
62 52 13.3598
78 68 16.6929
105 95 79.0037
103 93 77.3978
53 43 13.9301
74 64 13.0711
32 22 4.8123
22 12 0.8332
106 96 31.2112
18 8 0.3596
54 44 16.5999
67 57 10.8313
71 61 21.1251
26 16 0.7377
35 25 3.6577
12 2 0.0242
98 88 43.2464
77 67 20.4196
13 3 0.0509
20 10 0.56
15 5 0.2046
13 3 0.0398
62 52 11.5961
84 74 26.1172
62 52 11.1216
58 48 19.6063
65 55 11.7731
57 47 16.1886
85 75 30.0446
65 55 28.2524
15 5 0.0717
30 20 2.7889
75 65 23.7033
50 40 14.7948
12 2 0.0154
31 21 3.087
14 4 0.0666
102 92 26.701
22 12 0.9023
79 69 40.4674
12 2 0.0368
77 67 15.2412
50 40 14.1511
52 42 15.9425
14 4 0.0646
47 37 12.5245
32 22 1.2807
24 14 1.7348
59 49 19.9961
56 46 16.5747
38 28 2.5002
20 10 0.8844
109 99 25.444
43 33 8.1722
21 11 1.0745
24 14 0.9683
23 13 1.5633
32 22 1.3605
108 98 83.22
104 94 46.0132
102 92 75.0857
97 87 27.013
24 14 0.8664
40 30 7.8467
91 81 35.3288
100 90 35.0713
69 59 31.5114
69 59 15.803
24 14 0.6054
85 75 34.5297
106 96 42.5561
43 33 9.4642
23 13 0.8012
61 51 20.7508
42 32 6.9496
11 1 0.0046
17 7 0.3792
19 9 0.4996
46 36 7.8591
57 47 6.0782
62 52 13.2765
43 33 9.2137
103 93 29.8247
52 42 12.1536
51 41 8.2979
40 30 3.5427
28 18 3.1163
102 92 32.9028
77 67 12.1976
70 60 20.4232
53 43 5.0859
28 18 2.2852
91 81 42.9641
88 78 39.2264
14 4 0.0512
58 48 18.0217
77 67 29.5153
44 34 2.9282
13 3 0.0294
99 89 36.8024
77 67 21.9652
56 46 17.6618
103 93 64.1008
101 91 77.5474
55 45 10.1723
29 19 1.3736
24 14 1.435
39 29 4.3506
99 89 61.8504
71 61 22.6986
88 78 39.1826
85 75 30.348
103 93 51.6185
36 26 2.7123
94 84 33.4616
26 16 1.5388
108 98 90.3869
54 44 18.946
96 86 38.0319
25 15 1.3243
71 61 12.9715
15 5 0.1011
52 42 7.381
89 79 31.9824
90 80 22.9451
22 12 1.0789
22 12 1.2452
62 52 17.6795
105 95 45.5666
86 76 56.0986
30 20 2.5068
13 3 0.0529
12 2 0.0287
46 36 4.904
62 52 10.931
23 13 0.7625
71 61 27.0827
99 89 36.7903
76 66 11.2366
67 57 13.7278
48 38 5.7236
47 37 5.7198
68 58 18.5425
61 51 18.8182
58 48 7.6535
104 94 72.7285
16 6 0.1498
57 47 17.3639
26 16 0.9006
58 48 14.6819
45 35 4.2082
91 81 29.332
80 70 42.3827
94 84 18.5055
39 29 2.3867
56 46 5.8342
40 30 4.9262
27 17 0.9118
19 9 0.3674
11 1 0.0081
110 100 55.2554
104 94 30.0501
53 43 10.9899
27 17 1.0044
109 99 64.0848
97 87 75.1308
27 17 1.2078
22 12 1.3174
108 98 26.6483
15 5 0.1515
52 42 4.4563
58 48 13.0653
45 35 10.2368
75 65 39.4799
40 30 6.3182
11 1 0.0063
16 6 0.3047
66 56 21.3185
18 8 0.5259
39 29 5.2249
83 73 51.0324
83 73 25.5824
75 65 15.4842
85 75 26.0375
35 25 4.3853
78 68 35.443
92 82 42.1305
48 38 5.0077
74 64 24.678
59 49 10.0198
67 57 24.7974
11 1 0.0041
66 56 10.6446
11 1 0.004
27 17 0.8407
102 92 41.2691
18 8 0.5676
67 57 11.982
80 70 19.36
20 10 0.4703
66 56 18.1979
19 9 0.228
15 5 0.1061
44 34 7.3457
41 31 2.9822
87 77 27.0577
15 5 0.215
52 42 11.791
93 83 55.3997
80 70 34.8289
48 38 12.5061
66 56 8.0883
65 55 27.4345
21 11 0.7203
64 54 21.0002
39 29 4.4808
102 92 27.6066
46 36 4.7878
88 78 19.0497
109 99 93.3117
92 82 41.569
49 39 13.455
36 26 2.5613
100 90 27.0535
88 78 23.5778
28 18 2.5202
29 19 2.0921
33 23 5.1406
36 26 5.3815
81 71 15.1796
65 55 19.1363
50 40 8.2668
84 74 41.1766
24 14 0.859
13 3 0.0589
59 49 18.621
107 97 76.4785
32 22 1.4436
18 8 0.2338
102 92 57.0448
41 31 5.0095
49 39 7.2237
35 25 1.7237
22 12 0.8718
16 6 0.1924
76 66 15.1702
101 91 54.8014
35 25 3.6481
104 94 31.285
42 32 3.99
35 25 4.7952
104 94 23.3009
70 60 17.4716
109 99 57.5413
39 29 4.442
106 96 82.3647
13 3 0.0228
59 49 11.2795
69 59 17.6115
26 16 1.8824
105 95 73.8757
13 3 0.0716
75 65 13.1566
66 56 11.041
18 8 0.5436
44 34 5.8923
12 2 0.0349
24 14 1.5558
61 51 11.0563
74 64 39.0438
79 69 28.3333
85 75 14.4233
48 38 6.4811
55 45 10.9316
22 12 1.2805
83 73 42.3424
16 6 0.2466
65 55 9.8778
55 45 14.3444
77 67 15.1119
52 42 11.0071
35 25 4.0756
13 3 0.0426
26 16 2.409
75 65 33.1281
106 96 23.1226
32 22 1.5926
99 89 40.9677
83 73 18.2602
23 13 0.7818
101 91 31.4194
19 9 0.5663
99 89 59.583
95 85 61.1868
78 68 14.191
84 74 35.7987
99 89 60.6125
110 100 71.8968
88 78 50.2936
67 57 9.9471
51 41 9.8295
107 97 90.7142
74 64 21.3675
60 50 6.7211
76 66 41.0227
86 76 29.5055
58 48 22.8503
