100 2637 4.3589
100 90 34.7534
59 49 59.0331
84 74 45.227
98 88 30.1489
49 39 50.1561
32 22 78.7017
37 27 82.8118
23 13 85.944
62 52 45.0832
50 40 75.8206
46 36 72.4933
81 71 47.2464
39 29 64.7719
11 1 98.595
28 18 85.3185
81 71 41.9917
97 87 26.0324
103 93 29.358
100 90 32.1534
38 28 77.3415
72 62 54.2653
32 22 86.4231
73 63 37.9013
55 45 69.3606
53 43 60.9695
29 19 77.4523
70 60 47.417
94 84 33.9901
57 47 65.8062
99 89 37.1673
103 93 25.711
110 100 10.3176
49 39 58.5822
16 6 94.6963
47 37 64.4616
86 76 40.9626
59 49 51.3258
109 99 26.3066
24 14 87.3215
71 61 50.4839
43 33 74.755
55 45 67.199
98 88 46.2713
60 50 58.0918
92 82 25.7232
21 11 91.9432
60 50 68.6048
79 69 30.6661
101 91 46.7049
92 82 39.6081
19 9 87.2207
41 31 71.0582
48 38 68.1814
17 7 95.8558
57 47 65.3026
98 88 30.7537
82 72 46.7555
85 75 46.9321
55 45 48.2025
69 59 59.367
27 17 84.6326
73 63 53.8521
74 64 55.498
67 57 53.8991
88 78 29.3894
25 15 91.5026
48 38 71.1813
16 6 93.4258
44 34 69.6841
75 65 32.9958
89 79 25.449
88 78 41.6167
105 95 44.9758
65 55 35.5204
37 27 75.0302
50 40 69.1791
13 3 96.0243
76 66 29.4751
87 77 57.0418
68 58 43.9145
31 21 72.9589
73 63 57.8223
68 58 48.0221
37 27 77.034
49 39 67.7856
93 83 32.9556
68 58 51.5036
105 95 44.0126
57 47 52.27
75 65 53.5561
86 76 34.9837
49 39 61.3716
45 35 70.8476
91 81 36.1465
53 43 69.913
61 51 57.2504
11 1 99.3072
31 21 83.0176
74 64 52.6655
104 94 25.6816
