100 2566 4.3589
53 53 28.09
54 54 29.16
98 98 96.04
53 53 28.09
63 63 39.69
88 88 77.44
70 70 49.0
82 82 67.24
59 59 34.81
25 25 6.25
14 14 1.96
56 56 31.36
38 38 14.44
45 45 20.25
97 97 94.09
100 100 100.0
7 7 0.49
82 82 67.24
54 54 29.16
88 88 77.44
68 68 46.24
59 59 34.81
35 35 12.25
65 65 42.25
28 28 7.84
56 56 31.36
94 94 88.36
19 19 3.61
41 41 16.81
75 75 56.25
16 16 2.56
7 7 0.49
31 31 9.61
48 48 23.04
82 82 67.24
50 50 25.0
12 12 1.44
21 21 4.41
18 18 3.24
52 52 27.04
56 56 31.36
74 74 54.76
58 58 33.64
58 58 33.64
42 42 17.64
38 38 14.44
96 96 92.16
5 5 0.25
93 93 86.49
33 33 10.89
13 13 1.69
53 53 28.09
75 75 56.25
74 74 54.76
63 63 39.69
25 25 6.25
54 54 29.16
88 88 77.44
60 60 36.0
92 92 84.64
86 86 73.96
85 85 72.25
38 38 14.44
67 67 44.89
24 24 5.76
36 36 12.96
7 7 0.49
67 67 44.89
10 10 1.0
60 60 36.0
38 38 14.44
43 43 18.49
62 62 38.44
21 21 4.41
98 98 96.04
15 15 2.25
20 20 4.0
95 95 90.25
24 24 5.76
97 97 94.09
78 78 60.84
81 81 65.61
95 95 90.25
32 32 10.24
25 25 6.25
70 70 49.0
11 11 1.21
72 72 51.84
55 55 30.25
3 3 0.09
8 8 0.64
77 77 59.29
12 12 1.44
51 51 26.01
26 26 6.76
4 4 0.16
54 54 29.16
73 73 53.29
51 51 26.01
8 8 0.64
