400 9954 4.3589
41 41 16.81
11 11 1.21
69 69 47.61
61 61 37.21
79 79 62.41
3 3 0.09
68 68 46.24
61 61 37.21
57 57 32.49
85 85 72.25
23 23 5.29
63 63 39.69
23 23 5.29
40 40 16.0
28 28 7.84
2 2 0.04
30 30 9.0
63 63 39.69
5 5 0.25
17 17 2.89
55 55 30.25
29 29 8.41
8 8 0.64
85 85 72.25
88 88 77.44
96 96 92.16
49 49 24.01
4 4 0.16
8 8 0.64
57 57 32.49
39 39 15.21
42 42 17.64
85 85 72.25
89 89 79.21
46 46 21.16
47 47 22.09
7 7 0.49
83 83 68.89
74 74 54.76
68 68 46.24
5 5 0.25
5 5 0.25
17 17 2.89
1 1 0.01
14 14 1.96
64 64 40.96
76 76 57.76
43 43 18.49
64 64 40.96
38 38 14.44
66 66 43.56
16 16 2.56
54 54 29.16
10 10 1.0
57 57 32.49
86 86 73.96
91 91 82.81
73 73 53.29
63 63 39.69
20 20 4.0
6 6 0.36
63 63 39.69
71 71 50.41
27 27 7.29
31 31 9.61
64 64 40.96
67 67 44.89
90 90 81.0
87 87 75.69
23 23 5.29
71 71 50.41
42 42 17.64
17 17 2.89
89 89 79.21
31 31 9.61
27 27 7.29
22 22 4.84
17 17 2.89
25 25 6.25
44 44 19.36
18 18 3.24
19 19 3.61
42 42 17.64
77 77 59.29
71 71 50.41
51 51 26.01
39 39 15.21
53 53 28.09
62 62 38.44
60 60 36.0
60 60 36.0
67 67 44.89
64 64 40.96
70 70 49.0
12 12 1.44
97 97 94.09
64 64 40.96
47 47 22.09
63 63 39.69
24 24 5.76
100 100 100.0
87 87 75.69
28 28 7.84
15 15 2.25
45 45 20.25
35 35 12.25
47 47 22.09
6 6 0.36
9 9 0.81
30 30 9.0
15 15 2.25
10 10 1.0
20 20 4.0
91 91 82.81
28 28 7.84
19 19 3.61
84 84 70.56
62 62 38.44
43 43 18.49
62 62 38.44
98 98 96.04
53 53 28.09
60 60 36.0
75 75 56.25
9 9 0.81
73 73 53.29
93 93 86.49
86 86 73.96
65 65 42.25
83 83 68.89
80 80 64.0
91 91 82.81
35 35 12.25
14 14 1.96
6 6 0.36
99 99 98.01
58 58 33.64
25 25 6.25
47 47 22.09
70 70 49.0
60 60 36.0
84 84 70.56
83 83 68.89
63 63 39.69
54 54 29.16
15 15 2.25
74 74 54.76
16 16 2.56
19 19 3.61
67 67 44.89
57 57 32.49
34 34 11.56
30 30 9.0
11 11 1.21
1 1 0.01
72 72 51.84
90 90 81.0
68 68 46.24
96 96 92.16
75 75 56.25
60 60 36.0
54 54 29.16
43 43 18.49
53 53 28.09
45 45 20.25
18 18 3.24
41 41 16.81
39 39 15.21
56 56 31.36
26 26 6.76
31 31 9.61
48 48 23.04
88 88 77.44
16 16 2.56
52 52 27.04
19 19 3.61
94 94 88.36
10 10 1.0
91 91 82.81
41 41 16.81
61 61 37.21
7 7 0.49
68 68 46.24
83 83 68.89
12 12 1.44
83 83 68.89
54 54 29.16
26 26 6.76
68 68 46.24
91 91 82.81
26 26 6.76
53 53 28.09
63 63 39.69
83 83 68.89
64 64 40.96
75 75 56.25
98 98 96.04
35 35 12.25
4 4 0.16
57 57 32.49
91 91 82.81
10 10 1.0
84 84 70.56
58 58 33.64
42 42 17.64
2 2 0.04
37 37 13.69
74 74 54.76
53 53 28.09
93 93 86.49
23 23 5.29
37 37 13.69
35 35 12.25
3 3 0.09
11 11 1.21
58 58 33.64
26 26 6.76
52 52 27.04
94 94 88.36
10 10 1.0
13 13 1.69
47 47 22.09
48 48 23.04
1 1 0.01
64 64 40.96
39 39 15.21
7 7 0.49
26 26 6.76
15 15 2.25
93 93 86.49
68 68 46.24
54 54 29.16
100 100 100.0
1 1 0.01
84 84 70.56
44 44 19.36
75 75 56.25
100 100 100.0
60 60 36.0
7 7 0.49
10 10 1.0
80 80 64.0
61 61 37.21
49 49 24.01
79 79 62.41
86 86 73.96
60 60 36.0
27 27 7.29
65 65 42.25
32 32 10.24
8 8 0.64
87 87 75.69
55 55 30.25
42 42 17.64
69 69 47.61
72 72 51.84
64 64 40.96
89 89 79.21
21 21 4.41
20 20 4.0
34 34 11.56
11 11 1.21
78 78 60.84
63 63 39.69
28 28 7.84
93 93 86.49
1 1 0.01
17 17 2.89
41 41 16.81
31 31 9.61
24 24 5.76
44 44 19.36
27 27 7.29
36 36 12.96
28 28 7.84
41 41 16.81
15 15 2.25
9 9 0.81
81 81 65.61
72 72 51.84
3 3 0.09
82 82 67.24
40 40 16.0
65 65 42.25
70 70 49.0
71 71 50.41
81 81 65.61
97 97 94.09
60 60 36.0
87 87 75.69
47 47 22.09
15 15 2.25
25 25 6.25
6 6 0.36
93 93 86.49
1 1 0.01
77 77 59.29
3 3 0.09
28 28 7.84
55 55 30.25
29 29 8.41
53 53 28.09
94 94 88.36
82 82 67.24
45 45 20.25
49 49 24.01
67 67 44.89
51 51 26.01
50 50 25.0
68 68 46.24
64 64 40.96
94 94 88.36
68 68 46.24
35 35 12.25
96 96 92.16
48 48 23.04
48 48 23.04
50 50 25.0
100 100 100.0
63 63 39.69
96 96 92.16
47 47 22.09
47 47 22.09
15 15 2.25
24 24 5.76
8 8 0.64
43 43 18.49
83 83 68.89
6 6 0.36
41 41 16.81
18 18 3.24
58 58 33.64
77 77 59.29
97 97 94.09
98 98 96.04
35 35 12.25
91 91 82.81
62 62 38.44
15 15 2.25
90 90 81.0
63 63 39.69
53 53 28.09
65 65 42.25
71 71 50.41
15 15 2.25
12 12 1.44
63 63 39.69
67 67 44.89
56 56 31.36
23 23 5.29
78 78 60.84
17 17 2.89
26 26 6.76
37 37 13.69
63 63 39.69
43 43 18.49
28 28 7.84
75 75 56.25
82 82 67.24
82 82 67.24
75 75 56.25
46 46 21.16
51 51 26.01
42 42 17.64
72 72 51.84
61 61 37.21
36 36 12.96
99 99 98.01
66 66 43.56
52 52 27.04
30 30 9.0
31 31 9.61
22 22 4.84
7 7 0.49
95 95 90.25
45 45 20.25
14 14 1.96
35 35 12.25
77 77 59.29
99 99 98.01
61 61 37.21
46 46 21.16
1 1 0.01
98 98 96.04
58 58 33.64
83 83 68.89
63 63 39.69
78 78 60.84
52 52 27.04
28 28 7.84
15 15 2.25
23 23 5.29
60 60 36.0
23 23 5.29
64 64 40.96
24 24 5.76
2 2 0.04
97 97 94.09
56 56 31.36
17 17 2.89
