100 2585 4.3589
93 83 45.4694
51 41 4.9925
29 19 0.9473
70 60 30.3634
38 28 5.8588
84 74 15.0536
99 89 31.4003
49 39 6.4867
94 84 45.8167
46 36 3.2895
59 49 17.9946
89 79 57.0055
30 20 3.5979
31 21 4.2754
50 40 10.2042
63 53 11.6404
103 93 38.409
74 64 39.7492
71 61 31.4788
56 46 20.2041
87 77 39.8628
51 41 16.0144
35 25 3.2116
99 89 61.5393
96 86 62.7248
41 31 6.7236
80 70 21.4962
84 74 36.3283
47 37 11.3131
29 19 2.1547
97 87 59.512
90 80 31.635
98 88 64.8605
74 64 32.4216
22 12 1.1883
12 2 0.0109
104 94 23.3444
34 24 4.5997
79 69 30.7659
79 69 14.9994
23 13 1.0987
80 70 34.9955
37 27 6.8069
18 8 0.5184
25 15 0.9557
26 16 1.6887
68 58 31.7397
78 68 28.4004
60 50 11.049
53 43 17.9886
50 40 4.5195
71 61 30.7537
30 20 2.2554
17 7 0.2662
101 91 36.2272
73 63 11.4874
15 5 0.1003
94 84 33.8631
73 63 30.6495
87 77 45.6814
79 69 17.1586
59 49 11.1683
86 76 48.6688
93 83 58.9932
91 81 42.4413
56 46 13.6434
81 71 12.9643
28 18 2.5898
16 6 0.2812
52 42 5.3796
18 8 0.311
96 86 39.2665
104 94 32.2408
48 38 14.3626
59 49 17.9784
62 52 22.7205
21 11 0.312
25 15 0.7627
24 14 1.4362
22 12 1.0451
79 69 15.2553
79 69 42.7808
44 34 6.1261
108 98 26.5256
70 60 32.2124
69 59 21.3111
55 45 13.3963
52 42 5.5451
90 80 24.459
85 75 31.5293
60 50 24.2044
108 98 60.5128
86 76 15.0412
15 5 0.1975
82 72 14.8225
19 9 0.2616
65 55 13.9032
42 32 4.6574
81 71 30.8247
65 55 23.9894
