100 2290 4.3589
46 46 21.16
17 17 2.89
12 12 1.44
45 45 20.25
41 41 16.81
10 10 1.0
19 19 3.61
57 57 32.49
35 35 12.25
99 99 98.01
46 46 21.16
51 51 26.01
26 26 6.76
31 31 9.61
76 76 57.76
17 17 2.89
2 2 0.04
25 25 6.25
62 62 38.44
37 37 13.69
19 19 3.61
59 59 34.81
16 16 2.56
51 51 26.01
49 49 24.01
6 6 0.36
96 96 92.16
17 17 2.89
18 18 3.24
84 84 70.56
31 31 9.61
65 65 42.25
40 40 16.0
31 31 9.61
86 86 73.96
23 23 5.29
1 1 0.01
58 58 33.64
89 89 79.21
34 34 11.56
64 64 40.96
22 22 4.84
76 76 57.76
27 27 7.29
27 27 7.29
12 12 1.44
53 53 28.09
59 59 34.81
37 37 13.69
29 29 8.41
77 77 59.29
16 16 2.56
6 6 0.36
54 54 29.16
72 72 51.84
17 17 2.89
53 53 28.09
30 30 9.0
91 91 82.81
50 50 25.0
29 29 8.41
24 24 5.76
43 43 18.49
22 22 4.84
5 5 0.25
74 74 54.76
7 7 0.49
100 100 100.0
44 44 19.36
42 42 17.64
77 77 59.29
34 34 11.56
74 74 54.76
68 68 46.24
27 27 7.29
85 85 72.25
34 34 11.56
95 95 90.25
76 76 57.76
31 31 9.61
46 46 21.16
19 19 3.61
3 3 0.09
92 92 84.64
74 74 54.76
37 37 13.69
85 85 72.25
36 36 12.96
82 82 67.24
87 87 75.69
66 66 43.56
36 36 12.96
39 39 15.21
7 7 0.49
96 96 92.16
42 42 17.64
63 63 39.69
73 73 53.29
24 24 5.76
84 84 70.56
