100 2718 9.9499
107 97 0.0503
103 93 1.0717
103 93 1.3813
107 97 0.6303
58 48 96.223
51 41 153.8796
36 26 19.3349
30 20 33.7435
101 91 2.6298
41 31 93.2649
68 58 133.9912
33 23 4.2408
110 100 0.0
77 67 40.7436
54 44 59.3234
39 29 15.3613
85 75 19.3703
93 83 29.7423
21 11 13.2303
41 31 22.5195
96 86 3.5128
29 19 34.616
51 41 159.2006
67 57 13.7811
87 77 21.2894
35 25 0.3293
95 85 19.2476
86 76 50.2509
69 59 100.3029
47 37 5.6513
33 23 58.0978
76 66 81.1211
16 6 1.549
100 90 10.8369
89 79 16.6981
42 32 34.606
59 49 172.7517
110 100 0.0
36 26 37.6755
40 30 98.8543
44 34 107.8356
62 52 141.1305
101 91 4.8377
109 99 0.0865
79 69 73.318
94 84 11.5928
72 62 17.956
36 26 5.1426
70 60 38.9512
61 51 239.5229
64 54 232.8596
82 72 26.4195
95 85 22.8595
33 23 42.6381
71 61 121.3723
14 4 0.053
80 70 99.2502
105 95 0.8812
70 60 106.1051
54 44 134.782
96 86 8.3631
73 63 47.5804
93 83 28.04
45 35 70.2165
51 41 168.7098
17 7 0.3314
72 62 76.5604
64 54 69.0787
11 1 0.0093
108 98 0.2147
22 12 9.1085
38 28 28.1248
51 41 89.5701
85 75 11.0856
82 72 2.7231
16 6 1.3678
69 59 9.6598
95 85 3.6673
87 77 9.3277
48 38 154.6565
94 84 23.2322
18 8 1.5156
109 99 0.056
68 58 90.9629
14 4 0.1763
19 9 8.1734
82 72 44.8483
49 39 57.6995
38 28 77.8523
103 93 2.0306
72 62 150.6255
69 59 151.3308
106 96 1.2107
29 19 20.1938
78 68 81.1963
42 32 45.5635
79 69 71.7716
38 28 5.895
69 59 22.6069
20 10 0.8712
