900 22377 9.9499
77 67 6.9473
54 44 187.6652
31 21 15.0908
102 92 1.6265
96 86 0.433
109 99 0.0998
33 23 32.1182
34 24 58.8349
36 26 24.5554
28 18 9.7988
62 52 222.3998
44 34 22.1844
24 14 2.8764
49 39 3.7151
51 41 107.8072
102 92 1.6416
11 1 0.0337
65 55 215.7423
77 67 47.6999
92 82 5.7874
87 77 24.1451
73 63 143.2214
37 27 75.8952
51 41 3.5709
15 5 1.3934
23 13 10.8935
42 32 58.0839
53 43 139.5376
75 65 83.2546
108 98 0.3935
82 72 44.7567
99 89 9.4212
101 91 0.1942
64 54 55.9081
56 46 84.504
58 48 105.1968
102 92 6.7211
30 20 23.5802
58 48 73.2875
20 10 2.6703
103 93 3.3114
12 2 0.0755
14 4 0.6934
49 39 160.6985
90 80 40.0781
72 62 89.9158
83 73 14.2261
53 43 68.6124
60 50 174.1956
103 93 3.4176
79 69 94.4622
106 96 1.0062
56 46 179.2754
53 43 149.6448
109 99 0.0695
55 45 197.9037
102 92 6.152
77 67 24.9746
74 64 58.1618
27 17 17.2198
79 69 32.6043
93 83 17.4754
91 81 0.2749
54 44 134.9591
66 56 36.0495
24 14 0.9099
101 91 5.4983
109 99 0.0986
90 80 1.3332
22 12 0.3906
22 12 13.5869
89 79 26.0726
37 27 41.1342
46 36 35.6183
34 24 60.3013
32 22 34.1768
20 10 10.0203
85 75 19.5662
70 60 171.9489
91 81 36.706
100 90 1.5985
57 47 218.4522
52 42 113.0067
56 46 116.4695
46 36 74.2086
15 5 1.6064
89 79 48.6303
13 3 0.787
106 96 1.0162
54 44 103.9535
98 88 5.0544
61 51 81.4705
11 1 0.0778
71 61 73.6437
29 19 3.0312
93 83 29.281
20 10 6.8972
73 63 3.657
69 59 56.5738
65 55 215.5628
97 87 13.1392
39 29 48.0291
71 61 85.8218
86 76 23.7513
69 59 68.969
72 62 100.8833
26 16 23.4842
47 37 38.3014
29 19 27.0506
47 37 66.4474
46 36 69.7446
21 11 7.2492
67 57 96.0767
35 25 41.8157
49 39 34.4411
40 30 84.916
19 9 1.5431
76 66 75.7325
97 87 1.4519
65 55 169.8548
71 61 74.6223
18 8 1.2154
79 69 78.8695
11 1 0.0649
81 71 41.9238
64 54 15.5436
101 91 0.4736
29 19 37.5923
41 31 98.1694
39 29 46.4729
29 19 14.0036
53 43 24.4367
78 68 96.2628
56 46 39.3794
106 96 0.2436
23 13 3.3827
94 84 12.2403
17 7 0.1915
62 52 200.9382
44 34 43.2141
79 69 37.4819
64 54 158.0975
102 92 6.4988
18 8 4.1523
103 93 3.0725
83 73 24.7515
37 27 69.8046
20 10 5.1851
109 99 0.0357
45 35 52.3192
44 34 109.8194
83 73 64.0331
88 78 19.8597
72 62 7.3929
40 30 77.6014
67 57 45.3625
29 19 34.2513
78 68 29.8422
100 90 5.4313
99 89 6.2505
59 49 114.6947
55 45 114.8052
63 53 28.0042
85 75 5.6525
64 54 57.1412
75 65 23.9548
23 13 11.7018
93 83 6.2669
81 71 28.069
54 44 21.244
81 71 38.8578
72 62 4.491
49 39 161.1723
98 88 10.8439
63 53 189.5099
21 11 0.1691
13 3 0.336
75 65 14.3029
66 56 206.1411
87 77 40.2113
48 38 129.004
57 47 141.0747
93 83 6.9489
61 51 176.5784
59 49 209.2546
97 87 17.8607
14 4 1.7158
23 13 0.0503
45 35 37.5955
51 41 42.6343
90 80 0.0388
74 64 90.1763
24 14 19.6032
89 79 38.7922
63 53 175.0153
87 77 39.7662
21 11 11.4977
98 88 2.3824
12 2 0.1042
80 70 8.3402
76 66 35.3864
13 3 0.088
81 71 40.9109
42 32 45.607
72 62 14.5935
109 99 0.0687
103 93 3.5123
37 27 15.6982
21 11 4.9308
62 52 24.5894
14 4 0.1358
87 77 15.5826
67 57 0.0426
43 33 65.2218
12 2 0.1023
66 56 125.567
71 61 94.1218
43 33 46.8018
51 41 163.8022
11 1 0.0598
35 25 15.6559
103 93 2.6651
47 37 65.322
82 72 14.0474
49 39 86.5595
23 13 15.5666
86 76 10.8007
61 51 112.4904
87 77 39.0904
47 37 70.1277
12 2 0.1376
97 87 3.4571
30 20 42.3884
38 28 47.8581
65 55 5.7211
22 12 1.6284
95 85 16.2124
24 14 15.8919
95 85 24.5583
50 40 22.6373
14 4 1.3366
56 46 93.4233
15 5 0.8868
95 85 6.1822
16 6 2.4594
41 31 38.4967
50 40 92.4786
59 49 30.8846
93 83 28.1554
26 16 7.5695
90 80 13.2018
23 13 0.3363
39 29 87.1369
98 88 10.7226
39 29 2.1686
92 82 9.1245
36 26 38.2279
48 38 32.2417
34 24 42.2915
60 50 205.7209
54 44 57.9711
83 73 45.1044
16 6 2.9011
65 55 145.1815
60 50 274.3636
24 14 15.3784
93 83 19.6654
58 48 12.8545
108 98 0.4303
70 60 30.5289
102 92 2.5186
57 47 129.3595
58 48 140.3293
65 55 168.1563
61 51 152.595
44 34 118.7927
27 17 14.9332
21 11 0.8136
45 35 85.6999
29 19 12.7572
18 8 2.1416
95 85 23.7789
93 83 16.3546
101 91 5.8549
63 53 123.7849
38 28 77.1755
78 68 39.6937
61 51 155.4238
77 67 111.3274
18 8 4.1803
49 39 101.4207
87 77 34.8766
92 82 28.2075
76 66 62.9855
73 63 110.8632
42 32 93.6302
79 69 6.1313
82 72 62.4064
42 32 92.7441
68 58 187.2287
38 28 66.685
45 35 74.1638
30 20 18.9397
13 3 0.4401
13 3 0.1434
88 78 53.7133
86 76 46.431
17 7 4.7618
48 38 147.9386
77 67 35.9511
41 31 72.2957
96 86 19.7943
97 87 9.031
77 67 106.3817
20 10 4.1446
104 94 0.689
100 90 7.2439
110 100 0.0
83 73 59.8743
25 15 17.118
95 85 15.8587
13 3 0.0825
46 36 110.4793
104 94 1.1711
36 26 54.7085
40 30 23.0434
77 67 101.7493
99 89 7.7947
78 68 99.156
36 26 73.1422
109 99 0.103
74 64 8.6209
34 24 37.1048
98 88 3.9204
74 64 30.2801
13 3 0.1856
62 52 75.9531
61 51 223.0384
71 61 9.7762
61 51 26.291
105 95 2.3977
37 27 6.9289
90 80 25.4208
13 3 0.9497
104 94 1.5686
22 12 3.7302
19 9 1.0364
93 83 26.4494
78 68 111.8491
26 16 22.9532
37 27 27.0486
14 4 0.4656
70 60 62.6866
13 3 0.3513
90 80 4.7737
96 86 10.779
31 21 6.5061
88 78 41.494
62 52 96.0027
25 15 8.2129
14 4 0.4446
103 93 4.2563
47 37 30.5473
85 75 61.5744
77 67 30.9909
37 27 3.0616
103 93 2.6229
64 54 218.85
63 53 173.1026
76 66 73.8425
106 96 0.5139
110 100 0.0
79 69 72.6243
78 68 17.9946
33 23 4.1309
35 25 16.3933
106 96 0.007
108 98 0.3635
33 23 14.4427
21 11 5.3485
19 9 2.1458
97 87 2.9515
22 12 4.4259
88 78 34.3095
105 95 0.4304
36 26 67.7143
86 76 26.9793
102 92 1.2128
75 65 36.0633
110 100 0.0
28 18 29.931
67 57 91.7127
43 33 39.9107
41 31 11.3649
54 44 39.7881
64 54 183.7956
14 4 0.4395
33 23 11.5268
103 93 0.7375
19 9 4.9668
20 10 11.082
102 92 5.5781
42 32 16.027
56 46 83.406
73 63 35.6219
50 40 96.0409
58 48 210.9512
89 79 18.9965
26 16 7.4119
23 13 4.2286
53 43 103.5991
21 11 1.2131
92 82 19.3216
92 82 17.6021
30 20 1.0808
62 52 160.033
27 17 11.204
67 57 15.8088
74 64 125.4763
99 89 4.8662
38 28 43.9711
32 22 0.1933
106 96 0.4741
55 45 65.1105
108 98 0.4018
99 89 11.9971
104 94 2.6774
62 52 12.6375
46 36 54.9164
78 68 46.8375
20 10 9.3827
91 81 18.5809
36 26 11.9274
54 44 67.5341
78 68 108.1201
14 4 1.1909
19 9 8.433
31 21 8.2748
56 46 159.0772
80 70 72.5046
53 43 19.8188
109 99 0.064
38 28 73.4484
48 38 121.6229
100 90 9.3203
12 2 0.1363
78 68 44.8373
26 16 4.0711
30 20 34.0321
49 39 165.7351
106 96 0.3936
100 90 6.4023
13 3 0.8703
103 93 0.9539
71 61 70.5467
40 30 40.8496
31 21 13.1117
15 5 1.6711
79 69 93.3228
86 76 29.6117
70 60 38.5342
47 37 106.9237
85 75 53.3689
104 94 0.3161
78 68 50.2089
46 36 43.952
28 18 10.194
43 33 24.9972
91 81 11.9321
51 41 142.13
79 69 5.0109
51 41 127.2827
40 30 46.5931
107 97 0.0589
71 61 3.1459
71 61 64.5952
43 33 55.4605
98 88 11.3313
70 60 47.9953
69 59 184.9007
99 89 10.1803
49 39 56.9308
107 97 0.2119
105 95 1.2007
73 63 43.0589
31 21 33.4397
73 63 65.2425
91 81 35.3831
42 32 111.6345
88 78 37.3944
65 55 208.2483
49 39 159.5438
77 67 62.8487
94 84 13.1275
98 88 6.936
57 47 76.7669
77 67 88.8242
72 62 93.1488
81 71 22.5285
13 3 0.9639
37 27 62.1974
108 98 0.1869
65 55 39.4071
67 57 132.5786
57 47 70.9247
71 61 151.4506
24 14 19.891
72 62 92.2923
33 23 6.305
34 24 57.6411
59 49 235.908
48 38 40.9358
65 55 50.4224
94 84 20.1653
23 13 17.3983
50 40 18.2823
36 26 70.0715
103 93 0.1821
86 76 41.1402
84 74 40.6689
62 52 168.6041
19 9 7.5643
36 26 43.6545
40 30 58.0631
24 14 0.4745
34 24 28.5725
71 61 86.2896
56 46 206.1375
97 87 1.9691
27 17 23.73
15 5 1.7701
22 12 9.2088
52 42 80.9896
60 50 178.6693
41 31 55.909
17 7 4.2811
50 40 41.9428
43 33 91.5535
39 29 1.8627
81 71 86.9589
100 90 5.6529
93 83 8.0815
53 43 41.6796
86 76 41.8536
31 21 5.2032
65 55 30.191
25 15 2.809
104 94 0.3134
83 73 67.6461
79 69 52.9139
15 5 1.2049
49 39 80.6533
89 79 2.4547
73 63 23.842
102 92 4.8812
13 3 0.6452
108 98 0.3661
66 56 171.4805
81 71 4.7169
16 6 3.5249
75 65 39.7896
63 53 122.6956
109 99 0.0301
11 1 0.065
31 21 47.9823
51 41 48.4845
28 18 0.1062
96 86 20.7427
41 31 66.9948
36 26 64.581
21 11 6.5804
38 28 57.8318
16 6 1.2004
32 22 13.6699
32 22 38.0107
47 37 148.7057
69 59 185.3039
17 7 2.9479
52 42 102.4493
43 33 96.8916
30 20 36.5797
99 89 11.716
22 12 9.5481
91 81 39.7007
37 27 17.1825
12 2 0.2914
56 46 204.4603
87 77 28.0963
94 84 16.1239
37 27 57.6523
104 94 0.5071
56 46 26.7263
79 69 8.442
99 89 10.2291
29 19 26.3597
50 40 75.8862
31 21 24.0538
72 62 18.7788
72 62 55.28
63 53 58.4937
94 84 1.3166
85 75 15.4353
106 96 1.3643
23 13 18.3713
16 6 0.0092
42 32 86.211
80 70 14.3233
99 89 8.5525
53 43 37.0091
29 19 0.8885
81 71 80.0405
105 95 1.4228
83 73 58.0898
89 79 18.1242
22 12 13.2227
69 59 52.8432
23 13 13.9407
52 42 172.091
64 54 147.8716
27 17 8.98
64 54 220.2749
91 81 18.2572
18 8 1.4994
80 70 0.2765
59 49 92.9304
25 15 13.9872
86 76 24.9527
65 55 171.9865
50 40 162.4105
109 99 0.0291
83 73 30.7644
98 88 13.2289
100 90 8.0254
50 40 45.3827
53 43 80.4525
12 2 0.4095
68 58 8.9366
89 79 45.8234
66 56 112.31
86 76 56.8058
38 28 48.1285
14 4 0.5975
13 3 0.8087
30 20 9.7678
78 68 50.5627
70 60 145.7277
24 14 7.4398
50 40 135.5642
100 90 6.6838
22 12 8.3315
61 51 111.8983
23 13 16.5398
58 48 181.7691
109 99 0.0101
95 85 21.6537
26 16 10.079
19 9 2.4526
26 16 26.3904
89 79 35.5461
45 35 19.4304
44 34 118.5595
76 66 23.8788
23 13 6.5958
18 8 4.7075
20 10 8.1662
63 53 189.1768
46 36 10.0257
29 19 8.3214
25 15 0.9863
73 63 57.9476
13 3 0.2506
47 37 30.0956
76 66 98.4535
23 13 2.7298
106 96 0.5669
35 25 20.6779
82 72 54.5919
84 74 71.998
79 69 67.2945
100 90 6.6256
34 24 42.9528
13 3 0.9399
95 85 2.5854
57 47 126.0073
31 21 29.5541
13 3 0.6776
108 98 0.3432
18 8 2.5026
11 1 0.1069
35 25 15.1439
23 13 17.8462
34 24 52.5853
71 61 54.524
27 17 20.8711
27 17 4.4845
100 90 5.7166
101 91 6.0162
82 72 32.4038
36 26 61.3049
82 72 30.6719
23 13 15.1907
77 67 78.2819
92 82 9.6555
107 97 0.6591
13 3 0.4657
95 85 8.0432
43 33 64.3875
41 31 15.4751
46 36 34.3472
88 78 22.0362
42 32 96.6827
48 38 43.8232
97 87 10.8083
55 45 191.0551
31 21 34.4013
78 68 105.7613
85 75 32.2306
50 40 20.4724
44 34 105.043
106 96 1.2247
98 88 2.9295
33 23 3.8828
110 100 0.0
20 10 10.033
35 25 26.761
69 59 157.3538
26 16 2.4897
23 13 15.2156
96 86 20.0212
40 30 28.9949
24 14 6.4061
102 92 5.9022
19 9 3.3271
64 54 79.9759
80 70 92.0354
55 45 56.7709
30 20 23.2113
65 55 218.019
98 88 5.3963
49 39 135.9454
11 1 0.0748
34 24 37.8144
44 34 103.2863
101 91 3.169
55 45 53.1921
67 57 192.4299
11 1 0.0063
61 51 224.2697
83 73 16.9016
42 32 29.2793
92 82 7.6051
11 1 0.0436
98 88 8.5156
95 85 8.9505
78 68 86.8126
51 41 83.3044
74 64 41.6817
88 78 2.5751
62 52 84.3811
54 44 84.981
20 10 4.04
75 65 62.9492
55 45 98.96
35 25 56.488
98 88 1.8013
87 77 35.6323
78 68 31.7389
92 82 21.4341
46 36 14.7521
52 42 69.1501
30 20 5.8992
25 15 2.0718
49 39 53.5799
84 74 23.1427
88 78 50.7949
89 79 18.2227
81 71 21.1665
83 73 4.4429
85 75 55.9819
65 55 37.6683
65 55 191.8654
110 100 0.0
85 75 62.6805
81 71 8.0317
74 64 118.3705
12 2 0.2282
38 28 17.1802
47 37 92.2573
55 45 2.0387
100 90 7.3925
98 88 14.6744
52 42 3.1364
97 87 7.8602
56 46 65.3871
103 93 0.6119
74 64 100.4288
104 94 0.9949
19 9 1.9921
26 16 27.8965
108 98 0.0724
91 81 13.7021
27 17 29.0606
48 38 51.5847
61 51 83.0438
33 23 35.6929
28 18 18.9595
32 22 34.1316
63 53 103.9417
63 53 156.8314
12 2 0.2023
23 13 5.5568
58 48 168.6242
97 87 5.2453
33 23 17.4578
33 23 46.6665
30 20 23.3355
104 94 2.3779
92 82 33.4274
107 97 0.0225
86 76 52.7738
92 82 20.8396
43 33 116.0094
20 10 3.2126
100 90 3.4205
82 72 42.4888
75 65 126.3601
50 40 35.0751
17 7 1.4469
55 45 103.7664
26 16 23.9478
84 74 7.4167
80 70 78.8699
12 2 0.429
48 38 74.458
20 10 0.07
75 65 88.8234
100 90 10.9356
51 41 116.7816
45 35 16.1519
38 28 21.9773
23 13 7.0241
20 10 8.131
56 46 141.7107
37 27 25.4836
68 58 181.2638
39 29 14.4894
51 41 121.3045
87 77 54.2075
55 45 14.0603
83 73 76.0637
27 17 4.6794
29 19 40.0062
25 15 8.8796
96 86 3.4435
77 67 47.4772
44 34 65.2734
37 27 58.6916
52 42 37.2916
82 72 19.2917
20 10 10.8162
30 20 18.0723
83 73 24.2154
51 41 152.7391
75 65 91.1319
30 20 18.136
89 79 19.3139
26 16 15.801
37 27 60.9597
65 55 29.3827
109 99 0.0844
12 2 0.3033
107 97 0.5145
92 82 21.7104
13 3 0.7908
56 46 181.8279
95 85 3.3778
94 84 16.6658
58 48 117.7328
44 34 16.3532
70 60 150.1494
13 3 0.9452
42 32 14.1265
26 16 19.2979
52 42 92.0649
74 64 21.2063
77 67 7.5254
97 87 6.112
94 84 6.9843
44 34 16.4191
45 35 14.5607
71 61 2.5783
92 82 0.4458
35 25 60.2124
103 93 4.2239
108 98 0.0465
76 66 110.862
50 40 119.9882
73 63 127.2541
14 4 0.5978
74 64 46.2667
