400 9906 4.3589
73 63 34.4146
96 86 69.9933
50 40 13.7255
33 23 3.9912
81 71 17.3123
78 68 13.639
25 15 0.6722
91 81 53.0115
93 83 59.7081
95 85 28.5583
97 87 52.0086
34 24 3.2411
32 22 1.5205
23 13 0.6519
56 46 20.789
94 84 41.636
27 17 1.6312
88 78 49.049
52 42 6.3257
51 41 9.0102
38 28 6.0846
21 11 0.9017
49 39 3.9434
65 55 8.381
53 43 15.3272
81 71 26.3764
23 13 1.4092
108 98 30.2038
83 73 38.5331
20 10 0.5216
36 26 3.8711
76 66 32.1126
92 82 60.9055
62 52 19.8239
61 51 15.2803
39 29 7.4846
81 71 30.7459
98 88 24.5411
23 13 0.4911
19 9 0.7503
72 62 13.822
68 58 19.3987
92 82 45.6017
73 63 34.823
93 83 55.9833
20 10 0.7387
65 55 20.8429
82 72 15.4905
79 69 24.9191
86 76 19.2739
28 18 2.1296
12 2 0.0273
55 45 16.8215
42 32 4.9124
39 29 2.8676
13 3 0.0887
50 40 14.4089
84 74 20.4485
24 14 1.2531
101 91 30.1511
44 34 11.1991
72 62 33.3021
27 17 2.6523
63 53 19.3178
57 47 6.4536
17 7 0.2444
47 37 11.1696
65 55 9.1827
71 61 11.8646
108 98 47.9667
13 3 0.0588
55 45 5.8574
105 95 33.2179
39 29 4.5488
15 5 0.0777
65 55 18.0795
110 100 42.5678
81 71 21.0552
40 30 7.5488
28 18 2.3979
95 85 48.5558
84 74 14.5489
20 10 0.5823
19 9 0.2262
99 89 32.5082
55 45 10.5145
23 13 0.7935
31 21 3.6642
110 100 51.5553
68 58 30.1478
66 56 13.8808
77 67 38.331
80 70 12.5189
80 70 15.8452
83 73 38.6921
55 45 19.0113
19 9 0.2975
69 59 28.9799
77 67 15.4355
104 94 75.5613
61 51 14.7249
58 48 22.9326
12 2 0.0111
98 88 61.8881
30 20 3.434
12 2 0.037
84 74 44.4409
90 80 56.1436
62 52 24.0306
104 94 85.7087
75 65 41.5393
75 65 22.5027
84 74 27.636
107 97 29.7439
98 88 44.4129
59 49 10.5755
66 56 14.5085
20 10 0.6062
83 73 19.9353
91 81 61.1806
23 13 1.4506
31 21 2.869
43 33 4.082
31 21 3.9529
95 85 26.7506
96 86 21.0764
84 74 49.0924
55 45 7.5208
101 91 74.8554
102 92 33.3945
92 82 49.4701
108 98 90.779
56 46 18.5477
54 44 16.7797
72 62 28.2397
37 27 6.0094
67 57 25.9488
53 43 17.0966
82 72 39.5226
80 70 23.8359
24 14 1.8832
64 54 8.9144
71 61 25.6988
15 5 0.1126
91 81 44.2651
14 4 0.0674
57 47 6.5244
68 58 32.8478
104 94 53.7861
95 85 29.4675
20 10 0.2838
73 63 12.7942
76 66 26.1673
62 52 25.8379
99 89 26.9361
84 74 21.7203
53 43 12.1522
13 3 0.0458
62 52 19.7109
78 68 27.9259
15 5 0.0876
68 58 13.4015
17 7 0.3714
76 66 33.5172
82 72 20.4883
108 98 84.232
63 53 23.8994
31 21 3.4711
106 96 42.7271
66 56 21.2143
89 79 41.1856
13 3 0.0377
17 7 0.305
86 76 30.3932
75 65 19.0628
59 49 6.9243
107 97 93.4644
102 92 24.3286
48 38 3.8432
77 67 12.752
67 57 23.0582
103 93 61.8016
99 89 49.4631
75 65 18.1988
58 48 20.3527
101 91 81.6746
13 3 0.0296
37 27 3.8805
69 59 33.3218
43 33 8.4576
71 61 13.7997
64 54 14.1594
42 32 2.7218
59 49 14.1248
74 64 21.2816
87 77 50.6531
13 3 0.0341
44 34 7.8854
49 39 10.028
100 90 76.096
20 10 0.7846
12 2 0.0104
27 17 1.2421
79 69 21.1039
75 65 32.8696
31 21 4.3435
48 38 4.3953
61 51 7.0825
24 14 0.5904
52 42 15.8404
63 53 13.4139
63 53 25.7698
43 33 8.1345
48 38 4.9832
63 53 9.0096
94 84 27.3717
88 78 54.3936
64 54 28.6246
11 1 0.0036
23 13 0.4289
84 74 38.2728
53 43 13.1399
47 37 8.6583
84 74 36.385
87 77 38.6797
34 24 2.5818
39 29 3.0161
47 37 8.9826
33 23 2.9663
72 62 25.2918
23 13 1.0209
65 55 16.2958
49 39 4.5723
77 67 41.5587
15 5 0.1047
11 1 0.0028
53 43 11.7217
47 37 11.5362
66 56 9.4882
13 3 0.0561
86 76 29.6328
101 91 26.3231
69 59 15.2303
62 52 17.4992
71 61 14.963
85 75 49.5644
52 42 4.9827
38 28 3.5653
55 45 17.0586
20 10 0.5951
79 69 27.4492
68 58 26.6215
21 11 0.7211
87 77 36.885
95 85 25.2114
16 6 0.0969
39 29 2.511
78 68 16.4982
33 23 4.0586
11 1 0.0027
28 18 0.8727
47 37 7.9225
48 38 4.9058
95 85 32.4148
35 25 3.2005
95 85 26.878
87 77 32.8822
51 41 7.2006
75 65 26.2974
13 3 0.0448
11 1 0.0025
30 20 2.5214
68 58 20.7681
90 80 24.8413
60 50 16.7559
60 50 13.5034
11 1 0.0033
89 79 58.472
22 12 0.3723
57 47 18.7957
27 17 0.9807
48 38 5.4981
17 7 0.4032
57 47 12.0506
52 42 11.9723
96 86 60.4553
56 46 14.7126
19 9 0.2759
56 46 15.1041
59 49 14.3777
81 71 44.172
87 77 14.9212
43 33 4.4944
78 68 22.2661
41 31 5.6558
16 6 0.2539
62 52 11.0164
34 24 2.4439
12 2 0.0156
35 25 3.1156
97 87 49.9057
70 60 21.2715
76 66 11.0363
38 28 4.0954
99 89 21.3962
92 82 32.6887
13 3 0.0284
51 41 4.6794
60 50 22.6728
69 59 23.6682
75 65 36.5324
26 16 1.3255
54 44 8.5025
44 34 9.7894
63 53 24.7526
60 50 11.7183
74 64 16.224
82 72 29.7548
83 73 36.5251
68 58 22.1154
44 34 6.0816
105 95 85.228
19 9 0.6164
34 24 3.0856
78 68 31.535
52 42 11.8109
77 67 31.3734
87 77 33.0372
104 94 65.3268
28 18 0.9791
88 78 41.6051
76 66 22.4591
36 26 2.2563
41 31 4.9577
59 49 17.066
18 8 0.3646
88 78 59.3824
23 13 1.2596
72 62 17.3031
17 7 0.1312
62 52 11.1336
43 33 2.8184
38 28 2.4003
93 83 68.1599
19 9 0.2505
81 71 38.8553
42 32 4.4298
64 54 13.9555
97 87 62.5602
53 43 6.0157
62 52 24.0934
59 49 20.434
48 38 4.1976
49 39 4.3618
81 71 46.6653
109 99 56.9768
23 13 1.4689
80 70 24.7466
105 95 68.4674
93 83 52.3597
67 57 30.5455
34 24 4.7454
26 16 2.1307
34 24 3.3639
19 9 0.2775
96 86 37.3578
70 60 24.372
43 33 10.8808
40 30 2.7709
54 44 9.0866
54 44 14.1015
47 37 7.6077
18 8 0.518
96 86 42.8056
40 30 6.1911
74 64 39.1375
56 46 19.8444
79 69 27.7023
68 58 21.3075
110 100 37.9111
101 91 77.0779
92 82 17.6375
21 11 1.071
57 47 16.7183
39 29 2.379
109 99 31.4575
104 94 51.6659
45 35 12.0062
41 31 3.0955
50 40 10.1608
55 45 9.0589
34 24 1.7334
87 77 55.2629
27 17 1.4061
47 37 6.7569
49 39 4.2609
103 93 47.7716
62 52 8.976
24 14 0.7583
59 49 7.6868
