100 2696 4.3589
41 41 16.81
19 19 3.61
88 88 77.44
23 23 5.29
87 87 75.69
8 8 0.64
98 98 96.04
43 43 18.49
42 42 17.64
38 38 14.44
68 68 46.24
16 16 2.56
15 15 2.25
73 73 53.29
17 17 2.89
96 96 92.16
71 71 50.41
99 99 98.01
96 96 92.16
34 34 11.56
83 83 68.89
95 95 90.25
57 57 32.49
86 86 73.96
84 84 70.56
92 92 84.64
62 62 38.44
35 35 12.25
32 32 10.24
34 34 11.56
74 74 54.76
24 24 5.76
83 83 68.89
30 30 9.0
15 15 2.25
50 50 25.0
81 81 65.61
97 97 94.09
76 76 57.76
13 13 1.69
17 17 2.89
52 52 27.04
57 57 32.49
96 96 92.16
33 33 10.89
94 94 88.36
79 79 62.41
53 53 28.09
28 28 7.84
80 80 64.0
9 9 0.81
26 26 6.76
28 28 7.84
1 1 0.01
79 79 62.41
87 87 75.69
19 19 3.61
22 22 4.84
56 56 31.36
23 23 5.29
75 75 56.25
8 8 0.64
13 13 1.69
53 53 28.09
53 53 28.09
41 41 16.81
75 75 56.25
15 15 2.25
31 31 9.61
7 7 0.49
98 98 96.04
27 27 7.29
50 50 25.0
28 28 7.84
37 37 13.69
4 4 0.16
88 88 77.44
70 70 49.0
12 12 1.44
77 77 59.29
72 72 51.84
94 94 88.36
69 69 47.61
61 61 37.21
55 55 30.25
61 61 37.21
100 100 100.0
67 67 44.89
91 91 82.81
62 62 38.44
65 65 42.25
63 63 39.69
83 83 68.89
90 90 81.0
40 40 16.0
37 37 13.69
40 40 16.0
59 59 34.81
11 11 1.21
96 96 92.16
