100 2270 9.9499
91 81 32.9164
40 30 64.58
103 93 2.4726
31 21 19.7608
69 59 110.5044
37 27 9.4896
39 29 41.3952
88 78 27.7098
44 34 47.995
14 4 0.0581
78 68 15.2909
52 42 47.8512
90 80 23.0602
61 51 1.0787
35 25 62.5284
73 63 55.4013
15 5 0.6429
45 35 22.6134
46 36 9.2956
27 17 7.0253
47 37 88.8715
30 20 23.6838
20 10 2.959
56 46 107.0648
106 96 1.7252
104 94 3.2865
34 24 33.3355
49 39 54.7907
31 21 31.5483
29 19 25.446
90 80 28.0246
55 45 87.7538
95 85 23.5259
82 72 33.3535
28 18 1.253
22 12 4.1379
19 9 4.0017
65 55 105.5277
91 81 0.3075
92 82 19.3049
57 47 18.1719
68 58 189.0215
94 84 16.3659
25 15 11.349
23 13 12.8694
109 99 0.1059
90 80 38.8876
13 3 0.2281
101 91 7.821
106 96 1.4541
11 1 0.0641
16 6 2.4818
37 27 22.1345
59 49 118.8626
110 100 0.0
23 13 13.6355
77 67 38.4778
95 85 13.4581
46 36 105.5286
31 21 19.0872
77 67 16.2715
57 47 210.8443
63 53 181.7491
16 6 0.9202
97 87 10.8055
46 36 11.7352
79 69 52.6135
93 83 9.9949
45 35 128.1832
16 6 3.1045
15 5 1.3549
47 37 111.9889
29 19 28.3389
48 38 44.5111
20 10 5.6975
55 45 120.0078
27 17 0.0601
12 2 0.1997
106 96 1.493
35 25 39.2025
77 67 41.952
77 67 81.4069
44 34 117.9349
63 53 187.7331
40 30 0.6763
29 19 19.1542
29 19 29.0582
91 81 24.6898
43 33 90.6955
48 38 9.9639
66 56 173.0475
69 59 175.5785
20 10 6.9387
43 33 113.1058
12 2 0.2093
51 41 86.8089
107 97 0.2855
87 77 37.3005
41 31 60.7443
107 97 0.9976
