900 23013 4.3589
29 19 0.9164
75 65 13.7686
94 84 30.2841
102 92 75.9948
96 86 47.7799
42 32 7.7914
45 35 10.8057
93 83 66.7865
25 15 1.1681
72 62 22.7386
43 33 8.1716
37 27 2.7956
43 33 9.5049
53 43 5.9482
31 21 1.9257
67 57 10.308
109 99 34.6167
58 48 12.8329
97 87 38.2122
110 100 61.8787
91 81 61.3089
75 65 38.0146
52 42 12.4616
106 96 77.2975
70 60 34.1406
102 92 39.7656
94 84 49.0672
65 55 9.9093
88 78 59.9107
97 87 38.4822
47 37 4.6786
18 8 0.1901
31 21 3.2526
109 99 37.1198
99 89 53.3382
46 36 3.8302
80 70 19.671
59 49 19.3028
71 61 26.8842
38 28 4.8374
93 83 25.4621
86 76 24.977
77 67 29.5958
77 67 43.3477
108 98 72.1752
90 80 26.4947
81 71 46.9609
68 58 16.9299
58 48 7.1444
39 29 5.4915
75 65 11.5464
76 66 27.9281
94 84 28.4846
50 40 12.6267
63 53 17.09
62 52 17.1032
58 48 16.5853
106 96 50.7585
81 71 37.1868
27 17 2.0235
95 85 20.1287
63 53 27.795
99 89 68.4458
55 45 9.9799
33 23 4.8788
62 52 19.4993
43 33 8.6736
76 66 21.1416
77 67 38.0196
20 10 0.5348
17 7 0.2495
41 31 6.4775
66 56 9.2732
24 14 0.5909
61 51 16.375
91 81 35.6457
19 9 0.3395
28 18 1.0564
52 42 9.2015
93 83 18.3998
98 88 69.7609
19 9 0.3535
54 44 11.3886
91 81 27.6255
61 51 8.1607
16 6 0.0905
99 89 69.3023
17 7 0.4055
86 76 54.3449
71 61 11.301
23 13 1.2299
59 49 9.3037
107 97 54.7215
39 29 5.2062
60 50 23.6429
84 74 23.7198
101 91 73.4723
72 62 25.1422
26 16 2.4502
30 20 1.3983
45 35 6.3132
41 31 7.0575
40 30 8.4437
60 50 13.5748
80 70 22.2576
88 78 17.7342
76 66 36.1177
84 74 30.1335
11 1 0.0029
33 23 1.9277
79 69 34.7569
62 52 9.6528
44 34 8.2846
62 52 6.8539
52 42 4.5753
50 40 7.5554
108 98 41.6554
104 94 78.8278
71 61 12.8157
101 91 33.3888
34 24 5.3527
50 40 4.0044
39 29 3.46
104 94 59.2761
105 95 87.3309
84 74 39.7417
19 9 0.4545
59 49 15.7339
89 79 44.8391
56 46 16.0905
32 22 4.3085
98 88 54.9333
95 85 45.6314
91 81 52.0375
77 67 16.2715
15 5 0.0904
105 95 47.4528
69 59 11.1991
81 71 37.512
41 31 8.3515
59 49 7.3663
65 55 25.2285
95 85 19.3072
24 14 1.713
42 32 3.1113
66 56 9.9231
50 40 11.4894
42 32 4.2502
69 59 14.1888
46 36 6.2235
103 93 47.1763
67 57 28.4196
34 24 1.9533
69 59 9.3642
31 21 1.223
92 82 42.1279
23 13 1.3757
90 80 26.4309
40 30 5.267
106 96 73.9239
27 17 1.8463
34 24 3.4507
26 16 1.4302
87 77 26.8044
95 85 36.4719
102 92 83.2967
26 16 1.6579
90 80 28.0275
103 93 84.64
44 34 8.0923
75 65 37.2466
18 8 0.4174
54 44 8.6342
28 18 0.871
19 9 0.8098
44 34 11.3394
66 56 24.0188
14 4 0.1069
53 43 10.473
83 73 44.3396
12 2 0.0177
110 100 69.9598
29 19 3.4514
59 49 12.7049
88 78 16.4519
47 37 9.2088
30 20 3.5078
55 45 15.838
73 63 11.5063
65 55 25.7394
97 87 53.1324
48 38 11.2279
70 60 12.6345
77 67 35.14
59 49 18.174
47 37 6.8544
90 80 36.3597
49 39 10.3118
72 62 31.7251
15 5 0.079
93 83 22.1973
30 20 3.4834
20 10 0.5691
107 97 74.5943
86 76 49.5137
60 50 20.2329
19 9 0.3845
34 24 2.7288
81 71 16.1146
46 36 3.4295
11 1 0.0058
58 48 12.1174
46 36 3.4589
62 52 8.3232
97 87 41.7936
43 33 5.2533
37 27 2.9774
52 42 6.2285
67 57 16.199
13 3 0.03
52 42 15.6578
16 6 0.1668
67 57 9.6628
41 31 6.5767
103 93 22.2945
19 9 0.454
77 67 23.5536
49 39 5.2546
42 32 5.7322
25 15 1.4982
107 97 81.8247
47 37 5.414
35 25 5.8918
94 84 32.8638
101 91 29.3298
66 56 13.254
45 35 8.8447
95 85 63.0388
75 65 32.4421
37 27 4.7441
101 91 30.2159
108 98 82.0673
85 75 29.5479
107 97 41.773
102 92 47.7647
101 91 34.0286
51 41 11.0643
75 65 31.7217
14 4 0.1336
89 79 19.5329
37 27 3.6138
77 67 19.0087
75 65 27.5079
22 12 1.2562
82 72 38.9963
105 95 68.0295
18 8 0.3143
108 98 30.9225
98 88 30.0249
85 75 54.9466
93 83 58.8105
57 47 12.6409
44 34 4.7119
104 94 26.5462
89 79 36.4345
106 96 81.0414
41 31 2.5963
24 14 1.6076
84 74 34.4804
52 42 9.2483
44 34 8.5996
60 50 18.6866
33 23 4.4016
74 64 13.7255
94 84 33.5913
96 86 35.5621
96 86 23.6673
60 50 15.6096
24 14 1.4489
56 46 5.9932
30 20 3.0583
18 8 0.2327
75 65 23.0237
91 81 37.4324
109 99 75.5561
39 29 3.9701
102 92 79.0766
94 84 31.9383
15 5 0.0845
36 26 1.9033
109 99 41.9386
94 84 62.1133
44 34 6.2056
26 16 1.3748
22 12 1.203
85 75 42.7258
108 98 26.197
36 26 3.3559
47 37 6.4196
110 100 80.425
50 40 10.3279
46 36 4.6531
76 66 12.3384
49 39 6.4065
11 1 0.005
41 31 7.1209
63 53 7.1786
64 54 7.8338
11 1 0.0042
13 3 0.0884
94 84 53.1514
57 47 20.8374
84 74 19.8515
20 10 0.2755
17 7 0.4489
71 61 19.5559
20 10 0.3407
32 22 3.9713
83 73 19.3468
11 1 0.0052
16 6 0.1663
41 31 4.7415
58 48 11.5954
65 55 17.1305
26 16 0.8703
56 46 13.5711
85 75 20.0588
61 51 10.5729
48 38 8.706
59 49 13.2693
43 33 6.8503
66 56 28.9229
19 9 0.3793
23 13 1.1368
84 74 33.376
22 12 0.9612
26 16 1.555
48 38 7.4676
110 100 57.9562
19 9 0.383
82 72 31.228
88 78 47.5355
103 93 50.3674
19 9 0.4461
83 73 45.3131
45 35 6.5741
78 68 14.9699
106 96 31.257
54 44 7.5779
14 4 0.0573
31 21 2.0578
37 27 3.663
78 68 41.5238
77 67 17.1943
44 34 7.3003
79 69 39.6837
100 90 68.34
21 11 0.3682
37 27 5.6596
88 78 26.4751
110 100 47.4804
92 82 56.2155
52 42 14.6919
77 67 31.6553
51 41 5.7869
77 67 24.7665
62 52 24.4619
26 16 2.0065
43 33 10.8781
33 23 2.9836
40 30 5.5
82 72 30.0841
95 85 21.5417
19 9 0.4255
100 90 70.0201
49 39 4.2206
28 18 2.9477
69 59 32.8478
32 22 2.7662
37 27 6.9011
33 23 5.0616
53 43 14.0235
38 28 4.7198
35 25 5.1216
95 85 32.474
33 23 3.1741
42 32 3.0751
14 4 0.0836
101 91 39.9234
45 35 5.4887
56 46 6.8252
91 81 25.1462
37 27 7.2162
34 24 1.5267
39 29 2.2014
98 88 30.5566
76 66 15.3484
76 66 18.7186
46 36 8.28
105 95 76.8217
34 24 5.1293
70 60 20.873
18 8 0.2825
40 30 7.4305
76 66 27.814
23 13 0.6042
71 61 17.3989
62 52 15.7514
83 73 24.0306
81 71 39.4133
100 90 51.1382
96 86 35.4585
49 39 9.1736
50 40 10.3311
102 92 75.1776
66 56 12.2465
103 93 70.3585
92 82 61.2212
103 93 68.7175
49 39 12.4623
24 14 0.639
59 49 23.5429
91 81 50.864
57 47 5.7475
95 85 23.9287
29 19 1.5403
55 45 9.2015
36 26 4.508
82 72 28.6707
15 5 0.2024
76 66 30.4825
77 67 20.3599
89 79 25.1653
109 99 71.8748
16 6 0.0921
83 73 43.1675
80 70 16.1982
89 79 51.9034
81 71 20.5037
62 52 22.2039
47 37 8.4856
33 23 3.1891
65 55 14.1579
42 32 7.4453
23 13 1.4111
29 19 3.3588
66 56 11.2393
13 3 0.0234
21 11 0.8425
48 38 4.0341
85 75 28.1017
77 67 32.0628
80 70 43.9834
71 61 14.3747
35 25 3.7392
94 84 43.4597
59 49 10.0609
48 38 12.7313
110 100 90.5105
50 40 11.6759
88 78 32.9396
66 56 14.8302
47 37 8.2536
39 29 8.2197
25 15 2.1462
73 63 11.7231
55 45 14.4666
11 1 0.0031
92 82 29.2562
37 27 2.815
77 67 30.1906
79 69 16.751
79 69 33.8003
55 45 10.9627
90 80 26.4556
51 41 11.2171
78 68 14.4013
70 60 28.4014
58 48 19.8702
75 65 17.7367
38 28 3.1474
71 61 26.1694
60 50 22.2529
27 17 1.0155
85 75 20.1655
33 23 1.689
85 75 15.0474
93 83 48.7274
66 56 17.9886
75 65 36.5215
25 15 1.7756
76 66 31.8739
58 48 20.0552
90 80 49.3099
96 86 24.3838
82 72 38.3731
37 27 2.0338
59 49 17.4716
94 84 40.2451
102 92 63.3138
48 38 5.0154
41 31 8.1739
66 56 9.2647
28 18 1.1673
90 80 40.0904
40 30 7.3208
11 1 0.0082
26 16 2.0641
45 35 9.8101
42 32 7.3349
34 24 4.1156
61 51 7.8792
103 93 23.961
12 2 0.0166
25 15 1.0856
11 1 0.0044
43 33 7.9778
54 44 8.5539
40 30 3.4269
80 70 30.2896
11 1 0.004
76 66 37.4507
70 60 30.6229
96 86 49.9298
24 14 1.1912
79 69 12.4221
45 35 7.7624
72 62 25.9437
20 10 0.9606
65 55 13.8146
93 83 23.9395
57 47 12.9578
61 51 9.805
35 25 3.0081
86 76 52.4017
96 86 62.7407
80 70 30.9047
13 3 0.0263
85 75 44.4996
37 27 2.7324
107 97 60.9274
54 44 6.9211
12 2 0.017
63 53 17.0437
110 100 28.8648
107 97 33.9178
83 73 24.5679
13 3 0.0517
63 53 13.6235
37 27 3.4999
78 68 19.0436
47 37 9.3275
69 59 27.4325
43 33 5.2208
51 41 8.7871
74 64 12.4651
71 61 10.4471
87 77 26.3826
41 31 4.4529
45 35 3.4088
74 64 35.3525
68 58 23.299
79 69 42.9706
50 40 5.1099
84 74 18.781
97 87 66.6052
32 22 3.8896
96 86 55.0401
40 30 3.2801
28 18 2.486
106 96 77.6566
66 56 17.0875
81 71 28.4302
28 18 3.0811
99 89 32.9981
30 20 2.0624
98 88 28.212
108 98 80.0434
99 89 63.4842
82 72 19.6116
91 81 23.0602
46 36 5.3084
52 42 5.9917
27 17 1.0106
85 75 30.25
71 61 25.8125
67 57 30.5709
100 90 25.6704
70 60 22.2152
58 48 6.1578
16 6 0.1024
33 23 2.4458
105 95 26.6235
59 49 20.6889
78 68 23.0611
23 13 0.84
38 28 7.7529
39 29 2.2771
59 49 22.8513
66 56 12.0923
45 35 3.5078
58 48 13.9301
60 50 7.107
52 42 4.6161
52 42 13.0278
109 99 51.505
35 25 3.9291
57 47 9.8979
23 13 0.5448
93 83 25.7221
94 84 36.2163
97 87 27.9503
23 13 0.8149
11 1 0.0071
26 16 0.9063
18 8 0.4911
106 96 25.9478
26 16 0.7758
60 50 10.7906
18 8 0.3401
22 12 0.5021
40 30 4.1575
77 67 14.333
45 35 9.1864
100 90 26.0365
104 94 46.1802
59 49 17.0883
16 6 0.1622
108 98 48.6646
103 93 80.8201
108 98 24.5847
56 46 7.9835
91 81 44.3756
11 1 0.0038
24 14 1.6226
70 60 25.054
36 26 3.5044
11 1 0.0065
25 15 0.6263
28 18 2.9901
52 42 7.5109
38 28 3.8033
12 2 0.0103
75 65 33.1488
71 61 22.0712
38 28 4.6113
94 84 33.6841
48 38 11.1002
51 41 6.7439
70 60 22.303
84 74 17.2258
11 1 0.0072
73 63 32.4968
91 81 46.5875
13 3 0.0492
56 46 9.8703
94 84 44.0073
44 34 5.1284
14 4 0.1155
48 38 3.6972
14 4 0.054
41 31 4.2123
94 84 34.0251
102 92 24.1543
16 6 0.3598
12 2 0.0298
49 39 6.6116
58 48 22.4761
33 23 4.7459
93 83 28.3535
99 89 40.9318
41 31 3.5104
11 1 0.0089
19 9 0.2165
101 91 53.8242
75 65 17.0016
103 93 25.028
63 53 16.7028
39 29 4.3364
47 37 10.3118
31 21 2.0609
69 59 27.1295
97 87 57.202
36 26 1.8317
78 68 42.4869
77 67 41.1035
18 8 0.1896
26 16 2.4831
88 78 42.9824
35 25 4.5963
81 71 49.0574
24 14 1.7774
92 82 51.6717
54 44 15.7077
96 86 55.7501
50 40 6.1053
77 67 39.1876
37 27 3.4136
105 95 32.5756
60 50 19.7847
29 19 2.6788
38 28 4.8603
15 5 0.0946
65 55 15.1235
88 78 54.7082
103 93 83.3679
60 50 22.611
78 68 23.9552
16 6 0.1496
14 4 0.0819
92 82 38.5691
49 39 10.0128
104 94 37.1758
70 60 26.9683
42 32 3.3277
69 59 21.2484
48 38 8.1014
51 41 12.1508
58 48 12.55
110 100 63.9216
42 32 9.7775
92 82 30.1203
15 5 0.0906
93 83 49.6898
94 84 49.951
75 65 21.0397
29 19 2.0326
51 41 12.9096
88 78 18.2722
29 19 2.6811
41 31 4.8097
93 83 20.7043
33 23 3.5963
110 100 70.2378
104 94 37.4471
54 44 9.4729
76 66 42.8671
64 54 20.2338
55 45 14.0618
83 73 14.9143
32 22 3.0734
32 22 3.0489
21 11 1.1232
59 49 23.4605
86 76 21.1664
71 61 18.5839
12 2 0.0111
79 69 23.0803
57 47 9.7844
95 85 25.4117
45 35 8.4844
102 92 69.9281
81 71 23.7842
64 54 22.0224
25 15 1.2069
69 59 25.1362
62 52 11.7039
91 81 35.7939
81 71 13.2911
75 65 12.7856
63 53 16.299
50 40 15.3868
67 57 20.2509
54 44 11.0085
94 84 22.6357
66 56 26.0069
98 88 25.3714
48 38 9.9112
56 46 6.3817
41 31 3.5126
59 49 13.4858
71 61 12.7878
32 22 3.1962
90 80 20.8365
58 48 17.3172
62 52 9.077
91 81 56.6121
77 67 37.1673
64 54 18.3792
35 25 3.9255
65 55 20.9279
48 38 3.8491
63 53 27.0847
36 26 3.8412
110 100 66.4176
76 66 28.7907
82 72 42.0215
61 51 25.9529
12 2 0.0303
97 87 58.7982
57 47 10.6988
49 39 14.4172
51 41 12.6843
89 79 34.5697
69 59 15.7149
80 70 27.552
87 77 27.9873
53 43 13.9592
76 66 19.7012
79 69 16.8453
81 71 29.84
28 18 2.6322
82 72 37.734
86 76 35.0559
93 83 53.5561
29 19 2.4127
15 5 0.147
99 89 77.3397
18 8 0.1888
59 49 7.1711
67 57 14.3164
14 4 0.0927
28 18 3.1503
106 96 85.5089
98 88 24.6473
88 78 41.9373
91 81 54.4703
100 90 50.2979
13 3 0.0385
107 97 45.4209
42 32 6.5061
28 18 1.9404
92 82 43.407
107 97 83.9606
92 82 60.5502
43 33 6.245
25 15 1.9662
15 5 0.1205
92 82 25.5055
72 62 15.6594
39 29 3.8298
85 75 17.6576
24 14 1.548
66 56 11.0703
58 48 12.7735
84 74 52.5872
11 1 0.0089
60 50 8.4123
46 36 11.5491
38 28 4.1869
84 74 30.9192
72 62 16.547
39 29 4.7459
86 76 38.5256
25 15 0.7925
110 100 51.0653
63 53 24.7835
16 6 0.3276
79 69 20.2464
58 48 12.9413
64 54 10.0179
56 46 16.0873
23 13 0.7714
62 52 19.6541
53 43 4.7507
106 96 68.6943
100 90 68.4988
100 90 42.8999
14 4 0.0846
58 48 6.4055
45 35 4.3464
62 52 9.8533
41 31 4.6152
80 70 27.2599
92 82 30.1961
47 37 7.3306
33 23 3.607
39 29 6.2021
13 3 0.026
13 3 0.0695
89 79 27.356
43 33 3.1595
34 24 3.3055
104 94 53.5634
17 7 0.1446
43 33 7.3631
27 17 1.003
85 75 42.289
16 6 0.1043
59 49 7.0745
79 69 22.9144
55 45 5.7035
36 26 6.0084
41 31 5.0621
24 14 0.78
67 57 31.3499
93 83 55.5532
108 98 69.5156
109 99 59.7761
76 66 13.3429
78 68 24.169
80 70 44.716
60 50 12.7328
53 43 5.4662
74 64 35.4061
89 79 55.8562
20 10 0.2768
99 89 77.7483
97 87 24.7079
106 96 82.9338
