100 2618 4.3589
35 35 12.25
33 33 10.89
100 100 100.0
63 63 39.69
48 48 23.04
77 77 59.29
72 72 51.84
61 61 37.21
70 70 49.0
18 18 3.24
66 66 43.56
23 23 5.29
42 42 17.64
39 39 15.21
58 58 33.64
5 5 0.25
57 57 32.49
7 7 0.49
5 5 0.25
22 22 4.84
75 75 56.25
13 13 1.69
71 71 50.41
38 38 14.44
92 92 84.64
26 26 6.76
86 86 73.96
69 69 47.61
22 22 4.84
3 3 0.09
87 87 75.69
1 1 0.01
62 62 38.44
20 20 4.0
14 14 1.96
25 25 6.25
74 74 54.76
54 54 29.16
68 68 46.24
65 65 42.25
11 11 1.21
29 29 8.41
59 59 34.81
39 39 15.21
75 75 56.25
99 99 98.01
16 16 2.56
97 97 94.09
44 44 19.36
12 12 1.44
99 99 98.01
18 18 3.24
59 59 34.81
46 46 21.16
56 56 31.36
92 92 84.64
68 68 46.24
46 46 21.16
26 26 6.76
50 50 25.0
36 36 12.96
48 48 23.04
68 68 46.24
42 42 17.64
54 54 29.16
47 47 22.09
80 80 64.0
57 57 32.49
72 72 51.84
97 97 94.09
96 96 92.16
66 66 43.56
57 57 32.49
31 31 9.61
9 9 0.81
7 7 0.49
34 34 11.56
56 56 31.36
46 46 21.16
30 30 9.0
42 42 17.64
67 67 44.89
79 79 62.41
50 50 25.0
65 65 42.25
44 44 19.36
73 73 53.29
87 87 75.69
43 43 18.49
88 88 77.44
54 54 29.16
79 79 62.41
62 62 38.44
22 22 4.84
78 78 60.84
62 62 38.44
63 63 39.69
91 91 82.81
54 54 29.16
93 93 86.49
