100 2513 4.3589
54 54 29.16
97 97 94.09
6 6 0.36
81 81 65.61
82 82 67.24
2 2 0.04
27 27 7.29
62 62 38.44
41 41 16.81
36 36 12.96
73 73 53.29
43 43 18.49
24 24 5.76
65 65 42.25
12 12 1.44
1 1 0.01
60 60 36.0
58 58 33.64
43 43 18.49
40 40 16.0
87 87 75.69
45 45 20.25
98 98 96.04
21 21 4.41
30 30 9.0
89 89 79.21
31 31 9.61
64 64 40.96
30 30 9.0
96 96 92.16
81 81 65.61
40 40 16.0
49 49 24.01
37 37 13.69
62 62 38.44
34 34 11.56
47 47 22.09
15 15 2.25
32 32 10.24
18 18 3.24
33 33 10.89
3 3 0.09
37 37 13.69
71 71 50.41
89 89 79.21
61 61 37.21
71 71 50.41
73 73 53.29
100 100 100.0
37 37 13.69
71 71 50.41
92 92 84.64
92 92 84.64
29 29 8.41
85 85 72.25
62 62 38.44
40 40 16.0
30 30 9.0
69 69 47.61
66 66 43.56
8 8 0.64
16 16 2.56
2 2 0.04
67 67 44.89
98 98 96.04
13 13 1.69
75 75 56.25
34 34 11.56
29 29 8.41
53 53 28.09
22 22 4.84
87 87 75.69
100 100 100.0
35 35 12.25
93 93 86.49
60 60 36.0
16 16 2.56
70 70 49.0
38 38 14.44
69 69 47.61
80 80 64.0
18 18 3.24
75 75 56.25
23 23 5.29
22 22 4.84
13 13 1.69
15 15 2.25
82 82 67.24
41 41 16.81
11 11 1.21
86 86 73.96
19 19 3.61
85 85 72.25
40 40 16.0
64 64 40.96
92 92 84.64
15 15 2.25
48 48 23.04
33 33 10.89
55 55 30.25
