400 10121 4.3589
71 61 48.7539
90 80 18.7247
28 18 78.28
78 68 36.0408
80 70 32.5219
98 88 27.1629
96 86 44.2784
88 78 55.7322
37 27 73.2257
40 30 75.266
55 45 67.9372
12 2 98.4639
39 29 66.1457
27 17 87.6864
102 92 24.2615
75 65 68.9448
98 88 33.4026
32 22 80.022
100 90 16.9793
24 14 88.6328
27 17 87.2879
104 94 26.7248
105 95 44.4329
64 54 58.7599
25 15 87.9563
76 66 44.9061
92 82 31.9553
63 53 52.0606
100 90 34.6026
46 36 62.3642
89 79 39.2189
39 29 71.4008
44 34 68.6147
57 47 66.7669
85 75 31.2705
62 52 71.5614
70 60 48.7064
25 15 88.4653
107 97 27.8562
15 5 95.0781
53 43 67.7839
107 97 41.5393
35 25 82.8555
107 97 25.0831
85 75 40.2882
47 37 78.4287
82 72 64.603
36 26 70.4055
75 65 57.072
56 46 73.9118
12 2 98.1249
65 55 66.0985
20 10 92.2676
73 63 45.1423
71 61 48.0291
75 65 39.6333
59 49 67.9405
22 12 90.345
77 67 38.5914
98 88 21.6392
20 10 91.0841
67 57 45.6489
31 21 87.9
104 94 16.2441
25 15 80.9298
50 40 65.8711
106 96 32.2306
87 77 37.5904
21 11 91.7534
17 7 94.6573
91 81 53.6088
109 99 38.0652
98 88 43.8694
49 39 71.0531
12 2 97.9031
87 77 22.572
81 71 37.3663
85 75 37.1917
35 25 67.3893
83 73 50.7685
104 94 47.4611
88 78 31.8965
34 24 83.9349
100 90 37.8569
35 25 78.8562
40 30 74.7533
37 27 72.6296
76 66 63.8289
74 64 64.5644
55 45 66.5889
23 13 82.8974
89 79 19.4772
46 36 75.5717
49 39 76.9041
74 64 29.9121
33 23 78.4482
12 2 98.1645
100 90 15.4363
13 3 96.8
65 55 60.7714
40 30 71.3957
84 74 33.1857
84 74 42.1292
60 50 68.378
11 1 99.1877
92 82 55.7785
90 80 39.7833
90 80 35.0772
108 98 53.271
92 82 29.8324
60 50 56.172
11 1 99.1877
36 26 72.9196
40 30 70.2009
67 57 55.7412
75 65 56.6271
50 40 73.3472
48 38 50.8868
103 93 30.0074
92 82 29.9669
88 78 37.1551
21 11 91.4529
61 51 59.1023
15 5 94.7644
74 64 39.7808
80 70 48.8238
47 37 63.2454
86 76 29.3482
110 100 11.193
71 61 64.2563
73 63 43.1255
46 36 70.1691
106 96 28.3482
43 33 69.7158
80 70 31.644
30 20 81.3189
34 24 80.5022
48 38 62.1543
14 4 96.2027
51 41 73.4586
92 82 37.6321
56 46 55.1782
109 99 30.1028
88 78 42.8436
23 13 87.3758
57 47 58.5424
81 71 42.7651
57 47 48.793
56 46 63.4858
30 20 82.5245
85 75 29.7778
88 78 40.4178
42 32 81.0882
75 65 53.3937
14 4 96.1969
75 65 43.1294
70 60 42.8737
101 91 31.0572
31 21 79.4184
16 6 94.0648
57 47 64.0016
23 13 84.5407
56 46 48.5893
50 40 75.6778
109 99 21.997
33 23 81.841
86 76 50.5322
65 55 43.5983
29 19 73.6799
83 73 52.9606
30 20 79.4754
42 32 71.924
100 90 41.1189
57 47 72.0784
26 16 82.8774
26 16 83.3679
35 25 71.9698
61 51 66.2482
29 19 83.8726
46 36 65.4837
31 21 84.4028
103 93 13.246
101 91 39.6938
98 88 13.1095
98 88 28.967
51 41 71.3738
40 30 80.5237
97 87 12.1543
85 75 33.8363
68 58 61.6005
44 34 79.1139
34 24 70.8695
30 20 81.8844
49 39 55.2406
81 71 46.4115
24 14 87.3215
80 70 46.7637
67 57 51.7551
60 50 61.5895
104 94 37.37
78 68 34.7015
96 86 54.5885
22 12 92.9913
39 29 84.3018
83 73 62.4795
110 100 28.108
93 83 30.1017
68 58 41.9891
34 24 75.697
80 70 43.4044
41 31 78.1615
31 21 83.5414
62 52 50.8298
106 96 45.1974
33 23 74.3527
58 48 65.7072
63 53 46.4769
32 22 76.6658
96 86 20.4358
32 22 80.7788
102 92 11.1129
55 45 53.9828
102 92 32.7596
92 82 33.5009
110 100 23.9463
108 98 31.5226
103 93 40.554
13 3 96.0596
77 67 47.7315
91 81 27.8087
42 32 63.6293
27 17 86.2094
108 98 25.4853
91 81 29.7603
82 72 32.2556
28 18 79.2634
77 67 43.1636
92 82 46.4715
109 99 35.3656
87 77 35.7245
26 16 90.2215
11 1 99.0722
74 64 44.0962
80 70 42.1019
34 24 74.0185
89 79 38.8765
33 23 80.0542
38 28 83.7664
35 25 72.2177
64 54 51.1611
68 58 51.7292
73 63 46.9705
73 63 31.1185
55 45 47.7757
107 97 39.3543
23 13 90.9143
107 97 32.5904
77 67 38.7021
44 34 79.3578
40 30 77.4734
33 23 84.2981
55 45 60.474
107 97 23.9395
108 98 21.9445
60 50 58.7538
65 55 44.0285
29 19 87.0601
51 41 73.8792
58 48 63.1834
35 25 77.3415
45 35 65.4141
40 30 77.4382
86 76 24.6125
31 21 80.2153
100 90 38.5057
81 71 37.9025
96 86 20.5445
23 13 85.8143
44 34 72.4967
105 95 40.8666
78 68 38.1998
100 90 43.0336
50 40 58.0248
52 42 72.9043
58 48 61.7843
64 54 58.5179
48 38 52.7555
32 22 82.2776
18 8 93.7566
105 95 8.5931
107 97 17.042
36 26 77.7236
46 36 60.5766
43 33 62.2805
88 78 30.1061
48 38 51.7954
77 67 26.7093
83 73 50.8783
53 43 68.8336
29 19 86.6184
12 2 97.1131
93 83 33.2941
20 10 90.5923
49 39 71.5885
37 27 68.4988
59 49 53.0086
44 34 71.8527
110 100 33.3345
57 47 60.8306
61 51 49.7871
89 79 20.6379
50 40 67.7527
50 40 74.4372
30 20 76.9164
18 8 90.4896
13 3 97.7053
85 75 47.0898
60 50 68.3813
85 75 24.7656
67 57 43.3306
12 2 97.7132
25 15 91.5256
24 14 88.8778
100 90 11.0118
59 49 62.0298
28 18 82.7208
91 81 35.4358
108 98 25.8532
35 25 76.2181
63 53 67.4599
26 16 88.5801
71 61 53.5473
99 89 18.8582
78 68 55.6979
30 20 83.003
31 21 81.503
99 89 33.8643
61 51 56.0567
35 25 81.5012
75 65 54.5663
26 16 80.8183
81 71 51.8054
82 72 54.4349
34 24 74.42
90 80 28.5028
56 46 68.8087
52 42 57.508
55 45 67.2105
81 71 53.4551
83 73 30.0896
73 63 56.7114
31 21 81.0954
102 92 26.1479
60 50 62.118
25 15 89.607
37 27 78.6237
41 31 78.6113
69 59 32.0764
12 2 97.5216
42 32 60.1912
17 7 93.4316
30 20 80.5937
53 43 57.8938
16 6 94.8598
53 43 49.3605
105 95 32.3363
14 4 95.3201
20 10 90.0658
74 64 43.6762
93 83 44.0843
23 13 89.2515
14 4 95.7658
61 51 50.7428
23 13 86.3301
52 42 62.0361
15 5 96.8079
110 100 35.5776
70 60 56.5218
72 62 55.098
29 19 84.7265
103 93 24.6244
32 22 74.3406
61 51 62.4748
13 3 96.865
86 76 45.6435
83 73 45.4438
44 34 79.0908
41 31 68.7374
91 81 50.2766
51 41 71.5801
56 46 75.8101
92 82 25.9112
44 34 72.5137
58 48 40.4153
52 42 53.6659
33 23 75.077
31 21 81.6909
44 34 82.963
42 32 81.0846
29 19 77.0445
