100 2755 9.9499
106 96 1.6641
94 84 8.6433
68 58 35.0839
98 88 7.7361
90 80 11.9226
42 32 92.9571
16 6 0.6538
69 59 132.0107
90 80 40.6572
18 8 4.6622
70 60 33.3464
41 31 97.9943
90 80 28.2929
67 57 70.4918
35 25 20.1242
71 61 135.6246
59 49 99.8986
50 40 56.8436
95 85 6.5386
91 81 32.8577
49 39 161.4753
74 64 116.3782
93 83 0.1935
23 13 0.9221
95 85 1.0661
47 37 100.8437
44 34 73.1733
80 70 44.454
95 85 24.4484
61 51 235.4252
100 90 9.818
107 97 0.3617
38 28 44.558
65 55 53.1553
103 93 1.4778
81 71 57.3001
14 4 0.4562
61 51 181.0579
21 11 1.018
32 22 26.0827
16 6 3.1146
73 63 68.9639
101 91 3.3306
62 52 238.9618
81 71 51.528
62 52 153.1765
90 80 39.1573
93 83 14.4312
104 94 0.1043
49 39 152.7114
81 71 0.6754
74 64 75.8374
96 86 8.2776
19 9 5.9672
34 24 11.6497
25 15 5.1992
98 88 7.5979
81 71 36.9825
22 12 4.9381
41 31 48.4747
40 30 64.105
48 38 75.6716
48 38 134.281
12 2 0.2159
80 70 71.5575
84 74 29.2564
107 97 0.2166
81 71 85.98
23 13 4.2085
34 24 18.4625
23 13 8.5191
103 93 1.7064
94 84 21.6599
18 8 7.0041
96 86 9.2455
53 43 122.2129
14 4 1.7297
57 47 146.3654
83 73 63.5448
66 56 72.196
108 98 0.0543
83 73 65.7158
70 60 155.9678
93 83 13.8953
40 30 66.2755
85 75 33.8352
26 16 9.3082
61 51 231.3043
30 20 33.5723
53 43 51.4792
87 77 32.9087
80 70 96.8346
76 66 116.1871
73 63 34.1097
99 89 3.497
96 86 12.0876
110 100 0.0
22 12 11.7542
92 82 23.888
18 8 4.281
