400 10121 4.3589
71 61 49.4857
90 80 29.6777
28 18 18.2404
78 68 28.118
80 70 50.8467
98 88 4.758
96 86 7.6924
88 78 25.8902
37 27 60.6692
40 30 96.7962
55 45 167.2704
12 2 0.4245
39 29 41.2814
27 17 1.8689
102 92 1.9381
75 65 131.202
98 88 14.4237
32 22 17.6543
100 90 9.1613
24 14 0.546
27 17 12.1103
104 94 1.86
105 95 0.4848
64 54 85.7034
25 15 8.5067
76 66 118.7119
92 82 10.9729
63 53 208.3221
100 90 3.6232
46 36 141.4721
89 79 37.5305
39 29 91.6316
44 34 100.6131
57 47 24.9173
85 75 2.352
62 52 143.9563
70 60 107.6675
25 15 7.6895
107 97 0.9065
15 5 1.6505
53 43 136.7849
107 97 0.2633
35 25 51.7766
107 97 0.0876
85 75 55.5074
47 37 81.7954
82 72 69.4138
36 26 1.0309
75 65 47.9679
56 46 142.0251
12 2 0.3336
65 55 151.365
20 10 0.5783
73 63 69.6536
71 61 62.4038
75 65 66.3076
59 49 212.2251
22 12 15.4416
77 67 111.4893
98 88 11.8579
20 10 2.7183
67 57 24.7407
31 21 2.1148
104 94 2.9607
25 15 14.4661
50 40 34.9547
106 96 0.7125
87 77 14.8869
21 11 9.703
17 7 0.8785
91 81 34.5909
109 99 0.0036
98 88 9.7575
49 39 123.1359
12 2 0.0014
87 77 53.7092
81 71 41.6453
85 75 65.4346
35 25 64.6648
83 73 62.8929
104 94 3.7242
88 78 41.0868
34 24 50.7314
100 90 4.6783
35 25 42.8198
40 30 9.8672
37 27 48.0246
76 66 4.4789
74 64 8.6721
55 45 164.2739
23 13 3.3949
89 79 14.3016
46 36 103.8939
49 39 133.5566
74 64 63.2995
33 23 0.1625
12 2 0.356
100 90 6.2937
13 3 0.5227
65 55 45.6633
40 30 7.4079
84 74 64.366
84 74 55.6785
60 50 142.9838
11 1 0.0232
92 82 10.5191
90 80 30.7983
90 80 42.9531
108 98 0.116
92 82 8.9089
60 50 228.534
11 1 0.0492
36 26 61.2915
40 30 8.7584
67 57 172.7257
75 65 88.557
50 40 42.0739
48 38 22.2184
103 93 2.4523
92 82 13.8883
88 78 47.5896
21 11 2.2566
61 51 112.0201
15 5 0.5838
74 64 59.4593
80 70 16.1797
47 37 57.006
86 76 54.172
110 100 0.0
71 61 31.1141
73 63 137.4372
46 36 128.4276
106 96 1.0072
43 33 11.9938
80 70 9.1975
30 20 18.2181
34 24 61.6053
48 38 153.0963
14 4 0.6809
51 41 64.8265
92 82 24.3003
56 46 123.6383
109 99 0.0332
88 78 17.1117
23 13 5.5893
57 47 29.4768
81 71 14.1817
57 47 11.4224
56 46 231.3369
30 20 15.9841
85 75 57.465
88 78 30.7818
42 32 86.8612
75 65 23.563
14 4 1.305
75 65 79.0509
70 60 65.8341
101 91 5.1937
31 21 23.9406
16 6 2.7637
57 47 103.2781
23 13 10.9349
56 46 206.7485
50 40 59.8021
109 99 0.0343
33 23 26.6767
86 76 44.3254
65 55 61.9838
29 19 35.0858
83 73 64.5307
30 20 22.3861
42 32 41.6311
100 90 4.7504
57 47 32.5815
26 16 22.8316
26 16 16.0679
35 25 39.9705
61 51 19.1234
29 19 11.5267
46 36 99.0822
31 21 9.1234
103 93 0.8468
101 91 1.3215
98 88 4.3577
98 88 6.8386
51 41 181.0431
40 30 67.2778
97 87 10.6517
85 75 45.3223
68 58 122.9982
44 34 88.6056
34 24 53.9023
30 20 5.0145
49 39 154.0853
81 71 20.342
24 14 11.6841
80 70 29.3473
67 57 36.7865
60 50 67.4961
104 94 0.47
78 68 79.0199
96 86 10.6021
22 12 2.0621
39 29 61.5572
83 73 52.9003
110 100 0.0
93 83 9.9627
68 58 3.5176
34 24 44.189
80 70 69.0892
41 31 71.1469
31 21 42.0044
62 52 140.5676
106 96 0.4318
33 23 54.2338
58 48 236.8072
63 53 166.1811
32 22 20.4218
96 86 20.1882
32 22 12.2965
102 92 6.1222
55 45 45.0166
102 92 6.0304
92 82 26.4527
110 100 0.0
108 98 0.4214
103 93 4.6743
13 3 0.7767
77 67 46.9677
91 81 15.5165
42 32 57.4028
27 17 14.2987
108 98 0.0234
91 81 1.5677
82 72 16.5492
28 18 7.5997
77 67 110.9428
92 82 17.587
109 99 0.0531
87 77 16.2301
26 16 24.7175
11 1 0.0832
74 64 21.6212
80 70 20.6357
34 24 59.852
89 79 25.1558
33 23 43.7495
38 28 85.0975
35 25 63.911
64 54 194.7837
68 58 84.0524
73 63 97.8296
73 63 96.8742
55 45 116.0313
107 97 0.0578
23 13 17.1406
107 97 0.9134
77 67 12.9303
44 34 20.2414
40 30 14.7471
33 23 47.6832
55 45 66.0332
107 97 0.8211
108 98 0.1898
60 50 241.9048
65 55 15.5781
29 19 32.4231
51 41 122.5661
58 48 54.0977
35 25 0.7626
45 35 53.7177
40 30 64.1227
86 76 0.5201
31 21 4.77
100 90 4.9485
81 71 69.1638
96 86 13.6226
23 13 17.0714
44 34 79.8114
105 95 1.5912
78 68 18.5325
100 90 4.7187
50 40 2.3716
52 42 78.1143
58 48 188.8749
64 54 182.5972
48 38 37.2276
32 22 25.5877
18 8 7.0169
105 95 2.7181
107 97 0.2348
36 26 6.6875
46 36 114.869
43 33 68.5855
88 78 44.9689
48 38 145.7345
77 67 89.8988
83 73 21.4774
53 43 168.821
29 19 30.6849
12 2 0.1909
93 83 2.9257
20 10 1.1258
49 39 45.8815
37 27 80.1536
59 49 93.4266
44 34 53.1075
110 100 0.0
57 47 102.5973
61 51 188.8067
89 79 48.5504
50 40 171.3221
50 40 136.3901
30 20 33.2645
18 8 0.3568
13 3 0.6331
85 75 6.8988
60 50 267.5702
85 75 19.5466
67 57 140.4167
12 2 0.0554
25 15 19.9835
24 14 15.1274
100 90 3.6193
59 49 232.9307
28 18 24.0712
91 81 5.5578
108 98 0.3352
35 25 45.0412
63 53 153.5505
26 16 25.8094
71 61 143.2832
99 89 0.833
78 68 53.9652
30 20 17.8557
31 21 1.0806
99 89 0.536
61 51 116.1134
35 25 16.5208
75 65 83.7421
26 16 26.3591
81 71 12.2751
82 72 23.9311
34 24 24.3309
90 80 3.3451
56 46 119.8005
52 42 187.2642
55 45 27.8517
81 71 31.7307
83 73 6.322
73 63 87.6983
31 21 5.329
102 92 3.3216
60 50 253.6046
25 15 23.89
37 27 49.589
41 31 103.5674
69 59 9.8412
12 2 0.3201
42 32 70.384
17 7 5.1109
30 20 37.8723
53 43 151.5494
16 6 1.6128
53 43 112.5927
105 95 2.1401
14 4 1.5544
20 10 6.0715
74 64 10.0482
93 83 4.8093
23 13 10.3937
14 4 0.7014
61 51 186.0172
23 13 5.6432
52 42 93.9262
15 5 0.3693
110 100 0.0
70 60 166.2689
72 62 25.9347
29 19 8.6286
103 93 3.8422
32 22 13.2751
61 51 244.9615
13 3 0.2759
86 76 55.0449
83 73 73.5835
44 34 114.9184
41 31 99.2849
91 81 4.1704
51 41 38.9343
56 46 97.8492
92 82 5.4038
44 34 94.1398
58 48 233.1533
52 42 152.2118
33 23 27.4089
31 21 41.5095
44 34 87.3341
42 32 102.9957
29 19 0.5732
