900 22921 9.9499
96 96 92.16
16 16 2.56
70 70 49.0
26 26 6.76
35 35 12.25
84 84 70.56
66 66 43.56
57 57 32.49
86 86 73.96
63 63 39.69
46 46 21.16
43 43 18.49
67 67 44.89
72 72 51.84
89 89 79.21
19 19 3.61
90 90 81.0
7 7 0.49
62 62 38.44
6 6 0.36
21 21 4.41
20 20 4.0
68 68 46.24
11 11 1.21
31 31 9.61
88 88 77.44
1 1 0.01
16 16 2.56
67 67 44.89
58 58 33.64
27 27 7.29
64 64 40.96
93 93 86.49
20 20 4.0
73 73 53.29
25 25 6.25
51 51 26.01
83 83 68.89
16 16 2.56
16 16 2.56
14 14 1.96
34 34 11.56
36 36 12.96
96 96 92.16
97 97 94.09
11 11 1.21
68 68 46.24
64 64 40.96
32 32 10.24
36 36 12.96
32 32 10.24
40 40 16.0
13 13 1.69
21 21 4.41
20 20 4.0
33 33 10.89
16 16 2.56
3 3 0.09
39 39 15.21
16 16 2.56
94 94 88.36
3 3 0.09
28 28 7.84
17 17 2.89
76 76 57.76
34 34 11.56
6 6 0.36
71 71 50.41
71 71 50.41
94 94 88.36
71 71 50.41
24 24 5.76
55 55 30.25
90 90 81.0
42 42 17.64
61 61 37.21
27 27 7.29
11 11 1.21
72 72 51.84
66 66 43.56
30 30 9.0
58 58 33.64
4 4 0.16
32 32 10.24
44 44 19.36
70 70 49.0
24 24 5.76
64 64 40.96
50 50 25.0
59 59 34.81
68 68 46.24
34 34 11.56
53 53 28.09
31 31 9.61
90 90 81.0
48 48 23.04
85 85 72.25
68 68 46.24
50 50 25.0
81 81 65.61
58 58 33.64
98 98 96.04
88 88 77.44
51 51 26.01
97 97 94.09
87 87 75.69
2 2 0.04
72 72 51.84
33 33 10.89
98 98 96.04
15 15 2.25
99 99 98.01
99 99 98.01
90 90 81.0
18 18 3.24
83 83 68.89
42 42 17.64
54 54 29.16
95 95 90.25
51 51 26.01
64 64 40.96
4 4 0.16
40 40 16.0
70 70 49.0
45 45 20.25
3 3 0.09
93 93 86.49
93 93 86.49
88 88 77.44
27 27 7.29
4 4 0.16
47 47 22.09
80 80 64.0
81 81 65.61
47 47 22.09
86 86 73.96
90 90 81.0
89 89 79.21
49 49 24.01
99 99 98.01
9 9 0.81
49 49 24.01
68 68 46.24
60 60 36.0
87 87 75.69
15 15 2.25
37 37 13.69
15 15 2.25
98 98 96.04
83 83 68.89
31 31 9.61
47 47 22.09
4 4 0.16
27 27 7.29
55 55 30.25
12 12 1.44
39 39 15.21
72 72 51.84
64 64 40.96
95 95 90.25
48 48 23.04
43 43 18.49
79 79 62.41
11 11 1.21
64 64 40.96
94 94 88.36
28 28 7.84
21 21 4.41
17 17 2.89
27 27 7.29
22 22 4.84
64 64 40.96
24 24 5.76
14 14 1.96
67 67 44.89
65 65 42.25
27 27 7.29
34 34 11.56
24 24 5.76
66 66 43.56
48 48 23.04
56 56 31.36
70 70 49.0
92 92 84.64
81 81 65.61
95 95 90.25
39 39 15.21
88 88 77.44
35 35 12.25
69 69 47.61
19 19 3.61
37 37 13.69
11 11 1.21
47 47 22.09
44 44 19.36
87 87 75.69
44 44 19.36
27 27 7.29
15 15 2.25
34 34 11.56
23 23 5.29
57 57 32.49
20 20 4.0
1 1 0.01
82 82 67.24
70 70 49.0
90 90 81.0
95 95 90.25
25 25 6.25
34 34 11.56
26 26 6.76
67 67 44.89
9 9 0.81
53 53 28.09
90 90 81.0
34 34 11.56
69 69 47.61
29 29 8.41
5 5 0.25
57 57 32.49
32 32 10.24
61 61 37.21
100 100 100.0
22 22 4.84
49 49 24.01
36 36 12.96
74 74 54.76
7 7 0.49
80 80 64.0
67 67 44.89
41 41 16.81
62 62 38.44
20 20 4.0
36 36 12.96
99 99 98.01
52 52 27.04
85 85 72.25
63 63 39.69
24 24 5.76
28 28 7.84
14 14 1.96
10 10 1.0
45 45 20.25
59 59 34.81
62 62 38.44
7 7 0.49
56 56 31.36
39 39 15.21
5 5 0.25
37 37 13.69
16 16 2.56
36 36 12.96
19 19 3.61
78 78 60.84
42 42 17.64
16 16 2.56
90 90 81.0
27 27 7.29
4 4 0.16
20 20 4.0
64 64 40.96
76 76 57.76
90 90 81.0
2 2 0.04
55 55 30.25
61 61 37.21
67 67 44.89
47 47 22.09
17 17 2.89
55 55 30.25
22 22 4.84
86 86 73.96
98 98 96.04
81 81 65.61
12 12 1.44
60 60 36.0
56 56 31.36
68 68 46.24
36 36 12.96
51 51 26.01
67 67 44.89
20 20 4.0
60 60 36.0
23 23 5.29
26 26 6.76
50 50 25.0
44 44 19.36
40 40 16.0
45 45 20.25
23 23 5.29
96 96 92.16
50 50 25.0
96 96 92.16
75 75 56.25
22 22 4.84
73 73 53.29
85 85 72.25
33 33 10.89
39 39 15.21
11 11 1.21
75 75 56.25
9 9 0.81
24 24 5.76
64 64 40.96
15 15 2.25
41 41 16.81
34 34 11.56
88 88 77.44
9 9 0.81
53 53 28.09
17 17 2.89
1 1 0.01
15 15 2.25
46 46 21.16
100 100 100.0
56 56 31.36
37 37 13.69
78 78 60.84
30 30 9.0
78 78 60.84
72 72 51.84
26 26 6.76
1 1 0.01
23 23 5.29
70 70 49.0
89 89 79.21
13 13 1.69
7 7 0.49
65 65 42.25
100 100 100.0
78 78 60.84
13 13 1.69
59 59 34.81
7 7 0.49
64 64 40.96
1 1 0.01
25 25 6.25
53 53 28.09
52 52 27.04
15 15 2.25
76 76 57.76
91 91 82.81
76 76 57.76
6 6 0.36
20 20 4.0
76 76 57.76
98 98 96.04
48 48 23.04
99 99 98.01
32 32 10.24
51 51 26.01
10 10 1.0
35 35 12.25
36 36 12.96
95 95 90.25
3 3 0.09
14 14 1.96
70 70 49.0
92 92 84.64
98 98 96.04
20 20 4.0
14 14 1.96
69 69 47.61
21 21 4.41
38 38 14.44
63 63 39.69
12 12 1.44
28 28 7.84
79 79 62.41
3 3 0.09
13 13 1.69
35 35 12.25
73 73 53.29
90 90 81.0
31 31 9.61
25 25 6.25
89 89 79.21
44 44 19.36
64 64 40.96
40 40 16.0
54 54 29.16
88 88 77.44
64 64 40.96
47 47 22.09
45 45 20.25
76 76 57.76
15 15 2.25
15 15 2.25
98 98 96.04
38 38 14.44
26 26 6.76
31 31 9.61
73 73 53.29
76 76 57.76
48 48 23.04
53 53 28.09
4 4 0.16
70 70 49.0
53 53 28.09
37 37 13.69
64 64 40.96
41 41 16.81
59 59 34.81
87 87 75.69
73 73 53.29
99 99 98.01
61 61 37.21
94 94 88.36
2 2 0.04
3 3 0.09
60 60 36.0
41 41 16.81
10 10 1.0
74 74 54.76
66 66 43.56
95 95 90.25
100 100 100.0
33 33 10.89
25 25 6.25
6 6 0.36
98 98 96.04
78 78 60.84
61 61 37.21
46 46 21.16
57 57 32.49
75 75 56.25
64 64 40.96
52 52 27.04
24 24 5.76
6 6 0.36
97 97 94.09
50 50 25.0
75 75 56.25
84 84 70.56
5 5 0.25
100 100 100.0
41 41 16.81
1 1 0.01
37 37 13.69
56 56 31.36
62 62 38.44
27 27 7.29
8 8 0.64
70 70 49.0
84 84 70.56
67 67 44.89
95 95 90.25
31 31 9.61
60 60 36.0
78 78 60.84
45 45 20.25
18 18 3.24
16 16 2.56
92 92 84.64
67 67 44.89
95 95 90.25
6 6 0.36
39 39 15.21
94 94 88.36
70 70 49.0
88 88 77.44
60 60 36.0
89 89 79.21
97 97 94.09
90 90 81.0
74 74 54.76
30 30 9.0
12 12 1.44
89 89 79.21
38 38 14.44
64 64 40.96
38 38 14.44
3 3 0.09
86 86 73.96
21 21 4.41
13 13 1.69
52 52 27.04
78 78 60.84
85 85 72.25
5 5 0.25
4 4 0.16
7 7 0.49
65 65 42.25
28 28 7.84
50 50 25.0
10 10 1.0
26 26 6.76
55 55 30.25
74 74 54.76
73 73 53.29
2 2 0.04
87 87 75.69
47 47 22.09
74 74 54.76
74 74 54.76
63 63 39.69
3 3 0.09
79 79 62.41
7 7 0.49
32 32 10.24
46 46 21.16
52 52 27.04
79 79 62.41
36 36 12.96
100 100 100.0
28 28 7.84
56 56 31.36
86 86 73.96
4 4 0.16
24 24 5.76
69 69 47.61
16 16 2.56
48 48 23.04
25 25 6.25
25 25 6.25
58 58 33.64
47 47 22.09
63 63 39.69
62 62 38.44
30 30 9.0
96 96 92.16
98 98 96.04
56 56 31.36
87 87 75.69
36 36 12.96
22 22 4.84
36 36 12.96
98 98 96.04
62 62 38.44
43 43 18.49
21 21 4.41
35 35 12.25
9 9 0.81
57 57 32.49
30 30 9.0
11 11 1.21
61 61 37.21
63 63 39.69
39 39 15.21
28 28 7.84
42 42 17.64
55 55 30.25
92 92 84.64
2 2 0.04
44 44 19.36
59 59 34.81
79 79 62.41
43 43 18.49
74 74 54.76
64 64 40.96
7 7 0.49
36 36 12.96
70 70 49.0
34 34 11.56
83 83 68.89
1 1 0.01
10 10 1.0
3 3 0.09
25 25 6.25
44 44 19.36
57 57 32.49
40 40 16.0
60 60 36.0
2 2 0.04
46 46 21.16
20 20 4.0
82 82 67.24
70 70 49.0
75 75 56.25
48 48 23.04
97 97 94.09
86 86 73.96
41 41 16.81
76 76 57.76
19 19 3.61
53 53 28.09
34 34 11.56
64 64 40.96
64 64 40.96
9 9 0.81
73 73 53.29
91 91 82.81
71 71 50.41
9 9 0.81
55 55 30.25
44 44 19.36
19 19 3.61
34 34 11.56
76 76 57.76
46 46 21.16
44 44 19.36
95 95 90.25
41 41 16.81
32 32 10.24
6 6 0.36
51 51 26.01
18 18 3.24
20 20 4.0
69 69 47.61
39 39 15.21
43 43 18.49
47 47 22.09
42 42 17.64
23 23 5.29
44 44 19.36
100 100 100.0
87 87 75.69
62 62 38.44
75 75 56.25
23 23 5.29
68 68 46.24
96 96 92.16
30 30 9.0
20 20 4.0
11 11 1.21
30 30 9.0
20 20 4.0
84 84 70.56
3 3 0.09
73 73 53.29
20 20 4.0
71 71 50.41
87 87 75.69
66 66 43.56
49 49 24.01
29 29 8.41
82 82 67.24
3 3 0.09
13 13 1.69
88 88 77.44
81 81 65.61
6 6 0.36
85 85 72.25
52 52 27.04
6 6 0.36
59 59 34.81
97 97 94.09
52 52 27.04
9 9 0.81
3 3 0.09
64 64 40.96
14 14 1.96
30 30 9.0
79 79 62.41
11 11 1.21
98 98 96.04
26 26 6.76
72 72 51.84
32 32 10.24
55 55 30.25
61 61 37.21
56 56 31.36
5 5 0.25
43 43 18.49
47 47 22.09
2 2 0.04
63 63 39.69
64 64 40.96
29 29 8.41
2 2 0.04
98 98 96.04
71 71 50.41
50 50 25.0
32 32 10.24
35 35 12.25
38 38 14.44
90 90 81.0
80 80 64.0
5 5 0.25
55 55 30.25
64 64 40.96
28 28 7.84
97 97 94.09
72 72 51.84
72 72 51.84
89 89 79.21
43 43 18.49
94 94 88.36
95 95 90.25
58 58 33.64
40 40 16.0
97 97 94.09
26 26 6.76
77 77 59.29
40 40 16.0
76 76 57.76
3 3 0.09
19 19 3.61
21 21 4.41
40 40 16.0
26 26 6.76
72 72 51.84
99 99 98.01
8 8 0.64
10 10 1.0
77 77 59.29
82 82 67.24
29 29 8.41
93 93 86.49
65 65 42.25
67 67 44.89
2 2 0.04
20 20 4.0
64 64 40.96
98 98 96.04
47 47 22.09
43 43 18.49
73 73 53.29
88 88 77.44
65 65 42.25
48 48 23.04
81 81 65.61
48 48 23.04
30 30 9.0
83 83 68.89
95 95 90.25
77 77 59.29
58 58 33.64
78 78 60.84
45 45 20.25
47 47 22.09
94 94 88.36
5 5 0.25
77 77 59.29
90 90 81.0
25 25 6.25
92 92 84.64
52 52 27.04
33 33 10.89
1 1 0.01
80 80 64.0
24 24 5.76
93 93 86.49
63 63 39.69
16 16 2.56
76 76 57.76
18 18 3.24
67 67 44.89
96 96 92.16
53 53 28.09
66 66 43.56
37 37 13.69
8 8 0.64
89 89 79.21
100 100 100.0
80 80 64.0
23 23 5.29
81 81 65.61
67 67 44.89
93 93 86.49
15 15 2.25
43 43 18.49
91 91 82.81
9 9 0.81
85 85 72.25
33 33 10.89
28 28 7.84
22 22 4.84
25 25 6.25
54 54 29.16
85 85 72.25
18 18 3.24
93 93 86.49
88 88 77.44
53 53 28.09
69 69 47.61
88 88 77.44
60 60 36.0
47 47 22.09
2 2 0.04
88 88 77.44
63 63 39.69
67 67 44.89
92 92 84.64
23 23 5.29
68 68 46.24
93 93 86.49
97 97 94.09
39 39 15.21
32 32 10.24
8 8 0.64
60 60 36.0
64 64 40.96
23 23 5.29
100 100 100.0
38 38 14.44
65 65 42.25
42 42 17.64
82 82 67.24
65 65 42.25
75 75 56.25
98 98 96.04
67 67 44.89
46 46 21.16
86 86 73.96
25 25 6.25
34 34 11.56
98 98 96.04
58 58 33.64
32 32 10.24
34 34 11.56
46 46 21.16
84 84 70.56
81 81 65.61
35 35 12.25
67 67 44.89
32 32 10.24
18 18 3.24
37 37 13.69
40 40 16.0
94 94 88.36
91 91 82.81
19 19 3.61
25 25 6.25
58 58 33.64
54 54 29.16
28 28 7.84
17 17 2.89
14 14 1.96
6 6 0.36
85 85 72.25
71 71 50.41
84 84 70.56
57 57 32.49
50 50 25.0
99 99 98.01
99 99 98.01
96 96 92.16
12 12 1.44
26 26 6.76
92 92 84.64
27 27 7.29
88 88 77.44
45 45 20.25
82 82 67.24
42 42 17.64
3 3 0.09
85 85 72.25
72 72 51.84
59 59 34.81
67 67 44.89
56 56 31.36
88 88 77.44
31 31 9.61
2 2 0.04
54 54 29.16
3 3 0.09
97 97 94.09
70 70 49.0
77 77 59.29
35 35 12.25
47 47 22.09
14 14 1.96
91 91 82.81
10 10 1.0
51 51 26.01
89 89 79.21
16 16 2.56
70 70 49.0
33 33 10.89
84 84 70.56
37 37 13.69
53 53 28.09
29 29 8.41
87 87 75.69
70 70 49.0
94 94 88.36
91 91 82.81
17 17 2.89
75 75 56.25
82 82 67.24
94 94 88.36
15 15 2.25
21 21 4.41
32 32 10.24
25 25 6.25
43 43 18.49
34 34 11.56
8 8 0.64
86 86 73.96
56 56 31.36
72 72 51.84
55 55 30.25
19 19 3.61
52 52 27.04
82 82 67.24
88 88 77.44
80 80 64.0
71 71 50.41
6 6 0.36
68 68 46.24
40 40 16.0
28 28 7.84
40 40 16.0
85 85 72.25
63 63 39.69
64 64 40.96
79 79 62.41
87 87 75.69
16 16 2.56
