400 10546 4.3589
72 62 36.5725
58 48 112.7658
70 60 12.2254
108 98 0.1321
109 99 0.0659
102 92 5.4991
42 32 60.8476
54 44 155.839
94 84 2.7606
26 16 19.2624
96 86 15.2145
16 6 3.7629
53 43 80.9054
97 87 7.8636
57 47 49.5612
85 75 9.9577
70 60 79.8999
102 92 0.5035
93 83 30.0428
65 55 50.4028
24 14 9.2472
108 98 0.0608
86 76 31.3355
69 59 66.5984
20 10 6.0305
24 14 1.1127
51 41 56.09
68 58 182.5093
107 97 0.0378
85 75 40.3418
84 74 18.1132
75 65 27.7031
18 8 4.9681
46 36 69.6056
64 54 113.9893
107 97 0.1859
13 3 0.7788
100 90 1.4286
71 61 135.9745
30 20 39.0781
68 58 40.5975
104 94 0.7264
70 60 124.7502
81 71 37.3956
58 48 99.2452
56 46 234.1704
23 13 4.6963
75 65 10.4029
20 10 7.7912
78 68 102.1744
110 100 0.0
69 59 64.2901
105 95 0.5952
93 83 18.6204
38 28 77.6067
110 100 0.0
58 48 173.8996
26 16 16.051
98 88 3.6462
84 74 63.2387
93 83 18.9688
31 21 0.5098
15 5 2.4251
89 79 20.5919
27 17 8.8721
14 4 0.7539
45 35 121.4813
70 60 31.0686
41 31 104.2731
44 34 90.0527
107 97 0.6311
94 84 21.6793
55 45 172.168
95 85 15.9774
73 63 72.8158
97 87 18.7326
40 30 28.6912
76 66 37.4901
100 90 6.1427
80 70 50.0566
80 70 94.4671
60 50 54.6839
95 85 2.3545
86 76 42.5205
87 77 41.1669
11 1 0.0329
82 72 76.5327
96 86 5.3102
50 40 49.9504
58 48 191.8344
81 71 38.5837
31 21 19.6705
17 7 2.8998
84 74 1.3892
54 44 99.127
43 33 111.3194
104 94 2.0115
76 66 54.6401
55 45 98.134
13 3 0.9161
44 34 17.3543
81 71 91.7112
96 86 10.5132
80 70 63.1177
77 67 64.1588
38 28 65.5826
42 32 73.0707
81 71 3.2578
21 11 1.9156
67 57 147.5082
45 35 47.4906
31 21 14.7027
107 97 0.1963
70 60 79.2186
84 74 14.1988
62 52 84.9172
102 92 4.7288
87 77 31.3004
49 39 140.8022
27 17 30.8067
65 55 79.6921
26 16 2.029
62 52 63.5319
85 75 36.5984
44 34 116.5956
66 56 205.9495
24 14 19.2365
94 84 26.8393
102 92 6.9941
87 77 26.7737
80 70 20.3215
65 55 139.3118
28 18 32.9945
36 26 60.7395
18 8 5.2843
68 58 97.1005
62 52 96.7963
108 98 0.198
63 53 34.6697
22 12 3.938
60 50 133.4171
65 55 83.1881
58 48 61.7214
51 41 104.3424
107 97 0.9274
69 59 39.3684
106 96 1.2649
108 98 0.1908
63 53 67.0298
59 49 64.6746
92 82 18.3561
98 88 2.3203
48 38 22.214
91 81 21.7589
35 25 43.6297
52 42 137.5707
40 30 79.2378
75 65 109.8892
95 85 12.0667
19 9 6.124
98 88 10.6865
72 62 110.635
39 29 11.7299
102 92 0.0229
21 11 13.3854
43 33 54.0761
24 14 12.512
102 92 0.5102
25 15 15.6042
90 80 16.6481
34 24 2.8838
69 59 56.9122
104 94 1.2458
42 32 98.7381
81 71 39.7821
59 49 117.4147
85 75 66.299
93 83 25.1002
75 65 19.6485
66 56 20.5197
62 52 233.1332
31 21 14.4796
79 69 35.9031
78 68 77.657
40 30 10.2634
98 88 9.8244
12 2 0.131
89 79 7.6531
40 30 38.6466
16 6 1.6214
51 41 15.1533
38 28 79.0912
74 64 17.8202
31 21 31.2186
101 91 2.2411
103 93 2.0073
29 19 22.8025
98 88 11.4025
76 66 127.316
94 84 6.2893
25 15 18.6578
35 25 7.1144
54 44 46.6318
14 4 0.4322
63 53 103.7514
43 33 19.498
68 58 191.8491
17 7 2.3717
99 89 6.3346
85 75 49.4444
80 70 28.8157
30 20 41.071
82 72 69.4055
78 68 111.5485
103 93 2.3566
64 54 179.6818
26 16 25.4193
108 98 0.2882
14 4 0.6063
108 98 0.1823
32 22 4.6567
25 15 18.8585
61 51 141.0222
83 73 46.2696
41 31 98.4846
38 28 14.2769
68 58 85.3137
89 79 15.0339
15 5 0.1907
103 93 1.7308
15 5 0.7817
104 94 2.042
85 75 66.2134
64 54 52.2248
22 12 10.1617
88 78 39.5165
60 50 68.5458
110 100 0.0
55 45 174.5408
96 86 8.9793
66 56 206.9031
18 8 6.5495
104 94 1.5089
37 27 42.3042
23 13 8.7746
27 17 19.9705
11 1 0.109
30 20 35.8737
93 83 17.5682
28 18 28.1365
13 3 0.787
76 66 24.2466
77 67 17.4569
98 88 10.7633
110 100 0.0
101 91 1.0615
84 74 63.7927
89 79 17.8772
67 57 120.4028
32 22 26.0139
85 75 38.4869
96 86 1.9778
67 57 74.3263
39 29 34.0486
105 95 1.6374
77 67 49.4059
22 12 3.7017
46 36 95.937
79 69 49.8037
34 24 7.0039
60 50 113.268
101 91 7.006
27 17 21.175
65 55 55.8515
66 56 145.1056
60 50 271.2671
46 36 111.1606
28 18 22.2035
73 63 32.7313
18 8 4.231
102 92 0.8977
100 90 4.707
11 1 0.032
75 65 30.2437
27 17 0.9428
15 5 2.4952
77 67 15.8354
97 87 11.5962
14 4 1.3709
47 37 48.4446
21 11 6.498
36 26 11.3907
91 81 25.3424
25 15 7.8657
28 18 29.6314
85 75 8.2723
22 12 7.4799
49 39 66.2661
30 20 13.6159
96 86 7.0547
49 39 159.7679
45 35 45.2624
93 83 8.0663
51 41 35.1542
81 71 91.7082
76 66 70.2983
38 28 3.2235
103 93 0.3703
107 97 0.5579
31 21 36.2858
110 100 0.0
80 70 51.1835
73 63 122.1973
88 78 1.0442
34 24 7.1477
26 16 24.1316
55 45 207.4847
51 41 59.5869
55 45 206.4509
102 92 3.0194
59 49 73.5462
93 83 8.4534
28 18 19.9498
33 23 39.4891
12 2 0.1862
27 17 5.3646
102 92 6.4731
69 59 110.4555
72 62 5.0197
51 41 29.4528
91 81 14.1616
102 92 3.7557
87 77 45.8356
52 42 41.6805
76 66 71.3147
108 98 0.1018
81 71 23.1441
21 11 9.4695
80 70 14.2308
88 78 2.586
81 71 28.7387
18 8 0.165
20 10 6.5422
58 48 140.5733
56 46 12.7198
17 7 4.9918
32 22 2.8423
17 7 2.0779
97 87 3.8942
41 31 27.5991
22 12 1.046
59 49 27.5202
90 80 6.7097
64 54 106.295
105 95 1.7085
62 52 229.9282
88 78 39.834
50 40 96.6243
82 72 25.264
67 57 59.3933
89 79 25.9393
73 63 102.82
87 77 34.0777
63 53 20.2086
103 93 0.2507
49 39 9.1781
42 32 80.2943
28 18 30.3891
65 55 185.5523
70 60 111.7914
51 41 72.1494
17 7 2.3005
104 94 1.9311
55 45 142.7479
64 54 36.0104
29 19 23.5311
28 18 35.5388
76 66 125.4654
61 51 252.6713
31 21 11.4831
71 61 8.4038
18 8 3.2927
71 61 140.5689
21 11 3.3842
16 6 1.2018
14 4 0.1978
34 24 33.9236
54 44 45.026
83 73 19.8259
32 22 16.158
83 73 76.2524
63 53 46.2089
61 51 172.5059
102 92 3.6533
106 96 1.5788
86 76 22.7713
21 11 8.0759
33 23 7.8164
31 21 25.3874
83 73 79.0254
