100 2593 9.9499
46 36 8.7859
86 76 28.4455
96 86 9.6167
67 57 138.9731
78 68 58.7452
94 84 22.4489
28 18 17.5897
96 86 2.3202
85 75 59.2293
14 4 0.4861
79 69 0.5931
105 95 0.0188
64 54 173.795
23 13 7.278
29 19 19.9865
68 58 108.8512
70 60 100.3039
98 88 6.6084
39 29 27.2252
104 94 2.3644
54 44 17.5945
81 71 7.6586
33 23 44.1788
44 34 105.7964
51 41 3.8733
109 99 0.0628
47 37 123.5001
108 98 0.3377
100 90 10.5848
27 17 31.3183
31 21 30.4763
93 83 31.3499
80 70 35.8474
38 28 6.7802
96 86 4.7389
67 57 37.9895
45 35 131.4394
75 65 102.308
101 91 5.4409
59 49 54.3613
90 80 3.9685
106 96 1.7123
91 81 39.123
21 11 11.2463
39 29 57.9416
104 94 2.3076
74 64 123.4433
28 18 26.1185
51 41 21.0815
109 99 0.0275
14 4 0.5563
19 9 1.6728
35 25 65.5783
87 77 22.5419
22 12 9.3616
12 2 0.3288
50 40 104.0983
98 88 9.6505
81 71 39.1878
15 5 0.1194
57 47 188.6794
98 88 12.917
29 19 29.7857
103 93 4.4227
73 63 26.2696
20 10 2.0642
47 37 13.3705
101 91 5.401
67 57 17.4833
80 70 67.1998
27 17 2.1622
27 17 23.1752
46 36 2.9919
84 74 28.9669
30 20 17.7413
92 82 16.4302
57 47 200.0925
75 65 69.0604
49 39 155.0242
17 7 3.9204
101 91 2.1694
38 28 49.0142
95 85 21.7979
78 68 41.4327
51 41 10.0219
90 80 24.9784
45 35 42.4856
41 31 31.1769
37 27 21.2288
67 57 199.0498
43 33 107.9726
14 4 0.0313
66 56 39.6265
64 54 130.6777
17 7 1.0787
64 54 167.574
61 51 207.6547
39 29 92.3969
83 73 30.1827
59 49 232.7193
