900 23343 4.3589
39 29 6.0241
60 50 17.0974
29 19 1.2339
33 23 3.5596
48 38 6.5998
55 45 6.9237
80 70 15.3954
94 84 21.1076
91 81 24.939
89 79 55.7576
68 58 10.927
103 93 69.1575
62 52 16.4341
105 95 23.2488
79 69 17.7688
107 97 54.5648
12 2 0.0269
22 12 0.5004
80 70 27.6929
38 28 3.0234
18 8 0.4162
58 48 18.3441
95 85 62.7945
52 42 17.0189
41 31 3.4384
101 91 35.1175
92 82 42.5013
99 89 27.6066
21 11 0.4574
26 16 1.5768
66 56 19.7589
47 37 3.5774
43 33 3.9792
92 82 55.3982
77 67 12.7342
48 38 14.112
101 91 26.2544
67 57 16.0601
57 47 7.424
56 46 8.4181
98 88 69.1426
48 38 5.3103
103 93 47.5976
15 5 0.2165
99 89 55.8398
20 10 0.6228
26 16 1.4405
12 2 0.0339
51 41 12.6558
37 27 4.277
102 92 52.7323
60 50 12.8551
70 60 17.1744
79 69 16.0424
62 52 15.9992
102 92 44.156
38 28 3.0832
51 41 4.2915
79 69 34.3373
91 81 26.572
48 38 8.7894
105 95 34.7428
81 71 33.1695
46 36 3.2873
19 9 0.4225
102 92 38.4896
59 49 23.2806
63 53 16.5185
45 35 10.1105
79 69 29.1222
60 50 7.5147
55 45 14.4134
34 24 5.0104
34 24 3.5645
105 95 44.9476
26 16 1.1181
29 19 1.3722
22 12 0.5503
73 63 17.8836
52 42 9.006
49 39 5.7312
86 76 21.2835
108 98 24.2231
38 28 4.6933
34 24 1.6167
62 52 13.7604
110 100 57.4231
54 44 6.3292
75 65 15.3837
30 20 1.5178
87 77 27.0598
34 24 1.6371
66 56 9.2027
62 52 25.0891
31 21 1.144
12 2 0.0209
37 27 3.1046
16 6 0.1746
23 13 0.7804
35 25 4.0518
87 77 57.4534
105 95 34.6709
31 21 3.4033
33 23 3.9848
24 14 1.7474
88 78 56.1091
64 54 16.4893
91 81 36.0516
35 25 3.6119
75 65 39.8237
77 67 16.0857
15 5 0.1199
14 4 0.058
91 81 34.7322
67 57 13.8585
105 95 69.5623
110 100 89.5313
99 89 48.411
102 92 41.6954
30 20 1.4049
78 68 37.969
101 91 43.5679
26 16 2.3768
31 21 1.57
25 15 0.6189
67 57 17.1827
41 31 5.5489
22 12 0.6154
63 53 7.4841
28 18 2.4199
105 95 87.1478
30 20 1.9564
94 84 39.1488
16 6 0.3343
65 55 26.5586
19 9 0.5718
93 83 33.6504
61 51 8.8429
99 89 41.2203
66 56 10.638
67 57 9.8797
93 83 49.352
16 6 0.1505
106 96 33.4593
28 18 3.2041
19 9 0.6065
88 78 19.3591
88 78 18.6391
41 31 8.8834
109 99 62.6077
56 46 11.5403
91 81 17.1901
104 94 36.1033
35 25 4.0941
66 56 28.4441
32 22 3.6661
93 83 59.3855
47 37 5.937
70 60 28.2322
104 94 41.0356
61 51 21.4962
68 58 17.7182
12 2 0.0383
36 26 2.015
75 65 16.8387
63 53 15.6017
88 78 30.0403
64 54 17.4849
107 97 60.1788
83 73 42.8436
11 1 0.0093
53 43 8.8524
12 2 0.0163
51 41 10.857
76 66 24.6056
47 37 12.4835
12 2 0.0327
45 35 6.2445
16 6 0.1562
43 33 4.2005
98 88 69.8211
95 85 46.552
71 61 12.9679
53 43 13.8243
98 88 53.7025
39 29 3.2982
68 58 9.495
77 67 30.8947
82 72 15.2045
30 20 1.2288
109 99 62.2837
87 77 32.2385
40 30 2.6893
43 33 6.5946
101 91 56.6422
82 72 40.9997
37 27 6.0698
25 15 0.6854
14 4 0.1517
99 89 54.9244
15 5 0.0972
20 10 0.9301
98 88 54.074
31 21 1.2548
26 16 2.1301
82 72 38.5591
34 24 1.9575
105 95 61.9936
98 88 46.1068
46 36 11.3488
91 81 60.8041
50 40 9.4151
62 52 15.1508
94 84 23.7637
19 9 0.4297
84 74 47.6901
69 59 12.396
96 86 37.8496
108 98 55.2108
85 75 15.1508
34 24 1.7551
50 40 7.5158
26 16 0.8176
43 33 4.3882
101 91 34.869
68 58 18.8799
26 16 1.9016
61 51 20.1817
44 34 9.7769
11 1 0.0028
105 95 62.1559
23 13 1.1809
37 27 2.5947
20 10 0.6281
30 20 1.3289
58 48 5.825
100 90 43.5547
83 73 17.9903
85 75 50.0811
17 7 0.3266
11 1 0.0063
60 50 6.9401
54 44 11.5852
60 50 13.2576
15 5 0.0795
65 55 20.7262
109 99 83.664
25 15 1.2164
97 87 19.2458
66 56 23.7871
69 59 21.3398
87 77 41.1073
100 90 52.4567
106 96 29.9833
92 82 32.334
33 23 3.4842
11 1 0.0089
56 46 13.7789
78 68 34.7817
103 93 48.5921
101 91 42.8004
66 56 28.3918
35 25 3.2209
16 6 0.2096
81 71 40.0537
15 5 0.1147
11 1 0.005
91 81 63.0118
22 12 1.21
28 18 1.7308
67 57 14.6444
61 51 12.5642
49 39 7.9118
32 22 1.754
68 58 8.6266
94 84 32.7207
89 79 33.9633
108 98 88.4239
37 27 4.1164
102 92 44.5223
44 34 6.1653
78 68 23.3705
104 94 29.7156
32 22 1.6033
19 9 0.2225
96 86 20.6725
109 99 59.1976
73 63 36.7551
43 33 6.2056
22 12 0.5892
64 54 15.4378
55 45 11.6581
91 81 26.5297
98 88 62.6821
27 17 0.7966
87 77 20.4358
63 53 7.2711
66 56 30.6218
88 78 58.7676
59 49 22.1032
77 67 13.9114
13 3 0.0757
42 32 3.5273
96 86 50.8711
17 7 0.2278
71 61 17.8904
63 53 12.7878
80 70 31.508
77 67 21.3075
72 62 20.1745
99 89 58.524
61 51 20.1314
50 40 5.5644
72 62 25.7739
19 9 0.225
87 77 34.1979
79 69 14.399
73 63 30.2192
106 96 25.2959
102 92 61.3355
39 29 4.4999
39 29 6.0905
29 19 1.5102
54 44 18.6477
73 63 26.2042
18 8 0.6178
91 81 62.9722
18 8 0.5317
66 56 26.7848
83 73 15.3633
43 33 5.1515
49 39 12.0347
28 18 2.6517
102 92 64.0624
82 72 32.4513
75 65 15.3633
49 39 5.5942
17 7 0.1941
76 66 29.4382
43 33 9.2836
107 97 36.6461
20 10 0.5147
40 30 4.1404
50 40 9.1264
63 53 11.1924
104 94 29.7276
62 52 19.1468
105 95 61.7796
29 19 3.1517
20 10 0.5829
36 26 5.3227
27 17 2.0578
106 96 26.433
87 77 17.5435
57 47 6.0925
68 58 13.9525
57 47 11.7594
12 2 0.0113
80 70 27.2923
86 76 30.2533
39 29 7.3197
53 43 4.7952
109 99 69.995
82 72 44.5089
15 5 0.0844
77 67 37.0053
47 37 9.7906
44 34 2.9829
59 49 20.9023
63 53 11.3192
44 34 8.2065
14 4 0.0844
49 39 5.8898
13 3 0.0479
14 4 0.0614
78 68 13.6922
90 80 19.9148
96 86 67.8581
17 7 0.2305
47 37 13.1341
45 35 7.8327
55 45 15.749
64 54 25.2325
108 98 53.0887
41 31 9.393
28 18 3.2016
38 28 5.6416
17 7 0.4452
16 6 0.2931
61 51 21.2724
100 90 41.7419
87 77 18.0311
108 98 28.896
50 40 13.4784
95 85 27.8014
68 58 20.4449
85 75 23.9092
82 72 21.6923
39 29 5.3255
101 91 21.3176
67 57 8.6507
69 59 32.3499
11 1 0.0051
59 49 8.8828
60 50 10.569
105 95 52.773
99 89 53.7113
77 67 32.9568
85 75 16.4163
53 43 9.1307
65 55 28.4516
80 70 42.0669
32 22 2.4724
39 29 8.3781
55 45 16.7404
73 63 27.1358
88 78 45.5099
11 1 0.0038
77 67 32.0741
49 39 6.5741
64 54 25.5227
83 73 23.5584
71 61 29.6535
41 31 4.1091
90 80 16.8125
43 33 9.2708
47 37 3.6248
47 37 9.1379
69 59 20.9691
44 34 10.976
71 61 13.332
12 2 0.0269
16 6 0.1229
76 66 26.1673
68 58 20.9105
79 69 45.4195
33 23 3.1237
37 27 2.1662
40 30 4.0028
44 34 3.7955
37 27 4.4424
63 53 25.3794
68 58 18.1715
59 49 23.413
69 59 20.5281
70 60 35.5228
102 92 54.5663
53 43 14.8973
32 22 2.687
44 34 5.4751
54 44 7.0932
98 88 49.5222
108 98 48.9748
23 13 0.5313
27 17 1.8179
33 23 3.1244
29 19 3.2993
82 72 48.2358
89 79 31.2604
48 38 8.856
93 83 68.3218
87 77 46.6202
110 100 58.1223
43 33 4.9733
104 94 82.9211
40 30 6.1787
51 41 16.5218
48 38 4.5822
38 28 2.2115
50 40 9.3275
19 9 0.4155
20 10 0.4855
76 66 18.3595
101 91 26.7082
83 73 32.4091
107 97 27.6287
44 34 10.1742
103 93 72.1361
36 26 1.7028
56 46 9.6497
54 44 18.3612
25 15 1.2875
67 57 13.7648
40 30 3.3252
101 91 65.5533
85 75 21.3389
95 85 45.4397
51 41 5.4312
16 6 0.1746
40 30 2.5472
83 73 22.154
93 83 21.5974
62 52 9.3691
23 13 0.5904
44 34 6.8933
75 65 22.1775
55 45 6.6786
28 18 2.8965
21 11 0.6991
59 49 8.3296
87 77 26.8397
62 52 8.8631
61 51 11.5335
74 64 25.1442
33 23 3.2055
75 65 31.927
69 59 22.2284
84 74 20.0758
78 68 45.5342
57 47 20.1745
51 41 9.1815
39 29 4.6126
95 85 54.1917
55 45 7.4693
57 47 6.6765
68 58 11.1209
73 63 14.4712
69 59 32.7516
107 97 55.6606
32 22 1.5023
54 44 14.5344
92 82 30.0819
90 80 32.7928
82 72 46.9855
104 94 48.5474
77 67 37.9111
82 72 39.2765
96 86 35.5121
78 68 23.9669
73 63 30.4792
14 4 0.077
103 93 83.7225
17 7 0.3334
105 95 47.9986
21 11 0.8464
72 62 30.6196
101 91 51.7119
72 62 13.7004
91 81 23.5642
50 40 6.6719
68 58 22.5986
101 91 40.6202
65 55 20.9865
50 40 12.2199
13 3 0.0632
57 47 21.361
57 47 20.9142
74 64 17.5553
29 19 2.9491
85 75 17.8946
63 53 27.755
53 43 11.7841
108 98 80.2995
21 11 0.3874
74 64 38.4003
54 44 5.1429
76 66 30.5754
76 66 12.2794
73 63 18.7983
55 45 13.0581
55 45 7.1006
86 76 38.8341
48 38 5.7542
74 64 20.1978
93 83 67.6687
21 11 0.8656
20 10 0.6696
40 30 5.7985
105 95 54.3951
108 98 86.8885
97 87 67.8498
14 4 0.0658
46 36 8.8126
95 85 35.2717
43 33 5.5503
19 9 0.2356
104 94 31.4766
96 86 54.4128
60 50 15.8603
103 93 35.752
89 79 37.2722
99 89 51.745
40 30 6.9833
54 44 10.7204
27 17 0.7635
22 12 0.7795
58 48 12.2213
20 10 0.9821
62 52 10.1124
22 12 0.4864
39 29 7.4994
22 12 1.2043
58 48 9.244
98 88 74.2768
66 56 25.6238
36 26 1.739
78 68 24.2635
29 19 1.2571
69 59 13.9405
108 98 50.9982
109 99 34.1605
110 100 63.6676
50 40 10.7315
52 42 10.0337
91 81 42.3749
18 8 0.1838
86 76 38.0825
45 35 6.0649
52 42 11.3846
105 95 71.8188
104 94 49.7843
30 20 1.146
103 93 52.635
15 5 0.1624
70 60 9.3037
49 39 10.519
44 34 3.8703
53 43 8.3851
22 12 0.7753
32 22 2.0733
107 97 68.7539
108 98 48.3512
54 44 7.7596
86 76 33.0211
79 69 26.0192
87 77 58.2566
91 81 17.6484
91 81 62.3595
53 43 7.5279
103 93 74.3941
29 19 1.8676
107 97 75.8153
60 50 6.3893
74 64 21.1812
57 47 11.4075
83 73 46.2074
42 32 5.4934
18 8 0.6394
33 23 4.0566
42 32 5.492
69 59 11.3353
89 79 26.3939
39 29 7.2603
11 1 0.0053
68 58 16.0801
75 65 28.924
43 33 10.7243
11 1 0.0048
22 12 0.9341
93 83 48.5893
25 15 1.5548
53 43 9.1791
21 11 0.8748
58 48 8.6736
73 63 30.957
75 65 16.9596
35 25 2.614
56 46 7.6369
81 71 18.7576
88 78 22.772
44 34 4.0196
67 57 31.4867
36 26 2.6569
64 54 28.0127
97 87 73.4106
39 29 2.8676
109 99 63.7027
14 4 0.0966
29 19 2.4065
29 19 3.2721
101 91 27.422
33 23 3.5111
73 63 20.0874
73 63 10.3755
86 76 38.8129
27 17 2.5034
102 92 78.2712
65 55 9.4852
107 97 46.8417
106 96 23.2237
101 91 61.2478
32 22 3.9816
55 45 9.5933
96 86 45.5423
36 26 5.9976
104 94 63.2089
32 22 3.1802
109 99 67.0958
67 57 9.3912
15 5 0.1994
97 87 68.8103
13 3 0.0542
88 78 43.6194
93 83 68.4376
94 84 20.6498
86 76 30.8369
30 20 1.3912
22 12 0.9902
26 16 2.4078
107 97 64.0784
16 6 0.3357
83 73 36.7478
94 84 42.9182
34 24 2.5629
41 31 7.0671
14 4 0.1371
56 46 17.3414
71 61 10.6726
58 48 15.9385
63 53 19.5505
66 56 15.8038
57 47 14.1241
99 89 39.7694
31 21 1.735
96 86 40.9267
25 15 0.7935
92 82 62.1906
91 81 51.1411
91 81 17.6073
24 14 1.5485
58 48 7.7301
84 74 24.2596
40 30 3.208
25 15 1.4102
88 78 38.2196
98 88 67.8053
101 91 75.3962
29 19 1.4049
99 89 33.0878
110 100 85.2723
53 43 13.305
18 8 0.168
47 37 7.0846
48 38 5.5352
45 35 8.0775
27 17 1.5019
58 48 9.6646
52 42 14.1692
43 33 8.9952
79 69 38.5132
55 45 18.4539
79 69 43.0507
73 63 34.8383
46 36 3.5235
110 100 47.6942
57 47 8.3273
93 83 44.4169
79 69 26.9174
32 22 2.363
101 91 34.7345
50 40 4.545
107 97 27.2609
96 86 58.8013
32 22 1.8141
80 70 34.5462
61 51 9.5741
35 25 5.3768
71 61 13.3298
46 36 12.8881
59 49 17.3197
93 83 57.7296
35 25 3.3849
76 66 36.8558
90 80 42.8619
108 98 89.1551
44 34 3.5397
46 36 5.2171
76 66 14.1767
53 43 11.1369
102 92 80.946
24 14 1.7062
66 56 19.2712
57 47 15.7403
61 51 22.3426
86 76 25.4924
49 39 3.982
25 15 1.2971
94 84 18.2235
100 90 75.7544
86 76 16.6627
106 96 29.957
80 70 33.6748
59 49 18.9861
85 75 21.4369
103 93 50.7386
58 48 14.3747
28 18 3.0259
55 45 10.3864
72 62 27.1066
73 63 36.72
13 3 0.0324
57 47 9.5141
39 29 7.5235
20 10 0.7132
78 68 46.1775
66 56 26.5307
17 7 0.1513
55 45 10.1493
28 18 2.4895
26 16 1.3659
64 54 9.2021
75 65 19.5364
98 88 24.9061
53 43 4.7476
108 98 81.1927
108 98 59.2377
60 50 14.7856
91 81 26.0335
100 90 76.5625
88 78 48.6032
37 27 4.7677
73 63 14.7494
40 30 3.1156
39 29 4.7965
58 48 21.3786
65 55 8.0633
87 77 23.2006
47 37 5.5521
79 69 16.8773
11 1 0.004
99 89 47.1653
13 3 0.055
91 81 57.2625
60 50 15.4551
24 14 0.7317
52 42 13.4381
66 56 28.178
33 23 3.2833
26 16 1.505
12 2 0.0209
74 64 14.7325
50 40 7.0884
104 94 37.6996
92 82 43.4083
39 29 3.7025
72 62 25.1984
70 60 29.2854
61 51 19.2703
22 12 0.7076
99 89 22.406
84 74 24.5154
37 27 3.3186
98 88 35.988
51 41 12.3623
97 87 39.7909
104 94 60.5066
86 76 36.1634
97 87 65.5468
40 30 2.7609
46 36 12.6665
25 15 1.3347
42 32 7.4463
74 64 21.5287
61 51 24.0257
45 35 3.4269
33 23 4.3869
85 75 19.2598
92 82 28.7049
26 16 2.1011
99 89 59.4318
88 78 27.9101
24 14 1.219
75 65 27.1889
21 11 0.8651
66 56 10.7952
49 39 14.1391
13 3 0.0264
75 65 11.9896
87 77 46.3543
73 63 14.9939
92 82 52.6568
41 31 4.0413
83 73 31.0372
26 16 2.3495
96 86 36.3573
47 37 4.5698
50 40 10.0103
98 88 69.5172
66 56 12.5358
48 38 4.3485
72 62 11.0363
98 88 46.2441
90 80 41.2203
60 50 11.0158
93 83 39.4422
39 29 2.9142
51 41 4.6255
56 46 10.6087
44 34 3.6791
97 87 31.7972
52 42 9.0264
41 31 3.4563
73 63 14.3141
16 6 0.1324
77 67 26.9008
49 39 14.01
105 95 28.9562
104 94 53.01
27 17 1.0335
73 63 17.7452
