100 2691 9.9499
62 52 14.2499
103 93 35.4608
69 59 30.4737
90 80 59.0362
48 38 7.3636
29 19 2.7331
45 35 10.4026
21 11 0.7877
42 32 9.4569
48 38 3.6588
95 85 37.37
32 22 2.4936
61 51 16.4179
90 80 37.0686
14 4 0.0716
86 76 26.638
58 48 11.5954
36 26 6.093
95 85 62.2158
17 7 0.174
102 92 25.96
103 93 38.9251
108 98 67.9273
54 44 9.5803
12 2 0.0138
104 94 28.2365
96 86 46.8376
23 13 0.8959
77 67 44.4196
58 48 12.5309
35 25 2.1141
66 56 9.9648
101 91 54.4703
91 81 27.7855
90 80 22.4392
11 1 0.003
57 47 9.9383
52 42 16.6676
32 22 1.8355
108 98 28.9218
73 63 30.8536
58 48 21.8005
90 80 55.5457
26 16 0.7574
106 96 79.3863
40 30 6.2011
82 72 20.9315
103 93 84.4432
104 94 34.5203
31 21 1.602
94 84 56.0612
102 92 31.3555
80 70 21.6495
40 30 8.4669
100 90 21.697
49 39 13.4227
54 44 14.8927
69 59 31.2146
88 78 24.009
91 81 28.6193
45 35 4.8956
99 89 22.6976
45 35 8.6512
54 44 13.3861
53 43 4.9832
79 69 21.1379
32 22 1.4242
56 46 18.4487
82 72 31.2358
53 43 7.7445
68 58 15.6673
105 95 27.5069
30 20 1.3743
54 44 11.2768
82 72 38.2592
92 82 44.5276
96 86 70.9402
52 42 7.8933
55 45 10.8689
12 2 0.0372
82 72 44.071
69 59 34.6026
90 80 52.4741
100 90 71.215
87 77 49.3703
32 22 4.7237
46 36 11.7457
78 68 25.4127
62 52 8.5258
61 51 8.1916
60 50 6.3862
76 66 36.2705
36 26 2.9767
22 12 0.4616
28 18 0.8712
11 1 0.0096
65 55 23.789
27 17 1.2475
35 25 2.0638
70 60 9.2879
