100 2528 4.3589
20 10 0.533
16 6 0.2267
68 58 8.8774
52 42 14.1654
40 30 4.8075
37 27 3.8349
68 58 21.5185
39 29 4.912
32 22 2.1442
59 49 8.3019
102 92 78.629
38 28 7.6901
27 17 1.7088
53 43 10.9184
96 86 53.641
49 39 4.1461
98 88 71.9172
109 99 71.6444
72 62 23.8046
72 62 34.992
61 51 8.6636
88 78 45.9074
45 35 3.5853
17 7 0.1483
47 37 13.1878
94 84 46.2958
29 19 1.6266
62 52 12.8479
84 74 15.3053
39 29 5.2721
32 22 4.5732
17 7 0.3499
16 6 0.0946
72 62 20.4783
84 74 29.8127
108 98 61.215
55 45 12.5642
50 40 4.8519
58 48 10.6465
67 57 8.9778
44 34 5.076
15 5 0.1418
36 26 6.0015
43 33 2.9615
104 94 69.5423
100 90 22.1342
18 8 0.3302
33 23 4.4314
48 38 8.299
21 11 0.373
33 23 3.7974
103 93 65.5485
101 91 22.2331
70 60 26.9569
37 27 5.9526
40 30 7.0379
53 43 13.2205
51 41 9.0812
107 97 93.4992
63 53 19.5744
76 66 33.1926
106 96 36.2693
51 41 5.3532
100 90 41.2344
58 48 20.9416
81 71 18.0311
60 50 24.062
75 65 19.7651
65 55 24.677
87 77 54.4054
49 39 3.8451
61 51 8.3446
62 52 13.4022
71 61 10.0324
67 57 25.013
12 2 0.0311
31 21 1.4535
34 24 3.0224
58 48 16.5007
42 32 8.0503
56 46 6.0457
78 68 33.1281
95 85 55.6277
65 55 24.2153
49 39 12.4927
52 42 7.9079
58 48 6.2131
109 99 85.5958
101 91 21.0497
97 87 60.4522
27 17 2.0641
110 100 34.6403
37 27 4.5139
91 81 56.3055
54 44 8.696
92 82 40.3162
28 18 1.5195
84 74 19.4975
37 27 2.1736
99 89 63.0198
