400 9843 4.3589
30 20 18.2798
108 98 0.3772
57 47 93.5184
36 26 59.6387
67 57 129.7598
43 33 78.1812
40 30 90.8332
58 48 191.6929
52 42 185.2251
54 44 2.1743
50 40 116.1669
73 63 57.0944
29 19 18.6708
28 18 12.258
47 37 22.1722
99 89 5.6805
75 65 84.9542
55 45 186.0595
12 2 0.039
36 26 41.9855
17 7 1.3255
106 96 1.0714
98 88 11.0873
98 88 1.3709
68 58 90.494
104 94 0.4341
61 51 215.9011
40 30 65.2409
87 77 44.8188
42 32 111.4093
35 25 65.0601
28 18 1.2592
21 11 4.6442
42 32 85.4849
70 60 6.6674
11 1 0.0515
65 55 72.6318
63 53 88.0828
19 9 3.2362
105 95 1.5201
51 41 181.7094
70 60 94.9828
94 84 25.526
64 54 137.3572
70 60 58.1701
32 22 15.2695
27 17 29.8732
104 94 3.5048
29 19 26.0925
82 72 12.9431
58 48 112.4934
86 76 9.0144
106 96 0.4293
77 67 38.2465
50 40 55.4619
100 90 3.2578
34 24 21.6942
22 12 7.4476
44 34 14.8126
93 83 3.1733
85 75 62.6466
20 10 7.9609
71 61 106.8359
27 17 30.8836
55 45 48.8142
98 88 15.9956
82 72 78.0353
88 78 14.699
45 35 4.6341
68 58 157.3349
38 28 37.9844
78 68 4.6255
40 30 30.6089
85 75 48.0361
12 2 0.1356
58 48 30.4103
18 8 1.4127
16 6 0.3464
38 28 12.6689
41 31 10.3824
88 78 50.4858
36 26 4.0026
30 20 25.0809
35 25 16.2046
29 19 39.011
61 51 2.5372
86 76 60.4653
61 51 94.6555
54 44 80.8201
94 84 0.1902
19 9 3.6914
33 23 2.3035
41 31 14.3733
67 57 1.6472
59 49 231.9398
33 23 54.7421
76 66 85.667
59 49 64.1007
22 12 7.3284
48 38 71.0322
38 28 47.8264
57 47 4.5855
91 81 19.7833
27 17 1.2005
83 73 73.4516
84 74 36.147
94 84 23.7653
46 36 18.0549
25 15 16.7273
99 89 4.2598
44 34 59.1451
72 62 14.4631
77 67 81.793
98 88 5.5538
105 95 1.8288
45 35 129.5834
34 24 25.4159
66 56 198.8894
103 93 1.6024
20 10 2.7389
11 1 0.0439
95 85 2.7016
107 97 0.8433
72 62 47.4886
73 63 3.411
99 89 6.595
109 99 0.0579
24 14 11.9799
98 88 13.7145
95 85 13.6899
35 25 38.2129
34 24 48.5634
103 93 0.5096
64 54 26.3056
78 68 87.6561
34 24 28.2034
82 72 36.3608
67 57 6.55
14 4 0.3266
96 86 6.0561
91 81 10.213
22 12 9.2334
33 23 2.8013
104 94 1.1203
14 4 0.8822
83 73 32.817
39 29 28.3296
52 42 137.2761
24 14 6.2207
80 70 87.1827
43 33 94.4462
75 65 26.2678
89 79 16.6632
48 38 30.6168
19 9 6.5927
108 98 0.3341
91 81 11.3861
12 2 0.2687
67 57 132.9049
80 70 51.8764
40 30 71.3068
108 98 0.2355
96 86 20.2715
23 13 1.9427
56 46 39.3729
94 84 8.8931
54 44 100.6561
56 46 138.9751
91 81 32.8368
75 65 124.2838
28 18 11.1613
87 77 6.242
61 51 167.0494
16 6 3.2992
110 100 0.0
12 2 0.0943
93 83 13.0181
36 26 3.9988
70 60 52.7964
32 22 46.833
15 5 1.103
47 37 130.6498
26 16 23.1317
59 49 193.2829
48 38 92.6499
63 53 15.8057
60 50 152.8805
84 74 68.8672
68 58 137.1233
107 97 0.7807
94 84 6.3141
21 11 9.0364
99 89 10.2752
28 18 19.2321
49 39 25.8477
49 39 153.534
65 55 0.3279
62 52 154.6898
46 36 98.3156
38 28 84.7342
55 45 87.6561
105 95 0.7505
31 21 5.8527
61 51 0.8388
28 18 9.8097
18 8 2.074
22 12 14.6303
12 2 0.1176
56 46 231.8795
90 80 24.296
93 83 1.1258
22 12 10.329
43 33 3.6337
52 42 150.1444
79 69 27.6732
96 86 19.7024
19 9 2.0388
65 55 116.3552
68 58 165.6553
12 2 0.3055
19 9 3.9112
91 81 37.3658
81 71 19.63
39 29 74.2858
82 72 50.337
16 6 0.1533
33 23 41.4685
96 86 18.7021
108 98 0.0387
65 55 76.8697
90 80 6.1603
46 36 18.2136
40 30 74.566
41 31 80.7668
98 88 6.9046
78 68 110.257
53 43 2.5178
12 2 0.3488
61 51 5.7361
21 11 3.4396
33 23 52.0724
55 45 119.691
89 79 22.0533
19 9 1.9094
100 90 0.4741
81 71 57.809
68 58 59.9073
99 89 3.0331
78 68 72.4391
21 11 8.4571
38 28 32.5633
83 73 17.4912
40 30 51.3108
74 64 73.1462
107 97 0.3246
36 26 28.975
44 34 32.2549
83 73 7.23
65 55 188.9218
107 97 0.0996
62 52 152.9991
11 1 0.0438
40 30 22.193
103 93 0.3348
13 3 0.3891
43 33 13.2451
35 25 5.5966
75 65 23.2852
100 90 5.4905
25 15 23.0639
20 10 7.7751
52 42 118.8549
46 36 51.7745
53 43 103.1148
90 80 41.066
28 18 8.9314
92 82 7.4498
69 59 12.6057
100 90 4.8962
45 35 77.0658
23 13 1.3765
42 32 85.286
106 96 1.3568
95 85 2.326
100 90 6.0262
57 47 55.7532
110 100 0.0
96 86 13.57
61 51 98.7142
11 1 0.0748
105 95 0.6043
25 15 9.2001
81 71 83.4968
31 21 20.9654
27 17 24.0925
70 60 22.1211
73 63 29.1156
62 52 187.0107
95 85 18.9748
14 4 0.5196
49 39 136.0708
70 60 129.3196
54 44 73.1814
53 43 25.6839
23 13 14.8636
34 24 62.3032
103 93 3.8116
20 10 10.9884
23 13 16.8962
19 9 1.7887
42 32 94.4099
75 65 124.9341
43 33 50.954
97 87 6.9079
87 77 54.1667
23 13 1.5121
25 15 17.1247
107 97 0.3734
101 91 7.3903
36 26 14.5667
75 65 87.8793
86 76 10.9959
24 14 2.2976
96 86 19.8923
47 37 16.2542
26 16 15.2195
34 24 53.9964
77 67 107.5905
13 3 0.2838
41 31 11.603
102 92 0.1189
76 66 93.2002
17 7 3.689
66 56 146.249
17 7 4.8814
82 72 7.4253
102 92 3.8729
38 28 48.4039
95 85 23.0451
91 81 10.1773
36 26 43.3491
34 24 46.4166
13 3 0.1557
11 1 0.011
72 62 144.248
26 16 2.0131
68 58 152.8523
39 29 41.0587
11 1 0.0082
36 26 61.8571
104 94 1.3906
69 59 114.6433
53 43 142.5779
67 57 178.3936
57 47 228.7575
105 95 0.5741
12 2 0.1383
81 71 6.3004
108 98 0.2366
75 65 11.4578
40 30 9.8429
66 56 177.1689
43 33 64.2431
104 94 0.0401
58 48 235.9274
103 93 2.2323
25 15 3.2972
80 70 98.0746
67 57 4.7875
101 91 1.8645
17 7 1.6928
88 78 37.8568
17 7 0.6301
12 2 0.4181
74 64 137.5682
62 52 168.8672
37 27 28.4673
47 37 108.2709
40 30 32.1218
21 11 7.023
48 38 137.2313
73 63 66.0015
74 64 31.8886
101 91 8.6228
37 27 33.5284
74 64 143.328
57 47 84.8624
42 32 71.4945
84 74 71.2222
14 4 1.2641
75 65 36.7756
88 78 52.6401
109 99 0.0401
82 72 34.9164
46 36 91.2009
68 58 153.7688
90 80 39.5958
109 99 0.0053
97 87 10.5849
93 83 22.2306
