900 22732 9.9499
95 85 12.8826
55 45 19.8479
62 52 153.9385
70 60 169.5435
53 43 5.6795
45 35 122.2068
27 17 5.8489
33 23 2.2926
77 67 118.5701
85 75 38.9495
107 97 0.2455
78 68 65.8351
27 17 18.2306
37 27 27.9426
82 72 74.941
87 77 46.6609
93 83 22.2982
25 15 11.4049
101 91 5.6463
90 80 15.8031
61 51 115.1156
95 85 15.9174
67 57 73.8237
69 59 160.1294
58 48 124.0473
64 54 110.6079
58 48 148.0525
73 63 115.7405
49 39 79.0742
53 43 135.9026
83 73 40.7434
96 86 19.3545
73 63 91.2678
79 69 11.8504
44 34 116.6783
103 93 4.6851
39 29 67.9494
107 97 0.1619
70 60 116.1854
34 24 5.3159
12 2 0.3474
76 66 67.4466
61 51 15.3148
30 20 11.2215
80 70 47.0069
83 73 24.0776
92 82 27.7234
45 35 71.9469
54 44 9.4428
95 85 19.1036
86 76 18.3714
86 76 61.7202
93 83 22.6248
78 68 94.8613
48 38 138.4706
83 73 16.7828
94 84 0.5826
25 15 5.2892
47 37 27.9531
69 59 159.0367
42 32 14.1414
58 48 110.1083
17 7 1.1651
29 19 32.3651
90 80 41.3148
70 60 105.1715
75 65 22.7618
18 8 6.8461
99 89 13.1545
32 22 4.7694
17 7 0.7614
11 1 0.0613
28 18 6.4731
97 87 10.5339
102 92 2.2291
17 7 4.4415
98 88 9.9926
106 96 0.2444
29 19 20.7451
57 47 219.785
58 48 135.9132
105 95 2.48
45 35 31.9104
95 85 2.7251
32 22 22.0722
19 9 3.9991
45 35 28.3148
47 37 16.344
57 47 161.1988
49 39 19.3989
16 6 2.0803
45 35 35.4219
60 50 122.96
76 66 63.9607
64 54 204.3814
104 94 0.4563
92 82 25.8613
41 31 50.2376
80 70 98.6672
98 88 8.0066
35 25 51.0937
14 4 0.0482
91 81 9.9214
23 13 16.2428
60 50 51.1389
110 100 0.0
59 49 26.2764
44 34 108.8684
40 30 66.1061
50 40 94.5836
93 83 7.3983
82 72 45.559
41 31 99.8211
106 96 0.9871
86 76 13.508
43 33 64.7333
71 61 117.1933
80 70 72.2747
22 12 0.5097
32 22 43.1351
46 36 102.6336
25 15 21.8534
28 18 21.7913
15 5 0.3061
30 20 10.1615
75 65 62.1988
37 27 40.5389
88 78 5.8265
78 68 8.429
89 79 6.6604
77 67 6.8082
103 93 4.0754
83 73 23.0674
88 78 2.2768
79 69 54.833
15 5 1.4456
96 86 12.9371
110 100 0.0
27 17 11.5317
78 68 44.3567
102 92 0.1076
23 13 16.71
30 20 1.5177
68 58 32.6084
104 94 2.1915
94 84 20.2687
48 38 113.8621
32 22 50.5425
25 15 6.5389
92 82 13.1315
97 87 5.0817
33 23 53.8626
62 52 100.6087
52 42 31.707
31 21 27.8984
11 1 0.0329
51 41 120.3797
90 80 31.5423
25 15 16.4703
90 80 41.7892
34 24 14.5805
107 97 0.1549
22 12 7.9371
14 4 1.1115
73 63 61.0021
106 96 0.868
86 76 39.3601
13 3 0.9581
81 71 27.4618
73 63 103.004
88 78 38.099
52 42 55.2158
27 17 20.6663
72 62 112.9771
63 53 243.49
67 57 114.0795
71 61 92.5922
65 55 31.2887
65 55 24.0637
60 50 24.6855
83 73 0.3301
101 91 3.1164
92 82 8.9572
78 68 19.7364
45 35 101.7006
39 29 66.6448
65 55 124.092
17 7 3.7286
16 6 0.0187
54 44 50.3544
91 81 34.6072
105 95 1.0401
22 12 7.8295
12 2 0.1628
95 85 17.2933
68 58 186.1741
19 9 6.5549
85 75 62.6696
52 42 11.2982
109 99 0.0336
39 29 84.2575
87 77 21.788
48 38 14.0982
25 15 8.2573
15 5 2.3415
79 69 72.0346
70 60 46.6995
83 73 55.831
52 42 72.6788
67 57 109.9602
76 66 120.7435
82 72 83.7351
92 82 10.8534
69 59 155.9035
40 30 60.9716
17 7 1.8799
80 70 72.3378
15 5 1.1015
104 94 2.6774
85 75 52.9484
78 68 58.876
56 46 8.5111
85 75 33.8587
91 81 34.3624
78 68 46.4694
68 58 95.3705
26 16 6.5497
32 22 19.8647
33 23 58.2753
27 17 16.7646
109 99 0.0043
110 100 0.0
93 83 7.2816
50 40 160.9172
47 37 8.8674
30 20 1.9697
57 47 95.2091
28 18 29.2777
77 67 13.9496
42 32 46.1303
64 54 213.5925
72 62 140.2091
82 72 60.5337
79 69 62.2422
17 7 3.4791
59 49 203.7815
85 75 59.0098
42 32 52.309
83 73 43.1394
62 52 178.7111
41 31 23.4242
92 82 31.9706
14 4 0.8335
14 4 0.1449
95 85 3.0449
35 25 2.9896
23 13 0.65
16 6 1.1118
82 72 11.4954
28 18 12.036
85 75 40.1413
79 69 81.9764
33 23 54.4196
81 71 25.0505
34 24 3.2286
104 94 2.4223
78 68 58.2028
32 22 44.5272
107 97 0.2555
77 67 3.4986
95 85 8.4456
61 51 215.8266
92 82 7.2879
87 77 5.7112
86 76 15.0407
89 79 34.1982
74 64 5.0425
34 24 62.8124
32 22 45.9155
69 59 172.4519
108 98 0.3112
32 22 21.7
99 89 4.5067
43 33 119.8696
30 20 13.2642
74 64 32.6829
93 83 4.8435
109 99 0.0339
39 29 88.0665
78 68 28.9535
33 23 19.2787
38 28 4.45
104 94 0.4282
44 34 89.6133
97 87 2.271
70 60 162.1747
101 91 1.3034
48 38 94.2784
60 50 117.3923
54 44 38.9905
57 47 133.5376
70 60 10.1722
14 4 1.6378
43 33 20.6002
95 85 9.9406
32 22 41.396
100 90 1.6064
26 16 0.7318
103 93 3.5451
40 30 97.4733
81 71 60.2503
65 55 212.667
53 43 87.4224
78 68 106.6102
44 34 15.8668
32 22 49.2256
75 65 1.3843
64 54 35.4206
63 53 80.8711
15 5 1.236
23 13 6.9572
29 19 39.0243
96 86 19.609
87 77 44.0313
28 18 5.1664
82 72 46.1136
29 19 10.1373
84 74 67.2321
84 74 44.3907
74 64 127.7329
44 34 117.9469
94 84 17.5479
18 8 2.0356
88 78 42.9591
23 13 15.6178
30 20 16.7671
45 35 53.7272
21 11 12.2114
30 20 8.6321
82 72 64.3799
78 68 23.1287
96 86 3.5399
57 47 244.8781
27 17 10.2067
11 1 0.1045
92 82 5.6204
82 72 81.2917
78 68 76.0642
70 60 54.6172
108 98 0.2679
73 63 1.994
91 81 13.8261
92 82 3.0731
17 7 4.2451
62 52 104.3001
92 82 15.5866
60 50 21.4249
57 47 91.9825
107 97 0.246
27 17 27.4256
58 48 158.9603
36 26 43.0438
12 2 0.0516
92 82 27.1057
18 8 4.6985
39 29 37.3663
81 71 16.3545
80 70 84.2709
110 100 0.0
72 62 11.5752
107 97 0.6614
71 61 19.8681
29 19 25.7838
33 23 17.5826
34 24 63.9834
25 15 24.4913
39 29 28.902
65 55 74.4221
36 26 44.0719
84 74 28.7516
96 86 17.601
36 26 46.902
58 48 45.9336
47 37 12.1675
54 44 78.7954
41 31 94.5645
70 60 54.0631
96 86 14.3404
34 24 3.1081
57 47 73.1675
84 74 13.462
85 75 14.557
59 49 187.4707
50 40 87.2816
64 54 4.6498
53 43 18.7042
21 11 1.8664
87 77 14.0107
92 82 35.2586
75 65 117.1189
50 40 94.5238
47 37 69.974
74 64 85.6579
35 25 57.2499
105 95 0.5628
25 15 14.1006
93 83 4.0264
21 11 6.8199
108 98 0.1309
57 47 216.0455
55 45 73.5833
33 23 48.1356
66 56 197.27
93 83 10.2943
35 25 28.1383
40 30 12.6303
77 67 103.2438
42 32 37.6101
65 55 35.2758
45 35 75.7852
62 52 111.5024
44 34 92.0892
80 70 41.9063
47 37 25.9113
77 67 15.1399
96 86 10.6819
106 96 0.0454
42 32 45.9262
46 36 72.8001
33 23 20.1327
101 91 2.6722
55 45 145.4707
74 64 40.3436
85 75 39.4527
62 52 188.9695
106 96 0.4243
34 24 53.3995
95 85 20.4284
57 47 236.2597
15 5 0.7149
21 11 4.4839
105 95 2.6481
56 46 201.7668
20 10 10.3769
83 73 53.0673
14 4 0.1091
35 25 7.617
67 57 18.2791
46 36 114.8151
66 56 157.9922
86 76 4.0479
108 98 0.4163
103 93 4.3404
37 27 6.6747
90 80 33.2276
19 9 4.5258
101 91 1.2607
93 83 1.0035
81 71 79.3747
11 1 0.0043
77 67 93.7174
99 89 5.7757
19 9 3.5788
53 43 167.1544
80 70 80.5054
47 37 76.9414
81 71 72.1187
19 9 2.4812
59 49 62.8815
57 47 22.689
65 55 210.3167
39 29 85.0999
34 24 2.0684
51 41 127.0344
63 53 192.0862
59 49 70.6313
76 66 16.5008
23 13 8.7062
96 86 0.2319
22 12 14.6592
78 68 64.3553
14 4 0.8496
39 29 66.7995
25 15 24.5252
78 68 65.5652
63 53 71.8372
98 88 1.5407
24 14 19.5712
92 82 19.7831
29 19 19.1968
14 4 0.7678
18 8 1.1227
91 81 7.8745
60 50 92.8589
102 92 1.7757
105 95 0.7497
21 11 8.3404
77 67 59.7555
75 65 7.7218
85 75 25.8607
105 95 0.4547
25 15 17.7766
48 38 89.7599
100 90 5.6253
12 2 0.4364
48 38 147.1695
49 39 154.1809
38 28 31.0199
44 34 23.917
61 51 131.8869
33 23 0.9614
85 75 37.713
64 54 128.9771
78 68 27.7794
41 31 60.0229
91 81 7.3859
94 84 15.1835
80 70 95.3553
107 97 0.8112
76 66 58.8307
99 89 2.7214
21 11 5.4422
107 97 0.1346
98 88 6.1029
105 95 2.107
104 94 1.7069
36 26 12.4701
93 83 19.1085
44 34 117.7271
44 34 93.6896
60 50 125.5802
65 55 82.8808
21 11 10.9735
11 1 0.0967
23 13 1.3952
48 38 56.8307
83 73 1.175
84 74 33.2767
55 45 93.6508
97 87 6.8272
68 58 46.73
49 39 21.5655
45 35 10.3356
80 70 3.5183
68 58 0.4742
13 3 0.2563
17 7 1.0791
75 65 88.578
94 84 22.5429
100 90 5.996
95 85 0.7246
36 26 39.9218
54 44 158.437
98 88 1.514
32 22 27.9007
48 38 87.2477
104 94 0.8912
18 8 2.231
32 22 16.4226
52 42 10.1349
102 92 3.4422
51 41 39.6138
90 80 20.693
45 35 123.9208
39 29 47.3336
66 56 11.1979
74 64 126.0602
43 33 95.7678
76 66 29.9972
93 83 5.2199
94 84 23.443
94 84 4.6101
79 69 103.3221
27 17 29.6336
97 87 12.4264
12 2 0.1712
51 41 76.8882
81 71 41.4735
11 1 0.0766
68 58 181.5057
32 22 10.3884
20 10 4.7117
108 98 0.3561
18 8 4.7816
68 58 116.5553
45 35 6.3771
94 84 26.3088
56 46 42.1296
23 13 7.4463
73 63 12.5701
53 43 167.2547
71 61 29.1266
12 2 0.009
21 11 2.0923
107 97 0.2229
66 56 142.7739
34 24 17.7069
96 86 12.8338
105 95 0.0511
29 19 32.4674
14 4 0.4112
65 55 173.8398
40 30 87.7271
27 17 0.8113
102 92 3.6155
55 45 59.8073
59 49 261.4604
35 25 20.6152
39 29 22.255
30 20 38.146
88 78 9.5616
109 99 0.0645
41 31 87.6393
99 89 10.0615
67 57 112.4677
102 92 5.2832
86 76 44.476
52 42 164.748
95 85 22.5485
81 71 8.2173
85 75 61.9133
14 4 0.2311
102 92 2.4908
95 85 14.6531
18 8 3.8936
30 20 2.8243
28 18 19.7016
14 4 0.4944
96 86 3.7782
83 73 58.4811
52 42 102.6958
60 50 21.1682
85 75 66.0024
84 74 73.7389
42 32 106.2363
78 68 80.7612
66 56 184.4646
50 40 42.9189
68 58 16.3785
102 92 2.9964
106 96 0.1609
105 95 0.9403
90 80 5.596
18 8 5.0215
45 35 110.2536
45 35 99.1077
48 38 38.3182
108 98 0.3565
44 34 87.5771
42 32 47.579
28 18 19.8104
35 25 55.5805
80 70 67.834
39 29 73.6418
33 23 24.9037
32 22 46.7665
86 76 11.5511
53 43 178.113
72 62 154.0461
45 35 58.6085
39 29 30.6176
83 73 31.5856
47 37 137.5735
41 31 7.847
34 24 7.1499
74 64 28.4797
19 9 8.6627
11 1 0.0733
80 70 16.6462
102 92 0.8294
31 21 9.4603
30 20 6.9445
87 77 14.5784
95 85 11.2711
81 71 58.3767
71 61 157.1444
109 99 0.1056
28 18 10.4841
72 62 113.0751
80 70 71.1065
33 23 56.3798
107 97 0.8859
66 56 54.7926
32 22 9.1768
98 88 6.3679
32 22 35.2545
104 94 0.0563
62 52 247.7441
105 95 2.5657
49 39 11.5346
17 7 3.8484
16 6 0.7429
17 7 0.2796
88 78 24.6166
31 21 41.2915
47 37 87.7107
101 91 1.9212
28 18 31.7255
37 27 56.5823
24 14 4.6555
42 32 23.4355
31 21 39.8211
14 4 1.3038
36 26 73.1148
29 19 30.951
77 67 34.1285
81 71 61.5539
74 64 122.1349
15 5 2.7105
50 40 126.0977
80 70 67.4931
97 87 2.8387
80 70 41.8682
64 54 100.8112
21 11 8.2032
14 4 0.7716
78 68 31.9597
60 50 149.942
105 95 2.323
42 32 28.3337
54 44 157.0866
67 57 202.8005
70 60 97.0007
55 45 185.3292
27 17 9.772
67 57 72.083
35 25 2.9813
31 21 20.3018
28 18 22.9651
51 41 58.7497
11 1 0.0908
49 39 93.307
103 93 2.9552
23 13 14.2575
52 42 51.552
16 6 3.9562
90 80 4.8708
19 9 6.7748
24 14 10.5812
49 39 19.2189
18 8 3.685
15 5 0.2839
26 16 15.8767
104 94 0.5786
14 4 1.124
66 56 31.492
78 68 4.3703
86 76 59.0886
17 7 4.5395
30 20 17.3722
21 11 7.2517
78 68 95.1278
52 42 126.8732
27 17 30.1783
14 4 0.5018
78 68 111.8426
26 16 3.6266
59 49 42.653
24 14 0.0267
23 13 15.9375
34 24 27.417
102 92 4.9384
42 32 87.2824
34 24 29.0935
91 81 6.5692
83 73 47.3025
101 91 1.7563
90 80 28.4235
57 47 137.0022
54 44 12.6937
52 42 148.3716
90 80 41.2853
99 89 6.9968
58 48 238.0441
43 33 40.2945
51 41 12.7888
12 2 0.1433
74 64 76.3737
21 11 8.1055
40 30 21.347
51 41 101.415
81 71 92.016
53 43 119.7587
20 10 9.0466
73 63 32.9141
33 23 32.4557
77 67 20.0509
76 66 60.8909
20 10 4.3511
50 40 20.3443
81 71 47.0858
84 74 65.2015
67 57 205.1437
24 14 8.3391
68 58 37.8103
74 64 133.5906
84 74 72.1347
68 58 88.8527
71 61 43.0309
33 23 31.3985
50 40 167.1674
66 56 104.8588
98 88 7.8863
56 46 132.9985
67 57 29.2761
43 33 32.6295
29 19 17.5102
108 98 0.0864
97 87 12.2134
57 47 3.8437
75 65 94.1383
56 46 201.7651
25 15 10.4641
99 89 9.5248
38 28 3.9822
90 80 10.5738
19 9 0.1015
92 82 31.2268
99 89 7.5681
110 100 0.0
51 41 82.1918
54 44 211.3022
87 77 17.9422
50 40 137.4313
88 78 41.7503
34 24 5.8119
82 72 31.0872
72 62 118.5872
90 80 23.8961
50 40 78.7772
88 78 9.0572
26 16 4.6915
47 37 116.9817
58 48 194.2844
14 4 0.9463
13 3 0.4292
104 94 0.7126
88 78 20.6046
38 28 63.8232
41 31 100.2663
73 63 60.1593
95 85 7.0215
65 55 183.496
89 79 42.9571
61 51 85.8703
24 14 5.5166
109 99 0.0949
41 31 93.551
34 24 46.8765
40 30 22.8844
37 27 56.8126
105 95 2.6586
105 95 1.259
39 29 18.0732
17 7 4.8089
43 33 100.346
58 48 4.7131
71 61 9.2051
104 94 1.7452
51 41 174.4074
28 18 24.203
65 55 23.1081
53 43 24.0476
32 22 32.0551
83 73 69.0225
80 70 7.8983
37 27 57.943
27 17 31.8485
28 18 11.6804
95 85 3.6095
77 67 118.2255
94 84 15.4025
24 14 0.3944
47 37 10.7986
44 34 101.166
25 15 17.5099
76 66 74.5069
102 92 3.1612
57 47 61.8075
80 70 52.719
109 99 0.0162
15 5 0.8538
44 34 11.0437
83 73 78.1974
33 23 5.2899
23 13 11.925
79 69 78.9756
21 11 13.2314
91 81 9.8413
49 39 105.8732
19 9 4.9352
87 77 49.1763
58 48 29.3235
75 65 118.0912
39 29 23.9041
24 14 6.7989
93 83 18.3201
110 100 0.0
80 70 59.6168
109 99 0.0505
