900 22326 9.9499
55 55 30.25
45 45 20.25
85 85 72.25
62 62 38.44
20 20 4.0
44 44 19.36
72 72 51.84
86 86 73.96
72 72 51.84
93 93 86.49
40 40 16.0
23 23 5.29
82 82 67.24
52 52 27.04
64 64 40.96
89 89 79.21
24 24 5.76
90 90 81.0
90 90 81.0
12 12 1.44
30 30 9.0
54 54 29.16
80 80 64.0
16 16 2.56
75 75 56.25
43 43 18.49
10 10 1.0
3 3 0.09
14 14 1.96
35 35 12.25
67 67 44.89
52 52 27.04
23 23 5.29
9 9 0.81
51 51 26.01
51 51 26.01
76 76 57.76
12 12 1.44
44 44 19.36
94 94 88.36
8 8 0.64
57 57 32.49
94 94 88.36
78 78 60.84
19 19 3.61
32 32 10.24
61 61 37.21
28 28 7.84
13 13 1.69
11 11 1.21
56 56 31.36
99 99 98.01
50 50 25.0
10 10 1.0
1 1 0.01
23 23 5.29
42 42 17.64
88 88 77.44
4 4 0.16
44 44 19.36
14 14 1.96
90 90 81.0
77 77 59.29
84 84 70.56
47 47 22.09
7 7 0.49
83 83 68.89
4 4 0.16
97 97 94.09
86 86 73.96
44 44 19.36
98 98 96.04
5 5 0.25
54 54 29.16
97 97 94.09
69 69 47.61
73 73 53.29
68 68 46.24
81 81 65.61
33 33 10.89
62 62 38.44
52 52 27.04
49 49 24.01
23 23 5.29
40 40 16.0
81 81 65.61
68 68 46.24
30 30 9.0
68 68 46.24
71 71 50.41
39 39 15.21
91 91 82.81
39 39 15.21
23 23 5.29
88 88 77.44
31 31 9.61
75 75 56.25
71 71 50.41
96 96 92.16
18 18 3.24
56 56 31.36
59 59 34.81
10 10 1.0
64 64 40.96
1 1 0.01
16 16 2.56
52 52 27.04
15 15 2.25
92 92 84.64
50 50 25.0
87 87 75.69
90 90 81.0
89 89 79.21
80 80 64.0
41 41 16.81
98 98 96.04
73 73 53.29
94 94 88.36
32 32 10.24
7 7 0.49
65 65 42.25
99 99 98.01
88 88 77.44
10 10 1.0
86 86 73.96
96 96 92.16
95 95 90.25
65 65 42.25
90 90 81.0
80 80 64.0
81 81 65.61
80 80 64.0
30 30 9.0
86 86 73.96
2 2 0.04
45 45 20.25
75 75 56.25
86 86 73.96
67 67 44.89
63 63 39.69
4 4 0.16
54 54 29.16
85 85 72.25
87 87 75.69
83 83 68.89
80 80 64.0
73 73 53.29
1 1 0.01
59 59 34.81
74 74 54.76
51 51 26.01
63 63 39.69
42 42 17.64
41 41 16.81
70 70 49.0
100 100 100.0
61 61 37.21
73 73 53.29
92 92 84.64
52 52 27.04
51 51 26.01
57 57 32.49
21 21 4.41
49 49 24.01
55 55 30.25
23 23 5.29
85 85 72.25
29 29 8.41
94 94 88.36
79 79 62.41
88 88 77.44
30 30 9.0
8 8 0.64
68 68 46.24
44 44 19.36
70 70 49.0
77 77 59.29
53 53 28.09
93 93 86.49
76 76 57.76
52 52 27.04
56 56 31.36
82 82 67.24
57 57 32.49
99 99 98.01
36 36 12.96
3 3 0.09
77 77 59.29
3 3 0.09
92 92 84.64
51 51 26.01
3 3 0.09
84 84 70.56
49 49 24.01
13 13 1.69
34 34 11.56
16 16 2.56
31 31 9.61
22 22 4.84
31 31 9.61
5 5 0.25
52 52 27.04
4 4 0.16
91 91 82.81
91 91 82.81
72 72 51.84
45 45 20.25
31 31 9.61
59 59 34.81
88 88 77.44
78 78 60.84
66 66 43.56
93 93 86.49
51 51 26.01
69 69 47.61
55 55 30.25
24 24 5.76
100 100 100.0
52 52 27.04
39 39 15.21
63 63 39.69
19 19 3.61
47 47 22.09
88 88 77.44
61 61 37.21
19 19 3.61
55 55 30.25
5 5 0.25
94 94 88.36
20 20 4.0
100 100 100.0
61 61 37.21
56 56 31.36
35 35 12.25
57 57 32.49
100 100 100.0
82 82 67.24
76 76 57.76
68 68 46.24
73 73 53.29
17 17 2.89
25 25 6.25
48 48 23.04
83 83 68.89
24 24 5.76
42 42 17.64
22 22 4.84
22 22 4.84
9 9 0.81
72 72 51.84
85 85 72.25
12 12 1.44
71 71 50.41
6 6 0.36
3 3 0.09
20 20 4.0
91 91 82.81
37 37 13.69
9 9 0.81
91 91 82.81
95 95 90.25
83 83 68.89
16 16 2.56
34 34 11.56
21 21 4.41
18 18 3.24
71 71 50.41
23 23 5.29
23 23 5.29
53 53 28.09
5 5 0.25
6 6 0.36
28 28 7.84
21 21 4.41
76 76 57.76
29 29 8.41
47 47 22.09
18 18 3.24
96 96 92.16
40 40 16.0
53 53 28.09
42 42 17.64
2 2 0.04
46 46 21.16
57 57 32.49
65 65 42.25
38 38 14.44
81 81 65.61
42 42 17.64
32 32 10.24
40 40 16.0
66 66 43.56
32 32 10.24
92 92 84.64
40 40 16.0
29 29 8.41
40 40 16.0
94 94 88.36
16 16 2.56
2 2 0.04
5 5 0.25
28 28 7.84
34 34 11.56
72 72 51.84
76 76 57.76
56 56 31.36
81 81 65.61
55 55 30.25
56 56 31.36
20 20 4.0
3 3 0.09
20 20 4.0
19 19 3.61
64 64 40.96
25 25 6.25
86 86 73.96
43 43 18.49
22 22 4.84
71 71 50.41
20 20 4.0
35 35 12.25
95 95 90.25
1 1 0.01
47 47 22.09
29 29 8.41
58 58 33.64
38 38 14.44
68 68 46.24
48 48 23.04
30 30 9.0
66 66 43.56
15 15 2.25
33 33 10.89
71 71 50.41
38 38 14.44
69 69 47.61
65 65 42.25
86 86 73.96
76 76 57.76
44 44 19.36
38 38 14.44
46 46 21.16
52 52 27.04
53 53 28.09
11 11 1.21
61 61 37.21
24 24 5.76
81 81 65.61
91 91 82.81
89 89 79.21
12 12 1.44
81 81 65.61
83 83 68.89
85 85 72.25
50 50 25.0
25 25 6.25
63 63 39.69
40 40 16.0
37 37 13.69
82 82 67.24
22 22 4.84
81 81 65.61
31 31 9.61
23 23 5.29
51 51 26.01
21 21 4.41
92 92 84.64
83 83 68.89
36 36 12.96
25 25 6.25
54 54 29.16
95 95 90.25
70 70 49.0
65 65 42.25
64 64 40.96
92 92 84.64
40 40 16.0
95 95 90.25
10 10 1.0
22 22 4.84
58 58 33.64
28 28 7.84
99 99 98.01
26 26 6.76
20 20 4.0
43 43 18.49
22 22 4.84
26 26 6.76
38 38 14.44
43 43 18.49
71 71 50.41
81 81 65.61
86 86 73.96
53 53 28.09
62 62 38.44
14 14 1.96
63 63 39.69
18 18 3.24
30 30 9.0
50 50 25.0
71 71 50.41
73 73 53.29
96 96 92.16
45 45 20.25
66 66 43.56
11 11 1.21
59 59 34.81
48 48 23.04
6 6 0.36
35 35 12.25
77 77 59.29
97 97 94.09
95 95 90.25
7 7 0.49
51 51 26.01
13 13 1.69
9 9 0.81
63 63 39.69
18 18 3.24
84 84 70.56
63 63 39.69
48 48 23.04
4 4 0.16
3 3 0.09
19 19 3.61
63 63 39.69
94 94 88.36
19 19 3.61
18 18 3.24
69 69 47.61
19 19 3.61
31 31 9.61
58 58 33.64
72 72 51.84
50 50 25.0
86 86 73.96
45 45 20.25
40 40 16.0
31 31 9.61
95 95 90.25
59 59 34.81
50 50 25.0
37 37 13.69
98 98 96.04
45 45 20.25
77 77 59.29
78 78 60.84
83 83 68.89
78 78 60.84
55 55 30.25
26 26 6.76
49 49 24.01
27 27 7.29
33 33 10.89
33 33 10.89
44 44 19.36
16 16 2.56
19 19 3.61
27 27 7.29
30 30 9.0
62 62 38.44
33 33 10.89
37 37 13.69
25 25 6.25
9 9 0.81
46 46 21.16
11 11 1.21
72 72 51.84
19 19 3.61
7 7 0.49
99 99 98.01
44 44 19.36
95 95 90.25
69 69 47.61
79 79 62.41
52 52 27.04
20 20 4.0
71 71 50.41
27 27 7.29
13 13 1.69
46 46 21.16
97 97 94.09
5 5 0.25
90 90 81.0
19 19 3.61
45 45 20.25
35 35 12.25
94 94 88.36
10 10 1.0
16 16 2.56
1 1 0.01
60 60 36.0
91 91 82.81
96 96 92.16
49 49 24.01
9 9 0.81
66 66 43.56
35 35 12.25
7 7 0.49
64 64 40.96
61 61 37.21
59 59 34.81
50 50 25.0
14 14 1.96
19 19 3.61
83 83 68.89
30 30 9.0
19 19 3.61
16 16 2.56
81 81 65.61
14 14 1.96
63 63 39.69
23 23 5.29
33 33 10.89
9 9 0.81
62 62 38.44
20 20 4.0
32 32 10.24
77 77 59.29
53 53 28.09
37 37 13.69
82 82 67.24
55 55 30.25
17 17 2.89
23 23 5.29
42 42 17.64
13 13 1.69
46 46 21.16
61 61 37.21
62 62 38.44
6 6 0.36
17 17 2.89
85 85 72.25
7 7 0.49
56 56 31.36
63 63 39.69
53 53 28.09
45 45 20.25
15 15 2.25
76 76 57.76
60 60 36.0
88 88 77.44
74 74 54.76
11 11 1.21
34 34 11.56
8 8 0.64
32 32 10.24
1 1 0.01
75 75 56.25
97 97 94.09
83 83 68.89
76 76 57.76
10 10 1.0
43 43 18.49
99 99 98.01
39 39 15.21
36 36 12.96
98 98 96.04
96 96 92.16
44 44 19.36
27 27 7.29
11 11 1.21
30 30 9.0
15 15 2.25
4 4 0.16
40 40 16.0
22 22 4.84
39 39 15.21
7 7 0.49
79 79 62.41
63 63 39.69
2 2 0.04
99 99 98.01
9 9 0.81
12 12 1.44
79 79 62.41
61 61 37.21
14 14 1.96
25 25 6.25
29 29 8.41
88 88 77.44
47 47 22.09
14 14 1.96
6 6 0.36
80 80 64.0
37 37 13.69
83 83 68.89
79 79 62.41
57 57 32.49
11 11 1.21
74 74 54.76
90 90 81.0
58 58 33.64
13 13 1.69
88 88 77.44
90 90 81.0
38 38 14.44
67 67 44.89
7 7 0.49
8 8 0.64
71 71 50.41
76 76 57.76
93 93 86.49
96 96 92.16
32 32 10.24
39 39 15.21
90 90 81.0
25 25 6.25
28 28 7.84
8 8 0.64
62 62 38.44
90 90 81.0
87 87 75.69
73 73 53.29
15 15 2.25
48 48 23.04
67 67 44.89
86 86 73.96
37 37 13.69
100 100 100.0
25 25 6.25
68 68 46.24
16 16 2.56
67 67 44.89
38 38 14.44
14 14 1.96
87 87 75.69
14 14 1.96
40 40 16.0
66 66 43.56
21 21 4.41
45 45 20.25
66 66 43.56
14 14 1.96
87 87 75.69
94 94 88.36
36 36 12.96
68 68 46.24
46 46 21.16
55 55 30.25
48 48 23.04
32 32 10.24
52 52 27.04
65 65 42.25
24 24 5.76
62 62 38.44
86 86 73.96
83 83 68.89
71 71 50.41
70 70 49.0
22 22 4.84
52 52 27.04
21 21 4.41
96 96 92.16
76 76 57.76
53 53 28.09
41 41 16.81
52 52 27.04
42 42 17.64
8 8 0.64
85 85 72.25
45 45 20.25
41 41 16.81
42 42 17.64
50 50 25.0
15 15 2.25
48 48 23.04
86 86 73.96
47 47 22.09
87 87 75.69
31 31 9.61
12 12 1.44
4 4 0.16
77 77 59.29
91 91 82.81
79 79 62.41
63 63 39.69
99 99 98.01
81 81 65.61
88 88 77.44
29 29 8.41
33 33 10.89
35 35 12.25
45 45 20.25
23 23 5.29
44 44 19.36
93 93 86.49
20 20 4.0
19 19 3.61
70 70 49.0
83 83 68.89
46 46 21.16
29 29 8.41
35 35 12.25
4 4 0.16
35 35 12.25
100 100 100.0
5 5 0.25
25 25 6.25
28 28 7.84
4 4 0.16
56 56 31.36
86 86 73.96
80 80 64.0
92 92 84.64
42 42 17.64
9 9 0.81
33 33 10.89
94 94 88.36
49 49 24.01
13 13 1.69
19 19 3.61
20 20 4.0
32 32 10.24
37 37 13.69
22 22 4.84
34 34 11.56
30 30 9.0
1 1 0.01
8 8 0.64
91 91 82.81
76 76 57.76
97 97 94.09
82 82 67.24
28 28 7.84
88 88 77.44
56 56 31.36
74 74 54.76
56 56 31.36
3 3 0.09
77 77 59.29
79 79 62.41
32 32 10.24
17 17 2.89
2 2 0.04
95 95 90.25
88 88 77.44
72 72 51.84
27 27 7.29
67 67 44.89
62 62 38.44
42 42 17.64
41 41 16.81
18 18 3.24
83 83 68.89
36 36 12.96
51 51 26.01
62 62 38.44
85 85 72.25
39 39 15.21
67 67 44.89
46 46 21.16
5 5 0.25
48 48 23.04
68 68 46.24
47 47 22.09
15 15 2.25
65 65 42.25
69 69 47.61
19 19 3.61
6 6 0.36
16 16 2.56
44 44 19.36
85 85 72.25
84 84 70.56
92 92 84.64
11 11 1.21
12 12 1.44
95 95 90.25
51 51 26.01
90 90 81.0
38 38 14.44
82 82 67.24
6 6 0.36
1 1 0.01
9 9 0.81
33 33 10.89
78 78 60.84
98 98 96.04
73 73 53.29
84 84 70.56
1 1 0.01
43 43 18.49
14 14 1.96
5 5 0.25
17 17 2.89
10 10 1.0
27 27 7.29
82 82 67.24
100 100 100.0
91 91 82.81
15 15 2.25
27 27 7.29
33 33 10.89
20 20 4.0
97 97 94.09
23 23 5.29
34 34 11.56
28 28 7.84
74 74 54.76
39 39 15.21
28 28 7.84
23 23 5.29
99 99 98.01
19 19 3.61
88 88 77.44
77 77 59.29
36 36 12.96
42 42 17.64
26 26 6.76
73 73 53.29
6 6 0.36
58 58 33.64
89 89 79.21
13 13 1.69
53 53 28.09
54 54 29.16
62 62 38.44
16 16 2.56
9 9 0.81
22 22 4.84
22 22 4.84
7 7 0.49
73 73 53.29
71 71 50.41
53 53 28.09
43 43 18.49
97 97 94.09
53 53 28.09
86 86 73.96
65 65 42.25
33 33 10.89
18 18 3.24
5 5 0.25
29 29 8.41
60 60 36.0
74 74 54.76
40 40 16.0
14 14 1.96
13 13 1.69
34 34 11.56
94 94 88.36
60 60 36.0
1 1 0.01
60 60 36.0
79 79 62.41
19 19 3.61
14 14 1.96
48 48 23.04
18 18 3.24
58 58 33.64
89 89 79.21
64 64 40.96
50 50 25.0
1 1 0.01
35 35 12.25
31 31 9.61
15 15 2.25
78 78 60.84
70 70 49.0
81 81 65.61
4 4 0.16
91 91 82.81
56 56 31.36
85 85 72.25
92 92 84.64
82 82 67.24
27 27 7.29
60 60 36.0
56 56 31.36
50 50 25.0
22 22 4.84
53 53 28.09
17 17 2.89
93 93 86.49
59 59 34.81
70 70 49.0
34 34 11.56
22 22 4.84
46 46 21.16
14 14 1.96
66 66 43.56
83 83 68.89
28 28 7.84
17 17 2.89
17 17 2.89
67 67 44.89
4 4 0.16
58 58 33.64
87 87 75.69
67 67 44.89
1 1 0.01
68 68 46.24
88 88 77.44
14 14 1.96
43 43 18.49
32 32 10.24
59 59 34.81
35 35 12.25
7 7 0.49
