900 23198 4.3589
38 38 14.44
18 18 3.24
54 54 29.16
63 63 39.69
85 85 72.25
12 12 1.44
26 26 6.76
95 95 90.25
23 23 5.29
31 31 9.61
69 69 47.61
82 82 67.24
76 76 57.76
47 47 22.09
50 50 25.0
17 17 2.89
4 4 0.16
63 63 39.69
75 75 56.25
71 71 50.41
19 19 3.61
97 97 94.09
74 74 54.76
49 49 24.01
38 38 14.44
37 37 13.69
67 67 44.89
5 5 0.25
26 26 6.76
60 60 36.0
6 6 0.36
44 44 19.36
51 51 26.01
41 41 16.81
26 26 6.76
83 83 68.89
37 37 13.69
94 94 88.36
23 23 5.29
9 9 0.81
44 44 19.36
75 75 56.25
55 55 30.25
7 7 0.49
71 71 50.41
100 100 100.0
22 22 4.84
56 56 31.36
12 12 1.44
88 88 77.44
84 84 70.56
19 19 3.61
62 62 38.44
72 72 51.84
65 65 42.25
100 100 100.0
55 55 30.25
50 50 25.0
41 41 16.81
73 73 53.29
6 6 0.36
93 93 86.49
23 23 5.29
19 19 3.61
91 91 82.81
5 5 0.25
43 43 18.49
39 39 15.21
77 77 59.29
79 79 62.41
36 36 12.96
62 62 38.44
76 76 57.76
58 58 33.64
58 58 33.64
75 75 56.25
50 50 25.0
75 75 56.25
80 80 64.0
15 15 2.25
47 47 22.09
20 20 4.0
77 77 59.29
98 98 96.04
31 31 9.61
83 83 68.89
96 96 92.16
9 9 0.81
49 49 24.01
56 56 31.36
86 86 73.96
44 44 19.36
22 22 4.84
42 42 17.64
23 23 5.29
6 6 0.36
99 99 98.01
46 46 21.16
23 23 5.29
90 90 81.0
85 85 72.25
58 58 33.64
10 10 1.0
89 89 79.21
7 7 0.49
36 36 12.96
94 94 88.36
74 74 54.76
40 40 16.0
21 21 4.41
32 32 10.24
2 2 0.04
35 35 12.25
55 55 30.25
59 59 34.81
24 24 5.76
22 22 4.84
91 91 82.81
39 39 15.21
12 12 1.44
76 76 57.76
42 42 17.64
78 78 60.84
8 8 0.64
89 89 79.21
93 93 86.49
96 96 92.16
93 93 86.49
38 38 14.44
45 45 20.25
53 53 28.09
82 82 67.24
95 95 90.25
74 74 54.76
68 68 46.24
4 4 0.16
92 92 84.64
3 3 0.09
85 85 72.25
99 99 98.01
81 81 65.61
46 46 21.16
25 25 6.25
40 40 16.0
93 93 86.49
39 39 15.21
68 68 46.24
58 58 33.64
90 90 81.0
53 53 28.09
69 69 47.61
80 80 64.0
80 80 64.0
85 85 72.25
92 92 84.64
60 60 36.0
38 38 14.44
6 6 0.36
74 74 54.76
19 19 3.61
81 81 65.61
82 82 67.24
14 14 1.96
1 1 0.01
56 56 31.36
85 85 72.25
84 84 70.56
61 61 37.21
25 25 6.25
88 88 77.44
76 76 57.76
49 49 24.01
100 100 100.0
99 99 98.01
59 59 34.81
38 38 14.44
54 54 29.16
78 78 60.84
98 98 96.04
44 44 19.36
35 35 12.25
24 24 5.76
42 42 17.64
87 87 75.69
100 100 100.0
31 31 9.61
100 100 100.0
78 78 60.84
83 83 68.89
20 20 4.0
52 52 27.04
6 6 0.36
31 31 9.61
88 88 77.44
4 4 0.16
51 51 26.01
16 16 2.56
39 39 15.21
1 1 0.01
47 47 22.09
2 2 0.04
41 41 16.81
23 23 5.29
80 80 64.0
55 55 30.25
74 74 54.76
30 30 9.0
71 71 50.41
95 95 90.25
95 95 90.25
77 77 59.29
37 37 13.69
95 95 90.25
67 67 44.89
52 52 27.04
11 11 1.21
38 38 14.44
3 3 0.09
59 59 34.81
15 15 2.25
54 54 29.16
50 50 25.0
58 58 33.64
34 34 11.56
20 20 4.0
25 25 6.25
92 92 84.64
36 36 12.96
32 32 10.24
51 51 26.01
83 83 68.89
26 26 6.76
4 4 0.16
89 89 79.21
65 65 42.25
13 13 1.69
45 45 20.25
20 20 4.0
27 27 7.29
64 64 40.96
83 83 68.89
91 91 82.81
58 58 33.64
25 25 6.25
79 79 62.41
29 29 8.41
33 33 10.89
87 87 75.69
64 64 40.96
8 8 0.64
40 40 16.0
45 45 20.25
50 50 25.0
26 26 6.76
43 43 18.49
45 45 20.25
20 20 4.0
76 76 57.76
94 94 88.36
77 77 59.29
34 34 11.56
14 14 1.96
100 100 100.0
60 60 36.0
62 62 38.44
10 10 1.0
46 46 21.16
68 68 46.24
87 87 75.69
13 13 1.69
80 80 64.0
84 84 70.56
53 53 28.09
91 91 82.81
67 67 44.89
88 88 77.44
75 75 56.25
92 92 84.64
16 16 2.56
8 8 0.64
23 23 5.29
83 83 68.89
81 81 65.61
47 47 22.09
87 87 75.69
43 43 18.49
47 47 22.09
5 5 0.25
33 33 10.89
6 6 0.36
11 11 1.21
95 95 90.25
8 8 0.64
64 64 40.96
85 85 72.25
21 21 4.41
35 35 12.25
96 96 92.16
24 24 5.76
9 9 0.81
74 74 54.76
18 18 3.24
26 26 6.76
35 35 12.25
30 30 9.0
76 76 57.76
67 67 44.89
45 45 20.25
99 99 98.01
43 43 18.49
18 18 3.24
86 86 73.96
60 60 36.0
64 64 40.96
2 2 0.04
95 95 90.25
81 81 65.61
39 39 15.21
67 67 44.89
78 78 60.84
74 74 54.76
41 41 16.81
99 99 98.01
36 36 12.96
89 89 79.21
52 52 27.04
98 98 96.04
76 76 57.76
43 43 18.49
55 55 30.25
14 14 1.96
21 21 4.41
21 21 4.41
31 31 9.61
66 66 43.56
14 14 1.96
35 35 12.25
47 47 22.09
66 66 43.56
52 52 27.04
61 61 37.21
84 84 70.56
25 25 6.25
19 19 3.61
30 30 9.0
60 60 36.0
27 27 7.29
20 20 4.0
29 29 8.41
42 42 17.64
19 19 3.61
58 58 33.64
2 2 0.04
94 94 88.36
47 47 22.09
6 6 0.36
6 6 0.36
95 95 90.25
82 82 67.24
35 35 12.25
21 21 4.41
40 40 16.0
2 2 0.04
95 95 90.25
70 70 49.0
67 67 44.89
52 52 27.04
61 61 37.21
48 48 23.04
19 19 3.61
24 24 5.76
72 72 51.84
27 27 7.29
9 9 0.81
91 91 82.81
1 1 0.01
9 9 0.81
13 13 1.69
8 8 0.64
91 91 82.81
13 13 1.69
95 95 90.25
9 9 0.81
88 88 77.44
67 67 44.89
34 34 11.56
15 15 2.25
90 90 81.0
29 29 8.41
59 59 34.81
13 13 1.69
79 79 62.41
5 5 0.25
95 95 90.25
71 71 50.41
85 85 72.25
98 98 96.04
56 56 31.36
22 22 4.84
73 73 53.29
67 67 44.89
49 49 24.01
97 97 94.09
49 49 24.01
68 68 46.24
95 95 90.25
31 31 9.61
86 86 73.96
22 22 4.84
2 2 0.04
24 24 5.76
27 27 7.29
24 24 5.76
67 67 44.89
15 15 2.25
39 39 15.21
78 78 60.84
52 52 27.04
95 95 90.25
67 67 44.89
41 41 16.81
53 53 28.09
64 64 40.96
22 22 4.84
78 78 60.84
76 76 57.76
41 41 16.81
37 37 13.69
85 85 72.25
36 36 12.96
21 21 4.41
5 5 0.25
7 7 0.49
87 87 75.69
97 97 94.09
56 56 31.36
54 54 29.16
35 35 12.25
10 10 1.0
55 55 30.25
66 66 43.56
45 45 20.25
96 96 92.16
100 100 100.0
78 78 60.84
89 89 79.21
17 17 2.89
42 42 17.64
16 16 2.56
77 77 59.29
43 43 18.49
100 100 100.0
65 65 42.25
44 44 19.36
93 93 86.49
56 56 31.36
87 87 75.69
10 10 1.0
2 2 0.04
10 10 1.0
33 33 10.89
66 66 43.56
56 56 31.36
99 99 98.01
55 55 30.25
96 96 92.16
52 52 27.04
72 72 51.84
81 81 65.61
65 65 42.25
52 52 27.04
70 70 49.0
8 8 0.64
38 38 14.44
26 26 6.76
72 72 51.84
39 39 15.21
70 70 49.0
16 16 2.56
79 79 62.41
95 95 90.25
60 60 36.0
46 46 21.16
99 99 98.01
4 4 0.16
55 55 30.25
96 96 92.16
79 79 62.41
88 88 77.44
29 29 8.41
30 30 9.0
79 79 62.41
87 87 75.69
66 66 43.56
34 34 11.56
78 78 60.84
42 42 17.64
10 10 1.0
23 23 5.29
59 59 34.81
51 51 26.01
19 19 3.61
95 95 90.25
72 72 51.84
58 58 33.64
17 17 2.89
99 99 98.01
9 9 0.81
62 62 38.44
80 80 64.0
1 1 0.01
96 96 92.16
7 7 0.49
60 60 36.0
51 51 26.01
92 92 84.64
29 29 8.41
56 56 31.36
71 71 50.41
89 89 79.21
88 88 77.44
45 45 20.25
87 87 75.69
47 47 22.09
57 57 32.49
84 84 70.56
33 33 10.89
83 83 68.89
89 89 79.21
26 26 6.76
45 45 20.25
29 29 8.41
23 23 5.29
93 93 86.49
19 19 3.61
3 3 0.09
6 6 0.36
88 88 77.44
21 21 4.41
7 7 0.49
14 14 1.96
100 100 100.0
61 61 37.21
81 81 65.61
17 17 2.89
33 33 10.89
21 21 4.41
69 69 47.61
61 61 37.21
75 75 56.25
59 59 34.81
22 22 4.84
83 83 68.89
57 57 32.49
80 80 64.0
60 60 36.0
34 34 11.56
10 10 1.0
33 33 10.89
57 57 32.49
11 11 1.21
38 38 14.44
32 32 10.24
6 6 0.36
9 9 0.81
38 38 14.44
98 98 96.04
7 7 0.49
95 95 90.25
51 51 26.01
33 33 10.89
29 29 8.41
62 62 38.44
18 18 3.24
25 25 6.25
98 98 96.04
63 63 39.69
75 75 56.25
70 70 49.0
16 16 2.56
42 42 17.64
31 31 9.61
96 96 92.16
23 23 5.29
100 100 100.0
78 78 60.84
12 12 1.44
81 81 65.61
61 61 37.21
30 30 9.0
54 54 29.16
70 70 49.0
71 71 50.41
20 20 4.0
36 36 12.96
53 53 28.09
58 58 33.64
38 38 14.44
41 41 16.81
3 3 0.09
98 98 96.04
29 29 8.41
29 29 8.41
17 17 2.89
24 24 5.76
60 60 36.0
31 31 9.61
6 6 0.36
82 82 67.24
38 38 14.44
6 6 0.36
80 80 64.0
46 46 21.16
21 21 4.41
67 67 44.89
94 94 88.36
82 82 67.24
78 78 60.84
36 36 12.96
58 58 33.64
35 35 12.25
8 8 0.64
94 94 88.36
33 33 10.89
62 62 38.44
15 15 2.25
42 42 17.64
94 94 88.36
90 90 81.0
19 19 3.61
44 44 19.36
18 18 3.24
68 68 46.24
1 1 0.01
96 96 92.16
82 82 67.24
90 90 81.0
86 86 73.96
55 55 30.25
55 55 30.25
32 32 10.24
12 12 1.44
98 98 96.04
96 96 92.16
16 16 2.56
84 84 70.56
65 65 42.25
18 18 3.24
19 19 3.61
99 99 98.01
18 18 3.24
67 67 44.89
94 94 88.36
67 67 44.89
40 40 16.0
17 17 2.89
88 88 77.44
33 33 10.89
40 40 16.0
65 65 42.25
35 35 12.25
73 73 53.29
46 46 21.16
85 85 72.25
83 83 68.89
11 11 1.21
82 82 67.24
87 87 75.69
64 64 40.96
92 92 84.64
27 27 7.29
97 97 94.09
24 24 5.76
14 14 1.96
57 57 32.49
68 68 46.24
36 36 12.96
100 100 100.0
21 21 4.41
79 79 62.41
100 100 100.0
27 27 7.29
49 49 24.01
12 12 1.44
70 70 49.0
17 17 2.89
29 29 8.41
47 47 22.09
5 5 0.25
6 6 0.36
46 46 21.16
3 3 0.09
2 2 0.04
39 39 15.21
47 47 22.09
2 2 0.04
98 98 96.04
93 93 86.49
96 96 92.16
62 62 38.44
74 74 54.76
35 35 12.25
28 28 7.84
96 96 92.16
9 9 0.81
53 53 28.09
83 83 68.89
48 48 23.04
19 19 3.61
96 96 92.16
31 31 9.61
72 72 51.84
80 80 64.0
91 91 82.81
56 56 31.36
68 68 46.24
16 16 2.56
7 7 0.49
19 19 3.61
97 97 94.09
83 83 68.89
43 43 18.49
86 86 73.96
33 33 10.89
76 76 57.76
60 60 36.0
51 51 26.01
8 8 0.64
36 36 12.96
48 48 23.04
46 46 21.16
63 63 39.69
45 45 20.25
31 31 9.61
24 24 5.76
90 90 81.0
68 68 46.24
74 74 54.76
64 64 40.96
89 89 79.21
27 27 7.29
75 75 56.25
43 43 18.49
55 55 30.25
69 69 47.61
38 38 14.44
81 81 65.61
77 77 59.29
3 3 0.09
8 8 0.64
89 89 79.21
29 29 8.41
69 69 47.61
76 76 57.76
73 73 53.29
48 48 23.04
22 22 4.84
52 52 27.04
43 43 18.49
52 52 27.04
81 81 65.61
79 79 62.41
51 51 26.01
44 44 19.36
75 75 56.25
81 81 65.61
58 58 33.64
36 36 12.96
80 80 64.0
68 68 46.24
82 82 67.24
15 15 2.25
14 14 1.96
47 47 22.09
51 51 26.01
15 15 2.25
44 44 19.36
32 32 10.24
48 48 23.04
56 56 31.36
27 27 7.29
20 20 4.0
84 84 70.56
3 3 0.09
7 7 0.49
38 38 14.44
41 41 16.81
70 70 49.0
77 77 59.29
49 49 24.01
65 65 42.25
7 7 0.49
27 27 7.29
78 78 60.84
57 57 32.49
73 73 53.29
53 53 28.09
67 67 44.89
21 21 4.41
88 88 77.44
78 78 60.84
75 75 56.25
12 12 1.44
23 23 5.29
88 88 77.44
4 4 0.16
67 67 44.89
25 25 6.25
27 27 7.29
97 97 94.09
76 76 57.76
85 85 72.25
79 79 62.41
24 24 5.76
68 68 46.24
60 60 36.0
66 66 43.56
97 97 94.09
28 28 7.84
2 2 0.04
4 4 0.16
57 57 32.49
36 36 12.96
2 2 0.04
4 4 0.16
37 37 13.69
82 82 67.24
91 91 82.81
13 13 1.69
6 6 0.36
43 43 18.49
2 2 0.04
57 57 32.49
23 23 5.29
42 42 17.64
50 50 25.0
56 56 31.36
41 41 16.81
36 36 12.96
18 18 3.24
93 93 86.49
19 19 3.61
92 92 84.64
86 86 73.96
29 29 8.41
95 95 90.25
64 64 40.96
9 9 0.81
16 16 2.56
28 28 7.84
99 99 98.01
33 33 10.89
28 28 7.84
87 87 75.69
64 64 40.96
3 3 0.09
40 40 16.0
12 12 1.44
98 98 96.04
65 65 42.25
94 94 88.36
60 60 36.0
13 13 1.69
16 16 2.56
49 49 24.01
12 12 1.44
14 14 1.96
62 62 38.44
95 95 90.25
1 1 0.01
30 30 9.0
65 65 42.25
15 15 2.25
53 53 28.09
5 5 0.25
97 97 94.09
94 94 88.36
68 68 46.24
94 94 88.36
81 81 65.61
17 17 2.89
97 97 94.09
53 53 28.09
16 16 2.56
42 42 17.64
54 54 29.16
59 59 34.81
43 43 18.49
54 54 29.16
10 10 1.0
58 58 33.64
40 40 16.0
88 88 77.44
89 89 79.21
66 66 43.56
73 73 53.29
72 72 51.84
22 22 4.84
68 68 46.24
8 8 0.64
