900 23253 9.9499
41 31 3.0548
100 90 29.3807
13 3 0.0509
96 86 18.6641
53 43 15.9912
83 73 43.6313
46 36 4.1335
12 2 0.0302
59 49 13.7507
17 7 0.184
106 96 41.3398
106 96 43.0349
58 48 7.7356
73 63 27.065
25 15 1.9124
29 19 2.0252
58 48 16.8757
75 65 16.2893
70 60 25.2828
92 82 23.5827
87 77 55.6441
64 54 11.2165
110 100 93.9271
100 90 34.9742
83 73 14.6911
26 16 1.3635
72 62 13.9472
12 2 0.0361
85 75 17.735
39 29 2.5504
99 89 54.6875
105 95 45.0335
103 93 84.5903
69 59 27.7265
14 4 0.1278
66 56 30.5864
59 49 15.6033
28 18 1.7158
64 54 15.7927
83 73 21.183
98 88 41.332
57 47 10.5534
68 58 8.5591
81 71 18.3492
78 68 26.4597
98 88 74.5805
36 26 4.0925
21 11 0.3624
48 38 6.9606
20 10 0.2612
88 78 20.6698
23 13 1.0351
39 29 4.1388
70 60 18.8269
100 90 54.1343
34 24 4.1063
81 71 33.2468
50 40 4.6946
102 92 72.318
57 47 8.5393
106 96 91.7553
36 26 4.7376
100 90 30.551
101 91 23.2151
89 79 22.7367
45 35 5.8448
40 30 7.3691
97 87 39.5339
64 54 19.5797
46 36 10.7761
53 43 4.7703
42 32 2.9149
36 26 5.6973
80 70 47.5452
100 90 45.6598
28 18 1.911
93 83 27.3822
78 68 11.758
76 66 15.3962
20 10 0.4711
46 36 6.1812
30 20 2.5844
102 92 66.9991
48 38 10.2669
93 83 17.6064
101 91 28.6343
25 15 1.3943
65 55 27.0879
68 58 15.3931
68 58 27.9111
107 97 91.384
57 47 5.7312
32 22 3.3731
93 83 58.4414
88 78 29.1557
23 13 1.2575
73 63 13.0993
77 67 25.8338
92 82 34.4452
70 60 9.4439
83 73 23.3975
12 2 0.0237
70 60 11.2379
25 15 2.1509
61 51 19.3459
56 46 19.3635
37 27 6.478
11 1 0.003
68 58 32.0707
83 73 45.4289
52 42 12.3763
43 33 6.7782
80 70 19.28
74 64 23.4614
24 14 0.5854
56 46 6.642
98 88 48.8881
80 70 48.8895
60 50 8.9383
82 72 34.0332
88 78 28.4708
25 15 1.0195
108 98 64.1537
93 83 50.2383
44 34 4.8788
99 89 32.4832
19 9 0.4393
110 100 39.4761
101 91 41.6644
16 6 0.0996
57 47 7.0761
63 53 9.9005
31 21 1.3776
77 67 11.3846
80 70 20.8365
23 13 0.5297
23 13 1.4938
41 31 5.9961
59 49 18.6477
29 19 3.0906
70 60 17.0552
82 72 28.8455
77 67 21.0552
79 69 12.3292
37 27 5.4
90 80 51.768
28 18 0.953
19 9 0.5129
52 42 4.9796
71 61 17.7536
110 100 27.7076
105 95 88.8702
63 53 15.6658
53 43 18.088
87 77 40.2692
23 13 0.9105
52 42 13.4513
24 14 0.7135
16 6 0.0994
88 78 21.8874
93 83 35.3573
99 89 78.1916
87 77 56.295
100 90 29.4057
110 100 40.0512
81 71 13.594
106 96 81.254
25 15 0.8617
22 12 0.7898
110 100 32.2181
60 50 17.8228
68 58 32.4228
48 38 8.7013
20 10 0.6432
33 23 2.3734
67 57 17.5997
37 27 2.9224
82 72 44.0803
73 63 13.1559
32 22 1.3764
90 80 62.0188
20 10 0.3668
67 57 32.2499
33 23 4.3085
85 75 50.5421
16 6 0.167
34 24 1.4697
84 74 16.4763
12 2 0.0206
50 40 13.9779
79 69 34.6085
108 98 50.9139
108 98 35.5812
106 96 77.9424
60 50 11.0782
85 75 14.6743
14 4 0.0973
106 96 28.2864
62 52 16.8527
33 23 2.4618
91 81 64.9298
57 47 11.5879
23 13 1.0276
23 13 0.4513
72 62 33.0625
17 7 0.4073
107 97 38.2085
37 27 4.2754
20 10 0.8268
17 7 0.141
57 47 8.253
16 6 0.2594
15 5 0.0902
13 3 0.0277
44 34 3.3504
61 51 8.9664
109 99 55.0312
106 96 25.6481
56 46 12.4221
104 94 26.8583
94 84 24.113
23 13 0.76
48 38 6.5879
67 57 12.9147
91 81 21.9155
25 15 0.7966
20 10 0.7964
52 42 16.7011
14 4 0.0623
81 71 16.9011
17 7 0.2431
20 10 0.3003
29 19 1.3296
100 90 25.8247
82 72 18.256
86 76 39.466
110 100 60.1478
60 50 19.679
58 48 10.6641
52 42 15.9185
41 31 7.3089
91 81 60.1586
51 41 8.6931
30 20 2.9357
76 66 21.4388
18 8 0.2526
27 17 1.2787
13 3 0.0504
97 87 69.9063
75 65 15.0684
102 92 65.0991
57 47 5.7274
74 64 23.7744
66 56 11.1944
46 36 6.4354
82 72 37.6198
89 79 60.8852
86 76 15.3562
56 46 18.1042
86 76 55.922
24 14 1.314
32 22 4.7755
45 35 4.4643
101 91 25.5834
18 8 0.5646
39 29 6.5705
23 13 0.7903
45 35 9.5185
26 16 2.4989
31 21 1.653
107 97 27.0254
18 8 0.2149
104 94 34.0029
95 85 54.1505
60 50 23.5322
59 49 10.6962
80 70 23.2449
85 75 48.7944
106 96 31.8277
28 18 1.8106
27 17 0.8125
13 3 0.0576
70 60 15.4347
15 5 0.2489
84 74 28.5348
20 10 0.3883
73 63 15.375
50 40 7.6574
82 72 14.3179
88 78 19.8452
26 16 1.6335
85 75 46.2414
52 42 7.7156
42 32 9.9894
13 3 0.0694
82 72 13.8957
87 77 31.0115
65 55 14.418
74 64 21.5055
79 69 43.7225
37 27 6.8011
32 22 3.6987
95 85 19.4922
79 69 38.2394
83 73 31.822
71 61 12.5656
106 96 38.3384
11 1 0.0045
25 15 1.1842
37 27 6.229
83 73 38.8378
27 17 1.5171
23 13 1.0665
73 63 31.751
24 14 1.1528
81 71 38.7892
85 75 43.9662
67 57 11.5927
16 6 0.11
100 90 71.9036
17 7 0.4146
52 42 9.0126
82 72 19.3072
55 45 7.3663
54 44 15.6128
56 46 16.1315
82 72 27.3424
73 63 22.4629
96 86 29.9647
35 25 4.9014
36 26 1.7469
83 73 18.8608
58 48 21.8108
37 27 2.3679
41 31 6.2525
39 29 2.8066
75 65 25.5318
106 96 48.5962
93 83 21.8874
67 57 8.8858
89 79 39.859
18 8 0.2147
68 58 19.8827
64 54 26.398
72 62 10.9078
47 37 6.0649
78 68 32.7012
104 94 37.7463
61 51 12.9838
51 41 5.5126
34 24 4.8444
82 72 47.802
32 22 1.2778
32 22 1.3491
76 66 36.1826
21 11 1.0638
45 35 3.5979
36 26 6.1464
13 3 0.0313
56 46 5.3643
23 13 1.2131
80 70 33.8282
99 89 33.827
75 65 39.8123
33 23 4.679
67 57 29.4838
46 36 3.4913
65 55 20.549
60 50 6.6952
92 82 19.1546
40 30 3.3004
58 48 15.6144
106 96 68.335
79 69 28.6161
20 10 0.814
97 87 25.002
105 95 31.4957
61 51 9.3728
66 56 9.5129
23 13 1.117
71 61 15.8866
82 72 31.9779
37 27 4.9586
26 16 1.1586
47 37 10.2093
16 6 0.3148
52 42 8.1699
51 41 6.4887
65 55 14.0078
104 94 83.5286
18 8 0.5235
56 46 10.8913
41 31 4.6195
54 44 5.625
100 90 72.0954
84 74 47.3564
11 1 0.0067
75 65 19.8248
98 88 22.2095
76 66 20.9105
105 95 49.1121
55 45 13.2038
69 59 22.8895
30 20 1.4023
77 67 29.3341
16 6 0.1362
75 65 27.5237
53 43 7.0958
30 20 1.0543
22 12 1.3087
36 26 2.2296
87 77 18.5882
81 71 29.4404
66 56 7.9118
106 96 68.8336
99 89 24.1346
30 20 2.6153
81 71 27.2129
27 17 0.8671
88 78 27.1983
110 100 33.188
15 5 0.1687
18 8 0.344
96 86 31.4553
74 64 15.5023
94 84 34.9151
76 66 11.4596
97 87 34.9955
75 65 18.6322
84 74 43.8999
63 53 26.8728
105 95 78.0802
26 16 1.1067
87 77 24.455
90 80 52.9649
89 79 30.8825
31 21 1.3301
84 74 16.9234
38 28 5.2868
84 74 20.2365
58 48 17.4741
43 33 7.6237
101 91 26.6917
40 30 7.3756
24 14 1.7865
104 94 85.2723
105 95 38.9201
104 94 54.1107
73 63 38.6411
104 94 46.8855
19 9 0.6525
38 28 6.3817
93 83 63.8129
45 35 7.6563
47 37 7.6033
21 11 0.9136
88 78 15.9121
84 74 29.8356
74 64 16.1483
39 29 5.0082
62 52 25.3673
18 8 0.5531
66 56 28.9229
90 80 25.1713
43 33 4.095
35 25 4.0614
67 57 9.283
23 13 0.7777
77 67 38.1664
90 80 24.8672
17 7 0.443
97 87 23.9875
47 37 10.1895
45 35 9.4409
14 4 0.1403
96 86 58.7047
20 10 0.9428
53 43 4.8501
99 89 38.8328
45 35 12.0041
71 61 14.4172
48 38 4.5886
110 100 46.8403
65 55 13.1885
59 49 7.5691
91 81 42.6879
48 38 7.5537
33 23 2.7179
43 33 3.2256
84 74 50.4199
56 46 13.8563
43 33 7.4213
94 84 25.7587
12 2 0.0163
16 6 0.12
105 95 66.8372
108 98 77.4347
55 45 17.9869
47 37 4.1657
95 85 46.7664
24 14 1.6033
108 98 33.7305
52 42 14.2778
66 56 26.4124
57 47 12.2087
28 18 3.2041
51 41 9.8502
75 65 15.6959
55 45 15.4724
41 31 6.278
16 6 0.1821
55 45 13.8235
99 89 67.9355
103 93 53.4288
71 61 14.0468
22 12 0.8317
54 44 7.2313
21 11 0.3299
85 75 18.1979
32 22 3.2873
82 72 39.2377
101 91 71.5598
110 100 34.947
52 42 6.3127
29 19 1.4862
49 39 5.8371
75 65 22.9039
64 54 20.8858
63 53 27.3906
96 86 54.2594
43 33 4.4045
92 82 32.0492
26 16 1.3001
25 15 1.2513
96 86 32.4467
89 79 18.9338
87 77 18.7013
74 64 10.7518
53 43 5.9883
55 45 8.0316
38 28 3.9613
51 41 5.0977
90 80 46.0797
100 90 51.7493
20 10 0.6535
55 45 6.8654
100 90 32.2931
63 53 8.7055
68 58 27.7539
97 87 28.2833
105 95 29.5436
38 28 5.9268
51 41 10.1665
74 64 17.7527
105 95 78.2499
23 13 0.5711
80 70 13.5918
66 56 17.3581
51 41 5.6435
24 14 0.5648
34 24 5.157
38 28 2.0915
45 35 5.1194
96 86 35.4168
21 11 0.3429
77 67 33.9866
109 99 87.7744
39 29 4.511
25 15 1.1692
18 8 0.2321
61 51 7.6215
23 13 0.5986
21 11 1.0595
67 57 21.0681
64 54 25.323
103 93 77.3045
73 63 11.336
48 38 9.3501
48 38 8.9264
23 13 0.5151
109 99 46.7036
67 57 10.4736
77 67 14.7157
30 20 2.1415
47 37 8.6724
97 87 25.4672
37 27 5.5399
108 98 93.9717
68 58 23.54
79 69 29.7298
60 50 10.1735
22 12 0.8044
77 67 17.9505
65 55 30.0819
79 69 40.2743
83 73 23.271
72 62 14.9908
107 97 60.5066
107 97 64.6303
40 30 6.644
32 22 3.6512
105 95 37.7659
53 43 4.8974
102 92 27.736
14 4 0.121
87 77 22.1624
82 72 49.4786
31 21 2.5018
85 75 30.6883
81 71 38.0553
66 56 20.9416
66 56 10.5989
65 55 13.4718
47 37 10.8583
46 36 8.4629
71 61 35.0227
86 76 56.0327
84 74 22.1163
100 90 29.037
17 7 0.3133
43 33 6.9823
72 62 22.121
98 88 42.5939
78 68 31.7194
61 51 22.2218
68 58 24.8781
57 47 15.101
56 46 14.8379
88 78 22.2293
18 8 0.4014
47 37 6.0782
16 6 0.3599
97 87 32.1931
101 91 60.3651
75 65 11.2446
38 28 5.8884
13 3 0.0346
106 96 89.0438
25 15 1.3907
110 100 91.0078
44 34 10.6654
68 58 15.1049
79 69 39.9184
32 22 3.9996
58 48 9.5561
44 34 8.5398
53 43 10.1659
29 19 1.8139
38 28 5.6169
37 27 2.9742
95 85 31.6103
56 46 9.6001
76 66 16.3475
40 30 4.9707
14 4 0.0778
27 17 1.5082
109 99 47.8075
41 31 2.8615
99 89 65.8548
100 90 48.443
85 75 32.6704
68 58 20.4096
26 16 1.131
82 72 30.1774
19 9 0.5957
32 22 1.3463
75 65 20.2581
77 67 14.1805
16 6 0.1249
26 16 0.9849
110 100 60.8977
89 79 27.8488
42 32 7.5356
72 62 26.3313
103 93 72.8223
82 72 38.8129
98 88 27.8235
58 48 17.7014
58 48 15.2584
89 79 30.6141
46 36 5.2062
38 28 5.4578
88 78 43.6657
86 76 26.0549
66 56 9.2459
54 44 9.973
13 3 0.0562
100 90 42.2838
100 90 47.6997
109 99 39.8388
55 45 7.6768
41 31 4.9142
76 66 22.3653
106 96 78.7177
103 93 74.9367
30 20 2.8778
105 95 64.096
110 100 43.0467
61 51 22.7329
25 15 0.6757
37 27 6.9786
59 49 10.6583
21 11 0.6967
104 94 23.1582
19 9 0.3455
13 3 0.0468
49 39 5.5155
45 35 5.2712
79 69 35.0879
73 63 13.0263
81 71 13.8987
67 57 8.4937
101 91 31.7882
80 70 17.0264
35 25 2.7602
14 4 0.0505
87 77 56.7596
46 36 5.9834
40 30 5.7686
110 100 61.464
47 37 5.9171
52 42 11.8839
28 18 2.9749
42 32 5.4644
93 83 45.5706
46 36 10.5378
53 43 12.0305
43 33 2.7367
97 87 25.7881
37 27 3.6405
39 29 6.0757
36 26 3.08
29 19 2.9556
92 82 21.3657
71 61 14.271
27 17 2.5619
93 83 39.0563
67 57 24.9201
65 55 25.9753
76 66 18.0175
19 9 0.5931
93 83 29.6535
69 59 25.2818
67 57 12.7192
51 41 8.6348
69 59 18.5055
41 31 7.5076
89 79 31.6091
88 78 55.9145
100 90 58.7124
110 100 57.9974
13 3 0.0402
105 95 52.4162
95 85 31.9756
53 43 17.865
27 17 1.2889
86 76 17.2474
60 50 8.01
57 47 7.4518
68 58 32.0311
48 38 4.9031
77 67 17.6257
40 30 2.414
87 77 19.9809
45 35 7.0278
35 25 2.1978
42 32 4.223
96 86 46.3475
29 19 2.9984
70 60 26.5215
70 60 23.8144
100 90 75.8293
72 62 31.1297
54 44 15.8555
110 100 56.4452
97 87 32.6201
78 68 25.1723
58 48 10.5645
33 23 2.7872
30 20 1.2466
50 40 14.9552
96 86 19.7865
49 39 10.5508
105 95 42.2916
19 9 0.7767
86 76 36.6219
27 17 2.4383
47 37 7.4333
37 27 3.7846
29 19 3.1481
47 37 5.8782
36 26 4.9586
39 29 6.1867
70 60 12.2367
44 34 4.598
86 76 22.8436
25 15 0.8845
19 9 0.3339
55 45 17.2267
35 25 5.8264
15 5 0.112
33 23 4.0096
99 89 20.4675
28 18 2.2774
67 57 26.8666
53 43 5.6892
86 76 24.6939
34 24 2.9739
54 44 18.2397
99 89 33.7747
91 81 65.0297
48 38 13.6856
19 9 0.2111
30 20 3.1855
82 72 30.2324
20 10 0.4277
101 91 22.1455
13 3 0.0486
87 77 39.9664
24 14 1.9385
67 57 9.5629
65 55 27.7855
85 75 51.4175
97 87 68.6479
58 48 10.4245
23 13 0.4519
66 56 12.7263
91 81 37.3003
85 75 40.4649
85 75 53.0916
24 14 0.5958
68 58 20.1188
55 45 10.3723
52 42 5.4658
45 35 5.6549
50 40 14.271
15 5 0.0696
63 53 15.3272
19 9 0.5855
15 5 0.1988
99 89 22.7624
94 84 60.4289
107 97 82.4845
23 13 0.8616
46 36 6.2485
50 40 4.4432
66 56 16.7617
104 94 27.309
50 40 10.9587
57 47 13.822
11 1 0.0067
90 80 28.6439
12 2 0.029
28 18 0.8358
42 32 9.4347
108 98 82.0456
101 91 45.2916
58 48 9.147
107 97 43.5864
74 64 10.517
80 70 27.4167
37 27 6.1951
86 76 31.5675
18 8 0.4282
93 83 61.929
79 69 37.8077
14 4 0.0467
21 11 0.7543
94 84 64.3012
108 98 49.6348
45 35 9.5865
81 71 48.8112
72 62 11.8742
104 94 54.1873
34 24 4.0824
85 75 46.2373
46 36 12.2409
28 18 1.9152
81 71 26.9808
107 97 75.358
84 74 15.3907
15 5 0.1778
97 87 72.524
91 81 58.6725
104 94 24.974
62 52 10.5346
63 53 23.7218
79 69 38.7008
48 38 12.185
92 82 23.7354
57 47 15.5417
55 45 16.9258
102 92 22.969
66 56 15.3688
83 73 27.9133
53 43 7.0793
104 94 74.4062
77 67 13.71
12 2 0.0137
34 24 5.2226
