400 9660 4.3589
45 45 20.25
96 96 92.16
57 57 32.49
42 42 17.64
65 65 42.25
98 98 96.04
80 80 64.0
27 27 7.29
77 77 59.29
57 57 32.49
53 53 28.09
94 94 88.36
12 12 1.44
70 70 49.0
47 47 22.09
9 9 0.81
20 20 4.0
12 12 1.44
37 37 13.69
28 28 7.84
54 54 29.16
58 58 33.64
43 43 18.49
13 13 1.69
39 39 15.21
59 59 34.81
73 73 53.29
59 59 34.81
69 69 47.61
16 16 2.56
38 38 14.44
35 35 12.25
44 44 19.36
34 34 11.56
4 4 0.16
10 10 1.0
89 89 79.21
25 25 6.25
44 44 19.36
50 50 25.0
12 12 1.44
50 50 25.0
43 43 18.49
90 90 81.0
22 22 4.84
26 26 6.76
62 62 38.44
77 77 59.29
41 41 16.81
81 81 65.61
62 62 38.44
49 49 24.01
30 30 9.0
46 46 21.16
49 49 24.01
18 18 3.24
54 54 29.16
31 31 9.61
73 73 53.29
13 13 1.69
44 44 19.36
35 35 12.25
27 27 7.29
42 42 17.64
50 50 25.0
16 16 2.56
69 69 47.61
69 69 47.61
36 36 12.96
57 57 32.49
77 77 59.29
41 41 16.81
32 32 10.24
44 44 19.36
58 58 33.64
96 96 92.16
82 82 67.24
10 10 1.0
21 21 4.41
83 83 68.89
61 61 37.21
49 49 24.01
46 46 21.16
11 11 1.21
87 87 75.69
93 93 86.49
50 50 25.0
37 37 13.69
43 43 18.49
78 78 60.84
65 65 42.25
16 16 2.56
24 24 5.76
4 4 0.16
46 46 21.16
12 12 1.44
8 8 0.64
42 42 17.64
77 77 59.29
16 16 2.56
64 64 40.96
87 87 75.69
69 69 47.61
66 66 43.56
5 5 0.25
5 5 0.25
56 56 31.36
82 82 67.24
68 68 46.24
16 16 2.56
35 35 12.25
15 15 2.25
33 33 10.89
84 84 70.56
55 55 30.25
86 86 73.96
92 92 84.64
50 50 25.0
54 54 29.16
19 19 3.61
24 24 5.76
79 79 62.41
29 29 8.41
84 84 70.56
18 18 3.24
58 58 33.64
84 84 70.56
1 1 0.01
49 49 24.01
11 11 1.21
31 31 9.61
51 51 26.01
36 36 12.96
79 79 62.41
1 1 0.01
20 20 4.0
60 60 36.0
84 84 70.56
28 28 7.84
10 10 1.0
82 82 67.24
47 47 22.09
6 6 0.36
1 1 0.01
7 7 0.49
71 71 50.41
18 18 3.24
65 65 42.25
70 70 49.0
80 80 64.0
99 99 98.01
31 31 9.61
73 73 53.29
35 35 12.25
67 67 44.89
6 6 0.36
67 67 44.89
76 76 57.76
58 58 33.64
15 15 2.25
89 89 79.21
23 23 5.29
59 59 34.81
33 33 10.89
91 91 82.81
26 26 6.76
88 88 77.44
94 94 88.36
9 9 0.81
60 60 36.0
59 59 34.81
36 36 12.96
37 37 13.69
93 93 86.49
51 51 26.01
37 37 13.69
13 13 1.69
28 28 7.84
5 5 0.25
46 46 21.16
52 52 27.04
44 44 19.36
67 67 44.89
18 18 3.24
10 10 1.0
41 41 16.81
43 43 18.49
39 39 15.21
9 9 0.81
4 4 0.16
24 24 5.76
80 80 64.0
67 67 44.89
14 14 1.96
77 77 59.29
48 48 23.04
76 76 57.76
73 73 53.29
68 68 46.24
32 32 10.24
47 47 22.09
93 93 86.49
96 96 92.16
75 75 56.25
73 73 53.29
1 1 0.01
52 52 27.04
10 10 1.0
21 21 4.41
96 96 92.16
9 9 0.81
75 75 56.25
31 31 9.61
90 90 81.0
2 2 0.04
63 63 39.69
88 88 77.44
79 79 62.41
26 26 6.76
24 24 5.76
25 25 6.25
30 30 9.0
9 9 0.81
23 23 5.29
37 37 13.69
81 81 65.61
3 3 0.09
62 62 38.44
92 92 84.64
41 41 16.81
64 64 40.96
55 55 30.25
84 84 70.56
58 58 33.64
38 38 14.44
89 89 79.21
32 32 10.24
79 79 62.41
48 48 23.04
70 70 49.0
55 55 30.25
52 52 27.04
36 36 12.96
59 59 34.81
48 48 23.04
77 77 59.29
82 82 67.24
48 48 23.04
96 96 92.16
81 81 65.61
90 90 81.0
4 4 0.16
79 79 62.41
51 51 26.01
4 4 0.16
90 90 81.0
5 5 0.25
98 98 96.04
84 84 70.56
95 95 90.25
43 43 18.49
89 89 79.21
34 34 11.56
59 59 34.81
9 9 0.81
17 17 2.89
77 77 59.29
45 45 20.25
73 73 53.29
100 100 100.0
79 79 62.41
63 63 39.69
32 32 10.24
44 44 19.36
8 8 0.64
18 18 3.24
1 1 0.01
31 31 9.61
4 4 0.16
26 26 6.76
36 36 12.96
47 47 22.09
9 9 0.81
79 79 62.41
89 89 79.21
68 68 46.24
18 18 3.24
98 98 96.04
50 50 25.0
26 26 6.76
62 62 38.44
59 59 34.81
19 19 3.61
61 61 37.21
56 56 31.36
30 30 9.0
20 20 4.0
79 79 62.41
11 11 1.21
5 5 0.25
5 5 0.25
49 49 24.01
68 68 46.24
34 34 11.56
59 59 34.81
30 30 9.0
89 89 79.21
51 51 26.01
34 34 11.56
6 6 0.36
91 91 82.81
9 9 0.81
7 7 0.49
84 84 70.56
62 62 38.44
52 52 27.04
34 34 11.56
100 100 100.0
34 34 11.56
91 91 82.81
11 11 1.21
63 63 39.69
75 75 56.25
28 28 7.84
69 69 47.61
17 17 2.89
51 51 26.01
65 65 42.25
95 95 90.25
2 2 0.04
19 19 3.61
64 64 40.96
6 6 0.36
15 15 2.25
74 74 54.76
69 69 47.61
39 39 15.21
13 13 1.69
56 56 31.36
58 58 33.64
95 95 90.25
27 27 7.29
45 45 20.25
22 22 4.84
92 92 84.64
24 24 5.76
79 79 62.41
58 58 33.64
74 74 54.76
65 65 42.25
36 36 12.96
86 86 73.96
100 100 100.0
11 11 1.21
64 64 40.96
49 49 24.01
14 14 1.96
36 36 12.96
16 16 2.56
65 65 42.25
20 20 4.0
85 85 72.25
57 57 32.49
76 76 57.76
74 74 54.76
47 47 22.09
10 10 1.0
28 28 7.84
33 33 10.89
56 56 31.36
70 70 49.0
37 37 13.69
77 77 59.29
74 74 54.76
72 72 51.84
29 29 8.41
71 71 50.41
26 26 6.76
3 3 0.09
25 25 6.25
13 13 1.69
17 17 2.89
81 81 65.61
85 85 72.25
79 79 62.41
66 66 43.56
41 41 16.81
62 62 38.44
6 6 0.36
59 59 34.81
68 68 46.24
83 83 68.89
59 59 34.81
21 21 4.41
4 4 0.16
18 18 3.24
51 51 26.01
67 67 44.89
22 22 4.84
53 53 28.09
