900 22513 9.9499
18 8 93.745
47 37 79.5718
78 68 35.1519
97 87 23.538
18 8 93.5611
51 41 76.1134
107 97 43.3412
81 71 31.2984
25 15 87.87
99 89 46.0254
25 15 87.8438
85 75 26.1009
61 51 55.8472
87 77 41.7174
31 21 85.0121
28 18 88.4221
102 92 29.7548
108 98 25.9224
88 78 47.5383
81 71 57.2701
70 60 61.4923
34 24 74.6012
24 14 89.3422
99 89 49.0042
18 8 92.5482
69 59 43.8403
102 92 41.538
16 6 93.7682
39 29 70.9301
27 17 87.6302
47 37 66.3052
29 19 73.752
36 26 73.4363
106 96 38.1603
25 15 87.5385
13 3 96.5385
40 30 75.7997
28 18 85.3055
91 81 38.5206
42 32 63.773
97 87 46.597
72 62 38.0442
99 89 42.5613
52 42 66.3231
11 1 98.585
85 75 26.8417
30 20 74.1665
108 98 28.4238
62 52 70.0586
12 2 98.1903
47 37 73.3524
77 67 30.9192
15 5 93.3175
41 31 74.1683
55 45 51.1154
26 16 85.6125
88 78 40.2248
34 24 72.5853
51 41 49.2748
43 33 62.0771
71 61 62.8944
63 53 69.7643
62 52 56.1001
25 15 86.0516
54 44 63.4412
18 8 92.4732
108 98 31.4934
25 15 82.0474
42 32 76.3998
40 30 74.8035
70 60 58.7476
70 60 38.0418
109 99 28.765
15 5 93.5824
83 73 55.7277
26 16 79.9629
92 82 44.281
16 6 95.5545
79 69 57.1793
69 59 46.4783
37 27 70.9537
101 91 44.9329
75 65 51.551
87 77 56.7732
85 75 48.5948
41 31 69.0428
85 75 50.8783
105 95 53.6131
31 21 79.9755
41 31 66.2873
21 11 91.7304
42 32 68.0411
56 46 59.6911
45 35 72.7302
23 13 91.2999
97 87 35.3644
61 51 70.8072
73 63 54.1122
93 83 38.2196
108 98 30.9848
16 6 92.3348
80 70 35.0713
35 25 71.0194
101 91 34.3584
110 100 30.9225
27 17 81.2197
91 81 32.3249
21 11 87.1926
64 54 55.1277
35 25 73.7761
45 35 57.42
53 43 65.811
50 40 68.469
104 94 22.5369
107 97 28.3535
69 59 48.0332
28 18 81.7578
110 100 12.7635
69 59 70.6339
88 78 51.5467
62 52 55.7501
80 70 33.6992
12 2 97.9704
89 79 32.8868
46 36 73.4569
20 10 90.7771
90 80 56.3821
45 35 63.952
65 55 67.1711
38 28 68.0361
19 9 90.0753
59 49 54.7482
46 36 72.335
101 91 22.1794
102 92 44.9141
18 8 93.2673
32 22 73.2034
62 52 59.1361
86 76 31.5002
12 2 97.909
61 51 59.7653
22 12 88.8269
69 59 53.8374
69 59 48.0568
23 13 89.0268
21 11 90.6095
28 18 82.5045
63 53 50.4711
91 81 31.8277
28 18 88.55
70 60 54.618
41 31 74.7187
30 20 79.677
57 47 52.741
73 63 31.209
67 57 68.2458
65 55 63.6469
97 87 46.7582
26 16 79.9486
38 28 80.1115
76 66 54.4895
17 7 92.331
67 57 50.8041
41 31 74.151
44 34 70.8089
58 48 48.6729
13 3 96.7626
49 39 60.9243
94 84 42.5365
13 3 97.4584
99 89 22.9431
21 11 89.4859
58 48 56.7717
18 8 91.3076
54 44 63.9088
38 28 79.1015
75 65 50.9825
34 24 80.5793
101 91 28.228
77 67 44.7267
96 86 39.9993
90 80 24.2497
19 9 93.0337
24 14 85.5052
77 67 33.4142
72 62 40.7631
89 79 29.5686
81 71 52.3134
91 81 59.0285
59 49 69.2307
85 75 37.2246
33 23 79.5254
84 74 57.798
72 62 42.8122
58 48 46.6011
33 23 75.5856
39 29 65.7916
62 52 51.3645
34 24 80.1079
43 33 63.4619
85 75 40.8295
41 31 63.1818
90 80 35.0073
40 30 76.6045
60 50 67.5668
106 96 30.3204
16 6 95.1288
15 5 95.1093
62 52 68.9249
58 48 66.9697
91 81 57.938
56 46 63.4301
49 39 67.455
70 60 51.2484
39 29 69.801
96 86 21.7184
62 52 61.3261
92 82 30.4406
81 71 56.247
22 12 92.2944
23 13 91.4357
38 28 78.9663
31 21 76.3299
108 98 32.6189
47 37 81.2071
104 94 18.8981
65 55 43.3714
75 65 41.9826
21 11 89.0249
47 37 75.103
98 88 20.143
70 60 44.152
72 62 54.7023
89 79 37.5597
61 51 65.962
92 82 33.2548
100 90 14.7802
100 90 38.9052
41 31 77.6249
58 48 66.8502
102 92 21.3694
80 70 50.454
84 74 35.1198
64 54 53.2112
74 64 41.6799
20 10 91.0021
84 74 44.0192
16 6 93.2499
109 99 16.9085
55 45 57.3352
57 47 48.3053
24 14 85.4164
45 35 62.5902
74 64 57.9197
82 72 42.9549
36 26 71.6562
33 23 67.0925
64 54 42.6722
58 48 68.5054
59 49 66.9533
34 24 76.9182
33 23 81.8554
67 57 33.3957
29 19 80.9388
72 62 41.1253
51 41 64.2723
30 20 77.6743
44 34 68.4856
60 50 63.0595
20 10 92.4713
24 14 87.4992
64 54 50.1207
61 51 38.6896
27 17 85.5181
81 71 27.8594
71 61 37.8459
73 63 64.9136
11 1 98.8951
19 9 91.6825
20 10 89.1381
70 60 47.8311
99 89 45.3373
95 85 44.3543
20 10 88.6441
13 3 97.9229
84 74 29.2562
75 65 46.917
68 58 59.4271
41 31 74.2199
55 45 66.066
70 60 50.6617
79 69 47.9986
22 12 85.3074
61 51 49.6461
47 37 69.0179
89 79 31.6384
36 26 78.3845
94 84 32.6967
34 24 82.5318
72 62 48.3748
53 43 54.3833
53 43 52.2758
48 38 59.6664
64 54 58.1879
105 95 27.1191
42 32 78.0042
92 82 45.5153
16 6 94.5581
90 80 29.6905
43 33 77.8947
29 19 89.1608
36 26 75.939
34 24 78.5634
28 18 75.3667
39 29 80.6548
53 43 57.9441
85 75 50.5478
89 79 37.1015
27 17 86.6631
55 45 60.7901
79 69 45.3831
18 8 95.4783
16 6 93.4258
32 22 78.6521
52 42 64.7075
86 76 45.5261
98 88 27.0546
36 26 72.5597
38 28 82.3756
43 33 71.9833
43 33 66.0205
90 80 49.893
43 33 78.3048
36 26 82.0981
83 73 59.8797
60 50 40.873
34 24 80.6709
96 86 29.1913
106 96 32.8501
12 2 98.0179
25 15 85.049
84 74 44.9624
26 16 84.7118
48 38 73.6061
71 61 65.0507
39 29 67.5191
110 100 26.7713
57 47 56.3671
76 66 28.8315
25 15 90.7085
73 63 50.1406
73 63 61.8362
20 10 92.2272
94 84 44.3649
75 65 52.4697
35 25 84.0834
48 38 76.8883
64 54 68.7921
83 73 49.4321
75 65 63.968
77 67 45.921
66 56 38.4611
109 99 15.2287
21 11 90.9544
64 54 56.1915
64 54 38.0566
109 99 22.835
98 88 30.7149
110 100 19.3213
110 100 27.0546
63 53 45.518
110 100 36.5432
49 39 52.5828
84 74 26.4103
54 44 67.8465
71 61 48.1789
37 27 71.9392
12 2 97.8497
110 100 31.4127
53 43 55.2064
104 94 19.7465
62 52 47.8546
16 6 95.6015
11 1 98.9846
97 87 49.3127
109 99 36.4635
19 9 89.7775
68 58 57.001
86 76 27.7086
74 64 58.7139
81 71 32.8627
75 65 56.3791
36 26 79.7717
17 7 92.1869
59 49 64.1665
108 98 25.7841
108 98 17.8667
14 4 96.3656
48 38 53.7054
73 63 29.7363
59 49 59.2977
75 65 32.6418
71 61 48.8098
78 68 56.1211
70 60 28.8283
33 23 82.1887
69 59 61.7796
99 89 39.5201
92 82 48.937
98 88 33.3321
43 33 76.6448
33 23 82.2667
22 12 82.1398
75 65 49.2355
50 40 66.7391
19 9 93.362
45 35 70.9486
31 21 82.5554
92 82 42.5991
104 94 24.0463
51 41 55.5129
19 9 91.3343
86 76 36.1682
110 100 27.9968
98 88 48.1858
81 71 48.1608
36 26 71.6765
29 19 82.8956
56 46 64.4247
83 73 39.1025
97 87 42.3254
77 67 44.2611
43 33 67.3795
62 52 42.5887
25 15 90.231
102 92 17.8244
82 72 21.6979
105 95 35.825
110 100 40.6368
68 58 54.9659
77 67 56.9663
80 70 50.9382
45 35 70.4508
35 25 80.5399
23 13 88.0369
92 82 33.0545
89 79 25.5965
34 24 77.4541
41 31 63.2407
56 46 45.6516
40 30 67.5766
96 86 50.5478
31 21 85.7698
36 26 81.6656
97 87 38.5517
28 18 81.6674
39 29 67.0925
105 95 19.3459
54 44 45.5085
89 79 42.0293
84 74 32.6007
27 17 87.6845
11 1 98.9806
68 58 51.8285
44 34 54.9229
101 91 14.613
92 82 31.4037
28 18 80.8561
106 96 44.0139
104 94 45.5031
100 90 30.3381
12 2 98.4044
11 1 99.0622
35 25 79.2438
72 62 54.3007
79 69 39.8855
89 79 41.115
39 29 77.0779
26 16 82.7681
64 54 69.5606
85 75 25.711
37 27 72.6637
72 62 44.4076
19 9 91.7841
37 27 80.244
17 7 91.2292
59 49 55.5383
79 69 59.7483
89 79 46.2033
79 69 31.8897
34 24 77.3907
56 46 55.1574
27 17 88.1026
13 3 95.9636
108 98 36.5239
67 57 63.6214
31 21 79.4701
68 58 41.7083
66 56 55.1529
33 23 82.4482
92 82 34.6026
109 99 35.2147
59 49 61.8063
88 78 25.6178
42 32 68.8203
93 83 59.4749
110 100 13.6656
92 82 35.6385
103 93 12.8723
68 58 39.1763
84 74 47.4308
68 58 56.0342
63 53 42.1448
29 19 86.7543
105 95 39.8527
110 100 52.2743
41 31 79.5789
39 29 65.9831
24 14 92.4078
79 69 50.3333
97 87 45.921
41 31 69.7609
106 96 38.8927
93 83 55.7322
91 81 28.6439
98 88 14.5062
27 17 82.4518
62 52 66.8552
47 37 57.3731
36 26 77.4259
42 32 71.2623
95 85 30.6152
30 20 83.5871
75 65 33.9737
11 1 98.8056
46 36 70.3921
89 79 35.299
99 89 35.8466
43 33 73.6044
90 80 37.9912
103 93 37.2295
86 76 23.8105
63 53 62.1716
93 83 42.6801
43 33 79.8753
20 10 91.4739
62 52 37.9702
65 55 58.7982
81 71 52.1183
79 69 61.7136
25 15 83.0887
40 30 65.6327
97 87 29.8214
81 71 45.8397
40 30 67.1007
64 54 62.0991
80 70 27.9555
107 97 32.3249
28 18 89.5143
100 90 40.6419
48 38 53.5824
74 64 43.3082
57 47 56.196
80 70 35.0926
15 5 94.0202
110 100 13.4506
82 72 41.3629
48 38 68.1384
94 84 47.0198
38 28 80.0345
40 30 81.7451
101 91 49.1667
18 8 92.7408
42 32 69.3922
70 60 58.7982
61 51 55.577
50 40 64.2306
37 27 70.0201
102 92 26.4453
33 23 77.2377
77 67 31.9282
18 8 90.678
85 75 43.8747
36 26 83.2437
100 90 20.9709
26 16 87.5871
106 96 40.61
28 18 88.3901
82 72 44.1175
43 33 81.4958
60 50 49.5489
106 96 12.3693
22 12 86.5905
90 80 41.2935
81 71 38.9126
71 61 58.2795
66 56 40.6343
54 44 63.9392
48 38 78.7337
67 57 66.8617
63 53 73.058
13 3 96.6073
23 13 83.8213
35 25 76.7446
23 13 91.3133
74 64 62.5301
39 29 63.8273
16 6 96.1439
27 17 83.251
66 56 45.7598
69 59 45.2942
104 94 38.2493
94 84 46.0661
62 52 50.7443
44 34 67.8136
92 82 43.2885
80 70 52.1501
107 97 27.1295
16 6 95.0664
93 83 32.8191
39 29 70.607
23 13 86.6333
73 63 30.6982
93 83 46.5383
102 92 43.63
83 73 48.5795
67 57 62.2095
25 15 83.6365
32 22 79.2029
34 24 80.2243
36 26 69.1841
23 13 80.3121
39 29 74.8623
26 16 84.3642
77 67 42.3424
77 67 53.0625
67 57 65.0765
107 97 21.7109
53 43 61.0555
17 7 90.5904
59 49 63.3934
98 88 40.6763
70 60 48.1886
37 27 80.9874
46 36 74.4907
48 38 62.32
105 95 15.4402
99 89 13.7033
66 56 58.6358
100 90 29.1265
45 35 71.9562
105 95 49.4167
11 1 99.1697
68 58 39.0375
63 53 67.1924
66 56 66.5546
73 63 56.187
69 59 62.8246
79 69 32.5425
64 54 48.2942
88 78 58.8166
97 87 19.6586
21 11 85.0822
92 82 38.2926
94 84 26.9714
46 36 63.7107
75 65 29.5349
23 13 85.1043
58 48 60.3465
70 60 50.6545
54 44 53.029
94 84 24.552
70 60 56.2905
95 85 34.2998
64 54 50.9725
39 29 71.1526
74 64 30.5964
55 45 65.8597
33 23 77.0533
50 40 71.5293
18 8 90.7275
18 8 94.1696
54 44 64.8267
70 60 50.5919
50 40 64.0448
92 82 33.6806
24 14 86.5458
61 51 52.49
64 54 52.9475
105 95 11.2889
20 10 91.3458
31 21 81.2738
46 36 76.2339
64 54 67.0843
42 32 71.2623
110 100 43.5956
32 22 77.863
90 80 31.3063
41 31 70.9975
30 20 85.1099
37 27 83.293
21 11 87.4636
81 71 56.8712
12 2 98.6029
61 51 46.4197
87 77 41.649
93 83 32.0469
105 95 39.8843
91 81 22.2161
46 36 67.4599
17 7 93.5631
48 38 69.4106
88 78 38.3619
25 15 82.5481
30 20 82.9575
62 52 64.0736
79 69 42.6853
77 67 66.7309
67 57 58.4323
52 42 64.4713
37 27 75.8641
73 63 44.8887
100 90 48.7916
21 11 88.486
79 69 54.2094
29 19 85.8421
68 58 40.9843
31 21 85.2501
77 67 26.7248
51 41 50.6375
43 33 80.0953
27 17 84.8775
99 89 26.7475
63 53 69.2757
44 34 79.454
15 5 92.8795
69 59 52.9751
106 96 36.2103
99 89 16.8371
102 92 52.4451
27 17 84.5296
61 51 38.0356
84 74 58.6633
13 3 97.6757
69 59 66.3508
68 58 40.2172
92 82 31.2045
58 48 44.601
81 71 48.4332
29 19 75.1342
15 5 93.6288
79 69 45.4033
41 31 69.0694
48 38 78.5723
31 21 84.6842
62 52 44.6344
73 63 40.0714
104 94 24.961
49 39 72.5001
66 56 57.6339
14 4 97.3261
79 69 27.1764
11 1 98.8593
22 12 87.6059
41 31 63.9872
109 99 25.1021
42 32 77.7183
19 9 91.2082
29 19 88.5726
107 97 31.4115
105 95 32.4228
42 32 58.9179
106 96 15.8205
49 39 67.2695
15 5 95.3865
20 10 91.2388
83 73 31.3555
56 46 51.2083
64 54 51.7608
13 3 97.1959
54 44 68.464
87 77 40.744
11 1 99.4169
59 49 59.4919
45 35 61.5864
17 7 94.1113
66 56 55.9339
95 85 23.0477
74 64 58.2062
31 21 79.2225
84 74 45.8302
106 96 37.5671
50 40 73.212
76 66 59.9293
89 79 41.578
97 87 39.3706
95 85 26.3806
85 75 45.9291
46 36 62.1669
40 30 73.0512
64 54 62.8897
52 42 57.0705
55 45 46.481
30 20 86.5105
55 45 70.1775
18 8 92.1907
50 40 58.3177
53 43 64.2547
17 7 96.0694
65 55 42.3371
96 86 19.3046
15 5 93.7818
21 11 84.8057
22 12 83.8452
15 5 94.3152
40 30 67.891
78 68 35.8897
26 16 83.4501
55 45 69.3722
109 99 24.5154
68 58 59.1284
94 84 37.6125
92 82 43.667
78 68 47.7661
98 88 33.3564
99 89 44.1733
44 34 69.4439
74 64 34.3361
23 13 89.679
16 6 92.3925
67 57 36.3609
32 22 74.3337
38 28 76.9287
42 32 76.9954
60 50 51.1969
94 84 53.0508
65 55 41.9153
93 83 29.4176
22 12 90.9754
64 54 64.5644
89 79 29.1449
68 58 38.4822
103 93 15.3405
46 36 58.8734
55 45 76.2321
70 60 59.3424
69 59 56.8124
81 71 36.7127
62 52 38.0961
64 54 46.9677
69 59 45.11
74 64 45.7071
16 6 94.7313
100 90 38.1603
27 17 86.2187
102 92 32.5162
103 93 51.4835
44 34 81.633
21 11 90.5067
106 96 45.4667
95 85 44.1786
96 86 45.63
49 39 68.1615
37 27 83.9258
13 3 97.4682
93 83 23.1217
31 21 76.5888
21 11 88.2867
76 66 47.8615
108 98 19.3996
19 9 91.8205
90 80 47.4804
83 73 54.8918
41 31 76.5118
80 70 35.2017
63 53 69.0893
20 10 87.8888
29 19 87.9263
24 14 92.2061
71 61 53.3017
74 64 38.2852
49 39 68.1335
45 35 72.2483
103 93 32.0152
42 32 81.8446
30 20 77.3942
15 5 97.3399
85 75 36.7685
30 20 87.9394
96 86 14.4689
55 45 69.1292
110 100 17.1512
35 25 76.7166
88 78 22.8981
43 33 64.3396
20 10 90.6037
91 81 49.7124
40 30 75.2365
40 30 70.5583
44 34 59.8921
