400 9821 4.3589
13 3 0.0585
19 9 0.7041
43 33 4.1931
76 66 20.7471
56 46 8.1516
38 28 2.1069
87 77 30.105
37 27 3.245
86 76 40.3759
41 31 2.922
53 43 9.9326
102 92 71.3704
14 4 0.0665
34 24 2.2231
69 59 8.7847
58 48 7.8422
78 68 35.0701
110 100 25.6755
37 27 1.8619
64 54 18.7645
38 28 5.0729
55 45 6.9823
22 12 1.2776
51 41 5.5399
23 13 0.76
94 84 61.8865
12 2 0.0152
15 5 0.1925
19 9 0.8037
57 47 8.0673
62 52 9.7594
67 57 31.2202
91 81 49.3225
57 47 9.8728
28 18 3.1393
79 69 12.2885
93 83 17.8616
99 89 49.8676
97 87 47.0253
31 21 1.6923
29 19 1.1883
37 27 2.015
11 1 0.004
56 46 6.6054
30 20 2.0707
108 98 24.8293
109 99 46.1068
11 1 0.006
81 71 26.1162
86 76 17.459
71 61 22.7462
63 53 25.4813
24 14 0.9341
90 80 19.6666
28 18 1.214
23 13 1.0818
39 29 2.6228
52 42 8.6618
25 15 1.3435
35 25 2.4596
92 82 24.3987
43 33 7.632
104 94 34.6191
106 96 58.9993
25 15 1.8499
17 7 0.3944
23 13 0.8696
52 42 13.1001
66 56 16.7502
43 33 8.8078
72 62 13.9435
46 36 5.0033
84 74 21.362
56 46 5.7245
26 16 1.428
110 100 51.0453
22 12 0.6159
51 41 7.0985
75 65 16.3467
27 17 2.2231
110 100 34.6356
77 67 20.4865
90 80 55.4682
36 26 2.6332
93 83 66.8045
42 32 4.7703
100 90 32.124
94 84 52.2411
53 43 5.9956
48 38 5.7927
14 4 0.0541
41 31 3.8569
69 59 24.991
91 81 31.2246
53 43 5.3126
40 30 6.226
58 48 12.835
54 44 17.909
19 9 0.2053
70 60 9.7344
86 76 18.7169
56 46 5.9961
82 72 24.9251
108 98 47.9459
22 12 1.1668
76 66 18.9321
92 82 45.6516
89 79 51.4075
104 94 48.5962
86 76 39.583
39 29 7.448
81 71 41.529
101 91 29.0478
44 34 3.0318
85 75 50.322
45 35 5.5772
36 26 4.6968
31 21 2.1527
19 9 0.2099
80 70 38.7481
79 69 35.5347
36 26 4.5719
78 68 12.0812
109 99 66.7538
47 37 5.3912
99 89 64.2595
15 5 0.1891
45 35 8.8941
104 94 63.5018
102 92 50.2114
75 65 23.4789
68 58 17.9005
23 13 0.6744
22 12 0.7191
79 69 20.9315
79 69 21.0351
64 54 20.2032
35 25 2.8318
84 74 35.5216
63 53 7.177
74 64 11.1456
33 23 4.8854
19 9 0.6894
86 76 38.2307
62 52 17.3414
96 86 34.4863
58 48 19.0733
24 14 1.2354
80 70 43.6181
23 13 1.2814
11 1 0.0038
94 84 28.3641
101 91 59.404
71 61 24.7238
22 12 0.3843
85 75 38.8316
52 42 8.4466
39 29 2.5514
40 30 3.4362
42 32 6.1039
61 51 6.7558
60 50 7.7992
90 80 42.989
93 83 55.0505
25 15 0.5758
62 52 25.3542
21 11 0.6053
69 59 15.3272
66 56 14.2476
106 96 59.3223
103 93 59.1392
109 99 46.187
100 90 42.6736
45 35 6.0664
50 40 5.5909
84 74 31.0728
32 22 1.4906
70 60 13.7041
21 11 0.6107
21 11 0.457
96 86 27.1941
23 13 0.7215
61 51 7.8344
36 26 3.5899
59 49 12.2626
90 80 36.3898
65 55 24.976
23 13 1.1466
89 79 21.2945
26 16 2.5491
30 20 1.4376
53 43 6.5275
36 26 4.8872
61 51 14.8487
96 86 51.538
92 82 25.9621
95 85 56.2815
75 65 17.3131
102 92 68.2392
76 66 39.9234
90 80 25.311
29 19 1.314
76 66 20.9407
110 100 79.7806
56 46 13.0076
29 19 2.0255
61 51 23.2141
74 64 17.1413
92 82 29.2843
52 42 12.1494
72 62 13.4601
110 100 28.6139
70 60 33.0211
32 22 4.1959
90 80 63.247
40 30 7.1653
58 48 9.9017
14 4 0.0666
105 95 47.4983
54 44 5.2308
69 59 9.8539
57 47 8.1168
18 8 0.2316
15 5 0.0735
63 53 12.8436
24 14 1.3726
105 95 41.9723
57 47 8.6919
76 66 15.0172
99 89 67.896
15 5 0.1292
51 41 13.6826
109 99 67.8745
67 57 9.4126
32 22 3.0029
110 100 54.3198
81 71 21.3305
102 92 35.4406
38 28 3.0695
19 9 0.2718
88 78 35.1874
54 44 16.4771
76 66 12.3876
43 33 5.7092
53 43 8.7456
89 79 41.1471
76 66 21.2613
82 72 41.2922
36 26 3.5348
55 45 8.0991
51 41 4.6777
22 12 1.2688
80 70 25.7901
104 94 71.4498
28 18 1.974
102 92 42.276
54 44 15.3045
61 51 17.7527
14 4 0.1262
51 41 8.6671
40 30 8.4617
17 7 0.2431
61 51 25.5915
19 9 0.6479
68 58 33.6296
101 91 24.0335
45 35 5.4953
11 1 0.0032
82 72 18.5597
13 3 0.0328
37 27 2.8311
18 8 0.2378
110 100 69.3622
32 22 2.3852
32 22 3.6146
57 47 13.8391
28 18 2.9739
83 73 22.4136
44 34 8.8292
96 86 73.9222
76 66 22.6195
86 76 19.2914
83 73 37.4311
35 25 1.79
42 32 3.4096
26 16 2.2037
73 63 27.0296
31 21 2.2011
31 21 1.6218
15 5 0.1341
102 92 61.6586
23 13 1.2221
24 14 0.5555
74 64 23.9111
90 80 29.8564
59 49 12.116
22 12 1.3638
68 58 16.8469
87 77 38.6598
64 54 18.3629
18 8 0.5262
23 13 0.8647
23 13 0.8808
18 8 0.6338
58 48 12.8092
21 11 0.9393
54 44 14.9328
76 66 15.7093
92 82 49.1373
20 10 0.6333
55 45 18.4256
71 61 12.271
30 20 1.2144
69 59 14.4225
103 93 25.048
104 94 32.4786
110 100 87.5216
32 22 2.1144
90 80 23.1505
37 27 5.6582
79 69 18.0387
72 62 26.3867
23 13 1.0038
18 8 0.4818
103 93 27.9048
100 90 70.3149
90 80 16.5975
87 77 22.5815
80 70 43.4479
19 9 0.4879
14 4 0.1145
71 61 23.0938
93 83 27.3874
67 57 11.1803
18 8 0.5606
68 58 25.9804
19 9 0.4512
27 17 0.7697
109 99 32.7459
52 42 14.6115
18 8 0.2469
38 28 3.4842
14 4 0.103
28 18 0.9696
62 52 20.9444
43 33 3.0797
103 93 34.9849
66 56 8.5556
18 8 0.4589
60 50 8.9814
59 49 7.5466
19 9 0.3235
36 26 3.752
52 42 12.2752
21 11 0.5858
89 79 35.9089
36 26 4.9934
26 16 0.7446
44 34 10.0686
68 58 15.3155
72 62 38.2975
58 48 14.2793
90 80 39.11
34 24 3.7698
21 11 0.3941
60 50 11.8095
29 19 1.0628
28 18 2.048
89 79 44.9557
91 81 27.332
73 63 21.7333
84 74 16.3491
58 48 19.7749
109 99 92.7793
48 38 10.6739
35 25 3.4756
103 93 58.0827
57 47 7.7234
82 72 45.7449
82 72 50.8098
11 1 0.0082
92 82 21.1987
82 72 14.741
14 4 0.1472
97 87 22.1813
83 73 34.5015
104 94 78.6077
86 76 20.7043
43 33 4.829
96 86 28.7639
28 18 0.8328
49 39 14.2348
106 96 44.2983
99 89 53.7788
25 15 2.1942
76 66 25.901
82 72 39.1388
19 9 0.4963
87 77 55.3045
46 36 4.0028
