900 23089 9.9499
15 5 0.1278
91 81 41.7562
83 73 21.2595
16 6 0.2908
37 27 4.6324
25 15 0.6026
89 79 50.0783
57 47 16.3839
59 49 20.4955
22 12 0.7152
78 68 16.7494
49 39 14.0828
87 77 38.9064
22 12 1.0826
67 57 28.7929
90 80 25.7019
51 41 14.5123
107 97 41.7859
15 5 0.2257
102 92 30.1434
17 7 0.3282
50 40 4.5976
110 100 60.8462
59 49 7.0517
48 38 5.8129
18 8 0.5341
43 33 3.8758
32 22 1.4511
61 51 22.7672
29 19 3.0429
35 25 2.0019
95 85 47.6597
17 7 0.163
67 57 20.425
106 96 49.6644
82 72 18.4402
29 19 0.9942
25 15 1.486
97 87 57.258
98 88 49.2467
96 86 59.0869
24 14 1.1033
103 93 29.8225
11 1 0.0088
41 31 6.6652
13 3 0.0355
43 33 3.7838
60 50 8.2961
106 96 53.5707
98 88 75.8397
70 60 15.4693
23 13 0.6161
67 57 15.9353
90 80 22.9479
41 31 7.7713
13 3 0.0227
54 44 7.0358
23 13 0.7059
102 92 41.782
83 73 32.6087
63 53 21.435
27 17 1.395
66 56 19.7562
45 35 4.214
12 2 0.025
40 30 7.9812
96 86 50.3475
106 96 29.064
26 16 2.452
13 3 0.0331
86 76 31.1598
99 89 39.06
96 86 34.2436
43 33 3.3948
77 67 13.8861
16 6 0.126
100 90 78.8118
72 62 26.008
89 79 24.3424
101 91 25.003
21 11 0.7646
68 58 24.4886
107 97 42.654
79 69 40.1322
37 27 3.4358
28 18 1.74
13 3 0.0275
25 15 1.9288
95 85 65.0458
51 41 5.3389
29 19 2.7593
70 60 23.642
25 15 1.4843
100 90 24.8542
39 29 5.6117
96 86 29.4979
102 92 60.6732
55 45 8.3735
88 78 25.2617
49 39 4.3568
103 93 48.2414
50 40 9.8986
12 2 0.0245
52 42 10.2772
102 92 73.2051
52 42 6.1172
97 87 65.5225
82 72 24.987
75 65 38.7133
26 16 2.2431
39 29 6.0388
72 62 15.5086
96 86 54.2094
42 32 4.2568
29 19 3.2674
106 96 23.2411
87 77 31.1342
36 26 5.0261
23 13 0.4271
38 28 2.5021
41 31 5.1153
94 84 34.7994
18 8 0.2843
85 75 45.1181
36 26 4.3585
71 61 19.9032
44 34 5.5267
75 65 29.2065
65 55 11.526
72 62 38.2518
74 64 13.3437
83 73 41.993
36 26 4.3689
76 66 17.6845
98 88 61.8614
79 69 24.9131
46 36 10.9468
13 3 0.0504
15 5 0.2052
44 34 3.2884
67 57 8.6201
81 71 29.423
101 91 45.1409
64 54 25.6806
69 59 19.9898
79 69 36.9166
58 48 11.6629
84 74 24.0531
94 84 63.9376
32 22 4.0897
48 38 3.799
31 21 2.2135
73 63 18.7506
106 96 63.325
61 51 18.6417
44 34 5.3052
65 55 25.779
52 42 16.2159
98 88 65.7802
101 91 64.1986
88 78 18.8096
42 32 6.1355
42 32 9.1658
64 54 23.3163
25 15 0.7051
105 95 42.8135
100 90 67.3581
30 20 3.1216
76 66 38.4028
21 11 0.6974
26 16 2.3001
68 58 11.1202
19 9 0.4903
88 78 46.3421
39 29 2.3599
36 26 6.7257
83 73 31.6496
71 61 26.6772
73 63 20.0838
60 50 9.4243
17 7 0.4414
60 50 6.3182
94 84 34.9116
88 78 42.1759
24 14 0.5037
89 79 21.2069
27 17 2.7179
20 10 0.7658
13 3 0.0863
96 86 33.8782
30 20 3.7508
92 82 62.4337
33 23 2.3556
72 62 24.5302
105 95 85.9477
59 49 13.0574
66 56 23.6177
28 18 3.1322
22 12 1.1653
75 65 40.6585
38 28 2.8707
56 46 8.1476
99 89 52.0851
73 63 37.4826
51 41 7.8333
18 8 0.3163
49 39 13.4425
18 8 0.3582
46 36 9.6933
64 54 15.2381
19 9 0.5897
16 6 0.2885
104 94 64.8041
108 98 42.15
64 54 25.8277
61 51 10.6883
61 51 17.4599
58 48 20.8155
74 64 31.526
67 57 8.6807
29 19 1.3628
67 57 20.6189
60 50 6.6952
90 80 63.8657
12 2 0.012
105 95 85.9051
80 70 40.4674
89 79 47.9806
90 80 59.2115
65 55 18.6218
68 58 23.7598
31 21 3.7496
51 41 5.5531
84 74 40.5718
72 62 30.2599
73 63 29.5099
49 39 6.6044
93 83 54.877
16 6 0.2632
27 17 0.7788
109 99 88.097
30 20 2.2079
63 53 9.973
69 59 12.1627
62 52 26.2492
14 4 0.0466
67 57 22.4818
109 99 34.4874
11 1 0.0048
12 2 0.0107
66 56 20.6861
12 2 0.0105
23 13 0.7343
77 67 24.2143
108 98 42.328
41 31 6.3923
108 98 89.4802
93 83 28.9379
104 94 73.9961
54 44 5.3453
92 82 35.6433
23 13 0.7944
77 67 15.0575
46 36 6.8414
16 6 0.1913
97 87 20.1673
19 9 0.4282
29 19 1.5063
49 39 13.5881
81 71 13.727
92 82 46.5001
101 91 58.446
34 24 1.5603
72 62 28.8702
100 90 57.2898
61 51 18.627
83 73 25.0941
57 47 18.6944
29 19 1.086
71 61 36.8825
30 20 1.8355
18 8 0.3059
24 14 0.5971
74 64 36.0324
95 85 35.076
73 63 35.1519
70 60 10.1296
69 59 24.1474
78 68 26.2062
107 97 24.975
93 83 57.3761
25 15 1.6973
22 12 1.2953
55 45 6.7283
57 47 14.2574
99 89 58.1284
20 10 0.4466
73 63 23.8701
73 63 10.3015
34 24 2.8362
79 69 36.2886
73 63 21.8687
52 42 7.0315
33 23 5.0531
95 85 47.6583
103 93 76.5555
106 96 82.1235
99 89 30.9225
90 80 20.2716
11 1 0.0026
98 88 55.9205
28 18 2.278
88 78 60.1183
83 73 35.7508
32 22 1.5911
105 95 29.0909
49 39 3.9212
70 60 20.3419
32 22 4.0216
101 91 51.0182
56 46 5.8231
36 26 3.03
23 13 0.9132
76 66 25.4783
84 74 28.8186
43 33 6.1118
97 87 60.0269
53 43 11.7402
103 93 26.7723
22 12 0.6498
77 67 39.7165
46 36 8.6931
59 49 8.1219
58 48 6.2805
82 72 14.8764
96 86 38.5132
88 78 37.7168
85 75 40.1462
51 41 4.3197
30 20 1.7321
22 12 1.2764
24 14 0.5625
89 79 33.435
17 7 0.1952
24 14 1.8061
13 3 0.0245
52 42 5.2836
92 82 17.7789
28 18 1.3484
68 58 15.5417
87 77 38.2258
13 3 0.0263
94 84 25.5864
64 54 26.6865
63 53 21.265
18 8 0.4058
81 71 15.6879
44 34 11.334
12 2 0.019
14 4 0.1408
45 35 3.1613
60 50 20.3572
105 95 51.3387
108 98 85.6532
101 91 36.0756
109 99 70.6054
110 100 58.8734
100 90 43.782
26 16 1.1907
40 30 6.215
53 43 16.3402
13 3 0.0474
54 44 5.3935
98 88 47.3619
35 25 4.4117
98 88 43.56
33 23 4.3485
25 15 2.2097
33 23 2.1621
102 92 26.359
96 86 31.1074
45 35 9.707
83 73 44.4862
65 55 24.0394
18 8 0.2791
27 17 2.5011
55 45 11.7642
108 98 40.1791
21 11 0.3443
86 76 49.8577
100 90 39.9715
74 64 21.5166
42 32 2.8466
47 37 8.1385
28 18 1.2728
51 41 11.8791
43 33 4.8136
38 28 4.1429
54 44 17.104
75 65 41.547
74 64 18.4419
95 85 56.5955
73 63 12.6245
79 69 35.7365
44 34 5.7499
82 72 21.5194
99 89 26.36
84 74 39.0775
69 59 12.2535
71 61 14.7111
55 45 5.2148
100 90 34.9612
15 5 0.1816
54 44 9.3826
73 63 19.5514
78 68 11.6889
49 39 11.3407
108 98 35.7604
67 57 17.7401
94 84 19.2282
82 72 20.4883
13 3 0.0892
51 41 16.048
95 85 45.4627
29 19 0.9528
88 78 15.3829
70 60 10.5677
107 97 89.8078
105 95 35.0476
88 78 40.1728
75 65 12.3777
68 58 13.857
87 77 54.7659
22 12 0.436
75 65 11.1122
79 69 27.6865
40 30 4.9195
13 3 0.053
76 66 37.8323
99 89 51.8242
68 58 19.2528
29 19 1.8879
33 23 2.3651
50 40 12.3461
93 83 19.316
97 87 41.3925
108 98 75.2053
72 62 13.246
11 1 0.0036
101 91 52.5393
93 83 39.6283
74 64 40.1322
67 57 17.6316
11 1 0.005
96 86 41.1022
104 94 27.1837
104 94 42.1383
55 45 17.0643
49 39 4.4192
34 24 4.4054
83 73 30.0984
76 66 17.5343
98 88 34.1781
18 8 0.3315
22 12 0.6062
19 9 0.4127
84 74 48.1206
90 80 23.0218
81 71 18.8634
81 71 41.106
35 25 4.8176
82 72 24.1052
46 36 12.8458
53 43 4.9213
77 67 41.124
34 24 2.9429
63 53 11.4616
99 89 76.2269
78 68 25.451
62 52 27.0098
11 1 0.0061
79 69 12.8422
72 62 34.4592
19 9 0.747
104 94 34.2014
70 60 28.4665
39 29 4.3252
98 88 51.7954
91 81 62.2284
80 70 17.5033
102 92 27.5457
57 47 11.6684
23 13 0.946
109 99 92.891
64 54 8.9988
106 96 86.4323
55 45 6.3827
92 82 16.8732
58 48 8.7285
62 52 6.8917
93 83 38.1368
106 96 40.3365
85 75 26.2738
71 61 16.3863
58 48 10.8169
83 73 52.622
73 63 25.9978
45 35 9.1906
71 61 17.2449
12 2 0.0324
44 34 10.164
57 47 18.5236
40 30 7.1749
86 76 50.7699
15 5 0.1561
71 61 29.0866
98 88 38.7058
14 4 0.0674
89 79 27.2787
12 2 0.013
57 47 10.5196
69 59 9.471
32 22 4.5967
95 85 36.7951
106 96 71.7189
12 2 0.0159
62 52 7.9169
78 68 16.0504
47 37 3.785
40 30 3.2476
26 16 1.3755
86 76 29.2389
108 98 49.5982
19 9 0.3803
83 73 25.5631
64 54 21.3518
23 13 0.7049
19 9 0.4844
51 41 6.2041
38 28 4.7974
13 3 0.0345
39 29 7.0093
84 74 40.9421
90 80 46.5342
54 44 16.0657
107 97 63.0722
41 31 3.6119
78 68 40.1082
25 15 0.5645
42 32 7.2981
19 9 0.5645
20 10 0.5687
53 43 9.942
79 69 27.8267
65 55 24.8193
31 21 2.4022
36 26 4.8316
85 75 16.6815
76 66 13.9652
17 7 0.3934
56 46 10.1328
80 70 14.2476
99 89 78.7017
79 69 20.5581
40 30 4.3966
32 22 1.4692
29 19 1.341
97 87 27.7308
91 81 53.4873
34 24 3.0688
43 33 5.7336
40 30 5.0001
52 42 14.4666
72 62 21.6606
110 100 28.8799
37 27 4.4403
106 96 61.3888
23 13 1.1992
92 82 27.2944
106 96 66.8764
68 58 19.6914
22 12 0.7884
96 86 39.0313
103 93 77.8259
48 38 8.735
71 61 9.5982
107 97 31.9688
14 4 0.1433
81 71 30.6418
109 99 57.4458
99 89 58.9118
110 100 50.1604
88 78 56.7114
42 32 3.5025
67 57 14.3626
108 98 31.4654
61 51 23.297
28 18 3.2156
53 43 9.0198
79 69 31.0717
59 49 12.0527
82 72 43.3965
46 36 11.1029
21 11 0.9245
58 48 16.1709
108 98 77.7113
14 4 0.0842
11 1 0.0026
31 21 3.9506
84 74 20.7653
102 92 72.1141
62 52 7.7267
92 82 21.461
42 32 7.1969
70 60 27.7581
71 61 34.5603
91 81 56.7491
44 34 3.4861
18 8 0.3047
86 76 38.3087
13 3 0.0534
17 7 0.1653
54 44 10.8643
46 36 4.6898
29 19 3.3573
70 60 9.3342
76 66 24.0404
21 11 0.4336
91 81 37.4642
19 9 0.5216
66 56 17.8997
58 48 8.8108
11 1 0.003
97 87 34.0274
33 23 1.7732
56 46 8.884
100 90 49.9552
36 26 2.585
38 28 5.5084
96 86 41.2036
40 30 6.0349
87 77 57.2307
90 80 42.9628
26 16 1.2017
35 25 3.407
19 9 0.5702
38 28 2.2067
86 76 21.2327
50 40 15.6578
71 61 26.1458
62 52 18.781
14 4 0.0886
39 29 3.2652
100 90 75.3737
34 24 2.5905
80 70 29.7396
40 30 3.4092
44 34 6.609
45 35 7.1711
69 59 9.9351
67 57 24.2694
70 60 14.3383
101 91 70.3284
17 7 0.2548
16 6 0.3393
107 97 58.0873
47 37 7.1273
93 83 45.2485
40 30 6.7029
35 25 1.6292
78 68 43.56
36 26 1.9058
35 25 4.0506
54 44 18.3784
80 70 20.51
84 74 43.4492
95 85 49.9284
89 79 30.4627
16 6 0.1455
75 65 39.8161
45 35 4.0048
50 40 9.532
81 71 46.7145
104 94 69.8629
98 88 56.4061
24 14 1.6356
88 78 38.4462
48 38 4.3414
78 68 25.1863
16 6 0.1925
35 25 3.8037
80 70 25.003
81 71 13.246
16 6 0.2364
79 69 16.6872
63 53 7.1423
21 11 0.4775
71 61 18.3887
91 81 40.7772
57 47 8.2444
86 76 27.8921
99 89 45.1194
50 40 5.9922
47 37 3.7388
17 7 0.3448
34 24 3.323
37 27 6.8262
11 1 0.0074
20 10 0.6569
103 93 35.7604
102 92 25.6481
21 11 0.6238
15 5 0.1423
32 22 4.5745
61 51 21.0653
23 13 0.5342
87 77 21.0286
78 68 31.3096
79 69 38.6635
60 50 24.8403
18 8 0.5529
80 70 18.4651
89 79 61.0648
52 42 14.3111
95 85 51.5754
50 40 9.1985
64 54 8.8965
34 24 1.5277
74 64 39.5176
40 30 4.9
39 29 5.7298
79 69 46.6612
23 13 1.2254
41 31 4.5728
35 25 3.9259
91 81 35.7568
11 1 0.0048
31 21 2.0572
40 30 4.4302
42 32 8.9049
108 98 38.3941
100 90 51.6443
76 66 29.7319
39 29 8.0066
43 33 3.3193
103 93 80.0703
108 98 41.1612
82 72 18.3904
92 82 36.5553
83 73 46.6079
77 67 23.3482
89 79 27.1108
11 1 0.0027
100 90 75.9477
82 72 43.5838
52 42 14.4149
76 66 41.9748
80 70 19.6994
91 81 44.18
31 21 1.6783
47 37 6.9295
100 90 38.1603
42 32 3.8095
88 78 40.8909
96 86 33.3183
40 30 8.5305
22 12 0.8709
19 9 0.5385
20 10 0.8154
24 14 0.6287
15 5 0.0893
45 35 8.1939
67 57 16.0857
89 79 49.6715
45 35 5.2569
69 59 31.8006
12 2 0.02
22 12 1.3505
98 88 32.3499
107 97 69.3289
24 14 0.9759
16 6 0.3283
82 72 15.8221
87 77 25.6289
19 9 0.8001
110 100 38.0381
43 33 3.172
14 4 0.0758
43 33 10.8037
33 23 1.6918
36 26 5.2418
73 63 10.9746
99 89 53.8433
97 87 31.5822
52 42 16.4722
32 22 1.6356
95 85 27.4482
101 91 64.6111
13 3 0.0737
86 76 20.8164
38 28 4.8519
48 38 3.6157
85 75 36.5638
26 16 2.2076
94 84 51.0667
19 9 0.4119
31 21 1.3945
17 7 0.4191
79 69 14.1707
66 56 17.1338
58 48 8.0747
98 88 27.5394
94 84 42.3944
92 82 54.8725
65 55 16.469
22 12 1.3313
101 91 78.7585
33 23 3.3412
91 81 21.1361
44 34 3.8302
94 84 40.6406
93 83 32.0084
95 85 22.0186
62 52 26.9672
19 9 0.729
100 90 73.5015
18 8 0.3477
42 32 9.1827
18 8 0.6034
74 64 22.7787
66 56 21.6058
99 89 27.964
104 94 76.2426
77 67 42.543
100 90 24.1838
71 61 24.0149
106 96 40.8794
58 48 11.3185
63 53 15.85
42 32 9.471
89 79 25.1633
39 29 3.8777
106 96 69.0395
75 65 11.877
104 94 24.7198
82 72 38.6722
107 97 37.8853
82 72 51.2112
92 82 66.3231
13 3 0.0355
66 56 12.0812
61 51 22.9374
70 60 11.4779
80 70 25.8827
89 79 28.765
44 34 3.4288
73 63 9.9509
56 46 17.0643
35 25 1.633
102 92 28.1091
31 21 3.1834
65 55 21.2198
80 70 15.0381
46 36 4.5148
20 10 0.2848
27 17 1.7395
94 84 61.0148
29 19 3.2188
103 93 41.1471
90 80 41.2614
91 81 20.0552
13 3 0.0502
29 19 1.8195
58 48 22.044
106 96 34.7911
58 48 5.8772
31 21 3.6554
108 98 44.4902
20 10 0.4769
63 53 12.7592
102 92 67.4369
27 17 2.4274
100 90 39.7581
108 98 67.7922
109 99 50.1491
87 77 33.898
30 20 1.3218
58 48 8.4146
47 37 8.9814
16 6 0.2984
65 55 29.0769
18 8 0.2446
68 58 33.2779
105 95 49.3942
88 78 23.6731
91 81 44.8485
16 6 0.3035
69 59 10.2483
12 2 0.025
31 21 2.1727
