400 9455 4.3589
101 91 0.4604
89 79 29.6648
84 74 12.0402
38 28 49.4523
33 23 48.8339
73 63 61.5166
70 60 28.1773
103 93 3.9083
84 74 12.5723
63 53 76.3366
37 27 13.659
93 83 9.5549
38 28 27.6427
28 18 10.8718
70 60 8.8241
29 19 8.7374
54 44 151.9749
19 9 3.8867
110 100 0.0
97 87 17.9567
21 11 2.3955
33 23 1.8074
81 71 67.4242
54 44 8.6961
90 80 16.2372
103 93 1.9741
71 61 97.4936
84 74 18.5045
32 22 44.7967
22 12 11.6029
12 2 0.1699
54 44 176.9291
23 13 13.4748
12 2 0.4086
75 65 52.3029
65 55 174.6117
69 59 52.2147
90 80 6.1225
107 97 0.9816
26 16 26.398
93 83 20.5067
13 3 0.1286
58 48 178.2543
101 91 2.9583
38 28 28.1226
21 11 11.5571
107 97 0.3393
51 41 133.0487
47 37 132.4839
59 49 28.1454
103 93 1.9768
69 59 119.7735
92 82 15.7239
19 9 3.7144
60 50 3.2498
83 73 7.3215
79 69 102.0691
79 69 10.642
14 4 1.6321
17 7 3.4981
67 57 123.7021
108 98 0.0413
66 56 107.0556
18 8 4.0705
100 90 1.0545
54 44 100.2302
39 29 27.1764
11 1 0.0286
65 55 112.5932
40 30 62.9995
109 99 0.0392
44 34 67.5465
49 39 109.0842
70 60 55.448
88 78 16.0003
76 66 24.4872
86 76 57.4321
108 98 0.0447
28 18 0.4174
75 65 120.0698
11 1 0.0171
85 75 39.3984
34 24 61.9572
90 80 28.4248
102 92 3.3665
71 61 11.8326
72 62 153.7843
49 39 53.2804
46 36 132.9089
22 12 5.5308
93 83 30.3465
42 32 51.7967
100 90 2.8194
28 18 31.298
14 4 1.4373
108 98 0.3925
38 28 76.5488
19 9 3.4146
109 99 0.0445
14 4 0.1528
89 79 33.9108
52 42 67.9618
105 95 2.2612
53 43 63.0935
40 30 83.9417
109 99 0.0811
32 22 38.682
68 58 49.5132
100 90 10.105
61 51 216.6847
65 55 82.7601
69 59 52.9129
88 78 37.551
33 23 40.6611
61 51 42.5802
12 2 0.2047
34 24 51.5314
50 40 71.6143
33 23 50.6148
35 25 4.4905
47 37 19.2709
24 14 14.7316
21 11 3.2171
52 42 98.7135
13 3 0.3006
75 65 76.0821
88 78 21.9846
79 69 81.1698
27 17 18.1477
28 18 1.4821
79 69 12.0163
46 36 91.1749
64 54 138.8091
102 92 0.3125
32 22 16.0575
29 19 20.4669
43 33 94.9467
39 29 73.0944
81 71 66.9633
103 93 4.3783
25 15 24.9022
38 28 79.237
54 44 116.7563
50 40 94.6669
95 85 11.4763
81 71 68.1798
98 88 8.2267
21 11 5.3979
19 9 8.6804
95 85 19.3466
18 8 1.2317
27 17 18.6776
16 6 0.8385
41 31 25.1793
92 82 19.6145
73 63 64.5947
94 84 0.7735
12 2 0.1461
26 16 0.6827
31 21 14.9726
19 9 7.8398
11 1 0.0857
79 69 6.4248
71 61 99.4596
59 49 224.5618
109 99 0.0062
60 50 266.2082
13 3 0.8091
102 92 3.7146
94 84 2.5194
11 1 0.0192
76 66 121.8162
79 69 34.3993
55 45 85.8407
102 92 1.4643
98 88 2.0864
53 43 80.9367
79 69 37.556
55 45 188.2681
62 52 120.8361
16 6 3.9977
11 1 0.063
28 18 16.5422
52 42 97.1791
30 20 41.4796
40 30 28.1828
101 91 2.1516
89 79 33.3003
29 19 21.3864
26 16 8.0556
70 60 171.2389
103 93 0.3473
46 36 16.879
50 40 170.8461
76 66 47.2638
18 8 6.7533
100 90 8.3434
97 87 3.1816
54 44 28.5705
58 48 241.1597
95 85 11.2737
31 21 23.3984
12 2 0.0949
47 37 74.1994
58 48 178.4805
63 53 47.3491
67 57 48.5307
16 6 1.1517
34 24 47.3136
82 72 29.2427
18 8 0.4159
74 64 120.8379
34 24 40.7429
40 30 25.6427
52 42 62.7178
57 47 221.4629
105 95 0.4204
14 4 1.0852
23 13 1.7633
102 92 6.1584
98 88 6.367
41 31 58.108
46 36 95.4661
81 71 56.0571
66 56 13.4239
28 18 4.5934
29 19 3.7998
43 33 82.8116
105 95 0.4767
58 48 250.345
11 1 0.0015
100 90 8.5047
32 22 19.2417
86 76 57.3839
13 3 0.2004
59 49 66.7612
108 98 0.1489
81 71 8.8882
73 63 43.5177
72 62 10.2279
42 32 109.7639
43 33 64.1579
51 41 55.8709
13 3 0.4319
15 5 1.4662
14 4 1.6379
102 92 5.1739
109 99 0.058
110 100 0.0
58 48 116.9853
20 10 1.0118
31 21 34.6111
62 52 182.5854
50 40 73.725
38 28 6.8933
66 56 142.3472
106 96 0.7395
92 82 5.5207
109 99 0.0023
32 22 44.46
45 35 45.2425
70 60 106.2704
30 20 37.1567
84 74 50.0758
29 19 14.2783
40 30 44.9888
46 36 22.6305
14 4 1.1635
101 91 3.4096
70 60 125.2661
19 9 1.6622
82 72 33.1171
108 98 0.3591
11 1 0.101
87 77 23.7639
39 29 68.0253
22 12 7.366
35 25 52.3365
67 57 189.8951
16 6 1.5945
69 59 139.087
26 16 23.8801
12 2 0.0082
16 6 0.6079
14 4 1.0953
69 59 53.3057
78 68 22.6189
56 46 17.2283
36 26 11.4762
85 75 67.6269
103 93 5.3633
11 1 0.0084
82 72 76.2476
25 15 2.8256
86 76 57.9039
34 24 41.0564
107 97 0.2946
56 46 7.3946
56 46 180.5883
14 4 1.1563
38 28 33.1543
40 30 98.318
12 2 0.0119
30 20 29.4522
41 31 21.7207
98 88 13.3908
72 62 30.1537
32 22 46.4851
50 40 170.8386
43 33 64.6797
46 36 62.4322
76 66 21.9619
61 51 109.931
17 7 5.0823
62 52 172.6933
46 36 46.6135
90 80 4.8464
68 58 75.098
41 31 104.8776
98 88 0.9952
16 6 1.6879
17 7 5.1929
52 42 97.1071
94 84 26.2764
104 94 1.0655
52 42 116.6189
69 59 32.0048
38 28 52.5399
78 68 24.7083
82 72 68.5915
42 32 113.1978
80 70 12.7072
61 51 210.0216
21 11 9.3265
23 13 14.8981
48 38 87.8652
26 16 19.7094
75 65 127.6612
57 47 110.1494
45 35 101.0344
100 90 5.0528
66 56 94.2661
41 31 28.9145
61 51 125.3758
99 89 0.9672
64 54 214.3134
42 32 50.2387
24 14 12.3667
93 83 9.3086
89 79 5.4371
84 74 54.3418
42 32 29.7312
14 4 1.2877
71 61 98.8459
25 15 16.3107
16 6 3.0391
75 65 124.6514
81 71 66.0342
82 72 72.2083
60 50 204.4931
104 94 2.8592
17 7 0.4376
20 10 8.164
22 12 9.6217
68 58 51.4431
64 54 194.6992
52 42 91.9804
27 17 18.2879
61 51 260.384
91 81 13.0163
33 23 30.0849
54 44 207.8437
105 95 2.1841
74 64 25.8047
33 23 28.1061
99 89 6.7359
36 26 67.021
21 11 3.0149
95 85 13.5577
48 38 111.0251
102 92 4.211
57 47 90.569
66 56 71.2905
88 78 47.0714
96 86 5.9439
57 47 227.4443
57 47 236.2862
92 82 8.0171
96 86 4.318
45 35 88.5359
18 8 1.6208
74 64 43.4461
39 29 2.1801
73 63 87.7991
21 11 0.5761
25 15 22.9859
17 7 0.6653
59 49 246.3794
64 54 16.5145
67 57 87.9562
