900 22732 4.3589
101 91 6.6118
105 95 1.3377
71 61 24.3252
57 47 83.9384
91 81 12.5312
85 75 46.9709
47 37 89.1863
12 2 0.1188
79 69 106.4813
110 100 0.0
94 84 26.0424
64 54 145.8916
59 49 214.4517
96 86 12.9515
103 93 3.0372
20 10 9.3259
64 54 63.8727
80 70 13.5844
23 13 5.2283
12 2 0.0881
78 68 94.8027
41 31 43.6311
30 20 25.7251
85 75 16.3209
46 36 16.9612
41 31 23.22
67 57 188.7485
44 34 51.6743
62 52 87.24
11 1 0.0393
52 42 28.8312
25 15 9.5861
59 49 182.527
44 34 93.1212
75 65 10.5925
19 9 8.62
24 14 10.0258
66 56 185.1208
96 86 17.2527
64 54 105.6953
95 85 9.1878
64 54 156.8666
26 16 8.0077
37 27 75.1537
87 77 45.0571
39 29 11.7745
41 31 6.9268
58 48 171.7751
95 85 14.2184
61 51 218.2597
100 90 10.1714
79 69 80.2009
39 29 47.2738
36 26 68.5134
23 13 7.1342
36 26 27.6018
21 11 0.3809
86 76 13.3617
48 38 11.5393
31 21 7.4179
12 2 0.2568
17 7 1.3446
105 95 1.9427
71 61 111.452
43 33 39.9014
51 41 153.4266
70 60 171.35
29 19 27.434
95 85 15.1297
57 47 132.5128
69 59 136.3077
86 76 53.457
61 51 167.7143
78 68 69.3392
26 16 14.5707
107 97 0.5483
43 33 16.8339
90 80 6.636
97 87 0.6696
11 1 0.0821
68 58 106.1976
25 15 9.1345
43 33 60.8357
98 88 8.785
107 97 0.3108
35 25 59.2513
26 16 24.8944
72 62 122.8985
62 52 217.7264
102 92 0.357
17 7 2.8736
37 27 78.1709
82 72 17.4904
70 60 22.5452
44 34 20.6244
14 4 0.5798
48 38 158.7146
54 44 197.3287
14 4 0.0931
44 34 70.3464
90 80 33.7835
87 77 50.9999
92 82 10.4611
30 20 27.7093
83 73 54.3699
85 75 67.5578
37 27 36.7659
48 38 47.6518
73 63 33.9526
71 61 22.6819
76 66 99.6347
54 44 140.2933
72 62 33.3996
87 77 17.9001
65 55 16.6373
52 42 111.3371
77 67 87.9495
53 43 9.5933
70 60 83.1142
18 8 6.7038
68 58 160.2292
24 14 4.3124
96 86 13.8112
60 50 146.2174
61 51 66.7856
100 90 4.9179
24 14 19.0232
47 37 132.4248
72 62 89.3086
90 80 32.8957
98 88 7.5272
82 72 18.0231
33 23 52.6514
81 71 21.2968
43 33 73.5897
85 75 10.2042
52 42 70.7857
29 19 39.409
15 5 2.1473
74 64 20.3415
83 73 78.2451
20 10 5.8135
50 40 110.4614
80 70 91.8666
35 25 57.5633
28 18 25.6826
94 84 14.9247
83 73 15.5317
38 28 53.6946
104 94 2.9274
24 14 8.2137
84 74 3.0821
33 23 3.6699
32 22 52.3233
23 13 5.8798
26 16 2.2349
43 33 105.8496
15 5 1.1584
25 15 6.4034
14 4 0.5517
15 5 1.4674
91 81 36.3613
73 63 51.4382
73 63 59.6134
59 49 203.8963
90 80 13.1318
56 46 178.4162
14 4 0.5646
99 89 7.9148
32 22 19.7568
62 52 135.0938
42 32 86.5632
74 64 29.8549
74 64 142.3995
38 28 3.339
91 81 19.5153
59 49 250.1696
102 92 0.4641
24 14 14.1958
14 4 0.6818
104 94 1.7386
81 71 1.0097
35 25 65.2257
76 66 19.1866
11 1 0.1022
33 23 38.4506
11 1 0.062
28 18 7.2428
48 38 48.0599
91 81 15.5819
33 23 12.0999
79 69 25.3611
84 74 8.4543
51 41 16.241
42 32 22.7286
45 35 84.9983
89 79 16.9271
83 73 26.3738
33 23 43.157
108 98 0.1738
42 32 51.1484
91 81 5.6093
25 15 19.2549
27 17 27.4873
87 77 3.3314
37 27 70.5316
109 99 0.0816
83 73 58.2445
40 30 96.6612
23 13 10.1136
59 49 104.0448
18 8 7.002
38 28 12.0143
104 94 2.4832
73 63 118.1583
19 9 7.4445
110 100 0.0
22 12 1.1043
53 43 73.5517
12 2 0.239
64 54 217.4608
70 60 165.9176
69 59 15.5109
100 90 0.404
58 48 86.6832
57 47 181.5227
11 1 0.1026
13 3 0.7844
56 46 105.5763
46 36 115.6417
76 66 108.4815
89 79 39.1874
21 11 2.3688
22 12 10.3873
56 46 105.9154
103 93 1.5726
107 97 0.6107
41 31 67.9307
38 28 40.3881
15 5 1.8265
75 65 8.9939
103 93 5.4376
52 42 89.0598
94 84 18.651
54 44 90.0356
82 72 28.306
37 27 57.4508
60 50 215.4734
38 28 12.2635
19 9 8.9384
109 99 0.0845
76 66 112.4932
73 63 126.2203
95 85 14.9869
15 5 2.5729
99 89 3.9866
25 15 16.6747
89 79 24.5576
33 23 6.7802
50 40 76.6925
99 89 9.6565
51 41 57.3943
90 80 0.3253
70 60 80.5333
17 7 2.2853
106 96 1.6487
34 24 47.3127
66 56 7.8384
101 91 4.0707
57 47 158.4263
58 48 85.1373
62 52 138.8535
78 68 54.1335
76 66 42.2013
79 69 92.836
76 66 51.5981
76 66 74.9935
97 87 5.4848
15 5 0.0992
47 37 85.7198
73 63 145.8033
28 18 34.2606
14 4 0.8999
30 20 20.8461
53 43 105.5409
11 1 0.0797
79 69 81.9113
110 100 0.0
43 33 92.5667
43 33 75.09
19 9 1.1498
42 32 92.731
70 60 138.323
56 46 209.0449
14 4 1.0508
25 15 24.2433
94 84 19.3036
92 82 13.1023
11 1 0.0648
35 25 27.0255
90 80 4.1195
25 15 8.2669
82 72 19.6655
24 14 19.2577
82 72 39.1144
17 7 1.8962
65 55 189.5303
69 59 56.8408
102 92 3.0931
59 49 7.8848
56 46 109.5822
42 32 36.496
86 76 23.1764
54 44 155.2825
108 98 0.3478
75 65 127.6489
92 82 24.3637
17 7 3.5667
44 34 120.3018
53 43 166.1268
12 2 0.1287
93 83 4.1478
17 7 0.0633
20 10 2.3047
13 3 0.5486
76 66 126.7743
65 55 179.0989
23 13 3.8665
40 30 53.4351
101 91 6.4162
44 34 16.0395
64 54 102.7388
85 75 33.7544
61 51 252.6827
57 47 111.5557
99 89 0.7738
25 15 19.1272
66 56 45.1414
64 54 112.4627
58 48 238.4697
23 13 10.5141
80 70 86.5756
97 87 6.0198
59 49 63.091
18 8 3.5537
28 18 31.1732
19 9 3.6676
60 50 56.7328
19 9 8.7724
98 88 14.0248
78 68 73.7543
37 27 61.7877
41 31 72.6187
99 89 5.5041
83 73 8.5493
23 13 17.3721
42 32 31.0209
50 40 56.2109
54 44 24.0603
40 30 58.247
29 19 30.8846
46 36 21.5421
44 34 64.0587
40 30 93.9077
60 50 216.4845
19 9 6.0104
106 96 0.4423
96 86 18.8997
20 10 1.1824
101 91 6.3213
11 1 0.0353
40 30 40.7143
64 54 97.1549
62 52 144.7877
43 33 63.8379
109 99 0.0439
36 26 72.0831
68 58 39.3011
49 39 81.2099
25 15 18.1898
71 61 138.3538
97 87 8.9779
44 34 102.1898
73 63 124.733
77 67 24.2865
67 57 179.6501
57 47 201.7262
57 47 30.808
34 24 34.6844
45 35 70.6597
73 63 98.1514
75 65 12.0533
106 96 0.3982
72 62 73.9297
37 27 7.6381
60 50 211.7402
97 87 14.08
45 35 25.7279
37 27 71.9483
61 51 198.8714
89 79 32.8646
59 49 132.0256
69 59 162.3699
108 98 0.3946
82 72 45.3524
69 59 107.6022
97 87 14.0218
22 12 3.3434
90 80 39.8203
77 67 100.816
23 13 7.5656
36 26 0.0199
65 55 142.2185
76 66 91.2233
107 97 0.8503
74 64 2.7265
80 70 87.2017
75 65 24.5297
48 38 135.1066
109 99 0.0195
69 59 48.3275
63 53 218.1155
27 17 21.0654
46 36 34.1477
39 29 22.8263
68 58 43.1055
26 16 7.5496
79 69 14.6507
69 59 158.8826
86 76 48.6854
70 60 27.0783
41 31 100.4103
91 81 2.5281
17 7 4.7427
82 72 19.1231
90 80 33.0276
93 83 5.679
30 20 8.7433
45 35 112.8108
72 62 111.6435
72 62 61.4559
98 88 1.041
100 90 1.331
70 60 50.5325
73 63 79.3571
110 100 0.0
92 82 25.3849
33 23 7.7828
109 99 0.1084
38 28 9.0978
88 78 6.1624
76 66 68.6968
31 21 24.0436
52 42 125.2184
38 28 39.6413
98 88 8.3652
66 56 209.8544
68 58 85.8503
75 65 110.0594
16 6 0.3053
108 98 0.2885
69 59 48.3441
79 69 100.7125
88 78 46.4722
18 8 4.387
47 37 130.4513
108 98 0.0281
28 18 35.5393
72 62 54.544
79 69 21.7819
82 72 77.5678
57 47 217.729
12 2 0.3207
43 33 52.6703
107 97 0.2162
108 98 0.1457
46 36 26.1961
65 55 123.0583
45 35 30.2881
41 31 76.9359
81 71 70.9457
41 31 72.773
32 22 10.9408
42 32 53.7843
78 68 74.5187
16 6 3.4159
33 23 5.5569
72 62 158.0537
110 100 0.0
26 16 7.4622
110 100 0.0
48 38 121.3225
88 78 32.8872
16 6 1.3748
61 51 119.9698
46 36 134.6829
22 12 15.5464
67 57 56.7368
88 78 42.7792
23 13 14.2798
104 94 3.8574
58 48 172.1339
30 20 2.1668
72 62 134.7877
30 20 36.236
82 72 38.0306
65 55 69.4842
78 68 9.4689
55 45 86.6927
60 50 275.5022
102 92 4.0676
53 43 104.6975
109 99 0.0012
55 45 151.7133
105 95 1.6502
65 55 136.387
104 94 3.9734
89 79 41.8203
89 79 26.4694
17 7 5.0759
61 51 110.4486
16 6 2.6646
110 100 0.0
102 92 4.9139
20 10 9.1223
16 6 1.9864
83 73 22.0595
51 41 138.6028
45 35 50.501
70 60 162.4032
103 93 3.3774
45 35 37.7663
61 51 9.4603
100 90 8.4196
49 39 98.7632
86 76 47.3754
50 40 24.6696
96 86 1.6482
95 85 15.2021
94 84 12.5172
28 18 24.0345
98 88 4.4433
79 69 99.9994
41 31 19.0034
82 72 7.6184
72 62 14.1757
46 36 54.8436
94 84 23.8248
65 55 139.3971
80 70 83.7116
90 80 8.1686
66 56 184.3228
44 34 109.1111
23 13 16.1809
89 79 18.5558
74 64 82.9628
40 30 44.5229
92 82 0.8769
53 43 107.1208
79 69 82.934
70 60 35.2993
55 45 56.6306
80 70 81.1307
100 90 7.9088
106 96 1.6751
97 87 17.4634
109 99 0.0506
35 25 43.4034
63 53 48.4824
105 95 1.0195
99 89 8.1184
25 15 21.7161
87 77 10.5539
53 43 177.373
73 63 7.7292
84 74 14.2524
70 60 48.9151
39 29 12.3637
97 87 2.1628
30 20 37.2307
11 1 0.0049
49 39 28.5598
89 79 20.8381
52 42 36.8686
43 33 47.8029
35 25 67.1696
14 4 1.2486
62 52 200.4035
110 100 0.0
80 70 24.9214
47 37 106.178
21 11 12.858
11 1 0.0524
42 32 62.9622
103 93 4.7019
60 50 245.5665
108 98 0.4403
37 27 77.0653
49 39 94.645
101 91 1.5263
51 41 66.6144
101 91 5.5667
105 95 0.8928
49 39 164.7814
106 96 0.8129
65 55 222.0198
73 63 60.8332
108 98 0.3314
59 49 118.4302
61 51 87.3936
12 2 0.2995
93 83 28.5992
52 42 87.7994
44 34 71.9979
63 53 67.4714
91 81 35.4322
71 61 63.7846
33 23 26.6847
92 82 24.9013
55 45 46.6905
22 12 0.8184
54 44 48.2885
47 37 33.1914
106 96 1.4964
85 75 31.6538
80 70 87.169
18 8 3.674
11 1 0.0778
56 46 38.7096
75 65 83.9627
85 75 52.2619
68 58 137.0358
34 24 3.2216
60 50 129.1392
86 76 4.5591
61 51 232.9665
77 67 6.0103
104 94 3.018
82 72 17.7314
29 19 18.1304
84 74 16.858
66 56 145.5928
106 96 1.7768
64 54 155.2876
21 11 7.8545
20 10 5.941
99 89 12.3235
16 6 2.2725
53 43 72.7989
17 7 0.3513
47 37 145.7069
33 23 43.2515
14 4 1.2825
88 78 41.149
12 2 0.3415
65 55 61.8797
70 60 5.1397
57 47 149.6155
99 89 5.2011
29 19 12.6318
65 55 126.3971
76 66 84.1072
48 38 85.7432
86 76 63.2821
92 82 26.2727
12 2 0.0451
45 35 111.6391
62 52 203.7348
90 80 38.2905
95 85 3.5883
42 32 21.9085
11 1 0.0095
100 90 1.2854
38 28 86.2193
49 39 48.5735
66 56 186.6191
93 83 4.0007
74 64 20.8601
43 33 21.7687
64 54 40.8221
35 25 11.9817
83 73 78.6774
36 26 46.5295
84 74 43.6956
44 34 30.0576
71 61 144.7972
65 55 113.996
104 94 2.0457
54 44 175.0306
98 88 3.12
52 42 109.0344
33 23 33.972
76 66 19.3661
54 44 11.501
98 88 10.5445
74 64 35.2459
36 26 64.5992
75 65 88.0451
23 13 3.2852
73 63 99.5808
105 95 1.9078
18 8 0.4042
53 43 5.5848
49 39 67.1263
42 32 100.6637
15 5 0.3309
28 18 33.5363
17 7 4.0037
65 55 7.2509
52 42 186.6561
63 53 73.8644
24 14 9.2583
24 14 11.897
24 14 1.9716
38 28 84.4563
94 84 13.728
57 47 176.1341
105 95 2.3295
17 7 1.3346
107 97 0.8485
68 58 69.3589
90 80 17.2027
106 96 0.9726
57 47 158.4518
12 2 0.368
44 34 62.4973
76 66 17.5093
85 75 33.2207
77 67 4.5906
12 2 0.3234
26 16 21.4972
59 49 17.6133
35 25 35.4115
102 92 3.3687
44 34 37.7756
28 18 17.8452
44 34 75.1858
95 85 16.599
62 52 109.3794
82 72 84.7649
39 29 46.6568
31 21 20.0122
59 49 196.5095
53 43 18.921
105 95 1.7477
99 89 8.0717
108 98 0.1426
89 79 31.6837
16 6 2.7046
90 80 42.7056
31 21 4.9676
102 92 4.4236
16 6 0.4861
86 76 48.9065
50 40 7.6775
11 1 0.0641
88 78 6.7056
48 38 127.8589
64 54 94.7002
99 89 10.6323
108 98 0.3036
73 63 91.764
100 90 5.637
29 19 6.9158
105 95 0.3318
60 50 184.9074
41 31 54.5236
87 77 42.3383
85 75 47.4957
63 53 226.987
99 89 2.4871
81 71 53.081
43 33 71.7479
76 66 55.1825
84 74 68.6554
95 85 22.51
57 47 193.9326
35 25 5.1125
41 31 89.5777
53 43 170.663
54 44 168.8993
81 71 89.7299
11 1 0.0935
26 16 15.3527
73 63 115.1984
45 35 57.6456
101 91 3.3392
48 38 44.2402
87 77 43.1805
93 83 9.7782
89 79 45.1295
33 23 13.6405
17 7 1.1489
38 28 64.0696
52 42 30.0738
87 77 34.6497
98 88 5.8528
41 31 104.1611
90 80 27.5689
43 33 15.4545
29 19 29.5604
67 57 9.3932
46 36 8.43
84 74 53.0347
108 98 0.0521
37 27 61.6102
104 94 1.2661
54 44 190.9125
38 28 61.6439
78 68 78.7781
54 44 166.6418
23 13 2.4338
84 74 38.0045
65 55 38.2362
34 24 41.2236
38 28 16.2194
34 24 46.2194
14 4 1.3201
46 36 114.6835
99 89 6.0663
69 59 147.6651
47 37 71.136
29 19 7.8198
79 69 34.4017
66 56 145.3206
56 46 108.5405
67 57 124.4227
103 93 2.5552
102 92 4.9389
50 40 124.8942
28 18 22.779
31 21 42.7887
71 61 42.1559
15 5 1.0425
35 25 35.0
44 34 22.1508
109 99 0.007
87 77 43.1785
72 62 32.5296
59 49 200.6045
82 72 13.7247
83 73 71.9649
53 43 75.1874
40 30 79.7125
50 40 140.3262
87 77 50.2934
98 88 9.2713
37 27 30.9067
81 71 66.9144
40 30 20.9714
80 70 39.1382
95 85 19.2189
93 83 4.8258
86 76 16.1918
29 19 34.9395
101 91 8.3475
35 25 44.8742
60 50 27.442
18 8 3.221
95 85 17.5287
17 7 1.068
105 95 2.263
55 45 179.0683
100 90 2.8007
11 1 0.0479
87 77 1.5327
74 64 68.9455
62 52 85.2321
11 1 0.0277
51 41 95.897
22 12 10.647
65 55 145.4234
40 30 85.9344
96 86 2.0878
29 19 2.7846
92 82 14.4692
50 40 48.3881
75 65 119.1666
42 32 87.1029
47 37 113.9199
29 19 28.0661
39 29 87.1083
28 18 5.1283
64 54 234.7676
50 40 87.1037
91 81 27.6797
68 58 120.2984
27 17 5.9844
58 48 166.8291
45 35 128.4342
96 86 20.3241
49 39 94.074
60 50 239.1766
26 16 20.8255
16 6 1.5997
22 12 14.4878
62 52 199.0909
46 36 82.3445
88 78 42.8663
84 74 42.581
