400 10018 4.3589
74 64 37.6407
92 82 46.4442
64 54 19.9193
70 60 11.7416
52 42 7.9445
82 72 47.9473
42 32 4.3127
55 45 6.6136
95 85 31.4867
29 19 2.6517
50 40 9.5765
95 85 69.8662
78 68 23.2112
13 3 0.0467
73 63 25.1502
51 41 6.0059
47 37 8.7255
53 43 9.2355
93 83 59.6586
99 89 33.188
18 8 0.2028
110 100 46.0566
102 92 24.7855
43 33 3.9462
29 19 0.9783
50 40 7.7757
59 49 7.7573
39 29 3.346
76 66 20.8146
22 12 0.7503
69 59 23.7101
99 89 41.8363
63 53 21.2586
77 67 28.3237
74 64 15.3147
86 76 15.3978
44 34 5.1022
77 67 25.3492
47 37 11.1269
14 4 0.0809
26 16 1.8341
75 65 30.2291
84 74 44.8779
11 1 0.0076
80 70 30.0567
106 96 86.6538
59 49 15.1866
24 14 0.9107
33 23 2.1249
31 21 2.7268
25 15 1.5861
82 72 31.9983
30 20 1.364
33 23 1.4653
104 94 83.4501
52 42 11.8425
89 79 16.2845
106 96 66.6983
103 93 46.1245
77 67 14.9583
16 6 0.1887
14 4 0.1276
33 23 4.1506
97 87 70.6592
54 44 10.5041
102 92 45.4977
68 58 14.3459
48 38 13.7448
42 32 8.6577
42 32 3.4864
63 53 24.4817
55 45 12.965
69 59 24.2743
59 49 6.7382
43 33 9.7238
91 81 21.5426
95 85 59.2315
36 26 2.5619
20 10 0.4294
72 62 30.0183
49 39 6.9638
82 72 47.1502
70 60 19.5408
66 56 18.589
27 17 1.4194
47 37 6.7288
28 18 2.1931
82 72 31.1241
90 80 38.7656
89 79 48.5098
52 42 4.6968
81 71 19.1021
47 37 7.6215
83 73 28.6279
56 46 18.2799
44 34 5.4751
61 51 14.542
66 56 21.2189
28 18 1.0977
48 38 10.9899
85 75 45.603
32 22 4.346
50 40 7.7145
35 25 3.1734
83 73 27.7034
38 28 7.0416
100 90 45.6881
38 28 2.9128
13 3 0.0718
18 8 0.291
22 12 1.0929
84 74 40.6381
83 73 30.0183
61 51 18.1578
12 2 0.0211
37 27 5.9516
75 65 17.061
70 60 21.5073
52 42 10.1468
32 22 2.0941
12 2 0.0105
92 82 47.4211
96 86 65.6116
107 97 81.5499
40 30 2.4355
100 90 24.169
61 51 8.5943
28 18 2.2575
83 73 19.464
57 47 15.0637
50 40 14.9112
95 85 22.9757
54 44 12.0319
69 59 18.3904
42 32 2.7932
96 86 31.4171
73 63 10.8215
90 80 41.8415
81 71 36.338
100 90 61.4876
82 72 47.2381
109 99 83.7939
23 13 1.6638
92 82 52.0505
42 32 2.872
47 37 5.4896
58 48 10.7132
101 91 61.4907
96 86 73.3387
72 62 10.9118
64 54 13.0422
107 97 33.241
107 97 58.5883
13 3 0.0622
80 70 19.0707
97 87 62.7058
36 26 2.4068
44 34 6.7798
107 97 52.325
102 92 69.599
45 35 10.4465
21 11 1.1413
94 84 61.8802
58 48 18.4659
44 34 4.0044
32 22 1.3336
97 87 42.7821
15 5 0.1786
69 59 15.8173
106 96 53.2666
13 3 0.0745
71 61 10.6328
76 66 29.1902
83 73 30.4969
73 63 36.76
16 6 0.1257
103 93 36.6521
37 27 2.7222
56 46 15.8324
90 80 41.7949
14 4 0.1076
76 66 37.2491
94 84 52.0274
11 1 0.0099
75 65 31.5215
25 15 1.0181
56 46 7.3935
46 36 4.2251
37 27 1.9639
52 42 12.318
54 44 16.9299
36 26 3.0597
86 76 29.0381
72 62 11.9004
93 83 51.0639
57 47 7.1695
11 1 0.0034
83 73 32.3522
51 41 10.8445
71 61 11.3226
26 16 1.9743
94 84 27.3728
21 11 0.5108
25 15 1.8534
11 1 0.0082
98 88 71.1965
98 88 22.4449
24 14 1.0476
30 20 2.4746
55 45 6.8503
22 12 0.9708
29 19 1.854
85 75 44.0392
63 53 18.2158
89 79 60.3636
87 77 19.1686
55 45 12.4158
18 8 0.2435
20 10 0.6328
31 21 1.8572
96 86 65.4109
109 99 45.6557
60 50 20.6688
40 30 5.2016
17 7 0.3193
70 60 14.51
24 14 1.916
107 97 62.7137
97 87 22.9422
109 99 85.7958
55 45 17.9835
19 9 0.7693
41 31 2.48
101 91 76.3596
54 44 7.8781
29 19 3.2296
74 64 13.6885
87 77 53.1222
35 25 6.0881
47 37 6.3549
12 2 0.0159
73 63 21.9736
90 80 33.5507
98 88 21.3527
25 15 1.2551
85 75 30.261
40 30 5.0167
100 90 30.6971
40 30 2.7337
87 77 39.7202
66 56 15.8253
69 59 8.8227
108 98 70.3585
94 84 55.9594
53 43 5.7547
91 81 56.8124
40 30 4.1124
91 81 16.7551
73 63 19.2484
63 53 21.4054
76 66 21.4767
34 24 5.6554
40 30 7.6718
78 68 33.112
96 86 34.9896
49 39 10.8959
70 60 28.3045
24 14 1.8854
74 64 24.7875
98 88 66.2222
103 93 41.1099
43 33 3.5751
80 70 17.8904
33 23 3.8491
69 59 24.987
44 34 5.7437
66 56 9.6057
68 58 31.9383
23 13 0.9176
14 4 0.0688
106 96 60.1059
44 34 9.6497
38 28 6.4206
88 78 35.5121
69 59 9.3141
31 21 1.36
52 42 16.5234
43 33 2.9577
12 2 0.0305
84 74 14.584
77 67 39.8224
90 80 23.1862
27 17 0.728
81 71 49.5743
28 18 1.5393
90 80 24.6334
44 34 6.06
18 8 0.3666
76 66 11.0616
99 89 63.446
90 80 31.171
110 100 80.4681
14 4 0.0831
104 94 60.7308
70 60 16.392
77 67 19.8577
30 20 1.6266
51 41 6.2545
101 91 28.0413
25 15 1.8499
87 77 21.172
50 40 4.0582
14 4 0.1502
97 87 36.9956
68 58 10.5261
64 54 20.8091
53 43 18.3715
46 36 10.6374
36 26 3.5623
11 1 0.0076
42 32 4.1099
86 76 30.3921
51 41 9.7806
23 13 0.9702
26 16 1.5545
71 61 13.3649
72 62 37.8533
74 64 24.6741
27 17 2.8676
48 38 4.79
86 76 27.4943
26 16 1.2948
41 31 8.9712
47 37 8.1922
70 60 16.8773
33 23 4.1747
23 13 1.4128
36 26 2.654
57 47 9.1918
95 85 55.3253
102 92 40.7784
21 11 0.4773
69 59 16.8962
14 4 0.0443
85 75 19.9979
21 11 0.5399
95 85 64.7945
52 42 6.4136
18 8 0.1832
103 93 46.0172
55 45 14.4674
80 70 14.2756
109 99 80.91
14 4 0.0537
17 7 0.3997
72 62 25.8206
38 28 3.2009
109 99 57.4246
86 76 19.4984
102 92 33.8992
69 59 24.0934
11 1 0.0035
83 73 19.345
61 51 24.8981
94 84 44.3183
14 4 0.0585
78 68 39.7492
46 36 3.4144
51 41 6.5772
13 3 0.0589
67 57 26.7444
88 78 40.2616
37 27 6.5398
85 75 24.5213
29 19 1.0638
99 89 53.6029
16 6 0.117
62 52 14.7502
85 75 35.1957
96 86 39.7001
84 74 43.0192
78 68 33.4952
52 42 8.5165
60 50 10.5619
18 8 0.2179
88 78 35.0121
57 47 12.8336
22 12 0.423
44 34 7.7384
77 67 29.3331
17 7 0.388
106 96 44.4649
80 70 22.105
13 3 0.0487
14 4 0.0856
66 56 20.8173
93 83 56.4857
43 33 4.6781
11 1 0.0041
32 22 3.8888
