400 10254 9.9499
17 7 2.979
33 23 56.4719
67 57 99.941
76 66 89.2318
71 61 160.2583
39 29 25.8485
11 1 0.027
39 29 68.9165
15 5 2.4644
76 66 73.7776
26 16 10.9521
54 44 68.5374
79 69 93.8662
20 10 3.534
12 2 0.2882
45 35 29.0174
87 77 22.7964
86 76 53.6118
37 27 12.2625
20 10 9.0522
61 51 156.0792
57 47 207.6496
36 26 52.9326
31 21 8.9398
71 61 37.6263
60 50 43.7096
35 25 51.7089
59 49 229.2632
94 84 19.5307
55 45 85.199
91 81 30.3667
84 74 56.5795
27 17 17.6908
70 60 48.8415
79 69 81.9095
17 7 3.7755
46 36 115.7899
87 77 38.5728
101 91 4.8877
64 54 40.288
22 12 1.5075
39 29 63.9451
53 43 101.7585
38 28 21.915
94 84 16.9844
26 16 11.4049
102 92 3.2525
105 95 0.1863
22 12 10.4447
89 79 14.2418
58 48 20.1045
57 47 221.8673
110 100 0.0
29 19 26.3865
46 36 137.1635
102 92 6.3956
102 92 0.582
16 6 3.2923
21 11 6.7291
75 65 6.6069
98 88 2.4104
71 61 35.8032
72 62 133.3794
66 56 62.0607
49 39 91.1158
51 41 19.1347
43 33 44.5357
103 93 2.8102
61 51 158.2893
25 15 10.7054
78 68 87.0029
85 75 46.8608
14 4 1.1587
102 92 6.5683
61 51 243.7958
16 6 2.267
26 16 19.536
20 10 1.8079
101 91 4.2967
44 34 64.491
57 47 215.0006
97 87 4.7126
36 26 31.1808
75 65 99.4993
29 19 0.9554
50 40 166.2871
13 3 0.3364
79 69 34.6051
18 8 0.2987
86 76 63.7632
33 23 21.3974
108 98 0.1917
65 55 126.4417
59 49 86.2641
34 24 49.9317
99 89 7.8455
63 53 226.7009
77 67 80.3589
88 78 8.5499
78 68 25.7404
22 12 1.8086
22 12 3.1299
69 59 20.0396
36 26 68.7197
32 22 23.3133
67 57 197.9159
78 68 68.4237
105 95 0.3182
40 30 18.6313
44 34 70.8604
45 35 13.5226
14 4 1.2911
14 4 0.1354
99 89 12.2361
83 73 63.8318
108 98 0.1371
16 6 3.7883
16 6 2.1881
84 74 11.4399
77 67 92.6621
63 53 77.8469
61 51 40.7204
17 7 4.8179
59 49 1.1197
54 44 163.5741
79 69 94.3913
84 74 56.3174
70 60 50.1706
74 64 121.0844
50 40 74.1997
96 86 5.8799
87 77 23.0684
93 83 18.589
101 91 4.0095
85 75 34.4147
81 71 20.7718
35 25 7.6963
32 22 39.7263
30 20 37.4191
95 85 7.7775
109 99 0.0509
13 3 0.9364
110 100 0.0
105 95 2.6146
90 80 36.7313
34 24 25.9346
100 90 1.0026
54 44 84.7087
97 87 1.8398
88 78 5.1762
84 74 11.8942
29 19 34.9535
70 60 130.3098
90 80 35.376
71 61 15.7324
55 45 62.0449
57 47 87.7207
94 84 6.6155
72 62 15.3068
16 6 0.4447
55 45 113.3355
110 100 0.0
94 84 9.925
16 6 1.0309
78 68 4.9579
67 57 57.7068
93 83 15.1802
96 86 13.7862
22 12 0.1411
59 49 67.7073
33 23 51.7225
19 9 8.1496
83 73 62.1859
49 39 108.0942
81 71 56.9634
59 49 250.9075
66 56 213.6386
86 76 2.3296
60 50 57.7156
59 49 41.2131
56 46 210.8841
32 22 21.1645
43 33 41.381
24 14 7.337
79 69 4.0537
84 74 41.557
105 95 0.1757
63 53 211.6008
96 86 19.2749
85 75 14.1308
34 24 20.4967
17 7 1.5944
29 19 39.409
21 11 4.6818
47 37 55.7177
87 77 38.2318
54 44 74.5411
45 35 74.4263
54 44 77.3471
71 61 149.6792
101 91 2.8152
91 81 6.5856
97 87 17.1074
36 26 26.5316
42 32 10.3852
85 75 5.511
103 93 2.1099
91 81 7.3097
93 83 1.2959
105 95 0.2358
46 36 34.4542
96 86 16.1228
51 41 34.0628
106 96 0.3525
101 91 6.6373
77 67 76.1676
100 90 6.8539
94 84 13.1269
42 32 35.9393
97 87 0.8747
24 14 16.7477
12 2 0.0143
39 29 61.9514
60 50 268.2801
19 9 7.0189
89 79 43.2713
98 88 0.5469
94 84 28.3329
46 36 35.9282
87 77 50.6912
36 26 28.4663
78 68 73.2904
12 2 0.0127
48 38 39.9228
30 20 29.1468
73 63 107.9026
24 14 11.9318
50 40 73.5079
38 28 41.6287
22 12 2.9519
95 85 3.7868
54 44 152.9778
92 82 19.9589
66 56 121.7498
59 49 100.7181
52 42 49.7284
109 99 0.0271
58 48 65.9764
92 82 1.5681
69 59 43.7809
60 50 98.5494
31 21 39.4651
41 31 62.9964
96 86 7.2696
56 46 208.3655
101 91 8.5975
46 36 1.3122
107 97 0.3814
66 56 115.899
46 36 100.6776
40 30 2.9053
61 51 61.2738
102 92 2.7835
93 83 2.1553
53 43 18.8671
45 35 61.6597
62 52 60.7801
47 37 6.7054
97 87 3.0236
63 53 146.4185
51 41 91.0827
44 34 56.726
107 97 0.6677
48 38 40.3087
26 16 1.679
51 41 24.6492
80 70 52.0223
54 44 19.2097
15 5 1.1199
67 57 104.3756
33 23 7.2705
27 17 18.3687
58 48 170.4759
42 32 8.1166
30 20 2.625
101 91 4.4077
81 71 24.2001
95 85 20.5541
100 90 5.3459
94 84 21.0481
71 61 139.7134
11 1 0.061
82 72 41.1758
14 4 1.1258
65 55 214.25
15 5 0.5183
45 35 51.0218
26 16 19.65
68 58 94.9011
104 94 2.7709
52 42 61.8782
51 41 126.8893
90 80 10.6974
86 76 20.2118
68 58 194.9684
85 75 42.7404
92 82 26.594
35 25 32.5816
51 41 71.7744
67 57 181.7127
81 71 87.1074
14 4 0.4128
45 35 73.0966
88 78 20.2385
46 36 103.0619
82 72 81.0141
32 22 26.4116
60 50 96.7518
98 88 2.105
56 46 75.081
70 60 51.5976
46 36 46.1882
100 90 9.457
65 55 214.2934
99 89 1.7005
25 15 23.3857
50 40 135.6522
97 87 4.9601
71 61 1.679
27 17 15.7532
17 7 4.7719
69 59 43.561
21 11 6.0658
58 48 224.2633
18 8 2.956
84 74 31.1224
51 41 3.4784
74 64 9.2643
77 67 115.1662
80 70 84.9493
44 34 41.2161
29 19 13.4616
27 17 13.789
62 52 18.9799
55 45 197.2785
71 61 7.9192
74 64 30.5308
44 34 89.7622
28 18 25.8485
101 91 2.6377
46 36 32.324
93 83 15.318
72 62 98.814
57 47 5.0178
94 84 13.8611
37 27 1.2263
15 5 0.0463
100 90 7.9409
105 95 0.238
65 55 25.0616
105 95 0.151
25 15 5.7411
93 83 9.3963
33 23 33.0016
47 37 14.731
82 72 33.4979
37 27 18.0163
104 94 2.2351
77 67 35.4839
62 52 6.9751
50 40 150.4359
63 53 115.0328
11 1 0.0551
45 35 110.6615
16 6 1.4875
69 59 157.3532
80 70 38.619
68 58 17.7319
64 54 47.3398
52 42 165.8503
92 82 26.7344
69 59 165.2982
64 54 115.0062
32 22 3.1204
67 57 159.0967
53 43 146.7249
48 38 149.0445
17 7 1.0837
34 24 14.0261
47 37 77.2904
26 16 11.0402
40 30 21.7059
19 9 6.3254
72 62 60.4038
101 91 2.7232
86 76 18.7381
97 87 1.1407
33 23 35.7327
95 85 0.2224
102 92 6.1277
