100 2461 4.3589
101 91 3.5672
48 38 116.772
11 1 0.0856
103 93 1.2913
84 74 31.8915
46 36 130.7422
43 33 17.2072
107 97 0.952
25 15 10.7394
12 2 0.1551
56 46 96.2882
104 94 1.095
109 99 0.0166
36 26 15.8309
80 70 53.8656
105 95 0.8579
77 67 43.0816
110 100 0.0
85 75 35.6595
16 6 0.8257
49 39 18.7114
26 16 3.7193
96 86 15.9455
105 95 2.7016
92 82 30.4367
70 60 164.7451
22 12 4.0766
25 15 4.5401
36 26 34.284
70 60 158.7496
22 12 9.8769
97 87 17.7038
100 90 0.1044
39 29 50.9589
15 5 0.2259
27 17 25.6023
27 17 23.3021
11 1 0.0504
54 44 44.5986
92 82 34.3973
35 25 24.5209
105 95 0.6942
84 74 43.7668
35 25 27.3555
12 2 0.3517
50 40 154.7709
93 83 26.6677
24 14 11.0432
63 53 159.0891
15 5 1.4888
58 48 244.435
35 25 12.2591
26 16 8.9988
76 66 92.2151
46 36 124.091
90 80 9.7282
95 85 16.2775
50 40 117.6251
36 26 32.9578
108 98 0.0083
97 87 8.643
58 48 96.5287
27 17 30.8703
103 93 0.6719
61 51 93.7704
95 85 1.3531
49 39 12.3351
37 27 34.7734
80 70 43.3013
24 14 19.9131
23 13 10.5831
40 30 56.9151
91 81 28.9557
41 31 28.5877
77 67 72.8014
85 75 27.8562
72 62 120.6493
90 80 27.6169
47 37 20.8509
38 28 60.4532
107 97 0.2632
15 5 1.4614
45 35 99.9437
15 5 2.411
50 40 21.2704
97 87 15.7663
96 86 13.6549
36 26 43.5499
79 69 63.2685
66 56 120.7272
74 64 83.3148
34 24 11.6406
59 49 80.8324
30 20 42.5345
59 49 108.8147
39 29 30.2178
11 1 0.0375
62 52 237.9007
44 34 12.2088
100 90 0.8786
