100 2644 4.3589
19 19 3.61
42 42 17.64
75 75 56.25
31 31 9.61
71 71 50.41
5 5 0.25
59 59 34.81
25 25 6.25
71 71 50.41
64 64 40.96
88 88 77.44
84 84 70.56
35 35 12.25
87 87 75.69
89 89 79.21
30 30 9.0
3 3 0.09
49 49 24.01
75 75 56.25
10 10 1.0
47 47 22.09
4 4 0.16
60 60 36.0
27 27 7.29
77 77 59.29
94 94 88.36
47 47 22.09
46 46 21.16
76 76 57.76
75 75 56.25
70 70 49.0
37 37 13.69
16 16 2.56
17 17 2.89
6 6 0.36
39 39 15.21
5 5 0.25
35 35 12.25
9 9 0.81
48 48 23.04
45 45 20.25
58 58 33.64
92 92 84.64
82 82 67.24
62 62 38.44
46 46 21.16
93 93 86.49
97 97 94.09
75 75 56.25
19 19 3.61
87 87 75.69
94 94 88.36
60 60 36.0
30 30 9.0
3 3 0.09
77 77 59.29
71 71 50.41
18 18 3.24
77 77 59.29
60 60 36.0
72 72 51.84
86 86 73.96
89 89 79.21
43 43 18.49
35 35 12.25
70 70 49.0
36 36 12.96
36 36 12.96
96 96 92.16
81 81 65.61
18 18 3.24
53 53 28.09
36 36 12.96
64 64 40.96
68 68 46.24
23 23 5.29
50 50 25.0
30 30 9.0
27 27 7.29
25 25 6.25
37 37 13.69
86 86 73.96
42 42 17.64
88 88 77.44
15 15 2.25
66 66 43.56
25 25 6.25
23 23 5.29
63 63 39.69
80 80 64.0
47 47 22.09
73 73 53.29
52 52 27.04
94 94 88.36
67 67 44.89
90 90 81.0
53 53 28.09
24 24 5.76
85 85 72.25
48 48 23.04
