100 2363 9.9499
49 39 117.2574
109 99 0.0687
26 16 11.6443
42 32 92.6653
68 58 140.4076
35 25 49.6769
34 24 47.287
73 63 52.0623
81 71 35.3359
26 16 19.3722
17 7 3.2721
66 56 3.1194
38 28 53.4635
71 61 120.4022
40 30 42.4105
89 79 4.1132
18 8 6.5134
25 15 23.6987
12 2 0.344
105 95 0.5098
87 77 49.6363
87 77 50.5401
50 40 14.7417
49 39 57.9404
80 70 22.8499
88 78 33.7605
65 55 14.3375
58 48 41.104
31 21 48.6271
14 4 0.2254
42 32 72.2092
96 86 7.8971
42 32 11.0163
85 75 59.8047
85 75 64.3448
12 2 0.243
57 47 206.2722
30 20 1.4545
13 3 0.289
27 17 18.9714
32 22 30.4342
29 19 22.5745
25 15 10.9084
68 58 98.2249
27 17 13.2442
35 25 12.2083
93 83 27.7226
107 97 0.5904
80 70 58.1515
84 74 32.6316
24 14 7.5933
11 1 0.0685
16 6 1.5229
100 90 3.6591
97 87 6.4032
53 43 146.0606
38 28 12.7247
83 73 8.8698
20 10 0.7497
35 25 17.2991
93 83 23.7936
16 6 2.7484
102 92 4.5605
95 85 18.5667
70 60 67.2912
29 19 30.6394
72 62 90.6486
30 20 21.9206
103 93 3.191
71 61 139.9696
72 62 133.6503
47 37 47.1489
66 56 135.7688
56 46 223.103
81 71 87.2174
62 52 25.3932
21 11 2.8435
23 13 14.7198
17 7 4.4427
27 17 3.7277
95 85 23.5628
12 2 0.0054
55 45 39.0304
81 71 31.0369
88 78 34.3178
70 60 30.0159
79 69 4.9911
63 53 239.0216
103 93 5.0911
91 81 25.3164
29 19 10.8098
69 59 77.2555
105 95 0.3703
60 50 156.9299
100 90 5.2182
79 69 8.5417
46 36 96.8569
100 90 8.8922
56 46 88.5217
13 3 0.9792
