100 2602 9.9499
59 59 34.81
53 53 28.09
98 98 96.04
2 2 0.04
48 48 23.04
36 36 12.96
43 43 18.49
43 43 18.49
21 21 4.41
65 65 42.25
2 2 0.04
47 47 22.09
30 30 9.0
24 24 5.76
65 65 42.25
90 90 81.0
9 9 0.81
56 56 31.36
88 88 77.44
68 68 46.24
62 62 38.44
97 97 94.09
75 75 56.25
42 42 17.64
90 90 81.0
19 19 3.61
13 13 1.69
49 49 24.01
10 10 1.0
32 32 10.24
50 50 25.0
10 10 1.0
42 42 17.64
51 51 26.01
3 3 0.09
49 49 24.01
67 67 44.89
31 31 9.61
22 22 4.84
72 72 51.84
1 1 0.01
2 2 0.04
92 92 84.64
18 18 3.24
17 17 2.89
33 33 10.89
33 33 10.89
73 73 53.29
75 75 56.25
97 97 94.09
56 56 31.36
35 35 12.25
94 94 88.36
16 16 2.56
28 28 7.84
98 98 96.04
78 78 60.84
85 85 72.25
30 30 9.0
97 97 94.09
50 50 25.0
81 81 65.61
55 55 30.25
98 98 96.04
57 57 32.49
8 8 0.64
99 99 98.01
2 2 0.04
35 35 12.25
67 67 44.89
93 93 86.49
4 4 0.16
30 30 9.0
84 84 70.56
83 83 68.89
27 27 7.29
64 64 40.96
91 91 82.81
17 17 2.89
46 46 21.16
32 32 10.24
82 82 67.24
98 98 96.04
16 16 2.56
31 31 9.61
95 95 90.25
69 69 47.61
62 62 38.44
77 77 59.29
62 62 38.44
41 41 16.81
59 59 34.81
88 88 77.44
94 94 88.36
16 16 2.56
74 74 54.76
64 64 40.96
26 26 6.76
94 94 88.36
43 43 18.49
