400 9913 4.3589
67 57 58.1772
15 5 97.2985
59 49 57.6142
27 17 82.8719
79 69 33.3633
76 66 52.2035
18 8 95.3298
16 6 94.4376
44 34 77.1341
25 15 88.9155
64 54 47.5879
83 73 58.3497
91 81 33.8456
54 44 61.4499
71 61 54.7082
54 44 61.2118
96 86 34.4452
65 55 49.5588
70 60 31.2034
34 24 85.3998
46 36 59.9835
35 25 78.4199
105 95 9.2459
38 28 61.9479
57 47 55.8398
60 50 68.5005
18 8 90.9067
81 71 44.9275
92 82 46.496
94 84 29.5414
60 50 64.4199
92 82 53.9196
45 35 72.3282
42 32 69.4656
89 79 34.3548
40 30 75.7579
82 72 35.8933
19 9 91.763
50 40 56.1151
68 58 60.9087
90 80 49.4364
79 69 34.9553
40 30 66.8748
108 98 29.9964
110 100 22.4742
84 74 42.5117
82 72 53.4346
37 27 66.1522
57 47 49.3057
34 24 72.3537
104 94 19.375
26 16 87.7407
59 49 64.4616
14 4 97.3972
103 93 28.345
63 53 38.5641
36 26 72.7933
105 95 40.3593
62 52 39.3794
52 42 59.9215
46 36 81.624
88 78 43.4571
38 28 74.0581
47 37 56.5444
65 55 52.1688
24 14 81.429
23 13 88.1421
40 30 75.6726
56 46 61.7592
65 55 42.5247
73 63 52.2223
11 1 98.8394
18 8 92.9065
67 57 60.2735
59 49 50.2582
85 75 48.1622
13 3 97.0757
78 68 46.2427
91 81 34.3115
36 26 80.0077
52 42 69.8545
71 61 62.1054
86 76 46.8924
65 55 65.1378
44 34 60.0594
63 53 66.8944
55 45 66.8028
94 84 45.5409
105 95 43.5099
76 66 52.192
48 38 69.8378
11 1 99.3052
43 33 76.4366
99 89 37.5904
39 29 79.9629
103 93 27.9778
51 41 52.8107
76 66 41.6903
21 11 89.3271
78 68 43.2753
109 99 15.4583
92 82 58.8412
106 96 43.2188
96 86 18.4943
51 41 62.4795
18 8 90.7847
62 52 61.6916
96 86 41.7613
71 61 41.9036
77 67 66.695
27 17 82.2595
105 95 28.839
26 16 86.7376
44 34 73.6027
44 34 76.6833
29 19 87.0414
101 91 18.9008
13 3 98.2854
53 43 58.7844
96 86 28.7628
64 54 67.6424
26 16 84.5958
43 33 62.0393
19 9 90.0032
59 49 52.4538
102 92 19.0087
46 36 74.1373
58 48 59.739
18 8 94.1773
43 33 70.5802
87 77 60.3061
74 64 44.1972
52 42 70.6659
90 80 27.5583
107 97 13.7945
97 87 36.5191
33 23 80.8399
16 6 94.4551
31 21 85.5496
84 74 54.3051
21 11 88.891
12 2 98.012
37 27 66.8486
31 21 81.9242
26 16 83.8067
98 88 44.3316
17 7 93.8438
81 71 31.7983
44 34 67.5339
92 82 32.8203
27 17 80.5865
80 70 45.4033
57 47 71.7765
52 42 60.7823
107 97 15.1064
86 76 25.1201
84 74 32.0322
84 74 28.3684
60 50 48.4778
30 20 85.2427
13 3 98.0813
22 12 90.9258
76 66 44.7307
63 53 55.5129
29 19 82.2939
86 76 38.8553
50 40 62.7407
100 90 27.0047
73 63 31.7904
90 80 44.8806
19 9 89.0249
70 60 58.0187
83 73 52.6278
89 79 22.1361
21 11 89.5503
15 5 94.5348
30 20 78.7976
13 3 98.3707
74 64 38.9014
32 22 79.242
76 66 40.7108
104 94 51.6443
15 5 96.2361
87 77 29.3558
94 84 45.2579
47 37 62.7026
13 3 97.8813
77 67 31.4048
30 20 72.1022
96 86 36.7515
35 25 81.727
98 88 35.4346
12 2 98.7142
93 83 16.6431
58 48 62.9626
14 4 94.9709
59 49 52.2252
81 71 38.9326
92 82 56.3505
82 72 38.6262
70 60 54.8918
107 97 29.0402
76 66 39.2189
101 91 19.7607
36 26 79.6681
59 49 65.7478
95 85 31.4889
80 70 41.5741
47 37 67.2302
82 72 44.4836
55 45 64.3701
33 23 85.1006
33 23 76.5765
67 57 46.5069
31 21 82.1724
68 58 59.2684
34 24 78.4394
65 55 38.3706
98 88 31.6575
109 99 31.7431
38 28 68.6677
102 92 17.9251
26 16 80.7374
110 100 11.1589
42 32 79.0766
26 16 90.3907
74 64 59.0838
26 16 88.5556
31 21 79.3721
77 67 58.8673
35 25 79.9737
94 84 32.0288
25 15 90.4268
62 52 46.2427
12 2 98.5294
69 59 66.9844
16 6 93.3871
92 82 50.3248
47 37 81.4199
32 22 82.3502
102 92 36.588
65 55 62.4053
72 62 45.0697
73 63 42.3241
54 44 55.7531
93 83 30.878
68 58 55.774
75 65 63.8801
29 19 81.9568
12 2 97.7152
78 68 24.6989
42 32 69.264
67 57 48.1594
59 49 52.7308
99 89 42.7284
16 6 95.5018
91 81 41.5058
68 58 45.3562
17 7 95.3494
88 78 52.3206
32 22 85.9755
69 59 49.0434
70 60 57.3837
68 58 57.6066
71 61 59.5722
12 2 97.2965
28 18 78.434
63 53 49.3267
56 46 73.3746
38 28 80.5417
74 64 46.1625
33 23 86.3227
92 82 56.1406
85 75 45.9101
25 15 87.5291
18 8 91.2273
102 92 32.1376
12 2 98.4798
95 85 39.9765
61 51 50.7813
59 49 61.7859
90 80 45.305
42 32 78.1491
29 19 87.4693
52 42 57.6324
46 36 74.2389
26 16 85.6106
21 11 89.0796
51 41 72.7524
17 7 91.9029
89 79 40.5603
57 47 69.5623
98 88 31.1699
68 58 60.6872
37 27 77.0568
88 78 63.9888
13 3 95.6601
30 20 81.8935
37 27 82.2486
22 12 88.7986
39 29 69.6023
63 53 46.24
36 26 74.9402
57 47 54.652
32 22 76.0105
56 46 55.1158
95 85 22.5055
99 89 15.9002
51 41 62.0267
36 26 77.8753
87 77 44.2438
14 4 94.8968
36 26 67.6424
71 61 49.5137
14 4 96.6958
65 55 54.0828
79 69 42.8043
71 61 44.8137
43 33 70.471
65 55 49.5405
41 31 64.5532
94 84 45.8789
70 60 43.3925
24 14 83.4957
96 86 52.5901
28 18 82.8082
65 55 55.4429
83 73 54.3213
39 29 71.9324
23 13 86.5551
54 44 72.0224
70 60 53.4653
72 62 38.8453
53 43 66.3964
79 69 30.3612
64 54 59.1176
88 78 18.7212
66 56 50.1703
79 69 50.9796
37 27 70.5835
107 97 28.142
48 38 65.2185
102 92 53.1718
92 82 42.289
59 49 73.7383
20 10 90.1019
85 75 45.7476
75 65 64.4777
65 55 59.7885
49 39 61.69
102 92 12.1948
58 48 62.5697
107 97 19.3732
91 81 47.957
60 50 53.1281
25 15 88.7741
33 23 76.5713
83 73 26.4289
27 17 84.9347
41 31 81.5752
14 4 96.4756
77 67 35.1554
99 89 18.1527
43 33 72.8616
91 81 27.1806
23 13 86.2781
66 56 60.3201
78 68 29.5088
40 30 67.5043
64 54 42.8396
57 47 65.0442
21 11 88.1514
57 47 69.3456
76 66 27.9936
104 94 14.1361
53 43 55.4638
44 34 74.351
110 100 6.5403
105 95 32.7859
98 88 42.7284
71 61 52.5147
42 32 71.1408
43 33 66.2091
89 79 25.7637
37 27 79.0979
58 48 65.6165
49 39 74.4407
87 77 28.7017
108 98 20.0991
56 46 61.4609
85 75 39.4472
88 78 22.8016
23 13 81.1405
32 22 78.1173
17 7 93.0723
86 76 53.029
51 41 76.5485
109 99 25.3442
11 1 98.9985
105 95 20.2248
