100 2350 4.3589
47 37 52.7717
16 6 3.2463
61 51 208.061
27 17 13.5173
40 30 92.6553
20 10 4.9656
105 95 0.5563
44 34 75.4213
57 47 153.0185
14 4 1.3471
46 36 56.3282
43 33 70.8596
93 83 5.6359
84 74 45.7013
22 12 1.6849
90 80 8.6112
75 65 103.7157
11 1 0.0502
24 14 10.2912
31 21 23.3112
25 15 1.0101
68 58 144.8032
35 25 50.4879
77 67 85.3305
26 16 0.8706
99 89 6.9401
42 32 74.4374
46 36 138.7823
13 3 0.223
46 36 9.3115
82 72 1.2893
103 93 4.9232
56 46 188.9303
99 89 6.2404
11 1 0.0815
93 83 12.3526
67 57 32.191
83 73 18.5306
28 18 1.9207
40 30 25.8385
51 41 103.165
73 63 31.8451
31 21 11.6584
105 95 2.6733
76 66 75.536
110 100 0.0
55 45 120.8408
93 83 16.065
14 4 0.3283
22 12 10.8956
38 28 80.5235
61 51 119.7087
85 75 54.167
50 40 61.6339
103 93 3.6575
81 71 3.9415
15 5 2.4296
42 32 68.3475
33 23 3.2499
66 56 75.0758
55 45 63.6891
43 33 93.5757
76 66 65.9618
44 34 107.6849
45 35 52.901
31 21 5.3522
58 48 227.1742
56 46 86.9405
28 18 17.0713
64 54 124.7476
57 47 213.4546
54 44 73.9009
56 46 185.2404
71 61 74.0372
100 90 0.804
54 44 178.3183
41 31 85.1001
80 70 39.3911
12 2 0.3792
59 49 232.8009
84 74 55.1448
77 67 69.3381
106 96 1.351
36 26 56.2054
59 49 5.1399
27 17 3.5459
109 99 0.0698
106 96 1.2767
72 62 126.3848
107 97 0.3862
25 15 14.2036
21 11 11.231
39 29 11.9118
43 33 20.5493
21 11 6.5117
108 98 0.3364
71 61 3.8371
71 61 140.8107
105 95 1.7852
36 26 63.0216
