100 2541 9.9499
93 83 33.1949
59 49 69.9833
24 14 87.6152
58 48 57.3973
76 66 55.3997
16 6 93.8864
59 49 72.3435
25 15 89.0664
46 36 65.0781
39 29 81.6583
74 64 50.491
36 26 78.1986
47 37 73.0529
104 94 17.3081
70 60 55.4265
74 64 52.1948
89 79 42.0812
84 74 38.7955
31 21 83.6969
24 14 88.2472
76 66 60.0238
20 10 88.7797
21 11 87.4711
78 68 58.3314
91 81 31.0282
29 19 89.4235
108 98 29.8881
110 100 32.0786
71 61 41.6722
52 42 53.6586
91 81 37.8213
88 78 26.2605
31 21 84.4487
16 6 91.8339
33 23 82.1706
40 30 72.0801
101 91 39.7555
64 54 55.2986
15 5 94.8364
100 90 56.4046
46 36 69.1326
12 2 97.2946
110 100 25.042
108 98 18.9617
51 41 78.1456
110 100 30.4594
49 39 72.5529
15 5 95.7032
101 91 18.484
34 24 68.7954
59 49 64.0576
25 15 86.5867
54 44 69.4056
59 49 73.9858
83 73 55.1113
56 46 56.7521
88 78 62.3989
106 96 22.7959
31 21 86.6314
52 42 52.2715
73 63 56.2425
22 12 88.7967
34 24 73.8947
30 20 83.5926
83 73 44.0577
80 70 30.4583
47 37 58.6097
91 81 26.4638
45 35 69.1143
72 62 48.2956
31 21 80.556
13 3 97.0205
90 80 56.8456
105 95 25.3089
64 54 60.1075
84 74 45.4128
95 85 34.8785
37 27 74.4148
108 98 18.2654
57 47 52.9227
77 67 52.166
93 83 26.282
70 60 64.0528
52 42 60.109
63 53 73.3901
103 93 18.9861
54 44 67.5717
75 65 49.4448
38 28 68.7656
102 92 49.5855
24 14 89.1344
100 90 29.2346
53 43 59.233
20 10 88.1308
80 70 47.5162
39 29 80.1884
69 59 61.334
27 17 79.0072
16 6 92.814
54 44 58.1742
