100 2562 9.9499
88 78 15.9456
74 64 135.37
76 66 98.6551
34 24 32.1209
31 21 39.6719
51 41 109.7904
71 61 23.248
55 45 191.3572
34 24 47.7563
48 38 53.2443
26 16 9.9294
49 39 45.0764
106 96 0.0145
35 25 16.0433
17 7 5.3259
95 85 20.446
106 96 1.5596
71 61 139.2546
42 32 80.2302
54 44 71.8405
87 77 39.2343
92 82 35.305
63 53 32.4003
96 86 16.4568
18 8 3.2963
102 92 4.1841
100 90 7.17
11 1 0.0539
71 61 119.3626
35 25 49.7015
99 89 4.0594
83 73 43.6319
96 86 17.64
101 91 8.8724
12 2 0.359
86 76 4.413
37 27 64.1948
60 50 246.7596
24 14 8.1734
78 68 103.6075
64 54 4.3671
89 79 23.1834
14 4 0.5743
81 71 12.7973
106 96 1.4139
83 73 33.5987
77 67 69.3077
104 94 1.3796
28 18 18.8639
35 25 15.9068
74 64 7.6687
16 6 3.7378
46 36 98.2073
20 10 9.4328
71 61 45.1169
22 12 12.791
12 2 0.3076
51 41 67.992
106 96 0.7504
38 28 12.6626
55 45 127.4896
55 45 171.5575
86 76 8.7482
44 34 93.1882
16 6 0.7275
83 73 72.7515
28 18 24.7746
39 29 11.8224
98 88 3.3856
38 28 65.3874
107 97 0.081
69 59 13.0155
57 47 130.6131
54 44 104.5357
89 79 16.5555
70 60 60.3246
12 2 0.2281
64 54 196.2698
95 85 21.9575
90 80 26.6085
27 17 4.1279
68 58 77.8531
54 44 124.0943
96 86 15.3844
92 82 25.3488
49 39 137.5021
20 10 6.3891
76 66 31.345
72 62 134.362
67 57 82.9653
88 78 16.1406
85 75 31.9926
18 8 2.8933
41 31 63.4293
48 38 79.2293
73 63 146.5712
32 22 24.5734
63 53 81.2037
94 84 1.2006
62 52 192.6
