900 22770 9.9499
10 10 1.0
48 48 23.04
19 19 3.61
71 71 50.41
74 74 54.76
69 69 47.61
73 73 53.29
98 98 96.04
98 98 96.04
81 81 65.61
15 15 2.25
86 86 73.96
67 67 44.89
32 32 10.24
75 75 56.25
73 73 53.29
92 92 84.64
96 96 92.16
97 97 94.09
3 3 0.09
6 6 0.36
92 92 84.64
20 20 4.0
23 23 5.29
58 58 33.64
85 85 72.25
57 57 32.49
50 50 25.0
64 64 40.96
79 79 62.41
18 18 3.24
50 50 25.0
28 28 7.84
68 68 46.24
96 96 92.16
16 16 2.56
100 100 100.0
8 8 0.64
48 48 23.04
84 84 70.56
48 48 23.04
44 44 19.36
74 74 54.76
74 74 54.76
61 61 37.21
1 1 0.01
3 3 0.09
12 12 1.44
65 65 42.25
11 11 1.21
60 60 36.0
90 90 81.0
54 54 29.16
17 17 2.89
14 14 1.96
4 4 0.16
75 75 56.25
10 10 1.0
45 45 20.25
45 45 20.25
8 8 0.64
46 46 21.16
55 55 30.25
8 8 0.64
100 100 100.0
66 66 43.56
9 9 0.81
25 25 6.25
86 86 73.96
9 9 0.81
85 85 72.25
54 54 29.16
73 73 53.29
53 53 28.09
15 15 2.25
66 66 43.56
29 29 8.41
97 97 94.09
15 15 2.25
55 55 30.25
90 90 81.0
29 29 8.41
27 27 7.29
36 36 12.96
70 70 49.0
83 83 68.89
13 13 1.69
31 31 9.61
8 8 0.64
4 4 0.16
73 73 53.29
91 91 82.81
18 18 3.24
35 35 12.25
2 2 0.04
58 58 33.64
62 62 38.44
75 75 56.25
93 93 86.49
96 96 92.16
2 2 0.04
61 61 37.21
4 4 0.16
69 69 47.61
28 28 7.84
4 4 0.16
36 36 12.96
5 5 0.25
50 50 25.0
6 6 0.36
3 3 0.09
91 91 82.81
41 41 16.81
86 86 73.96
83 83 68.89
70 70 49.0
27 27 7.29
13 13 1.69
36 36 12.96
48 48 23.04
16 16 2.56
30 30 9.0
77 77 59.29
47 47 22.09
71 71 50.41
81 81 65.61
44 44 19.36
53 53 28.09
5 5 0.25
48 48 23.04
33 33 10.89
8 8 0.64
93 93 86.49
54 54 29.16
77 77 59.29
19 19 3.61
67 67 44.89
2 2 0.04
30 30 9.0
92 92 84.64
87 87 75.69
75 75 56.25
75 75 56.25
84 84 70.56
23 23 5.29
60 60 36.0
13 13 1.69
52 52 27.04
49 49 24.01
60 60 36.0
47 47 22.09
62 62 38.44
83 83 68.89
23 23 5.29
42 42 17.64
24 24 5.76
60 60 36.0
6 6 0.36
6 6 0.36
68 68 46.24
95 95 90.25
45 45 20.25
11 11 1.21
67 67 44.89
66 66 43.56
56 56 31.36
16 16 2.56
35 35 12.25
43 43 18.49
32 32 10.24
47 47 22.09
7 7 0.49
58 58 33.64
79 79 62.41
68 68 46.24
11 11 1.21
96 96 92.16
10 10 1.0
2 2 0.04
96 96 92.16
95 95 90.25
91 91 82.81
1 1 0.01
98 98 96.04
95 95 90.25
80 80 64.0
58 58 33.64
7 7 0.49
100 100 100.0
66 66 43.56
29 29 8.41
11 11 1.21
91 91 82.81
83 83 68.89
89 89 79.21
20 20 4.0
99 99 98.01
47 47 22.09
39 39 15.21
52 52 27.04
65 65 42.25
93 93 86.49
31 31 9.61
74 74 54.76
19 19 3.61
10 10 1.0
65 65 42.25
7 7 0.49
31 31 9.61
60 60 36.0
34 34 11.56
100 100 100.0
99 99 98.01
21 21 4.41
71 71 50.41
75 75 56.25
49 49 24.01
55 55 30.25
55 55 30.25
16 16 2.56
8 8 0.64
100 100 100.0
34 34 11.56
25 25 6.25
78 78 60.84
7 7 0.49
43 43 18.49
78 78 60.84
3 3 0.09
44 44 19.36
63 63 39.69
90 90 81.0
33 33 10.89
85 85 72.25
23 23 5.29
67 67 44.89
20 20 4.0
74 74 54.76
94 94 88.36
58 58 33.64
74 74 54.76
1 1 0.01
62 62 38.44
66 66 43.56
74 74 54.76
2 2 0.04
26 26 6.76
78 78 60.84
56 56 31.36
14 14 1.96
24 24 5.76
40 40 16.0
34 34 11.56
40 40 16.0
52 52 27.04
26 26 6.76
89 89 79.21
71 71 50.41
81 81 65.61
69 69 47.61
55 55 30.25
20 20 4.0
6 6 0.36
98 98 96.04
43 43 18.49
46 46 21.16
52 52 27.04
20 20 4.0
23 23 5.29
43 43 18.49
26 26 6.76
61 61 37.21
62 62 38.44
21 21 4.41
8 8 0.64
3 3 0.09
68 68 46.24
95 95 90.25
8 8 0.64
38 38 14.44
36 36 12.96
63 63 39.69
42 42 17.64
96 96 92.16
71 71 50.41
6 6 0.36
81 81 65.61
20 20 4.0
79 79 62.41
31 31 9.61
1 1 0.01
64 64 40.96
20 20 4.0
76 76 57.76
57 57 32.49
48 48 23.04
23 23 5.29
66 66 43.56
5 5 0.25
15 15 2.25
55 55 30.25
12 12 1.44
43 43 18.49
85 85 72.25
3 3 0.09
2 2 0.04
85 85 72.25
18 18 3.24
40 40 16.0
52 52 27.04
47 47 22.09
28 28 7.84
84 84 70.56
62 62 38.44
6 6 0.36
33 33 10.89
69 69 47.61
68 68 46.24
32 32 10.24
15 15 2.25
5 5 0.25
36 36 12.96
11 11 1.21
29 29 8.41
46 46 21.16
94 94 88.36
74 74 54.76
73 73 53.29
90 90 81.0
78 78 60.84
69 69 47.61
63 63 39.69
26 26 6.76
36 36 12.96
74 74 54.76
44 44 19.36
64 64 40.96
20 20 4.0
59 59 34.81
96 96 92.16
58 58 33.64
83 83 68.89
20 20 4.0
90 90 81.0
15 15 2.25
6 6 0.36
55 55 30.25
51 51 26.01
54 54 29.16
47 47 22.09
32 32 10.24
72 72 51.84
92 92 84.64
50 50 25.0
50 50 25.0
65 65 42.25
64 64 40.96
38 38 14.44
27 27 7.29
76 76 57.76
66 66 43.56
59 59 34.81
34 34 11.56
86 86 73.96
63 63 39.69
24 24 5.76
20 20 4.0
88 88 77.44
85 85 72.25
65 65 42.25
49 49 24.01
30 30 9.0
91 91 82.81
5 5 0.25
94 94 88.36
41 41 16.81
8 8 0.64
58 58 33.64
36 36 12.96
23 23 5.29
46 46 21.16
6 6 0.36
54 54 29.16
86 86 73.96
47 47 22.09
38 38 14.44
3 3 0.09
64 64 40.96
69 69 47.61
4 4 0.16
71 71 50.41
27 27 7.29
96 96 92.16
80 80 64.0
23 23 5.29
4 4 0.16
85 85 72.25
64 64 40.96
40 40 16.0
25 25 6.25
60 60 36.0
31 31 9.61
14 14 1.96
73 73 53.29
32 32 10.24
11 11 1.21
22 22 4.84
35 35 12.25
82 82 67.24
71 71 50.41
81 81 65.61
78 78 60.84
16 16 2.56
100 100 100.0
45 45 20.25
93 93 86.49
5 5 0.25
98 98 96.04
70 70 49.0
15 15 2.25
70 70 49.0
73 73 53.29
41 41 16.81
23 23 5.29
1 1 0.01
39 39 15.21
76 76 57.76
22 22 4.84
48 48 23.04
87 87 75.69
7 7 0.49
67 67 44.89
91 91 82.81
58 58 33.64
22 22 4.84
30 30 9.0
36 36 12.96
64 64 40.96
85 85 72.25
63 63 39.69
18 18 3.24
82 82 67.24
96 96 92.16
37 37 13.69
29 29 8.41
23 23 5.29
68 68 46.24
35 35 12.25
84 84 70.56
53 53 28.09
34 34 11.56
67 67 44.89
27 27 7.29
2 2 0.04
58 58 33.64
86 86 73.96
47 47 22.09
19 19 3.61
97 97 94.09
44 44 19.36
43 43 18.49
61 61 37.21
30 30 9.0
9 9 0.81
75 75 56.25
5 5 0.25
12 12 1.44
82 82 67.24
34 34 11.56
68 68 46.24
51 51 26.01
56 56 31.36
19 19 3.61
48 48 23.04
69 69 47.61
18 18 3.24
15 15 2.25
58 58 33.64
12 12 1.44
67 67 44.89
1 1 0.01
41 41 16.81
21 21 4.41
24 24 5.76
1 1 0.01
65 65 42.25
88 88 77.44
44 44 19.36
73 73 53.29
74 74 54.76
35 35 12.25
96 96 92.16
90 90 81.0
28 28 7.84
82 82 67.24
51 51 26.01
27 27 7.29
7 7 0.49
44 44 19.36
94 94 88.36
45 45 20.25
14 14 1.96
59 59 34.81
6 6 0.36
73 73 53.29
1 1 0.01
80 80 64.0
60 60 36.0
70 70 49.0
37 37 13.69
7 7 0.49
22 22 4.84
97 97 94.09
34 34 11.56
59 59 34.81
52 52 27.04
56 56 31.36
34 34 11.56
42 42 17.64
19 19 3.61
88 88 77.44
79 79 62.41
82 82 67.24
76 76 57.76
31 31 9.61
12 12 1.44
17 17 2.89
34 34 11.56
51 51 26.01
19 19 3.61
34 34 11.56
17 17 2.89
54 54 29.16
47 47 22.09
20 20 4.0
33 33 10.89
39 39 15.21
61 61 37.21
97 97 94.09
17 17 2.89
28 28 7.84
44 44 19.36
89 89 79.21
51 51 26.01
38 38 14.44
45 45 20.25
7 7 0.49
21 21 4.41
71 71 50.41
54 54 29.16
95 95 90.25
16 16 2.56
20 20 4.0
76 76 57.76
9 9 0.81
6 6 0.36
94 94 88.36
98 98 96.04
77 77 59.29
51 51 26.01
58 58 33.64
6 6 0.36
23 23 5.29
69 69 47.61
95 95 90.25
68 68 46.24
37 37 13.69
6 6 0.36
94 94 88.36
93 93 86.49
9 9 0.81
77 77 59.29
84 84 70.56
96 96 92.16
34 34 11.56
89 89 79.21
81 81 65.61
9 9 0.81
28 28 7.84
3 3 0.09
26 26 6.76
94 94 88.36
29 29 8.41
65 65 42.25
70 70 49.0
60 60 36.0
100 100 100.0
97 97 94.09
86 86 73.96
50 50 25.0
48 48 23.04
62 62 38.44
93 93 86.49
49 49 24.01
34 34 11.56
62 62 38.44
15 15 2.25
72 72 51.84
32 32 10.24
80 80 64.0
85 85 72.25
77 77 59.29
39 39 15.21
18 18 3.24
94 94 88.36
95 95 90.25
30 30 9.0
52 52 27.04
61 61 37.21
72 72 51.84
20 20 4.0
67 67 44.89
84 84 70.56
25 25 6.25
55 55 30.25
84 84 70.56
11 11 1.21
17 17 2.89
4 4 0.16
62 62 38.44
7 7 0.49
48 48 23.04
42 42 17.64
11 11 1.21
8 8 0.64
45 45 20.25
36 36 12.96
49 49 24.01
22 22 4.84
68 68 46.24
97 97 94.09
12 12 1.44
16 16 2.56
34 34 11.56
97 97 94.09
43 43 18.49
63 63 39.69
2 2 0.04
48 48 23.04
32 32 10.24
95 95 90.25
43 43 18.49
92 92 84.64
12 12 1.44
2 2 0.04
52 52 27.04
30 30 9.0
85 85 72.25
40 40 16.0
50 50 25.0
34 34 11.56
79 79 62.41
97 97 94.09
82 82 67.24
47 47 22.09
47 47 22.09
11 11 1.21
90 90 81.0
59 59 34.81
95 95 90.25
93 93 86.49
47 47 22.09
58 58 33.64
93 93 86.49
84 84 70.56
17 17 2.89
29 29 8.41
92 92 84.64
36 36 12.96
36 36 12.96
49 49 24.01
15 15 2.25
27 27 7.29
97 97 94.09
84 84 70.56
74 74 54.76
68 68 46.24
22 22 4.84
1 1 0.01
78 78 60.84
62 62 38.44
68 68 46.24
85 85 72.25
86 86 73.96
39 39 15.21
76 76 57.76
59 59 34.81
93 93 86.49
63 63 39.69
8 8 0.64
100 100 100.0
42 42 17.64
37 37 13.69
18 18 3.24
90 90 81.0
76 76 57.76
23 23 5.29
81 81 65.61
86 86 73.96
94 94 88.36
82 82 67.24
31 31 9.61
55 55 30.25
49 49 24.01
29 29 8.41
89 89 79.21
49 49 24.01
54 54 29.16
41 41 16.81
12 12 1.44
93 93 86.49
59 59 34.81
7 7 0.49
2 2 0.04
57 57 32.49
52 52 27.04
44 44 19.36
75 75 56.25
1 1 0.01
97 97 94.09
10 10 1.0
20 20 4.0
92 92 84.64
88 88 77.44
19 19 3.61
75 75 56.25
29 29 8.41
9 9 0.81
11 11 1.21
9 9 0.81
56 56 31.36
76 76 57.76
43 43 18.49
68 68 46.24
94 94 88.36
71 71 50.41
68 68 46.24
29 29 8.41
78 78 60.84
56 56 31.36
87 87 75.69
92 92 84.64
83 83 68.89
10 10 1.0
23 23 5.29
31 31 9.61
73 73 53.29
96 96 92.16
51 51 26.01
29 29 8.41
55 55 30.25
67 67 44.89
48 48 23.04
58 58 33.64
92 92 84.64
75 75 56.25
80 80 64.0
87 87 75.69
10 10 1.0
70 70 49.0
81 81 65.61
86 86 73.96
100 100 100.0
86 86 73.96
85 85 72.25
90 90 81.0
42 42 17.64
70 70 49.0
17 17 2.89
18 18 3.24
91 91 82.81
54 54 29.16
44 44 19.36
27 27 7.29
1 1 0.01
7 7 0.49
62 62 38.44
92 92 84.64
12 12 1.44
45 45 20.25
58 58 33.64
81 81 65.61
78 78 60.84
44 44 19.36
59 59 34.81
44 44 19.36
91 91 82.81
27 27 7.29
85 85 72.25
16 16 2.56
79 79 62.41
64 64 40.96
83 83 68.89
8 8 0.64
100 100 100.0
26 26 6.76
4 4 0.16
67 67 44.89
16 16 2.56
57 57 32.49
27 27 7.29
88 88 77.44
36 36 12.96
34 34 11.56
61 61 37.21
42 42 17.64
10 10 1.0
15 15 2.25
47 47 22.09
66 66 43.56
24 24 5.76
56 56 31.36
68 68 46.24
32 32 10.24
75 75 56.25
68 68 46.24
97 97 94.09
37 37 13.69
19 19 3.61
3 3 0.09
98 98 96.04
9 9 0.81
46 46 21.16
47 47 22.09
19 19 3.61
30 30 9.0
59 59 34.81
60 60 36.0
96 96 92.16
50 50 25.0
31 31 9.61
79 79 62.41
39 39 15.21
38 38 14.44
97 97 94.09
8 8 0.64
51 51 26.01
34 34 11.56
85 85 72.25
67 67 44.89
30 30 9.0
59 59 34.81
91 91 82.81
61 61 37.21
94 94 88.36
58 58 33.64
55 55 30.25
10 10 1.0
95 95 90.25
49 49 24.01
72 72 51.84
18 18 3.24
66 66 43.56
7 7 0.49
55 55 30.25
90 90 81.0
44 44 19.36
83 83 68.89
67 67 44.89
77 77 59.29
78 78 60.84
78 78 60.84
16 16 2.56
3 3 0.09
53 53 28.09
67 67 44.89
56 56 31.36
16 16 2.56
32 32 10.24
94 94 88.36
12 12 1.44
12 12 1.44
89 89 79.21
70 70 49.0
50 50 25.0
74 74 54.76
91 91 82.81
77 77 59.29
81 81 65.61
6 6 0.36
12 12 1.44
58 58 33.64
20 20 4.0
70 70 49.0
34 34 11.56
50 50 25.0
21 21 4.41
99 99 98.01
10 10 1.0
47 47 22.09
21 21 4.41
99 99 98.01
14 14 1.96
70 70 49.0
93 93 86.49
67 67 44.89
55 55 30.25
46 46 21.16
97 97 94.09
72 72 51.84
