400 9976 4.3589
12 2 0.3716
89 79 34.0686
27 17 30.1489
32 22 13.9041
45 35 108.2496
96 86 14.6306
22 12 1.4084
58 48 72.7345
59 49 258.5586
57 47 155.3244
70 60 119.2762
51 41 145.8847
54 44 26.4647
98 88 3.0004
57 47 159.6002
25 15 18.4913
66 56 30.3858
74 64 143.5161
96 86 18.9991
40 30 61.9556
96 86 2.837
100 90 1.8462
102 92 0.7821
95 85 3.4251
61 51 226.2507
11 1 0.0608
81 71 77.2886
36 26 38.9226
40 30 24.4573
26 16 20.3467
53 43 106.5231
94 84 9.8356
41 31 91.0639
18 8 3.2268
88 78 17.9601
18 8 2.1776
20 10 2.6584
32 22 41.89
68 58 91.0505
85 75 63.2846
82 72 72.7151
26 16 27.8169
76 66 69.9579
26 16 3.7411
92 82 14.9198
110 100 0.0
46 36 44.496
67 57 34.0316
48 38 32.9632
104 94 1.6919
57 47 63.9689
38 28 10.2049
67 57 131.5075
86 76 31.4134
72 62 148.9614
23 13 10.3573
68 58 153.1142
30 20 16.1345
66 56 118.0223
82 72 62.8392
91 81 7.4091
100 90 10.6859
39 29 85.7273
95 85 18.9474
62 52 12.5139
41 31 79.9572
45 35 33.6932
51 41 7.248
90 80 14.5024
84 74 29.9667
49 39 134.1546
52 42 0.1416
67 57 36.4326
20 10 5.8495
62 52 179.2629
82 72 24.049
68 58 183.8613
79 69 40.3073
28 18 26.7812
98 88 9.5381
23 13 14.0046
77 67 47.5709
12 2 0.3692
77 67 109.2657
16 6 1.8097
89 79 12.419
53 43 42.7296
64 54 210.4927
109 99 0.0535
65 55 143.6527
15 5 1.8512
55 45 10.2725
55 45 98.3447
59 49 8.9823
69 59 23.367
97 87 3.9642
33 23 34.02
19 9 3.2053
40 30 94.6371
51 41 154.8076
33 23 5.9967
41 31 86.2102
55 45 67.9515
57 47 44.6797
82 72 65.9868
33 23 26.2237
105 95 2.1387
66 56 116.008
16 6 0.5744
39 29 29.3323
108 98 0.2965
88 78 23.826
41 31 50.6454
100 90 5.2462
69 59 93.1516
24 14 12.9231
48 38 53.0297
97 87 7.5613
47 37 143.5706
60 50 87.3304
28 18 11.0177
85 75 54.9306
66 56 105.9182
93 83 23.237
17 7 3.6464
38 28 20.3594
102 92 3.7932
74 64 99.2997
34 24 4.0803
14 4 1.0786
14 4 1.2342
93 83 9.9339
38 28 17.5219
16 6 1.1893
15 5 0.1517
55 45 58.2448
82 72 85.3176
93 83 7.2984
101 91 1.9653
21 11 7.3722
57 47 37.9623
68 58 4.481
42 32 81.1617
110 100 0.0
60 50 28.3928
77 67 19.2619
62 52 250.6262
87 77 28.8929
73 63 11.716
31 21 48.1497
64 54 55.3458
48 38 70.8038
48 38 99.9162
43 33 120.5482
77 67 89.7968
71 61 38.365
27 17 27.1668
59 49 108.1007
72 62 158.3404
33 23 41.2513
65 55 112.2877
14 4 0.4738
103 93 4.2912
39 29 42.0265
102 92 5.4788
63 53 179.6755
44 34 86.3469
102 92 1.7048
35 25 41.3888
100 90 8.3673
20 10 7.1682
70 60 23.3166
104 94 1.6108
101 91 5.9046
35 25 37.2126
49 39 50.4643
71 61 86.0406
73 63 94.1216
43 33 28.7461
50 40 120.9687
46 36 46.7088
61 51 105.8913
52 42 90.9289
94 84 6.8694
60 50 120.5552
87 77 16.4994
43 33 107.1918
89 79 15.385
20 10 8.6707
26 16 24.3615
56 46 145.0443
97 87 2.134
24 14 1.4759
51 41 62.7263
99 89 1.9592
109 99 0.0744
89 79 37.8558
53 43 71.057
15 5 0.9546
80 70 69.7416
93 83 5.7611
27 17 31.752
47 37 136.9522
23 13 6.5695
73 63 15.7966
35 25 62.3602
47 37 44.9964
98 88 5.7805
24 14 4.1253
80 70 20.2493
36 26 40.7375
74 64 8.5393
48 38 52.6591
62 52 194.6006
24 14 21.7295
30 20 24.7458
75 65 16.3072
36 26 21.1914
107 97 0.6496
25 15 23.4012
91 81 17.8598
55 45 58.5927
78 68 66.2821
88 78 7.3167
58 48 111.6404
20 10 8.2643
13 3 0.162
98 88 6.0586
13 3 0.1848
29 19 31.8245
100 90 1.7084
81 71 10.2424
70 60 100.7883
103 93 5.2685
93 83 7.1956
75 65 110.3641
69 59 89.742
21 11 6.6462
16 6 2.4048
65 55 33.7818
45 35 75.269
22 12 5.6957
25 15 23.6409
23 13 3.8007
25 15 8.9048
101 91 4.5563
31 21 44.633
36 26 28.2668
33 23 52.421
74 64 73.6752
109 99 0.0632
52 42 90.9985
86 76 33.9548
78 68 66.2237
77 67 6.7684
62 52 206.7513
74 64 37.5273
37 27 67.0098
63 53 130.3241
73 63 91.4619
80 70 78.7992
58 48 62.3678
85 75 24.8487
62 52 188.8365
78 68 107.3129
79 69 55.8689
99 89 6.2438
100 90 3.4212
97 87 11.3815
27 17 10.1377
37 27 35.4735
60 50 205.1693
86 76 11.0934
101 91 1.6788
61 51 69.483
91 81 5.6112
35 25 38.7957
24 14 20.3016
101 91 7.3172
19 9 1.9762
27 17 3.6135
24 14 19.1221
72 62 23.1037
57 47 89.4827
96 86 8.1946
64 54 169.6356
109 99 0.1034
84 74 62.3429
91 81 4.6988
106 96 1.7501
18 8 4.5109
101 91 4.9115
68 58 58.4774
22 12 13.7445
51 41 34.0084
90 80 35.298
16 6 0.0177
21 11 9.9333
28 18 24.7274
63 53 53.149
74 64 55.6704
90 80 12.9818
71 61 97.6044
105 95 1.0906
85 75 44.9915
29 19 15.7127
77 67 13.8704
89 79 18.8889
58 48 126.2977
101 91 8.4236
65 55 190.7144
30 20 15.539
57 47 146.7259
24 14 11.6219
53 43 0.5059
81 71 26.8862
48 38 159.4769
28 18 16.1914
70 60 95.5771
65 55 222.1078
49 39 111.9075
92 82 35.632
11 1 0.0429
82 72 42.6771
20 10 9.3456
109 99 0.021
68 58 71.6494
80 70 60.6476
31 21 14.2723
66 56 22.4153
78 68 55.5995
46 36 140.2433
35 25 56.7085
14 4 0.8155
103 93 3.8055
105 95 2.4335
82 72 50.2477
89 79 14.6614
44 34 26.3055
107 97 0.4883
92 82 29.5703
104 94 1.0154
39 29 23.1217
66 56 159.9214
59 49 214.5707
100 90 1.2288
48 38 14.3924
37 27 13.4098
30 20 16.9504
89 79 10.9802
26 16 7.2229
90 80 28.0612
57 47 153.8237
45 35 24.3626
87 77 12.7775
32 22 1.3651
41 31 22.3088
78 68 82.434
68 58 37.677
12 2 0.1748
20 10 6.0824
43 33 119.7887
49 39 120.6812
87 77 49.0721
23 13 14.9191
96 86 16.6572
17 7 2.2547
65 55 128.334
86 76 3.1446
35 25 40.6413
22 12 3.7736
58 48 102.4438
64 54 18.3787
46 36 62.0696
71 61 89.6054
64 54 74.2351
12 2 0.2037
56 46 11.3219
68 58 154.5193
49 39 9.9466
100 90 5.6009
36 26 27.531
52 42 182.348
59 49 148.3238
83 73 11.2043
109 99 0.0202
83 73 9.0295
87 77 8.5515
56 46 133.5977
21 11 6.4986
32 22 31.343
47 37 100.1635
46 36 14.3249
17 7 3.5221
22 12 0.1593
11 1 0.0622
66 56 12.8635
12 2 0.236
106 96 1.39
81 71 12.9139
