100 2584 9.9499
69 59 53.8125
110 100 42.8829
79 69 47.3605
32 22 74.3596
57 47 62.066
83 73 34.2529
57 47 54.0181
64 54 56.7943
107 97 21.3518
25 15 90.4344
71 61 55.2376
42 32 65.4432
52 42 63.1055
67 57 53.8844
53 43 62.4637
60 50 66.5676
31 21 86.5346
71 61 41.2755
95 85 58.5286
104 94 24.8104
83 73 45.8586
41 31 81.5915
75 65 27.5394
55 45 71.1256
84 74 39.3142
95 85 23.1698
32 22 84.0137
57 47 54.7511
90 80 39.9917
110 100 19.4781
103 93 36.8061
37 27 74.2492
48 38 53.9534
50 40 56.6136
70 60 41.9451
42 32 80.9568
29 19 77.6055
13 3 96.0949
94 84 34.0461
19 9 89.5673
31 21 82.9684
60 50 56.1241
104 94 36.0889
28 18 89.9823
48 38 71.8917
57 47 67.4665
71 61 67.1105
13 3 97.413
77 67 29.0834
85 75 53.3762
34 24 76.468
104 94 18.1996
19 9 87.4356
28 18 89.3498
63 53 57.0387
73 63 41.3655
93 83 44.2531
33 23 80.946
67 57 33.7921
110 100 14.8942
49 39 59.5876
91 81 33.2479
52 42 68.9597
91 81 34.3818
20 10 89.2231
53 43 68.8435
32 22 86.4175
102 92 32.3693
106 96 40.9165
60 50 57.0418
25 15 82.8318
61 51 67.4534
27 17 78.8349
31 21 85.0287
38 28 83.1179
89 79 60.0548
68 58 56.0627
41 31 75.831
93 83 33.413
43 33 76.5713
59 49 68.2326
57 47 49.098
63 53 64.1217
41 31 69.9632
50 40 71.0362
44 34 67.7708
86 76 26.9164
74 64 44.3156
68 58 48.6883
83 73 63.0801
78 68 35.934
90 80 50.7614
13 3 97.3261
18 8 93.625
97 87 19.9273
77 67 35.0275
19 9 92.2906
78 68 57.5823
46 36 70.382
102 92 19.6612
