400 9820 4.3589
55 45 10.5313
107 97 53.1383
71 61 22.2576
101 91 32.4159
99 89 30.1346
23 13 0.8643
75 65 26.9652
75 65 16.5804
99 89 61.6916
46 36 4.6363
102 92 22.388
86 76 50.4597
75 65 29.4849
92 82 31.9315
53 43 17.3664
22 12 1.1792
23 13 0.5329
15 5 0.1935
82 72 34.2974
11 1 0.0043
42 32 7.3593
17 7 0.4176
67 57 11.0105
17 7 0.4761
40 30 4.5224
68 58 8.7521
87 77 32.1591
82 72 32.2317
45 35 4.5182
110 100 39.8552
99 89 68.2573
27 17 1.0227
100 90 27.8235
34 24 1.5942
38 28 6.1296
97 87 56.6873
105 95 60.734
106 96 87.5984
63 53 15.5607
78 68 21.8407
14 4 0.0603
33 23 2.5208
60 50 19.4437
41 31 2.8893
81 71 30.3645
57 47 18.5063
25 15 2.202
35 25 4.1914
51 41 14.5916
50 40 12.1927
85 75 28.7328
23 13 1.1533
51 41 14.1978
18 8 0.3909
22 12 0.6273
107 97 78.8544
53 43 13.8391
16 6 0.1249
16 6 0.2487
18 8 0.2138
38 28 4.116
11 1 0.0054
107 97 25.779
94 84 18.9034
52 42 4.8224
63 53 14.2612
18 8 0.3154
13 3 0.038
72 62 24.3927
97 87 60.8244
36 26 6.1108
32 22 2.8754
92 82 29.267
54 44 10.2285
20 10 0.6788
50 40 15.4724
73 63 32.1931
109 99 56.4392
15 5 0.0644
16 6 0.2097
58 48 6.9522
91 81 37.2429
74 64 24.8183
28 18 1.0578
78 68 15.5662
64 54 13.7507
89 79 32.4205
25 15 1.57
37 27 4.4656
93 83 59.3994
32 22 2.5747
20 10 0.8718
30 20 3.2271
95 85 47.8809
36 26 2.6935
59 49 13.753
23 13 0.4931
85 75 22.6995
19 9 0.7269
74 64 14.0071
72 62 19.1039
15 5 0.2171
23 13 0.6389
88 78 36.42
19 9 0.4222
94 84 56.0312
27 17 2.1445
18 8 0.1852
46 36 3.9685
20 10 0.5336
84 74 19.8586
74 64 32.3215
100 90 42.3762
26 16 0.7283
34 24 3.2891
66 56 14.4841
96 86 69.4072
87 77 30.9481
51 41 15.2334
104 94 71.1357
89 79 29.0985
58 48 13.9271
57 47 17.9031
104 94 43.7371
11 1 0.0065
71 61 10.247
26 16 0.7128
73 63 25.4773
22 12 0.5794
68 58 18.9129
75 65 12.6743
91 81 50.9139
95 85 23.9757
69 59 15.2881
88 78 51.9336
104 94 56.265
57 47 7.2259
98 88 21.0195
96 86 46.2196
100 90 76.3859
75 65 29.3829
44 34 4.7891
43 33 7.579
72 62 29.0866
31 21 2.9101
93 83 19.7118
78 68 39.0388
16 6 0.1413
14 4 0.1561
91 81 23.3473
72 62 27.5016
88 78 17.8743
51 41 6.8231
38 28 5.3269
50 40 14.2922
87 77 34.0787
56 46 6.0432
93 83 60.3341
18 8 0.6084
90 80 24.6671
52 42 9.99
31 21 2.8839
99 89 49.8295
64 54 19.0558
109 99 36.1417
52 42 10.4239
90 80 29.733
56 46 14.5939
43 33 5.7437
38 28 3.5284
93 83 22.7195
94 84 61.6916
17 7 0.2867
43 33 6.6111
65 55 22.1577
23 13 0.8573
93 83 43.9012
35 25 1.8244
91 81 50.7956
91 81 43.8933
58 48 6.4374
41 31 8.8542
102 92 73.9136
107 97 80.4573
63 53 19.1161
70 60 10.5034
26 16 0.9661
80 70 38.7768
22 12 1.1936
46 36 9.3863
15 5 0.2301
63 53 9.5666
13 3 0.0349
100 90 39.3568
64 54 25.8125
12 2 0.0201
90 80 60.6561
64 54 15.3907
35 25 5.1117
83 73 15.1041
87 77 40.8142
89 79 41.6012
74 64 23.7325
62 52 7.6508
70 60 9.4016
51 41 14.2137
26 16 2.1034
34 24 5.6663
81 71 45.6408
21 11 0.5041
61 51 16.4787
104 94 69.6757
27 17 1.0527
74 64 36.4937
100 90 22.5625
19 9 0.2081
38 28 5.8404
108 98 30.0819
72 62 20.9462
109 99 72.7302
39 29 4.004
13 3 0.0393
66 56 7.9648
41 31 5.607
79 69 43.8933
81 71 38.4177
53 43 7.988
96 86 48.2886
93 83 45.9494
77 67 23.5468
93 83 31.3914
98 88 22.0505
81 71 48.9944
27 17 1.3766
63 53 23.8554
15 5 0.1954
36 26 6.3353
88 78 43.3675
39 29 2.2759
109 99 65.7753
53 43 17.4674
12 2 0.0203
61 51 10.9581
21 11 0.5506
53 43 7.5812
29 19 2.25
94 84 22.7834
33 23 4.4302
73 63 20.5753
76 66 35.2242
110 100 31.8073
62 52 12.5564
110 100 74.3165
24 14 1.2785
31 21 3.4214
34 24 4.9173
76 66 25.7019
33 23 2.2296
47 37 4.4965
12 2 0.0287
62 52 14.0648
42 32 3.4192
35 25 5.3186
71 61 32.7195
45 35 7.2976
27 17 0.9797
55 45 13.3649
23 13 0.521
39 29 5.5098
102 92 26.7175
55 45 7.0815
52 42 8.8721
71 61 26.1346
59 49 7.9135
41 31 2.7397
14 4 0.0423
36 26 3.3559
56 46 20.0203
35 25 2.5488
39 29 7.7551
24 14 0.7413
104 94 32.3807
59 49 8.5673
64 54 14.3815
78 68 42.3684
39 29 7.3772
15 5 0.1794
19 9 0.3249
47 37 10.9872
73 63 17.3714
48 38 9.5982
48 38 12.6195
54 44 10.1997
33 23 3.8722
73 63 37.9185
14 4 0.1294
95 85 48.7749
31 21 1.29
105 95 89.6336
96 86 50.1944
54 44 7.7668
78 68 21.5092
81 71 24.5937
29 19 1.5585
38 28 2.8332
35 25 2.3183
21 11 0.5969
87 77 52.9547
87 77 47.4831
66 56 20.6707
18 8 0.6247
13 3 0.025
108 98 24.7954
81 71 24.7665
110 100 72.2296
28 18 0.921
108 98 27.0462
26 16 1.3846
37 27 5.644
95 85 27.2233
51 41 15.1461
88 78 15.608
86 76 20.895
74 64 28.8186
36 26 6.0275
63 53 16.3717
95 85 63.6884
77 67 33.3414
22 12 0.931
33 23 2.1011
107 97 66.0693
82 72 17.4098
64 54 16.1363
94 84 31.6508
41 31 5.2684
55 45 10.9959
97 87 49.1527
33 23 1.8515
100 90 69.1259
49 39 4.078
84 74 35.3311
52 42 12.2794
83 73 33.4755
51 41 11.1409
84 74 27.0598
35 25 2.3753
36 26 5.3449
28 18 2.8184
77 67 13.7893
76 66 16.8502
71 61 24.4303
11 1 0.0053
67 57 12.7071
23 13 1.0274
21 11 0.6501
75 65 14.302
11 1 0.0037
75 65 23.5215
16 6 0.307
42 32 7.478
20 10 0.9008
49 39 6.6734
67 57 11.579
69 59 23.5244
85 75 43.5877
63 53 25.047
93 83 38.5405
70 60 12.0187
108 98 32.6247
16 6 0.1667
41 31 3.3124
32 22 1.8225
70 60 32.3841
102 92 37.2857
84 74 37.6112
23 13 1.0455
52 42 6.548
47 37 6.2856
96 86 22.09
59 49 9.8942
101 91 22.5673
89 79 29.306
24 14 1.3338
16 6 0.14
41 31 3.2407
109 99 61.8205
92 82 55.0638
21 11 0.4489
102 92 30.5411
59 49 23.2768
102 92 60.544
39 29 5.8661
56 46 8.1847
11 1 0.0077
31 21 1.3666
39 29 4.1804
83 73 27.2745
78 68 21.0021
27 17 1.8236
103 93 73.1128
