400 9891 9.9499
61 51 245.2061
52 42 91.3683
110 100 0.0
106 96 0.3709
96 86 14.5046
91 81 15.7897
60 50 209.1018
94 84 21.4796
47 37 144.1373
22 12 14.8945
68 58 81.3564
107 97 0.1775
63 53 244.8729
26 16 27.4431
31 21 4.7372
91 81 14.6659
89 79 18.7327
24 14 2.2104
33 23 7.8138
16 6 2.2425
98 88 13.6165
39 29 42.1576
51 41 126.0232
87 77 9.841
79 69 88.2018
25 15 9.0614
16 6 3.7449
14 4 1.3778
35 25 57.1083
72 62 63.2356
52 42 61.566
81 71 26.7764
67 57 122.5451
94 84 18.9391
67 57 82.6221
57 47 199.2089
77 67 28.6824
100 90 8.4486
61 51 223.2691
85 75 54.3627
29 19 16.3493
66 56 80.2641
46 36 106.8309
74 64 105.4638
38 28 37.8
72 62 144.5775
30 20 28.2982
42 32 111.3743
78 68 64.41
89 79 6.6666
24 14 4.4851
50 40 135.183
13 3 0.7367
42 32 81.6737
69 59 121.2279
71 61 29.1514
85 75 43.3161
68 58 134.2823
50 40 78.4633
49 39 132.2688
91 81 28.5995
97 87 4.8412
104 94 2.6081
94 84 28.2164
66 56 133.426
28 18 23.9635
107 97 0.2863
81 71 0.5155
35 25 56.0401
34 24 28.2917
56 46 226.3972
110 100 0.0
94 84 11.6625
99 89 11.85
27 17 19.9053
72 62 119.6448
49 39 2.8342
80 70 60.6873
92 82 20.876
69 59 126.8809
76 66 110.6704
43 33 31.9318
69 59 178.637
22 12 1.4267
27 17 18.1079
84 74 40.3639
35 25 29.7453
85 75 8.1036
23 13 16.8617
83 73 34.5506
80 70 94.3635
58 48 183.3975
70 60 106.2216
78 68 64.8368
51 41 67.6258
72 62 144.3328
64 54 151.1632
29 19 7.949
23 13 3.3987
100 90 10.8902
103 93 1.651
81 71 71.9286
76 66 16.4415
18 8 1.768
90 80 11.2018
20 10 7.447
41 31 30.6789
37 27 1.9585
54 44 173.5562
29 19 17.5753
76 66 52.0373
23 13 1.924
41 31 85.1579
97 87 8.276
23 13 13.4229
42 32 55.4847
22 12 4.3786
80 70 45.1106
18 8 4.1493
56 46 73.5082
68 58 76.0383
32 22 28.5277
102 92 6.1103
33 23 52.143
28 18 5.5089
107 97 0.264
67 57 174.1812
90 80 6.8669
73 63 129.0482
15 5 1.5592
34 24 37.0112
105 95 2.5628
90 80 36.2064
15 5 0.1598
56 46 103.4834
104 94 0.5775
109 99 0.0371
87 77 56.987
74 64 16.9316
50 40 151.9217
44 34 74.2102
34 24 40.7026
45 35 134.8879
100 90 10.3435
62 52 6.1809
67 57 0.466
31 21 42.5164
76 66 30.2746
11 1 0.0745
86 76 38.5295
65 55 216.1841
68 58 43.2971
36 26 3.6385
103 93 2.2993
42 32 105.2274
110 100 0.0
24 14 12.9371
64 54 86.5168
47 37 148.1944
78 68 35.3239
23 13 15.2922
81 71 49.7862
44 34 58.5531
88 78 34.8182
64 54 192.5584
16 6 1.6448
24 14 1.8985
43 33 25.9631
57 47 84.0606
14 4 0.7497
59 49 159.6505
109 99 0.0091
101 91 5.6092
14 4 0.1671
68 58 153.3531
66 56 104.3766
14 4 0.6257
108 98 0.09
17 7 0.9085
50 40 163.1342
60 50 187.6095
43 33 39.9887
30 20 33.6517
68 58 164.6852
25 15 12.3037
100 90 6.3516
58 48 170.6162
51 41 25.3965
30 20 1.9962
88 78 31.8263
24 14 21.0112
24 14 8.2074
70 60 167.0455
47 37 3.5463
81 71 77.7272
103 93 3.8325
15 5 1.8402
107 97 0.9505
56 46 151.4012
55 45 181.85
27 17 17.8878
74 64 107.9618
57 47 2.2033
46 36 13.9149
61 51 259.7812
61 51 34.0778
19 9 3.8199
108 98 0.3931
32 22 36.0541
73 63 88.3126
83 73 74.9378
92 82 26.3969
66 56 90.3313
92 82 0.7704
34 24 15.0612
15 5 1.0412
79 69 100.0895
19 9 2.6334
12 2 0.2993
84 74 55.3922
79 69 11.3882
46 36 65.3198
32 22 27.9638
82 72 17.9379
79 69 82.0842
34 24 0.0074
12 2 0.178
34 24 12.8497
56 46 65.1218
74 64 51.5605
14 4 0.756
53 43 188.413
17 7 5.4044
27 17 24.4318
16 6 3.6345
54 44 52.9384
53 43 12.7577
79 69 49.0668
54 44 204.3907
74 64 29.726
23 13 6.6542
91 81 22.5173
24 14 19.8702
54 44 47.6977
87 77 34.083
89 79 42.2823
73 63 113.5928
58 48 159.2156
57 47 111.1099
90 80 38.0305
36 26 26.0571
96 86 19.5546
72 62 103.1939
106 96 1.2373
17 7 4.7297
63 53 82.123
22 12 13.1644
17 7 1.4742
68 58 187.7747
91 81 36.0713
45 35 114.5982
80 70 93.1247
43 33 46.0343
65 55 62.5519
49 39 9.2149
16 6 3.3733
39 29 25.8653
16 6 3.9934
88 78 17.9102
32 22 38.2601
22 12 12.8981
73 63 88.024
60 50 115.8091
92 82 4.0128
106 96 0.6393
89 79 29.4119
62 52 44.7919
99 89 0.0884
63 53 43.4476
78 68 36.5384
88 78 10.6007
104 94 2.228
71 61 54.9113
52 42 188.6011
92 82 3.9761
32 22 52.9823
56 46 195.8252
58 48 251.9751
77 67 66.782
50 40 6.2234
16 6 0.433
71 61 84.4605
71 61 8.215
46 36 104.1536
106 96 1.5048
97 87 5.4271
50 40 130.0613
107 97 0.6487
55 45 82.38
106 96 0.7237
24 14 7.8287
92 82 22.0823
52 42 153.9774
12 2 0.1303
18 8 0.6229
15 5 1.7503
105 95 0.8223
64 54 97.5804
77 67 1.6769
96 86 13.984
68 58 94.2876
50 40 49.923
27 17 25.575
61 51 132.6127
16 6 0.6119
44 34 120.0534
44 34 8.6236
91 81 26.752
55 45 37.3348
94 84 22.509
19 9 3.6439
69 59 140.032
83 73 15.6043
28 18 28.5783
106 96 1.569
79 69 27.7688
65 55 118.3733
47 37 110.6577
77 67 112.0202
74 64 45.1269
68 58 26.2121
48 38 76.9211
13 3 0.0783
109 99 0.1028
43 33 83.2369
59 49 75.4534
66 56 4.9917
56 46 35.7071
109 99 0.0827
15 5 1.5939
108 98 0.4318
46 36 93.082
35 25 34.1272
85 75 1.7716
13 3 0.29
70 60 16.5171
37 27 52.4885
67 57 54.1061
80 70 52.8496
55 45 87.6439
40 30 43.9493
40 30 74.5862
28 18 13.1859
40 30 47.1741
95 85 8.6555
89 79 27.1493
53 43 29.0651
100 90 7.2989
18 8 4.256
86 76 43.9645
62 52 31.5553
76 66 46.3207
23 13 1.2012
47 37 140.4046
48 38 144.1605
33 23 40.0852
17 7 1.4671
30 20 39.4312
32 22 45.0917
65 55 6.4549
52 42 39.5605
104 94 3.047
89 79 41.1131
49 39 58.1595
19 9 4.4262
91 81 14.8777
89 79 11.4716
42 32 56.7484
52 42 129.8948
35 25 47.0889
62 52 56.284
44 34 27.5799
30 20 39.5624
18 8 4.4186
75 65 38.2337
28 18 25.0767
46 36 62.5382
86 76 13.1794
99 89 7.8545
20 10 3.7501
103 93 3.4298
88 78 0.8064
19 9 1.2683
31 21 15.6564
100 90 3.7368
57 47 77.467
107 97 0.646
67 57 102.1021
79 69 35.6359
46 36 84.2758
