400 9861 9.9499
12 2 0.0138
40 30 6.6667
41 31 5.3532
41 31 3.5344
76 66 35.8765
15 5 0.067
86 76 40.7976
90 80 16.9851
46 36 4.3936
104 94 68.2557
66 56 21.4869
68 58 19.3319
44 34 2.9577
107 97 89.6317
102 92 49.1485
19 9 0.7855
82 72 13.5181
30 20 3.5491
49 39 7.3995
85 75 26.2103
63 53 18.7195
45 35 7.8764
21 11 0.788
79 69 41.5316
52 42 10.5996
69 59 13.639
96 86 27.6003
59 49 8.5749
98 88 73.9428
58 48 11.2889
105 95 59.5151
82 72 51.2942
90 80 38.253
110 100 31.0751
79 69 14.956
34 24 4.3953
72 62 31.97
99 89 66.1115
32 22 1.4374
35 25 4.8585
91 81 22.6728
79 69 31.7521
103 93 30.7559
29 19 3.4674
29 19 1.5159
102 92 31.4452
41 31 3.6726
85 75 36.7406
76 66 28.2152
22 12 0.386
98 88 63.8465
90 80 35.462
39 29 6.0467
14 4 0.1238
74 64 13.3824
80 70 43.3714
105 95 34.6556
27 17 2.3385
102 92 44.7441
45 35 5.2345
23 13 0.7387
74 64 13.3137
20 10 0.3394
27 17 0.7712
40 30 4.9787
42 32 4.968
72 62 11.3974
61 51 7.5081
40 30 5.7236
57 47 13.5152
15 5 0.1804
48 38 7.6496
59 49 9.0697
42 32 3.4533
25 15 2.2005
91 81 37.1344
18 8 0.5013
89 79 25.8888
35 25 3.4779
61 51 7.4901
76 66 17.7645
58 48 16.2982
90 80 17.5938
29 19 1.5304
11 1 0.0026
51 41 5.5347
79 69 25.4843
71 61 28.0211
106 96 51.0382
31 21 1.1204
94 84 25.1753
59 49 16.1138
43 33 4.2506
13 3 0.0449
96 86 29.6818
33 23 3.2928
54 44 5.0841
50 40 4.9569
29 19 1.4201
27 17 1.5548
32 22 4.0494
32 22 2.3556
33 23 2.5078
105 95 29.8881
53 43 13.4315
33 23 3.1471
27 17 1.4256
56 46 5.9127
102 92 63.5847
33 23 4.7237
11 1 0.0056
96 86 63.2645
83 73 27.7613
28 18 1.9858
85 75 23.1611
30 20 1.6111
22 12 0.6525
95 85 66.315
55 45 15.386
85 75 42.5613
35 25 6.2036
76 66 35.9424
17 7 0.2371
33 23 1.858
51 41 13.2663
84 74 24.2941
69 59 29.7374
102 92 60.0951
37 27 5.5347
73 63 17.0586
53 43 6.273
59 49 21.7389
108 98 62.5681
83 73 16.5153
20 10 0.3411
64 54 19.9568
58 48 11.5675
83 73 35.1246
94 84 46.5451
51 41 8.9976
31 21 2.8311
30 20 1.0465
22 12 1.235
17 7 0.3501
70 60 13.3408
20 10 0.9046
40 30 7.5191
105 95 67.281
32 22 4.3481
69 59 11.6472
46 36 4.0012
100 90 68.6578
60 50 24.5996
105 95 25.0961
62 52 14.3884
38 28 5.8018
97 87 32.9097
98 88 47.8767
31 21 1.1179
39 29 6.447
17 7 0.2093
50 40 8.073
14 4 0.1072
63 53 18.6374
46 36 4.4331
57 47 15.9448
81 71 34.471
45 35 6.909
36 26 3.663
48 38 13.1457
102 92 30.3017
104 94 55.6203
103 93 24.5491
82 72 35.05
25 15 1.8994
80 70 22.7348
41 31 4.3781
26 16 0.9673
24 14 0.9326
26 16 1.985
50 40 5.6734
88 78 36.4731
95 85 18.5554
109 99 33.8759
71 61 25.779
78 68 27.9968
91 81 23.0698
63 53 10.5177
11 1 0.0051
67 57 8.9144
11 1 0.0032
87 77 15.3844
64 54 20.7881
73 63 17.5452
103 93 61.9275
42 32 8.3845
34 24 3.3449
25 15 1.0517
45 35 8.4373
15 5 0.0858
97 87 69.5389
69 59 15.5118
87 77 35.8801
50 40 6.0846
57 47 18.6901
57 47 15.642
15 5 0.138
69 59 10.4452
41 31 5.344
71 61 28.5295
42 32 4.3861
54 44 17.9403
29 19 1.0685
97 87 42.2643
71 61 15.0536
88 78 19.7963
55 45 10.6922
104 94 85.0471
28 18 1.4083
61 51 16.3556
47 37 11.8618
13 3 0.0558
72 62 23.0304
81 71 39.1601
17 7 0.2209
48 38 8.6766
59 49 10.7564
86 76 28.5594
108 98 26.4659
79 69 21.642
90 80 24.0796
86 76 49.601
97 87 59.8426
99 89 67.1072
53 43 9.9452
104 94 86.6389
72 62 29.0036
14 4 0.1293
89 79 15.8054
84 74 23.1476
52 42 5.1171
108 98 67.3384
36 26 4.8312
72 62 36.7539
64 54 18.8174
105 95 29.6829
84 74 53.9461
91 81 56.7596
19 9 0.347
55 45 18.7896
19 9 0.2106
37 27 6.2785
64 54 9.3532
64 54 18.9913
56 46 16.0072
69 59 13.6139
73 63 32.1126
109 99 31.5619
61 51 18.1008
57 47 6.5603
94 84 55.1024
71 61 19.616
46 36 5.643
39 29 5.9521
68 58 26.1683
60 50 22.7558
25 15 1.1319
105 95 75.0008
46 36 6.09
25 15 1.1166
12 2 0.0303
69 59 34.274
17 7 0.3538
11 1 0.0045
63 53 10.6074
71 61 12.2766
13 3 0.0488
16 6 0.1542
89 79 23.9894
73 63 31.7859
16 6 0.3534
67 57 12.1941
27 17 2.1025
34 24 2.2596
101 91 34.8194
110 100 85.6458
80 70 35.3716
34 24 1.5141
31 21 1.1675
14 4 0.0757
14 4 0.0438
16 6 0.2838
94 84 34.7888
105 95 61.7922
38 28 2.7869
38 28 5.0526
103 93 38.2765
55 45 14.2892
47 37 3.5551
76 66 25.031
97 87 28.4558
32 22 1.5329
103 93 38.2975
87 77 25.8704
39 29 7.3392
54 44 13.5542
17 7 0.4359
56 46 7.0522
62 52 19.7314
110 100 36.5735
73 63 31.1543
55 45 7.6674
105 95 38.6772
44 34 3.1698
35 25 4.4104
83 73 29.7407
43 33 4.5412
107 97 36.3886
59 49 9.5259
104 94 26.6752
85 75 17.2516
23 13 0.8254
40 30 4.5942
96 86 73.9566
53 43 11.0078
72 62 14.073
58 48 8.7652
14 4 0.0509
82 72 19.9952
54 44 17.5821
37 27 6.5168
79 69 35.286
30 20 2.0085
74 64 28.6621
12 2 0.0229
82 72 29.3612
81 71 37.7426
90 80 63.92
54 44 9.0
94 84 26.4011
75 65 29.2108
88 78 18.0115
50 40 6.3903
76 66 34.1745
73 63 16.5926
11 1 0.0035
50 40 4.8303
46 36 12.5585
94 84 53.1135
106 96 25.9458
73 63 38.159
12 2 0.0165
68 58 18.6581
91 81 33.143
50 40 9.4741
61 51 11.4183
19 9 0.668
52 42 13.1102
48 38 12.3461
89 79 59.8813
45 35 12.2073
31 21 3.5329
30 20 2.7956
50 40 5.3181
35 25 5.8269
96 86 69.918
55 45 15.1632
76 66 21.7464
20 10 0.4222
82 72 30.9926
57 47 12.8537
35 25 1.8257
49 39 8.5007
41 31 3.0186
91 81 54.314
103 93 38.9289
73 63 17.7275
37 27 7.2001
66 56 12.7678
37 27 7.0921
94 84 66.4323
21 11 0.6338
89 79 33.7538
14 4 0.1413
86 76 18.4788
100 90 66.3541
52 42 6.8586
23 13 1.6438
21 11 0.9926
21 11 0.3123
16 6 0.331
21 11 0.472
74 64 36.155
31 21 3.1078
93 83 25.2999
34 24 2.7394
77 67 16.5242
16 6 0.1689
83 73 38.5157
91 81 37.7401
