900 22433 4.3589
27 17 2.4901
45 35 11.1396
74 64 31.8547
18 8 0.2256
88 78 49.4645
93 83 50.4725
42 32 4.8611
98 88 37.8053
91 81 25.014
53 43 8.4448
23 13 0.4454
27 17 1.8909
103 93 41.8635
90 80 25.9713
59 49 14.1587
100 90 53.5487
33 23 1.7591
17 7 0.2633
69 59 26.67
47 37 4.4639
20 10 0.2646
33 23 3.0227
72 62 28.1526
19 9 0.485
76 66 42.2058
71 61 35.4096
70 60 30.6861
20 10 0.4182
73 63 23.1313
41 31 4.7768
105 95 85.2649
61 51 19.5727
78 68 15.31
96 86 52.4987
51 41 8.1939
60 50 6.949
18 8 0.6298
40 30 3.3463
16 6 0.1283
74 64 30.2511
15 5 0.0928
47 37 8.9832
91 81 43.4386
52 42 16.9587
94 84 46.8814
36 26 3.8892
30 20 2.7993
49 39 9.187
82 72 46.0539
44 34 4.8312
38 28 7.0676
89 79 45.4883
33 23 3.7508
16 6 0.1986
103 93 46.8951
106 96 63.4444
11 1 0.0066
17 7 0.2244
87 77 40.1817
57 47 19.4516
53 43 11.0749
69 59 12.3264
54 44 16.5055
100 90 76.0053
28 18 1.5063
60 50 9.0776
36 26 6.3726
53 43 12.0624
22 12 1.2805
99 89 52.5016
67 57 15.9153
73 63 28.3727
104 94 41.6412
99 89 68.0064
31 21 1.1755
85 75 23.8164
57 47 9.0824
106 96 77.1516
71 61 31.5552
73 63 14.8818
79 69 25.1522
22 12 0.56
63 53 11.8577
64 54 7.8714
76 66 16.5796
77 67 30.2907
69 59 12.2528
25 15 1.0648
92 82 35.9364
98 88 52.6945
45 35 7.6226
51 41 7.0916
110 100 25.551
21 11 0.774
64 54 8.1739
98 88 19.9282
61 51 11.467
16 6 0.1332
71 61 34.6273
37 27 5.981
36 26 3.8013
95 85 63.0357
61 51 20.5173
29 19 3.3102
51 41 7.3057
40 30 3.8856
94 84 35.7197
44 34 8.4984
52 42 12.8709
97 87 53.9079
49 39 7.2307
93 83 65.3171
51 41 9.2568
53 43 16.4511
23 13 0.681
84 74 33.8701
64 54 10.3427
43 33 6.0634
34 24 5.5164
96 86 38.985
80 70 45.4222
47 37 11.7169
70 60 19.9443
43 33 6.1653
36 26 4.4205
74 64 40.5935
35 25 6.0752
39 29 3.0937
66 56 16.1532
75 65 23.2951
66 56 13.1624
12 2 0.0372
84 74 46.1815
30 20 1.7878
72 62 22.7539
77 67 43.5521
24 14 1.1323
34 24 1.6978
13 3 0.084
99 89 39.8325
31 21 1.5095
72 62 26.7817
17 7 0.2372
81 71 39.1438
36 26 4.8686
91 81 43.9105
108 98 66.2482
72 62 20.2311
88 78 59.2654
36 26 4.9368
64 54 9.8007
60 50 8.8691
88 78 50.8797
17 7 0.1456
12 2 0.0373
28 18 3.1891
20 10 0.6574
87 77 23.7393
75 65 17.7275
18 8 0.5303
83 73 44.7227
67 57 14.8981
91 81 21.5166
83 73 16.8141
80 70 39.0975
101 91 29.5218
30 20 2.6988
70 60 13.8287
97 87 25.9183
74 64 32.0265
54 44 11.5104
13 3 0.0408
46 36 8.0582
28 18 1.2699
36 26 1.7804
15 5 0.2095
40 30 4.9005
59 49 8.7711
50 40 10.1863
32 22 1.4135
37 27 2.587
56 46 12.7842
47 37 6.1732
108 98 43.7344
98 88 53.789
73 63 11.7464
21 11 0.4537
74 64 24.7805
11 1 0.0088
39 29 4.7502
107 97 72.7438
23 13 0.8455
55 45 14.8579
47 37 10.2317
108 98 70.8206
37 27 4.8987
76 66 40.2222
65 55 26.7734
66 56 26.1612
43 33 10.5976
14 4 0.0761
82 72 17.3489
83 73 28.4718
95 85 61.0945
52 42 6.8508
31 21 1.8004
43 33 7.2361
97 87 20.5644
100 90 31.3253
72 62 19.2756
82 72 28.3567
36 26 2.1483
25 15 2.1258
61 51 7.1385
61 51 6.8791
96 86 54.8518
72 62 17.434
15 5 0.1342
28 18 1.1029
104 94 22.3795
58 48 12.7478
101 91 48.4792
28 18 1.9174
96 86 43.8933
66 56 14.3293
59 49 20.1179
78 68 39.5239
27 17 1.0355
24 14 1.5351
37 27 5.6863
93 83 35.3252
46 36 7.6729
93 83 24.451
14 4 0.1045
35 25 3.6447
49 39 7.7301
15 5 0.1788
19 9 0.46
37 27 5.9888
47 37 5.6378
58 48 11.982
83 73 15.7879
73 63 11.3051
82 72 28.4878
102 92 78.2146
12 2 0.0139
30 20 1.0523
103 93 50.4043
30 20 2.6111
87 77 34.836
12 2 0.039
107 97 24.8233
13 3 0.0607
75 65 32.1319
43 33 10.2432
39 29 4.6877
88 78 17.9606
44 34 9.3214
34 24 5.3015
72 62 19.8952
99 89 29.8815
30 20 2.67
100 90 24.1907
48 38 11.3259
56 46 11.9633
110 100 48.7679
13 3 0.0831
40 30 7.1022
81 71 42.6187
64 54 8.2961
108 98 34.0963
79 69 20.5472
35 25 3.5888
65 55 8.4112
64 54 25.018
48 38 7.3084
25 15 0.8147
92 82 17.7047
85 75 21.5101
91 81 61.2557
34 24 3.2877
13 3 0.0598
16 6 0.2546
106 96 80.6763
91 81 31.2179
104 94 44.5409
81 71 41.1984
53 43 6.9253
65 55 9.3961
97 87 24.058
40 30 6.3449
95 85 31.2157
79 69 16.911
38 28 3.7967
44 34 4.3094
36 26 4.8859
89 79 47.4914
53 43 11.303
84 74 27.7676
55 45 14.7134
48 38 10.6511
71 61 22.0543
45 35 10.6491
43 33 10.1972
40 30 2.7483
33 23 1.484
66 56 9.7475
41 31 2.8113
59 49 23.8935
40 30 8.606
59 49 12.1174
88 78 22.1973
103 93 74.0271
49 39 12.4637
79 69 12.4609
94 84 68.7556
36 26 2.5135
15 5 0.1301
64 54 21.643
43 33 6.5895
77 67 34.3748
74 64 29.769
11 1 0.007
22 12 0.4578
38 28 2.3504
34 24 1.6897
60 50 8.9425
30 20 3.58
33 23 1.7025
67 57 23.6896
12 2 0.0274
75 65 42.089
29 19 1.4342
28 18 0.9185
110 100 37.132
79 69 42.6892
57 47 17.0486
77 67 25.8776
101 91 50.5009
110 100 84.548
40 30 5.3954
73 63 15.1664
28 18 3.1425
76 66 12.6309
101 91 30.7803
89 79 55.0089
109 99 31.5439
19 9 0.5467
15 5 0.1243
42 32 9.6628
40 30 5.653
41 31 9.2873
86 76 40.7797
33 23 3.5036
109 99 59.9014
39 29 3.3299
35 25 3.4697
78 68 14.5817
25 15 1.7983
63 53 21.2152
11 1 0.0048
53 43 10.1621
88 78 52.9635
47 37 12.942
47 37 5.8235
98 88 42.6709
47 37 5.7221
92 82 57.757
67 57 22.1116
84 74 25.6198
25 15 1.2679
76 66 38.4995
22 12 0.6727
64 54 24.931
66 56 9.2215
13 3 0.0229
28 18 1.0435
83 73 30.3832
43 33 7.1835
82 72 44.152
33 23 2.9501
18 8 0.2077
107 97 27.0026
72 62 18.5839
73 63 19.1581
14 4 0.0522
107 97 89.5067
63 53 25.3039
55 45 6.2956
36 26 5.6625
100 90 48.6576
81 71 32.0333
22 12 1.4242
101 91 30.6628
103 93 35.343
46 36 11.5091
58 48 19.3547
104 94 59.8627
45 35 5.579
25 15 1.2186
38 28 5.3977
64 54 13.0437
81 71 30.2698
39 29 2.5989
72 62 33.647
49 39 7.0697
86 76 31.3902
21 11 0.4823
80 70 37.5781
39 29 5.9785
106 96 31.1476
17 7 0.1945
73 63 29.3255
64 54 19.309
99 89 55.8457
69 59 9.294
78 68 32.5619
71 61 20.3031
76 66 24.9041
55 45 5.1957
37 27 6.3979
64 54 23.0112
15 5 0.2403
85 75 50.4853
29 19 2.9908
38 28 3.0454
83 73 50.0316
75 65 27.7666
36 26 2.9169
89 79 50.0118
26 16 0.8068
103 93 64.2354
57 47 9.874
77 67 11.7149
15 5 0.1351
44 34 10.3253
109 99 94.2336
68 58 12.6622
45 35 8.5264
105 95 48.3581
30 20 2.8568
49 39 6.958
92 82 53.5619
106 96 57.1415
105 95 40.456
14 4 0.0839
68 58 21.9736
26 16 0.7194
38 28 2.5776
13 3 0.0226
76 66 28.8294
29 19 2.475
72 62 18.6538
70 60 29.7516
11 1 0.0045
16 6 0.3489
13 3 0.05
62 52 13.3262
41 31 3.111
37 27 4.0208
89 79 24.3838
110 100 88.4898
91 81 64.7896
81 71 29.4936
19 9 0.7467
22 12 0.6897
33 23 3.7865
110 100 29.0036
109 99 42.3228
106 96 87.5329
103 93 26.2226
108 98 56.148
87 77 22.5169
100 90 70.7079
48 38 9.4464
42 32 5.3015
45 35 3.1202
62 52 10.6811
38 28 7.4382
81 71 37.3822
78 68 14.2672
25 15 0.7969
95 85 67.1744
18 8 0.2178
106 96 63.1739
101 91 78.2287
83 73 50.2695
100 90 57.684
16 6 0.1906
40 30 8.7427
65 55 9.891
39 29 3.8201
34 24 2.0797
89 79 44.5676
69 59 24.3779
75 65 11.6322
26 16 0.9116
45 35 10.1921
95 85 50.2511
48 38 7.754
29 19 1.3354
16 6 0.1403
42 32 2.8931
41 31 4.2651
88 78 19.3257
86 76 34.4933
46 36 7.3474
67 57 26.4968
78 68 44.317
66 56 15.7403
76 66 42.9471
93 83 49.1822
19 9 0.2987
77 67 36.7272
70 60 11.592
48 38 7.953
31 21 3.6703
38 28 3.1085
23 13 1.6631
12 2 0.0135
20 10 0.3683
25 15 0.9345
18 8 0.3695
98 88 36.6122
82 72 33.5681
61 51 22.7939
77 67 36.3199
57 47 16.3701
102 92 80.2171
76 66 22.8895
12 2 0.0188
30 20 2.3923
53 43 9.0414
104 94 47.395
78 68 19.6187
35 25 3.1969
109 99 25.2486
34 24 1.897
26 16 1.0893
25 15 0.6487
108 98 59.4719
103 93 37.6063
46 36 4.2173
100 90 77.3784
62 52 8.2823
32 22 1.325
45 35 3.4425
54 44 11.4271
96 86 62.3405
102 92 25.9173
43 33 6.6714
88 78 24.986
99 89 22.4591
69 59 15.548
45 35 4.8479
57 47 17.6366
57 47 6.877
25 15 1.0128
43 33 8.2915
108 98 33.4628
61 51 17.2184
69 59 31.3566
74 64 26.197
18 8 0.2214
45 35 6.2141
63 53 9.4932
80 70 27.5226
79 69 44.7213
53 43 15.4622
105 95 50.5834
77 67 31.9236
55 45 14.1391
82 72 24.3
31 21 1.1809
84 74 23.1303
90 80 43.0165
67 57 11.0876
107 97 43.3254
23 13 0.4601
60 50 22.8953
28 18 2.0258
100 90 73.1162
62 52 12.0471
80 70 40.8628
104 94 35.6445
22 12 0.4659
11 1 0.0055
75 65 21.538
101 91 27.7993
98 88 55.3328
52 42 7.5356
31 21 4.2181
61 51 8.0758
43 33 9.5728
32 22 1.2457
66 56 11.6861
107 97 34.6097
32 22 3.0002
34 24 4.8912
88 78 15.3931
65 55 11.4406
64 54 15.339
63 53 10.1857
98 88 67.9503
29 19 1.265
100 90 35.6122
107 97 23.7072
33 23 2.9498
13 3 0.082
37 27 6.3262
47 37 3.5051
84 74 15.6215
70 60 15.1313
77 67 13.9032
66 56 23.961
43 33 2.9677
19 9 0.5347
79 69 15.3382
110 100 65.2896
83 73 36.2103
60 50 18.5658
36 26 2.0889
71 61 26.9922
93 83 19.6045
25 15 0.6931
71 61 13.6043
59 49 20.1862
82 72 39.3355
30 20 1.0727
17 7 0.3394
110 100 88.9456
40 30 2.25
21 11 0.3475
51 41 15.0847
90 80 29.7985
57 47 17.3714
84 74 22.0336
20 10 0.997
86 76 21.3657
30 20 1.3174
29 19 3.4734
87 77 44.6211
106 96 76.1902
40 30 4.0691
51 41 10.7906
87 77 20.6798
106 96 62.8928
93 83 18.9808
95 85 20.7517
62 52 13.5778
21 11 1.1846
21 11 0.4787
57 47 11.2513
88 78 56.4316
71 61 10.8491
93 83 42.6853
77 67 20.9379
23 13 1.3919
68 58 20.6507
107 97 80.4448
33 23 3.5593
20 10 0.5414
14 4 0.0971
51 41 4.679
59 49 12.1188
99 89 49.3872
100 90 25.3956
12 2 0.0174
67 57 18.9329
35 25 2.2503
39 29 6.218
74 64 26.7827
34 24 5.5093
66 56 12.8443
104 94 67.3483
37 27 2.4
67 57 25.1302
23 13 0.7048
103 93 42.2721
105 95 72.4269
33 23 1.3872
78 68 39.9652
58 48 13.7092
78 68 23.3357
106 96 62.4416
63 53 19.3134
23 13 0.8991
16 6 0.3235
105 95 24.8692
83 73 20.7143
102 92 39.9968
41 31 5.2075
60 50 20.4765
11 1 0.0059
70 60 19.6479
58 48 11.0503
36 26 1.9146
84 74 49.4561
53 43 5.4948
100 90 36.4297
12 2 0.0125
45 35 4.4407
45 35 10.3484
33 23 1.602
77 67 20.3726
103 93 31.0438
48 38 6.9791
91 81 46.1394
98 88 45.8762
28 18 0.9126
79 69 38.8939
27 17 2.3747
19 9 0.4585
22 12 1.4328
50 40 7.8277
69 59 15.7879
68 58 12.0527
19 9 0.6992
14 4 0.0606
103 93 73.6439
29 19 2.4292
15 5 0.2122
36 26 5.1216
94 84 45.6462
110 100 67.8581
12 2 0.0266
39 29 2.4103
39 29 2.6939
18 8 0.2011
96 86 41.2305
96 86 36.1682
30 20 2.848
52 42 6.1921
66 56 9.4913
53 43 9.7606
75 65 16.1291
52 42 6.8487
37 27 3.4529
94 84 31.883
34 24 1.9357
104 94 30.2852
51 41 12.8637
91 81 26.3651
67 57 15.1788
60 50 19.434
30 20 3.2317
90 80 53.1878
40 30 5.6758
52 42 6.6466
59 49 10.8616
96 86 72.3793
66 56 23.9924
23 13 0.4334
56 46 12.0249
79 69 29.7734
25 15 1.2052
66 56 17.8168
41 31 4.5135
66 56 30.2632
89 79 58.786
55 45 8.8245
54 44 7.3788
50 40 7.1867
59 49 6.7694
68 58 9.8759
64 54 20.7909
43 33 5.7264
70 60 11.6882
62 52 14.8749
77 67 36.4756
62 52 20.4838
98 88 34.7263
33 23 2.333
72 62 22.4335
65 55 11.9453
47 37 4.8969
109 99 76.2688
71 61 26.8293
49 39 10.5489
36 26 4.5148
103 93 21.9698
94 84 63.4986
88 78 22.3398
48 38 6.748
33 23 2.0099
59 49 16.0913
43 33 3.806
62 52 10.6328
107 97 62.1291
102 92 77.923
30 20 1.3026
21 11 0.4956
11 1 0.0036
94 84 47.5727
93 83 53.1237
94 84 18.003
54 44 14.0513
85 75 21.1941
42 32 4.9235
68 58 33.1281
62 52 26.5678
43 33 8.3013
106 96 44.9141
59 49 19.0576
24 14 1.8876
61 51 23.9082
81 71 45.4937
102 92 47.7495
29 19 2.6847
95 85 42.5652
52 42 13.1522
41 31 9.1567
84 74 38.8129
75 65 30.7958
18 8 0.1645
13 3 0.0771
79 69 28.3216
63 53 10.2323
83 73 29.5077
104 94 31.0684
85 75 29.1298
52 42 6.0138
49 39 6.6848
32 22 4.2078
30 20 1.2932
30 20 3.9244
42 32 3.454
66 56 18.5942
96 86 36.3513
86 76 41.444
40 30 8.9455
56 46 16.3782
35 25 6.0767
51 41 7.2593
47 37 4.9658
75 65 18.8643
59 49 22.2926
32 22 2.0113
30 20 2.15
89 79 20.4277
49 39 4.6617
19 9 0.4422
91 81 62.7533
37 27 2.2341
49 39 9.4747
60 50 12.7921
78 68 28.9057
32 22 3.3478
98 88 23.3038
51 41 16.7952
65 55 14.478
28 18 1.6908
51 41 13.8332
77 67 43.0257
73 63 12.8107
107 97 27.2703
76 66 14.1895
21 11 1.0551
29 19 2.7882
52 42 17.0404
94 84 63.096
42 32 5.1216
64 54 19.2519
96 86 49.0168
18 8 0.3207
71 61 28.4932
88 78 21.025
63 53 9.8847
103 93 41.3848
96 86 23.191
24 14 1.0578
13 3 0.0297
97 87 36.6315
61 51 12.0125
28 18 0.9333
32 22 1.2819
47 37 9.8653
105 95 33.2698
15 5 0.0858
75 65 30.4715
59 49 9.1307
64 54 9.3336
93 83 23.1688
64 54 12.7285
29 19 2.2807
58 48 13.8139
21 11 1.1807
21 11 0.7011
98 88 32.2261
13 3 0.0247
94 84 57.4261
95 85 45.5261
60 50 11.8963
52 42 6.8975
68 58 29.7865
99 89 22.336
28 18 2.3722
27 17 1.4864
105 95 84.3826
40 30 6.7133
