900 22454 9.9499
35 25 36.0258
22 12 9.3679
13 3 0.9071
60 50 108.3213
92 82 26.5303
42 32 7.71
38 28 27.9298
100 90 10.0248
25 15 9.1255
80 70 56.6385
108 98 0.0327
75 65 108.4825
76 66 24.6144
53 43 173.9105
14 4 1.2869
97 87 16.3642
99 89 3.4226
93 83 22.7229
67 57 111.0703
71 61 22.4312
13 3 0.4896
11 1 0.0816
14 4 1.1771
57 47 60.5396
67 57 121.9464
25 15 1.4373
103 93 4.5037
54 44 181.4274
44 34 27.4566
49 39 13.7921
39 29 70.4868
101 91 2.1876
106 96 1.3213
24 14 5.7961
99 89 0.5421
32 22 24.1992
36 26 65.8797
77 67 26.6378
89 79 18.1905
54 44 0.3181
74 64 109.5702
42 32 95.7879
75 65 70.0775
43 33 57.4528
51 41 29.091
88 78 47.555
62 52 146.0519
18 8 2.1873
42 32 89.5965
19 9 2.3467
46 36 12.7415
56 46 145.2999
99 89 2.2199
52 42 27.0878
36 26 6.853
96 86 8.9154
23 13 11.4718
87 77 19.5998
25 15 13.561
26 16 6.5657
48 38 97.5681
33 23 58.6339
69 59 163.4929
73 63 102.9946
96 86 3.3646
97 87 11.309
41 31 89.3868
99 89 11.2708
108 98 0.3687
16 6 2.1192
107 97 0.0219
28 18 0.4596
97 87 0.3378
73 63 118.5562
61 51 50.4259
41 31 91.9446
90 80 1.643
47 37 78.2437
89 79 9.7866
110 100 0.0
48 38 76.9885
16 6 0.147
61 51 36.6127
85 75 40.7858
76 66 109.8702
91 81 16.4053
36 26 65.9363
27 17 1.2952
102 92 6.9732
68 58 54.1058
82 72 74.3485
84 74 49.9396
47 37 47.9787
40 30 0.5104
108 98 0.3123
75 65 83.4303
31 21 1.5479
66 56 167.4769
23 13 2.2532
101 91 7.6144
65 55 141.0163
75 65 92.4367
23 13 13.3897
77 67 99.3969
88 78 40.0869
103 93 4.9055
44 34 121.7459
66 56 171.4644
34 24 42.9633
63 53 220.9328
40 30 26.984
100 90 5.7556
48 38 82.9678
67 57 27.5408
40 30 19.036
15 5 0.4433
73 63 106.7046
91 81 30.1636
110 100 0.0
41 31 32.216
62 52 76.8123
72 62 136.5992
95 85 21.7651
58 48 3.6432
91 81 13.73
90 80 1.1208
96 86 7.9615
64 54 84.7087
35 25 17.8566
36 26 55.4919
26 16 19.4016
23 13 11.8171
49 39 109.6522
25 15 22.3159
73 63 149.0412
12 2 0.3886
109 99 0.0763
88 78 0.1493
37 27 14.615
82 72 68.3665
31 21 17.0274
36 26 63.9088
107 97 0.1516
71 61 153.5373
85 75 22.8144
53 43 140.256
67 57 34.9529
17 7 0.6083
107 97 0.743
94 84 25.9821
43 33 92.4172
20 10 5.0269
101 91 6.2118
64 54 232.9161
49 39 116.0047
68 58 167.1989
55 45 54.0744
27 17 9.2909
67 57 165.4542
77 67 89.947
110 100 0.0
59 49 111.9975
23 13 13.4839
76 66 125.1056
94 84 19.6894
39 29 74.9229
52 42 78.6911
14 4 1.3464
74 64 102.1782
84 74 57.8161
16 6 3.9495
38 28 25.2719
29 19 28.7368
98 88 5.6495
52 42 81.3687
38 28 14.6866
65 55 129.1345
55 45 67.3361
93 83 23.783
50 40 97.6005
26 16 12.1591
60 50 14.3978
71 61 135.381
45 35 53.1506
19 9 1.6126
74 64 94.0611
99 89 0.4115
97 87 10.3959
107 97 0.3451
19 9 2.0541
45 35 8.0055
33 23 31.6905
12 2 0.3315
65 55 190.9066
48 38 111.212
45 35 114.6106
49 39 103.7216
52 42 82.9796
76 66 18.1842
48 38 97.6611
77 67 17.7497
56 46 209.6057
51 41 11.6818
70 60 134.9313
18 8 4.754
30 20 13.9991
86 76 37.359
54 44 72.6512
65 55 65.6025
29 19 24.8932
45 35 36.5792
106 96 0.1041
15 5 0.4639
16 6 0.3562
108 98 0.0988
37 27 23.8915
71 61 128.0317
64 54 115.2932
48 38 75.2694
50 40 100.8422
84 74 2.3771
13 3 0.9421
57 47 12.0974
85 75 57.8026
26 16 25.0881
76 66 106.4395
103 93 5.291
41 31 77.6008
71 61 77.429
95 85 2.5465
65 55 41.7443
12 2 0.3599
88 78 46.4207
71 61 13.2918
56 46 217.2946
107 97 0.6408
27 17 9.8333
87 77 20.0296
96 86 1.6772
19 9 5.6041
101 91 2.8191
79 69 15.3068
52 42 106.4656
87 77 7.6187
33 23 9.9422
107 97 0.8281
82 72 23.2477
77 67 98.3767
49 39 164.0271
69 59 15.006
87 77 19.5728
53 43 186.3384
26 16 27.5109
50 40 22.0602
95 85 9.8475
49 39 121.4672
71 61 18.5966
15 5 0.6611
43 33 93.1441
64 54 50.4551
17 7 3.6697
74 64 138.8103
22 12 5.7347
50 40 48.6159
47 37 45.6791
32 22 40.7113
52 42 174.0532
107 97 0.2484
74 64 121.2905
100 90 5.7029
70 60 22.8535
49 39 163.1374
18 8 6.2412
91 81 4.5034
24 14 1.4662
52 42 90.0058
41 31 41.3659
26 16 23.5912
39 29 11.8319
76 66 9.6073
23 13 17.2604
23 13 6.6998
79 69 87.6264
34 24 53.3923
21 11 5.6753
87 77 56.784
12 2 0.3157
46 36 22.1137
106 96 0.8652
16 6 0.5549
57 47 200.3404
16 6 1.307
89 79 39.4298
22 12 5.7019
20 10 2.0334
16 6 0.3401
76 66 5.5154
82 72 85.7204
12 2 0.1729
26 16 13.939
81 71 68.8578
17 7 2.0027
58 48 47.9052
47 37 70.0827
63 53 101.5779
91 81 3.4775
89 79 40.8012
38 28 85.6121
78 68 2.9547
23 13 8.2721
26 16 12.0397
83 73 21.8403
48 38 8.7678
23 13 9.5771
42 32 29.549
64 54 40.6706
62 52 237.374
65 55 49.4096
21 11 10.3954
13 3 0.6369
27 17 13.1348
22 12 5.3004
12 2 0.2156
93 83 21.6128
100 90 8.8436
90 80 37.6353
92 82 34.5182
87 77 2.8336
30 20 37.7674
49 39 133.2261
13 3 0.6091
92 82 8.7374
71 61 100.753
38 28 45.9406
23 13 15.5219
89 79 26.3906
26 16 26.5668
69 59 37.0036
73 63 116.5898
33 23 5.8534
84 74 3.0909
43 33 77.0247
35 25 33.9154
24 14 5.0308
73 63 35.981
16 6 0.8512
25 15 21.5144
71 61 40.5053
98 88 6.1817
99 89 1.7161
46 36 107.6158
60 50 178.7993
51 41 125.6123
87 77 26.7269
36 26 2.2405
97 87 14.1341
19 9 6.3369
58 48 147.3071
14 4 1.5878
108 98 0.2293
33 23 16.9872
40 30 88.8907
86 76 10.698
55 45 55.5202
79 69 56.9828
44 34 79.6801
108 98 0.1186
84 74 40.9267
25 15 5.6943
102 92 6.5004
14 4 0.7728
109 99 0.0821
39 29 34.0605
95 85 22.021
18 8 4.2183
41 31 73.8548
75 65 91.6689
100 90 5.5326
49 39 1.6544
38 28 36.7566
67 57 198.0796
76 66 117.5522
101 91 3.6727
105 95 0.0715
15 5 1.1877
105 95 0.4857
95 85 8.1431
101 91 8.1131
92 82 26.2538
44 34 95.2868
16 6 1.6706
34 24 31.5797
46 36 84.2024
108 98 0.3794
22 12 7.0402
97 87 5.4552
53 43 146.109
56 46 15.573
55 45 150.6133
54 44 181.8701
66 56 30.397
51 41 90.378
108 98 0.0887
64 54 126.0016
86 76 39.3809
12 2 0.3574
74 64 0.1991
105 95 0.7081
105 95 1.9652
53 43 160.3807
43 33 35.0663
97 87 10.3106
98 88 2.2443
54 44 196.4703
81 71 6.7722
40 30 28.6942
71 61 136.403
45 35 0.9048
73 63 78.0169
66 56 100.2596
36 26 50.3596
72 62 16.0268
32 22 22.8679
36 26 14.799
20 10 3.0231
48 38 37.3669
75 65 46.1172
15 5 0.4883
43 33 92.8116
68 58 8.2066
14 4 1.7219
66 56 150.59
97 87 14.4605
22 12 8.7685
100 90 8.4396
50 40 140.6683
72 62 75.5271
46 36 93.9447
60 50 96.2641
85 75 54.835
94 84 9.6472
54 44 186.751
94 84 15.4243
46 36 13.8096
13 3 0.2674
61 51 59.5176
23 13 1.3332
85 75 63.3942
97 87 17.3924
59 49 88.6572
49 39 84.5684
34 24 19.0937
15 5 1.3362
69 59 93.5022
18 8 2.7989
72 62 142.9562
51 41 164.4645
100 90 4.5634
14 4 0.2027
106 96 0.6515
78 68 23.7637
104 94 2.1065
76 66 113.1618
94 84 6.6964
62 52 241.3608
107 97 0.3103
107 97 0.0175
32 22 51.3487
66 56 21.0878
16 6 1.5182
53 43 170.8582
66 56 53.9565
50 40 80.2959
41 31 81.6282
52 42 62.8259
45 35 103.4947
70 60 114.9783
105 95 1.3658
62 52 56.6572
51 41 97.1097
90 80 42.8089
56 46 202.8705
33 23 50.3423
91 81 38.7125
63 53 164.2026
22 12 1.2939
60 50 33.8629
14 4 1.0907
78 68 0.8256
40 30 62.363
36 26 23.6584
39 29 93.2636
98 88 15.879
62 52 40.4092
30 20 11.6131
100 90 1.9486
105 95 1.7718
59 49 248.633
109 99 0.0917
35 25 48.5713
71 61 22.4465
99 89 5.8249
32 22 52.6277
69 59 160.6116
82 72 68.9632
62 52 49.5887
74 64 16.7428
36 26 14.4969
42 32 46.4504
56 46 159.1271
57 47 129.3337
104 94 1.8199
84 74 15.3427
40 30 65.485
49 39 166.1309
84 74 35.9307
95 85 10.1241
106 96 0.9994
62 52 236.186
80 70 75.6124
91 81 7.1007
34 24 24.685
70 60 157.9093
94 84 23.8603
101 91 6.4915
20 10 3.7589
57 47 190.7284
95 85 1.1518
74 64 58.1346
100 90 4.9041
61 51 229.7003
64 54 138.4711
36 26 51.1331
69 59 183.1654
52 42 25.2587
63 53 187.1398
63 53 128.3943
102 92 4.1412
104 94 0.0602
86 76 31.5687
74 64 26.0464
49 39 145.1403
104 94 3.9914
93 83 14.8887
72 62 16.4286
11 1 0.0279
103 93 4.9071
69 59 149.2018
13 3 0.9483
22 12 0.6193
30 20 13.7138
59 49 79.53
106 96 1.0594
25 15 12.3276
42 32 0.4965
34 24 4.5573
101 91 5.5611
13 3 0.0865
52 42 125.1946
103 93 0.101
14 4 0.0834
69 59 180.633
102 92 2.5807
110 100 0.0
29 19 12.2358
95 85 2.9051
26 16 16.1276
39 29 8.7863
28 18 22.3491
90 80 12.6691
99 89 9.5206
69 59 122.5125
24 14 4.9532
99 89 3.3672
15 5 2.0991
22 12 14.3995
62 52 153.2373
60 50 222.0975
34 24 35.6922
49 39 73.5882
20 10 0.6876
53 43 156.1908
12 2 0.4348
20 10 9.1995
87 77 21.6826
102 92 3.6695
53 43 155.1504
44 34 80.9579
74 64 4.1203
80 70 26.488
80 70 54.0722
57 47 185.8103
37 27 69.934
76 66 62.1094
70 60 111.8105
41 31 71.8761
21 11 3.3645
66 56 148.6326
86 76 11.9392
97 87 12.1976
61 51 234.7923
104 94 3.6619
109 99 0.0371
69 59 85.6995
46 36 123.2977
108 98 0.1131
68 58 142.4776
102 92 1.768
34 24 8.9866
55 45 164.3487
14 4 0.4629
41 31 73.2995
84 74 63.772
33 23 49.753
51 41 166.1868
66 56 186.9023
76 66 66.3323
41 31 95.3799
31 21 32.8173
67 57 193.0063
107 97 0.5224
102 92 4.7811
80 70 4.776
101 91 7.4697
41 31 9.3209
17 7 0.72
72 62 92.2076
107 97 0.6075
26 16 23.9221
52 42 57.4241
102 92 3.872
46 36 119.5102
28 18 10.4877
14 4 0.9741
44 34 119.4631
49 39 62.7746
46 36 0.5274
96 86 10.838
103 93 3.2312
16 6 3.5672
99 89 3.6095
60 50 32.5283
73 63 128.3521
20 10 8.9207
33 23 20.2864
79 69 95.8062
64 54 197.1194
26 16 8.8485
11 1 0.0084
20 10 1.1382
45 35 64.8718
16 6 3.7733
51 41 159.6513
86 76 9.7693
102 92 3.0396
39 29 67.5536
97 87 9.8207
78 68 95.9851
38 28 9.5917
83 73 42.9001
18 8 0.7732
23 13 0.119
25 15 13.5801
20 10 3.802
29 19 31.4676
28 18 4.5427
44 34 121.1972
18 8 0.8283
84 74 53.9316
29 19 28.0892
65 55 215.2879
80 70 54.4162
33 23 12.9619
103 93 0.4709
22 12 10.3774
22 12 12.5584
47 37 66.232
74 64 14.4447
50 40 131.3545
88 78 26.5336
51 41 159.0254
85 75 38.4816
108 98 0.1529
54 44 161.67
50 40 136.5781
31 21 32.5118
63 53 165.1487
23 13 0.5158
70 60 83.135
37 27 19.0489
90 80 7.6632
53 43 153.4183
72 62 31.6654
24 14 15.405
63 53 203.0712
83 73 80.0823
93 83 16.6896
23 13 9.8154
99 89 8.089
29 19 21.7732
72 62 17.3527
88 78 11.5698
57 47 145.1938
51 41 88.355
84 74 71.3877
106 96 1.7316
31 21 24.9666
60 50 18.7952
55 45 6.8511
32 22 27.9486
85 75 14.3695
15 5 2.2888
71 61 31.3161
24 14 6.3119
17 7 0.3071
26 16 18.0818
66 56 169.8473
96 86 12.792
89 79 26.973
70 60 128.8161
35 25 6.2031
89 79 34.5128
100 90 2.6494
30 20 33.608
26 16 24.9298
105 95 0.5163
93 83 10.667
102 92 0.4949
34 24 32.5343
60 50 197.9305
102 92 1.4746
53 43 129.2288
30 20 6.3202
21 11 9.6832
58 48 150.9356
64 54 24.1348
15 5 0.4543
108 98 0.2261
106 96 0.3088
61 51 7.1215
60 50 251.0873
29 19 32.2126
68 58 50.4695
60 50 214.0358
70 60 91.751
84 74 54.8342
81 71 35.8131
74 64 3.727
11 1 0.0927
96 86 18.1105
98 88 10.6114
80 70 72.9505
47 37 63.993
68 58 108.3549
19 9 0.2259
22 12 13.9351
66 56 140.437
32 22 20.0223
80 70 61.9449
63 53 89.8747
102 92 0.6914
36 26 62.2918
82 72 22.368
15 5 1.0653
65 55 54.3985
96 86 18.831
76 66 84.0076
80 70 80.4786
41 31 34.1447
46 36 47.3001
78 68 103.11
19 9 6.6726
43 33 45.5357
83 73 27.3634
19 9 4.2374
97 87 10.5372
48 38 51.7432
17 7 5.2071
22 12 4.1643
80 70 65.1589
33 23 26.2154
100 90 9.9544
73 63 102.4597
107 97 0.1569
45 35 6.8549
63 53 146.941
35 25 48.9655
24 14 0.0999
102 92 5.3401
38 28 44.2904
76 66 56.8627
92 82 21.1589
92 82 19.2924
61 51 202.0364
71 61 144.9803
53 43 185.8272
72 62 80.326
41 31 29.8704
50 40 77.8537
84 74 48.4658
58 48 218.6252
21 11 13.0193
70 60 33.5456
60 50 47.7505
26 16 5.1288
29 19 10.6663
95 85 22.8171
39 29 2.1248
106 96 1.2315
45 35 39.8369
47 37 42.3761
31 21 10.7729
17 7 4.731
73 63 73.8439
86 76 47.9465
61 51 61.06
22 12 13.3062
104 94 1.9525
100 90 2.1871
47 37 108.7972
60 50 170.9979
88 78 4.8983
87 77 12.2335
18 8 2.6881
87 77 42.8007
14 4 1.7554
78 68 44.301
98 88 11.0231
105 95 2.2337
38 28 30.1545
42 32 25.6898
30 20 32.7381
40 30 48.2181
56 46 51.8355
102 92 3.7216
46 36 66.9557
34 24 54.2982
37 27 25.7833
45 35 43.2709
11 1 0.0054
32 22 2.3432
98 88 4.7518
58 48 161.4377
38 28 21.4561
57 47 78.6794
88 78 0.2748
65 55 101.1084
79 69 97.437
89 79 45.6898
86 76 59.5723
25 15 14.7018
57 47 129.9534
105 95 0.4091
103 93 5.2456
91 81 7.3272
56 46 4.1648
108 98 0.0715
59 49 131.0235
93 83 27.0332
83 73 27.3787
46 36 77.148
79 69 35.0051
30 20 33.3865
71 61 58.1791
31 21 35.4523
21 11 8.2618
109 99 0.0797
11 1 0.1037
95 85 4.4532
63 53 134.2284
48 38 141.8439
12 2 0.2388
54 44 53.5028
85 75 24.2986
30 20 35.3212
37 27 68.4747
47 37 137.6397
20 10 10.9303
54 44 148.314
30 20 32.6811
72 62 107.871
42 32 39.463
11 1 0.0059
43 33 20.2652
87 77 37.6944
52 42 28.2647
74 64 19.1705
42 32 97.8276
107 97 0.4982
40 30 48.7638
55 45 60.882
78 68 31.3995
43 33 44.0678
87 77 9.9022
31 21 40.7695
88 78 50.4439
70 60 52.5019
107 97 0.7518
105 95 0.1354
81 71 61.0362
