400 10410 9.9499
20 10 88.9664
22 12 91.2503
42 32 64.8444
65 55 48.7455
94 84 14.7341
95 85 49.9792
102 92 34.7935
61 51 69.5022
92 82 28.6878
55 45 78.5652
106 96 16.3176
62 52 40.6126
48 38 66.2515
88 78 37.5303
36 26 84.5002
35 25 78.9912
17 7 95.5311
33 23 72.3435
94 84 33.77
88 78 30.4009
48 38 65.6764
21 11 93.2673
102 92 9.0999
17 7 92.5078
42 32 79.1637
60 50 68.2342
96 86 15.5512
64 54 53.5282
28 18 85.0711
87 77 36.0985
61 51 62.0015
20 10 91.5964
90 80 35.2468
61 51 46.0607
53 43 70.4827
88 78 26.6865
89 79 44.3409
105 95 44.898
108 98 35.9232
87 77 49.6743
57 47 57.4321
25 15 87.9413
50 40 60.7137
82 72 36.155
87 77 34.1781
39 29 76.5223
57 47 67.9207
109 99 45.301
22 12 87.8231
59 49 50.1292
29 19 83.5487
58 48 62.3373
28 18 83.1799
64 54 62.7454
60 50 59.4734
92 82 25.3593
101 91 33.3206
63 53 37.4875
109 99 31.707
88 78 48.5279
16 6 92.3444
22 12 90.5638
32 22 82.8082
66 56 39.343
28 18 79.5396
32 22 79.6485
59 49 72.2976
83 73 52.0995
100 90 34.6815
61 51 46.9047
100 90 36.35
16 6 92.8467
104 94 32.2874
27 17 85.4867
76 66 58.3818
96 86 37.7229
89 79 53.3981
90 80 44.2026
108 98 17.8464
55 45 62.8183
57 47 64.2002
85 75 29.1481
76 66 49.975
59 49 59.6895
109 99 41.578
72 62 48.2386
87 77 45.9779
41 31 79.2866
70 60 58.3788
70 60 63.888
70 60 55.2822
103 93 31.4519
82 72 50.2695
20 10 91.5141
57 47 46.7159
86 76 32.9947
31 21 84.1403
28 18 77.2184
75 65 60.3325
79 69 22.3521
93 83 41.6322
102 92 22.0346
88 78 36.8971
101 91 40.7759
102 92 13.1015
47 37 63.9072
95 85 49.9043
40 30 69.599
16 6 94.6593
15 5 94.889
53 43 59.0008
44 34 64.1249
15 5 94.9319
39 29 81.0918
28 18 83.1908
75 65 53.0086
85 75 43.2083
35 25 70.6877
106 96 14.1918
85 75 50.7827
110 100 42.5234
25 15 82.6972
26 16 87.8531
91 81 27.0379
40 30 81.9641
29 19 80.0077
65 55 55.6441
68 58 58.5883
16 6 92.8332
88 78 32.5208
37 27 74.8
26 16 90.8571
62 52 41.0151
81 71 21.6579
70 60 47.1873
53 43 64.3685
61 51 69.8344
33 23 70.4005
17 7 93.4973
51 41 70.8156
14 4 96.5012
23 13 91.3917
92 82 38.6648
12 2 98.1288
14 4 95.4705
36 26 74.6911
30 20 82.6045
17 7 92.3579
35 25 82.6281
73 63 54.9644
49 39 75.5926
55 45 55.6531
76 66 42.6291
14 4 94.7391
29 19 83.706
107 97 37.4409
104 94 16.3386
93 83 40.67
103 93 21.8893
36 26 67.0237
62 52 58.9655
92 82 29.8859
29 19 86.3264
24 14 81.1729
49 39 59.0454
15 5 96.8709
37 27 72.4558
90 80 26.5647
87 77 42.7768
47 37 77.5721
41 31 80.6512
89 79 19.6932
105 95 31.2034
95 85 36.7091
57 47 61.9668
33 23 84.8702
27 17 88.8287
64 54 48.7818
48 38 72.3078
17 7 93.36
52 42 74.6738
73 63 47.7246
98 88 26.4052
37 27 84.4249
60 50 52.2252
83 73 30.592
72 62 33.0349
61 51 62.2048
100 90 39.7984
32 22 78.3314
60 50 44.3423
94 84 34.0612
67 57 67.0417
63 53 60.7121
74 64 51.7651
74 64 69.0993
53 43 65.0475
45 35 59.0331
95 85 20.1269
99 89 18.5968
83 73 29.2281
28 18 84.8646
71 61 61.6068
81 71 62.5966
76 66 27.6266
103 93 12.5911
99 89 45.8668
94 84 35.2788
68 58 50.0896
95 85 54.199
25 15 85.446
85 75 62.3658
96 86 49.8012
76 66 50.8412
65 55 59.9959
108 98 31.7521
12 2 98.6546
103 93 26.7041
92 82 16.9835
49 39 49.9411
56 46 73.5032
98 88 30.9203
44 34 65.3365
73 63 38.3508
81 71 31.7296
96 86 47.4239
63 53 58.2245
76 66 53.4873
107 97 51.0539
38 28 75.0285
91 81 39.4522
20 10 92.5752
68 58 51.9726
18 8 93.9795
99 89 26.6628
19 9 90.8933
62 52 44.6932
40 30 65.1039
80 70 37.5659
13 3 97.4287
84 74 45.153
14 4 96.0028
23 13 86.7264
21 11 91.7017
70 60 63.0515
37 27 79.979
101 91 21.7249
45 35 55.922
28 18 81.0576
15 5 95.6445
17 7 95.3943
25 15 85.3813
12 2 97.5156
101 91 49.3858
103 93 31.5069
88 78 35.5502
106 96 19.2309
89 79 25.8267
82 72 53.3776
89 79 33.2744
25 15 84.6198
96 86 52.0404
50 40 55.2019
30 20 73.4603
47 37 74.1149
47 37 67.3122
83 73 38.7705
78 68 56.6
72 62 64.883
28 18 85.2501
19 9 91.1414
86 76 34.7145
90 80 42.1513
87 77 42.7128
24 14 87.034
51 41 74.5235
70 60 37.7586
17 7 93.745
50 40 62.6868
80 70 40.2248
91 81 29.5197
54 44 51.5725
95 85 35.5645
31 21 85.3628
85 75 42.6527
36 26 82.4954
31 21 82.1579
107 97 25.782
77 67 38.8715
77 67 51.9596
77 67 55.6068
22 12 84.5664
41 31 74.0357
90 80 47.3
64 54 66.1506
50 40 67.7872
24 14 87.0788
84 74 43.353
90 80 50.305
25 15 86.4788
40 30 70.3149
11 1 99.0065
110 100 8.6424
21 11 90.9734
90 80 41.4234
78 68 39.4924
63 53 48.8923
30 20 85.9496
40 30 79.9486
52 42 50.7386
40 30 80.4645
20 10 89.4557
110 100 38.8565
40 30 67.7395
94 84 26.0141
36 26 76.9445
35 25 84.9973
61 51 35.9544
31 21 83.3697
24 14 81.9043
80 70 56.3475
69 59 57.7995
97 87 47.2051
72 62 46.6052
85 75 47.559
85 75 38.9027
107 97 25.1723
30 20 74.508
100 90 16.1813
78 68 26.8625
65 55 62.4748
92 82 56.1406
103 93 7.4316
98 88 17.0305
88 78 56.1031
96 86 39.4811
48 38 70.4089
24 14 88.8514
60 50 39.3581
53 43 53.682
89 79 19.4975
72 62 45.5085
77 67 52.7454
17 7 91.0536
52 42 51.6702
18 8 95.2186
93 83 35.8526
68 58 54.199
37 27 70.0201
36 26 73.4672
51 41 60.3076
11 1 98.7102
41 31 72.6313
58 48 59.7993
44 34 78.3915
59 49 63.8657
45 35 61.2964
82 72 22.9345
39 29 80.9388
74 64 50.7371
45 35 74.1665
50 40 74.5132
32 22 77.1797
93 83 22.442
101 91 54.9274
20 10 90.4648
101 91 28.1282
41 31 75.4188
55 45 58.2322
66 56 47.7274
41 31 71.8917
26 16 82.9028
76 66 56.4106
95 85 45.5598
107 97 25.2255
109 99 13.0177
88 78 34.9305
98 88 19.0978
62 52 65.8143
42 32 79.9504
93 83 39.2164
17 7 94.1327
85 75 28.7832
31 21 80.556
42 32 78.0961
48 38 65.4174
55 45 69.1559
70 60 45.6652
82 72 34.8454
99 89 37.1807
56 46 64.2466
94 84 23.7091
107 97 25.8227
16 6 93.2886
61 51 49.4378
63 53 48.7441
35 25 83.0705
53 43 50.1491
105 95 16.8617
57 47 64.4681
