100 2617 4.3589
27 17 10.1375
82 72 62.6107
11 1 0.0209
102 92 5.1304
55 45 33.5296
62 52 29.3079
23 13 18.0826
93 83 7.9851
101 91 2.4035
78 68 103.0556
29 19 33.527
41 31 102.4222
15 5 0.0444
105 95 2.2053
24 14 8.6905
73 63 93.3199
44 34 122.5881
29 19 9.0834
22 12 15.3501
52 42 90.8293
106 96 0.7609
98 88 1.7827
65 55 140.5492
108 98 0.0841
72 62 149.3719
100 90 1.8447
53 43 23.1255
97 87 5.6575
49 39 12.843
87 77 23.1611
28 18 2.1829
28 18 30.8605
67 57 174.1242
29 19 9.6721
100 90 2.2744
47 37 83.9463
106 96 0.8544
90 80 3.6449
51 41 92.5012
85 75 13.1893
37 27 34.5601
80 70 66.0489
106 96 0.5942
108 98 0.1822
14 4 1.3802
67 57 107.4673
102 92 4.4232
19 9 8.854
46 36 137.5158
100 90 1.6785
11 1 0.0404
46 36 95.3899
32 22 16.9289
90 80 38.483
57 47 64.8829
78 68 67.5335
14 4 0.3879
22 12 7.4367
109 99 0.0559
13 3 0.9709
85 75 66.3907
22 12 2.4636
98 88 1.1054
77 67 45.8198
108 98 0.3084
88 78 42.8399
86 76 45.9142
77 67 54.2463
17 7 0.9837
57 47 0.5776
67 57 102.1392
53 43 105.9738
52 42 39.8239
78 68 58.7569
30 20 7.8109
30 20 1.4803
75 65 13.186
43 33 78.3223
42 32 31.0058
110 100 0.0
90 80 22.7088
107 97 0.3372
91 81 4.7438
44 34 34.0337
84 74 18.0773
58 48 235.8763
81 71 43.9748
55 45 81.5235
60 50 75.673
87 77 43.9684
27 17 10.1611
47 37 24.6153
14 4 0.0234
76 66 20.2402
15 5 2.1646
103 93 3.4178
74 64 43.4224
33 23 41.3798
49 39 109.2498
60 50 112.6002
