400 10300 4.3589
104 94 2.8754
17 7 0.6694
61 51 20.8166
95 85 6.4067
52 42 122.7981
34 24 43.1034
15 5 1.4799
14 4 1.1272
92 82 8.8603
32 22 2.2901
80 70 63.7379
77 67 63.8115
45 35 132.0287
62 52 80.235
95 85 0.8102
61 51 147.8794
13 3 0.5914
78 68 20.69
100 90 2.3292
56 46 115.8812
48 38 154.8107
32 22 41.4598
78 68 12.4919
13 3 0.63
13 3 0.2844
24 14 1.0863
69 59 183.5876
83 73 35.6655
49 39 30.6982
34 24 36.189
72 62 124.7256
93 83 28.6538
63 53 136.154
89 79 12.257
86 76 54.9752
21 11 10.5871
39 29 63.8492
104 94 3.7762
80 70 69.3677
33 23 36.8991
108 98 0.2947
88 78 7.3272
21 11 0.9229
78 68 39.0736
41 31 102.8149
12 2 0.0861
52 42 177.608
106 96 0.9012
47 37 35.8977
37 27 77.8533
63 53 224.6044
45 35 67.6817
44 34 20.9297
15 5 0.0298
20 10 7.2923
73 63 99.1237
99 89 9.094
79 69 49.8946
25 15 20.8049
82 72 86.4677
38 28 31.3766
99 89 9.3441
91 81 36.8241
97 87 0.3573
32 22 3.2568
61 51 104.1647
50 40 36.3959
49 39 60.9594
75 65 93.0318
17 7 5.0145
38 28 41.3146
18 8 6.6705
102 92 0.1989
107 97 0.2123
96 86 5.1547
71 61 46.3506
22 12 10.0072
104 94 1.4514
57 47 148.2206
52 42 54.8918
85 75 0.4286
27 17 19.9337
104 94 2.4951
50 40 126.1856
85 75 69.1359
13 3 0.9955
75 65 59.8883
97 87 18.7567
55 45 48.302
59 49 213.0185
21 11 8.9928
80 70 57.1824
24 14 1.0684
15 5 1.8523
48 38 86.0252
26 16 8.2535
101 91 3.5423
79 69 43.1997
92 82 30.954
55 45 212.9796
62 52 82.5558
107 97 0.0741
82 72 24.5856
101 91 2.5019
76 66 101.5141
60 50 174.4786
75 65 9.2632
88 78 1.2876
56 46 54.5523
37 27 63.0587
72 62 118.3487
58 48 81.7026
25 15 19.8578
33 23 4.6253
51 41 101.4049
36 26 16.351
106 96 0.1193
87 77 9.9682
87 77 36.1824
107 97 0.9305
44 34 117.1348
13 3 0.1243
40 30 16.8723
23 13 7.8273
80 70 92.2343
15 5 1.2202
38 28 82.1194
89 79 38.651
78 68 52.8079
53 43 202.958
99 89 4.281
53 43 55.1993
109 99 0.0259
63 53 20.1787
86 76 6.8571
59 49 214.5984
35 25 56.8481
62 52 12.1258
56 46 189.3852
56 46 79.7623
84 74 17.0429
44 34 24.2195
57 47 165.1513
12 2 0.1209
42 32 23.3237
25 15 20.2006
96 86 7.0604
110 100 0.0
76 66 0.9742
67 57 60.2176
90 80 27.2711
92 82 8.4514
97 87 18.3685
33 23 13.0707
63 53 90.1845
103 93 2.9808
94 84 20.707
54 44 199.4035
87 77 38.1775
63 53 239.111
98 88 4.5315
29 19 30.2748
105 95 2.543
13 3 0.0054
64 54 105.9027
52 42 68.9479
25 15 2.3982
73 63 87.8312
107 97 0.9977
41 31 42.9151
40 30 55.6838
52 42 176.182
65 55 135.9774
48 38 141.2441
104 94 3.8945
77 67 3.9857
98 88 7.7784
19 9 0.554
64 54 95.373
96 86 14.6918
44 34 96.9272
22 12 15.4236
86 76 62.4338
95 85 20.0838
48 38 151.1067
13 3 0.0215
55 45 84.0505
89 79 23.2348
75 65 97.3863
78 68 36.7863
30 20 7.7052
96 86 21.7406
25 15 3.6606
57 47 221.8168
48 38 138.7208
54 44 88.8352
22 12 0.3828
67 57 178.7655
68 58 12.9001
81 71 4.8908
84 74 51.0463
94 84 26.6325
20 10 0.5254
23 13 7.6789
71 61 164.0764
88 78 4.4875
37 27 26.4544
110 100 0.0
13 3 0.9967
108 98 0.1175
57 47 44.6527
92 82 34.7661
92 82 3.8621
30 20 19.3068
31 21 8.8013
73 63 130.4428
93 83 26.5294
85 75 39.8374
37 27 78.917
79 69 45.76
99 89 0.7696
22 12 1.7915
38 28 60.9177
45 35 86.8804
68 58 74.936
37 27 53.5963
82 72 10.3089
26 16 18.8497
27 17 27.1591
89 79 18.4567
98 88 2.9522
72 62 145.6169
101 91 6.0292
73 63 92.8401
33 23 28.3005
22 12 13.6905
24 14 3.863
104 94 3.0872
107 97 0.3011
107 97 0.3368
78 68 31.8603
68 58 128.8784
46 36 70.3887
55 45 77.8737
23 13 15.8487
65 55 26.0737
74 64 66.7883
95 85 9.4756
98 88 2.0916
96 86 10.8603
75 65 4.7021
36 26 8.926
72 62 131.1164
73 63 91.6266
28 18 27.1845
24 14 14.2845
51 41 172.7007
38 28 80.0863
59 49 185.2587
103 93 4.6764
40 30 38.8031
53 43 187.2823
74 64 25.6873
97 87 3.1611
15 5 0.6432
38 28 50.5437
28 18 2.871
100 90 6.1792
57 47 230.8304
109 99 0.0308
70 60 46.6795
40 30 39.2955
31 21 13.3488
20 10 4.0072
31 21 47.077
103 93 2.8667
103 93 1.3688
28 18 4.9781
105 95 0.5393
12 2 0.0017
58 48 240.7359
90 80 11.4857
99 89 13.2453
15 5 1.2444
90 80 5.6626
60 50 106.0487
36 26 13.6814
43 33 102.6146
45 35 50.6482
44 34 10.5242
100 90 6.09
59 49 52.314
42 32 66.1012
42 32 54.9639
48 38 58.5687
25 15 18.7563
77 67 62.8438
40 30 24.4504
34 24 38.8753
78 68 105.8171
50 40 57.838
33 23 6.3749
86 76 30.4724
91 81 39.7706
92 82 32.6907
76 66 121.16
67 57 19.2246
93 83 26.9312
88 78 6.0193
104 94 1.1604
30 20 4.1678
87 77 57.0001
50 40 4.7904
57 47 5.7784
46 36 123.437
27 17 11.3516
25 15 19.6989
85 75 4.6334
48 38 152.1539
31 21 7.9621
95 85 8.7892
98 88 9.946
98 88 7.2566
84 74 7.2132
102 92 5.6631
64 54 9.3697
24 14 20.1752
52 42 137.5534
86 76 33.3955
109 99 0.071
83 73 25.707
81 71 82.3279
75 65 70.0015
39 29 54.7552
97 87 15.0408
96 86 13.3202
93 83 25.4263
78 68 14.6402
69 59 148.3203
28 18 32.3776
80 70 19.2008
31 21 0.4311
60 50 18.3732
29 19 34.0136
82 72 51.9922
56 46 193.8995
40 30 95.2887
42 32 94.6145
57 47 77.1937
47 37 31.0553
12 2 0.1447
74 64 26.597
72 62 19.9313
106 96 0.2705
110 100 0.0
60 50 74.8164
63 53 119.9561
105 95 0.9838
79 69 72.1159
21 11 3.7789
70 60 11.9025
97 87 8.395
14 4 1.3023
67 57 195.2049
62 52 210.5899
25 15 15.1326
52 42 187.4087
99 89 6.0289
22 12 6.3061
43 33 70.1898
38 28 11.5585
102 92 4.2919
27 17 16.7739
45 35 15.668
50 40 162.9265
43 33 29.2464
40 30 25.869
33 23 41.3479
26 16 14.2249
51 41 177.1326
94 84 19.5172
66 56 155.121
43 33 61.2903
92 82 13.9268
33 23 4.7809
75 65 122.0988
12 2 0.418
34 24 63.2436
72 62 102.4535
16 6 1.8383
105 95 1.626
17 7 4.0099
52 42 41.2755
72 62 28.687
51 41 68.2563
97 87 16.2522
84 74 26.5913
41 31 52.0215
29 19 18.6417
62 52 20.7007
