400 10123 9.9499
87 77 17.5875
94 84 16.7994
24 14 15.1696
39 29 38.1771
39 29 38.1009
100 90 9.9517
57 47 16.2402
78 68 95.2068
16 6 2.8488
68 58 29.8823
24 14 18.1384
42 32 111.0727
52 42 17.9508
39 29 23.9104
50 40 175.5358
103 93 4.9719
66 56 30.2751
88 78 37.7134
40 30 33.2158
102 92 4.4022
72 62 157.2289
94 84 13.9026
76 66 51.5256
31 21 15.8003
84 74 33.3135
58 48 15.1
64 54 41.9651
39 29 67.4617
100 90 3.8076
85 75 62.1818
18 8 6.812
58 48 117.7046
79 69 92.6056
51 41 105.2619
61 51 54.3248
51 41 185.3312
98 88 5.5573
43 33 67.5638
21 11 0.4676
54 44 103.8291
98 88 7.1708
55 45 22.4635
56 46 201.077
37 27 61.8946
60 50 261.8445
25 15 1.1885
37 27 54.2218
71 61 37.2537
97 87 7.4806
30 20 41.9233
70 60 7.6614
37 27 72.1777
39 29 33.452
55 45 68.0038
90 80 32.1052
25 15 19.5135
36 26 24.218
33 23 48.7554
11 1 0.0403
70 60 120.7754
68 58 157.3804
33 23 21.5335
83 73 67.7683
95 85 16.961
64 54 22.6874
75 65 60.2695
108 98 0.1409
38 28 9.4067
25 15 8.4992
67 57 61.5521
84 74 32.2193
90 80 25.7772
26 16 5.8886
73 63 136.4224
71 61 102.2347
34 24 6.4521
43 33 103.7405
76 66 52.528
60 50 240.3564
104 94 2.9351
61 51 60.5821
72 62 79.7591
107 97 0.0547
60 50 112.2654
107 97 0.0818
70 60 65.2423
62 52 54.3576
34 24 27.3996
55 45 201.5733
38 28 34.3784
102 92 0.3496
98 88 8.3262
68 58 194.6538
78 68 73.5612
53 43 43.9985
52 42 119.0001
20 10 11.0826
108 98 0.0052
94 84 28.1803
64 54 178.8822
77 67 83.0278
22 12 8.6639
23 13 12.6366
85 75 46.8162
37 27 2.7653
58 48 17.971
22 12 11.9944
38 28 32.9574
52 42 33.252
62 52 234.2234
99 89 10.0312
46 36 3.4562
50 40 95.3908
109 99 0.0619
90 80 17.9507
52 42 64.9282
30 20 4.7249
98 88 2.0929
19 9 7.2306
55 45 24.9317
100 90 6.3345
30 20 21.9286
44 34 108.8331
40 30 0.5875
38 28 56.5348
58 48 133.4514
38 28 40.3057
42 32 55.4246
109 99 0.0362
18 8 1.3217
34 24 53.6706
19 9 8.583
46 36 5.2126
32 22 18.8716
75 65 30.8477
85 75 21.3084
17 7 0.5883
27 17 18.6732
62 52 183.6731
28 18 30.5114
15 5 0.9517
24 14 5.7572
66 56 89.0617
87 77 55.6308
20 10 2.0383
19 9 2.0546
90 80 24.1838
67 57 157.925
40 30 47.3627
54 44 102.7744
62 52 15.4175
60 50 270.5009
23 13 13.3312
85 75 34.8983
41 31 10.4283
21 11 5.1564
76 66 5.0391
90 80 19.6449
77 67 78.6581
84 74 0.9734
15 5 2.1127
46 36 86.3541
20 10 9.8799
18 8 3.1818
66 56 124.0058
110 100 0.0
21 11 2.0032
82 72 54.0831
14 4 0.6468
63 53 5.8821
14 4 0.5619
82 72 12.576
93 83 19.404
97 87 11.2176
13 3 0.3649
80 70 78.2418
60 50 118.9391
65 55 133.0181
21 11 1.4905
74 64 50.8118
52 42 123.8176
16 6 0.4909
11 1 0.0412
68 58 94.718
108 98 0.2523
18 8 5.7225
29 19 28.5553
94 84 13.706
36 26 22.7426
24 14 11.2383
88 78 9.5244
87 77 4.8982
38 28 29.5549
60 50 186.0806
34 24 25.9281
54 44 14.1333
94 84 19.7872
95 85 18.2403
63 53 159.6486
66 56 137.6329
59 49 175.1859
88 78 29.5588
78 68 110.2695
13 3 0.7395
85 75 24.3215
82 72 49.7423
71 61 8.6663
33 23 4.9306
51 41 75.8484
90 80 41.8724
107 97 0.1301
49 39 11.7494
88 78 8.7032
43 33 85.5105
60 50 238.552
82 72 36.3065
43 33 90.4788
30 20 20.2475
82 72 36.6365
48 38 46.5387
17 7 1.5133
74 64 76.0347
46 36 96.5516
44 34 91.319
85 75 56.5153
110 100 0.0
88 78 7.8787
63 53 221.8516
69 59 116.6281
101 91 0.3052
11 1 0.1003
98 88 2.8202
55 45 73.7148
100 90 10.856
32 22 40.6759
49 39 71.6718
86 76 36.6797
39 29 55.7781
53 43 129.9612
102 92 4.7476
67 57 33.695
16 6 1.5535
104 94 2.8118
109 99 0.0152
19 9 5.6104
45 35 10.3327
102 92 3.5425
81 71 77.8294
56 46 141.791
76 66 70.2318
36 26 40.426
81 71 55.9332
39 29 88.9238
84 74 40.5592
57 47 175.5702
83 73 15.2198
29 19 14.7323
19 9 1.604
79 69 65.2346
50 40 176.7514
66 56 119.4206
64 54 138.3887
99 89 7.6738
16 6 0.4415
50 40 121.9296
101 91 0.8681
102 92 0.7309
34 24 30.4519
83 73 43.074
51 41 48.0179
81 71 74.2549
58 48 140.5603
75 65 41.2539
61 51 154.6403
50 40 134.845
106 96 0.6427
34 24 17.1216
60 50 154.4468
34 24 38.1037
100 90 7.6664
63 53 127.8119
60 50 27.9047
29 19 33.7878
37 27 30.8475
49 39 56.816
40 30 94.8132
68 58 61.5213
85 75 22.1804
56 46 18.6944
38 28 25.1419
97 87 2.0563
20 10 2.6054
90 80 33.5125
78 68 83.1215
31 21 1.0711
83 73 18.4937
95 85 24.9883
97 87 3.7007
62 52 148.1465
19 9 0.9848
89 79 14.484
18 8 1.8654
87 77 35.6328
61 51 23.2583
80 70 32.8527
32 22 29.8463
64 54 163.3352
100 90 0.9139
96 86 15.6078
19 9 4.2979
40 30 15.9676
63 53 225.7656
61 51 256.8589
64 54 113.3302
34 24 5.7214
17 7 2.0192
36 26 39.8677
93 83 0.5319
108 98 0.1299
106 96 0.2311
104 94 2.0177
80 70 41.4595
110 100 0.0
65 55 208.7328
45 35 24.0801
61 51 258.5906
17 7 5.3269
91 81 4.3881
89 79 38.1728
51 41 59.3509
65 55 68.9233
78 68 79.3874
84 74 39.8623
44 34 14.2733
54 44 38.4344
28 18 0.3013
88 78 31.6868
18 8 1.7316
81 71 85.9096
85 75 45.0287
46 36 23.7634
12 2 0.186
71 61 132.2991
70 60 124.4194
103 93 4.872
32 22 43.0349
92 82 13.0568
31 21 32.8665
74 64 54.4885
55 45 176.0067
60 50 72.3786
54 44 36.4571
20 10 8.3715
15 5 0.8031
63 53 66.6457
74 64 90.3601
69 59 79.7341
19 9 8.5778
73 63 99.6719
27 17 2.8005
81 71 11.2284
28 18 15.3137
14 4 0.7669
102 92 3.9143
27 17 28.1848
88 78 25.5581
103 93 4.3898
67 57 15.3254
87 77 23.5017
102 92 5.947
64 54 187.4035
63 53 130.4913
89 79 17.519
61 51 96.9306
62 52 108.7235
87 77 35.6745
54 44 182.2583
19 9 5.8184
64 54 55.8667
79 69 86.9807
100 90 8.8621
61 51 245.9651
33 23 51.4737
54 44 58.5354
85 75 2.609
87 77 19.5483
78 68 93.9732
16 6 0.4971
81 71 25.1335
71 61 110.3625
87 77 0.0405
71 61 4.1692
86 76 23.3595
67 57 0.4225
30 20 44.0001
104 94 0.1209
52 42 164.9082
47 37 47.6062
68 58 18.7549
51 41 22.4307
