900 22871 4.3589
53 43 134.5397
87 77 14.3249
100 90 5.0745
94 84 1.3808
70 60 18.7338
75 65 28.7518
66 56 214.1997
48 38 107.321
94 84 0.1117
33 23 34.748
37 27 51.9486
23 13 15.793
51 41 134.854
102 92 6.4424
76 66 101.7937
46 36 7.5813
57 47 238.4162
98 88 11.1954
58 48 216.7489
38 28 68.9391
77 67 96.2289
32 22 49.3643
65 55 100.7033
91 81 14.1042
95 85 20.9935
41 31 72.0407
58 48 123.5264
99 89 10.8267
59 49 68.8271
54 44 9.2209
77 67 24.8935
28 18 32.018
50 40 98.6494
29 19 32.2062
89 79 3.53
23 13 15.858
87 77 44.3465
69 59 153.7343
67 57 74.4701
62 52 104.7047
60 50 103.4923
24 14 20.0733
11 1 0.0444
26 16 4.9046
48 38 124.6018
103 93 0.7551
24 14 18.1284
65 55 44.1776
110 100 0.0
74 64 75.1499
41 31 4.6961
99 89 1.5539
53 43 81.8502
76 66 15.443
38 28 26.0104
68 58 53.3744
45 35 0.9599
34 24 51.1591
28 18 34.654
106 96 1.3619
21 11 5.2771
51 41 83.3457
60 50 18.417
15 5 1.5125
44 34 86.5126
73 63 26.4557
59 49 36.8418
48 38 118.6833
109 99 0.0533
71 61 70.645
61 51 226.8716
16 6 2.3482
108 98 0.0749
106 96 1.431
69 59 20.4113
71 61 60.8083
59 49 21.7705
89 79 15.6518
28 18 6.5143
15 5 0.868
59 49 53.4204
26 16 21.0579
102 92 0.851
88 78 15.7696
103 93 1.5913
93 83 19.6976
63 53 219.5276
78 68 42.8481
44 34 124.68
93 83 31.7448
103 93 2.6698
67 57 59.9576
21 11 2.522
108 98 0.3249
107 97 0.1532
86 76 25.3184
83 73 16.5875
75 65 77.8456
50 40 25.5725
29 19 25.7962
60 50 178.98
108 98 0.2004
83 73 47.0553
91 81 1.5556
99 89 10.6957
28 18 3.2959
81 71 59.9447
65 55 49.1288
17 7 2.3217
64 54 26.0932
65 55 210.3425
64 54 186.3505
52 42 117.8005
12 2 0.1533
24 14 12.617
52 42 167.132
45 35 8.0347
101 91 7.5176
19 9 7.3353
37 27 18.9834
36 26 32.768
30 20 42.3592
34 24 31.3085
91 81 23.3268
110 100 0.0
98 88 2.7288
61 51 83.4389
60 50 249.34
87 77 38.0345
39 29 50.1697
27 17 7.4994
39 29 84.9993
92 82 12.0897
26 16 10.889
43 33 108.2747
57 47 119.8175
91 81 6.2494
42 32 42.0316
32 22 52.5392
107 97 0.1164
48 38 2.1199
61 51 48.3391
83 73 64.8445
13 3 0.7755
100 90 0.5129
74 64 4.9581
102 92 2.4475
102 92 0.7931
61 51 125.2515
76 66 33.2221
21 11 4.8079
22 12 14.8331
77 67 62.6986
45 35 126.1266
23 13 15.546
69 59 34.714
39 29 85.7302
37 27 51.4742
96 86 18.0066
31 21 46.7863
71 61 11.1053
31 21 29.7842
42 32 102.0848
53 43 38.1019
67 57 187.9488
25 15 22.8381
27 17 25.5439
72 62 144.5869
16 6 2.5079
70 60 167.1349
91 81 35.7324
32 22 4.2527
57 47 82.1626
42 32 17.8087
54 44 206.3482
75 65 96.6962
65 55 115.2016
14 4 0.3147
36 26 3.7864
11 1 0.0498
56 46 161.5588
71 61 36.4449
66 56 45.7237
107 97 0.1469
27 17 9.4502
16 6 0.8352
82 72 17.1408
86 76 44.1671
91 81 0.8035
71 61 13.5823
78 68 88.0844
84 74 35.8735
108 98 0.4022
53 43 20.3478
60 50 101.036
60 50 34.104
18 8 1.025
77 67 18.6648
94 84 27.536
66 56 61.5007
89 79 10.3767
24 14 6.2113
28 18 22.1361
69 59 79.8612
82 72 86.5756
49 39 22.1173
70 60 153.7594
20 10 3.6869
42 32 20.3032
91 81 4.0602
108 98 0.1029
13 3 0.4322
57 47 197.1141
36 26 11.5724
32 22 40.683
77 67 120.311
55 45 192.061
46 36 108.4438
107 97 0.9297
103 93 1.4673
41 31 58.395
82 72 36.1249
97 87 3.8134
58 48 82.0555
76 66 54.2014
72 62 88.0092
77 67 97.5589
109 99 0.0753
97 87 12.201
40 30 19.3082
41 31 70.0686
106 96 0.1003
90 80 33.031
51 41 114.6115
28 18 27.4003
65 55 38.647
24 14 0.7689
85 75 19.3572
100 90 6.5394
61 51 203.091
39 29 66.2667
94 84 16.9462
29 19 22.435
95 85 20.3746
66 56 35.5946
32 22 0.1674
31 21 36.8023
41 31 75.8676
67 57 62.6962
84 74 55.7167
84 74 14.3924
65 55 212.5659
77 67 28.3653
40 30 57.8551
81 71 18.9074
52 42 65.2642
53 43 26.0013
13 3 0.4448
84 74 65.0374
44 34 42.0026
30 20 4.8849
16 6 2.332
83 73 27.2337
69 59 61.737
101 91 7.872
65 55 96.6418
50 40 120.829
48 38 39.9756
40 30 57.9926
99 89 11.0892
92 82 11.3322
42 32 32.5706
56 46 152.8632
37 27 20.363
101 91 8.8189
36 26 51.8006
67 57 155.8133
93 83 21.0408
89 79 6.23
20 10 0.391
88 78 11.9696
65 55 82.3896
93 83 21.1145
97 87 4.1499
90 80 24.1804
107 97 0.0594
51 41 32.1886
108 98 0.3136
58 48 181.4549
58 48 168.7129
98 88 3.8111
30 20 23.7029
43 33 118.4095
66 56 101.9883
51 41 50.2086
60 50 8.0301
34 24 51.06
52 42 151.4093
68 58 20.6007
54 44 67.7566
44 34 64.5107
73 63 140.1566
56 46 213.4943
39 29 76.4978
17 7 1.7617
32 22 6.0128
100 90 2.7006
49 39 133.1256
11 1 0.0553
66 56 185.4635
20 10 6.3406
60 50 171.02
108 98 0.1699
102 92 3.7439
109 99 0.1064
22 12 8.4172
104 94 1.5466
96 86 8.5255
35 25 68.8267
81 71 19.2458
103 93 2.4085
70 60 115.2448
87 77 6.4874
63 53 0.3277
66 56 51.7557
78 68 79.4922
67 57 80.8677
65 55 177.6483
95 85 21.4947
62 52 138.1699
85 75 44.7955
52 42 2.4783
83 73 2.3805
16 6 3.9981
103 93 4.6901
86 76 7.6183
86 76 58.6468
105 95 1.8244
41 31 33.8087
63 53 232.5142
42 32 17.1477
47 37 83.1378
25 15 24.2082
11 1 0.0689
102 92 1.8962
28 18 4.7587
39 29 18.3105
40 30 46.1199
71 61 159.3526
44 34 87.7118
29 19 38.2611
84 74 7.6215
52 42 116.0992
38 28 31.895
48 38 92.7783
51 41 14.8004
35 25 37.682
26 16 23.5464
47 37 151.8414
76 66 16.9205
79 69 93.1367
18 8 5.1312
89 79 33.9963
105 95 0.9065
38 28 73.0397
95 85 20.8872
65 55 224.9149
93 83 24.6191
76 66 24.9006
32 22 31.1811
107 97 0.0552
106 96 1.1032
20 10 8.5016
95 85 7.6061
24 14 17.0099
20 10 3.7398
101 91 8.5537
23 13 7.6822
108 98 0.152
92 82 1.0519
91 81 17.4482
19 9 4.6621
29 19 34.8705
104 94 0.5992
19 9 3.5313
66 56 102.2266
42 32 30.4594
43 33 80.917
50 40 16.6233
74 64 26.9508
27 17 9.3313
27 17 24.1536
21 11 8.139
14 4 0.2825
12 2 0.3396
48 38 59.6663
32 22 35.1241
77 67 38.1935
51 41 81.6019
87 77 3.2185
64 54 202.789
105 95 0.7185
55 45 9.0553
55 45 189.6785
102 92 0.9928
69 59 146.8464
43 33 65.2735
66 56 47.8743
44 34 43.7526
19 9 7.67
102 92 4.4904
70 60 152.7082
12 2 0.2908
73 63 123.4141
86 76 51.8803
108 98 0.3533
90 80 35.0338
34 24 60.2855
36 26 68.9392
66 56 20.3046
99 89 4.3614
58 48 61.7648
81 71 0.9715
43 33 82.9391
92 82 13.1316
75 65 101.8927
99 89 9.0981
41 31 80.9618
38 28 15.6351
23 13 8.0006
93 83 26.9758
53 43 62.8948
38 28 85.6575
83 73 72.8287
82 72 85.1946
31 21 21.3716
31 21 9.6907
84 74 14.1899
108 98 0.3822
47 37 130.3189
99 89 8.2055
70 60 41.7148
73 63 139.6429
73 63 146.1467
50 40 108.751
25 15 21.5177
87 77 40.2725
99 89 9.1752
60 50 162.5325
59 49 17.607
103 93 4.355
104 94 1.5396
47 37 18.357
68 58 17.2386
81 71 51.5589
62 52 189.4002
41 31 29.4757
22 12 14.0149
55 45 121.419
106 96 0.8875
11 1 0.0686
88 78 3.949
37 27 8.935
110 100 0.0
39 29 6.6686
52 42 188.1268
61 51 131.0659
22 12 10.718
17 7 3.3156
72 62 159.9404
27 17 18.2337
30 20 44.3122
104 94 0.7251
100 90 7.8855
59 49 209.365
103 93 1.0117
108 98 0.1533
44 34 96.6284
105 95 2.7577
81 71 4.8655
16 6 1.1363
17 7 2.9493
68 58 157.5149
99 89 12.4154
73 63 93.9487
63 53 95.2006
85 75 23.3343
84 74 44.4263
16 6 2.6824
34 24 50.6348
67 57 16.4621
81 71 30.5521
99 89 2.0813
79 69 21.0993
86 76 59.5173
22 12 0.8048
36 26 56.1127
96 86 21.1242
68 58 79.8812
94 84 16.9708
90 80 10.3327
42 32 53.1125
82 72 29.5554
100 90 3.4466
47 37 137.2812
89 79 1.523
62 52 0.4771
69 59 145.5255
59 49 25.2744
32 22 43.1179
60 50 135.7748
75 65 4.7043
102 92 4.1655
32 22 51.7236
88 78 5.673
108 98 0.1905
102 92 4.916
99 89 1.9235
59 49 17.7901
21 11 8.6307
23 13 2.6953
57 47 122.3041
18 8 1.1051
47 37 136.7409
37 27 43.274
19 9 0.3309
40 30 95.6866
39 29 41.4566
50 40 109.7528
25 15 14.93
14 4 0.4002
58 48 176.9433
33 23 18.7369
92 82 29.2347
46 36 41.4931
78 68 82.6019
67 57 167.6874
64 54 202.3697
76 66 86.612
15 5 1.6474
92 82 12.4542
29 19 34.1126
33 23 35.6777
38 28 18.0936
36 26 29.2946
66 56 88.8058
24 14 9.4025
80 70 51.6112
32 22 30.735
61 51 135.2845
58 48 212.8731
108 98 0.0311
106 96 0.4946
101 91 8.4328
51 41 185.815
65 55 66.3774
47 37 142.9879
53 43 32.3161
35 25 68.0247
31 21 27.6067
71 61 29.3895
35 25 57.8082
45 35 96.5688
100 90 7.4086
39 29 79.1134
33 23 30.1267
63 53 7.8116
77 67 52.6174
87 77 21.221
82 72 3.9331
21 11 2.4771
64 54 123.4997
50 40 121.9057
104 94 2.1573
27 17 16.4061
98 88 0.7067
16 6 3.031
97 87 10.5023
75 65 113.5777
88 78 48.1962
65 55 63.748
106 96 1.0544
80 70 52.5998
93 83 21.6292
109 99 0.0456
43 33 78.0009
68 58 99.4026
54 44 212.6964
105 95 0.6911
91 81 0.8925
12 2 0.2748
47 37 63.9587
32 22 28.0112
83 73 49.437
74 64 115.7136
87 77 18.8924
99 89 9.0615
57 47 0.1937
70 60 111.1158
32 22 35.3697
60 50 43.4699
84 74 68.0814
11 1 0.0092
58 48 42.8895
20 10 7.4312
99 89 1.2868
53 43 37.3656
71 61 19.447
48 38 11.3615
43 33 83.328
87 77 35.1357
11 1 0.0364
96 86 14.1125
64 54 61.1885
82 72 63.3084
85 75 11.9729
106 96 0.0168
76 66 46.447
75 65 8.8475
31 21 17.7458
104 94 3.0787
96 86 11.3307
30 20 27.5996
59 49 120.887
105 95 0.0853
95 85 17.8681
15 5 2.0039
85 75 53.2319
59 49 199.1147
20 10 6.4908
16 6 3.9343
39 29 82.3043
45 35 133.0758
32 22 48.9315
97 87 1.7936
89 79 20.5933
96 86 3.223
33 23 23.7142
37 27 30.7529
45 35 9.614
100 90 7.2155
48 38 96.4415
85 75 40.7556
80 70 13.0852
88 78 13.1855
26 16 15.1043
16 6 1.816
65 55 98.4516
27 17 8.3312
59 49 114.7825
58 48 38.9084
81 71 21.7847
74 64 48.6959
53 43 90.6406
100 90 9.3955
62 52 34.4021
70 60 134.1299
33 23 19.6971
89 79 22.4912
29 19 17.982
19 9 2.6177
32 22 31.7029
96 86 12.4004
106 96 1.3104
69 59 21.4294
101 91 3.4766
67 57 77.3201
52 42 146.6007
53 43 52.738
63 53 58.8985
83 73 77.4447
33 23 32.0585
32 22 41.5685
12 2 0.0906
27 17 18.0276
108 98 0.2519
12 2 0.3754
87 77 53.6458
99 89 8.4255
35 25 8.7432
106 96 0.0204
30 20 1.134
59 49 57.1448
70 60 152.1148
33 23 24.7952
75 65 15.776
108 98 0.1535
54 44 123.4994
54 44 170.2811
102 92 0.0269
32 22 37.4373
88 78 44.8432
95 85 14.127
36 26 74.162
60 50 91.027
45 35 64.8609
97 87 8.7955
21 11 3.9469
77 67 44.5477
29 19 39.7841
28 18 11.0354
85 75 59.1333
19 9 7.118
53 43 167.4985
57 47 225.525
12 2 0.0366
30 20 29.9834
36 26 39.7268
69 59 162.9271
62 52 222.0038
27 17 13.649
51 41 130.8635
91 81 5.3581
53 43 186.4941
12 2 0.3069
101 91 3.105
37 27 35.4491
48 38 1.3116
32 22 14.4201
59 49 124.9184
101 91 3.7721
63 53 34.2322
68 58 122.5049
30 20 40.734
31 21 1.5574
22 12 1.0331
74 64 63.2138
11 1 0.001
30 20 5.3808
57 47 46.9172
20 10 1.9569
29 19 39.3484
14 4 1.5184
66 56 137.5089
95 85 23.4456
103 93 0.9928
66 56 69.6026
88 78 8.4915
54 44 206.8617
71 61 94.3227
17 7 3.405
58 48 242.4985
85 75 48.246
17 7 3.225
30 20 27.2626
101 91 2.657
85 75 35.5988
31 21 10.8195
56 46 120.0425
74 64 138.3844
65 55 76.3056
17 7 3.5857
21 11 5.0803
40 30 66.6479
24 14 19.0518
43 33 92.0415
20 10 0.6821
72 62 120.7545
62 52 164.648
22 12 9.4088
96 86 9.6302
73 63 17.5687
67 57 20.9501
89 79 33.7044
64 54 104.3241
74 64 141.6794
34 24 53.1543
92 82 7.3158
91 81 32.177
72 62 135.7222
73 63 56.2692
63 53 227.9027
59 49 80.5338
98 88 4.9152
35 25 18.7644
77 67 14.116
26 16 20.8882
73 63 14.4336
76 66 50.2917
24 14 3.6348
16 6 3.0056
27 17 12.2129
73 63 71.1131
25 15 2.7178
59 49 178.4663
45 35 107.1029
39 29 11.387
44 34 44.7637
98 88 12.8174
89 79 35.7146
65 55 106.6124
102 92 4.1441
25 15 6.4732
41 31 99.2461
14 4 1.7272
66 56 59.8261
15 5 0.5372
28 18 19.8066
56 46 168.4507
106 96 0.0897
44 34 4.4113
83 73 12.6867
33 23 47.5494
25 15 2.7304
84 74 27.2851
66 56 181.7919
96 86 18.635
37 27 77.7164
20 10 8.4584
48 38 7.6064
68 58 182.864
50 40 64.1764
27 17 25.5214
107 97 0.7026
108 98 0.1127
105 95 0.2808
79 69 28.082
70 60 154.3645
77 67 107.5063
16 6 3.4373
96 86 7.5848
90 80 9.7684
57 47 133.852
13 3 0.4222
29 19 21.6651
76 66 8.9694
51 41 39.4838
37 27 54.9749
45 35 43.2289
91 81 35.0307
74 64 113.2154
42 32 40.3506
54 44 193.893
76 66 7.5801
42 32 78.3713
80 70 24.3451
42 32 2.6953
74 64 11.2152
72 62 130.8684
40 30 97.7931
32 22 21.7342
88 78 13.9823
41 31 99.021
109 99 0.062
26 16 24.5716
69 59 23.7943
43 33 16.1367
31 21 39.0522
55 45 162.4235
60 50 35.1464
98 88 3.1622
69 59 82.4809
11 1 0.0306
69 59 51.9081
44 34 32.5448
39 29 60.1791
44 34 107.4445
40 30 62.4688
101 91 1.1833
98 88 15.6102
23 13 4.6162
75 65 75.9438
105 95 1.057
85 75 21.7896
60 50 33.4947
102 92 2.4935
71 61 23.5831
15 5 0.8664
108 98 0.0459
81 71 6.2018
48 38 32.0674
52 42 118.4317
99 89 6.7309
100 90 5.1132
19 9 1.8743
52 42 103.732
99 89 6.6642
45 35 14.769
66 56 210.9428
75 65 26.4032
28 18 23.7951
30 20 41.9973
52 42 156.3369
40 30 25.1217
35 25 5.9485
108 98 0.1339
84 74 17.6277
74 64 107.3445
16 6 1.7213
27 17 24.0745
46 36 100.8175
34 24 47.8344
26 16 24.2349
49 39 22.8384
77 67 38.2513
61 51 209.8459
46 36 21.4848
32 22 31.4249
106 96 0.0052
42 32 99.7432
