900 22988 9.9499
72 62 55.0494
43 33 109.154
29 19 30.4809
94 84 9.9137
87 77 6.5301
62 52 219.1689
96 86 12.9481
83 73 1.0931
91 81 35.9986
90 80 27.2295
87 77 10.106
62 52 35.4429
108 98 0.3753
99 89 1.437
39 29 23.2673
33 23 1.624
76 66 70.6591
70 60 150.9597
41 31 77.1069
76 66 66.0223
78 68 42.6842
106 96 0.3005
27 17 16.6829
88 78 19.1462
71 61 30.7511
92 82 7.2334
48 38 97.578
56 46 78.1055
38 28 51.7989
13 3 0.8238
95 85 13.4287
31 21 13.6935
19 9 8.1616
78 68 80.5965
14 4 0.429
62 52 47.078
102 92 5.7362
63 53 44.7904
78 68 69.6105
27 17 25.2794
76 66 19.4401
109 99 0.0117
97 87 16.9454
73 63 130.6508
76 66 39.8217
96 86 11.2973
42 32 79.6504
22 12 3.9674
40 30 92.3388
91 81 0.6614
84 74 40.651
59 49 250.8941
43 33 59.4283
103 93 3.2685
45 35 80.9918
85 75 64.0651
100 90 3.1886
13 3 0.0679
107 97 0.117
90 80 9.1559
61 51 75.327
91 81 24.2462
17 7 4.4
84 74 6.5203
34 24 34.7689
79 69 67.0738
97 87 7.0668
100 90 0.1521
98 88 4.9489
92 82 4.5882
30 20 9.0654
52 42 162.4867
53 43 146.9169
81 71 48.1374
102 92 5.9981
79 69 10.4732
47 37 116.7404
90 80 3.5864
53 43 86.9597
97 87 18.7495
62 52 232.9739
109 99 0.0886
96 86 16.6471
71 61 54.0336
52 42 38.3386
50 40 8.7444
95 85 7.1594
76 66 82.1189
40 30 71.0102
28 18 32.6428
34 24 14.4361
87 77 25.1392
47 37 53.1476
79 69 105.4503
84 74 19.5142
40 30 16.5375
23 13 10.6448
51 41 28.0003
53 43 11.7721
23 13 13.8875
71 61 62.6207
87 77 54.3524
86 76 5.3198
44 34 77.0787
106 96 0.9154
63 53 206.7871
83 73 17.5473
87 77 16.7547
23 13 6.7616
11 1 0.0569
63 53 237.7062
82 72 75.5112
59 49 164.6915
86 76 32.6256
60 50 92.608
27 17 28.1011
14 4 1.2246
56 46 199.8116
64 54 6.4112
54 44 81.4472
88 78 7.0317
66 56 19.2631
30 20 20.8158
99 89 3.661
68 58 129.2783
62 52 86.6195
29 19 35.4424
102 92 4.8477
51 41 40.3492
22 12 10.4753
55 45 89.3355
31 21 28.6673
14 4 1.6398
79 69 62.5281
61 51 204.8898
57 47 148.2599
23 13 5.1003
107 97 0.2666
62 52 251.1397
21 11 4.5585
47 37 88.5132
13 3 0.8911
102 92 2.2005
34 24 52.0468
92 82 3.5796
66 56 180.8399
103 93 1.2127
67 57 43.5242
109 99 0.0105
31 21 16.6978
104 94 1.8693
52 42 27.0258
24 14 10.7182
13 3 0.9348
35 25 22.0825
65 55 119.8722
84 74 47.2251
76 66 60.4747
63 53 139.0236
33 23 15.2405
35 25 47.6389
106 96 1.0247
109 99 0.0034
18 8 0.7458
27 17 14.108
48 38 94.3634
99 89 2.6193
37 27 67.5161
110 100 0.0
104 94 1.8921
18 8 1.656
100 90 2.9489
51 41 146.9073
99 89 8.2096
85 75 18.8658
69 59 12.0948
94 84 17.4534
59 49 211.3641
56 46 184.7382
81 71 11.5781
39 29 17.8111
39 29 56.9414
81 71 70.0087
22 12 11.1395
85 75 46.4802
41 31 74.5573
66 56 210.7947
95 85 0.3379
53 43 92.6157
100 90 4.0812
57 47 73.533
58 48 74.3833
50 40 139.7548
12 2 0.3546
35 25 66.0827
24 14 9.5436
68 58 42.5062
109 99 0.1109
86 76 20.984
11 1 0.0532
94 84 18.3793
52 42 148.6313
34 24 2.1081
103 93 4.8079
73 63 98.2317
69 59 116.3335
85 75 7.3574
42 32 96.7594
55 45 59.759
31 21 34.7098
65 55 24.265
18 8 1.152
35 25 61.7997
72 62 90.2579
30 20 6.6819
14 4 1.5107
63 53 147.2251
28 18 8.3271
76 66 125.2432
109 99 0.0808
44 34 48.0133
33 23 43.205
78 68 79.1218
70 60 81.0816
74 64 58.6991
67 57 170.3783
96 86 10.3908
108 98 0.0945
75 65 1.4897
70 60 118.5082
30 20 26.73
81 71 80.2437
21 11 12.233
42 32 26.7358
86 76 35.8599
100 90 0.5066
107 97 0.4445
98 88 0.67
50 40 90.6204
94 84 19.1095
99 89 7.9847
54 44 139.1278
31 21 34.3455
100 90 9.2367
56 46 133.1557
108 98 0.097
11 1 0.0337
65 55 31.8747
59 49 25.7776
96 86 8.8164
106 96 1.6072
46 36 2.2837
95 85 8.8689
27 17 18.1199
21 11 7.985
87 77 41.6151
12 2 0.172
31 21 7.0599
39 29 28.633
81 71 82.0666
65 55 55.8165
82 72 32.3927
80 70 48.2393
25 15 4.9438
84 74 50.9854
41 31 30.6902
80 70 31.2345
26 16 7.144
96 86 17.5853
41 31 79.3124
41 31 55.9312
92 82 31.7399
71 61 49.9591
93 83 21.0053
51 41 178.4397
95 85 16.3725
51 41 181.7628
72 62 66.5656
36 26 7.7526
26 16 19.2591
110 100 0.0
12 2 0.4285
48 38 3.0498
64 54 131.0596
82 72 47.3671
34 24 47.8024
24 14 2.3745
38 28 9.3914
88 78 21.8588
81 71 62.1625
82 72 44.6883
95 85 17.262
49 39 109.9651
93 83 24.0922
104 94 3.2535
101 91 3.5005
18 8 1.947
28 18 18.0479
81 71 27.8869
90 80 19.4785
53 43 29.1159
21 11 2.5504
57 47 208.6535
103 93 2.3515
85 75 43.2554
22 12 9.8346
69 59 3.3482
16 6 2.6633
77 67 104.8603
59 49 168.2002
44 34 96.9776
84 74 57.0174
31 21 15.6521
40 30 33.1991
82 72 74.7663
101 91 3.3442
105 95 2.612
54 44 166.1695
50 40 143.1932
82 72 75.2608
49 39 113.4547
12 2 0.0181
107 97 0.7058
82 72 46.6774
101 91 7.3079
79 69 8.8518
19 9 4.9634
88 78 51.9579
67 57 181.2855
63 53 122.3183
90 80 1.2631
22 12 6.5553
27 17 0.0052
24 14 9.3075
77 67 18.5435
15 5 2.1329
93 83 10.2938
30 20 25.8098
65 55 84.0351
68 58 114.4154
93 83 12.096
34 24 63.7395
47 37 53.62
41 31 53.3391
61 51 159.4729
29 19 10.0562
106 96 0.992
11 1 0.0944
58 48 241.004
25 15 3.9494
72 62 82.6648
14 4 0.4946
105 95 0.9178
103 93 1.7726
68 58 106.9562
32 22 25.4591
46 36 32.0183
38 28 51.8044
74 64 59.1038
46 36 43.9975
106 96 1.3155
54 44 16.8872
48 38 139.5415
16 6 3.0501
89 79 40.1186
93 83 19.4588
54 44 202.6586
105 95 1.2425
96 86 17.403
28 18 0.0818
34 24 31.7804
64 54 101.3385
21 11 5.9147
61 51 174.0394
25 15 9.0261
70 60 156.3911
74 64 123.7101
92 82 31.735
91 81 30.3722
92 82 23.2482
60 50 62.0154
86 76 18.8549
47 37 116.8853
108 98 0.392
38 28 45.56
20 10 6.9204
11 1 0.0521
41 31 55.0633
24 14 11.8507
27 17 14.1313
108 98 0.067
20 10 4.8954
33 23 54.799
57 47 35.5285
107 97 0.8331
63 53 184.8753
69 59 28.7998
78 68 108.456
84 74 4.156
75 65 57.2921
52 42 47.6259
103 93 2.6464
103 93 4.9401
91 81 28.7747
95 85 14.5804
20 10 9.4985
83 73 62.2466
93 83 16.2708
79 69 56.7923
89 79 24.2235
16 6 3.942
39 29 72.5351
58 48 130.839
21 11 1.6965
52 42 143.8233
19 9 3.7698
21 11 10.749
88 78 38.1296
25 15 3.5264
46 36 59.6584
16 6 2.6071
109 99 0.0082
94 84 17.061
30 20 4.2841
35 25 20.8687
99 89 8.1668
51 41 174.689
15 5 0.5107
99 89 10.4989
102 92 4.6395
109 99 0.1
21 11 7.2248
105 95 0.7645
35 25 46.2082
77 67 118.1052
15 5 0.2415
13 3 0.6406
35 25 24.5628
55 45 59.295
77 67 106.7823
42 32 17.5937
76 66 121.7382
22 12 1.2502
36 26 8.2342
13 3 0.0233
44 34 85.3667
61 51 92.5997
45 35 70.9485
62 52 45.2503
108 98 0.084
16 6 1.7504
110 100 0.0
14 4 1.2664
17 7 2.0702
81 71 77.4426
110 100 0.0
104 94 3.0868
84 74 47.5297
13 3 0.4582
85 75 5.6562
65 55 189.0463
97 87 0.1768
36 26 15.2859
53 43 26.6755
33 23 8.5935
12 2 0.3039
18 8 4.9237
74 64 46.4839
47 37 81.7087
26 16 7.7999
95 85 16.6302
97 87 0.4482
109 99 0.0433
109 99 0.0482
20 10 7.7176
73 63 94.9841
47 37 69.9607
22 12 14.6482
31 21 14.774
76 66 23.8121
105 95 1.0922
43 33 65.3436
12 2 0.3698
99 89 3.0889
43 33 77.7435
36 26 14.4976
110 100 0.0
22 12 15.6159
91 81 22.4405
99 89 11.3399
44 34 48.268
95 85 17.4541
38 28 21.9235
70 60 43.6134
105 95 1.3454
64 54 130.2861
67 57 24.2955
68 58 41.6763
99 89 0.1898
53 43 157.5776
89 79 21.2626
11 1 0.0295
87 77 9.277
31 21 0.6479
26 16 4.292
67 57 137.2181
14 4 1.2892
30 20 25.6129
110 100 0.0
71 61 14.4614
104 94 0.6421
80 70 38.2359
21 11 7.1146
49 39 78.8584
68 58 68.8333
83 73 65.4864
40 30 94.7208
90 80 4.643
41 31 36.4532
28 18 9.6515
19 9 1.006
40 30 97.0058
26 16 24.7519
15 5 1.1726
23 13 16.0946
33 23 18.601
40 30 48.0546
106 96 1.5384
46 36 107.4973
56 46 115.8506
51 41 153.3194
35 25 35.3009
102 92 4.6197
20 10 4.5198
19 9 4.3031
64 54 151.4028
91 81 8.3528
99 89 7.2646
53 43 100.0823
59 49 193.0503
77 67 118.1011
14 4 1.1765
80 70 43.6418
108 98 0.0689
76 66 63.9567
109 99 0.0174
70 60 137.5433
75 65 17.3408
23 13 2.3044
74 64 81.5847
102 92 4.6951
45 35 118.8447
86 76 3.3035
33 23 2.2008
66 56 83.8669
104 94 2.0853
96 86 20.0874
35 25 30.4846
54 44 192.1751
95 85 16.5864
75 65 9.7705
56 46 103.4041
87 77 54.741
51 41 171.059
81 71 5.8726
68 58 172.4196
92 82 10.5728
68 58 69.3423
109 99 0.0904
108 98 0.0703
96 86 4.256
23 13 17.0462
97 87 13.6669
59 49 202.3148
38 28 57.0437
34 24 5.4698
95 85 7.8965
23 13 12.3266
32 22 4.8414
99 89 6.6563
77 67 109.1062
56 46 197.7882
72 62 136.701
66 56 178.259
39 29 63.6909
11 1 0.0803
84 74 37.8741
62 52 70.8032
64 54 105.8344
100 90 4.8763
57 47 62.085
84 74 67.9179
85 75 40.2413
48 38 67.3689
38 28 36.8857
37 27 69.2252
15 5 0.6676
80 70 44.442
102 92 2.4267
23 13 11.0272
66 56 34.1392
42 32 7.3126
70 60 145.2261
97 87 3.9326
57 47 90.1081
25 15 20.4881
23 13 3.7807
29 19 0.9305
43 33 115.725
25 15 5.5511
55 45 198.3021
70 60 98.9616
65 55 113.1223
25 15 1.1871
86 76 40.0092
36 26 3.6607
102 92 6.5008
11 1 0.0906
12 2 0.3555
19 9 0.024
62 52 94.688
83 73 78.0834
87 77 49.8871
79 69 28.5995
94 84 6.8101
23 13 8.4338
24 14 18.3871
97 87 3.7326
12 2 0.3811
41 31 66.9358
76 66 77.6838
77 67 46.3758
71 61 149.1327
25 15 6.1602
59 49 96.8932
65 55 26.3942
79 69 99.4797
56 46 182.8105
11 1 0.0401
11 1 0.1077
31 21 38.2184
43 33 55.6385
65 55 207.2736
99 89 8.1522
48 38 64.2336
14 4 1.1498
97 87 7.4169
12 2 0.2342
107 97 0.6518
79 69 50.8482
32 22 23.9883
57 47 200.7022
15 5 0.1633
69 59 57.9441
55 45 2.5369
90 80 6.3519
73 63 64.2531
58 48 50.1377
96 86 6.0057
104 94 1.7012
47 37 121.1475
87 77 16.2963
34 24 36.5433
33 23 32.7822
22 12 5.6494
40 30 0.6459
92 82 32.2079
106 96 0.3861
81 71 46.1644
31 21 13.9045
41 31 87.3096
107 97 0.506
68 58 156.0191
12 2 0.2631
50 40 143.1226
44 34 90.757
47 37 123.9359
45 35 72.3668
54 44 60.4733
84 74 47.5865
18 8 6.2768
60 50 176.5232
61 51 103.7026
55 45 129.4646
46 36 79.7405
94 84 6.4392
37 27 58.5135
50 40 157.1795
95 85 24.0219
101 91 2.4756
33 23 33.2853
59 49 172.6551
30 20 29.7742
24 14 16.1101
14 4 0.0702
66 56 32.5763
50 40 62.0678
80 70 50.571
84 74 74.4997
14 4 1.185
49 39 74.1187
71 61 18.6445
70 60 174.5035
34 24 9.6324
31 21 31.7107
80 70 1.6851
27 17 20.6226
38 28 28.9471
94 84 23.8917
26 16 16.982
66 56 114.1401
46 36 110.5405
47 37 42.1041
95 85 11.6556
73 63 4.1562
88 78 26.6522
93 83 2.8977
37 27 61.8885
103 93 4.6381
107 97 0.7012
69 59 120.3945
39 29 47.8303
88 78 51.956
98 88 11.1325
102 92 6.1008
54 44 83.2846
101 91 8.6653
98 88 8.9281
67 57 164.8245
53 43 70.0585
31 21 20.9968
52 42 92.9249
105 95 2.0493
85 75 48.8009
77 67 16.2614
83 73 15.2783
24 14 10.6762
33 23 42.4428
35 25 64.4993
31 21 16.8258
54 44 61.4943
102 92 5.6473
60 50 15.2204
54 44 82.6667
48 38 44.5258
67 57 0.2533
21 11 9.9767
75 65 83.4974
71 61 45.0875
14 4 1.5991
101 91 8.7037
43 33 13.6846
51 41 29.078
100 90 9.8869
15 5 0.8302
20 10 1.4473
62 52 229.8129
106 96 0.6853
105 95 0.9088
77 67 114.7611
12 2 0.1443
40 30 49.3629
17 7 1.7171
91 81 25.0403
53 43 30.9659
79 69 3.4797
65 55 114.891
50 40 137.975
27 17 6.5526
36 26 29.287
79 69 85.8017
36 26 30.0522
75 65 43.2754
71 61 39.9802
102 92 5.281
16 6 0.754
85 75 7.1619
34 24 36.585
109 99 0.1007
78 68 63.135
95 85 3.5965
86 76 59.0539
99 89 12.9298
15 5 1.2173
15 5 0.1873
44 34 17.9981
35 25 34.8062
68 58 148.1127
61 51 216.258
82 72 41.9223
77 67 56.3735
25 15 18.6189
28 18 4.6808
83 73 39.0738
22 12 7.1898
40 30 49.7054
38 28 72.0894
110 100 0.0
67 57 90.3551
107 97 0.6082
29 19 16.6981
47 37 72.3417
106 96 0.3649
85 75 0.6586
34 24 6.3457
73 63 126.0324
52 42 180.0578
84 74 61.8823
24 14 2.5162
93 83 10.2662
103 93 1.7312
46 36 53.4614
18 8 2.6295
91 81 16.2327
23 13 4.6293
20 10 10.6643
103 93 5.0522
75 65 81.6917
16 6 2.5085
100 90 8.8156
61 51 67.8408
44 34 59.0151
49 39 128.1054
64 54 62.8125
27 17 27.4014
29 19 4.3178
24 14 1.9397
50 40 99.8077
26 16 10.1866
92 82 13.3582
34 24 46.983
82 72 74.6897
53 43 81.0432
65 55 169.3265
38 28 55.7751
35 25 66.644
69 59 175.7789
39 29 3.412
66 56 45.2343
44 34 52.7671
76 66 124.1333
41 31 65.241
76 66 55.1312
101 91 3.9413
108 98 0.2499
42 32 14.3047
26 16 24.686
93 83 30.5887
96 86 11.4145
78 68 68.8095
87 77 35.7784
108 98 0.1986
108 98 0.148
12 2 0.0172
30 20 35.8673
36 26 63.8478
79 69 32.9852
38 28 66.955
22 12 8.8863
38 28 86.9572
26 16 21.9178
95 85 2.8279
52 42 27.6993
90 80 2.9941
58 48 87.2391
17 7 5.0851
18 8 4.8654
63 53 210.6825
109 99 0.0049
16 6 0.7701
106 96 0.6661
14 4 0.0066
84 74 3.9524
86 76 56.8134
109 99 0.0104
31 21 38.5705
65 55 42.0223
31 21 45.9168
13 3 0.5855
66 56 52.6921
101 91 7.3453
74 64 91.0687
27 17 23.2968
29 19 37.4965
63 53 0.8455
81 71 62.5532
71 61 129.0961
22 12 1.771
82 72 47.4422
25 15 15.6554
107 97 0.4756
39 29 27.3824
38 28 39.294
93 83 19.0217
83 73 64.9271
81 71 28.4659
53 43 19.7211
32 22 12.2297
79 69 62.697
66 56 137.7202
