900 23143 9.9499
53 43 5.8991
15 5 0.1846
12 2 0.0245
77 67 25.1753
44 34 4.3773
59 49 15.6776
38 28 3.0492
69 59 26.0661
47 37 5.0275
60 50 19.4067
16 6 0.1947
32 22 2.5927
44 34 10.8063
18 8 0.3095
26 16 0.806
61 51 23.0736
47 37 12.3538
41 31 5.8438
46 36 11.6937
101 91 64.5725
41 31 8.0163
38 28 2.063
56 46 10.0489
75 65 10.9548
108 98 85.7532
44 34 9.4323
55 45 5.1252
14 4 0.1546
20 10 0.6143
48 38 7.9659
86 76 34.9151
74 64 37.7045
24 14 1.9102
45 35 9.3367
70 60 18.9469
107 97 62.3026
18 8 0.4174
43 33 9.3508
16 6 0.2724
62 52 16.04
65 55 14.4104
35 25 5.9907
48 38 6.2121
47 37 8.9988
64 54 25.8593
43 33 3.2328
59 49 14.5504
14 4 0.0433
98 88 28.6129
72 62 30.5356
71 61 35.9844
59 49 20.7954
76 66 21.6383
44 34 11.1376
84 74 21.036
65 55 9.5908
21 11 0.4093
32 22 1.2186
97 87 40.6266
92 82 62.8136
34 24 4.6846
96 86 27.6992
45 35 4.5749
90 80 54.7689
53 43 5.8356
25 15 1.2989
26 16 1.3938
77 67 17.109
41 31 3.354
49 39 12.7935
78 68 20.2437
39 29 4.8251
67 57 8.6078
104 94 24.0875
88 78 55.5353
26 16 1.3048
72 62 34.4522
24 14 0.6406
76 66 22.8532
47 37 7.1829
19 9 0.2989
78 68 16.4138
76 66 42.7075
95 85 47.4142
37 27 2.131
71 61 34.7628
104 94 75.5005
12 2 0.0102
99 89 27.8362
73 63 18.1425
104 94 82.3284
85 75 17.735
15 5 0.1935
79 69 25.9173
108 98 70.3351
66 56 27.3466
104 94 29.2032
103 93 83.9532
80 70 42.8606
67 57 14.377
43 33 9.5821
106 96 55.9594
20 10 0.2554
85 75 21.337
17 7 0.3266
108 98 36.507
59 49 12.0812
25 15 1.3759
73 63 15.8364
20 10 0.554
44 34 3.0047
20 10 0.675
61 51 14.8179
96 86 45.7111
56 46 15.1399
61 51 19.3389
22 12 0.4706
62 52 14.731
54 44 7.8697
27 17 0.939
106 96 55.8652
79 69 25.6238
104 94 68.4194
85 75 49.8295
68 58 8.7877
77 67 28.7746
73 63 24.17
100 90 21.6365
54 44 15.9289
35 25 2.0572
19 9 0.277
86 76 47.0363
60 50 8.4751
53 43 14.6069
78 68 23.8593
29 19 3.112
94 84 47.439
65 55 9.3068
19 9 0.4722
26 16 1.7203
45 35 9.7381
84 74 30.3248
38 28 2.1886
74 64 28.2896
88 78 20.7845
11 1 0.0084
95 85 70.1239
21 11 0.5579
91 81 28.7929
52 42 12.2563
21 11 0.602
35 25 4.8171
103 93 26.8987
70 60 28.4153
21 11 0.4512
17 7 0.2058
52 42 16.8872
64 54 16.7396
106 96 28.8745
46 36 4.0457
79 69 43.8376
107 97 92.2829
73 63 16.5796
94 84 32.2942
83 73 31.9575
19 9 0.4661
55 45 16.2554
26 16 1.0828
94 84 28.1101
47 37 10.4555
80 70 48.1025
77 67 43.1662
34 24 4.7703
91 81 21.4165
15 5 0.2184
103 93 84.9789
80 70 47.7343
73 63 12.4193
99 89 27.1441
98 88 57.6051
68 58 18.7896
67 57 24.8752
92 82 61.7545
60 50 24.3562
63 53 21.5166
33 23 1.8082
108 98 57.3064
99 89 51.1196
88 78 17.3039
70 60 11.189
22 12 0.563
35 25 2.7952
78 68 19.5656
55 45 13.6552
86 76 53.4186
94 84 24.2881
81 71 16.7346
41 31 4.4475
23 13 0.9092
62 52 13.8035
29 19 1.6659
54 44 8.2766
29 19 3.0307
95 85 65.7056
34 24 3.9137
38 28 6.773
58 48 7.3354
23 13 0.9432
81 71 14.3368
87 77 58.921
33 23 4.2708
102 92 34.219
53 43 17.9251
32 22 1.9441
102 92 52.477
49 39 13.7819
83 73 31.1487
66 56 10.6504
43 33 6.6802
25 15 0.897
106 96 42.7376
49 39 12.068
75 65 36.6521
35 25 4.3343
71 61 36.5662
78 68 45.3926
25 15 0.8254
106 96 59.2854
100 90 34.4393
102 92 38.63
37 27 4.881
22 12 1.3722
19 9 0.7905
12 2 0.0144
66 56 11.4636
84 74 16.9752
82 72 23.1438
104 94 37.1783
61 51 13.2263
31 21 4.3765
36 26 1.7101
15 5 0.0968
110 100 97.7488
26 16 1.1853
86 76 30.9136
76 66 29.3818
95 85 34.9789
60 50 7.8422
86 76 41.1112
43 33 7.1198
101 91 45.986
101 91 21.602
90 80 62.0314
94 84 31.1453
60 50 16.2853
35 25 3.2414
32 22 1.3463
31 21 1.6809
34 24 3.3266
40 30 3.2859
34 24 2.1098
11 1 0.0049
81 71 25.9173
62 52 8.2823
110 100 77.2676
76 66 22.2935
106 96 84.7983
82 72 47.6279
71 61 13.3707
94 84 37.1441
81 71 27.4115
26 16 0.9297
103 93 43.7754
102 92 50.1406
39 29 2.3796
44 34 3.2288
104 94 35.9149
75 65 25.6016
106 96 91.5581
102 92 53.6673
92 82 42.4283
31 21 1.1803
106 96 60.4771
88 78 44.2252
105 95 82.089
103 93 81.7758
76 66 30.0995
47 37 8.4757
76 66 29.0683
101 91 40.2755
90 80 56.8335
21 11 0.5911
58 48 9.0649
12 2 0.0331
55 45 6.5056
67 57 22.5131
58 48 13.7893
105 95 39.3832
98 88 66.6607
79 69 31.7792
20 10 0.7917
81 71 24.7168
101 91 33.5948
97 87 28.9627
97 87 21.6048
51 41 4.4982
54 44 11.793
47 37 3.8813
37 27 4.129
105 95 88.8401
45 35 5.8014
92 82 57.264
94 84 25.7648
79 69 44.0776
45 35 3.5126
39 29 3.7485
11 1 0.0062
46 36 7.9028
63 53 24.2202
49 39 12.4179
38 28 6.3489
105 95 59.3778
18 8 0.2561
11 1 0.0087
44 34 4.676
63 53 17.9971
110 100 66.2726
38 28 2.0572
48 38 4.8185
47 37 8.0991
110 100 27.0785
74 64 32.1092
42 32 5.7927
32 22 1.247
35 25 5.0778
26 16 0.8643
100 90 54.9541
52 42 14.1858
57 47 9.5055
81 71 18.6702
89 79 41.2652
109 99 73.3352
51 41 12.6203
70 60 15.9305
73 63 21.5825
39 29 3.5168
24 14 0.8972
72 62 33.1384
11 1 0.0057
85 75 25.313
69 59 26.6597
20 10 0.3157
80 70 44.8203
66 56 11.4962
88 78 37.7082
54 44 8.4943
107 97 85.9032
38 28 2.8446
41 31 7.7128
32 22 2.6798
36 26 5.8651
14 4 0.1053
24 14 1.7075
97 87 56.8094
20 10 0.9243
23 13 0.9853
70 60 15.4638
58 48 11.4082
28 18 1.8583
101 91 21.9389
23 13 1.0789
69 59 9.0048
109 99 39.3719
109 99 92.1946
43 33 7.3176
63 53 15.4882
61 51 24.7128
94 84 44.4396
102 92 80.946
81 71 45.3521
23 13 0.4335
89 79 29.5773
86 76 42.1526
110 100 36.0865
21 11 0.3709
106 96 59.3562
101 91 74.1063
85 75 31.9474
82 72 27.3968
77 67 22.9403
17 7 0.2211
81 71 41.8868
83 73 34.2951
37 27 5.469
18 8 0.5145
66 56 23.5293
23 13 1.3865
101 91 48.2302
13 3 0.0799
24 14 1.0739
90 80 22.88
82 72 31.5799
50 40 10.8887
40 30 3.9784
37 27 1.8854
20 10 0.3169
65 55 15.8213
100 90 53.48
43 33 9.7026
58 48 5.7912
93 83 68.3449
75 65 26.8479
102 92 48.1067
64 54 24.96
12 2 0.0145
64 54 18.1757
82 72 14.0738
100 90 28.0074
62 52 13.3605
82 72 19.0052
41 31 3.9248
65 55 23.3212
45 35 6.3888
69 59 9.5104
73 63 32.1206
95 85 30.6052
77 67 39.5201
41 31 8.1819
74 64 34.5121
11 1 0.009
55 45 17.7595
62 52 26.3364
54 44 18.1297
14 4 0.0935
88 78 22.5217
77 67 17.9022
58 48 6.3444
55 45 20.1403
66 56 8.1071
43 33 9.1997
32 22 3.3709
95 85 46.6585
19 9 0.8087
56 46 18.3998
104 94 37.9271
29 19 2.7766
21 11 0.6503
34 24 3.2772
77 67 24.6205
76 66 12.8042
97 87 48.0665
84 74 18.9686
91 81 31.5428
109 99 78.0007
66 56 16.1331
61 51 16.2232
32 22 1.341
87 77 16.7396
54 44 5.1112
33 23 2.4022
24 14 0.9399
82 72 30.9837
33 23 4.5822
42 32 6.6657
32 22 1.2848
59 49 20.2806
33 23 1.5146
13 3 0.0411
28 18 0.9326
47 37 4.2263
87 77 23.1727
16 6 0.122
97 87 45.2324
45 35 4.6634
48 38 8.4413
94 84 26.1111
29 19 2.0423
65 55 12.1076
93 83 23.3811
51 41 8.7255
20 10 0.9355
94 84 36.6667
67 57 29.2811
14 4 0.1197
93 83 44.1148
88 78 54.2948
83 73 30.7348
93 83 34.0869
20 10 0.849
61 51 11.8494
46 36 11.0743
39 29 2.4489
41 31 7.724
24 14 0.8019
77 67 20.2554
102 92 35.6911
50 40 11.6417
52 42 15.1796
33 23 4.2304
94 84 25.8521
16 6 0.0994
33 23 3.4693
87 77 19.096
55 45 15.7617
84 74 31.1085
74 64 18.6339
48 38 10.0902
71 61 23.6011
57 47 20.8429
98 88 76.9287
84 74 26.6535
96 86 36.9032
60 50 18.4977
97 87 39.9664
89 79 58.6036
74 64 15.5
59 49 11.2171
47 37 12.1585
66 56 16.3734
54 44 9.4581
52 42 8.8167
43 33 7.1985
21 11 0.8176
90 80 23.2208
109 99 47.5852
30 20 2.2028
24 14 1.0169
57 47 20.9535
57 47 9.3783
13 3 0.0502
30 20 2.262
74 64 38.5417
15 5 0.1658
94 84 46.6612
63 53 7.4835
81 71 21.7482
47 37 6.7652
20 10 0.6317
95 85 50.9925
63 53 19.6621
56 46 17.3539
22 12 0.4938
18 8 0.5298
103 93 47.0198
85 75 25.5834
23 13 0.6143
102 92 67.2843
28 18 2.9543
21 11 0.6831
103 93 56.316
94 84 26.4217
102 92 52.9358
91 81 52.8267
27 17 2.8805
43 33 2.8507
97 87 20.1915
51 41 6.9648
84 74 40.0575
45 35 10.6759
80 70 17.0107
75 65 17.3964
49 39 9.0595
36 26 6.234
98 88 35.1459
27 17 0.7482
71 61 23.7393
87 77 40.5833
61 51 11.5362
23 13 1.4513
96 86 30.0326
57 47 8.1088
23 13 0.442
64 54 23.3569
79 69 30.7038
69 59 26.4751
76 66 17.4365
53 43 10.8103
45 35 8.3105
55 45 5.1752
68 58 9.455
77 67 13.7352
108 98 64.2418
44 34 7.7713
34 24 1.5413
73 63 17.2848
22 12 1.3083
89 79 57.208
56 46 17.757
73 63 33.2744
88 78 38.4102
62 52 8.0497
74 64 14.5123
32 22 2.6244
57 47 21.3518
108 98 84.2375
34 24 3.7593
12 2 0.0198
20 10 0.6917
68 58 24.952
63 53 24.959
28 18 1.8058
43 33 4.1914
12 2 0.0318
60 50 10.9826
101 91 74.7187
71 61 32.4205
37 27 2.0877
72 62 18.3193
31 21 2.5173
33 23 1.4639
67 57 18.9652
100 90 54.4821
17 7 0.2693
65 55 18.5942
40 30 2.4527
36 26 5.463
49 39 4.6509
53 43 11.4643
76 66 35.8394
80 70 21.5509
44 34 9.6032
88 78 39.1488
29 19 2.4177
15 5 0.1451
98 88 30.7592
100 90 50.5592
34 24 2.2789
100 90 57.8634
90 80 50.0783
107 97 39.5201
35 25 2.0984
12 2 0.0112
93 83 21.5547
57 47 19.5231
54 44 14.1684
103 93 31.313
22 12 0.5843
92 82 26.0794
17 7 0.4013
90 80 62.23
59 49 9.1222
87 77 26.5493
99 89 62.2679
43 33 8.7527
15 5 0.1606
44 34 3.7149
107 97 41.4659
96 86 64.7993
22 12 1.3565
74 64 15.5638
75 65 41.9619
11 1 0.0077
37 27 2.8602
87 77 39.7555
32 22 2.3455
21 11 0.3336
15 5 0.125
68 58 12.7135
70 60 31.9609
103 93 83.2346
37 27 5.8139
61 51 8.5299
64 54 18.8182
25 15 1.3117
107 97 55.4787
23 13 1.1071
53 43 7.5565
98 88 60.9243
90 80 16.4617
105 95 59.3485
85 75 24.7178
50 40 10.9376
53 43 8.2461
103 93 50.6147
48 38 12.271
94 84 27.9778
15 5 0.1266
87 77 15.4858
101 91 39.2715
22 12 0.3873
71 61 22.3445
110 100 33.196
86 76 33.8154
18 8 0.4743
11 1 0.009
22 12 0.4562
85 75 52.9184
24 14 1.6646
58 48 7.4322
45 35 12.018
99 89 36.0468
82 72 41.5599
97 87 73.5958
23 13 1.0878
14 4 0.0795
55 45 9.0312
73 63 32.2579
49 39 15.0164
108 98 79.6342
76 66 34.2752
72 62 27.2526
11 1 0.0075
89 79 24.3019
94 84 36.7042
34 24 5.7102
60 50 19.9782
11 1 0.0037
47 37 7.8042
49 39 5.3639
30 20 3.6561
96 86 25.779
78 68 45.3279
81 71 21.8285
81 71 28.675
28 18 1.0211
56 46 8.596
47 37 13.4535
87 77 21.5463
25 15 1.7109
56 46 5.4798
86 76 35.3454
96 86 50.7386
54 44 12.6188
24 14 0.5274
39 29 5.8047
48 38 11.8811
64 54 18.9634
74 64 27.7118
43 33 6.1911
61 51 22.3975
49 39 14.1978
64 54 10.5885
25 15 1.8282
61 51 7.7445
109 99 72.9692
93 83 22.6919
63 53 12.2031
105 95 56.5459
65 55 25.01
75 65 22.8551
90 80 19.663
98 88 71.2015
23 13 1.1175
59 49 12.3503
79 69 30.5698
108 98 25.3341
89 79 24.954
85 75 19.6462
110 100 36.9907
80 70 38.8952
19 9 0.5134
70 60 28.1738
14 4 0.1084
84 74 41.115
61 51 7.724
108 98 24.931
14 4 0.0521
79 69 39.412
59 49 10.9078
47 37 8.5013
109 99 66.2563
54 44 16.1026
107 97 68.9315
66 56 16.2723
34 24 3.951
53 43 6.6039
33 23 4.6807
94 84 49.3057
25 15 1.6517
84 74 28.6054
76 66 25.3704
64 54 22.3606
77 67 39.7039
43 33 2.9351
31 21 1.6947
95 85 33.5264
11 1 0.009
86 76 35.3276
33 23 1.3762
102 92 48.5238
97 87 51.7824
30 20 1.9265
86 76 17.9547
18 8 0.5802
12 2 0.0179
68 58 18.7108
81 71 27.9164
12 2 0.0111
23 13 1.5703
106 96 26.3672
108 98 77.4083
67 57 19.4463
24 14 1.2787
83 73 42.4074
53 43 16.4503
66 56 27.8795
32 22 3.3606
70 60 22.5492
49 39 3.9125
67 57 24.6592
51 41 7.5257
32 22 3.2946
55 45 6.5803
84 74 26.0345
36 26 5.5018
45 35 6.6404
35 25 4.762
67 57 9.8998
95 85 45.6098
55 45 18.8695
77 67 30.1401
69 59 22.3436
51 41 11.8116
92 82 31.1297
47 37 10.1723
31 21 4.1473
44 34 8.8971
83 73 31.3566
59 49 16.0472
102 92 37.8213
83 73 35.2219
40 30 5.7499
27 17 1.734
12 2 0.0372
69 59 33.5496
77 67 13.3108
40 30 3.0262
93 83 68.335
48 38 9.2045
93 83 21.2116
11 1 0.0071
88 78 23.1833
40 30 3.1276
44 34 4.1689
95 85 40.174
41 31 9.2678
67 57 15.1391
40 30 3.4876
108 98 25.1623
94 84 36.3633
22 12 1.3204
70 60 9.7307
60 50 7.1316
83 73 46.7514
69 59 29.957
110 100 47.3495
55 45 5.9463
47 37 13.4924
61 51 11.4941
61 51 17.4231
86 76 16.2788
57 47 6.5035
89 79 24.4263
101 91 30.8269
51 41 16.3434
77 67 15.4677
94 84 59.4256
65 55 26.1724
96 86 51.7162
56 46 18.3895
38 28 2.9471
86 76 41.1702
88 78 46.8527
29 19 3.1103
22 12 0.4343
16 6 0.2469
16 6 0.3566
53 43 18.1161
69 59 8.9425
89 79 25.9814
51 41 9.597
104 94 56.0686
11 1 0.0073
44 34 4.6544
30 20 1.7164
61 51 15.6294
105 95 26.1336
18 8 0.395
94 84 42.7755
73 63 11.8061
59 49 22.5996
108 98 62.8579
58 48 20.7152
99 89 42.4022
47 37 13.3678
33 23 2.2877
41 31 4.061
93 83 18.327
71 61 29.9855
35 25 1.6706
11 1 0.0026
82 72 18.9643
62 52 26.7454
25 15 2.0489
77 67 36.6776
109 99 90.56
57 47 5.53
91 81 18.9634
103 93 46.6407
61 51 10.3929
