100 2625 9.9499
11 1 0.0048
14 4 0.2506
27 17 19.7627
99 89 3.615
101 91 3.8363
23 13 10.308
103 93 0.6809
21 11 13.4432
44 34 51.5872
82 72 47.5918
81 71 8.4029
81 71 44.1457
39 29 41.7014
26 16 12.5763
41 31 11.1469
106 96 1.1332
65 55 38.1234
17 7 4.9347
29 19 24.2116
108 98 0.339
58 48 186.4934
74 64 30.2515
82 72 45.612
104 94 2.0234
11 1 0.0279
76 66 81.2328
80 70 77.0789
44 34 69.7934
97 87 4.3012
109 99 0.0964
71 61 118.1673
49 39 42.7605
47 37 9.3065
96 86 13.6924
108 98 0.2749
110 100 0.0
55 45 23.3541
44 34 113.09
60 50 13.6918
79 69 23.4355
30 20 43.4942
109 99 0.0643
33 23 30.8275
50 40 106.3012
58 48 27.6612
63 53 231.6755
15 5 0.907
88 78 11.4494
34 24 25.6852
38 28 14.6877
76 66 64.2513
74 64 33.944
49 39 93.2576
49 39 57.7288
13 3 0.6107
110 100 0.0
57 47 50.6413
36 26 0.449
105 95 2.0565
36 26 15.1951
18 8 6.2823
75 65 15.6108
94 84 24.3187
79 69 70.0507
63 53 176.9058
77 67 68.9578
24 14 10.313
98 88 10.9154
13 3 0.9034
92 82 9.857
70 60 61.0244
31 21 36.0571
18 8 2.037
50 40 82.7715
107 97 0.1201
84 74 44.3135
21 11 12.5449
24 14 11.5483
102 92 6.9348
21 11 10.3649
78 68 9.1043
91 81 3.3106
92 82 14.7134
99 89 1.8057
82 72 24.2536
58 48 250.0121
90 80 34.8645
62 52 66.6107
83 73 31.3876
98 88 5.8074
93 83 18.9936
51 41 170.1479
23 13 11.2883
37 27 72.5743
102 92 2.6519
38 28 28.4238
82 72 18.075
104 94 2.8874
17 7 0.4726
15 5 2.2036
