400 10212 9.9499
24 14 14.2385
20 10 4.3463
66 56 82.3538
77 67 23.2172
68 58 154.65
68 58 17.9256
13 3 0.9994
104 94 2.6167
68 58 163.6752
17 7 5.1647
60 50 174.3883
76 66 15.2503
50 40 6.5069
37 27 33.7687
58 48 67.6918
79 69 10.4999
87 77 20.8926
32 22 28.5239
15 5 1.2652
62 52 169.1492
81 71 20.0219
36 26 8.9041
17 7 3.3591
110 100 0.0
107 97 0.8755
24 14 21.3794
39 29 58.9147
66 56 188.7049
101 91 1.302
23 13 1.9251
59 49 104.0493
102 92 2.4602
44 34 117.2828
96 86 3.2269
63 53 31.4968
99 89 4.6555
83 73 69.2069
74 64 106.8484
76 66 17.0992
51 41 173.3687
72 62 3.3773
48 38 152.2303
79 69 25.4035
43 33 97.4909
11 1 0.0715
61 51 142.9487
107 97 0.9936
24 14 5.8222
71 61 146.1399
70 60 1.6356
102 92 2.0107
74 64 135.2961
56 46 75.7785
25 15 4.1771
104 94 1.9266
73 63 92.5896
65 55 118.7423
94 84 18.585
36 26 13.394
49 39 156.4799
11 1 0.02
94 84 25.1102
109 99 0.0221
84 74 53.4223
75 65 123.2632
99 89 2.2621
47 37 101.5291
30 20 24.7288
57 47 148.7504
58 48 150.4199
22 12 5.7308
102 92 6.0167
60 50 29.0168
40 30 80.7588
18 8 5.2554
66 56 177.7812
27 17 15.8597
54 44 214.5499
61 51 46.577
87 77 51.0237
102 92 2.9443
102 92 4.3373
58 48 43.5969
108 98 0.1856
100 90 5.926
110 100 0.0
99 89 12.1553
42 32 108.2199
110 100 0.0
99 89 0.8352
82 72 76.3875
57 47 61.2904
21 11 1.5478
61 51 109.4145
61 51 215.7193
64 54 110.5899
39 29 56.9299
50 40 58.852
102 92 5.6061
55 45 56.787
82 72 48.715
18 8 0.8782
18 8 5.5944
105 95 0.405
34 24 61.3521
101 91 5.9763
41 31 30.6071
74 64 78.0989
96 86 19.7093
86 76 14.3066
84 74 10.0696
20 10 3.0678
97 87 17.1965
39 29 57.7952
74 64 64.978
45 35 95.6099
36 26 10.2884
77 67 25.8982
30 20 28.7721
104 94 3.1723
54 44 211.967
31 21 10.3118
84 74 70.8233
66 56 86.1889
82 72 77.4922
71 61 2.6594
33 23 23.8688
88 78 15.322
41 31 83.2609
76 66 14.9316
17 7 5.3793
28 18 30.9542
23 13 16.6409
40 30 65.676
91 81 23.0746
86 76 48.6972
89 79 28.7105
76 66 109.9348
80 70 31.3985
21 11 1.4676
17 7 4.3642
106 96 1.0868
52 42 7.6561
31 21 4.4111
103 93 5.1723
31 21 46.9668
20 10 4.7192
19 9 5.2362
102 92 5.742
65 55 131.4895
84 74 11.056
53 43 115.1535
29 19 36.4719
48 38 81.3624
38 28 77.8797
51 41 168.0893
42 32 41.1945
57 47 216.9966
81 71 58.5187
90 80 5.6156
51 41 71.2353
90 80 19.012
40 30 85.4807
94 84 0.3858
17 7 3.2973
46 36 124.6486
27 17 7.778
71 61 5.8904
72 62 76.1037
95 85 12.6415
23 13 16.9727
17 7 1.2087
46 36 34.2921
30 20 35.8306
19 9 6.3174
64 54 131.4957
101 91 3.8718
12 2 0.4053
31 21 30.8205
45 35 94.2907
75 65 82.4875
65 55 139.164
76 66 120.1448
74 64 25.0854
105 95 0.7571
11 1 0.0562
73 63 51.2843
94 84 8.6717
60 50 197.8037
46 36 73.5116
93 83 27.9563
43 33 67.4655
74 64 15.2745
82 72 72.7756
61 51 75.7197
37 27 69.6593
101 91 4.0821
72 62 8.1459
26 16 10.4875
108 98 0.1344
22 12 11.74
21 11 4.98
53 43 191.0419
77 67 34.5132
25 15 16.3724
49 39 153.0721
18 8 5.6201
52 42 159.7934
35 25 58.7153
24 14 6.3721
39 29 70.0481
81 71 1.9185
100 90 10.5188
103 93 0.4934
101 91 2.8055
87 77 6.7495
83 73 70.9918
69 59 167.3713
72 62 0.8981
44 34 96.3125
21 11 8.1645
64 54 89.4612
58 48 167.2061
36 26 70.0403
84 74 35.9162
59 49 123.2939
69 59 83.44
27 17 28.6879
15 5 1.0362
71 61 97.914
44 34 86.5457
82 72 25.1797
47 37 108.7136
80 70 88.9899
51 41 138.4424
101 91 4.1255
61 51 195.4848
29 19 11.9254
22 12 6.2313
110 100 0.0
19 9 2.734
36 26 13.2114
26 16 5.7821
44 34 60.1842
85 75 40.3697
67 57 0.5818
55 45 125.3904
79 69 25.7992
19 9 6.345
53 43 44.2224
65 55 22.9914
62 52 80.9093
52 42 52.0726
64 54 95.3871
31 21 42.0341
51 41 72.3587
92 82 9.1549
66 56 74.9434
61 51 114.8096
81 71 32.6645
67 57 109.0289
107 97 0.7022
58 48 138.6577
20 10 3.7681
93 83 16.1372
75 65 47.5664
27 17 17.8424
102 92 0.8899
80 70 3.7834
95 85 23.3953
35 25 62.4974
68 58 88.7499
59 49 107.8664
52 42 28.2162
79 69 51.5999
78 68 81.382
96 86 21.5475
12 2 0.2314
37 27 64.3308
26 16 3.3175
73 63 95.1082
43 33 38.2505
29 19 27.8042
16 6 2.3377
48 38 146.0944
107 97 0.0312
74 64 12.3264
34 24 33.0426
108 98 0.2167
75 65 69.7591
30 20 18.4732
25 15 24.8984
48 38 95.4768
105 95 0.0192
49 39 43.1675
66 56 50.7054
95 85 15.8043
39 29 41.8249
16 6 2.6672
11 1 0.0927
18 8 6.7612
109 99 0.0783
65 55 54.8625
103 93 2.9749
90 80 34.8236
84 74 34.8548
101 91 1.1846
32 22 25.1768
31 21 46.2333
76 66 32.8389
71 61 20.5188
32 22 34.0684
98 88 8.1025
97 87 0.5428
106 96 0.4819
53 43 59.8199
80 70 53.961
57 47 180.8546
36 26 2.5561
42 32 23.2798
70 60 56.9103
110 100 0.0
107 97 0.0975
68 58 131.3639
18 8 3.5061
76 66 104.9453
49 39 165.9262
71 61 29.6278
81 71 82.6401
63 53 3.3195
45 35 48.2932
31 21 46.8353
95 85 12.9745
22 12 6.2105
92 82 15.7694
89 79 10.7671
95 85 24.7606
88 78 31.7509
96 86 13.0905
98 88 5.9947
49 39 12.5713
13 3 0.1503
73 63 80.9075
81 71 86.559
75 65 117.3948
23 13 0.7216
32 22 24.4687
104 94 3.8466
85 75 38.2463
21 11 12.7247
39 29 59.0113
22 12 8.3567
64 54 199.5212
82 72 65.4288
27 17 5.2982
33 23 8.7842
82 72 24.9668
33 23 53.5135
54 44 178.9154
55 45 76.944
44 34 7.2005
88 78 24.2163
18 8 6.2208
14 4 0.7445
69 59 99.9557
106 96 0.4744
49 39 31.2975
79 69 102.1007
43 33 86.6066
89 79 16.8771
31 21 8.4266
92 82 32.6956
15 5 2.6631
37 27 6.2317
16 6 3.1172
100 90 7.8984
52 42 122.1602
28 18 21.7343
12 2 0.3595
103 93 0.6676
28 18 12.5593
47 37 143.2971
71 61 35.2716
67 57 46.0559
91 81 2.8988
38 28 71.9853
97 87 5.8439
48 38 41.4205
73 63 53.6745
68 58 158.954
27 17 29.4957
95 85 11.3116
24 14 20.3203
71 61 131.3809
42 32 110.0264
62 52 64.3462
106 96 1.1568
98 88 15.3766
104 94 2.6982
97 87 14.7687
