400 10442 9.9499
12 12 1.44
87 87 75.69
78 78 60.84
45 45 20.25
91 91 82.81
22 22 4.84
30 30 9.0
59 59 34.81
29 29 8.41
30 30 9.0
44 44 19.36
6 6 0.36
30 30 9.0
64 64 40.96
82 82 67.24
79 79 62.41
50 50 25.0
99 99 98.01
45 45 20.25
54 54 29.16
24 24 5.76
81 81 65.61
64 64 40.96
50 50 25.0
54 54 29.16
55 55 30.25
73 73 53.29
27 27 7.29
65 65 42.25
49 49 24.01
63 63 39.69
24 24 5.76
8 8 0.64
78 78 60.84
67 67 44.89
16 16 2.56
27 27 7.29
46 46 21.16
45 45 20.25
72 72 51.84
77 77 59.29
67 67 44.89
53 53 28.09
58 58 33.64
34 34 11.56
93 93 86.49
79 79 62.41
88 88 77.44
17 17 2.89
7 7 0.49
99 99 98.01
16 16 2.56
23 23 5.29
82 82 67.24
33 33 10.89
21 21 4.41
42 42 17.64
37 37 13.69
90 90 81.0
2 2 0.04
24 24 5.76
15 15 2.25
88 88 77.44
45 45 20.25
4 4 0.16
76 76 57.76
14 14 1.96
24 24 5.76
9 9 0.81
94 94 88.36
50 50 25.0
88 88 77.44
56 56 31.36
50 50 25.0
63 63 39.69
6 6 0.36
99 99 98.01
89 89 79.21
97 97 94.09
96 96 92.16
5 5 0.25
25 25 6.25
38 38 14.44
65 65 42.25
3 3 0.09
39 39 15.21
57 57 32.49
98 98 96.04
86 86 73.96
55 55 30.25
29 29 8.41
96 96 92.16
11 11 1.21
50 50 25.0
63 63 39.69
14 14 1.96
95 95 90.25
60 60 36.0
95 95 90.25
71 71 50.41
71 71 50.41
40 40 16.0
83 83 68.89
18 18 3.24
70 70 49.0
32 32 10.24
68 68 46.24
46 46 21.16
72 72 51.84
57 57 32.49
7 7 0.49
80 80 64.0
57 57 32.49
22 22 4.84
52 52 27.04
44 44 19.36
14 14 1.96
6 6 0.36
79 79 62.41
55 55 30.25
82 82 67.24
57 57 32.49
18 18 3.24
75 75 56.25
84 84 70.56
45 45 20.25
46 46 21.16
51 51 26.01
99 99 98.01
55 55 30.25
37 37 13.69
94 94 88.36
5 5 0.25
71 71 50.41
55 55 30.25
98 98 96.04
80 80 64.0
78 78 60.84
65 65 42.25
63 63 39.69
59 59 34.81
83 83 68.89
55 55 30.25
78 78 60.84
48 48 23.04
84 84 70.56
9 9 0.81
17 17 2.89
34 34 11.56
18 18 3.24
25 25 6.25
36 36 12.96
37 37 13.69
81 81 65.61
100 100 100.0
56 56 31.36
85 85 72.25
30 30 9.0
18 18 3.24
97 97 94.09
76 76 57.76
43 43 18.49
70 70 49.0
58 58 33.64
29 29 8.41
11 11 1.21
26 26 6.76
69 69 47.61
8 8 0.64
57 57 32.49
32 32 10.24
68 68 46.24
49 49 24.01
78 78 60.84
42 42 17.64
53 53 28.09
63 63 39.69
55 55 30.25
49 49 24.01
8 8 0.64
60 60 36.0
85 85 72.25
11 11 1.21
48 48 23.04
19 19 3.61
35 35 12.25
57 57 32.49
89 89 79.21
98 98 96.04
39 39 15.21
17 17 2.89
51 51 26.01
19 19 3.61
40 40 16.0
74 74 54.76
52 52 27.04
28 28 7.84
26 26 6.76
59 59 34.81
94 94 88.36
1 1 0.01
26 26 6.76
74 74 54.76
45 45 20.25
53 53 28.09
3 3 0.09
22 22 4.84
79 79 62.41
52 52 27.04
65 65 42.25
29 29 8.41
58 58 33.64
59 59 34.81
96 96 92.16
81 81 65.61
25 25 6.25
50 50 25.0
96 96 92.16
31 31 9.61
85 85 72.25
72 72 51.84
50 50 25.0
81 81 65.61
17 17 2.89
21 21 4.41
79 79 62.41
94 94 88.36
12 12 1.44
100 100 100.0
94 94 88.36
6 6 0.36
20 20 4.0
94 94 88.36
78 78 60.84
38 38 14.44
90 90 81.0
24 24 5.76
35 35 12.25
64 64 40.96
91 91 82.81
38 38 14.44
19 19 3.61
80 80 64.0
29 29 8.41
21 21 4.41
7 7 0.49
51 51 26.01
15 15 2.25
95 95 90.25
11 11 1.21
16 16 2.56
14 14 1.96
48 48 23.04
70 70 49.0
90 90 81.0
54 54 29.16
92 92 84.64
16 16 2.56
55 55 30.25
35 35 12.25
25 25 6.25
48 48 23.04
71 71 50.41
77 77 59.29
90 90 81.0
36 36 12.96
99 99 98.01
70 70 49.0
69 69 47.61
73 73 53.29
5 5 0.25
24 24 5.76
54 54 29.16
92 92 84.64
22 22 4.84
13 13 1.69
91 91 82.81
80 80 64.0
31 31 9.61
98 98 96.04
76 76 57.76
61 61 37.21
58 58 33.64
31 31 9.61
92 92 84.64
37 37 13.69
18 18 3.24
97 97 94.09
51 51 26.01
7 7 0.49
45 45 20.25
59 59 34.81
28 28 7.84
95 95 90.25
85 85 72.25
89 89 79.21
49 49 24.01
87 87 75.69
29 29 8.41
23 23 5.29
76 76 57.76
68 68 46.24
58 58 33.64
16 16 2.56
77 77 59.29
100 100 100.0
78 78 60.84
15 15 2.25
29 29 8.41
16 16 2.56
63 63 39.69
99 99 98.01
98 98 96.04
79 79 62.41
97 97 94.09
27 27 7.29
87 87 75.69
20 20 4.0
84 84 70.56
54 54 29.16
26 26 6.76
28 28 7.84
84 84 70.56
9 9 0.81
53 53 28.09
73 73 53.29
74 74 54.76
56 56 31.36
38 38 14.44
82 82 67.24
32 32 10.24
91 91 82.81
66 66 43.56
35 35 12.25
88 88 77.44
57 57 32.49
38 38 14.44
27 27 7.29
6 6 0.36
71 71 50.41
21 21 4.41
14 14 1.96
31 31 9.61
90 90 81.0
93 93 86.49
93 93 86.49
42 42 17.64
41 41 16.81
88 88 77.44
27 27 7.29
89 89 79.21
12 12 1.44
69 69 47.61
27 27 7.29
7 7 0.49
14 14 1.96
49 49 24.01
31 31 9.61
17 17 2.89
33 33 10.89
71 71 50.41
67 67 44.89
42 42 17.64
65 65 42.25
45 45 20.25
99 99 98.01
58 58 33.64
38 38 14.44
48 48 23.04
94 94 88.36
39 39 15.21
43 43 18.49
48 48 23.04
96 96 92.16
11 11 1.21
61 61 37.21
34 34 11.56
36 36 12.96
46 46 21.16
99 99 98.01
31 31 9.61
7 7 0.49
10 10 1.0
30 30 9.0
56 56 31.36
15 15 2.25
63 63 39.69
6 6 0.36
21 21 4.41
58 58 33.64
58 58 33.64
37 37 13.69
71 71 50.41
91 91 82.81
41 41 16.81
32 32 10.24
12 12 1.44
48 48 23.04
76 76 57.76
77 77 59.29
