900 22302 4.3589
81 71 46.9033
49 39 61.2369
96 86 23.9444
45 35 78.9592
89 79 22.3597
99 89 30.5312
48 38 70.1524
98 88 37.9062
110 100 38.274
71 61 59.8333
31 21 82.6426
28 18 84.6768
108 98 28.5306
58 48 73.0239
93 83 33.2272
44 34 64.2659
107 97 12.1766
30 20 73.5015
58 48 67.2662
84 74 21.3666
53 43 68.0922
106 96 43.4597
104 94 16.1733
44 34 53.217
60 50 70.6608
18 8 93.1341
63 53 60.7558
39 29 76.2566
110 100 40.3212
33 23 79.3346
52 42 56.8426
12 2 97.411
85 75 36.0949
50 40 65.657
13 3 96.9477
91 81 52.8311
72 62 42.7154
58 48 66.4567
20 10 90.7199
100 90 33.1419
33 23 78.8278
21 11 88.6667
92 82 41.4697
95 85 20.1323
53 43 67.807
45 35 74.3803
21 11 89.1967
32 22 78.8029
27 17 86.2911
19 9 90.2633
85 75 49.5011
75 65 43.4769
17 7 92.0372
53 43 60.4568
47 37 77.8294
55 45 57.1869
77 67 25.8338
38 28 80.0918
68 58 41.8609
60 50 47.744
37 27 73.0034
67 57 49.2551
47 37 65.0716
26 16 76.7639
36 26 68.1219
31 21 74.7914
91 81 37.1929
105 95 32.8512
80 70 36.6945
12 2 97.8418
69 59 31.4777
70 60 43.069
58 48 57.0539
76 66 61.3214
87 77 24.0767
58 48 58.7108
104 94 34.3244
38 28 75.0354
58 48 56.4512
102 92 20.5209
23 13 87.4094
29 19 88.0144
60 50 53.5678
54 44 56.8335
74 64 49.8027
31 21 75.8798
69 59 46.7022
105 95 31.0494
81 71 60.918
85 75 55.1158
76 66 38.4747
18 8 89.9368
61 51 59.2946
59 49 62.4511
109 99 33.7526
13 3 97.0856
54 44 59.1592
61 51 62.9436
89 79 41.2395
34 24 83.6164
43 33 73.9806
35 25 82.952
11 1 99.2634
76 66 48.4416
45 35 81.0612
100 90 54.5663
64 54 51.1969
71 61 49.8761
60 50 45.2122
102 92 33.9353
80 70 44.9678
103 93 38.8777
40 30 72.541
61 51 57.599
30 20 79.1388
61 51 49.625
36 26 82.8628
57 47 47.8255
25 15 81.2216
70 60 51.0667
39 29 71.3755
87 77 31.2503
20 10 91.539
84 74 39.353
77 67 40.0765
15 5 95.5409
103 93 31.3634
70 60 58.1574
63 53 42.9929
89 79 34.5427
73 63 31.6305
24 14 84.0577
19 9 91.3458
19 9 88.2191
21 11 86.1481
51 41 59.0024
49 39 65.2105
21 11 90.2861
75 65 48.6534
69 59 44.9128
28 18 89.4084
67 57 50.7186
97 87 27.2056
85 75 41.6425
71 61 60.918
85 75 40.3212
30 20 73.874
53 43 60.7168
45 35 76.1989
100 90 16.1861
71 61 48.1886
27 17 86.9351
90 80 40.9037
104 94 23.6595
99 89 23.7647
63 53 69.4572
94 84 32.1897
75 65 63.247
22 12 91.5505
12 2 98.2319
95 85 34.5956
48 38 77.4787
62 52 63.1214
59 49 66.9746
65 55 52.5234
106 96 41.3179
106 96 29.1114
23 13 85.4645
42 32 67.4057
18 8 92.6021
89 79 44.6772
91 81 17.8921
94 84 40.0917
49 39 60.5907
23 13 91.4797
18 8 89.5578
30 20 84.7468
39 29 76.3631
14 4 96.8846
42 32 70.7903
20 10 88.5537
92 82 34.2365
47 37 67.4928
89 79 43.3122
50 40 76.6185
81 71 42.7912
96 86 46.4224
80 70 48.1844
30 20 84.3569
89 79 36.03
80 70 54.5323
63 53 45.2512
105 95 20.8611
63 53 51.1196
29 19 85.9403
70 60 47.7633
88 78 41.6851
77 67 53.0348
100 90 35.1981
55 45 45.7963
90 80 53.0537
61 51 64.4167
34 24 82.963
34 24 79.8557
54 44 50.0556
32 22 72.0954
37 27 72.2551
77 67 41.3205
86 76 33.8922
97 87 19.8845
79 69 45.196
40 30 68.3896
21 11 89.4084
50 40 75.4032
55 45 61.1915
60 50 55.6814
63 53 66.9599
13 3 96.9378
41 31 67.1351
104 94 28.143
27 17 84.412
96 86 39.8603
108 98 9.9907
51 41 64.4616
46 36 57.9014
76 66 52.7207
31 21 77.5157
88 78 34.7168
30 20 84.2082
38 28 80.3407
43 33 75.9948
27 17 86.9855
61 51 71.1459
77 67 27.7497
80 70 39.4371
105 95 29.5512
15 5 96.4363
79 69 63.2391
59 49 41.3526
102 92 23.8867
33 23 88.2228
92 82 52.9897
105 95 24.0944
74 64 51.8774
110 100 27.2067
42 32 63.1214
109 99 30.0249
103 93 13.4535
63 53 62.6314
67 57 44.4702
61 51 53.4566
16 6 94.5562
93 83 38.732
85 75 46.2713
87 77 47.0459
99 89 56.6076
37 27 73.6336
73 63 55.1692
36 26 72.2619
52 42 73.2616
82 72 51.9913
33 23 73.3181
86 76 30.0545
83 73 49.8097
26 16 84.7026
31 21 79.1691
105 95 44.5102
52 42 76.9585
29 19 86.1444
68 58 41.4916
110 100 37.2759
89 79 46.0322
63 53 58.743
97 87 24.1101
11 1 99.0841
110 100 6.244
59 49 67.004
58 48 55.1648
19 9 91.5562
14 4 96.7587
20 10 89.9804
63 53 53.6732
11 1 98.8573
77 67 50.9054
19 9 91.191
46 36 63.497
103 93 55.4965
89 79 52.7047
72 62 40.0955
48 38 66.6999
48 38 69.923
35 25 86.6407
56 46 59.3639
104 94 44.289
102 92 23.444
19 9 91.8856
57 47 56.6211
70 60 58.9839
79 69 45.9901
55 45 71.4634
88 78 24.6135
62 52 61.9227
110 100 28.0307
20 10 89.5616
91 81 46.653
86 76 43.4031
19 9 92.5559
50 40 70.7735
92 82 18.8738
89 79 47.0431
26 16 82.0021
47 37 62.0802
13 3 97.0383
59 49 61.6445
32 22 82.381
19 9 94.7254
102 92 40.54
108 98 13.77
58 48 51.3659
62 52 41.7445
103 93 22.1681
19 9 89.1551
80 70 50.0981
66 56 57.8634
36 26 78.1403
102 92 27.9016
53 43 57.3231
88 78 55.098
62 52 47.993
98 88 13.3656
91 81 45.7017
38 28 77.8647
54 44 63.5576
55 45 44.8257
27 17 81.438
20 10 91.4663
12 2 98.6724
53 43 69.3306
14 4 95.9871
108 98 17.8329
107 97 53.0873
108 98 43.839
71 61 40.3644
13 3 96.5483
29 19 81.6077
92 82 15.1002
68 58 51.6458
46 36 60.6436
48 38 72.8257
109 99 22.5464
106 96 33.9621
29 19 80.7967
16 6 94.1909
16 6 94.704
92 82 61.9983
89 79 18.9922
25 15 85.544
43 33 68.4856
14 4 96.7567
46 36 61.9212
60 50 37.3529
11 1 99.1399
104 94 25.1713
25 15 90.4306
84 74 39.3041
52 42 64.2995
108 98 35.5395
45 35 67.8564
57 47 55.51
65 55 57.8482
106 96 13.1696
27 17 87.7894
54 44 68.1929
25 15 88.7364
105 95 16.675
98 88 10.0749
106 96 39.15
67 57 59.8209
32 22 69.2407
70 60 53.4493
48 38 72.7848
29 19 75.6622
20 10 88.7967
39 29 74.8294
65 55 69.9113
77 67 50.3688
65 55 61.8787
20 10 86.3115
62 52 70.382
109 99 42.0552
42 32 74.5356
14 4 95.3142
100 90 49.9552
49 39 62.1354
43 33 76.2566
47 37 62.2269
102 92 17.7831
31 21 80.8255
14 4 96.3224
75 65 61.7749
69 59 50.8326
25 15 80.6673
27 17 83.7683
18 8 91.6174
50 40 69.9331
98 88 36.817
103 93 31.2917
107 97 27.3362
83 73 35.5538
68 58 49.6348
47 37 62.4653
30 20 82.3774
46 36 62.7153
56 46 61.1633
15 5 94.8812
63 53 54.5988
32 22 82.5645
20 10 89.4159
59 49 69.4039
57 47 41.201
78 68 37.009
81 71 38.6934
105 95 38.8802
14 4 96.0537
31 21 84.3091
34 24 71.7273
44 34 75.0441
95 85 45.6017
12 2 97.911
70 60 47.1653
46 36 70.513
77 67 59.6169
28 18 82.4264
61 51 61.6649
13 3 96.3539
109 99 31.831
37 27 76.2129
38 28 61.4672
52 42 62.118
69 59 53.1747
58 48 62.8009
93 83 41.1946
48 38 77.2782
75 65 42.4622
102 92 42.4231
69 59 47.0719
48 38 71.0953
86 76 32.2681
68 58 46.1353
57 47 45.9752
34 24 84.1513
85 75 31.6496
29 19 82.9502
14 4 97.0008
46 36 71.0683
30 20 86.7078
72 62 62.1638
53 43 61.5236
41 31 69.1675
90 80 16.9415
93 83 17.6761
19 9 91.7572
17 7 92.812
107 97 33.848
52 42 50.7457
43 33 70.1105
57 47 62.1086
67 57 49.6123
109 99 35.0286
39 29 75.9547
61 51 35.7174
80 70 28.7575
24 14 90.3907
22 12 89.1854
73 63 45.772
110 100 24.6691
69 59 63.5225
93 83 27.6098
52 42 61.3449
104 94 18.2577
71 61 45.2095
110 100 31.5114
50 40 72.5819
23 13 88.2566
18 8 91.2789
28 18 88.6083
58 48 70.7264
35 25 76.622
68 58 54.1828
61 51 45.1356
28 18 86.7338
13 3 98.1804
99 89 52.6437
62 52 44.72
93 83 38.206
57 47 54.9259
62 52 49.8902
101 91 40.5349
99 89 20.5281
27 17 84.2338
77 67 42.9785
83 73 24.298
101 91 17.6644
54 44 68.3747
62 52 40.0588
86 76 54.4364
43 33 69.1908
21 11 90.3907
61 51 39.249
60 50 45.9033
59 49 41.751
78 68 53.7054
68 58 52.1688
14 4 97.1565
26 16 80.0327
61 51 67.2515
34 24 85.5385
26 16 79.6913
16 6 96.2341
46 36 65.1136
15 5 93.2596
109 99 19.3723
87 77 57.0085
53 43 73.3096
84 74 63.0166
82 72 55.5934
97 87 25.553
51 41 57.3443
109 99 37.8582
101 91 17.3139
55 45 75.6326
43 33 67.6457
59 49 44.3489
45 35 66.2954
86 76 28.9046
30 20 78.3898
66 56 53.4463
48 38 66.0433
42 32 62.9135
12 2 97.733
53 43 61.0977
28 18 82.4428
12 2 97.8477
69 59 52.3293
103 93 27.0702
30 20 83.4409
72 62 41.3668
83 73 23.4062
76 66 37.0345
12 2 98.6287
50 40 64.2611
94 84 28.2428
11 1 99.1916
69 59 63.9328
95 85 30.3921
57 47 44.2664
80 70 39.5616
98 88 27.0889
83 73 53.0435
72 62 52.6568
55 45 51.781
43 33 79.8021
84 74 45.5126
74 64 36.7175
93 83 32.8398
59 49 47.8089
69 59 53.2842
42 32 59.3008
17 7 93.1843
54 44 72.8787
106 96 25.9651
23 13 85.3813
29 19 88.2679
77 67 26.9465
26 16 83.2857
54 44 61.1321
12 2 97.6678
70 60 59.153
35 25 83.4665
21 11 92.8352
56 46 47.9903
110 100 31.5822
54 44 73.4055
23 13 87.8269
89 79 41.5238
79 69 31.2056
103 93 37.3761
55 45 59.0085
23 13 86.0906
51 41 54.2653
62 52 69.0096
66 56 50.0075
18 8 92.3886
19 9 88.3769
98 88 37.6456
40 30 72.318
88 78 42.4218
12 2 98.4977
90 80 43.8178
94 84 59.9788
50 40 67.6276
46 36 66.271
29 19 80.9496
109 99 28.7446
82 72 38.0467
75 65 39.0625
27 17 88.2829
73 63 39.1726
66 56 54.3257
13 3 96.0086
89 79 21.172
78 68 54.3965
37 27 70.1524
99 89 19.5523
110 100 34.2834
20 10 87.5179
39 29 80.0542
11 1 99.2195
109 99 28.9347
80 70 55.1514
33 23 72.604
18 8 94.2258
43 33 63.9312
21 11 91.6576
56 46 69.8796
63 53 48.6464
46 36 65.7835
73 63 57.5398
97 87 34.7487
52 42 71.4211
103 93 33.6249
23 13 93.1959
98 88 28.0974
93 83 43.3596
41 31 67.6885
40 30 72.8189
55 45 72.7626
90 80 34.1161
64 54 41.569
27 17 86.4212
36 26 71.6698
15 5 96.1929
22 12 90.3108
44 34 67.2138
55 45 72.2755
36 26 78.5989
50 40 73.3764
27 17 84.7228
63 53 45.6152
99 89 31.563
81 71 36.4623
79 69 43.994
61 51 62.2363
28 18 84.1898
23 13 86.2447
73 63 47.4225
60 50 63.5958
107 97 16.0753
21 11 91.3286
29 19 79.0072
46 36 80.4519
74 64 54.6195
32 22 79.073
75 65 43.8482
24 14 89.4954
31 21 85.5884
76 66 48.2386
65 55 55.0609
24 14 83.6127
15 5 93.1997
105 95 26.6029
19 9 91.2331
32 22 84.872
75 65 52.6263
63 53 58.1284
60 50 65.6505
11 1 98.9727
28 18 87.3047
94 84 38.8303
34 24 70.8223
56 46 58.7108
60 50 55.9549
28 18 85.3831
102 92 30.4803
18 8 89.7775
12 2 98.5235
72 62 44.4036
86 76 24.1189
49 39 75.5995
109 99 51.5739
41 31 79.0019
109 99 53.5634
24 14 85.7698
55 45 50.0287
23 13 87.3066
57 47 48.8923
103 93 43.7304
83 73 50.2936
45 35 71.6156
56 46 72.616
41 31 65.8467
19 9 93.2152
67 57 53.4536
19 9 91.1452
21 11 92.329
71 61 53.1354
66 56 63.1119
101 91 38.0233
22 12 86.2651
108 98 21.4397
21 11 90.7275
23 13 84.896
75 65 55.4623
83 73 46.2441
97 87 30.957
45 35 66.8584
61 51 72.3078
15 5 93.929
89 79 32.4957
50 40 58.0415
83 73 52.8776
110 100 29.9691
52 42 53.5751
67 57 61.7246
87 77 35.5407
86 76 28.4388
86 76 20.8977
50 40 55.586
47 37 50.4185
69 59 48.1317
101 91 28.3258
93 83 20.6807
20 10 93.4142
45 35 67.1449
48 38 74.8883
44 34 62.3879
19 9 93.3137
91 81 49.2004
105 95 11.5355
103 93 20.2752
84 74 54.2094
62 52 48.6297
66 56 38.6163
58 48 50.2057
91 81 50.1222
82 72 37.8397
55 45 61.7199
92 82 38.4946
51 41 65.2912
41 31 79.545
51 41 66.2205
59 49 71.0211
90 80 48.6437
81 71 52.2946
80 70 62.8675
65 55 53.0246
56 46 55.2153
87 77 39.1238
59 49 40.8436
26 16 90.5029
81 71 44.3356
75 65 40.8781
58 48 53.2871
26 16 83.4976
97 87 46.6858
39 29 76.7516
79 69 43.3991
98 88 32.8914
33 23 79.7628
98 88 26.9153
20 10 91.4605
82 72 47.3661
97 87 12.0944
41 31 69.2357
85 75 35.2872
47 37 75.9477
13 3 97.729
36 26 82.6336
12 2 98.0654
59 49 59.773
100 90 20.2617
19 9 92.606
107 97 13.8496
13 3 98.1744
72 62 51.8242
11 1 99.1
62 52 61.8016
51 41 60.8166
60 50 57.8634
31 21 80.278
53 43 66.1441
81 71 41.5045
34 24 77.9283
72 62 56.187
19 9 94.599
38 28 70.9183
33 23 75.1013
75 65 49.8323
41 31 65.1556
67 57 54.2874
76 66 39.902
52 42 48.7036
34 24 81.0972
46 36 79.8521
41 31 75.3164
68 58 51.3215
89 79 33.8038
25 15 80.3318
98 88 42.4843
57 47 50.8526
92 82 24.1956
27 17 79.1424
76 66 38.6237
60 50 62.8976
99 89 43.1307
92 82 41.5174
26 16 82.0184
56 46 64.0144
96 86 11.5111
83 73 41.587
63 53 49.5447
36 26 72.5086
83 73 36.6788
28 18 87.4487
37 27 76.0942
66 56 47.2161
104 94 11.9723
81 71 33.0303
67 57 48.8951
14 4 94.7021
91 81 33.256
92 82 42.3046
14 4 97.5512
51 41 61.5236
109 99 35.4596
90 80 23.6809
23 13 87.5029
41 31 76.8743
29 19 74.5201
83 73 33.9737
80 70 48.1247
69 59 61.2385
47 37 76.7779
94 84 33.2168
12 2 97.65
65 55 63.1008
98 88 29.384
67 57 52.6728
90 80 20.4856
19 9 93.7779
43 33 77.1358
45 35 76.1483
91 81 39.1838
67 57 48.0263
110 100 35.1163
16 6 94.1113
28 18 85.0582
15 5 93.9
95 85 35.3311
50 40 67.4944
20 10 93.0067
64 54 57.0463
19 9 93.7799
21 11 87.9563
70 60 58.4659
24 14 89.0853
84 74 27.0546
93 83 40.6406
62 52 46.2863
40 30 72.3929
54 44 73.5461
99 89 39.4145
98 88 13.9652
91 81 45.3144
18 8 91.3573
95 85 38.7481
12 2 97.058
55 45 72.4661
44 34 65.5145
46 36 73.3096
96 86 38.783
13 3 97.5986
36 26 73.2822
65 55 56.0207
77 67 55.9025
89 79 46.4919
69 59 52.3901
59 49 66.1717
90 80 24.5837
46 36 58.7062
101 91 34.2951
93 83 32.3715
12 2 98.7499
63 53 56.0342
68 58 49.1051
94 84 45.9359
21 11 89.7737
68 58 42.0941
51 41 62.9119
25 15 85.5736
