100 2535 9.9499
80 80 64.0
7 7 0.49
30 30 9.0
84 84 70.56
32 32 10.24
91 91 82.81
44 44 19.36
52 52 27.04
87 87 75.69
6 6 0.36
72 72 51.84
9 9 0.81
98 98 96.04
56 56 31.36
78 78 60.84
48 48 23.04
69 69 47.61
54 54 29.16
53 53 28.09
53 53 28.09
73 73 53.29
52 52 27.04
90 90 81.0
91 91 82.81
15 15 2.25
48 48 23.04
74 74 54.76
56 56 31.36
67 67 44.89
29 29 8.41
55 55 30.25
50 50 25.0
96 96 92.16
47 47 22.09
8 8 0.64
53 53 28.09
56 56 31.36
62 62 38.44
79 79 62.41
53 53 28.09
53 53 28.09
20 20 4.0
33 33 10.89
62 62 38.44
98 98 96.04
14 14 1.96
34 34 11.56
87 87 75.69
83 83 68.89
20 20 4.0
3 3 0.09
22 22 4.84
80 80 64.0
31 31 9.61
90 90 81.0
65 65 42.25
60 60 36.0
70 70 49.0
63 63 39.69
21 21 4.41
25 25 6.25
17 17 2.89
50 50 25.0
46 46 21.16
2 2 0.04
66 66 43.56
37 37 13.69
87 87 75.69
20 20 4.0
48 48 23.04
58 58 33.64
93 93 86.49
12 12 1.44
74 74 54.76
45 45 20.25
47 47 22.09
57 57 32.49
10 10 1.0
66 66 43.56
56 56 31.36
68 68 46.24
48 48 23.04
70 70 49.0
64 64 40.96
7 7 0.49
23 23 5.29
49 49 24.01
50 50 25.0
67 67 44.89
3 3 0.09
19 19 3.61
99 99 98.01
36 36 12.96
22 22 4.84
73 73 53.29
79 79 62.41
84 84 70.56
9 9 0.81
2 2 0.04
17 17 2.89
