400 9897 4.3589
43 43 18.49
82 82 67.24
61 61 37.21
28 28 7.84
81 81 65.61
34 34 11.56
39 39 15.21
34 34 11.56
86 86 73.96
42 42 17.64
12 12 1.44
93 93 86.49
82 82 67.24
45 45 20.25
27 27 7.29
56 56 31.36
45 45 20.25
83 83 68.89
99 99 98.01
86 86 73.96
24 24 5.76
83 83 68.89
43 43 18.49
57 57 32.49
3 3 0.09
31 31 9.61
98 98 96.04
24 24 5.76
75 75 56.25
95 95 90.25
25 25 6.25
13 13 1.69
53 53 28.09
83 83 68.89
27 27 7.29
14 14 1.96
53 53 28.09
83 83 68.89
5 5 0.25
98 98 96.04
98 98 96.04
7 7 0.49
71 71 50.41
5 5 0.25
23 23 5.29
87 87 75.69
18 18 3.24
74 74 54.76
82 82 67.24
73 73 53.29
24 24 5.76
4 4 0.16
12 12 1.44
24 24 5.76
86 86 73.96
52 52 27.04
100 100 100.0
71 71 50.41
28 28 7.84
81 81 65.61
10 10 1.0
83 83 68.89
47 47 22.09
20 20 4.0
70 70 49.0
62 62 38.44
71 71 50.41
24 24 5.76
79 79 62.41
96 96 92.16
43 43 18.49
63 63 39.69
33 33 10.89
97 97 94.09
3 3 0.09
16 16 2.56
97 97 94.09
13 13 1.69
3 3 0.09
83 83 68.89
11 11 1.21
40 40 16.0
19 19 3.61
81 81 65.61
24 24 5.76
2 2 0.04
48 48 23.04
27 27 7.29
81 81 65.61
63 63 39.69
39 39 15.21
60 60 36.0
66 66 43.56
91 91 82.81
3 3 0.09
15 15 2.25
6 6 0.36
15 15 2.25
9 9 0.81
37 37 13.69
46 46 21.16
18 18 3.24
26 26 6.76
49 49 24.01
41 41 16.81
61 61 37.21
44 44 19.36
94 94 88.36
20 20 4.0
95 95 90.25
35 35 12.25
76 76 57.76
77 77 59.29
28 28 7.84
9 9 0.81
46 46 21.16
41 41 16.81
31 31 9.61
73 73 53.29
6 6 0.36
72 72 51.84
10 10 1.0
62 62 38.44
3 3 0.09
12 12 1.44
82 82 67.24
58 58 33.64
45 45 20.25
36 36 12.96
15 15 2.25
20 20 4.0
55 55 30.25
96 96 92.16
21 21 4.41
89 89 79.21
71 71 50.41
80 80 64.0
6 6 0.36
37 37 13.69
31 31 9.61
95 95 90.25
85 85 72.25
47 47 22.09
45 45 20.25
4 4 0.16
70 70 49.0
34 34 11.56
50 50 25.0
66 66 43.56
16 16 2.56
27 27 7.29
54 54 29.16
98 98 96.04
77 77 59.29
55 55 30.25
61 61 37.21
32 32 10.24
16 16 2.56
72 72 51.84
39 39 15.21
54 54 29.16
100 100 100.0
41 41 16.81
84 84 70.56
46 46 21.16
1 1 0.01
82 82 67.24
37 37 13.69
74 74 54.76
89 89 79.21
87 87 75.69
70 70 49.0
21 21 4.41
38 38 14.44
84 84 70.56
21 21 4.41
38 38 14.44
48 48 23.04
21 21 4.41
12 12 1.44
63 63 39.69
46 46 21.16
84 84 70.56
90 90 81.0
73 73 53.29
42 42 17.64
75 75 56.25
99 99 98.01
97 97 94.09
82 82 67.24
76 76 57.76
73 73 53.29
6 6 0.36
57 57 32.49
28 28 7.84
55 55 30.25
66 66 43.56
10 10 1.0
36 36 12.96
17 17 2.89
48 48 23.04
2 2 0.04
3 3 0.09
56 56 31.36
37 37 13.69
90 90 81.0
8 8 0.64
100 100 100.0
23 23 5.29
63 63 39.69
27 27 7.29
68 68 46.24
57 57 32.49
76 76 57.76
49 49 24.01
8 8 0.64
3 3 0.09
57 57 32.49
13 13 1.69
2 2 0.04
6 6 0.36
11 11 1.21
50 50 25.0
85 85 72.25
100 100 100.0
100 100 100.0
94 94 88.36
28 28 7.84
79 79 62.41
27 27 7.29
14 14 1.96
26 26 6.76
87 87 75.69
27 27 7.29
19 19 3.61
32 32 10.24
18 18 3.24
4 4 0.16
39 39 15.21
93 93 86.49
45 45 20.25
31 31 9.61
98 98 96.04
58 58 33.64
80 80 64.0
84 84 70.56
20 20 4.0
14 14 1.96
61 61 37.21
66 66 43.56
3 3 0.09
6 6 0.36
36 36 12.96
11 11 1.21
28 28 7.84
71 71 50.41
42 42 17.64
36 36 12.96
50 50 25.0
19 19 3.61
67 67 44.89
44 44 19.36
49 49 24.01
90 90 81.0
25 25 6.25
87 87 75.69
65 65 42.25
28 28 7.84
28 28 7.84
79 79 62.41
95 95 90.25
1 1 0.01
96 96 92.16
35 35 12.25
76 76 57.76
22 22 4.84
57 57 32.49
66 66 43.56
13 13 1.69
4 4 0.16
84 84 70.56
79 79 62.41
73 73 53.29
33 33 10.89
32 32 10.24
7 7 0.49
6 6 0.36
2 2 0.04
67 67 44.89
82 82 67.24
6 6 0.36
83 83 68.89
86 86 73.96
97 97 94.09
69 69 47.61
98 98 96.04
51 51 26.01
6 6 0.36
37 37 13.69
91 91 82.81
7 7 0.49
4 4 0.16
78 78 60.84
30 30 9.0
30 30 9.0
85 85 72.25
89 89 79.21
10 10 1.0
14 14 1.96
72 72 51.84
17 17 2.89
82 82 67.24
42 42 17.64
55 55 30.25
75 75 56.25
47 47 22.09
86 86 73.96
28 28 7.84
62 62 38.44
62 62 38.44
13 13 1.69
1 1 0.01
2 2 0.04
85 85 72.25
66 66 43.56
73 73 53.29
81 81 65.61
21 21 4.41
45 45 20.25
77 77 59.29
68 68 46.24
60 60 36.0
76 76 57.76
98 98 96.04
72 72 51.84
78 78 60.84
21 21 4.41
3 3 0.09
19 19 3.61
54 54 29.16
83 83 68.89
18 18 3.24
85 85 72.25
27 27 7.29
89 89 79.21
20 20 4.0
6 6 0.36
100 100 100.0
32 32 10.24
67 67 44.89
55 55 30.25
20 20 4.0
73 73 53.29
40 40 16.0
10 10 1.0
15 15 2.25
36 36 12.96
68 68 46.24
30 30 9.0
69 69 47.61
16 16 2.56
4 4 0.16
73 73 53.29
99 99 98.01
82 82 67.24
3 3 0.09
62 62 38.44
99 99 98.01
44 44 19.36
50 50 25.0
11 11 1.21
100 100 100.0
79 79 62.41
75 75 56.25
78 78 60.84
49 49 24.01
76 76 57.76
80 80 64.0
37 37 13.69
86 86 73.96
55 55 30.25
57 57 32.49
9 9 0.81
41 41 16.81
81 81 65.61
24 24 5.76
85 85 72.25
73 73 53.29
39 39 15.21
37 37 13.69
12 12 1.44
86 86 73.96
61 61 37.21
35 35 12.25
36 36 12.96
57 57 32.49
62 62 38.44
48 48 23.04
41 41 16.81
19 19 3.61
