400 10141 9.9499
89 89 79.21
64 64 40.96
57 57 32.49
91 91 82.81
88 88 77.44
22 22 4.84
35 35 12.25
83 83 68.89
1 1 0.01
87 87 75.69
65 65 42.25
8 8 0.64
42 42 17.64
98 98 96.04
32 32 10.24
40 40 16.0
63 63 39.69
60 60 36.0
84 84 70.56
72 72 51.84
29 29 8.41
91 91 82.81
62 62 38.44
23 23 5.29
51 51 26.01
6 6 0.36
56 56 31.36
72 72 51.84
42 42 17.64
79 79 62.41
15 15 2.25
67 67 44.89
90 90 81.0
3 3 0.09
89 89 79.21
100 100 100.0
94 94 88.36
94 94 88.36
99 99 98.01
64 64 40.96
45 45 20.25
27 27 7.29
39 39 15.21
79 79 62.41
49 49 24.01
18 18 3.24
72 72 51.84
21 21 4.41
95 95 90.25
89 89 79.21
98 98 96.04
83 83 68.89
25 25 6.25
15 15 2.25
87 87 75.69
82 82 67.24
94 94 88.36
57 57 32.49
21 21 4.41
11 11 1.21
18 18 3.24
92 92 84.64
67 67 44.89
66 66 43.56
32 32 10.24
24 24 5.76
49 49 24.01
85 85 72.25
57 57 32.49
48 48 23.04
22 22 4.84
55 55 30.25
98 98 96.04
6 6 0.36
69 69 47.61
82 82 67.24
76 76 57.76
22 22 4.84
2 2 0.04
18 18 3.24
10 10 1.0
84 84 70.56
67 67 44.89
68 68 46.24
43 43 18.49
15 15 2.25
10 10 1.0
79 79 62.41
97 97 94.09
5 5 0.25
32 32 10.24
95 95 90.25
99 99 98.01
36 36 12.96
92 92 84.64
49 49 24.01
70 70 49.0
51 51 26.01
26 26 6.76
80 80 64.0
32 32 10.24
43 43 18.49
48 48 23.04
49 49 24.01
29 29 8.41
24 24 5.76
32 32 10.24
79 79 62.41
70 70 49.0
29 29 8.41
39 39 15.21
13 13 1.69
59 59 34.81
61 61 37.21
40 40 16.0
55 55 30.25
89 89 79.21
49 49 24.01
50 50 25.0
64 64 40.96
50 50 25.0
35 35 12.25
69 69 47.61
11 11 1.21
49 49 24.01
44 44 19.36
1 1 0.01
31 31 9.61
33 33 10.89
71 71 50.41
49 49 24.01
76 76 57.76
44 44 19.36
87 87 75.69
42 42 17.64
58 58 33.64
20 20 4.0
36 36 12.96
55 55 30.25
42 42 17.64
61 61 37.21
62 62 38.44
37 37 13.69
61 61 37.21
20 20 4.0
55 55 30.25
72 72 51.84
16 16 2.56
22 22 4.84
18 18 3.24
42 42 17.64
35 35 12.25
37 37 13.69
13 13 1.69
52 52 27.04
71 71 50.41
22 22 4.84
42 42 17.64
47 47 22.09
1 1 0.01
37 37 13.69
1 1 0.01
35 35 12.25
93 93 86.49
8 8 0.64
18 18 3.24
28 28 7.84
27 27 7.29
68 68 46.24
81 81 65.61
90 90 81.0
16 16 2.56
37 37 13.69
72 72 51.84
38 38 14.44
54 54 29.16
24 24 5.76
21 21 4.41
76 76 57.76
29 29 8.41
63 63 39.69
83 83 68.89
78 78 60.84
85 85 72.25
38 38 14.44
53 53 28.09
69 69 47.61
10 10 1.0
45 45 20.25
3 3 0.09
60 60 36.0
75 75 56.25
76 76 57.76
98 98 96.04
34 34 11.56
20 20 4.0
8 8 0.64
55 55 30.25
87 87 75.69
37 37 13.69
20 20 4.0
15 15 2.25
60 60 36.0
21 21 4.41
40 40 16.0
3 3 0.09
64 64 40.96
61 61 37.21
77 77 59.29
16 16 2.56
60 60 36.0
80 80 64.0
48 48 23.04
43 43 18.49
42 42 17.64
59 59 34.81
79 79 62.41
85 85 72.25
34 34 11.56
50 50 25.0
33 33 10.89
89 89 79.21
1 1 0.01
45 45 20.25
62 62 38.44
87 87 75.69
20 20 4.0
88 88 77.44
76 76 57.76
43 43 18.49
2 2 0.04
29 29 8.41
70 70 49.0
58 58 33.64
73 73 53.29
29 29 8.41
3 3 0.09
57 57 32.49
43 43 18.49
70 70 49.0
69 69 47.61
43 43 18.49
66 66 43.56
61 61 37.21
1 1 0.01
44 44 19.36
54 54 29.16
76 76 57.76
42 42 17.64
13 13 1.69
94 94 88.36
4 4 0.16
72 72 51.84
78 78 60.84
87 87 75.69
92 92 84.64
72 72 51.84
85 85 72.25
87 87 75.69
9 9 0.81
46 46 21.16
74 74 54.76
28 28 7.84
69 69 47.61
35 35 12.25
61 61 37.21
88 88 77.44
40 40 16.0
2 2 0.04
38 38 14.44
3 3 0.09
3 3 0.09
86 86 73.96
83 83 68.89
95 95 90.25
17 17 2.89
68 68 46.24
33 33 10.89
59 59 34.81
79 79 62.41
3 3 0.09
32 32 10.24
54 54 29.16
11 11 1.21
81 81 65.61
47 47 22.09
90 90 81.0
20 20 4.0
31 31 9.61
71 71 50.41
16 16 2.56
23 23 5.29
71 71 50.41
49 49 24.01
16 16 2.56
49 49 24.01
10 10 1.0
64 64 40.96
9 9 0.81
28 28 7.84
35 35 12.25
58 58 33.64
30 30 9.0
50 50 25.0
45 45 20.25
60 60 36.0
71 71 50.41
88 88 77.44
42 42 17.64
30 30 9.0
80 80 64.0
59 59 34.81
11 11 1.21
91 91 82.81
91 91 82.81
93 93 86.49
40 40 16.0
1 1 0.01
80 80 64.0
80 80 64.0
84 84 70.56
59 59 34.81
48 48 23.04
93 93 86.49
30 30 9.0
76 76 57.76
61 61 37.21
74 74 54.76
74 74 54.76
42 42 17.64
24 24 5.76
2 2 0.04
50 50 25.0
23 23 5.29
17 17 2.89
17 17 2.89
32 32 10.24
24 24 5.76
49 49 24.01
13 13 1.69
92 92 84.64
11 11 1.21
39 39 15.21
17 17 2.89
88 88 77.44
64 64 40.96
96 96 92.16
61 61 37.21
92 92 84.64
85 85 72.25
42 42 17.64
48 48 23.04
74 74 54.76
76 76 57.76
92 92 84.64
60 60 36.0
84 84 70.56
48 48 23.04
84 84 70.56
89 89 79.21
39 39 15.21
40 40 16.0
28 28 7.84
18 18 3.24
38 38 14.44
8 8 0.64
48 48 23.04
62 62 38.44
82 82 67.24
28 28 7.84
53 53 28.09
84 84 70.56
38 38 14.44
42 42 17.64
80 80 64.0
30 30 9.0
9 9 0.81
59 59 34.81
28 28 7.84
85 85 72.25
53 53 28.09
33 33 10.89
85 85 72.25
78 78 60.84
2 2 0.04
39 39 15.21
53 53 28.09
49 49 24.01
57 57 32.49
100 100 100.0
30 30 9.0
91 91 82.81
66 66 43.56
55 55 30.25
5 5 0.25
53 53 28.09
62 62 38.44
16 16 2.56
18 18 3.24
20 20 4.0
