400 9888 4.3589
98 98 96.04
44 44 19.36
53 53 28.09
13 13 1.69
81 81 65.61
21 21 4.41
64 64 40.96
66 66 43.56
44 44 19.36
83 83 68.89
12 12 1.44
21 21 4.41
20 20 4.0
2 2 0.04
85 85 72.25
14 14 1.96
4 4 0.16
14 14 1.96
12 12 1.44
62 62 38.44
66 66 43.56
86 86 73.96
19 19 3.61
76 76 57.76
5 5 0.25
18 18 3.24
79 79 62.41
2 2 0.04
2 2 0.04
77 77 59.29
93 93 86.49
81 81 65.61
48 48 23.04
36 36 12.96
34 34 11.56
10 10 1.0
1 1 0.01
22 22 4.84
98 98 96.04
25 25 6.25
67 67 44.89
51 51 26.01
35 35 12.25
38 38 14.44
20 20 4.0
69 69 47.61
49 49 24.01
62 62 38.44
81 81 65.61
92 92 84.64
91 91 82.81
8 8 0.64
87 87 75.69
14 14 1.96
17 17 2.89
24 24 5.76
12 12 1.44
10 10 1.0
19 19 3.61
84 84 70.56
32 32 10.24
59 59 34.81
88 88 77.44
47 47 22.09
90 90 81.0
2 2 0.04
84 84 70.56
96 96 92.16
47 47 22.09
60 60 36.0
22 22 4.84
55 55 30.25
42 42 17.64
68 68 46.24
69 69 47.61
6 6 0.36
86 86 73.96
25 25 6.25
85 85 72.25
27 27 7.29
55 55 30.25
37 37 13.69
14 14 1.96
77 77 59.29
97 97 94.09
78 78 60.84
70 70 49.0
42 42 17.64
63 63 39.69
81 81 65.61
96 96 92.16
72 72 51.84
89 89 79.21
34 34 11.56
89 89 79.21
84 84 70.56
62 62 38.44
17 17 2.89
62 62 38.44
63 63 39.69
77 77 59.29
13 13 1.69
61 61 37.21
18 18 3.24
84 84 70.56
1 1 0.01
100 100 100.0
27 27 7.29
26 26 6.76
26 26 6.76
51 51 26.01
44 44 19.36
1 1 0.01
28 28 7.84
55 55 30.25
24 24 5.76
78 78 60.84
4 4 0.16
29 29 8.41
25 25 6.25
85 85 72.25
3 3 0.09
41 41 16.81
65 65 42.25
27 27 7.29
76 76 57.76
65 65 42.25
59 59 34.81
56 56 31.36
19 19 3.61
9 9 0.81
79 79 62.41
42 42 17.64
97 97 94.09
9 9 0.81
95 95 90.25
45 45 20.25
65 65 42.25
99 99 98.01
75 75 56.25
33 33 10.89
46 46 21.16
70 70 49.0
15 15 2.25
36 36 12.96
14 14 1.96
98 98 96.04
62 62 38.44
62 62 38.44
53 53 28.09
93 93 86.49
82 82 67.24
73 73 53.29
27 27 7.29
11 11 1.21
52 52 27.04
37 37 13.69
8 8 0.64
38 38 14.44
40 40 16.0
58 58 33.64
81 81 65.61
27 27 7.29
25 25 6.25
91 91 82.81
86 86 73.96
93 93 86.49
81 81 65.61
92 92 84.64
20 20 4.0
64 64 40.96
53 53 28.09
30 30 9.0
39 39 15.21
39 39 15.21
31 31 9.61
40 40 16.0
20 20 4.0
86 86 73.96
96 96 92.16
39 39 15.21
94 94 88.36
66 66 43.56
9 9 0.81
59 59 34.81
11 11 1.21
66 66 43.56
46 46 21.16
93 93 86.49
3 3 0.09
75 75 56.25
62 62 38.44
85 85 72.25
94 94 88.36
91 91 82.81
72 72 51.84
38 38 14.44
80 80 64.0
97 97 94.09
2 2 0.04
50 50 25.0
75 75 56.25
63 63 39.69
34 34 11.56
61 61 37.21
51 51 26.01
75 75 56.25
57 57 32.49
76 76 57.76
19 19 3.61
2 2 0.04
82 82 67.24
62 62 38.44
70 70 49.0
20 20 4.0
28 28 7.84
6 6 0.36
95 95 90.25
11 11 1.21
15 15 2.25
18 18 3.24
24 24 5.76
10 10 1.0
59 59 34.81
59 59 34.81
15 15 2.25
50 50 25.0
94 94 88.36
73 73 53.29
71 71 50.41
89 89 79.21
94 94 88.36
72 72 51.84
26 26 6.76
1 1 0.01
18 18 3.24
2 2 0.04
4 4 0.16
57 57 32.49
83 83 68.89
44 44 19.36
75 75 56.25
15 15 2.25
44 44 19.36
72 72 51.84
51 51 26.01
35 35 12.25
49 49 24.01
40 40 16.0
47 47 22.09
12 12 1.44
65 65 42.25
62 62 38.44
2 2 0.04
39 39 15.21
51 51 26.01
16 16 2.56
37 37 13.69
94 94 88.36
37 37 13.69
60 60 36.0
66 66 43.56
26 26 6.76
15 15 2.25
71 71 50.41
13 13 1.69
2 2 0.04
84 84 70.56
80 80 64.0
52 52 27.04
30 30 9.0
42 42 17.64
93 93 86.49
31 31 9.61
46 46 21.16
78 78 60.84
58 58 33.64
18 18 3.24
12 12 1.44
94 94 88.36
62 62 38.44
22 22 4.84
16 16 2.56
25 25 6.25
75 75 56.25
85 85 72.25
73 73 53.29
98 98 96.04
72 72 51.84
45 45 20.25
49 49 24.01
56 56 31.36
27 27 7.29
3 3 0.09
45 45 20.25
81 81 65.61
86 86 73.96
91 91 82.81
81 81 65.61
70 70 49.0
74 74 54.76
42 42 17.64
65 65 42.25
68 68 46.24
60 60 36.0
52 52 27.04
96 96 92.16
13 13 1.69
100 100 100.0
100 100 100.0
40 40 16.0
68 68 46.24
8 8 0.64
25 25 6.25
46 46 21.16
41 41 16.81
25 25 6.25
12 12 1.44
62 62 38.44
71 71 50.41
36 36 12.96
83 83 68.89
83 83 68.89
94 94 88.36
82 82 67.24
17 17 2.89
94 94 88.36
32 32 10.24
82 82 67.24
40 40 16.0
2 2 0.04
58 58 33.64
99 99 98.01
20 20 4.0
24 24 5.76
20 20 4.0
84 84 70.56
23 23 5.29
74 74 54.76
89 89 79.21
9 9 0.81
12 12 1.44
58 58 33.64
4 4 0.16
41 41 16.81
23 23 5.29
15 15 2.25
38 38 14.44
68 68 46.24
58 58 33.64
42 42 17.64
84 84 70.56
20 20 4.0
13 13 1.69
34 34 11.56
84 84 70.56
29 29 8.41
56 56 31.36
48 48 23.04
10 10 1.0
64 64 40.96
38 38 14.44
27 27 7.29
86 86 73.96
46 46 21.16
13 13 1.69
82 82 67.24
95 95 90.25
66 66 43.56
50 50 25.0
32 32 10.24
23 23 5.29
22 22 4.84
3 3 0.09
84 84 70.56
82 82 67.24
4 4 0.16
57 57 32.49
12 12 1.44
37 37 13.69
50 50 25.0
70 70 49.0
95 95 90.25
53 53 28.09
19 19 3.61
10 10 1.0
13 13 1.69
54 54 29.16
87 87 75.69
25 25 6.25
22 22 4.84
54 54 29.16
23 23 5.29
69 69 47.61
16 16 2.56
18 18 3.24
50 50 25.0
29 29 8.41
61 61 37.21
34 34 11.56
