400 9966 9.9499
96 86 47.4859
46 36 4.6514
99 89 49.7928
53 43 8.9886
65 55 19.5797
33 23 4.1853
99 89 78.8953
81 71 19.0384
32 22 1.4935
16 6 0.3416
80 70 24.5966
37 27 5.0531
22 12 0.6304
97 87 19.3415
108 98 34.2073
92 82 33.7282
26 16 1.6233
42 32 2.617
19 9 0.4171
19 9 0.4893
105 95 64.714
20 10 0.3129
48 38 5.1044
80 70 40.6394
32 22 2.09
64 54 12.7256
34 24 3.3727
84 74 19.4958
84 74 15.8866
89 79 19.6586
63 53 24.3118
69 59 24.8532
79 69 45.0456
52 42 10.4736
34 24 2.6755
24 14 1.2783
60 50 19.4702
65 55 7.5768
101 91 52.0346
93 83 58.4414
104 94 27.356
47 37 4.5292
65 55 28.9154
46 36 5.2803
109 99 90.5466
46 36 3.8947
90 80 27.377
105 95 75.2869
103 93 58.6143
53 43 5.8671
86 76 36.6957
83 73 40.5884
101 91 32.8948
47 37 8.3689
98 88 48.0152
26 16 1.5131
77 67 13.2474
18 8 0.2037
36 26 2.2765
48 38 10.484
99 89 38.6237
57 47 9.6665
46 36 10.9144
43 33 7.0969
12 2 0.0105
77 67 25.9753
55 45 8.4065
63 53 8.513
61 51 13.4711
63 53 15.441
73 63 34.0356
22 12 0.9988
100 90 77.396
37 27 4.6643
74 64 25.1743
49 39 13.9734
22 12 0.3803
21 11 0.7176
44 34 3.8091
73 63 30.5035
79 69 31.5608
101 91 77.1358
21 11 0.8035
67 57 9.8728
90 80 21.1278
37 27 5.5592
69 59 30.7304
87 77 34.7876
21 11 0.7344
106 96 36.1502
19 9 0.5729
32 22 2.0164
55 45 18.0914
103 93 45.2942
92 82 27.9175
56 46 17.6778
61 51 18.2525
29 19 2.8893
102 92 22.629
58 48 5.8182
109 99 28.1091
75 65 41.9593
88 78 25.5459
42 32 9.7057
70 60 21.5333
40 30 7.1471
83 73 49.4265
12 2 0.0273
66 56 11.4521
71 61 14.1406
19 9 0.6167
24 14 0.5402
45 35 3.1057
101 91 53.7186
30 20 1.2235
62 52 16.0208
90 80 37.8766
86 76 53.7861
20 10 0.3589
30 20 2.6595
38 28 4.4589
49 39 6.1653
110 100 45.2256
15 5 0.1907
35 25 2.6481
11 1 0.0028
102 92 62.0345
64 54 18.7697
15 5 0.154
13 3 0.0413
35 25 2.8127
13 3 0.023
77 67 35.4596
13 3 0.0332
24 14 0.4938
20 10 0.4583
65 55 22.9039
110 100 32.167
56 46 12.2444
85 75 53.5502
19 9 0.3033
66 56 23.063
62 52 15.4174
31 21 1.833
24 14 0.5619
21 11 0.5426
40 30 6.1276
68 58 11.9848
110 100 49.7279
18 8 0.2337
24 14 0.7358
32 22 3.2837
35 25 1.8783
30 20 1.2996
51 41 13.7011
91 81 20.5127
80 70 30.4682
26 16 1.8638
36 26 2.4461
101 91 43.4479
58 48 19.6479
64 54 27.1524
48 38 4.0485
15 5 0.1892
95 85 38.0923
34 24 1.4906
18 8 0.525
30 20 2.3624
59 49 22.1521
107 97 66.9582
109 99 29.4958
67 57 8.3556
70 60 20.9325
85 75 19.0401
84 74 41.7755
91 81 58.8964
72 62 17.9352
20 10 0.7324
19 9 0.5546
79 69 18.5132
88 78 54.1063
76 66 29.5381
21 11 0.9057
94 84 25.9519
34 24 2.0979
45 35 9.8057
41 31 7.6624
62 52 18.3947
107 97 34.233
87 77 19.4657
25 15 1.9085
99 89 53.8991
61 51 24.6532
91 81 43.6234
51 41 11.4989
50 40 13.0465
94 84 35.5216
106 96 57.1052
94 84 53.3499
109 99 30.6573
17 7 0.1741
27 17 1.6088
70 60 21.908
13 3 0.0255
76 66 37.0832
88 78 58.8136
49 39 12.1167
62 52 11.2366
88 78 25.5975
66 56 24.3819
28 18 1.2109
57 47 6.7491
64 54 11.9253
47 37 12.3047
54 44 13.1849
29 19 2.3722
90 80 58.2917
77 67 28.0254
23 13 0.4562
78 68 15.419
23 13 0.5678
67 57 13.9898
49 39 3.9792
27 17 2.0429
71 61 13.6294
105 95 36.611
11 1 0.0085
77 67 35.127
71 61 19.3943
18 8 0.203
53 43 5.267
45 35 11.0257
16 6 0.2027
62 52 12.7356
66 56 19.7065
97 87 44.8565
66 56 30.3711
90 80 57.8786
82 72 40.2324
107 97 30.0808
96 86 55.7038
92 82 49.7984
55 45 8.9934
49 39 14.1233
33 23 2.1574
52 42 10.0882
30 20 2.1462
54 44 7.8154
65 55 16.0793
100 90 22.1511
92 82 35.6158
51 41 14.794
18 8 0.3555
72 62 19.9773
76 66 38.0492
78 68 36.9786
74 64 35.8142
73 63 28.7403
33 23 4.1164
97 87 33.1753
25 15 1.0443
84 74 50.1491
26 16 1.6394
21 11 0.3467
50 40 6.3893
90 80 19.4287
42 32 4.4129
36 26 5.4686
82 72 25.2607
14 4 0.1318
72 62 26.9153
50 40 4.016
90 80 16.6179
100 90 60.0579
18 8 0.3886
16 6 0.1083
86 76 47.3041
56 46 5.9761
93 83 26.2667
95 85 61.4687
103 93 52.4538
104 94 70.0636
28 18 2.4292
107 97 79.3293
95 85 53.3119
74 64 22.5568
87 77 15.7379
16 6 0.2059
96 86 62.9357
18 8 0.2134
92 82 39.6724
39 29 4.1116
24 14 1.6132
49 39 7.5944
21 11 0.6677
20 10 0.9862
105 95 24.5808
33 23 3.0019
71 61 13.6678
32 22 1.4052
28 18 1.5778
17 7 0.1545
50 40 10.6739
88 78 17.6467
14 4 0.119
84 74 18.3707
28 18 1.8333
97 87 71.9698
36 26 3.7861
51 41 11.6336
85 75 37.5169
107 97 90.2899
14 4 0.1579
104 94 43.3161
79 69 14.3899
12 2 0.0232
12 2 0.0114
66 56 15.0808
26 16 1.8398
14 4 0.0873
92 82 45.2028
84 74 39.724
94 84 51.4778
67 57 19.6852
66 56 21.894
36 26 4.3798
63 53 14.3444
77 67 12.0
84 74 21.1269
15 5 0.0876
93 83 18.3707
42 32 5.3084
39 29 7.1364
79 69 43.531
103 93 71.9867
59 49 6.4039
110 100 73.0324
31 21 1.2241
55 45 6.7876
56 46 14.3134
42 32 5.5805
92 82 17.0743
88 78 35.4787
103 93 63.5958
36 26 2.3107
86 76 52.0072
86 76 31.742
26 16 0.9524
44 34 3.54
82 72 21.9286
42 32 6.7938
55 45 18.8773
107 97 60.8665
74 64 22.8169
63 53 9.2404
13 3 0.0358
51 41 16.6595
71 61 17.9445
97 87 25.2426
22 12 1.418
15 5 0.0809
97 87 28.426
53 43 18.256
52 42 7.0729
60 50 12.7999
67 57 10.921
11 1 0.0041
106 96 85.9255
98 88 28.8777
103 93 60.4009
28 18 1.7985
64 54 11.9848
69 59 25.6755
23 13 0.9195
70 60 22.813
29 19 1.7793
55 45 19.2449
98 88 21.9539
93 83 39.9664
81 71 34.8997
56 46 19.6825
58 48 17.7721
25 15 1.7604
37 27 2.2088
43 33 3.1955
48 38 9.4255
35 25 5.6425
68 58 29.1805
12 2 0.0351
56 46 7.8277
87 77 26.6814
71 61 20.2095
44 34 9.9244
76 66 30.4384
47 37 12.3791
17 7 0.2442
102 92 26.5771
84 74 41.0984
59 49 19.4023
99 89 46.7227
