100 2636 9.9499
73 73 53.29
64 64 40.96
27 27 7.29
14 14 1.96
54 54 29.16
12 12 1.44
67 67 44.89
93 93 86.49
44 44 19.36
47 47 22.09
47 47 22.09
88 88 77.44
26 26 6.76
89 89 79.21
9 9 0.81
53 53 28.09
13 13 1.69
51 51 26.01
87 87 75.69
35 35 12.25
100 100 100.0
47 47 22.09
37 37 13.69
73 73 53.29
41 41 16.81
62 62 38.44
48 48 23.04
97 97 94.09
74 74 54.76
83 83 68.89
93 93 86.49
83 83 68.89
27 27 7.29
26 26 6.76
80 80 64.0
40 40 16.0
71 71 50.41
93 93 86.49
19 19 3.61
55 55 30.25
82 82 67.24
2 2 0.04
21 21 4.41
80 80 64.0
75 75 56.25
64 64 40.96
28 28 7.84
79 79 62.41
67 67 44.89
90 90 81.0
54 54 29.16
35 35 12.25
76 76 57.76
45 45 20.25
81 81 65.61
49 49 24.01
21 21 4.41
48 48 23.04
29 29 8.41
71 71 50.41
23 23 5.29
58 58 33.64
60 60 36.0
1 1 0.01
2 2 0.04
23 23 5.29
95 95 90.25
12 12 1.44
73 73 53.29
35 35 12.25
35 35 12.25
100 100 100.0
74 74 54.76
3 3 0.09
17 17 2.89
71 71 50.41
74 74 54.76
69 69 47.61
8 8 0.64
23 23 5.29
23 23 5.29
69 69 47.61
48 48 23.04
28 28 7.84
97 97 94.09
41 41 16.81
78 78 60.84
26 26 6.76
85 85 72.25
79 79 62.41
6 6 0.36
2 2 0.04
20 20 4.0
43 43 18.49
56 56 31.36
82 82 67.24
45 45 20.25
93 93 86.49
65 65 42.25
91 91 82.81
