100 2522 4.3589
61 61 37.21
40 40 16.0
59 59 34.81
21 21 4.41
69 69 47.61
57 57 32.49
20 20 4.0
14 14 1.96
79 79 62.41
29 29 8.41
44 44 19.36
52 52 27.04
40 40 16.0
85 85 72.25
3 3 0.09
24 24 5.76
31 31 9.61
88 88 77.44
92 92 84.64
78 78 60.84
93 93 86.49
77 77 59.29
100 100 100.0
34 34 11.56
57 57 32.49
99 99 98.01
88 88 77.44
52 52 27.04
29 29 8.41
86 86 73.96
73 73 53.29
78 78 60.84
12 12 1.44
44 44 19.36
5 5 0.25
67 67 44.89
60 60 36.0
37 37 13.69
76 76 57.76
86 86 73.96
39 39 15.21
42 42 17.64
90 90 81.0
81 81 65.61
52 52 27.04
6 6 0.36
58 58 33.64
34 34 11.56
56 56 31.36
2 2 0.04
9 9 0.81
71 71 50.41
60 60 36.0
45 45 20.25
15 15 2.25
11 11 1.21
26 26 6.76
36 36 12.96
15 15 2.25
94 94 88.36
29 29 8.41
76 76 57.76
95 95 90.25
56 56 31.36
23 23 5.29
76 76 57.76
22 22 4.84
36 36 12.96
24 24 5.76
30 30 9.0
6 6 0.36
80 80 64.0
72 72 51.84
34 34 11.56
94 94 88.36
37 37 13.69
54 54 29.16
20 20 4.0
35 35 12.25
3 3 0.09
29 29 8.41
37 37 13.69
87 87 75.69
6 6 0.36
87 87 75.69
45 45 20.25
100 100 100.0
64 64 40.96
43 43 18.49
16 16 2.56
41 41 16.81
78 78 60.84
98 98 96.04
31 31 9.61
82 82 67.24
31 31 9.61
50 50 25.0
52 52 27.04
30 30 9.0
55 55 30.25
