900 22663 4.3589
21 11 9.1512
18 8 6.0874
94 84 18.2028
34 24 43.1551
85 75 35.4831
11 1 0.1007
15 5 1.6691
106 96 1.7088
103 93 0.203
102 92 6.0363
53 43 53.5174
16 6 2.4477
110 100 0.0
90 80 33.252
94 84 26.9205
107 97 0.4924
31 21 7.8921
94 84 0.4846
95 85 13.1284
27 17 2.4456
91 81 24.7809
66 56 49.8957
100 90 11.0779
52 42 47.4514
73 63 98.6774
66 56 143.3617
39 29 46.6881
110 100 0.0
63 53 118.0596
65 55 62.3578
92 82 11.5887
12 2 0.1273
16 6 1.9723
55 45 47.8277
35 25 25.1177
93 83 23.2908
89 79 36.7808
32 22 43.147
40 30 44.7931
57 47 30.056
22 12 3.8623
92 82 28.5967
76 66 75.3348
71 61 108.0899
93 83 11.9414
94 84 14.432
45 35 16.3982
55 45 149.6768
44 34 108.7288
58 48 85.7837
16 6 0.1326
45 35 12.7378
96 86 4.4594
83 73 55.7618
34 24 45.1528
77 67 2.1196
63 53 56.2402
51 41 21.4838
32 22 37.8463
110 100 0.0
92 82 11.9892
97 87 3.6704
100 90 8.5339
88 78 17.3462
29 19 30.6803
80 70 60.0224
26 16 18.242
34 24 60.6327
46 36 36.1872
101 91 7.6767
43 33 102.0649
59 49 206.4474
75 65 74.0426
31 21 20.5615
47 37 71.6971
56 46 120.8425
57 47 63.0715
53 43 108.6124
94 84 6.0373
107 97 0.7476
24 14 5.3473
69 59 131.7718
78 68 72.8996
28 18 14.1035
73 63 33.7398
23 13 5.1363
21 11 1.3114
35 25 57.9575
52 42 99.3793
77 67 65.9965
26 16 19.864
29 19 7.3781
72 62 41.479
12 2 0.4075
109 99 0.0937
75 65 122.4895
74 64 21.9836
83 73 33.8638
33 23 39.0829
31 21 33.2846
38 28 48.7266
20 10 5.0122
67 57 29.7962
70 60 117.2472
48 38 11.1704
51 41 145.3163
28 18 12.2331
34 24 8.5526
19 9 2.0516
61 51 27.0657
13 3 0.4651
91 81 16.6148
78 68 6.4991
16 6 0.8426
86 76 10.4758
78 68 85.3629
107 97 0.5997
86 76 42.6607
72 62 156.4813
75 65 70.3631
56 46 56.8702
53 43 141.7782
69 59 107.3496
25 15 5.5101
95 85 2.1523
51 41 96.7717
58 48 143.3416
75 65 60.3491
14 4 0.9584
17 7 5.3908
99 89 8.942
17 7 3.3338
31 21 7.3837
80 70 47.4344
13 3 0.0549
31 21 27.8677
77 67 38.4038
17 7 1.2332
11 1 0.0091
102 92 3.6173
32 22 53.3629
99 89 7.436
19 9 7.633
88 78 3.619
27 17 24.2355
108 98 0.4063
32 22 28.2568
69 59 186.2195
56 46 197.8175
16 6 3.0084
95 85 23.5919
63 53 126.6306
53 43 188.0377
77 67 25.1386
21 11 2.2959
49 39 93.9166
92 82 3.5612
95 85 22.8463
30 20 31.7381
48 38 12.2186
84 74 67.2706
110 100 0.0
50 40 70.9331
75 65 56.4549
29 19 20.5068
59 49 152.0585
89 79 25.9917
60 50 30.6608
92 82 9.8715
45 35 42.6911
102 92 0.2462
84 74 65.3401
41 31 97.7591
81 71 71.4169
48 38 29.2016
23 13 0.485
66 56 5.861
69 59 70.1525
18 8 1.9143
54 44 82.0032
60 50 66.4598
107 97 0.5763
64 54 49.9801
50 40 105.5842
82 72 14.7116
19 9 8.6021
60 50 178.8863
98 88 2.8598
25 15 6.0598
29 19 11.9963
35 25 15.2257
43 33 111.0254
72 62 25.8154
102 92 0.4154
108 98 0.4094
91 81 22.3149
57 47 233.2126
54 44 83.7603
56 46 137.9848
107 97 0.1318
93 83 31.046
82 72 67.4751
79 69 0.4239
38 28 56.6317
21 11 8.6645
47 37 139.4133
110 100 0.0
105 95 2.4996
100 90 4.9563
77 67 16.3699
110 100 0.0
22 12 6.1831
108 98 0.0271
33 23 0.6485
94 84 7.3609
108 98 0.336
50 40 17.3675
81 71 74.91
87 77 46.6326
102 92 1.5181
61 51 47.4068
55 45 39.7636
106 96 0.2285
76 66 123.6708
97 87 16.7781
55 45 198.7675
56 46 113.7969
73 63 107.5302
58 48 146.3732
59 49 166.4399
46 36 26.6562
96 86 18.5814
21 11 5.9675
69 59 2.3213
38 28 44.0349
66 56 19.3324
57 47 205.905
45 35 40.7748
103 93 4.0174
38 28 61.1592
42 32 72.9339
13 3 0.9177
70 60 73.8744
65 55 29.3475
31 21 43.0719
15 5 1.3261
84 74 1.9534
62 52 141.7366
102 92 6.5475
44 34 35.8677
52 42 134.3737
66 56 130.7162
78 68 92.9847
46 36 104.9102
90 80 19.8884
87 77 24.8324
99 89 7.2264
70 60 154.6579
57 47 221.2669
70 60 149.0789
105 95 1.1246
93 83 18.151
28 18 29.9835
20 10 8.0995
108 98 0.356
70 60 121.0161
90 80 5.1888
53 43 67.6236
40 30 29.8951
47 37 81.982
19 9 8.1758
110 100 0.0
42 32 79.7032
30 20 15.9957
102 92 2.7359
99 89 12.9718
60 50 133.7665
48 38 94.4189
36 26 5.093
15 5 0.1579
39 29 56.4469
39 29 19.4204
110 100 0.0
43 33 34.5292
70 60 109.7207
106 96 1.5581
56 46 133.5379
57 47 41.4383
18 8 3.7057
83 73 31.1142
51 41 0.8673
31 21 34.4759
72 62 96.3014
11 1 0.0801
72 62 32.9974
97 87 15.1947
50 40 16.6874
89 79 39.6731
60 50 33.2311
32 22 35.4215
11 1 0.0975
91 81 6.2117
37 27 2.3577
18 8 1.8256
42 32 92.9784
17 7 1.9555
56 46 220.471
36 26 15.9701
15 5 2.5343
37 27 16.8793
89 79 39.138
14 4 0.4927
46 36 105.5394
77 67 94.8756
69 59 87.1705
96 86 14.8716
50 40 41.7805
25 15 10.771
95 85 2.2956
23 13 12.1625
67 57 179.368
82 72 21.8197
84 74 68.0769
42 32 28.6231
64 54 177.0641
82 72 82.1548
60 50 158.5381
47 37 25.2817
33 23 24.2102
31 21 48.6503
15 5 0.0581
79 69 44.8251
39 29 69.2277
68 58 55.0137
11 1 0.0398
75 65 111.1166
98 88 15.8653
107 97 0.5087
57 47 203.4499
72 62 13.4827
24 14 6.1923
82 72 65.1943
81 71 4.1807
79 69 61.1921
45 35 9.9726
50 40 52.0613
101 91 7.2105
108 98 0.2605
81 71 68.515
23 13 13.1317
44 34 87.5512
91 81 2.4941
39 29 83.1034
27 17 24.7257
96 86 3.8818
58 48 127.5233
36 26 44.5832
93 83 28.6519
77 67 8.1493
106 96 0.3454
17 7 1.9074
37 27 72.8052
38 28 81.7604
57 47 72.1905
108 98 0.1139
93 83 5.7888
104 94 3.1972
48 38 98.5097
82 72 31.1126
12 2 0.1904
16 6 3.6349
29 19 17.7512
108 98 0.4317
37 27 11.1569
76 66 52.4148
96 86 19.8066
59 49 16.0362
106 96 0.0476
97 87 11.098
30 20 15.1514
72 62 21.1693
93 83 25.5228
76 66 49.8668
106 96 1.2329
45 35 130.0845
73 63 79.443
106 96 1.032
83 73 41.2319
18 8 4.8288
61 51 165.1495
56 46 186.991
81 71 76.6092
57 47 232.1464
54 44 94.7845
52 42 17.432
24 14 14.7756
107 97 0.1996
20 10 1.1145
57 47 169.7311
95 85 2.2332
93 83 25.0693
80 70 86.8092
68 58 27.5404
84 74 48.7064
65 55 159.6781
51 41 38.425
52 42 67.8631
33 23 3.9764
75 65 52.1722
47 37 51.2319
74 64 120.8345
81 71 50.5515
20 10 4.8012
75 65 28.6057
83 73 46.0842
88 78 49.0238
70 60 63.2347
39 29 59.3641
59 49 45.0118
108 98 0.0702
85 75 47.4983
24 14 4.0869
24 14 14.675
44 34 77.2362
92 82 10.1555
14 4 0.4711
12 2 0.2821
90 80 40.5438
42 32 13.1073
57 47 11.7642
53 43 134.9278
13 3 0.3755
71 61 141.7301
42 32 82.1195
76 66 73.5227
42 32 25.5144
57 47 60.107
89 79 32.7294
33 23 7.4947
73 63 52.2257
90 80 21.8776
73 63 90.5424
77 67 101.723
72 62 118.7404
79 69 65.4777
57 47 83.9851
95 85 3.0788
89 79 29.4335
107 97 0.1191
50 40 140.1008
13 3 0.9079
15 5 1.1905
77 67 119.2918
47 37 113.0871
62 52 152.1898
42 32 87.8531
77 67 36.4595
60 50 200.3941
47 37 13.0233
49 39 63.1109
48 38 66.9255
88 78 53.6996
109 99 0.1062
49 39 4.4543
104 94 1.182
26 16 10.6537
44 34 0.4404
40 30 13.1349
12 2 0.1844
80 70 58.6701
83 73 32.8378
75 65 72.3735
13 3 0.6315
24 14 9.4185
19 9 3.4423
109 99 0.0782
110 100 0.0
51 41 59.88
101 91 4.9447
92 82 21.5952
43 33 79.1148
85 75 42.9018
58 48 232.9256
97 87 6.2856
109 99 0.0929
86 76 48.5866
69 59 175.6543
50 40 92.0877
50 40 40.608
83 73 68.1999
64 54 229.6667
14 4 0.3039
15 5 0.6361
81 71 52.1507
99 89 5.0027
45 35 5.0448
85 75 39.6807
44 34 45.0029
59 49 106.0134
89 79 3.9432
81 71 63.7536
87 77 13.9651
77 67 114.8682
42 32 83.8588
95 85 17.0979
109 99 0.0655
109 99 0.0385
102 92 1.1376
91 81 30.2237
67 57 101.3253
49 39 14.5079
30 20 11.7844
67 57 177.2299
85 75 37.2441
94 84 12.7773
52 42 176.7169
15 5 1.8815
46 36 86.1174
27 17 5.1561
96 86 1.7727
79 69 23.1167
79 69 105.1493
102 92 3.8406
46 36 84.7929
84 74 61.0716
18 8 4.854
46 36 137.8655
24 14 6.4864
49 39 80.5311
56 46 206.7779
72 62 26.3482
96 86 10.3605
27 17 22.7479
72 62 59.4349
32 22 30.9948
82 72 72.9401
38 28 53.9194
28 18 21.4655
22 12 15.6472
99 89 4.8628
26 16 20.4896
110 100 0.0
62 52 8.9941
85 75 47.9329
77 67 48.834
104 94 3.5013
58 48 41.1535
103 93 3.1131
89 79 35.6388
12 2 0.0753
26 16 4.9827
79 69 76.5836
19 9 0.0703
86 76 29.8366
34 24 61.3441
102 92 6.4943
29 19 18.343
31 21 27.3369
17 7 3.486
42 32 88.5687
11 1 0.0442
87 77 30.5025
27 17 18.0765
86 76 42.0155
85 75 2.1744
16 6 3.4745
49 39 102.0891
15 5 2.1887
79 69 101.7923
72 62 117.9445
63 53 34.1801
60 50 239.4444
95 85 9.3171
28 18 30.149
20 10 4.5106
26 16 24.0629
15 5 1.5941
51 41 87.5347
42 32 1.24
21 11 9.1378
57 47 202.9347
19 9 8.1619
94 84 9.6891
67 57 114.7148
103 93 2.0037
15 5 0.6396
102 92 1.3548
17 7 0.5696
30 20 34.4154
101 91 7.4209
44 34 44.1253
66 56 93.0454
91 81 5.6112
65 55 137.4445
21 11 3.6036
78 68 51.933
110 100 0.0
35 25 65.0812
85 75 36.4005
49 39 76.0527
85 75 59.5221
24 14 3.2724
73 63 42.2344
42 32 78.0958
91 81 29.9073
12 2 0.4052
83 73 58.5547
22 12 6.1473
69 59 48.3077
32 22 28.6531
51 41 139.0337
12 2 0.0073
99 89 11.1576
102 92 3.9958
76 66 74.5088
32 22 17.8948
48 38 126.4996
28 18 27.6271
82 72 14.6023
79 69 16.808
32 22 13.185
35 25 19.0495
47 37 52.9291
34 24 10.6734
81 71 54.9751
103 93 0.5092
79 69 28.1716
25 15 0.1183
60 50 47.2529
96 86 16.8503
45 35 2.4987
85 75 37.626
62 52 87.0529
53 43 76.4815
22 12 14.3817
106 96 0.0092
96 86 16.9186
37 27 71.5933
56 46 77.2503
98 88 3.697
88 78 40.5477
58 48 194.5618
24 14 6.7608
19 9 3.0744
28 18 5.9837
106 96 1.2708
95 85 0.2163
69 59 147.4237
70 60 78.0221
89 79 6.685
28 18 31.8919
15 5 0.9607
40 30 61.2409
21 11 0.1082
21 11 0.7162
27 17 17.2166
96 86 8.3085
98 88 6.8681
99 89 2.8374
92 82 12.9033
59 49 90.8777
47 37 62.7742
83 73 66.9081
36 26 11.7358
31 21 41.8209
43 33 45.2939
90 80 9.9487
32 22 41.6351
26 16 0.0256
56 46 94.1174
22 12 14.1299
46 36 24.8028
73 63 31.9065
15 5 1.5387
84 74 54.2193
22 12 14.4609
35 25 35.0873
18 8 4.1472
25 15 0.4644
14 4 0.027
33 23 58.744
60 50 12.3935
53 43 38.6789
44 34 15.8341
45 35 36.7005
108 98 0.4054
102 92 2.4956
101 91 2.2293
48 38 137.2791
68 58 31.0905
37 27 70.9604
88 78 44.4201
29 19 18.8249
84 74 3.983
99 89 4.6041
47 37 41.0102
60 50 142.7388
25 15 2.4836
49 39 66.3009
47 37 82.637
100 90 3.5655
87 77 15.919
45 35 134.8674
25 15 23.5354
30 20 30.3559
104 94 3.5687
78 68 101.0513
84 74 49.2036
103 93 4.6371
14 4 1.0327
29 19 35.9562
70 60 25.0541
87 77 11.3241
26 16 17.5994
83 73 6.3318
106 96 0.7395
55 45 85.7773
62 52 223.2126
54 44 129.899
40 30 57.3943
13 3 0.7813
91 81 23.0754
15 5 0.6294
86 76 0.9713
44 34 11.8516
32 22 32.6076
88 78 41.4701
21 11 5.5354
64 54 187.1105
66 56 140.9009
98 88 9.1043
28 18 22.8813
59 49 16.352
13 3 0.6982
94 84 1.9858
91 81 29.2728
37 27 31.0181
70 60 15.0531
72 62 9.1477
92 82 17.9599
58 48 231.5049
14 4 0.8997
40 30 8.15
13 3 0.2215
54 44 64.6036
109 99 0.0499
75 65 8.5994
48 38 29.7588
47 37 26.6292
17 7 0.5666
79 69 38.3994
39 29 71.9308
75 65 127.088
39 29 36.6592
21 11 1.8269
15 5 0.326
21 11 5.4755
41 31 68.9179
98 88 8.3973
47 37 69.3369
77 67 95.3807
44 34 108.4157
59 49 236.7558
22 12 13.0306
24 14 15.4066
50 40 80.4028
68 58 22.1754
53 43 16.1463
101 91 4.2229
57 47 11.4467
47 37 22.673
82 72 13.8445
74 64 95.0974
50 40 102.3499
65 55 29.9975
83 73 9.8212
60 50 149.174
30 20 3.8395
99 89 5.9124
18 8 0.1313
25 15 17.2005
59 49 15.525
28 18 6.4393
96 86 21.0368
79 69 100.7317
15 5 1.6984
36 26 59.3854
88 78 45.2478
103 93 3.6028
64 54 197.9755
102 92 3.1277
103 93 4.7189
61 51 62.9051
41 31 57.1576
51 41 111.8807
60 50 200.7661
60 50 0.8522
48 38 140.1844
23 13 11.0912
95 85 4.5461
22 12 8.5942
14 4 0.1584
28 18 32.2719
103 93 5.0257
27 17 21.403
48 38 118.8509
31 21 31.5632
107 97 0.2025
106 96 0.5084
104 94 3.2898
25 15 13.1939
101 91 7.3327
66 56 115.2821
32 22 14.5136
60 50 276.8
20 10 0.2954
109 99 0.0977
66 56 83.8675
83 73 61.0005
73 63 135.2803
80 70 92.1184
35 25 57.6735
70 60 146.3875
108 98 0.1069
56 46 200.9547
29 19 25.682
54 44 170.1189
100 90 6.1233
46 36 40.0096
57 47 55.1256
39 29 13.956
68 58 97.2301
79 69 47.4982
38 28 52.0987
101 91 2.866
58 48 188.0556
58 48 95.4318
60 50 150.5601
69 59 46.3511
28 18 18.2804
41 31 100.4898
77 67 30.3229
18 8 1.0543
31 21 18.4189
15 5 1.4445
54 44 0.0217
75 65 70.7855
41 31 28.5303
95 85 5.0325
91 81 9.4821
21 11 8.0812
101 91 5.2022
71 61 50.2937
100 90 5.088
103 93 3.2164
57 47 230.1536
86 76 17.1542
22 12 3.735
15 5 0.1556
57 47 82.9892
77 67 22.5959
16 6 1.1886
50 40 13.1116
54 44 156.5041
43 33 102.5714
72 62 149.9153
43 33 15.4915
107 97 0.4905
109 99 0.0004
14 4 1.5681
26 16 12.9838
65 55 0.5748
91 81 23.9942
90 80 15.5498
69 59 77.7064
64 54 67.2884
98 88 7.7275
81 71 78.5551
72 62 56.1668
66 56 59.9584
80 70 88.5774
47 37 7.338
87 77 5.7456
81 71 54.0045
53 43 183.572
62 52 23.9006
49 39 141.4478
31 21 25.3605
55 45 128.811
41 31 7.5071
50 40 1.4523
28 18 9.1842
29 19 25.6218
80 70 54.44
33 23 41.3928
66 56 180.4722
32 22 29.2785
96 86 20.3902
33 23 6.3502
79 69 66.6654
