100 2266 9.9499
46 36 9.0703
60 50 17.2042
85 75 43.6749
68 58 12.1208
105 95 32.1761
107 97 49.5109
15 5 0.1708
15 5 0.2335
35 25 5.3843
56 46 5.5239
13 3 0.0328
45 35 8.0775
60 50 10.04
60 50 13.8317
59 49 7.997
57 47 13.1189
80 70 39.11
21 11 0.3686
42 32 9.0782
76 66 30.4991
72 62 26.2564
50 40 5.6387
46 36 3.6336
47 37 5.267
91 81 48.8238
49 39 9.4882
27 17 2.4218
59 49 9.7588
81 71 37.8766
36 26 6.6858
27 17 2.8043
67 57 11.7341
88 78 49.8125
37 27 5.6639
39 29 3.1691
14 4 0.0881
67 57 24.4105
104 94 57.4246
74 64 27.8151
56 46 16.1966
41 31 5.682
43 33 10.6126
21 11 0.9894
26 16 1.5346
77 67 44.0644
11 1 0.0097
32 22 2.1836
67 57 14.8433
60 50 11.0144
66 56 26.062
84 74 44.7454
56 46 5.3768
72 62 14.4461
61 51 17.186
100 90 35.0026
24 14 0.8245
68 58 32.6178
14 4 0.047
48 38 6.5895
19 9 0.4899
70 60 34.5626
33 23 1.566
56 46 14.296
70 60 17.9835
67 57 26.2011
39 29 2.8744
108 98 65.2541
61 51 15.4017
88 78 23.3985
103 93 23.7949
53 43 17.1752
98 88 65.5371
83 73 17.4298
101 91 48.4026
34 24 2.4249
35 25 3.4842
65 55 16.8502
49 39 10.2125
82 72 27.5919
100 90 73.5203
23 13 1.143
76 66 17.1918
11 1 0.0087
84 74 46.8335
44 34 3.8793
11 1 0.0061
83 73 52.1761
22 12 0.9878
12 2 0.0301
33 23 5.0891
45 35 7.8484
42 32 3.7076
35 25 2.4627
82 72 27.7065
45 35 3.7431
61 51 15.7863
69 59 28.896
11 1 0.007
87 77 19.3802
36 26 4.2337
