900 22660 4.3589
82 72 80.0485
87 77 9.1946
103 93 3.9411
27 17 9.0877
75 65 46.9674
96 86 21.2558
63 53 223.63
62 52 242.2763
40 30 50.7451
20 10 9.0063
88 78 47.8248
37 27 32.0448
22 12 9.2582
86 76 20.6591
35 25 58.5552
93 83 26.4335
48 38 42.4916
14 4 1.2665
50 40 74.1207
29 19 33.86
11 1 0.0203
70 60 86.2578
87 77 16.3403
109 99 0.0371
58 48 212.0664
15 5 1.4807
56 46 164.7657
77 67 119.2037
29 19 20.5688
104 94 0.3364
62 52 37.1635
65 55 23.3153
77 67 48.9979
73 63 116.9673
83 73 80.238
84 74 22.3265
41 31 41.83
109 99 0.0606
72 62 131.8726
80 70 17.4111
20 10 0.2424
33 23 1.1325
45 35 4.8618
49 39 136.8115
109 99 0.0473
11 1 0.0703
66 56 32.3133
96 86 18.8805
61 51 138.7608
80 70 66.1242
67 57 116.5961
62 52 79.6722
105 95 0.5086
57 47 235.3386
106 96 1.2371
101 91 2.1239
62 52 54.6807
48 38 133.0958
108 98 0.3034
77 67 7.1191
67 57 147.3458
97 87 6.4898
101 91 2.825
19 9 5.1582
32 22 35.9439
22 12 9.2051
65 55 66.5173
90 80 21.293
64 54 11.4707
105 95 1.1402
108 98 0.2332
45 35 7.7877
31 21 10.4024
18 8 1.0919
97 87 3.4069
59 49 185.1971
94 84 13.8951
71 61 49.7487
22 12 7.5144
105 95 1.7342
46 36 86.0665
59 49 236.9857
88 78 33.656
81 71 60.88
65 55 63.9066
45 35 72.4178
63 53 14.3806
18 8 5.6967
51 41 126.2495
91 81 20.488
106 96 1.4045
12 2 0.1853
102 92 3.8349
71 61 91.5677
29 19 37.2072
70 60 139.1323
89 79 15.2571
66 56 25.7291
17 7 4.3706
13 3 0.8167
105 95 1.8798
71 61 48.4954
12 2 0.2961
101 91 1.2298
85 75 27.3052
94 84 12.4982
30 20 12.6387
69 59 84.867
75 65 127.1061
36 26 27.993
30 20 14.5196
82 72 2.977
44 34 94.415
69 59 167.7898
60 50 225.9798
18 8 0.238
67 57 1.9574
23 13 3.716
28 18 23.6934
50 40 60.823
94 84 4.3207
37 27 50.7299
72 62 103.4647
58 48 248.8539
59 49 242.7841
81 71 57.5363
63 53 27.5262
11 1 0.0681
81 71 14.6048
42 32 24.4662
16 6 0.9401
58 48 195.4852
78 68 23.4465
23 13 11.1039
110 100 0.0
60 50 16.1244
86 76 15.8044
21 11 0.7568
49 39 37.472
108 98 0.2591
93 83 28.4553
105 95 1.1845
41 31 18.7198
80 70 92.0903
62 52 57.0083
90 80 28.5616
51 41 25.049
49 39 67.3899
21 11 10.882
58 48 121.3902
15 5 0.7103
72 62 87.388
108 98 0.3163
19 9 3.2778
12 2 0.2533
79 69 100.4683
36 26 54.3561
96 86 11.6925
21 11 8.8137
84 74 50.6845
57 47 50.251
108 98 0.1455
68 58 180.2411
40 30 31.5795
68 58 52.6225
35 25 39.8613
32 22 10.4068
43 33 28.1389
59 49 118.145
23 13 15.5731
97 87 5.5206
58 48 142.1486
34 24 50.2053
77 67 49.9521
108 98 0.4114
73 63 71.9631
103 93 3.6746
24 14 13.701
19 9 1.3176
102 92 5.5168
92 82 0.6113
64 54 38.5426
110 100 0.0
30 20 40.3142
69 59 50.5381
47 37 24.7137
95 85 12.5602
108 98 0.1066
67 57 203.3803
69 59 159.395
14 4 1.6411
78 68 16.3077
42 32 88.4776
37 27 40.9394
101 91 8.5609
50 40 152.4518
21 11 5.7259
60 50 221.1781
33 23 54.4615
51 41 62.5063
101 91 7.5945
92 82 32.626
94 84 6.8475
89 79 27.0754
76 66 13.1175
59 49 163.0232
29 19 8.0188
41 31 29.6085
78 68 87.7604
52 42 18.4908
17 7 2.4483
17 7 0.511
39 29 57.1837
43 33 117.6289
73 63 112.5599
98 88 1.3381
93 83 19.7315
32 22 11.5541
27 17 11.6529
107 97 0.1352
13 3 0.7337
48 38 152.2964
74 64 110.0579
85 75 34.8722
100 90 0.6532
67 57 137.9661
12 2 0.3309
109 99 0.0686
42 32 103.5333
78 68 1.9501
93 83 10.7325
64 54 169.9499
15 5 2.046
12 2 0.0305
91 81 3.4469
101 91 7.2319
88 78 5.6063
26 16 0.4879
33 23 1.2045
48 38 109.4458
68 58 77.9215
92 82 21.2634
69 59 0.4957
86 76 48.3964
81 71 21.0625
29 19 34.5934
55 45 196.4644
39 29 83.3968
89 79 28.2368
24 14 1.925
108 98 0.0193
106 96 1.1231
69 59 55.5466
42 32 35.6026
38 28 80.659
49 39 115.1679
84 74 21.5876
59 49 5.924
91 81 16.6339
55 45 142.8456
89 79 13.7585
90 80 19.7885
55 45 221.285
12 2 0.0398
108 98 0.2209
97 87 2.3245
93 83 17.5088
73 63 112.6056
65 55 37.101
105 95 0.2614
95 85 3.0124
82 72 32.0312
34 24 15.4665
109 99 0.0051
78 68 107.9038
87 77 40.1689
110 100 0.0
66 56 114.1494
110 100 0.0
102 92 6.5135
99 89 3.1039
64 54 170.9597
100 90 10.828
48 38 129.6629
26 16 2.7812
17 7 3.8764
96 86 20.0135
70 60 113.9699
88 78 48.2569
82 72 85.8043
51 41 51.2691
28 18 30.2261
80 70 71.7013
91 81 19.8635
79 69 95.6595
53 43 18.1546
28 18 30.5436
22 12 1.7103
19 9 6.406
25 15 24.2398
105 95 0.1478
82 72 71.6226
61 51 20.4805
110 100 0.0
86 76 9.2219
17 7 1.7526
69 59 145.5432
96 86 16.3865
77 67 54.7671
106 96 0.4642
22 12 3.78
33 23 35.9765
29 19 14.0495
50 40 65.5258
93 83 23.7985
30 20 7.1796
103 93 2.3116
19 9 1.4052
90 80 42.5712
37 27 71.6054
25 15 10.1605
92 82 21.0578
35 25 26.9194
13 3 0.4127
92 82 7.7046
107 97 0.0693
62 52 81.0518
93 83 17.3299
20 10 7.0645
89 79 29.1287
63 53 143.0474
85 75 40.8598
29 19 31.7926
18 8 1.616
27 17 31.9454
93 83 12.618
16 6 3.2661
62 52 143.1841
13 3 0.0958
95 85 0.4254
58 48 87.606
85 75 55.9065
62 52 254.863
11 1 0.0526
11 1 0.0215
59 49 250.1321
50 40 12.0094
81 71 19.1543
58 48 246.8154
69 59 128.5355
99 89 6.9857
12 2 0.0725
21 11 7.9169
49 39 4.3386
99 89 11.526
106 96 0.3816
88 78 27.4145
13 3 0.0434
73 63 55.0774
67 57 129.2845
35 25 59.679
65 55 154.1036
24 14 15.6848
62 52 218.2464
56 46 168.178
54 44 38.8444
95 85 20.6036
11 1 0.0664
69 59 88.3983
104 94 3.7441
86 76 14.8006
11 1 0.0493
60 50 172.4081
58 48 156.0845
97 87 14.7782
87 77 1.6691
24 14 10.8065
62 52 236.9725
17 7 3.7319
56 46 217.8344
89 79 10.8619
45 35 85.4134
29 19 24.6487
44 34 91.1156
95 85 0.3754
110 100 0.0
102 92 3.8879
63 53 109.3651
50 40 45.0116
103 93 1.625
30 20 42.3538
47 37 94.2003
105 95 0.9275
90 80 12.6533
29 19 18.7033
28 18 33.8416
29 19 4.6071
100 90 4.6577
83 73 52.792
85 75 68.8696
65 55 142.0235
60 50 77.4841
25 15 18.9356
90 80 16.1992
73 63 85.9741
63 53 55.8123
50 40 127.0832
54 44 31.9752
95 85 23.3141
67 57 103.8116
58 48 177.0385
53 43 145.9393
57 47 155.8128
19 9 5.5183
29 19 27.4189
31 21 20.17
32 22 5.6267
107 97 0.4915
40 30 83.4219
19 9 8.5817
97 87 7.5553
31 21 25.2402
25 15 6.6128
58 48 232.6883
89 79 29.1365
43 33 57.4203
91 81 21.0424
28 18 17.6927
78 68 105.3962
34 24 25.955
93 83 9.2223
77 67 0.0563
65 55 101.7977
93 83 10.5897
92 82 7.6313
77 67 27.974
50 40 16.3438
35 25 10.7737
81 71 73.2973
97 87 18.3829
23 13 11.9658
76 66 105.8891
78 68 111.7462
55 45 56.6636
62 52 181.9942
51 41 167.1709
37 27 56.2607
18 8 0.2841
20 10 7.5905
91 81 3.1059
94 84 16.3929
53 43 9.6393
35 25 19.1623
31 21 6.9503
73 63 91.5316
27 17 12.2294
40 30 48.6441
99 89 2.9382
72 62 52.0203
29 19 32.2341
31 21 31.0841
73 63 39.4339
30 20 22.8793
26 16 12.8439
41 31 98.1846
53 43 149.6214
37 27 53.6096
51 41 13.5072
73 63 26.8507
68 58 26.6977
89 79 17.5426
79 69 75.1029
63 53 172.7242
18 8 0.8328
38 28 65.831
22 12 5.7117
62 52 170.7867
65 55 96.6943
81 71 24.6686
30 20 40.5881
35 25 14.4458
75 65 17.4568
66 56 33.2363
44 34 26.628
77 67 23.3358
57 47 56.4771
70 60 95.5154
80 70 66.7419
54 44 209.6409
12 2 0.2561
88 78 17.3489
64 54 72.4187
88 78 49.5672
53 43 77.7324
71 61 113.0125
70 60 1.6034
40 30 6.8059
44 34 10.5936
37 27 51.3017
38 28 82.414
68 58 186.9427
26 16 21.0408
109 99 0.0597
22 12 3.1451
99 89 8.334
82 72 24.454
66 56 183.6308
28 18 32.6128
53 43 159.4961
72 62 72.4502
50 40 167.7561
16 6 2.1737
101 91 6.5154
60 50 238.7487
84 74 42.3923
29 19 28.624
63 53 164.12
83 73 28.9312
51 41 154.3775
85 75 16.5649
84 74 8.6232
23 13 3.9575
11 1 0.0872
41 31 12.2022
97 87 10.9862
12 2 0.1303
108 98 0.1229
92 82 16.9465
19 9 5.2265
101 91 6.9554
72 62 78.2347
79 69 27.1457
18 8 1.6352
28 18 16.756
34 24 52.5819
79 69 105.178
58 48 178.3257
98 88 9.5128
57 47 157.3916
79 69 104.21
74 64 54.7066
75 65 76.1791
67 57 180.4359
79 69 10.6681
15 5 1.4852
12 2 0.0644
91 81 24.8021
34 24 62.3279
41 31 8.5177
49 39 90.2433
25 15 15.9303
34 24 0.4884
16 6 1.464
100 90 9.6526
78 68 100.7956
43 33 47.7154
67 57 174.9942
30 20 20.0901
50 40 67.1669
19 9 3.0715
49 39 40.8766
11 1 0.0374
55 45 97.1406
75 65 116.8497
26 16 12.0445
58 48 50.6437
72 62 90.4055
83 73 54.3925
88 78 41.4047
105 95 1.8063
18 8 5.1845
54 44 196.6873
98 88 0.1694
29 19 38.4767
84 74 8.8351
103 93 5.3639
62 52 26.7919
37 27 8.6065
89 79 6.8875
92 82 3.0135
80 70 11.5314
82 72 43.0272
97 87 7.3247
84 74 53.827
106 96 0.4969
38 28 22.9074
84 74 73.5453
100 90 5.8792
49 39 39.1787
13 3 0.0541
50 40 133.5072
44 34 79.9735
100 90 0.619
101 91 5.9396
21 11 4.9549
18 8 2.5152
59 49 70.154
37 27 13.9252
86 76 38.1815
62 52 214.4801
32 22 27.8858
36 26 24.7721
24 14 2.8309
20 10 3.4543
18 8 7.0913
107 97 0.566
86 76 7.8975
71 61 168.7711
49 39 48.232
61 51 207.8246
104 94 3.3629
80 70 48.683
23 13 6.5694
24 14 12.2133
72 62 74.1024
45 35 13.3605
91 81 24.6432
68 58 180.7644
77 67 37.7387
50 40 153.5907
68 58 106.3978
43 33 45.2838
66 56 19.7037
69 59 39.4976
23 13 1.8061
16 6 1.7892
82 72 7.4312
64 54 106.2501
79 69 25.4629
14 4 1.473
37 27 13.6659
54 44 48.4404
11 1 0.0853
51 41 169.7903
110 100 0.0
26 16 14.2071
88 78 24.6554
93 83 20.8384
47 37 36.1195
13 3 0.8371
35 25 61.2961
71 61 115.4599
27 17 1.3854
86 76 58.4915
108 98 0.3142
27 17 31.9052
27 17 1.1653
38 28 2.9746
45 35 25.6294
64 54 62.258
85 75 41.1245
56 46 85.1564
29 19 17.862
32 22 40.2324
94 84 27.0863
107 97 0.725
32 22 31.1918
26 16 26.9604
18 8 2.7181
109 99 0.0598
42 32 20.5289
65 55 1.2221
27 17 19.7531
23 13 17.743
83 73 7.3798
101 91 7.8406
75 65 54.8516
39 29 69.6335
36 26 5.9314
97 87 4.3812
88 78 51.6767
65 55 147.3109
73 63 81.331
13 3 0.917
44 34 116.2843
48 38 53.6073
30 20 26.797
39 29 63.0586
81 71 7.6423
49 39 26.9854
91 81 9.1171
37 27 18.229
23 13 10.4167
50 40 5.9743
108 98 0.1342
44 34 125.033
47 37 19.5691
16 6 2.6259
83 73 9.0761
77 67 22.6074
102 92 0.2165
56 46 121.1782
47 37 105.8202
44 34 95.79
82 72 63.7942
97 87 18.4771
51 41 64.2908
52 42 56.5475
60 50 102.1472
12 2 0.282
90 80 28.0477
27 17 5.3273
22 12 5.8287
56 46 26.4289
38 28 15.4332
72 62 38.0483
69 59 59.0393
70 60 97.614
64 54 119.2568
23 13 14.6151
86 76 1.1156
66 56 125.3284
97 87 2.7412
65 55 110.6504
26 16 6.9492
57 47 209.2014
86 76 48.999
94 84 10.8084
39 29 36.6485
25 15 15.144
77 67 18.1345
104 94 0.2935
48 38 50.0385
75 65 31.3874
75 65 118.4408
107 97 0.8663
20 10 1.2896
85 75 44.2118
15 5 2.7077
41 31 42.8515
59 49 119.8904
69 59 17.0116
80 70 84.7405
86 76 41.1801
50 40 118.2061
38 28 76.1597
16 6 2.5453
32 22 27.7257
90 80 33.4654
70 60 142.7644
63 53 119.6673
72 62 110.3002
31 21 47.8657
98 88 0.8886
44 34 108.4163
71 61 11.5581
73 63 10.6187
94 84 23.4596
42 32 106.9369
40 30 45.4086
86 76 58.037
106 96 1.2637
95 85 3.9398
11 1 0.0608
33 23 14.9975
108 98 0.2614
89 79 36.6789
80 70 13.344
28 18 10.2549
50 40 5.6821
69 59 41.4747
46 36 29.777
27 17 0.3132
31 21 35.3582
71 61 84.0201
90 80 8.8029
90 80 38.3726
84 74 11.3623
46 36 133.4988
92 82 17.4667
28 18 35.9832
63 53 83.1491
15 5 0.473
103 93 2.7717
17 7 0.2085
24 14 14.6116
84 74 32.4451
15 5 0.3722
29 19 30.2457
34 24 37.0303
53 43 155.9524
78 68 68.5563
92 82 35.3607
29 19 0.8035
36 26 53.9844
93 83 5.684
76 66 72.4156
44 34 60.2896
83 73 12.2997
64 54 77.981
44 34 48.373
13 3 0.7144
96 86 14.458
29 19 19.0382
66 56 166.4611
22 12 5.6183
89 79 16.9872
43 33 29.8225
66 56 171.0368
91 81 20.5331
20 10 8.2342
28 18 5.8891
98 88 2.3701
26 16 23.3049
62 52 167.7098
28 18 2.7896
69 59 40.6375
32 22 20.1411
78 68 40.7233
29 19 5.4791
86 76 45.8226
101 91 2.6026
16 6 3.8298
39 29 4.787
25 15 18.8859
66 56 11.4386
16 6 0.4093
66 56 134.8209
83 73 16.0794
34 24 48.2635
75 65 50.0885
101 91 6.1943
53 43 112.1993
23 13 13.2444
80 70 66.4378
32 22 41.5818
94 84 26.0024
72 62 26.1704
103 93 0.8848
47 37 106.5771
48 38 14.8953
16 6 1.6976
82 72 45.9844
104 94 3.225
62 52 139.6514
27 17 21.2775
94 84 1.8431
29 19 30.3269
80 70 14.1042
39 29 80.5485
84 74 36.6402
109 99 0.0863
64 54 25.8026
70 60 12.6219
72 62 65.6701
42 32 63.4414
96 86 12.6503
39 29 70.5168
45 35 107.6344
73 63 49.3173
26 16 6.7024
36 26 22.6095
40 30 12.1089
56 46 184.53
81 71 77.2521
45 35 20.2056
102 92 1.1062
40 30 1.3267
74 64 141.6321
88 78 42.3533
74 64 143.7175
60 50 34.6035
88 78 0.0155
109 99 0.0739
24 14 1.6617
100 90 2.9671
66 56 146.9119
56 46 52.3299
48 38 95.0728
35 25 24.9365
52 42 76.3262
12 2 0.0644
78 68 64.2393
19 9 7.2661
45 35 113.6468
110 100 0.0
66 56 123.3426
74 64 42.2378
106 96 0.7224
71 61 0.4465
85 75 46.5589
26 16 26.8327
97 87 6.4427
51 41 52.3187
59 49 87.1234
95 85 15.426
41 31 11.3985
89 79 42.3273
82 72 31.5047
48 38 18.5532
20 10 4.9305
62 52 227.556
20 10 1.2504
108 98 0.1448
24 14 11.4797
17 7 4.2361
99 89 6.4187
18 8 0.5259
14 4 0.524
13 3 0.9051
