900 22553 9.9499
61 51 57.0856
80 70 58.9609
62 52 51.9236
100 90 33.7666
51 41 48.6534
49 39 78.2146
94 84 45.2202
51 41 61.3355
46 36 65.4012
71 61 56.5008
26 16 80.9964
57 47 60.8665
22 12 90.3488
72 62 49.0448
63 53 56.1645
53 43 65.2589
54 44 74.0822
72 62 42.2643
29 19 85.1837
72 62 68.5965
72 62 61.1696
90 80 34.8053
65 55 46.9595
85 75 46.2482
50 40 69.5523
68 58 46.0294
105 95 31.3342
65 55 42.3502
69 59 57.5004
56 46 44.6892
87 77 51.9697
65 55 58.763
53 43 47.3509
81 71 44.6839
60 50 63.8801
32 22 77.713
96 86 39.3204
33 23 71.8358
34 24 85.6754
60 50 64.2707
91 81 55.4087
94 84 24.8891
46 36 73.5255
31 21 76.9182
17 7 91.1395
70 60 38.9438
25 15 89.157
86 76 35.3062
18 8 90.5428
54 44 63.9968
67 57 56.0806
92 82 38.5566
13 3 97.8339
110 100 51.1597
24 14 84.3752
85 75 45.8993
34 24 78.3544
83 73 25.9061
33 23 84.8812
59 49 56.283
63 53 39.2352
54 44 54.3552
44 34 70.8089
70 60 40.3822
97 87 31.4306
34 24 76.164
41 31 77.8718
73 63 60.3651
102 92 18.2406
19 9 94.2317
26 16 89.6885
26 16 86.8848
84 74 38.253
21 11 86.0405
18 8 94.7624
42 32 70.3099
42 32 65.4222
22 12 87.7238
25 15 86.7823
110 100 37.3321
72 62 27.6066
28 18 88.2078
84 74 47.4721
97 87 30.8236
52 42 63.4476
31 21 83.8415
102 92 19.4958
96 86 21.0121
35 25 69.8328
65 55 38.4561
11 1 99.0662
73 63 45.305
33 23 81.5861
28 18 86.4807
103 93 33.0959
71 61 38.3694
73 63 60.8962
27 17 81.4615
81 71 19.8711
83 73 28.8982
69 59 63.6469
74 64 59.1392
38 28 77.2641
41 31 71.0582
64 54 54.6816
34 24 77.9548
41 31 71.4481
50 40 70.1825
35 25 76.3055
49 39 64.5339
44 34 78.1102
15 5 93.8632
102 92 30.8147
58 48 57.2444
63 53 56.597
83 73 32.1988
72 62 46.954
70 60 45.9752
33 23 72.2806
34 24 80.0542
34 24 84.5793
19 9 90.3811
80 70 59.8457
21 11 90.8972
34 24 81.1495
29 19 84.3918
51 41 68.4061
105 95 27.2902
76 66 65.3317
62 52 67.9553
44 34 79.1655
87 77 32.4638
64 54 40.475
34 24 75.5978
59 49 75.1689
40 30 71.8968
69 59 36.2777
30 20 88.9494
81 71 41.9049
28 18 81.7415
59 49 66.0173
72 62 42.513
107 97 17.8261
35 25 69.5339
99 89 42.9038
73 63 56.7461
61 51 68.0477
33 23 74.182
72 62 48.6478
15 5 93.1341
73 63 48.1317
40 30 69.0378
102 92 40.1208
59 49 56.2215
64 54 47.4294
82 72 58.8427
26 16 90.1095
64 54 59.4595
97 87 53.1456
49 39 76.9182
42 32 77.6055
110 100 32.2317
22 12 86.0609
98 88 44.5356
108 98 30.5234
76 66 53.08
55 45 67.4468
47 37 81.1729
69 59 39.2076
30 20 80.1544
38 28 71.2522
59 49 40.0854
108 98 28.4836
89 79 30.7492
26 16 83.0614
47 37 65.1104
106 96 22.772
47 37 67.409
15 5 95.8245
94 84 49.992
70 60 55.2049
55 45 54.4172
15 5 96.7902
44 34 65.6894
25 15 91.495
63 53 61.1039
105 95 15.6373
88 78 27.285
51 41 55.5502
22 12 85.3
42 32 75.051
69 59 54.0725
99 89 37.6738
110 100 24.3108
55 45 68.1533
100 90 36.25
38 28 67.7576
80 70 30.0512
72 62 70.9301
54 44 62.7375
93 83 51.4878
28 18 88.6083
82 72 54.7511
82 72 28.9627
34 24 78.7603
27 17 82.6754
89 79 23.9728
26 16 88.6083
85 75 26.7227
87 77 21.9895
58 48 56.4181
39 29 76.58
86 76 26.64
40 30 80.5686
94 84 31.2369
26 16 88.328
46 36 60.3838
109 99 30.2225
70 60 59.1607
103 93 25.8674
62 52 55.4131
33 23 73.4449
87 77 47.3605
27 17 80.8956
90 80 46.9677
43 33 80.5022
75 65 42.0137
67 57 65.0039
52 42 46.096
78 68 31.9824
54 44 57.9212
102 92 19.2853
84 74 43.6458
91 81 30.655
68 58 57.8832
42 32 59.5552
107 97 41.7432
102 92 24.1818
38 28 77.558
67 57 53.54
52 42 75.1793
22 12 90.193
11 1 99.1498
110 100 36.4031
49 39 69.4672
11 1 98.6784
107 97 18.633
18 8 95.1659
92 82 48.4402
109 99 40.2336
51 41 69.9164
54 44 56.202
108 98 33.3472
78 68 33.9458
24 14 84.2651
102 92 36.6679
84 74 44.2651
88 78 44.3103
19 9 93.9077
63 53 50.2724
20 10 92.1139
108 98 17.3098
104 94 22.9355
34 24 75.325
11 1 99.1438
31 21 77.2448
76 66 55.6307
93 83 40.4967
24 14 83.5981
47 37 74.5356
60 50 64.817
96 86 34.2986
12 2 97.8952
11 1 98.7738
34 24 78.3597
74 64 42.0241
94 84 55.8861
106 96 38.1776
21 11 88.9438
22 12 89.7207
69 59 58.443
99 89 36.4079
70 60 60.8088
69 59 53.5926
57 47 61.6979
15 5 93.9329
24 14 86.6631
50 40 53.9902
67 57 44.7869
64 54 72.9162
45 35 72.449
55 45 57.2459
107 97 18.4668
72 62 53.2652
28 18 86.0961
37 27 73.0598
31 21 87.6321
96 86 44.6197
107 97 12.8687
54 44 59.9091
42 32 70.0234
104 94 13.2205
23 13 88.7402
84 74 40.1981
87 77 61.0227
68 58 45.2902
89 79 24.963
94 84 45.3683
45 35 64.8428
47 37 58.6082
99 89 26.792
83 73 25.8593
61 51 61.7434
81 71 53.2039
76 66 36.0276
28 18 82.5754
93 83 31.4833
83 73 61.2165
63 53 56.2815
39 29 66.1587
93 83 23.3995
27 17 88.4427
36 26 69.5072
70 60 62.2821
18 8 91.3898
48 38 59.7854
49 39 59.7514
63 53 49.7857
14 4 97.2295
30 20 78.0307
101 91 11.2051
39 29 70.3552
90 80 26.732
29 19 78.8793
24 14 89.3157
89 79 47.0157
31 21 80.3676
61 51 54.5855
76 66 62.4685
63 53 38.7344
93 83 33.6748
48 38 65.9766
19 9 89.6942
18 8 90.6437
73 63 53.7098
101 91 24.0963
95 85 36.6667
88 78 52.9445
70 60 55.1544
64 54 43.3925
22 12 87.5759
97 87 31.3454
107 97 38.9052
93 83 42.4361
101 91 35.5109
79 69 55.7979
58 48 60.787
46 36 59.8086
97 87 38.2666
77 67 50.2327
32 22 68.6081
70 60 65.3511
43 33 71.0362
110 100 21.9474
107 97 39.0188
44 34 79.586
108 98 31.76
96 86 51.7896
31 21 85.5921
12 2 97.2058
27 17 82.2449
99 89 27.5289
69 59 62.4622
94 84 32.1183
32 22 77.8136
51 41 65.5355
50 40 77.2166
43 33 67.6457
75 65 40.5234
49 39 61.5974
99 89 21.9933
83 73 31.2324
91 81 26.008
88 78 31.6665
106 96 24.7795
17 7 92.2503
64 54 68.7672
34 24 81.1801
24 14 88.5989
73 63 47.5148
17 7 96.3401
109 99 6.4348
39 29 70.1859
54 44 61.0477
61 51 61.2134
59 49 46.582
46 36 79.356
100 90 44.7494
29 19 75.9878
45 35 79.2901
47 37 72.9128
53 43 50.6702
17 7 92.8236
100 90 33.0223
32 22 76.5818
52 42 74.508
74 64 39.1275
105 95 7.6016
90 80 32.342
89 79 48.7036
14 4 96.2341
60 50 56.9542
37 27 74.6047
58 48 49.5109
81 71 45.2781
12 2 98.0773
78 68 62.5507
32 22 84.4304
59 49 64.3878
11 1 98.9945
96 86 42.6905
31 21 79.861
76 66 47.5838
37 27 75.6726
34 24 76.7306
39 29 77.9565
70 60 61.6461
103 93 25.9539
63 53 68.4061
91 81 18.7013
38 28 69.5256
23 13 90.9639
27 17 75.5665
45 35 71.2437
54 44 66.5742
41 31 80.0971
26 16 81.2558
59 49 55.2302
25 15 89.9444
32 22 78.8402
88 78 37.9468
109 99 37.2613
68 58 57.0387
75 65 51.2498
24 14 89.7112
82 72 49.9976
78 68 66.4828
26 16 85.0656
96 86 51.6228
18 8 94.599
50 40 56.4692
73 63 29.1362
56 46 64.6561
17 7 93.1051
109 99 45.2108
15 5 94.9845
63 53 62.3942
23 13 85.868
104 94 50.244
19 9 94.0531
31 21 86.9053
29 19 74.1545
103 93 41.3578
100 90 29.1902
64 54 63.6756
17 7 95.7971
83 73 53.9946
99 89 36.2308
27 17 80.1294
87 77 44.156
48 38 56.9089
104 94 25.2667
44 34 70.755
46 36 52.3177
33 23 72.4252
28 18 75.8571
35 25 83.8653
24 14 89.1986
61 51 40.3911
101 91 32.3568
53 43 64.5677
11 1 99.4029
24 14 86.6091
92 82 58.9824
62 52 65.4238
46 36 70.8223
33 23 87.2524
77 67 59.4025
38 28 75.7387
94 84 47.0377
92 82 30.5057
20 10 90.983
84 74 51.9149
87 77 41.2177
27 17 82.7172
70 60 39.9475
102 92 34.4323
96 86 20.9196
16 6 94.1501
34 24 83.8268
105 95 11.624
56 46 55.2807
18 8 93.7527
27 17 90.3393
79 69 44.006
21 11 90.4002
28 18 87.8963
73 63 45.0778
56 46 63.4349
88 78 37.3077
103 93 28.279
51 41 61.5911
84 74 36.0324
13 3 98.1903
31 21 76.4488
97 87 43.9463
88 78 57.6324
66 56 34.2845
90 80 39.5654
96 86 20.1305
48 38 53.833
21 11 90.2785
34 24 76.4488
42 32 74.5252
31 21 83.0049
68 58 67.7938
81 71 36.2982
58 48 45.8871
73 63 34.129
88 78 58.0019
24 14 87.415
105 95 40.4343
38 28 76.5888
23 13 89.8078
81 71 37.9259
28 18 82.8446
81 71 51.8789
81 71 49.185
72 62 61.0539
102 92 11.0038
94 84 20.4883
25 15 83.6274
78 68 42.5234
96 86 39.025
28 18 81.4362
91 81 19.5789
56 46 54.3272
103 93 31.2213
105 95 25.2024
46 36 67.9372
73 63 52.1761
65 55 49.6983
80 70 51.3903
68 58 50.6332
25 15 83.8085
77 67 34.4839
50 40 64.9781
50 40 67.4287
73 63 52.2498
27 17 87.5609
94 84 54.6003
25 15 83.6219
101 91 29.0618
24 14 80.3927
102 92 36.7672
78 68 46.1897
50 40 70.2998
15 5 96.4736
66 56 53.701
32 22 75.1672
28 18 88.0651
15 5 96.3067
52 42 67.1007
61 51 53.0873
33 23 79.0197
70 60 56.1705
13 3 98.0239
25 15 83.0413
40 30 65.508
80 70 46.2645
96 86 30.2951
104 94 28.5167
93 83 42.5613
29 19 77.6002
70 60 52.3018
99 89 52.3539
34 24 79.9504
91 81 29.5316
73 63 49.0742
26 16 84.5977
58 48 71.5801
32 22 72.5836
43 33 70.5449
97 87 32.0866
57 47 50.5166
29 19 88.0257
45 35 74.1872
82 72 23.0218
39 29 79.4665
50 40 53.9064
91 81 25.9478
23 13 88.7967
46 36 62.2979
110 100 9.4722
64 54 59.6555
55 45 70.206
33 23 75.2522
61 51 36.0396
41 31 62.9833
40 30 60.2455
85 75 45.9345
72 62 54.8133
51 41 57.7706
52 42 71.5175
84 74 33.6087
32 22 83.3259
29 19 79.677
84 74 29.8586
103 93 33.1005
22 12 90.7218
51 41 61.486
24 14 89.3554
29 19 86.6687
11 1 98.8911
23 13 89.823
45 35 55.4578
48 38 59.3809
104 94 27.2254
39 29 72.9436
41 31 64.8283
68 58 45.6652
26 16 77.3397
89 79 43.5428
79 69 52.786
69 59 54.6609
83 73 51.7062
46 36 69.1559
38 28 81.3207
53 43 74.4786
18 8 91.5447
68 58 33.8631
43 33 76.6273
90 80 42.4192
41 31 75.2591
36 26 73.6198
83 73 59.0147
102 92 30.2038
81 71 48.6032
69 59 50.971
107 97 37.1722
15 5 96.4835
52 42 62.8405
35 25 80.1043
25 15 87.3571
97 87 29.2194
50 40 74.8087
108 98 43.7966
98 88 32.6784
12 2 98.335
64 54 49.0476
49 39 72.0886
102 92 13.9047
94 84 53.5443
100 90 30.3877
57 47 48.1095
95 85 46.1014
68 58 50.2922
61 51 47.4969
85 75 53.5956
27 17 83.335
95 85 35.4454
94 84 51.676
17 7 91.193
43 33 71.0902
60 50 60.4957
54 44 72.335
40 30 62.6361
81 71 44.4702
95 85 39.7656
74 64 49.0868
49 39 61.6476
104 94 24.68
88 78 39.6598
100 90 22.631
22 12 92.6676
12 2 98.0496
88 78 26.1366
32 22 71.5699
36 26 75.2071
78 68 49.999
94 84 54.1402
54 44 67.9586
75 65 30.2621
110 100 23.8896
38 28 67.1171
65 55 71.2167
43 33 71.9155
47 37 78.3349
44 34 73.2359
81 71 53.9211
79 69 51.9928
85 75 40.4343
65 55 64.5869
31 21 83.2948
105 95 8.4065
17 7 94.7254
75 65 49.7208
22 12 90.5619
50 40 72.2024
59 49 58.3879
12 2 97.4781
19 9 90.0791
80 70 54.4054
45 35 68.4723
106 96 16.5739
95 85 35.1969
11 1 99.2116
106 96 20.5399
93 83 31.5709
31 21 80.3157
21 11 92.529
31 21 80.1544
48 38 64.9636
110 100 25.4934
54 44 71.509
98 88 34.0951
87 77 44.0776
21 11 89.1816
39 29 81.6619
19 9 92.6811
70 60 56.5594
16 6 93.4567
81 71 49.3562
27 17 81.3532
41 31 68.4442
26 16 91.5581
93 83 53.6161
92 82 21.8089
60 50 54.8829
38 28 65.162
18 8 93.3098
106 96 7.3457
15 5 95.2986
76 66 45.5153
81 71 56.725
78 68 51.3344
39 29 82.3193
104 94 27.1201
97 87 37.2112
102 92 22.8121
60 50 60.6888
99 89 46.0349
90 80 15.9952
88 78 39.4145
14 4 95.1678
32 22 79.3079
28 18 90.0544
35 25 73.9187
53 43 55.4146
89 79 43.3306
62 52 59.6277
51 41 52.3626
38 28 76.4855
98 88 45.8884
38 28 78.1244
67 57 62.2048
97 87 34.3373
69 59 48.793
16 6 93.2113
44 34 72.9675
110 100 23.7764
63 53 66.9975
35 25 75.3893
51 41 51.7867
107 97 26.6101
18 8 92.1946
72 62 57.6597
106 96 47.6735
74 64 51.8126
40 30 71.0969
27 17 87.4562
18 8 91.9336
20 10 93.0222
107 97 35.6266
50 40 66.8421
78 68 52.4784
103 93 41.5213
26 16 83.6383
67 57 70.7819
87 77 38.0294
109 99 45.0067
48 38 62.7803
44 34 69.1409
60 50 49.7434
12 2 97.7409
76 66 53.6307
110 100 12.9147
60 50 64.5194
33 23 79.8789
66 56 52.5901
17 7 93.3311
107 97 52.1501
47 37 66.566
78 68 39.1363
76 66 49.4139
58 48 57.643
26 16 81.3027
33 23 69.1925
52 42 60.3014
49 39 58.9855
97 87 32.192
30 20 74.6911
99 89 58.1132
80 70 51.8645
75 65 38.9039
27 17 87.945
62 52 40.8206
21 11 85.6402
46 36 74.1528
89 79 41.5226
83 73 38.5244
78 68 36.5735
88 78 50.305
51 41 61.577
76 66 68.812
29 19 78.3278
96 86 42.9562
29 19 82.861
52 42 68.6628
89 79 53.8829
14 4 96.6899
33 23 79.7574
110 100 37.4997
20 10 92.7196
68 58 43.5824
31 21 84.9863
75 65 37.6714
44 34 71.0986
55 45 71.0042
40 30 76.447
70 60 46.5056
38 28 73.9325
90 80 55.8472
44 34 73.0751
99 89 44.1281
79 69 63.4189
48 38 65.2185
100 90 46.7733
26 16 79.2278
26 16 85.3222
98 88 28.1611
62 52 64.3621
42 32 70.9284
84 74 47.8062
93 83 39.8792
55 45 59.3054
107 97 28.2312
20 10 91.4471
84 74 57.6916
92 82 45.7449
45 35 73.6765
45 35 72.0003
103 93 38.0208
33 23 75.5543
49 39 51.9408
16 6 94.8306
59 49 55.577
36 26 67.0286
24 14 90.0221
41 31 66.1392
70 60 40.8564
50 40 57.8147
104 94 41.1381
15 5 95.2888
54 44 64.2867
95 85 33.043
63 53 53.7612
38 28 72.947
107 97 31.7048
31 21 86.8195
68 58 50.3433
70 60 45.5288
80 70 54.5574
69 59 64.6303
81 71 53.8639
50 40 55.2777
26 16 87.0246
67 57 52.2527
20 10 88.9626
95 85 32.3397
40 30 69.7977
40 30 64.5178
65 55 59.3377
104 94 42.5561
55 45 58.2825
28 18 89.0456
19 9 92.0256
103 93 45.7855
52 42 71.3113
38 28 82.2849
