900 22972 9.9499
51 41 69.2024
83 73 34.5262
86 76 47.975
12 2 97.735
53 43 53.5385
11 1 98.9766
78 68 39.8615
43 33 70.0268
11 1 98.6824
33 23 77.403
100 90 50.8298
103 93 22.8255
12 2 98.5334
23 13 92.3905
42 32 77.9724
19 9 88.3656
68 58 35.7257
64 54 59.7653
110 100 5.9287
54 44 74.5304
109 99 22.7758
28 18 83.3934
46 36 73.8225
66 56 38.3149
106 96 35.8059
62 52 39.3995
78 68 48.0942
83 73 60.7963
57 47 57.9304
75 65 50.951
66 56 49.1177
87 77 34.7675
20 10 86.6221
94 84 36.0648
59 49 46.8773
61 51 47.0747
33 23 76.855
40 30 77.8665
30 20 85.3074
16 6 92.5925
14 4 95.0489
50 40 63.0944
31 21 74.6116
39 29 72.836
69 59 37.75
85 75 56.9285
48 38 73.1504
43 33 70.5331
72 62 52.5234
32 22 85.1301
55 45 71.6088
19 9 86.6426
58 48 63.4906
103 93 19.353
83 73 39.1563
91 81 40.554
64 54 48.2302
17 7 92.6791
76 66 60.6857
32 22 73.8757
31 21 81.6619
48 38 68.6976
35 25 81.7306
28 18 87.3122
79 69 27.3142
35 25 66.9108
45 35 66.0189
64 54 61.1743
77 67 54.2874
34 24 74.2441
103 93 17.3714
63 53 53.8198
54 44 56.1211
30 20 78.0166
64 54 46.172
95 85 30.5621
71 61 37.8077
52 42 63.8257
94 84 31.8096
19 9 88.486
76 66 43.1478
13 3 96.6564
109 99 35.9053
70 60 47.2216
44 34 62.2505
37 27 74.7983
94 84 23.9728
108 98 34.2752
91 81 23.5574
28 18 88.3092
75 65 43.9436
38 28 78.4642
109 99 28.346
110 100 23.8789
37 27 73.5032
16 6 96.0184
40 30 83.5561
99 89 48.4694
61 51 52.4118
75 65 42.803
80 70 52.7701
23 13 90.819
37 27 78.28
40 30 65.9734
40 30 61.4154
95 85 33.6841
12 2 97.6361
101 91 14.1331
106 96 33.9936
105 95 18.1561
42 32 69.0195
23 13 83.0741
39 29 68.9132
20 10 90.7923
60 50 57.8649
13 3 96.3499
110 100 23.1121
13 3 96.5247
69 59 45.0845
87 77 52.5277
34 24 77.6196
109 99 19.9952
31 21 85.2926
51 41 70.681
44 34 72.495
74 64 53.6468
32 22 78.4252
47 37 58.9962
107 97 22.0975
49 39 67.7197
36 26 74.4148
44 34 60.6358
69 59 62.5839
93 83 47.4156
103 93 40.7746
95 85 43.0664
81 71 19.9961
13 3 96.5129
68 58 66.0238
62 52 53.3674
95 85 37.0991
93 83 36.3042
91 81 30.172
33 23 77.6108
13 3 96.344
28 18 85.5662
55 45 67.4222
101 91 11.4935
96 86 48.2164
91 81 57.5489
16 6 93.3195
83 73 50.3475
95 85 44.2637
55 45 72.7541
98 88 39.8338
74 64 38.3508
36 26 69.6173
42 32 69.5072
93 83 56.927
49 39 71.2826
34 24 70.9554
84 74 38.2852
49 39 76.1919
71 61 46.0389
87 77 53.3908
65 55 62.8992
39 29 75.69
40 30 76.7586
17 7 89.7794
110 100 23.5759
56 46 59.9943
35 25 73.0119
101 91 37.675
57 47 64.0192
97 87 30.5975
91 81 17.2457
96 86 34.8903
46 36 65.9799
89 79 47.2436
38 28 73.9738
22 12 90.7085
36 26 84.4212
55 45 74.6565
78 68 53.5078
54 44 66.3818
17 7 94.0881
60 50 66.8077
69 59 62.8865
46 36 70.6323
88 78 45.1692
91 81 33.8526
27 17 85.8273
29 19 89.2477
13 3 97.8952
63 53 57.8741
40 30 71.5851
82 72 47.9473
32 22 84.4892
41 31 74.4752
13 3 97.1289
110 100 42.5287
54 44 65.2589
45 35 72.749
83 73 40.7797
108 98 25.1884
65 55 63.5719
76 66 59.1161
63 53 62.3294
41 31 68.3946
103 93 42.8842
109 99 21.8295
51 41 66.1424
62 52 59.5305
83 73 25.1252
109 99 36.3139
61 51 58.0035
54 44 58.6526
48 38 75.2036
87 77 63.0928
76 66 39.6535
109 99 43.8761
45 35 55.2465
80 70 63.8337
38 28 78.0943
70 60 54.099
20 10 93.5128
48 38 54.6934
78 68 43.4505
56 46 53.6483
79 69 48.6869
18 8 95.162
78 68 58.2154
101 91 37.9715
45 35 71.7833
95 85 45.9399
58 48 43.589
66 56 44.5676
33 23 79.0819
45 35 63.0944
33 23 76.7814
92 82 38.3087
48 38 65.6375
78 68 59.1115
22 12 87.146
56 46 57.514
97 87 27.5079
53 43 74.9696
80 70 55.4578
36 26 77.6337
48 38 77.7677
70 60 56.7657
18 8 91.1834
34 24 76.6886
56 46 53.112
103 93 43.465
58 48 67.6227
55 45 58.4965
100 90 19.9729
102 92 41.4775
75 65 43.2372
19 9 88.112
95 85 41.2023
82 72 49.3717
28 18 86.8084
19 9 88.9362
48 38 58.3299
25 15 83.6676
95 85 40.0689
59 49 60.762
91 81 43.782
78 68 32.7665
24 14 85.5681
15 5 96.7272
55 45 69.5539
75 65 30.5776
74 64 43.945
27 17 79.6289
71 61 56.3535
33 23 80.1759
86 76 18.7411
94 84 50.7827
77 67 64.6722
21 11 93.3968
14 4 97.3991
56 46 67.0908
14 4 95.8089
67 57 44.2744
38 28 80.4681
13 3 96.5267
103 93 43.6762
28 18 88.6724
59 49 70.9318
82 72 36.3416
55 45 56.229
33 23 81.4542
36 26 73.728
62 52 61.9589
41 31 80.7734
47 37 58.7584
12 2 97.8774
58 48 67.2121
80 70 54.8577
49 39 60.362
79 69 50.5237
61 51 57.7387
92 82 27.9228
102 92 16.9777
45 35 55.0208
53 43 66.1099
107 97 38.1813
11 1 98.7142
75 65 43.4703
93 83 48.4973
103 93 54.3552
59 49 52.5654
60 50 63.8673
21 11 89.5219
77 67 29.4447
99 89 10.8953
35 25 81.8554
44 34 71.6258
72 62 62.5902
77 67 43.1124
102 92 21.8846
90 80 29.8334
103 93 31.2302
96 86 28.9347
42 32 68.1005
60 50 73.5735
73 63 29.4502
68 58 56.9738
42 32 73.9376
76 66 43.5785
46 36 74.1786
107 97 26.7237
28 18 81.2738
73 63 46.6954
110 100 30.3237
100 90 49.6757
108 98 45.0859
56 46 55.0935
91 81 32.8329
20 10 85.9348
91 81 24.7377
56 46 52.6989
63 53 62.9817
69 59 37.2881
16 6 92.3944
31 21 79.752
102 92 37.232
93 83 43.888
97 87 30.9114
50 40 69.7058
80 70 50.8997
35 25 84.3201
16 6 92.4694
66 56 47.028
32 22 79.4451
28 18 81.8681
103 93 52.7207
94 84 22.1869
80 70 35.5788
36 26 74.8329
42 32 75.6309
15 5 94.8286
74 64 56.9934
107 97 28.4366
23 13 83.9349
80 70 46.9938
86 76 45.2391
94 84 12.5082
50 40 68.2392
80 70 46.0851
74 64 51.5682
46 36 59.1376
27 17 81.3658
68 58 50.7229
81 71 49.1695
53 43 51.9236
34 24 72.0343
79 69 47.7744
92 82 29.4361
36 26 74.3354
19 9 90.4021
67 57 48.7637
76 66 48.6353
31 21 79.6396
105 95 17.2665
62 52 61.4123
56 46 52.0981
33 23 81.054
84 74 55.1217
14 4 95.0157
45 35 80.235
85 75 36.0985
71 61 48.7427
47 37 60.6825
27 17 83.7701
20 10 93.5534
73 63 31.8389
65 55 46.8225
91 81 51.4017
62 52 47.8989
95 85 25.1663
74 64 44.5676
72 62 59.3994
30 20 86.0609
70 60 44.2531
50 40 60.3993
72 62 48.9174
65 55 67.181
37 27 81.5788
107 97 32.5105
58 48 61.4154
21 11 90.2994
59 49 40.7082
65 55 56.0088
30 20 75.5213
22 12 88.4484
56 46 69.634
20 10 90.6323
38 28 80.4232
75 65 58.4032
27 17 90.8361
97 87 39.2327
41 31 75.9181
33 23 77.9018
99 89 45.5733
62 52 61.1712
64 54 35.5216
37 27 73.8586
89 79 35.7317
37 27 79.7074
97 87 22.1624
56 46 71.5445
23 13 86.9034
55 45 68.15
14 4 95.9557
87 77 37.1161
87 77 33.5948
92 82 48.7581
36 26 77.7589
55 45 45.4289
47 37 74.3354
98 88 29.4382
99 89 36.594
97 87 22.3039
78 68 37.5548
16 6 92.4021
70 60 60.3745
27 17 83.7481
33 23 74.909
20 10 88.6573
37 27 72.9606
44 34 80.2995
12 2 97.7429
52 42 53.8595
97 87 34.5403
26 16 80.0846
66 56 65.7267
14 4 97.121
58 48 48.2289
17 7 91.4338
70 60 58.3543
84 74 26.2175
81 71 31.901
11 1 99.3909
21 11 89.3819
72 62 47.9376
17 7 92.1101
110 100 42.701
34 24 81.2107
69 59 48.0429
48 38 68.2838
93 83 27.6823
16 6 94.4454
107 97 44.569
31 21 86.8549
73 63 38.2926
13 3 97.1624
69 59 58.2856
61 51 65.5922
45 35 71.7917
56 46 69.1392
70 60 53.5458
66 56 52.1746
67 57 45.0107
101 91 45.0295
47 37 65.0668
100 90 19.9032
14 4 97.3991
70 60 68.421
16 6 95.6386
99 89 36.1261
82 72 51.3874
41 31 76.2251
71 61 36.8886
54 44 60.2176
36 26 85.8458
66 56 56.9874
25 15 86.7748
39 29 78.2942
67 57 69.1559
48 38 61.8724
104 94 20.3645
41 31 77.8506
58 48 66.014
105 95 30.947
88 78 53.8169
29 19 73.7623
36 26 83.653
92 82 49.8281
90 80 53.7949
80 70 35.4156
76 66 44.2012
85 75 27.5951
43 33 78.4057
76 66 33.074
63 53 65.267
109 99 29.5305
89 79 17.1123
102 92 31.3981
16 6 95.1659
107 97 22.6148
62 52 52.7134
105 95 20.2689
38 28 74.47
41 31 82.1706
98 88 29.4947
76 66 45.572
101 91 48.6813
46 36 52.9751
15 5 96.9004
72 62 47.4225
48 38 58.0354
44 34 62.2442
21 11 89.8363
55 45 64.0832
47 37 62.2284
60 50 51.0453
110 100 29.8826
94 84 27.9365
71 61 50.0061
46 36 59.0116
90 80 25.6684
16 6 94.0144
72 62 55.8502
79 69 22.6824
24 14 84.3367
54 44 68.6296
110 100 23.9845
35 25 67.3729
62 52 63.1278
82 72 29.1017
23 13 83.9019
84 74 40.4445
65 55 53.0188
106 96 30.7648
48 38 68.2359
104 94 33.9528
48 38 56.9406
80 70 40.5221
74 64 32.3909
15 5 96.2577
52 42 73.6318
41 31 69.5556
60 50 63.9616
19 9 91.2655
92 82 44.0365
59 49 52.535
45 35 67.0908
81 71 39.7228
92 82 26.0733
22 12 85.6828
66 56 53.328
16 6 91.2331
106 96 37.5744
31 21 72.9077
20 10 91.2923
90 80 30.4914
79 69 47.2835
55 45 56.6813
72 62 45.8126
53 43 74.5701
104 94 28.194
105 95 13.6412
33 23 79.5218
66 56 61.4828
22 12 87.415
36 26 70.2395
18 8 88.8419
67 57 41.2459
72 62 42.0617
51 41 59.4071
68 58 47.3083
35 25 74.2958
94 84 34.1231
87 77 37.9296
58 48 64.5323
56 46 48.2094
14 4 97.2965
79 69 36.8158
31 21 83.0012
107 97 18.4376
60 50 61.7277
80 70 51.9654
14 4 95.2674
25 15 90.2766
90 80 35.5407
20 10 92.9354
87 77 55.092
22 12 87.2337
18 8 94.0687
73 63 63.2057
95 85 30.0721
67 57 43.5732
94 84 44.7615
28 18 80.3802
105 95 11.0536
21 11 87.9
65 55 43.1518
98 88 31.8931
25 15 89.7737
78 68 66.0904
16 6 92.1082
52 42 48.0568
39 29 68.4442
52 42 63.2836
106 96 16.6987
75 65 46.9814
23 13 86.4993
47 37 75.9704
94 84 30.9681
54 44 69.1991
73 63 56.9406
31 21 78.8864
30 20 83.2237
49 39 66.8682
89 79 50.8982
69 59 45.1047
104 94 22.5274
92 82 31.6395
104 94 23.7354
102 92 19.7838
13 3 97.6717
69 59 38.378
49 39 58.4261
90 80 30.3315
14 4 95.1542
89 79 31.9575
22 12 82.3829
48 38 68.4276
25 15 87.9244
66 56 67.4797
90 80 52.9067
28 18 81.1837
30 20 82.6936
70 60 54.1284
71 61 41.7936
95 85 43.4624
38 28 71.0346
103 93 15.2709
74 64 36.5408
37 27 80.9442
24 14 89.8059
89 79 25.3371
51 41 67.3548
57 47 50.0825
99 89 17.0123
54 44 65.5015
24 14 85.6273
106 96 43.0913
32 22 78.3614
11 1 98.8553
56 46 54.0828
80 70 37.5475
83 73 34.7947
75 65 47.1488
91 81 31.5866
23 13 88.3431
21 11 90.1474
97 87 26.2011
47 37 69.264
80 70 32.1172
72 62 38.3359
98 88 30.8536
29 19 87.3346
32 22 80.6242
99 89 32.571
83 73 35.6911
37 27 74.8952
82 72 39.005
48 38 75.1498
109 99 14.2574
28 18 88.9871
85 75 41.993
72 62 66.1294
109 99 28.5669
80 70 28.5647
24 14 90.2177
11 1 99.0901
26 16 81.2738
56 46 62.9595
60 50 65.8695
62 52 49.8238
20 10 91.5141
30 20 79.9719
18 8 93.9504
14 4 96.7154
80 70 58.0294
63 53 56.157
100 90 30.787
87 77 46.7336
93 83 25.3875
84 74 35.8298
42 32 82.983
72 62 48.1428
54 44 46.289
17 7 96.2165
44 34 71.1847
72 62 41.9321
47 37 61.1368
93 83 42.3437
69 59 60.4149
25 15 91.8071
24 14 87.2674
62 52 54.9214
110 100 19.048
50 40 75.3042
82 72 54.099
56 46 65.7137
58 48 49.2664
30 20 84.2595
64 54 58.55
29 19 87.2674
76 66 61.464
16 6 92.8776
41 31 72.0529
94 84 48.2455
60 50 53.2798
85 75 39.0575
57 47 69.8562
31 21 80.4107
55 45 64.5516
60 50 60.0408
89 79 32.0628
19 9 89.7453
98 88 38.3706
101 91 22.9882
28 18 89.4708
51 41 67.3089
108 98 45.0603
25 15 85.8569
85 75 49.4082
56 46 62.7058
14 4 95.3103
61 51 39.7782
23 13 84.0926
64 54 62.7739
88 78 40.4369
82 72 60.3356
26 16 83.7957
25 15 80.3157
71 61 40.531
89 79 33.4061
80 70 56.9859
69 59 49.4364
44 34 64.8524
46 36 72.9914
15 5 95.7501
88 78 34.1114
47 37 70.7836
83 73 37.3468
26 16 80.8992
17 7 92.5078
87 77 37.1978
109 99 27.4817
54 44 50.9853
58 48 72.4439
30 20 84.4212
101 91 35.9796
13 3 96.138
97 87 30.2302
71 61 55.3863
108 98 41.9075
74 64 45.9915
78 68 28.6535
29 19 82.4301
55 45 48.4305
86 76 27.8499
109 99 43.7225
76 66 26.5421
51 41 71.6291
18 8 91.0154
47 37 65.6327
76 66 54.9555
76 66 38.7519
83 73 45.2808
93 83 30.9881
108 98 25.7973
64 54 57.5626
57 47 54.5796
12 2 98.4878
14 4 96.1263
72 62 57.6096
54 44 59.4904
62 52 46.206
84 74 39.6144
90 80 40.1538
50 40 65.7899
103 93 24.946
81 71 30.9058
54 44 73.5632
46 36 62.0991
58 48 70.5617
40 30 70.3585
65 55 40.0765
21 11 92.4194
47 37 64.9024
91 81 15.3813
18 8 91.8166
36 26 81.429
83 73 35.8262
13 3 97.2255
100 90 40.1664
101 91 22.7663
91 81 29.6317
95 85 55.0045
75 65 32.5105
104 94 30.9292
46 36 65.5744
54 44 51.8112
101 91 37.8779
79 69 42.5352
86 76 34.4006
72 62 34.491
95 85 50.4455
73 63 49.0056
14 4 96.5522
102 92 26.2031
46 36 74.7032
75 65 63.1405
22 12 89.023
57 47 69.7025
110 100 18.157
92 82 36.8073
34 24 76.9568
107 97 48.1039
61 51 41.8104
16 6 93.1843
58 48 62.6551
83 73 34.3888
55 45 73.4072
88 78 49.3169
104 94 30.5555
74 64 65.7591
93 83 34.9742
65 55 43.5719
78 68 45.4209
99 89 27.8615
96 86 53.7846
58 48 71.6545
34 24 84.2834
22 12 89.8458
31 21 74.1683
56 46 53.6131
72 62 64.6947
40 30 61.3183
75 65 37.7242
103 93 21.9567
36 26 79.2883
52 42 68.6445
109 99 27.9333
48 38 68.3234
33 23 82.4337
54 44 67.952
39 29 79.5682
107 97 24.4095
55 45 69.2407
89 79 39.753
55 45 62.3516
70 60 50.6944
90 80 43.6762
38 28 80.2995
20 10 90.8095
103 93 23.3357
54 44 60.4164
64 54 59.29
23 13 90.84
107 97 22.5369
85 75 36.3681
69 59 40.0664
36 26 82.8318
75 65 36.9311
37 27 71.3586
108 98 25.0821
84 74 34.5004
69 59 52.3076
100 90 20.2185
108 98 29.5403
