400 9881 4.3589
26 16 1.1513
53 43 17.434
31 21 3.1898
66 56 17.909
21 11 0.6471
13 3 0.0686
79 69 16.4893
37 27 4.6311
40 30 5.2016
42 32 4.3243
40 30 3.8115
98 88 54.8859
87 77 49.2692
13 3 0.0881
84 74 45.6354
84 74 30.6141
43 33 5.7518
64 54 18.3672
34 24 2.4593
95 85 66.7473
80 70 36.8862
46 36 6.609
78 68 13.9114
57 47 9.5772
75 65 14.2756
94 84 49.0882
50 40 6.4242
80 70 44.4436
27 17 2.2883
93 83 62.5191
73 63 15.1305
33 23 2.625
58 48 12.0659
25 15 0.6285
91 81 25.6036
11 1 0.0028
60 50 12.4736
48 38 12.6245
27 17 0.9258
93 83 61.8897
13 3 0.0847
12 2 0.0352
40 30 6.8435
11 1 0.005
91 81 47.8656
98 88 52.393
37 27 4.8682
67 57 13.8295
104 94 22.2397
107 97 55.765
59 49 10.6681
79 69 29.7636
17 7 0.2713
28 18 0.9787
77 67 14.179
69 59 9.2818
36 26 1.9455
81 71 17.0123
19 9 0.7546
100 90 80.9946
21 11 0.6023
37 27 1.9088
98 88 72.1463
105 95 68.0741
44 34 5.8057
101 91 59.9014
96 86 32.0288
48 38 3.8377
75 65 11.1002
108 98 62.3121
42 32 6.1727
74 64 12.8608
102 92 56.5218
71 61 17.4799
87 77 35.121
92 82 41.1227
79 69 17.5712
90 80 45.3319
102 92 81.0576
44 34 10.7099
20 10 0.8828
55 45 7.478
34 24 4.8097
58 48 6.855
67 57 9.2751
73 63 13.1791
68 58 16.9489
61 51 10.2445
45 35 11.7204
41 31 6.257
61 51 21.9455
107 97 26.3241
54 44 11.5954
73 63 30.7326
84 74 46.2958
30 20 1.0574
74 64 37.3358
82 72 21.696
45 35 7.1808
30 20 2.5709
41 31 6.0035
26 16 1.0026
100 90 54.7659
71 61 27.908
78 68 21.265
65 55 14.2114
30 20 3.3775
92 82 53.4697
38 28 4.7537
87 77 17.1512
28 18 1.3417
19 9 0.7987
38 28 2.0592
26 16 0.7944
99 89 37.2869
96 86 24.6185
11 1 0.004
13 3 0.0649
22 12 0.859
103 93 85.7865
79 69 13.7582
29 19 3.0189
21 11 0.9206
37 27 6.9891
83 73 31.59
46 36 12.4411
82 72 37.6345
41 31 4.1927
72 62 27.8151
90 80 43.0375
75 65 11.0802
92 82 24.988
95 85 57.9258
56 46 12.0007
31 21 3.291
76 66 18.0056
38 28 7.4093
50 40 5.1979
79 69 46.172
35 25 2.5091
41 31 3.451
68 58 28.2694
60 50 24.3098
40 30 6.0319
12 2 0.0102
42 32 7.7568
74 64 16.2699
31 21 2.3403
35 25 2.8863
50 40 11.3118
22 12 0.81
71 61 32.8604
12 2 0.0289
35 25 2.2792
56 46 20.7243
72 62 15.1741
26 16 2.1533
22 12 0.5339
21 11 0.5667
38 28 6.28
50 40 5.957
18 8 0.6134
19 9 0.4753
101 91 45.3845
26 16 1.7274
79 69 15.9944
95 85 57.2277
21 11 1.0572
101 91 64.9475
100 90 45.9752
77 67 12.6259
86 76 22.0449
40 30 6.9337
105 95 66.3687
93 83 66.6084
106 96 58.446
18 8 0.3941
43 33 5.1239
60 50 15.5394
70 60 31.2269
91 81 64.9572
63 53 22.9786
45 35 8.2668
55 45 14.8425
108 98 24.5065
39 29 4.7979
70 60 20.2275
35 25 4.1465
26 16 2.1706
103 93 32.0073
17 7 0.3879
65 55 18.8096
76 66 17.693
48 38 6.2031
22 12 0.4199
42 32 8.4698
103 93 33.3853
68 58 13.639
64 54 25.8613
49 39 7.0474
65 55 9.9976
103 93 31.8412
79 69 29.6219
81 71 49.1808
104 94 51.5208
66 56 8.0021
45 35 4.1857
58 48 22.3871
80 70 28.0275
25 15 1.7213
90 80 50.9225
102 92 32.4797
21 11 1.0084
44 34 10.9892
20 10 0.6926
72 62 33.1269
87 77 58.6679
100 90 57.2474
29 19 1.8953
60 50 22.6843
24 14 1.3907
19 9 0.7225
98 88 32.8902
76 66 31.313
56 46 7.863
28 18 2.3889
59 49 22.8694
57 47 16.0296
100 90 25.9509
90 80 51.7004
30 20 2.3498
67 57 15.9185
16 6 0.134
14 4 0.119
110 100 80.3336
43 33 10.5807
94 84 49.893
34 24 2.2922
72 62 23.7705
46 36 9.7563
64 54 21.7277
66 56 30.634
44 34 2.9677
54 44 18.1791
40 30 5.76
99 89 57.0659
35 25 3.1018
94 84 19.9764
106 96 36.6437
107 97 60.6374
60 50 6.6533
61 51 24.3493
15 5 0.1146
40 30 4.9164
19 9 0.3187
104 94 74.7101
73 63 14.9769
24 14 0.5059
90 80 58.4078
26 16 1.1907
13 3 0.0835
94 84 43.09
82 72 27.5006
48 38 5.2231
79 69 44.4542
91 81 37.7758
99 89 20.598
54 44 18.0829
31 21 3.417
63 53 25.1994
11 1 0.0055
33 23 3.2613
16 6 0.3553
63 53 25.7445
74 64 34.8749
80 70 34.281
63 53 14.8988
61 51 9.2562
76 66 13.2926
56 46 8.735
83 73 28.7521
32 22 3.4136
81 71 49.9213
85 75 18.7177
75 65 37.1356
39 29 6.8497
82 72 28.1261
31 21 3.9374
29 19 1.2846
68 58 25.3472
68 58 12.0694
65 55 26.8614
44 34 8.5884
33 23 3.9577
104 94 87.0937
77 67 43.0822
14 4 0.0541
71 61 17.9428
34 24 3.235
40 30 7.4917
90 80 21.4953
97 87 30.327
73 63 18.2491
71 61 12.4151
36 26 4.7332
52 42 8.8126
47 37 4.1481
105 95 72.0988
27 17 1.1496
96 86 39.6925
44 34 3.1737
98 88 44.1826
73 63 32.9086
20 10 0.3886
11 1 0.0075
65 55 8.3619
78 68 15.1874
105 95 35.2979
94 84 62.3137
56 46 17.2865
56 46 8.3025
19 9 0.7422
25 15 0.7307
110 100 30.898
70 60 16.626
44 34 8.1459
103 93 38.671
109 99 35.758
52 42 7.2302
51 41 16.2071
29 19 1.1759
58 48 13.6612
26 16 1.6284
105 95 68.6876
32 22 1.689
54 44 8.5697
11 1 0.0045
92 82 63.6533
65 55 24.372
102 92 55.9923
35 25 3.831
15 5 0.0806
91 81 47.2533
78 68 18.7619
103 93 44.152
13 3 0.0402
22 12 1.1623
97 87 59.1715
14 4 0.0966
26 16 0.7372
22 12 1.4271
88 78 57.2792
47 37 3.6899
98 88 68.7938
54 44 15.3131
78 68 28.7993
60 50 6.5056
110 100 38.1912
76 66 35.3097
17 7 0.1277
40 30 7.6425
70 60 9.294
15 5 0.0661
25 15 1.8827
83 73 34.4839
47 37 5.3084
16 6 0.1053
94 84 59.8441
106 96 47.6928
99 89 51.5854
61 51 14.8117
16 6 0.2476
24 14 0.5001
34 24 3.9673
76 66 33.0982
43 33 5.0567
79 69 35.2029
106 96 70.3015
25 15 0.6628
22 12 0.6997
54 44 17.4707
94 84 51.1726
104 94 45.5841
75 65 33.4685
92 82 29.3818
87 77 42.3384
45 35 6.3867
39 29 3.978
64 54 9.0806
62 52 6.9485
35 25 2.4973
64 54 10.2323
67 57 18.4204
40 30 3.6941
93 83 23.5409
18 8 0.4122
84 74 31.0762
60 50 10.5508
42 32 3.6443
53 43 14.7118
