900 22838 9.9499
58 48 131.9084
56 46 60.9167
45 35 103.9279
96 86 10.8529
67 57 36.7341
99 89 10.972
80 70 7.3419
73 63 124.3486
30 20 9.902
82 72 26.2708
42 32 54.1006
87 77 22.3567
78 68 51.8255
23 13 3.6671
60 50 75.2532
82 72 24.7154
58 48 115.4067
52 42 19.4209
29 19 26.6476
77 67 58.3246
37 27 66.5663
106 96 0.2671
31 21 4.9271
47 37 7.9823
59 49 137.4216
64 54 196.0234
71 61 124.8682
75 65 52.0698
27 17 5.9779
95 85 3.6229
107 97 0.3493
74 64 120.6132
98 88 12.9777
98 88 4.5723
54 44 183.4118
93 83 9.1003
38 28 71.8513
56 46 113.6415
68 58 140.5363
53 43 161.2867
107 97 0.7121
84 74 63.1424
17 7 4.0125
64 54 217.0678
22 12 8.4528
58 48 44.8238
86 76 7.9908
104 94 0.5689
92 82 2.0165
24 14 6.7447
21 11 6.7518
51 41 83.3701
57 47 50.6918
34 24 47.8981
68 58 104.4964
16 6 0.0774
90 80 34.3379
26 16 19.0966
49 39 42.6795
102 92 0.9958
31 21 0.1345
34 24 55.0787
107 97 0.0649
54 44 49.8101
37 27 10.5435
78 68 29.7989
55 45 36.0487
100 90 8.2653
56 46 234.3129
33 23 46.99
49 39 79.285
20 10 9.8558
93 83 19.7247
44 34 91.1988
20 10 0.0985
53 43 58.7259
88 78 14.2647
54 44 0.6533
11 1 0.0095
50 40 168.6852
26 16 13.7886
40 30 9.9974
103 93 4.787
22 12 10.1093
22 12 10.4496
29 19 10.3068
110 100 0.0
44 34 110.1235
17 7 4.7161
73 63 40.1711
97 87 9.1058
11 1 0.0297
39 29 0.7305
62 52 190.6929
39 29 3.1599
96 86 12.3907
28 18 22.3211
74 64 16.1812
59 49 111.7193
80 70 47.3237
87 77 27.1204
18 8 3.6434
102 92 6.0301
56 46 201.6876
28 18 3.6582
37 27 29.0505
63 53 121.779
40 30 82.8419
93 83 11.6182
28 18 30.5287
57 47 241.6157
87 77 15.2314
103 93 2.743
56 46 149.1174
83 73 52.289
91 81 9.8758
48 38 63.6149
109 99 0.0514
76 66 19.0515
70 60 19.7932
80 70 51.7655
74 64 123.4332
101 91 2.5935
107 97 0.4397
34 24 43.524
81 71 42.2616
84 74 60.9731
91 81 35.4409
38 28 61.7873
58 48 171.2679
31 21 17.898
104 94 1.8248
73 63 48.5314
95 85 11.601
16 6 0.2445
87 77 0.3334
87 77 54.4404
109 99 0.0547
53 43 51.6131
89 79 8.0316
83 73 60.8357
91 81 9.2568
17 7 5.3807
70 60 72.6662
109 99 0.0029
85 75 50.8973
83 73 6.7734
59 49 143.909
33 23 50.1616
70 60 12.3715
65 55 167.034
39 29 32.199
85 75 3.4792
15 5 2.6877
78 68 9.8988
85 75 7.8995
30 20 31.6448
11 1 0.012
15 5 0.9955
102 92 6.1531
20 10 5.3396
17 7 4.4616
70 60 148.1603
18 8 2.6259
57 47 188.1092
28 18 11.2535
47 37 136.7001
49 39 51.5713
99 89 3.5498
54 44 101.6233
78 68 27.2053
72 62 145.9924
105 95 0.0841
11 1 0.1055
34 24 26.539
62 52 137.1584
60 50 64.7558
71 61 129.9887
53 43 66.5455
104 94 1.0473
76 66 101.2346
18 8 3.96
105 95 0.6491
60 50 178.1427
13 3 0.2856
62 52 102.141
42 32 30.4228
45 35 103.6844
50 40 148.9774
95 85 24.2958
68 58 1.5618
100 90 2.3203
66 56 94.2294
74 64 139.9833
88 78 16.6126
65 55 180.9567
26 16 19.6754
53 43 36.4448
32 22 31.3961
52 42 119.1443
94 84 6.4195
83 73 79.8098
40 30 31.0589
14 4 0.1932
67 57 153.1178
73 63 45.4957
67 57 19.276
37 27 75.2666
53 43 65.3884
72 62 110.9654
69 59 14.9299
12 2 0.2133
12 2 0.3476
64 54 215.8063
58 48 201.4566
86 76 5.0997
101 91 6.9361
96 86 19.7594
86 76 15.6796
65 55 52.0486
71 61 2.8743
94 84 27.7581
18 8 2.8033
31 21 16.5234
31 21 28.2828
107 97 0.0697
106 96 0.4854
20 10 9.4252
109 99 0.03
33 23 49.05
81 71 31.7239
14 4 1.2724
85 75 24.3815
100 90 9.8337
11 1 0.1086
98 88 9.1819
38 28 51.0854
33 23 0.2991
79 69 31.225
108 98 0.2499
53 43 46.5119
87 77 16.1999
49 39 32.9092
89 79 36.7209
38 28 86.1431
20 10 8.2872
62 52 223.8379
71 61 62.114
53 43 41.7291
18 8 0.0455
54 44 49.0856
90 80 36.9319
64 54 102.8308
61 51 239.832
102 92 2.1162
58 48 208.0061
32 22 48.599
25 15 22.446
25 15 11.4289
84 74 52.5869
105 95 1.9196
16 6 2.6146
105 95 2.6187
68 58 24.6666
91 81 19.5296
85 75 50.2296
15 5 0.7063
34 24 57.9548
28 18 11.0415
40 30 36.0948
72 62 110.4393
75 65 76.3193
79 69 56.7848
93 83 28.3611
73 63 95.3589
26 16 9.5833
61 51 69.8994
104 94 1.268
97 87 4.8471
56 46 114.9203
63 53 20.1952
75 65 58.249
77 67 113.5689
21 11 7.8879
78 68 90.6852
64 54 233.4759
24 14 5.4572
66 56 51.3355
41 31 79.3453
99 89 7.6273
33 23 2.5965
80 70 39.1896
34 24 44.7456
75 65 109.7249
92 82 32.522
108 98 0.2249
103 93 3.4323
79 69 56.5706
72 62 150.2974
101 91 7.1586
59 49 82.4414
107 97 0.4983
56 46 81.2517
53 43 193.9512
14 4 1.243
67 57 84.2044
37 27 19.9488
72 62 44.4827
53 43 44.9163
94 84 2.2282
43 33 77.1582
20 10 4.8992
84 74 40.9345
38 28 50.5569
94 84 13.4123
31 21 0.2665
12 2 0.1972
60 50 182.9838
96 86 1.8121
44 34 30.5375
66 56 180.5421
30 20 25.868
98 88 14.1155
109 99 0.1056
56 46 11.7605
87 77 23.0576
17 7 3.0684
67 57 203.5633
29 19 9.5552
104 94 2.8447
54 44 8.6548
51 41 76.2217
14 4 1.5722
53 43 4.4238
82 72 36.5639
69 59 143.1544
78 68 10.1885
103 93 3.1713
71 61 98.9909
63 53 72.2036
57 47 16.4676
61 51 34.0564
44 34 122.5897
82 72 58.0026
88 78 23.4925
86 76 31.3453
62 52 160.7669
65 55 74.8527
50 40 124.7461
59 49 147.2076
31 21 16.0947
107 97 0.0627
64 54 167.6949
28 18 13.1755
43 33 14.9301
65 55 219.2774
72 62 16.7744
42 32 65.0103
25 15 1.8574
107 97 0.4962
92 82 20.4894
93 83 2.9165
71 61 91.2834
84 74 65.5664
74 64 8.5963
54 44 199.0644
28 18 20.7999
70 60 66.0174
75 65 50.9348
90 80 12.6404
84 74 69.0897
48 38 96.0998
62 52 220.7386
82 72 48.6034
76 66 79.2534
80 70 59.239
26 16 25.4972
108 98 0.083
109 99 0.0257
53 43 165.732
60 50 85.0069
26 16 7.7339
98 88 3.2994
50 40 50.107
61 51 126.6596
74 64 134.1027
20 10 3.675
11 1 0.0384
34 24 55.2484
61 51 171.0421
73 63 5.2491
102 92 1.7248
72 62 145.8423
23 13 17.5381
41 31 53.8176
26 16 25.7054
40 30 34.7745
66 56 188.6728
85 75 48.868
46 36 31.7747
73 63 109.2928
92 82 18.3521
103 93 1.8773
57 47 203.8802
81 71 34.3627
22 12 5.1971
22 12 13.8037
20 10 1.0042
108 98 0.141
20 10 2.8973
86 76 61.4665
79 69 13.2041
103 93 0.1905
67 57 171.2841
18 8 0.41
14 4 0.8543
79 69 8.5944
63 53 162.644
56 46 25.7792
87 77 42.8481
56 46 206.5639
14 4 1.3559
20 10 7.7253
77 67 97.6583
60 50 111.2556
48 38 37.6528
80 70 6.5491
11 1 0.0168
95 85 8.4803
107 97 0.5505
66 56 124.2793
93 83 5.7942
106 96 1.1597
21 11 11.1974
26 16 18.6741
29 19 18.9963
26 16 19.0361
70 60 63.413
37 27 39.6916
16 6 3.6175
60 50 227.9989
45 35 21.749
25 15 2.0483
89 79 25.5972
57 47 97.9078
44 34 54.1517
83 73 33.7888
105 95 1.2029
60 50 214.7871
67 57 155.4409
48 38 65.4283
17 7 2.1598
85 75 15.2116
57 47 103.8696
45 35 55.5543
13 3 0.3139
17 7 4.0551
45 35 8.5441
64 54 124.9062
55 45 24.8841
22 12 12.5823
79 69 34.4666
107 97 0.4635
44 34 37.3223
61 51 65.8673
101 91 3.6193
106 96 0.3624
20 10 9.4589
75 65 74.9358
90 80 2.3041
102 92 5.6053
23 13 15.0086
22 12 6.9143
96 86 3.6433
24 14 14.3096
91 81 35.5523
91 81 39.1821
14 4 1.2167
75 65 75.444
62 52 137.2411
99 89 8.3319
47 37 30.6992
82 72 72.2136
11 1 0.0365
98 88 8.3787
14 4 0.2407
47 37 44.3441
105 95 0.1198
63 53 1.4401
74 64 28.0791
90 80 11.0893
33 23 11.261
13 3 0.4487
80 70 79.306
70 60 1.3837
32 22 33.4303
71 61 58.1035
57 47 203.8701
60 50 25.3261
79 69 68.7558
87 77 9.2673
84 74 8.9357
109 99 0.0758
96 86 20.7611
12 2 0.3104
80 70 74.2676
80 70 88.5093
51 41 149.7016
51 41 68.4315
32 22 40.0772
100 90 1.2778
74 64 110.3601
45 35 111.2839
110 100 0.0
14 4 0.096
46 36 97.6337
37 27 57.8533
43 33 69.285
109 99 0.0782
26 16 5.8215
67 57 114.6714
89 79 30.8884
59 49 56.3704
20 10 1.9913
19 9 3.8142
88 78 27.1865
86 76 41.0498
25 15 10.5007
24 14 12.9966
95 85 20.7427
88 78 39.0689
49 39 74.0851
39 29 23.7534
15 5 2.6668
64 54 27.0554
100 90 6.7811
15 5 0.7945
68 58 5.4903
31 21 36.0451
17 7 1.2231
78 68 100.3044
34 24 14.6105
64 54 147.302
54 44 178.9069
16 6 1.3578
79 69 11.1976
37 27 38.6693
96 86 17.4493
19 9 7.0362
108 98 0.2233
87 77 13.1939
75 65 110.3239
78 68 41.5462
82 72 26.9885
71 61 53.9414
74 64 95.6256
101 91 6.0478
55 45 170.0315
45 35 37.4379
32 22 22.9654
37 27 62.6017
23 13 15.4915
91 81 37.462
58 48 14.9247
38 28 7.21
83 73 74.7089
78 68 23.0173
100 90 2.7823
63 53 140.3433
92 82 16.6377
47 37 45.4625
85 75 28.5915
81 71 30.9589
81 71 13.3745
80 70 71.0908
41 31 47.7462
54 44 157.3973
51 41 170.6834
90 80 32.1741
60 50 59.0143
20 10 2.8072
21 11 7.8971
87 77 49.9459
78 68 25.5078
57 47 52.622
91 81 35.9919
11 1 0.0447
96 86 14.0062
37 27 25.0406
24 14 16.2139
77 67 14.7117
69 59 168.5292
97 87 7.0619
63 53 82.4998
101 91 2.5342
66 56 68.5503
69 59 20.8253
47 37 27.5019
91 81 1.6228
53 43 108.414
23 13 8.9547
33 23 43.1172
15 5 1.6897
14 4 0.931
107 97 0.558
45 35 106.2135
80 70 24.7051
74 64 89.1372
46 36 96.4787
22 12 12.9434
104 94 1.9355
92 82 4.7814
105 95 0.7798
109 99 0.0814
88 78 7.0623
18 8 4.706
63 53 49.4577
68 58 152.3477
28 18 0.4178
31 21 12.7958
87 77 44.3242
18 8 6.1412
92 82 28.4863
16 6 2.2135
62 52 48.5535
70 60 11.0947
59 49 240.0387
40 30 49.6055
65 55 170.1016
82 72 75.6414
56 46 61.0034
107 97 0.227
12 2 0.03
38 28 13.0487
11 1 0.039
108 98 0.3556
55 45 99.855
92 82 15.0713
14 4 0.8323
39 29 0.8074
64 54 63.9893
16 6 3.114
96 86 2.3039
18 8 4.264
70 60 160.0832
81 71 93.0282
100 90 5.6108
43 33 57.2919
88 78 43.5008
70 60 56.8137
101 91 7.5992
32 22 31.4249
52 42 118.0263
76 66 72.5704
47 37 76.7079
24 14 6.9431
58 48 104.6347
62 52 55.8121
64 54 150.3166
76 66 106.7964
96 86 7.423
60 50 101.6187
32 22 1.1042
99 89 3.3104
35 25 36.3608
34 24 39.3827
65 55 36.2932
30 20 11.4123
100 90 2.2961
65 55 77.5766
95 85 22.7771
103 93 1.9257
46 36 132.1478
31 21 26.903
35 25 17.5274
66 56 94.5529
22 12 0.3782
109 99 0.0041
22 12 0.4797
77 67 30.7318
80 70 54.9044
48 38 3.3999
96 86 18.1641
66 56 72.0493
27 17 12.4795
56 46 131.0157
25 15 8.5403
71 61 101.0106
81 71 66.9858
44 34 3.5086
24 14 13.0431
88 78 21.7583
30 20 1.8081
39 29 25.1811
25 15 15.6892
87 77 24.8141
82 72 76.1164
91 81 38.9252
94 84 22.2854
38 28 26.5877
23 13 1.7857
88 78 12.9362
99 89 0.0706
67 57 6.5441
40 30 53.5977
22 12 6.3532
51 41 19.986
77 67 48.8266
27 17 18.0939
67 57 90.4273
16 6 3.5278
108 98 0.39
52 42 22.4587
40 30 38.2413
17 7 1.9514
14 4 0.2556
23 13 7.1218
40 30 74.2534
12 2 0.0932
59 49 91.1448
34 24 30.3777
110 100 0.0
106 96 1.4041
107 97 0.2427
37 27 7.413
27 17 26.1631
34 24 18.3847
92 82 35.8912
13 3 0.4886
90 80 40.1217
104 94 2.6192
91 81 21.7591
80 70 57.7086
49 39 105.6175
105 95 2.4888
11 1 0.0631
13 3 0.4551
72 62 47.5779
63 53 115.5958
60 50 0.6214
74 64 17.8739
40 30 12.5852
96 86 3.9099
58 48 139.2944
91 81 32.9919
97 87 5.0924
69 59 166.9515
65 55 212.2862
82 72 32.329
13 3 0.6153
104 94 2.3036
110 100 0.0
54 44 195.392
31 21 13.6074
99 89 2.7996
51 41 59.0932
57 47 83.7511
98 88 5.386
26 16 10.8731
91 81 9.8649
55 45 13.2269
70 60 76.3456
99 89 0.3603
63 53 164.0631
97 87 5.2772
86 76 2.6252
18 8 3.4988
95 85 8.4884
44 34 56.7928
17 7 1.8587
83 73 41.6515
42 32 64.0622
14 4 0.4942
25 15 4.0091
72 62 83.9875
35 25 32.0413
15 5 1.2664
71 61 53.8886
46 36 36.0157
95 85 21.4531
66 56 179.528
108 98 0.1919
81 71 31.433
81 71 61.0556
24 14 20.9537
107 97 0.6605
107 97 0.5492
30 20 33.0102
73 63 62.318
49 39 158.813
31 21 10.1913
81 71 42.9243
105 95 2.1619
17 7 3.7819
84 74 51.6911
24 14 9.4949
108 98 0.1445
40 30 70.7214
86 76 36.0603
86 76 25.4813
50 40 39.1219
99 89 11.4518
33 23 49.7403
49 39 165.411
14 4 1.3777
68 58 8.5457
35 25 50.4638
18 8 0.263
77 67 100.2185
31 21 31.5941
36 26 71.1102
79 69 61.3813
64 54 119.7385
16 6 0.551
82 72 37.8255
45 35 81.7871
93 83 5.6801
58 48 47.7583
74 64 86.6355
24 14 9.8661
92 82 25.6982
18 8 1.924
98 88 3.9093
90 80 15.8529
19 9 3.2605
84 74 19.048
103 93 4.4162
102 92 6.0605
22 12 14.6028
75 65 72.2677
93 83 0.6851
66 56 97.7159
20 10 4.1816
20 10 6.2724
28 18 17.425
12 2 0.2761
30 20 37.6337
106 96 0.8249
20 10 8.0069
58 48 224.354
103 93 2.9654
73 63 73.1307
85 75 66.0322
16 6 1.4591
28 18 34.3551
30 20 21.3902
94 84 16.4814
36 26 67.5595
97 87 4.6359
11 1 0.0693
51 41 145.2383
12 2 0.3633
39 29 48.6136
37 27 22.5742
52 42 142.7179
100 90 5.3059
15 5 2.3811
34 24 15.5732
69 59 146.2704
72 62 53.0408
36 26 38.6746
23 13 13.1292
84 74 24.0392
101 91 2.3428
40 30 40.026
48 38 121.3064
36 26 10.6062
59 49 170.5806
84 74 57.2065
65 55 144.1516
71 61 59.2046
79 69 72.3863
100 90 3.684
59 49 80.6914
57 47 109.8358
87 77 44.6735
38 28 23.9795
68 58 181.782
48 38 75.2079
30 20 1.3097
15 5 0.4586
75 65 29.1886
43 33 75.2546
96 86 9.2813
85 75 36.166
102 92 2.5224
24 14 17.0436
109 99 0.1061
87 77 49.9918
82 72 9.9781
85 75 40.9298
28 18 30.7186
13 3 0.2631
35 25 62.193
28 18 7.7807
15 5 1.5984
86 76 20.8872
46 36 123.4724
20 10 8.2479
39 29 4.7522
