400 9842 4.3589
12 12 1.44
40 40 16.0
16 16 2.56
86 86 73.96
36 36 12.96
27 27 7.29
62 62 38.44
63 63 39.69
12 12 1.44
61 61 37.21
4 4 0.16
64 64 40.96
37 37 13.69
81 81 65.61
23 23 5.29
1 1 0.01
76 76 57.76
46 46 21.16
89 89 79.21
27 27 7.29
45 45 20.25
45 45 20.25
2 2 0.04
50 50 25.0
32 32 10.24
16 16 2.56
53 53 28.09
59 59 34.81
30 30 9.0
94 94 88.36
65 65 42.25
72 72 51.84
52 52 27.04
98 98 96.04
44 44 19.36
43 43 18.49
68 68 46.24
29 29 8.41
43 43 18.49
18 18 3.24
92 92 84.64
68 68 46.24
83 83 68.89
49 49 24.01
33 33 10.89
94 94 88.36
92 92 84.64
24 24 5.76
45 45 20.25
51 51 26.01
13 13 1.69
56 56 31.36
19 19 3.61
97 97 94.09
42 42 17.64
86 86 73.96
87 87 75.69
94 94 88.36
71 71 50.41
86 86 73.96
6 6 0.36
86 86 73.96
2 2 0.04
8 8 0.64
23 23 5.29
65 65 42.25
90 90 81.0
59 59 34.81
44 44 19.36
65 65 42.25
34 34 11.56
10 10 1.0
96 96 92.16
11 11 1.21
29 29 8.41
21 21 4.41
83 83 68.89
55 55 30.25
2 2 0.04
9 9 0.81
45 45 20.25
36 36 12.96
59 59 34.81
4 4 0.16
3 3 0.09
59 59 34.81
75 75 56.25
11 11 1.21
8 8 0.64
22 22 4.84
82 82 67.24
93 93 86.49
82 82 67.24
55 55 30.25
59 59 34.81
27 27 7.29
31 31 9.61
53 53 28.09
82 82 67.24
75 75 56.25
23 23 5.29
87 87 75.69
14 14 1.96
26 26 6.76
31 31 9.61
80 80 64.0
9 9 0.81
23 23 5.29
48 48 23.04
36 36 12.96
92 92 84.64
96 96 92.16
88 88 77.44
21 21 4.41
82 82 67.24
28 28 7.84
68 68 46.24
57 57 32.49
91 91 82.81
41 41 16.81
24 24 5.76
49 49 24.01
98 98 96.04
49 49 24.01
38 38 14.44
46 46 21.16
96 96 92.16
43 43 18.49
47 47 22.09
75 75 56.25
38 38 14.44
55 55 30.25
94 94 88.36
13 13 1.69
37 37 13.69
67 67 44.89
78 78 60.84
12 12 1.44
67 67 44.89
74 74 54.76
96 96 92.16
27 27 7.29
13 13 1.69
93 93 86.49
68 68 46.24
6 6 0.36
2 2 0.04
33 33 10.89
11 11 1.21
25 25 6.25
63 63 39.69
8 8 0.64
79 79 62.41
75 75 56.25
56 56 31.36
4 4 0.16
24 24 5.76
75 75 56.25
81 81 65.61
11 11 1.21
58 58 33.64
25 25 6.25
88 88 77.44
88 88 77.44
44 44 19.36
65 65 42.25
60 60 36.0
82 82 67.24
96 96 92.16
91 91 82.81
28 28 7.84
82 82 67.24
88 88 77.44
38 38 14.44
68 68 46.24
47 47 22.09
4 4 0.16
9 9 0.81
53 53 28.09
11 11 1.21
56 56 31.36
99 99 98.01
84 84 70.56
14 14 1.96
59 59 34.81
94 94 88.36
67 67 44.89
71 71 50.41
31 31 9.61
41 41 16.81
50 50 25.0
41 41 16.81
37 37 13.69
56 56 31.36
3 3 0.09
31 31 9.61
20 20 4.0
39 39 15.21
84 84 70.56
32 32 10.24
46 46 21.16
7 7 0.49
43 43 18.49
54 54 29.16
9 9 0.81
23 23 5.29
42 42 17.64
57 57 32.49
27 27 7.29
30 30 9.0
10 10 1.0
91 91 82.81
9 9 0.81
25 25 6.25
22 22 4.84
23 23 5.29
72 72 51.84
86 86 73.96
80 80 64.0
11 11 1.21
85 85 72.25
75 75 56.25
26 26 6.76
31 31 9.61
21 21 4.41
91 91 82.81
28 28 7.84
25 25 6.25
88 88 77.44
17 17 2.89
71 71 50.41
71 71 50.41
98 98 96.04
18 18 3.24
93 93 86.49
14 14 1.96
22 22 4.84
43 43 18.49
30 30 9.0
13 13 1.69
4 4 0.16
15 15 2.25
72 72 51.84
28 28 7.84
93 93 86.49
58 58 33.64
38 38 14.44
54 54 29.16
51 51 26.01
25 25 6.25
87 87 75.69
68 68 46.24
97 97 94.09
46 46 21.16
57 57 32.49
50 50 25.0
85 85 72.25
87 87 75.69
3 3 0.09
96 96 92.16
60 60 36.0
11 11 1.21
14 14 1.96
83 83 68.89
90 90 81.0
69 69 47.61
55 55 30.25
64 64 40.96
34 34 11.56
23 23 5.29
53 53 28.09
88 88 77.44
57 57 32.49
40 40 16.0
38 38 14.44
37 37 13.69
13 13 1.69
44 44 19.36
97 97 94.09
82 82 67.24
20 20 4.0
4 4 0.16
60 60 36.0
3 3 0.09
61 61 37.21
3 3 0.09
35 35 12.25
92 92 84.64
74 74 54.76
56 56 31.36
30 30 9.0
99 99 98.01
49 49 24.01
13 13 1.69
79 79 62.41
97 97 94.09
64 64 40.96
80 80 64.0
87 87 75.69
75 75 56.25
73 73 53.29
16 16 2.56
54 54 29.16
96 96 92.16
16 16 2.56
95 95 90.25
16 16 2.56
37 37 13.69
52 52 27.04
31 31 9.61
33 33 10.89
83 83 68.89
48 48 23.04
37 37 13.69
90 90 81.0
8 8 0.64
4 4 0.16
6 6 0.36
20 20 4.0
7 7 0.49
83 83 68.89
21 21 4.41
54 54 29.16
12 12 1.44
5 5 0.25
9 9 0.81
45 45 20.25
14 14 1.96
96 96 92.16
20 20 4.0
43 43 18.49
6 6 0.36
91 91 82.81
52 52 27.04
75 75 56.25
88 88 77.44
3 3 0.09
58 58 33.64
1 1 0.01
21 21 4.41
82 82 67.24
97 97 94.09
69 69 47.61
23 23 5.29
72 72 51.84
74 74 54.76
19 19 3.61
51 51 26.01
48 48 23.04
36 36 12.96
26 26 6.76
71 71 50.41
13 13 1.69
24 24 5.76
91 91 82.81
39 39 15.21
87 87 75.69
1 1 0.01
84 84 70.56
59 59 34.81
21 21 4.41
33 33 10.89
61 61 37.21
9 9 0.81
100 100 100.0
32 32 10.24
47 47 22.09
58 58 33.64
77 77 59.29
18 18 3.24
81 81 65.61
68 68 46.24
98 98 96.04
9 9 0.81
16 16 2.56
11 11 1.21
33 33 10.89
95 95 90.25
44 44 19.36
88 88 77.44
43 43 18.49
66 66 43.56
20 20 4.0
81 81 65.61
50 50 25.0
20 20 4.0
35 35 12.25
89 89 79.21
21 21 4.41
49 49 24.01
69 69 47.61
75 75 56.25
84 84 70.56
56 56 31.36
32 32 10.24
30 30 9.0
74 74 54.76
43 43 18.49
52 52 27.04
51 51 26.01
