400 10316 9.9499
78 68 22.2058
59 49 22.3786
36 26 2.1577
46 36 5.7198
45 35 5.5117
17 7 0.1338
85 75 38.5355
61 51 14.5626
106 96 60.7667
101 91 30.987
74 64 18.4101
78 68 41.6993
28 18 3.079
93 83 29.7058
78 68 18.3218
33 23 5.2583
95 85 32.3147
63 53 21.5621
84 74 50.8412
107 97 31.6564
29 19 3.2231
30 20 1.8994
66 56 10.3266
26 16 2.5027
96 86 30.4848
58 48 9.4016
80 70 25.7719
45 35 11.1549
31 21 1.3033
56 46 13.69
70 60 13.942
84 74 35.7066
18 8 0.3561
14 4 0.1113
50 40 15.2818
46 36 8.7509
27 17 0.8416
79 69 27.8393
38 28 2.5549
77 67 17.6064
39 29 6.365
98 88 32.0231
26 16 1.9721
108 98 78.0166
40 30 2.9166
99 89 63.2311
102 92 50.1944
93 83 23.8837
98 88 68.5203
17 7 0.1475
11 1 0.0089
93 83 22.2067
81 71 34.8466
77 67 18.5356
11 1 0.0059
91 81 46.582
90 80 23.9454
78 68 41.5367
45 35 5.7102
16 6 0.1716
63 53 9.6777
30 20 2.3019
41 31 5.507
95 85 60.1897
17 7 0.2821
46 36 7.8221
17 7 0.4429
30 20 2.4571
77 67 17.8388
97 87 29.3829
107 97 26.9195
86 76 28.245
82 72 27.8879
34 24 1.6494
78 68 42.6749
110 100 82.0637
86 76 43.0454
39 29 5.6411
48 38 9.0174
39 29 2.6111
17 7 0.1421
63 53 11.0277
99 89 27.4681
43 33 5.3186
15 5 0.0885
49 39 5.4214
78 68 46.0091
85 75 29.852
64 54 9.2769
18 8 0.3311
45 35 7.997
76 66 22.8054
30 20 1.6489
18 8 0.1784
104 94 87.5329
78 68 43.324
73 63 16.166
98 88 49.4617
75 65 36.8267
81 71 31.8434
22 12 0.8136
28 18 2.108
45 35 9.4175
74 64 23.4382
72 62 12.2738
53 43 6.6683
24 14 0.8402
61 51 7.6336
15 5 0.0717
100 90 49.4026
54 44 7.9315
24 14 1.1848
83 73 46.096
48 38 6.9759
100 90 24.2704
94 84 67.2695
108 98 29.3862
110 100 36.9555
30 20 2.3134
25 15 1.0535
49 39 8.2674
35 25 1.9238
58 48 18.285
97 87 61.5911
19 9 0.6543
46 36 6.5874
31 21 3.9864
97 87 66.677
93 83 66.8715
22 12 1.3792
24 14 1.5297
109 99 44.7615
99 89 27.2421
11 1 0.0094
44 34 10.89
35 25 5.6288
88 78 22.0656
62 52 24.112
68 58 9.9465
14 4 0.1529
92 82 46.9033
87 77 21.5129
20 10 0.7917
38 28 6.9148
71 61 14.1557
64 54 20.9755
80 70 35.8741
74 64 23.3995
107 97 38.1912
46 36 4.8356
88 78 54.8355
105 95 30.9703
103 93 63.2852
39 29 2.8473
89 79 26.009
93 83 59.9355
65 55 25.2687
88 78 22.6414
103 93 63.5624
24 14 0.8044
89 79 30.9848
104 94 36.3392
60 50 11.7759
83 73 23.3589
91 81 29.3504
21 11 0.9397
48 38 9.8188
22 12 1.1357
57 47 15.8986
90 80 31.9417
69 59 32.9901
57 47 9.227
64 54 8.0452
61 51 7.868
94 84 59.951
108 98 33.582
90 80 42.2682
51 41 12.2451
71 61 21.893
35 25 2.9777
84 74 18.8191
97 87 36.4937
57 47 16.7698
84 74 19.7447
95 85 32.2499
22 12 0.6118
39 29 4.8141
59 49 10.9376
43 33 9.2355
99 89 62.5554
13 3 0.0462
67 57 19.5205
41 31 2.4377
92 82 31.6429
26 16 2.4923
76 66 38.9651
79 69 25.9254
64 54 27.309
99 89 27.4712
63 53 17.5176
59 49 13.1189
48 38 5.4639
92 82 25.2305
26 16 1.0416
44 34 10.2221
15 5 0.1764
28 18 3.1812
35 25 1.9771
45 35 3.079
95 85 26.3559
95 85 40.3784
78 68 41.8208
35 25 5.3015
49 39 5.1357
94 84 38.8441
74 64 40.1044
16 6 0.269
71 61 16.0681
36 26 5.267
100 90 41.8415
55 45 8.5141
27 17 1.2587
51 41 8.1157
66 56 11.5389
73 63 27.3487
49 39 9.1216
102 92 25.1572
54 44 5.356
80 70 17.1752
96 86 60.404
29 19 1.6942
14 4 0.1272
74 64 24.961
29 19 1.7456
103 93 80.0059
60 50 16.9184
29 19 1.1718
51 41 12.6458
42 32 6.1693
101 91 26.9475
109 99 38.7344
71 61 24.7665
26 16 0.9618
99 89 78.8082
60 50 21.6104
19 9 0.3705
21 11 0.3184
39 29 3.6768
106 96 86.4937
13 3 0.0735
87 77 20.4069
95 85 53.7612
35 25 1.5987
29 19 1.9555
62 52 23.0102
67 57 16.2409
60 50 13.2744
57 47 7.1188
29 19 2.304
58 48 17.7527
103 93 40.3111
23 13 1.6246
33 23 2.2347
76 66 30.5124
26 16 1.8684
71 61 12.344
79 69 20.7444
110 100 99.6044
70 60 28.7082
51 41 8.8828
75 65 39.3957
75 65 36.42
20 10 0.9413
60 50 22.7491
82 72 23.6916
56 46 8.7291
52 42 9.1017
84 74 28.522
82 72 13.061
63 53 13.6693
90 80 20.3103
12 2 0.0185
71 61 12.1983
92 82 19.3979
87 77 25.1302
92 82 33.0775
79 69 27.8087
33 23 1.6492
38 28 5.5715
41 31 4.822
54 44 16.036
45 35 6.7928
91 81 26.9808
82 72 33.3472
22 12 0.5774
53 43 11.6855
76 66 30.2434
50 40 9.6808
30 20 2.4112
90 80 28.0254
61 51 18.2722
62 52 23.5448
83 73 44.1348
106 96 28.459
13 3 0.0364
30 20 1.5648
53 43 13.6412
88 78 50.8711
22 12 1.1565
34 24 2.3156
98 88 65.6602
62 52 18.1425
93 83 47.3303
90 80 32.6818
85 75 18.043
104 94 60.1788
31 21 4.2374
83 73 43.7397
15 5 0.144
41 31 6.3741
20 10 0.4681
86 76 22.2341
33 23 4.3991
84 74 25.4924
29 19 1.6279
27 17 0.7326
34 24 4.0188
33 23 2.3771
44 34 3.3893
73 63 31.8096
47 37 12.0229
81 71 27.1618
57 47 8.1476
72 62 21.5417
65 55 21.0543
75 65 41.0522
74 64 27.8921
67 57 29.5729
90 80 19.4905
79 69 24.1612
31 21 1.4745
29 19 1.3526
95 85 18.215
106 96 69.1925
60 50 23.0861
85 75 39.5553
69 59 19.3785
52 42 6.7975
32 22 4.1959
92 82 29.1049
74 64 39.9702
88 78 52.3742
30 20 2.639
98 88 59.9587
70 60 9.0324
80 70 15.3264
80 70 43.593
75 65 22.1304
72 62 20.1763
33 23 2.0312
38 28 2.8985
34 24 2.3049
61 51 18.1689
41 31 9.3342
72 62 16.253
43 33 4.5233
71 61 36.9117
94 84 21.85
20 10 0.823
83 73 47.9293
48 38 14.3686
29 19 1.2049
55 45 10.2394
30 20 2.654
68 58 9.5741
67 57 21.2752
94 84 27.9957
36 26 5.2034
61 51 11.3873
36 26 3.3037
105 95 38.2505
69 59 31.1319
72 62 9.8458
77 67 27.0213
95 85 57.7722
66 56 13.5785
109 99 28.1345
42 32 6.5485
13 3 0.0723
42 32 9.8263
74 64 14.3141
17 7 0.2133
25 15 1.8906
18 8 0.6143
47 37 11.3933
51 41 8.7462
64 54 9.3948
98 88 34.444
83 73 26.6545
87 77 30.2225
