400 9574 4.3589
33 23 46.527
66 56 12.903
88 78 45.1668
41 31 57.331
70 60 63.2959
84 74 48.9538
93 83 21.8256
65 55 130.0178
83 73 16.8412
32 22 16.8442
52 42 154.3838
100 90 2.5026
90 80 36.2082
19 9 3.9413
108 98 0.2342
24 14 15.2145
109 99 0.0813
69 59 174.0929
80 70 48.5434
55 45 81.1004
38 28 15.0521
45 35 1.4306
74 64 97.0421
45 35 99.2201
53 43 137.5201
109 99 0.0118
78 68 101.3193
27 17 20.2729
23 13 0.4562
75 65 102.4407
82 72 30.8754
109 99 0.0329
76 66 103.5143
91 81 37.8141
58 48 173.815
55 45 19.0514
22 12 7.7405
80 70 42.8174
21 11 0.8481
73 63 15.1703
47 37 79.5974
41 31 35.5922
11 1 0.0329
14 4 0.937
72 62 100.6013
77 67 10.1241
64 54 116.7721
58 48 102.0079
93 83 20.2868
32 22 21.3206
77 67 49.1296
95 85 7.5136
52 42 101.531
34 24 27.1032
87 77 30.0784
53 43 125.2795
69 59 19.171
86 76 47.5014
34 24 51.7938
45 35 73.0693
55 45 60.5837
31 21 30.3718
48 38 0.0006
52 42 44.6723
25 15 22.5966
23 13 17.3318
47 37 34.717
59 49 228.5156
101 91 3.8508
103 93 5.0126
62 52 78.9096
25 15 9.0274
60 50 250.7287
104 94 1.6336
41 31 9.3281
24 14 12.515
91 81 2.291
95 85 14.9426
61 51 150.1217
74 64 20.08
20 10 9.0469
84 74 18.2313
19 9 7.5659
45 35 110.3342
12 2 0.1443
34 24 43.286
47 37 98.7062
13 3 0.9858
20 10 5.6128
44 34 8.4349
87 77 2.1372
40 30 75.4927
29 19 21.5171
23 13 2.9441
27 17 31.3901
56 46 115.3554
107 97 0.5517
13 3 0.0436
46 36 119.7851
68 58 145.4999
36 26 32.5133
95 85 7.7832
85 75 51.1887
83 73 9.3014
36 26 54.9867
23 13 9.2927
43 33 120.9808
75 65 93.7744
47 37 4.8974
45 35 98.6482
61 51 75.6921
38 28 32.9567
84 74 30.4302
73 63 56.3216
13 3 0.5716
44 34 87.4759
57 47 208.8387
62 52 215.6953
20 10 9.7827
34 24 41.6506
106 96 1.5339
26 16 19.8766
26 16 22.8029
69 59 173.088
62 52 28.2392
37 27 24.4387
81 71 49.5804
42 32 24.2968
108 98 0.4017
16 6 0.1446
52 42 80.3289
40 30 78.1028
45 35 85.5084
70 60 175.4627
34 24 16.3259
42 32 20.4337
82 72 56.3388
91 81 14.5943
89 79 38.8077
40 30 19.7284
104 94 1.8983
38 28 22.7308
57 47 105.6059
53 43 141.1832
39 29 90.6998
20 10 10.1429
94 84 0.1772
33 23 57.1146
22 12 3.7372
31 21 14.248
35 25 7.3807
28 18 6.1154
40 30 55.9596
61 51 229.1406
28 18 27.5555
18 8 6.5045
38 28 11.1879
29 19 39.4125
23 13 12.2278
31 21 41.6322
36 26 18.8964
79 69 105.5132
18 8 0.637
92 82 21.0445
51 41 12.5667
102 92 5.1489
89 79 34.3204
46 36 78.4659
47 37 37.1922
67 57 185.5567
13 3 0.83
37 27 68.1781
99 89 9.9979
80 70 79.305
68 58 2.8558
69 59 135.0552
17 7 5.1602
11 1 0.076
13 3 0.5886
48 38 16.7498
93 83 16.5994
41 31 86.9399
28 18 5.4616
72 62 9.9231
90 80 8.8996
20 10 8.0176
94 84 24.9486
59 49 51.4607
79 69 103.1051
96 86 20.9173
96 86 12.6413
44 34 39.8457
65 55 136.5264
43 33 91.8936
36 26 1.1339
17 7 4.295
17 7 2.0247
35 25 48.5935
12 2 0.0356
97 87 12.3959
92 82 34.975
71 61 83.1283
58 48 240.6271
85 75 22.7468
14 4 1.5628
31 21 24.3204
105 95 1.9533
56 46 62.7385
68 58 46.0653
30 20 22.1126
87 77 31.5556
32 22 10.9423
93 83 9.7483
49 39 21.0585
60 50 151.0531
58 48 143.2684
52 42 145.3161
40 30 34.7419
21 11 10.9192
35 25 21.8993
28 18 22.0984
41 31 40.4179
103 93 2.2236
87 77 22.8787
54 44 81.1537
47 37 117.3895
42 32 1.8405
81 71 78.6968
45 35 65.9148
12 2 0.2358
29 19 2.776
26 16 0.268
101 91 1.5027
97 87 0.7058
34 24 37.4941
67 57 65.2212
106 96 1.3981
44 34 62.5399
61 51 49.2504
17 7 1.2766
107 97 0.3445
52 42 194.249
98 88 1.9252
75 65 51.8571
36 26 45.2444
91 81 7.0571
44 34 18.1459
14 4 1.5171
86 76 5.3849
67 57 89.0473
47 37 67.1738
36 26 22.3467
75 65 126.0343
64 54 197.1883
80 70 85.3192
97 87 18.0172
32 22 21.6648
95 85 13.5687
13 3 0.9231
67 57 150.6033
41 31 51.3059
46 36 78.5546
40 30 29.7484
74 64 129.3491
66 56 155.9126
107 97 0.9763
85 75 49.7698
42 32 76.9601
21 11 11.8854
14 4 0.602
13 3 0.9256
78 68 89.5392
56 46 36.1907
29 19 1.9343
19 9 4.8459
40 30 95.8685
65 55 138.0162
68 58 92.878
28 18 27.0112
12 2 0.1248
77 67 86.5985
65 55 138.1588
35 25 10.5907
16 6 1.9016
73 63 32.9695
102 92 6.7272
97 87 5.3313
39 29 65.5769
85 75 48.528
40 30 61.5232
92 82 23.3022
106 96 1.4467
109 99 0.0871
86 76 35.0095
51 41 58.0681
41 31 101.6306
35 25 13.8396
79 69 43.0137
89 79 43.2147
49 39 64.1091
88 78 48.5289
90 80 15.4654
47 37 5.1504
91 81 6.8423
38 28 2.5642
48 38 10.0656
105 95 0.3922
91 81 13.2156
71 61 113.7178
86 76 58.9031
16 6 2.0153
50 40 70.6234
19 9 6.357
76 66 28.1831
58 48 251.2392
92 82 1.7102
66 56 149.7352
103 93 0.6506
64 54 13.4016
26 16 19.2762
35 25 66.1873
87 77 11.0146
67 57 89.8565
15 5 2.7647
82 72 40.695
102 92 1.9384
102 92 1.4573
57 47 119.4656
49 39 45.1274
95 85 2.7308
32 22 27.7369
57 47 0.433
90 80 40.3878
89 79 12.3847
77 67 20.6679
15 5 2.0
100 90 2.664
48 38 62.7048
87 77 39.8922
110 100 0.0
69 59 11.4819
18 8 4.6607
38 28 10.0725
62 52 196.2918
98 88 12.6668
38 28 17.5793
31 21 22.9114
41 31 15.5045
109 99 0.0421
62 52 118.1766
57 47 116.6957
69 59 90.141
67 57 121.9123
12 2 0.1213
40 30 75.5581
46 36 52.2231
101 91 2.3249
96 86 4.4309
60 50 123.6271
41 31 78.6382
74 64 79.2797
66 56 53.2263
62 52 222.4116
80 70 11.2301
34 24 30.1678
92 82 11.2133
34 24 43.4299
107 97 0.5276
104 94 0.3989
41 31 94.6792
93 83 23.2241
37 27 22.2919
21 11 10.5362
76 66 2.6984
11 1 0.0474
52 42 55.6858
35 25 25.743
13 3 0.4714
77 67 44.3987
93 83 13.5847
90 80 26.0095
34 24 33.1473
52 42 98.8835
88 78 10.5582
32 22 37.696
45 35 81.9121
110 100 0.0
89 79 43.2054
50 40 94.2141
59 49 67.1756
88 78 20.7847
61 51 153.9034
54 44 118.0494
62 52 103.4704
44 34 30.3052
93 83 3.2778
46 36 53.178
38 28 13.146
33 23 35.6972
56 46 153.3531
