900 22895 4.3589
13 13 1.69
19 19 3.61
44 44 19.36
83 83 68.89
68 68 46.24
26 26 6.76
81 81 65.61
88 88 77.44
91 91 82.81
78 78 60.84
39 39 15.21
86 86 73.96
35 35 12.25
86 86 73.96
9 9 0.81
26 26 6.76
59 59 34.81
59 59 34.81
15 15 2.25
42 42 17.64
83 83 68.89
81 81 65.61
76 76 57.76
51 51 26.01
55 55 30.25
92 92 84.64
21 21 4.41
69 69 47.61
55 55 30.25
97 97 94.09
22 22 4.84
47 47 22.09
85 85 72.25
12 12 1.44
16 16 2.56
37 37 13.69
13 13 1.69
79 79 62.41
6 6 0.36
98 98 96.04
24 24 5.76
35 35 12.25
92 92 84.64
83 83 68.89
28 28 7.84
66 66 43.56
28 28 7.84
57 57 32.49
61 61 37.21
26 26 6.76
94 94 88.36
84 84 70.56
28 28 7.84
94 94 88.36
94 94 88.36
2 2 0.04
97 97 94.09
39 39 15.21
20 20 4.0
29 29 8.41
29 29 8.41
90 90 81.0
1 1 0.01
53 53 28.09
73 73 53.29
39 39 15.21
21 21 4.41
56 56 31.36
57 57 32.49
53 53 28.09
100 100 100.0
14 14 1.96
59 59 34.81
2 2 0.04
86 86 73.96
84 84 70.56
4 4 0.16
44 44 19.36
14 14 1.96
26 26 6.76
86 86 73.96
67 67 44.89
90 90 81.0
37 37 13.69
61 61 37.21
31 31 9.61
81 81 65.61
19 19 3.61
69 69 47.61
24 24 5.76
88 88 77.44
18 18 3.24
36 36 12.96
63 63 39.69
36 36 12.96
77 77 59.29
15 15 2.25
88 88 77.44
3 3 0.09
87 87 75.69
78 78 60.84
95 95 90.25
11 11 1.21
6 6 0.36
18 18 3.24
29 29 8.41
62 62 38.44
84 84 70.56
21 21 4.41
88 88 77.44
9 9 0.81
45 45 20.25
92 92 84.64
61 61 37.21
70 70 49.0
32 32 10.24
50 50 25.0
12 12 1.44
16 16 2.56
17 17 2.89
37 37 13.69
65 65 42.25
46 46 21.16
15 15 2.25
97 97 94.09
87 87 75.69
2 2 0.04
78 78 60.84
11 11 1.21
64 64 40.96
66 66 43.56
92 92 84.64
70 70 49.0
59 59 34.81
68 68 46.24
93 93 86.49
23 23 5.29
95 95 90.25
47 47 22.09
17 17 2.89
87 87 75.69
23 23 5.29
8 8 0.64
44 44 19.36
62 62 38.44
49 49 24.01
64 64 40.96
71 71 50.41
58 58 33.64
31 31 9.61
78 78 60.84
65 65 42.25
29 29 8.41
43 43 18.49
85 85 72.25
98 98 96.04
24 24 5.76
99 99 98.01
69 69 47.61
69 69 47.61
94 94 88.36
56 56 31.36
4 4 0.16
67 67 44.89
22 22 4.84
56 56 31.36
8 8 0.64
64 64 40.96
86 86 73.96
3 3 0.09
50 50 25.0
96 96 92.16
90 90 81.0
40 40 16.0
36 36 12.96
31 31 9.61
62 62 38.44
27 27 7.29
98 98 96.04
55 55 30.25
16 16 2.56
93 93 86.49
23 23 5.29
10 10 1.0
49 49 24.01
71 71 50.41
50 50 25.0
71 71 50.41
72 72 51.84
57 57 32.49
26 26 6.76
97 97 94.09
21 21 4.41
5 5 0.25
27 27 7.29
86 86 73.96
59 59 34.81
79 79 62.41
98 98 96.04
40 40 16.0
81 81 65.61
32 32 10.24
23 23 5.29
98 98 96.04
57 57 32.49
69 69 47.61
43 43 18.49
71 71 50.41
15 15 2.25
20 20 4.0
20 20 4.0
82 82 67.24
77 77 59.29
32 32 10.24
4 4 0.16
75 75 56.25
13 13 1.69
34 34 11.56
64 64 40.96
30 30 9.0
72 72 51.84
98 98 96.04
94 94 88.36
58 58 33.64
77 77 59.29
20 20 4.0
96 96 92.16
9 9 0.81
68 68 46.24
91 91 82.81
25 25 6.25
90 90 81.0
93 93 86.49
88 88 77.44
26 26 6.76
27 27 7.29
14 14 1.96
13 13 1.69
65 65 42.25
77 77 59.29
48 48 23.04
37 37 13.69
43 43 18.49
29 29 8.41
25 25 6.25
97 97 94.09
71 71 50.41
5 5 0.25
48 48 23.04
13 13 1.69
32 32 10.24
18 18 3.24
19 19 3.61
76 76 57.76
38 38 14.44
25 25 6.25
81 81 65.61
35 35 12.25
29 29 8.41
40 40 16.0
100 100 100.0
62 62 38.44
49 49 24.01
33 33 10.89
48 48 23.04
78 78 60.84
36 36 12.96
57 57 32.49
8 8 0.64
55 55 30.25
67 67 44.89
30 30 9.0
91 91 82.81
17 17 2.89
6 6 0.36
99 99 98.01
58 58 33.64
67 67 44.89
69 69 47.61
24 24 5.76
67 67 44.89
5 5 0.25
47 47 22.09
63 63 39.69
60 60 36.0
79 79 62.41
46 46 21.16
74 74 54.76
1 1 0.01
57 57 32.49
8 8 0.64
47 47 22.09
87 87 75.69
73 73 53.29
11 11 1.21
66 66 43.56
81 81 65.61
48 48 23.04
94 94 88.36
54 54 29.16
56 56 31.36
5 5 0.25
70 70 49.0
62 62 38.44
96 96 92.16
87 87 75.69
31 31 9.61
80 80 64.0
73 73 53.29
79 79 62.41
100 100 100.0
35 35 12.25
97 97 94.09
12 12 1.44
87 87 75.69
80 80 64.0
83 83 68.89
23 23 5.29
49 49 24.01
49 49 24.01
90 90 81.0
66 66 43.56
4 4 0.16
59 59 34.81
75 75 56.25
62 62 38.44
59 59 34.81
62 62 38.44
53 53 28.09
42 42 17.64
64 64 40.96
29 29 8.41
22 22 4.84
82 82 67.24
20 20 4.0
12 12 1.44
33 33 10.89
33 33 10.89
62 62 38.44
27 27 7.29
77 77 59.29
47 47 22.09
25 25 6.25
48 48 23.04
7 7 0.49
42 42 17.64
19 19 3.61
7 7 0.49
63 63 39.69
93 93 86.49
35 35 12.25
75 75 56.25
38 38 14.44
88 88 77.44
25 25 6.25
79 79 62.41
87 87 75.69
92 92 84.64
39 39 15.21
65 65 42.25
63 63 39.69
11 11 1.21
2 2 0.04
56 56 31.36
3 3 0.09
55 55 30.25
43 43 18.49
83 83 68.89
55 55 30.25
41 41 16.81
79 79 62.41
85 85 72.25
77 77 59.29
71 71 50.41
17 17 2.89
100 100 100.0
75 75 56.25
65 65 42.25
30 30 9.0
52 52 27.04
46 46 21.16
72 72 51.84
95 95 90.25
9 9 0.81
20 20 4.0
71 71 50.41
69 69 47.61
61 61 37.21
23 23 5.29
48 48 23.04
13 13 1.69
78 78 60.84
77 77 59.29
69 69 47.61
43 43 18.49
62 62 38.44
46 46 21.16
83 83 68.89
33 33 10.89
52 52 27.04
46 46 21.16
20 20 4.0
36 36 12.96
70 70 49.0
28 28 7.84
20 20 4.0
72 72 51.84
42 42 17.64
73 73 53.29
19 19 3.61
19 19 3.61
59 59 34.81
28 28 7.84
59 59 34.81
15 15 2.25
32 32 10.24
92 92 84.64
99 99 98.01
22 22 4.84
54 54 29.16
92 92 84.64
25 25 6.25
50 50 25.0
91 91 82.81
100 100 100.0
6 6 0.36
56 56 31.36
78 78 60.84
85 85 72.25
89 89 79.21
29 29 8.41
80 80 64.0
55 55 30.25
26 26 6.76
50 50 25.0
96 96 92.16
69 69 47.61
72 72 51.84
33 33 10.89
20 20 4.0
70 70 49.0
10 10 1.0
71 71 50.41
100 100 100.0
36 36 12.96
10 10 1.0
87 87 75.69
41 41 16.81
4 4 0.16
60 60 36.0
23 23 5.29
41 41 16.81
49 49 24.01
49 49 24.01
73 73 53.29
78 78 60.84
91 91 82.81
46 46 21.16
88 88 77.44
29 29 8.41
14 14 1.96
44 44 19.36
14 14 1.96
43 43 18.49
99 99 98.01
50 50 25.0
52 52 27.04
1 1 0.01
3 3 0.09
96 96 92.16
71 71 50.41
4 4 0.16
46 46 21.16
4 4 0.16
27 27 7.29
71 71 50.41
47 47 22.09
12 12 1.44
6 6 0.36
87 87 75.69
98 98 96.04
5 5 0.25
9 9 0.81
55 55 30.25
68 68 46.24
28 28 7.84
93 93 86.49
26 26 6.76
44 44 19.36
55 55 30.25
16 16 2.56
70 70 49.0
63 63 39.69
55 55 30.25
36 36 12.96
27 27 7.29
58 58 33.64
37 37 13.69
6 6 0.36
20 20 4.0
74 74 54.76
46 46 21.16
79 79 62.41
28 28 7.84
14 14 1.96
92 92 84.64
96 96 92.16
80 80 64.0
47 47 22.09
86 86 73.96
99 99 98.01
65 65 42.25
58 58 33.64
43 43 18.49
75 75 56.25
61 61 37.21
37 37 13.69
22 22 4.84
68 68 46.24
85 85 72.25
38 38 14.44
75 75 56.25
63 63 39.69
38 38 14.44
33 33 10.89
18 18 3.24
10 10 1.0
56 56 31.36
45 45 20.25
88 88 77.44
14 14 1.96
60 60 36.0
82 82 67.24
42 42 17.64
45 45 20.25
44 44 19.36
36 36 12.96
42 42 17.64
1 1 0.01
83 83 68.89
80 80 64.0
12 12 1.44
58 58 33.64
9 9 0.81
89 89 79.21
15 15 2.25
64 64 40.96
55 55 30.25
88 88 77.44
21 21 4.41
62 62 38.44
5 5 0.25
100 100 100.0
62 62 38.44
38 38 14.44
45 45 20.25
70 70 49.0
19 19 3.61
68 68 46.24
29 29 8.41
44 44 19.36
9 9 0.81
14 14 1.96
10 10 1.0
37 37 13.69
40 40 16.0
28 28 7.84
28 28 7.84
64 64 40.96
48 48 23.04
46 46 21.16
42 42 17.64
96 96 92.16
21 21 4.41
98 98 96.04
23 23 5.29
13 13 1.69
58 58 33.64
21 21 4.41
37 37 13.69
38 38 14.44
70 70 49.0
23 23 5.29
11 11 1.21
78 78 60.84
61 61 37.21
60 60 36.0
69 69 47.61
17 17 2.89
4 4 0.16
29 29 8.41
41 41 16.81
52 52 27.04
93 93 86.49
35 35 12.25
15 15 2.25
69 69 47.61
100 100 100.0
84 84 70.56
25 25 6.25
89 89 79.21
3 3 0.09
53 53 28.09
62 62 38.44
39 39 15.21
63 63 39.69
85 85 72.25
98 98 96.04
25 25 6.25
80 80 64.0
88 88 77.44
78 78 60.84
61 61 37.21
4 4 0.16
56 56 31.36
63 63 39.69
64 64 40.96
55 55 30.25
11 11 1.21
26 26 6.76
97 97 94.09
43 43 18.49
74 74 54.76
5 5 0.25
97 97 94.09
60 60 36.0
70 70 49.0
21 21 4.41
27 27 7.29
15 15 2.25
70 70 49.0
77 77 59.29
89 89 79.21
30 30 9.0
70 70 49.0
83 83 68.89
26 26 6.76
22 22 4.84
14 14 1.96
47 47 22.09
90 90 81.0
50 50 25.0
52 52 27.04
8 8 0.64
46 46 21.16
25 25 6.25
33 33 10.89
32 32 10.24
69 69 47.61
20 20 4.0
69 69 47.61
6 6 0.36
10 10 1.0
47 47 22.09
75 75 56.25
41 41 16.81
85 85 72.25
32 32 10.24
50 50 25.0
37 37 13.69
56 56 31.36
63 63 39.69
13 13 1.69
19 19 3.61
16 16 2.56
50 50 25.0
47 47 22.09
69 69 47.61
58 58 33.64
17 17 2.89
9 9 0.81
37 37 13.69
81 81 65.61
84 84 70.56
51 51 26.01
5 5 0.25
2 2 0.04
94 94 88.36
16 16 2.56
34 34 11.56
72 72 51.84
30 30 9.0
97 97 94.09
21 21 4.41
84 84 70.56
55 55 30.25
75 75 56.25
62 62 38.44
63 63 39.69
32 32 10.24
75 75 56.25
99 99 98.01
31 31 9.61
77 77 59.29
7 7 0.49
23 23 5.29
44 44 19.36
23 23 5.29
30 30 9.0
33 33 10.89
84 84 70.56
92 92 84.64
7 7 0.49
83 83 68.89
69 69 47.61
76 76 57.76
55 55 30.25
56 56 31.36
42 42 17.64
48 48 23.04
47 47 22.09
22 22 4.84
5 5 0.25
90 90 81.0
25 25 6.25
79 79 62.41
65 65 42.25
84 84 70.56
42 42 17.64
43 43 18.49
65 65 42.25
86 86 73.96
74 74 54.76
8 8 0.64
17 17 2.89
63 63 39.69
25 25 6.25
74 74 54.76
4 4 0.16
11 11 1.21
66 66 43.56
74 74 54.76
51 51 26.01
85 85 72.25
65 65 42.25
18 18 3.24
92 92 84.64
6 6 0.36
5 5 0.25
13 13 1.69
31 31 9.61
93 93 86.49
67 67 44.89
12 12 1.44
84 84 70.56
73 73 53.29
26 26 6.76
58 58 33.64
77 77 59.29
15 15 2.25
1 1 0.01
74 74 54.76
78 78 60.84
95 95 90.25
76 76 57.76
49 49 24.01
43 43 18.49
13 13 1.69
96 96 92.16
48 48 23.04
42 42 17.64
62 62 38.44
17 17 2.89
24 24 5.76
74 74 54.76
41 41 16.81
59 59 34.81
37 37 13.69
69 69 47.61
81 81 65.61
44 44 19.36
53 53 28.09
15 15 2.25
86 86 73.96
40 40 16.0
97 97 94.09
96 96 92.16
5 5 0.25
90 90 81.0
97 97 94.09
75 75 56.25
29 29 8.41
98 98 96.04
78 78 60.84
64 64 40.96
62 62 38.44
86 86 73.96
73 73 53.29
69 69 47.61
5 5 0.25
76 76 57.76
64 64 40.96
82 82 67.24
36 36 12.96
80 80 64.0
11 11 1.21
23 23 5.29
69 69 47.61
51 51 26.01
8 8 0.64
35 35 12.25
94 94 88.36
64 64 40.96
92 92 84.64
36 36 12.96
19 19 3.61
96 96 92.16
75 75 56.25
7 7 0.49
62 62 38.44
11 11 1.21
54 54 29.16
98 98 96.04
52 52 27.04
9 9 0.81
71 71 50.41
82 82 67.24
16 16 2.56
2 2 0.04
11 11 1.21
67 67 44.89
13 13 1.69
50 50 25.0
71 71 50.41
15 15 2.25
23 23 5.29
56 56 31.36
89 89 79.21
18 18 3.24
14 14 1.96
20 20 4.0
76 76 57.76
47 47 22.09
95 95 90.25
61 61 37.21
79 79 62.41
64 64 40.96
95 95 90.25
15 15 2.25
48 48 23.04
8 8 0.64
100 100 100.0
89 89 79.21
11 11 1.21
9 9 0.81
89 89 79.21
53 53 28.09
40 40 16.0
68 68 46.24
6 6 0.36
45 45 20.25
48 48 23.04
61 61 37.21
88 88 77.44
48 48 23.04
81 81 65.61
55 55 30.25
13 13 1.69
2 2 0.04
82 82 67.24
89 89 79.21
88 88 77.44
50 50 25.0
18 18 3.24
5 5 0.25
46 46 21.16
25 25 6.25
80 80 64.0
16 16 2.56
99 99 98.01
45 45 20.25
2 2 0.04
42 42 17.64
37 37 13.69
20 20 4.0
26 26 6.76
60 60 36.0
65 65 42.25
69 69 47.61
10 10 1.0
96 96 92.16
7 7 0.49
85 85 72.25
4 4 0.16
95 95 90.25
80 80 64.0
65 65 42.25
84 84 70.56
20 20 4.0
97 97 94.09
62 62 38.44
63 63 39.69
16 16 2.56
19 19 3.61
3 3 0.09
68 68 46.24
34 34 11.56
42 42 17.64
12 12 1.44
4 4 0.16
