400 10703 4.3589
52 52 27.04
13 13 1.69
8 8 0.64
79 79 62.41
38 38 14.44
89 89 79.21
36 36 12.96
21 21 4.41
52 52 27.04
21 21 4.41
87 87 75.69
96 96 92.16
72 72 51.84
40 40 16.0
28 28 7.84
79 79 62.41
79 79 62.41
98 98 96.04
2 2 0.04
41 41 16.81
49 49 24.01
7 7 0.49
84 84 70.56
20 20 4.0
43 43 18.49
34 34 11.56
85 85 72.25
4 4 0.16
90 90 81.0
68 68 46.24
62 62 38.44
69 69 47.61
47 47 22.09
99 99 98.01
13 13 1.69
67 67 44.89
46 46 21.16
51 51 26.01
4 4 0.16
84 84 70.56
50 50 25.0
76 76 57.76
32 32 10.24
2 2 0.04
36 36 12.96
89 89 79.21
77 77 59.29
84 84 70.56
19 19 3.61
9 9 0.81
9 9 0.81
84 84 70.56
65 65 42.25
7 7 0.49
61 61 37.21
84 84 70.56
36 36 12.96
30 30 9.0
85 85 72.25
59 59 34.81
16 16 2.56
73 73 53.29
20 20 4.0
8 8 0.64
37 37 13.69
51 51 26.01
99 99 98.01
52 52 27.04
50 50 25.0
4 4 0.16
52 52 27.04
88 88 77.44
94 94 88.36
70 70 49.0
100 100 100.0
27 27 7.29
99 99 98.01
93 93 86.49
22 22 4.84
63 63 39.69
91 91 82.81
65 65 42.25
8 8 0.64
80 80 64.0
55 55 30.25
80 80 64.0
48 48 23.04
97 97 94.09
32 32 10.24
72 72 51.84
89 89 79.21
68 68 46.24
73 73 53.29
82 82 67.24
46 46 21.16
91 91 82.81
30 30 9.0
57 57 32.49
3 3 0.09
27 27 7.29
79 79 62.41
79 79 62.41
78 78 60.84
96 96 92.16
33 33 10.89
55 55 30.25
96 96 92.16
15 15 2.25
45 45 20.25
74 74 54.76
52 52 27.04
33 33 10.89
71 71 50.41
74 74 54.76
45 45 20.25
9 9 0.81
97 97 94.09
57 57 32.49
40 40 16.0
17 17 2.89
78 78 60.84
66 66 43.56
70 70 49.0
81 81 65.61
11 11 1.21
2 2 0.04
17 17 2.89
2 2 0.04
40 40 16.0
90 90 81.0
14 14 1.96
6 6 0.36
41 41 16.81
82 82 67.24
74 74 54.76
86 86 73.96
53 53 28.09
3 3 0.09
100 100 100.0
47 47 22.09
80 80 64.0
12 12 1.44
55 55 30.25
8 8 0.64
54 54 29.16
30 30 9.0
99 99 98.01
98 98 96.04
33 33 10.89
87 87 75.69
96 96 92.16
86 86 73.96
73 73 53.29
43 43 18.49
44 44 19.36
82 82 67.24
79 79 62.41
79 79 62.41
13 13 1.69
33 33 10.89
74 74 54.76
12 12 1.44
77 77 59.29
77 77 59.29
13 13 1.69
17 17 2.89
91 91 82.81
48 48 23.04
6 6 0.36
16 16 2.56
36 36 12.96
32 32 10.24
100 100 100.0
66 66 43.56
50 50 25.0
97 97 94.09
63 63 39.69
8 8 0.64
67 67 44.89
7 7 0.49
44 44 19.36
19 19 3.61
74 74 54.76
75 75 56.25
14 14 1.96
74 74 54.76
100 100 100.0
39 39 15.21
19 19 3.61
86 86 73.96
42 42 17.64
36 36 12.96
21 21 4.41
27 27 7.29
40 40 16.0
24 24 5.76
4 4 0.16
66 66 43.56
57 57 32.49
34 34 11.56
88 88 77.44
57 57 32.49
66 66 43.56
87 87 75.69
90 90 81.0
76 76 57.76
9 9 0.81
62 62 38.44
44 44 19.36
77 77 59.29
74 74 54.76
39 39 15.21
43 43 18.49
39 39 15.21
73 73 53.29
26 26 6.76
28 28 7.84
98 98 96.04
37 37 13.69
78 78 60.84
89 89 79.21
17 17 2.89
49 49 24.01
9 9 0.81
33 33 10.89
6 6 0.36
47 47 22.09
75 75 56.25
76 76 57.76
65 65 42.25
100 100 100.0
59 59 34.81
95 95 90.25
85 85 72.25
76 76 57.76
37 37 13.69
53 53 28.09
26 26 6.76
77 77 59.29
65 65 42.25
95 95 90.25
45 45 20.25
14 14 1.96
62 62 38.44
13 13 1.69
33 33 10.89
84 84 70.56
82 82 67.24
97 97 94.09
84 84 70.56
68 68 46.24
98 98 96.04
19 19 3.61
85 85 72.25
45 45 20.25
61 61 37.21
98 98 96.04
97 97 94.09
89 89 79.21
2 2 0.04
60 60 36.0
37 37 13.69
66 66 43.56
4 4 0.16
75 75 56.25
99 99 98.01
74 74 54.76
32 32 10.24
23 23 5.29
38 38 14.44
38 38 14.44
100 100 100.0
79 79 62.41
52 52 27.04
68 68 46.24
50 50 25.0
60 60 36.0
62 62 38.44
28 28 7.84
5 5 0.25
61 61 37.21
19 19 3.61
57 57 32.49
33 33 10.89
10 10 1.0
48 48 23.04
31 31 9.61
29 29 8.41
13 13 1.69
58 58 33.64
39 39 15.21
99 99 98.01
20 20 4.0
34 34 11.56
38 38 14.44
61 61 37.21
33 33 10.89
83 83 68.89
73 73 53.29
37 37 13.69
2 2 0.04
59 59 34.81
38 38 14.44
70 70 49.0
71 71 50.41
20 20 4.0
69 69 47.61
80 80 64.0
57 57 32.49
100 100 100.0
58 58 33.64
16 16 2.56
10 10 1.0
3 3 0.09
84 84 70.56
62 62 38.44
41 41 16.81
58 58 33.64
73 73 53.29
100 100 100.0
25 25 6.25
73 73 53.29
87 87 75.69
49 49 24.01
79 79 62.41
94 94 88.36
44 44 19.36
7 7 0.49
83 83 68.89
74 74 54.76
64 64 40.96
61 61 37.21
73 73 53.29
39 39 15.21
41 41 16.81
54 54 29.16
83 83 68.89
49 49 24.01
55 55 30.25
69 69 47.61
49 49 24.01
50 50 25.0
13 13 1.69
51 51 26.01
13 13 1.69
77 77 59.29
10 10 1.0
9 9 0.81
3 3 0.09
88 88 77.44
42 42 17.64
15 15 2.25
54 54 29.16
94 94 88.36
65 65 42.25
78 78 60.84
38 38 14.44
3 3 0.09
27 27 7.29
34 34 11.56
59 59 34.81
24 24 5.76
60 60 36.0
92 92 84.64
60 60 36.0
95 95 90.25
25 25 6.25
91 91 82.81
30 30 9.0
24 24 5.76
28 28 7.84
43 43 18.49
92 92 84.64
25 25 6.25
49 49 24.01
67 67 44.89
90 90 81.0
46 46 21.16
29 29 8.41
93 93 86.49
86 86 73.96
48 48 23.04
89 89 79.21
97 97 94.09
41 41 16.81
42 42 17.64
68 68 46.24
53 53 28.09
30 30 9.0
40 40 16.0
46 46 21.16
72 72 51.84
56 56 31.36
19 19 3.61
58 58 33.64
48 48 23.04
93 93 86.49
90 90 81.0
53 53 28.09
35 35 12.25
