100 2510 4.3589
98 88 5.9289
36 26 29.3448
12 2 0.2345
102 92 6.9165
105 95 1.5149
70 60 74.6667
15 5 2.1641
79 69 51.5003
76 66 74.8375
73 63 134.9755
68 58 192.896
48 38 33.0178
72 62 71.9227
109 99 0.0356
82 72 59.9701
65 55 142.8931
72 62 120.6507
100 90 7.6805
42 32 51.0866
56 46 62.7443
51 41 40.3654
66 56 133.2997
68 58 167.6427
83 73 40.2349
12 2 0.0114
29 19 36.4053
86 76 41.1364
24 14 21.5464
34 24 30.6233
34 24 41.9142
89 79 27.3337
26 16 9.347
72 62 12.9525
34 24 0.963
90 80 33.5405
73 63 108.1077
20 10 4.0721
29 19 0.2791
49 39 49.0229
46 36 120.3543
77 67 21.0559
17 7 2.1635
50 40 136.4727
50 40 45.9162
79 69 82.4367
21 11 13.1106
60 50 271.1091
40 30 55.9253
85 75 39.5799
43 33 51.5472
102 92 5.5131
62 52 218.3399
43 33 62.3687
101 91 2.3295
41 31 44.9858
84 74 10.7082
22 12 13.2314
73 63 36.1208
16 6 1.4249
62 52 8.1827
90 80 8.19
63 53 149.4923
55 45 44.1227
11 1 0.1042
11 1 0.092
74 64 140.0558
65 55 56.8769
35 25 61.6472
20 10 7.5217
59 49 25.3602
106 96 0.4982
86 76 50.0901
83 73 15.3468
33 23 36.4527
100 90 5.4252
103 93 3.9482
77 67 50.4296
50 40 60.4515
17 7 2.465
39 29 88.6781
25 15 21.1717
18 8 6.3449
73 63 85.029
101 91 8.6782
43 33 110.3312
72 62 19.8615
49 39 82.4931
103 93 1.1975
92 82 7.1426
77 67 88.0936
56 46 135.0724
35 25 40.2995
64 54 104.4283
73 63 62.1791
107 97 0.9304
105 95 0.2526
78 68 109.3424
40 30 84.9025
33 23 53.835
76 66 56.5799
