900 22377 4.3589
77 67 16.1172
54 44 163.0233
31 21 18.4838
102 92 0.6226
96 86 14.1351
109 99 0.0488
33 23 52.8765
34 24 14.1753
36 26 8.6864
28 18 6.6366
62 52 31.2396
44 34 54.8017
24 14 18.765
49 39 54.9949
51 41 81.1955
102 92 0.2182
11 1 0.0882
65 55 193.7758
77 67 89.3413
92 82 5.6146
87 77 23.8073
73 63 73.3861
37 27 67.8983
51 41 36.9617
15 5 1.7729
23 13 13.0723
42 32 88.7907
53 43 45.9669
75 65 12.4625
108 98 0.2735
82 72 64.5834
99 89 3.4896
101 91 4.3979
64 54 37.415
56 46 195.1289
58 48 78.0879
102 92 4.0317
30 20 6.9247
58 48 70.2405
20 10 1.4206
103 93 1.7515
12 2 0.3937
14 4 0.8915
49 39 87.3898
90 80 6.293
72 62 55.1535
83 73 59.0633
53 43 17.1812
60 50 36.2683
103 93 3.7197
79 69 72.7411
106 96 0.2972
56 46 151.0989
53 43 20.1562
109 99 0.0551
55 45 59.1059
102 92 1.507
77 67 73.3832
74 64 134.4135
27 17 10.6638
79 69 97.9244
93 83 29.8971
91 81 32.4969
54 44 136.9856
66 56 64.0241
24 14 20.0431
101 91 8.0133
109 99 0.049
90 80 44.0407
22 12 7.2239
22 12 5.9698
89 79 11.4807
37 27 40.9133
46 36 76.8759
34 24 1.8807
32 22 34.8046
20 10 6.2705
85 75 35.6587
70 60 131.8002
91 81 26.675
100 90 1.5985
57 47 25.192
52 42 156.5163
56 46 135.5998
46 36 103.6235
15 5 1.0818
89 79 42.3343
13 3 0.7639
106 96 0.2573
54 44 31.4048
98 88 14.5599
61 51 93.9418
11 1 0.0837
71 61 155.424
29 19 33.3087
93 83 2.0296
20 10 4.6598
73 63 100.158
69 59 76.1049
65 55 202.9536
97 87 5.0766
39 29 20.7309
71 61 168.8396
86 76 30.8336
69 59 61.7584
72 62 31.8525
26 16 10.7471
47 37 94.3784
29 19 27.3795
47 37 6.233
46 36 123.7573
21 11 4.5971
67 57 148.1207
35 25 45.3514
49 39 92.7892
40 30 79.0546
19 9 7.2173
76 66 35.2545
97 87 11.6486
65 55 167.4571
71 61 59.3052
18 8 6.2548
79 69 85.1739
11 1 0.0952
81 71 81.7957
64 54 140.8355
101 91 4.6956
29 19 19.6903
41 31 83.5608
39 29 70.7414
29 19 15.6752
53 43 167.463
78 68 30.403
56 46 38.7894
106 96 0.7258
23 13 7.3355
94 84 3.9922
17 7 0.9322
62 52 5.0564
44 34 73.0455
79 69 8.6324
64 54 27.1333
102 92 2.9181
18 8 0.1379
103 93 3.1672
83 73 16.0005
37 27 2.0747
20 10 9.8431
109 99 0.041
45 35 15.6872
44 34 97.35
83 73 57.823
88 78 39.0989
72 62 20.194
40 30 17.9301
67 57 120.4586
29 19 35.8256
78 68 42.6041
100 90 2.8891
99 89 6.761
59 49 179.2198
55 45 130.3928
63 53 116.9543
85 75 51.764
64 54 226.8086
75 65 104.6825
23 13 9.5954
93 83 14.9244
81 71 45.7552
54 44 130.459
81 71 38.2312
72 62 14.8351
49 39 30.296
98 88 10.5908
63 53 240.4121
21 11 1.2029
13 3 0.8127
75 65 26.2997
66 56 134.0897
87 77 1.7577
48 38 113.0626
57 47 126.0228
93 83 24.8283
61 51 95.3601
59 49 118.0537
97 87 13.942
14 4 0.2461
23 13 5.6684
45 35 40.375
51 41 124.8388
90 80 17.496
74 64 121.8945
24 14 5.3692
89 79 15.5863
63 53 85.2007
87 77 18.7845
21 11 2.3592
98 88 7.4975
12 2 0.1483
80 70 21.3886
76 66 92.7245
13 3 0.5482
81 71 17.3428
42 32 60.1438
72 62 41.6586
109 99 0.0092
103 93 1.6172
37 27 28.3742
21 11 0.8782
62 52 47.4998
14 4 0.598
87 77 49.5093
67 57 99.4362
43 33 22.6032
12 2 0.3739
66 56 72.7708
71 61 44.2639
43 33 81.102
51 41 53.9595
11 1 0.0725
35 25 51.8463
103 93 4.9023
47 37 15.6907
82 72 56.2696
49 39 98.4661
23 13 11.7605
86 76 27.2472
61 51 232.592
87 77 43.0955
47 37 143.9666
12 2 0.0307
97 87 15.3002
30 20 17.5546
38 28 61.2422
65 55 95.5041
22 12 14.9476
95 85 22.0155
24 14 14.6125
95 85 12.6138
50 40 137.1872
14 4 0.5475
56 46 53.6186
15 5 2.6551
95 85 2.4825
16 6 1.4566
41 31 11.6444
50 40 104.8509
59 49 180.0822
93 83 20.7671
26 16 26.0021
90 80 27.182
23 13 3.3985
39 29 15.6161
98 88 15.7673
39 29 53.9259
92 82 30.2751
36 26 26.6898
48 38 131.1606
34 24 47.9356
60 50 76.1349
54 44 86.1215
83 73 9.1001
16 6 2.4581
65 55 97.7799
60 50 39.338
24 14 13.7893
93 83 30.9064
58 48 158.494
108 98 0.364
70 60 125.6132
102 92 2.3845
57 47 189.6293
58 48 218.1895
65 55 160.355
61 51 207.9419
44 34 96.8681
27 17 2.2491
21 11 9.9953
45 35 134.8868
29 19 34.5259
18 8 1.5111
95 85 5.1323
93 83 22.6505
101 91 6.4627
63 53 194.3685
38 28 27.2483
78 68 109.3714
61 51 219.3624
77 67 91.9623
18 8 5.808
49 39 32.4007
87 77 13.189
92 82 5.6425
76 66 121.5041
73 63 48.4168
42 32 25.6587
79 69 67.1629
82 72 22.2307
42 32 33.2528
68 58 185.7481
38 28 14.0283
45 35 120.8223
30 20 23.0136
13 3 0.0535
13 3 0.5123
88 78 37.9784
86 76 49.5288
17 7 2.8293
48 38 129.9933
77 67 102.6329
41 31 52.3087
96 86 9.2472
97 87 1.5922
77 67 46.4338
20 10 9.6147
104 94 1.9031
100 90 5.8552
110 100 0.0
83 73 66.6038
25 15 18.8665
95 85 7.4696
13 3 0.0544
46 36 84.0991
104 94 3.023
36 26 47.1761
40 30 97.6289
77 67 116.8914
99 89 4.2323
78 68 87.0294
36 26 24.6177
109 99 0.1019
74 64 96.7992
34 24 36.8779
98 88 6.5377
74 64 25.5377
13 3 0.8805
62 52 154.5328
61 51 154.1941
71 61 32.1311
61 51 114.2356
105 95 2.7063
37 27 61.9442
90 80 14.8756
13 3 0.9393
104 94 3.8822
22 12 4.8635
19 9 0.9622
93 83 22.9556
78 68 107.0055
26 16 22.6047
37 27 28.0855
14 4 0.1517
70 60 166.2538
13 3 0.8314
90 80 25.6222
96 86 3.7881
31 21 46.574
88 78 36.1087
62 52 154.6203
25 15 7.3243
14 4 0.8463
103 93 1.1587
47 37 51.6183
85 75 45.1407
77 67 12.3714
37 27 24.4162
103 93 3.6195
64 54 174.4611
63 53 65.59
76 66 87.465
106 96 1.4935
110 100 0.0
79 69 101.5915
78 68 15.5914
33 23 12.9963
35 25 5.8255
106 96 0.2602
108 98 0.3021
33 23 21.2082
21 11 1.8684
19 9 2.0037
97 87 3.3925
22 12 12.4743
88 78 25.6824
105 95 2.1138
36 26 47.5454
86 76 45.5454
102 92 3.9026
75 65 114.4325
110 100 0.0
28 18 5.4261
67 57 4.2584
43 33 48.4065
41 31 3.3026
54 44 144.9211
64 54 193.1775
14 4 0.8313
33 23 41.9248
103 93 3.6683
19 9 2.0257
20 10 1.3028
102 92 3.976
42 32 92.5178
56 46 225.6593
73 63 85.7054
50 40 119.0664
58 48 242.6226
89 79 22.9365
26 16 4.4353
23 13 15.7561
53 43 147.7555
21 11 3.7421
92 82 2.1977
92 82 18.8929
30 20 9.4661
62 52 231.1065
27 17 28.9386
67 57 95.0825
74 64 17.4353
99 89 6.2182
38 28 81.3519
32 22 7.5521
106 96 1.3513
55 45 162.8985
108 98 0.112
99 89 10.3839
104 94 1.8901
62 52 8.8436
46 36 122.5763
78 68 14.8641
20 10 0.8672
91 81 33.1741
36 26 57.1278
54 44 98.8273
78 68 96.9849
14 4 0.8776
19 9 8.9912
31 21 34.3992
56 46 141.8961
80 70 56.2528
53 43 95.1739
109 99 0.0875
38 28 3.4235
48 38 39.3594
100 90 2.6214
12 2 0.1558
78 68 113.7635
26 16 21.7386
30 20 24.185
49 39 2.3517
106 96 1.3826
100 90 6.9805
13 3 0.4092
103 93 5.2902
71 61 156.1026
40 30 93.02
31 21 34.7653
15 5 0.93
79 69 57.7275
86 76 29.8855
70 60 92.4443
47 37 5.7017
85 75 65.8929
104 94 0.6537
78 68 2.7818
46 36 137.4513
28 18 5.7873
43 33 82.6596
91 81 18.4625
51 41 47.2054
79 69 36.5829
51 41 170.1999
40 30 41.0277
107 97 0.2273
71 61 6.5955
71 61 8.4246
43 33 35.6322
98 88 2.4938
70 60 50.9477
69 59 103.8345
99 89 5.6992
49 39 78.1133
107 97 0.708
105 95 2.6325
73 63 90.0819
31 21 28.0656
73 63 52.7001
91 81 27.6976
42 32 38.3287
88 78 13.4195
65 55 77.4797
49 39 53.6489
77 67 53.5015
94 84 10.2364
98 88 6.74
57 47 186.6865
77 67 11.7834
72 62 100.0645
81 71 18.8973
13 3 0.7927
37 27 69.8867
108 98 0.1224
65 55 151.5756
67 57 192.6367
57 47 130.9599
71 61 37.5042
24 14 2.4035
72 62 117.3018
33 23 20.3701
34 24 52.7152
59 49 150.7947
48 38 7.9098
65 55 186.3458
94 84 23.7173
23 13 6.3006
50 40 5.8125
36 26 25.563
103 93 1.1444
86 76 61.5016
84 74 69.7421
62 52 239.6937
19 9 5.5486
36 26 31.3011
40 30 95.1188
24 14 12.2507
34 24 12.7951
71 61 143.9229
56 46 156.5919
97 87 17.2144
27 17 16.2758
15 5 0.0544
22 12 7.2489
52 42 151.624
60 50 3.3619
41 31 95.969
17 7 2.1286
50 40 63.7004
43 33 74.038
39 29 74.8567
81 71 12.9845
100 90 8.1547
93 83 23.8379
53 43 152.2633
86 76 22.9043
31 21 41.9466
65 55 201.8927
25 15 21.9461
104 94 1.6635
83 73 57.5112
79 69 9.2148
15 5 0.7416
49 39 35.9533
89 79 9.1673
73 63 28.8775
102 92 4.5422
13 3 0.5746
108 98 0.4389
66 56 115.8836
81 71 12.8771
16 6 2.0349
75 65 111.8521
63 53 77.8338
109 99 0.0691
11 1 0.0403
31 21 32.1654
51 41 185.2529
28 18 34.0157
96 86 16.8577
41 31 74.4769
36 26 0.7251
21 11 7.3052
38 28 21.9656
16 6 2.4242
32 22 38.0334
32 22 6.9998
47 37 90.7016
69 59 154.517
17 7 2.3102
52 42 28.8193
43 33 23.9945
30 20 42.9503
99 89 11.655
22 12 7.7941
91 81 36.3684
37 27 61.105
12 2 0.1265
56 46 130.3749
87 77 36.4786
94 84 5.2336
37 27 44.9101
104 94 2.7606
56 46 122.8784
79 69 74.6245
99 89 0.5573
29 19 40.0611
50 40 32.8067
31 21 48.727
72 62 23.5021
72 62 130.8192
63 53 102.0338
94 84 20.1809
85 75 24.861
106 96 0.3198
23 13 10.2408
16 6 0.2778
42 32 16.3577
80 70 70.1662
99 89 5.9593
53 43 31.3514
29 19 18.6836
81 71 45.7118
105 95 0.8866
83 73 21.6421
89 79 17.514
22 12 5.6113
69 59 148.6027
23 13 4.3318
52 42 139.4251
64 54 141.5433
27 17 7.6503
64 54 183.9657
91 81 8.223
18 8 3.3139
80 70 82.6883
59 49 50.7683
25 15 14.231
86 76 33.6934
65 55 52.3985
50 40 76.5467
109 99 0.0495
83 73 29.7321
98 88 3.1322
100 90 3.4298
50 40 120.2583
53 43 170.3619
12 2 0.1273
68 58 126.3661
89 79 11.9219
66 56 69.5334
86 76 19.2012
38 28 9.0286
14 4 0.9863
13 3 0.4104
30 20 14.3024
78 68 109.6171
70 60 114.7925
24 14 6.2761
50 40 97.3228
100 90 2.531
22 12 1.5032
61 51 144.7557
23 13 1.861
58 48 5.8615
109 99 0.0119
95 85 13.2446
26 16 23.8246
19 9 4.5053
26 16 17.3765
89 79 17.5255
45 35 106.7498
44 34 56.5338
76 66 34.4994
23 13 8.7641
18 8 4.5616
20 10 6.0317
63 53 0.341
46 36 59.6214
29 19 11.2433
25 15 12.668
73 63 83.4785
13 3 0.3967
47 37 26.5084
76 66 1.7417
23 13 14.728
106 96 0.7545
35 25 43.2589
82 72 82.9945
84 74 72.8287
79 69 14.4349
100 90 4.8787
34 24 52.8249
13 3 0.449
95 85 9.3654
57 47 134.3999
31 21 8.7711
13 3 0.7168
108 98 0.1972
18 8 4.8548
11 1 0.0287
35 25 4.308
23 13 10.6605
34 24 30.9757
71 61 107.5473
27 17 4.5882
27 17 3.0197
100 90 7.3911
101 91 0.7144
82 72 48.1668
36 26 58.8564
82 72 75.9729
23 13 17.3087
77 67 44.9754
92 82 10.0423
107 97 0.9773
13 3 0.6787
95 85 6.5819
43 33 0.4779
41 31 57.7473
46 36 104.1075
88 78 16.8168
42 32 15.7553
48 38 143.4042
97 87 17.5957
55 45 119.9014
31 21 0.0098
78 68 106.0751
85 75 7.6259
50 40 138.1844
44 34 84.6639
106 96 1.6646
98 88 1.3549
33 23 12.5393
110 100 0.0
20 10 0.3803
35 25 24.9807
69 59 39.3044
26 16 17.751
23 13 14.5321
96 86 8.4248
40 30 75.3847
24 14 2.2515
102 92 2.157
19 9 8.7468
64 54 137.2842
80 70 66.463
55 45 213.5475
30 20 39.2599
65 55 61.6127
98 88 14.5667
49 39 93.5619
11 1 0.0534
34 24 36.5024
44 34 28.1849
101 91 6.0764
55 45 143.5579
67 57 161.0744
11 1 0.0535
61 51 133.7403
83 73 55.0128
42 32 47.5724
92 82 29.9498
11 1 0.0993
98 88 9.6934
95 85 18.2575
78 68 73.1014
51 41 7.1494
74 64 56.0157
88 78 15.4256
62 52 95.4719
54 44 121.7993
20 10 7.3326
75 65 85.1927
55 45 49.3804
35 25 61.9597
98 88 9.9094
87 77 48.5477
78 68 48.4064
92 82 3.263
46 36 111.968
52 42 89.53
30 20 21.883
25 15 14.8834
49 39 10.3341
84 74 11.972
88 78 21.5574
89 79 2.59
81 71 48.158
83 73 38.0361
85 75 16.0398
65 55 216.3516
65 55 214.7517
110 100 0.0
85 75 57.2291
81 71 74.2223
74 64 121.2843
12 2 0.3094
38 28 15.1665
47 37 81.9202
55 45 136.5572
100 90 0.2202
98 88 0.8885
52 42 110.7394
97 87 16.5402
56 46 57.5249
103 93 5.0551
74 64 78.541
104 94 0.4856
19 9 6.6362
26 16 2.3064
108 98 0.0218
91 81 32.0051
27 17 28.4823
48 38 0.6179
61 51 257.8594
33 23 0.6263
28 18 31.3026
32 22 50.5804
63 53 186.0862
63 53 191.6517
12 2 0.0681
23 13 6.0151
58 48 168.0312
97 87 9.3953
33 23 18.0353
33 23 24.9457
30 20 11.6037
104 94 1.0
92 82 20.2317
107 97 0.8384
86 76 39.044
92 82 20.6983
43 33 76.7926
20 10 8.118
100 90 9.4915
82 72 7.9099
75 65 129.7586
50 40 133.5569
17 7 2.6205
55 45 214.5553
26 16 17.0854
84 74 68.1335
80 70 30.6022
12 2 0.3523
48 38 84.3956
20 10 6.6902
75 65 31.6173
100 90 1.6726
51 41 98.4109
45 35 29.0382
38 28 56.1592
23 13 5.4279
20 10 2.3798
56 46 121.2299
37 27 69.0102
68 58 124.7096
39 29 35.3177
51 41 8.1584
87 77 31.6318
55 45 131.633
83 73 72.3669
27 17 30.6851
29 19 22.1503
25 15 8.4523
96 86 8.1328
77 67 85.1564
44 34 97.7514
37 27 77.3619
52 42 123.2575
82 72 25.7977
20 10 7.5736
30 20 2.0324
83 73 26.6713
51 41 186.3054
75 65 104.373
30 20 33.5574
89 79 16.9647
26 16 18.1785
37 27 2.3596
65 55 198.8189
109 99 0.0046
12 2 0.3877
107 97 0.4968
92 82 26.604
13 3 0.7161
56 46 30.7746
95 85 19.0873
94 84 5.7786
58 48 203.1505
44 34 96.7953
70 60 21.1348
13 3 0.8235
42 32 66.1485
26 16 23.6254
52 42 127.353
74 64 110.7914
77 67 103.8169
97 87 8.6559
94 84 17.0485
44 34 56.5527
45 35 29.9034
71 61 67.489
92 82 28.0081
35 25 7.4554
103 93 2.8948
108 98 0.3924
76 66 103.1369
50 40 56.8277
73 63 83.7314
14 4 0.9866
74 64 81.9758
