400 10096 9.9499
94 94 88.36
21 21 4.41
32 32 10.24
87 87 75.69
52 52 27.04
64 64 40.96
13 13 1.69
15 15 2.25
23 23 5.29
17 17 2.89
26 26 6.76
80 80 64.0
26 26 6.76
54 54 29.16
89 89 79.21
53 53 28.09
25 25 6.25
20 20 4.0
31 31 9.61
68 68 46.24
38 38 14.44
35 35 12.25
94 94 88.36
87 87 75.69
22 22 4.84
72 72 51.84
5 5 0.25
23 23 5.29
40 40 16.0
16 16 2.56
15 15 2.25
86 86 73.96
54 54 29.16
74 74 54.76
41 41 16.81
47 47 22.09
56 56 31.36
20 20 4.0
69 69 47.61
62 62 38.44
22 22 4.84
11 11 1.21
89 89 79.21
49 49 24.01
100 100 100.0
89 89 79.21
38 38 14.44
52 52 27.04
71 71 50.41
22 22 4.84
84 84 70.56
9 9 0.81
77 77 59.29
48 48 23.04
3 3 0.09
46 46 21.16
16 16 2.56
91 91 82.81
7 7 0.49
23 23 5.29
90 90 81.0
5 5 0.25
99 99 98.01
92 92 84.64
61 61 37.21
3 3 0.09
63 63 39.69
90 90 81.0
64 64 40.96
75 75 56.25
41 41 16.81
24 24 5.76
22 22 4.84
47 47 22.09
86 86 73.96
45 45 20.25
55 55 30.25
98 98 96.04
98 98 96.04
90 90 81.0
32 32 10.24
17 17 2.89
55 55 30.25
73 73 53.29
1 1 0.01
51 51 26.01
31 31 9.61
52 52 27.04
67 67 44.89
59 59 34.81
31 31 9.61
70 70 49.0
55 55 30.25
5 5 0.25
73 73 53.29
11 11 1.21
12 12 1.44
73 73 53.29
71 71 50.41
83 83 68.89
4 4 0.16
4 4 0.16
72 72 51.84
17 17 2.89
33 33 10.89
4 4 0.16
90 90 81.0
70 70 49.0
16 16 2.56
52 52 27.04
98 98 96.04
2 2 0.04
96 96 92.16
14 14 1.96
89 89 79.21
78 78 60.84
75 75 56.25
84 84 70.56
24 24 5.76
27 27 7.29
41 41 16.81
47 47 22.09
44 44 19.36
52 52 27.04
64 64 40.96
37 37 13.69
76 76 57.76
74 74 54.76
82 82 67.24
61 61 37.21
84 84 70.56
74 74 54.76
45 45 20.25
42 42 17.64
10 10 1.0
90 90 81.0
86 86 73.96
74 74 54.76
5 5 0.25
74 74 54.76
2 2 0.04
94 94 88.36
55 55 30.25
44 44 19.36
94 94 88.36
34 34 11.56
58 58 33.64
29 29 8.41
52 52 27.04
57 57 32.49
12 12 1.44
10 10 1.0
74 74 54.76
38 38 14.44
33 33 10.89
88 88 77.44
24 24 5.76
46 46 21.16
88 88 77.44
77 77 59.29
83 83 68.89
93 93 86.49
96 96 92.16
23 23 5.29
65 65 42.25
95 95 90.25
16 16 2.56
14 14 1.96
35 35 12.25
35 35 12.25
78 78 60.84
92 92 84.64
80 80 64.0
66 66 43.56
2 2 0.04
27 27 7.29
26 26 6.76
18 18 3.24
33 33 10.89
85 85 72.25
26 26 6.76
12 12 1.44
7 7 0.49
96 96 92.16
40 40 16.0
93 93 86.49
32 32 10.24
95 95 90.25
51 51 26.01
90 90 81.0
61 61 37.21
55 55 30.25
7 7 0.49
96 96 92.16
14 14 1.96
90 90 81.0
54 54 29.16
50 50 25.0
80 80 64.0
24 24 5.76
99 99 98.01
57 57 32.49
46 46 21.16
66 66 43.56
7 7 0.49
77 77 59.29
48 48 23.04
72 72 51.84
62 62 38.44
35 35 12.25
34 34 11.56
38 38 14.44
89 89 79.21
52 52 27.04
6 6 0.36
76 76 57.76
7 7 0.49
66 66 43.56
56 56 31.36
83 83 68.89
36 36 12.96
67 67 44.89
25 25 6.25
65 65 42.25
65 65 42.25
2 2 0.04
75 75 56.25
53 53 28.09
69 69 47.61
11 11 1.21
2 2 0.04
90 90 81.0
36 36 12.96
27 27 7.29
83 83 68.89
8 8 0.64
63 63 39.69
3 3 0.09
70 70 49.0
39 39 15.21
85 85 72.25
1 1 0.01
92 92 84.64
54 54 29.16
52 52 27.04
51 51 26.01
83 83 68.89
6 6 0.36
38 38 14.44
72 72 51.84
92 92 84.64
36 36 12.96
46 46 21.16
59 59 34.81
70 70 49.0
73 73 53.29
99 99 98.01
41 41 16.81
70 70 49.0
46 46 21.16
14 14 1.96
94 94 88.36
57 57 32.49
74 74 54.76
41 41 16.81
19 19 3.61
2 2 0.04
20 20 4.0
32 32 10.24
83 83 68.89
84 84 70.56
69 69 47.61
46 46 21.16
60 60 36.0
97 97 94.09
46 46 21.16
58 58 33.64
75 75 56.25
68 68 46.24
61 61 37.21
85 85 72.25
24 24 5.76
65 65 42.25
35 35 12.25
64 64 40.96
32 32 10.24
81 81 65.61
56 56 31.36
81 81 65.61
15 15 2.25
44 44 19.36
66 66 43.56
27 27 7.29
82 82 67.24
59 59 34.81
10 10 1.0
14 14 1.96
19 19 3.61
9 9 0.81
65 65 42.25
36 36 12.96
41 41 16.81
19 19 3.61
47 47 22.09
31 31 9.61
83 83 68.89
35 35 12.25
40 40 16.0
14 14 1.96
95 95 90.25
89 89 79.21
32 32 10.24
70 70 49.0
15 15 2.25
61 61 37.21
3 3 0.09
8 8 0.64
58 58 33.64
67 67 44.89
91 91 82.81
53 53 28.09
9 9 0.81
14 14 1.96
22 22 4.84
62 62 38.44
5 5 0.25
46 46 21.16
45 45 20.25
67 67 44.89
66 66 43.56
24 24 5.76
69 69 47.61
33 33 10.89
31 31 9.61
100 100 100.0
70 70 49.0
74 74 54.76
32 32 10.24
12 12 1.44
11 11 1.21
69 69 47.61
81 81 65.61
3 3 0.09
83 83 68.89
26 26 6.76
82 82 67.24
84 84 70.56
82 82 67.24
4 4 0.16
1 1 0.01
75 75 56.25
92 92 84.64
82 82 67.24
27 27 7.29
51 51 26.01
98 98 96.04
97 97 94.09
9 9 0.81
16 16 2.56
67 67 44.89
88 88 77.44
97 97 94.09
7 7 0.49
69 69 47.61
62 62 38.44
32 32 10.24
48 48 23.04
45 45 20.25
47 47 22.09
37 37 13.69
8 8 0.64
28 28 7.84
97 97 94.09
55 55 30.25
26 26 6.76
31 31 9.61
91 91 82.81
61 61 37.21
73 73 53.29
73 73 53.29
38 38 14.44
6 6 0.36
39 39 15.21
12 12 1.44
9 9 0.81
82 82 67.24
15 15 2.25
65 65 42.25
81 81 65.61
13 13 1.69
23 23 5.29
15 15 2.25
70 70 49.0
48 48 23.04
42 42 17.64
84 84 70.56
58 58 33.64
11 11 1.21
71 71 50.41
45 45 20.25
