900 22707 9.9499
14 4 0.1109
16 6 0.308
38 28 3.6707
18 8 0.1869
64 54 18.9861
49 39 6.0634
49 39 9.7045
101 91 48.2914
88 78 48.1247
74 64 17.4148
38 28 4.6002
110 100 27.8995
90 80 58.2001
97 87 39.2227
71 61 28.9143
101 91 23.9072
90 80 49.2902
86 76 38.4958
29 19 1.0801
103 93 46.0797
19 9 0.5097
91 81 57.6552
107 97 27.287
109 99 59.6463
20 10 0.6892
91 81 21.6058
54 44 16.9324
35 25 3.0457
72 62 10.8689
99 89 63.5512
11 1 0.0026
13 3 0.0641
82 72 31.8254
63 53 11.045
64 54 23.2874
13 3 0.0657
100 90 50.6318
16 6 0.2656
13 3 0.0452
85 75 52.4828
39 29 5.4084
42 32 5.6673
89 79 42.0695
91 81 29.6121
61 51 7.3799
91 81 32.4376
38 28 2.2989
77 67 21.499
32 22 1.3647
79 69 34.4053
64 54 17.2482
91 81 39.9373
110 100 50.7485
11 1 0.008
15 5 0.153
23 13 1.5058
58 48 22.9489
54 44 18.5287
46 36 5.9375
81 71 39.1025
15 5 0.0763
82 72 39.3643
56 46 6.2575
90 80 57.6734
18 8 0.5603
81 71 20.1924
100 90 23.7695
98 88 31.5192
31 21 1.9707
42 32 8.2203
50 40 7.0804
94 84 57.4291
58 48 16.8896
84 74 47.2203
54 44 13.1733
48 38 13.7218
50 40 12.318
84 74 19.9621
21 11 0.9728
24 14 1.0476
46 36 7.4775
73 63 22.7892
64 54 12.55
93 83 29.2984
21 11 0.319
64 54 14.2333
81 71 17.8549
103 93 49.1752
71 61 28.6182
74 64 17.3239
79 69 13.0827
28 18 1.1627
20 10 0.3711
18 8 0.2608
39 29 4.7424
29 19 1.9327
22 12 0.3933
51 41 5.0405
101 91 64.1777
65 55 15.4952
53 43 17.9522
26 16 1.5974
65 55 20.8146
89 79 61.8394
31 21 1.1779
35 25 5.8501
43 33 6.8377
14 4 0.1012
93 83 44.5089
85 75 18.3047
93 83 55.2257
89 79 49.4448
21 11 0.8527
49 39 10.2964
95 85 51.7767
104 94 82.3956
23 13 1.2526
97 87 20.9663
19 9 0.5811
53 43 14.1632
52 42 7.1284
108 98 40.6623
51 41 13.8823
38 28 2.8244
101 91 68.9315
94 84 25.9611
80 70 24.8203
32 22 1.549
53 43 10.8353
15 5 0.1406
70 60 31.341
23 13 0.7346
14 4 0.121
48 38 8.831
109 99 51.7795
37 27 2.3861
11 1 0.0052
77 67 28.5188
15 5 0.104
105 95 40.4471
23 13 0.5373
73 63 34.5709
14 4 0.1164
77 67 15.0893
35 25 2.011
42 32 3.1393
105 95 40.8896
18 8 0.2106
16 6 0.2577
92 82 32.6144
62 52 10.5255
66 56 8.2254
91 81 60.8946
18 8 0.531
13 3 0.0573
88 78 16.4276
16 6 0.2774
61 51 7.2932
21 11 0.9631
47 37 12.8429
65 55 7.918
22 12 0.465
47 37 12.4553
44 34 3.8099
92 82 53.1135
36 26 5.683
38 28 4.1384
54 44 19.3556
97 87 68.6197
80 70 35.1234
19 9 0.5229
94 84 25.7587
67 57 13.103
71 61 12.3145
46 36 4.5612
102 92 46.4006
43 33 3.6047
103 93 45.2512
85 75 49.5208
62 52 17.1702
38 28 1.969
18 8 0.3132
110 100 51.2541
90 80 40.5196
26 16 0.9122
50 40 13.1675
52 42 12.2045
54 44 4.8616
56 46 18.5623
83 73 17.4967
63 53 15.018
80 70 46.3611
43 33 3.8185
49 39 11.6301
50 40 5.9399
68 58 24.2763
70 60 21.1987
70 60 23.2758
27 17 1.3037
41 31 5.4163
104 94 47.8241
40 30 3.1787
11 1 0.0084
70 60 25.6026
94 84 21.183
91 81 64.6802
104 94 42.7677
22 12 0.5779
32 22 4.6272
88 78 17.6081
16 6 0.3242
108 98 64.2226
23 13 0.8938
110 100 66.3329
101 91 66.0936
89 79 36.0792
64 54 20.3861
16 6 0.1553
12 2 0.0358
41 31 8.226
35 25 2.1824
13 3 0.0718
15 5 0.1308
86 76 47.1832
94 84 33.2295
49 39 13.6102
11 1 0.0034
14 4 0.1106
110 100 49.6687
27 17 1.2457
25 15 2.0607
23 13 0.5625
65 55 25.8308
106 96 74.3475
55 45 16.4325
87 77 31.1688
101 91 40.2095
83 73 38.8353
32 22 2.7993
31 21 1.52
67 57 26.6462
49 39 9.9711
50 40 5.1843
100 90 73.4535
37 27 7.1471
52 42 5.5357
94 84 20.7107
101 91 36.4345
71 61 10.9872
36 26 1.9949
32 22 4.1959
100 90 29.7374
76 66 13.538
43 33 2.9808
78 68 27.6497
26 16 1.0582
15 5 0.0851
70 60 23.4983
59 49 19.3301
101 91 50.0641
74 64 33.5925
83 73 23.164
60 50 9.8251
58 48 9.4649
56 46 18.4762
52 42 6.6915
28 18 1.3757
36 26 3.4629
30 20 1.0797
83 73 13.5814
16 6 0.1769
64 54 18.1382
39 29 2.5065
93 83 37.626
56 46 5.368
108 98 65.3818
66 56 10.9039
61 51 10.9336
104 94 57.1188
78 68 42.6331
13 3 0.075
67 57 24.4827
49 39 12.7249
104 94 51.5481
109 99 61.2541
73 63 39.3254
24 14 0.8501
67 57 19.7056
52 42 11.1877
31 21 1.5329
102 92 23.216
53 43 17.5729
16 6 0.311
14 4 0.0988
33 23 1.468
61 51 24.688
16 6 0.2653
54 44 7.0862
87 77 36.7369
59 49 7.7618
47 37 4.5199
55 45 9.5141
62 52 16.6521
54 44 14.0625
54 44 15.2155
61 51 9.6088
92 82 20.0588
41 31 8.5498
88 78 38.0011
14 4 0.0719
11 1 0.0046
29 19 2.9149
70 60 19.955
49 39 3.8718
67 57 10.4762
77 67 42.263
107 97 28.6568
33 23 1.8621
100 90 56.8109
102 92 58.0766
75 65 25.5591
72 62 11.622
34 24 4.6066
42 32 8.2829
19 9 0.3054
37 27 5.5833
26 16 2.2258
84 74 23.6099
64 54 12.1997
62 52 7.2178
42 32 5.644
57 47 16.1958
107 97 42.5587
78 68 44.3756
43 33 6.3423
68 58 17.9276
12 2 0.0111
103 93 53.1077
33 23 2.0192
96 86 66.597
109 99 32.6932
16 6 0.192
19 9 0.2539
74 64 11.6417
94 84 31.3723
81 71 20.9801
21 11 0.4282
68 58 21.7716
35 25 2.7849
50 40 15.6254
19 9 0.4508
85 75 50.8369
105 95 23.4595
22 12 1.3398
91 81 34.6474
58 48 9.0752
100 90 26.28
30 20 2.7679
100 90 55.589
59 49 15.1002
68 58 19.3926
79 69 35.5669
33 23 1.4891
61 51 12.278
93 83 50.4654
28 18 1.734
67 57 26.471
65 55 13.5005
70 60 30.3921
97 87 73.07
91 81 19.9755
40 30 6.4572
25 15 0.6012
55 45 5.901
110 100 83.5579
27 17 1.9063
15 5 0.2112
46 36 10.5372
12 2 0.0332
32 22 2.9739
83 73 19.4393
94 84 32.4194
102 92 71.2623
81 71 13.2452
84 74 34.3232
73 63 16.626
102 92 72.2041
22 12 0.3721
30 20 1.8865
71 61 24.691
16 6 0.2076
75 65 16.5397
54 44 19.2063
47 37 10.3317
16 6 0.3494
91 81 48.4597
30 20 3.105
100 90 28.9864
44 34 9.8684
39 29 3.9884
33 23 1.9213
61 51 17.7949
104 94 44.0909
18 8 0.4102
49 39 8.4233
95 85 52.5219
17 7 0.1615
98 88 50.3021
32 22 1.8071
62 52 18.7541
75 65 10.687
80 70 43.6934
94 84 62.35
59 49 18.1416
37 27 3.3504
16 6 0.1342
66 56 9.765
11 1 0.0082
89 79 57.508
100 90 24.7287
93 83 24.7069
41 31 3.7392
99 89 39.6585
14 4 0.1224
32 22 2.6824
11 1 0.0057
107 97 50.4782
11 1 0.0026
39 29 6.1683
40 30 3.3544
16 6 0.3279
57 47 19.2475
41 31 4.5275
20 10 0.5567
72 62 14.1956
21 11 1.0239
23 13 0.4931
46 36 9.9345
44 34 7.5142
100 90 26.7124
78 68 44.2691
87 77 56.1316
84 74 31.9361
81 71 17.7393
47 37 4.6872
13 3 0.0758
71 61 9.9427
17 7 0.2058
110 100 34.2471
87 77 19.1091
86 76 36.1935
58 48 6.6889
109 99 44.2731
39 29 5.5159
63 53 10.83
89 79 33.9633
69 59 10.4795
96 86 19.913
100 90 71.5614
18 8 0.3839
80 70 40.1373
32 22 3.1613
37 27 4.7024
55 45 8.5357
51 41 7.3609
68 58 26.8417
92 82 21.6374
16 6 0.3455
110 100 52.1342
95 85 25.4621
84 74 50.4171
72 62 33.9726
23 13 0.6916
94 84 31.1543
15 5 0.081
99 89 65.6894
100 90 75.2712
60 50 24.7944
39 29 3.0304
33 23 1.7796
42 32 3.8455
18 8 0.2387
105 95 61.0211
61 51 10.1277
103 93 74.046
17 7 0.1631
78 68 36.0012
40 30 3.4429
13 3 0.0758
65 55 16.7281
64 54 13.854
63 53 8.4914
85 75 25.2044
53 43 10.7636
96 86 38.5231
107 97 33.457
67 57 24.3661
62 52 8.344
110 100 65.364
32 22 1.6978
104 94 57.3988
51 41 9.7869
86 76 36.7297
77 67 29.4317
85 75 16.0753
38 28 3.3863
63 53 11.0683
75 65 36.3042
72 62 17.066
75 65 22.407
106 96 91.8205
62 52 9.1664
38 28 3.4644
29 19 2.0079
58 48 15.9041
34 24 3.1869
103 93 48.1206
50 40 15.7458
101 91 28.9358
79 69 15.1259
91 81 26.2021
110 100 30.5798
20 10 0.4437
98 88 64.391
48 38 6.1157
32 22 3.3515
51 41 14.3134
79 69 21.0094
83 73 33.7666
25 15 0.6258
91 81 54.0299
34 24 4.0405
15 5 0.1761
30 20 2.0667
42 32 4.0433
107 97 55.4087
83 73 16.4836
109 99 95.5448
94 84 21.2429
77 67 44.6892
13 3 0.065
45 35 5.1774
69 59 14.9963
72 62 28.6311
60 50 8.5276
74 64 10.5742
73 63 38.3285
87 77 34.9683
91 81 21.1922
101 91 53.9769
77 67 19.5735
55 45 19.5417
90 80 28.8144
75 65 10.67
95 85 30.7437
12 2 0.0156
109 99 59.5521
33 23 3.0706
84 74 29.5555
77 67 39.1063
70 60 22.3237
89 79 54.5116
15 5 0.1243
57 47 11.1509
25 15 0.8632
23 13 1.3193
41 31 2.8829
75 65 37.5169
105 95 39.9475
103 93 78.4837
93 83 28.6846
29 19 1.0064
80 70 29.7287
106 96 32.3886
88 78 20.196
97 87 46.0579
60 50 22.97
25 15 1.525
26 16 2.2488
97 87 63.2279
22 12 1.4371
22 12 0.8819
65 55 12.1055
68 58 11.6964
34 24 3.9303
73 63 21.9483
53 43 11.4901
101 91 78.5634
39 29 8.0895
104 94 51.5366
57 47 9.6137
64 54 8.5066
71 61 17.3631
91 81 37.5438
49 39 14.9143
80 70 20.559
18 8 0.5303
13 3 0.069
30 20 2.0281
71 61 17.789
31 21 3.8624
63 53 8.7681
14 4 0.0662
72 62 17.1761
77 67 13.0509
23 13 1.0547
28 18 0.9216
97 87 71.075
35 25 1.8298
41 31 6.282
74 64 13.773
71 61 35.5001
19 9 0.4707
41 31 4.366
16 6 0.1537
12 2 0.0336
14 4 0.0469
14 4 0.0648
102 92 83.2711
19 9 0.2716
99 89 33.8654
77 67 42.2552
94 84 50.2327
40 30 7.9682
78 68 27.4628
14 4 0.1144
105 95 63.7347
71 61 13.2853
109 99 47.5052
56 46 19.7127
23 13 1.3924
93 83 39.6069
39 29 5.4737
70 60 23.676
26 16 2.4608
64 54 17.259
83 73 27.9894
55 45 14.7725
11 1 0.004
99 89 25.3039
56 46 13.9233
72 62 18.8877
48 38 12.5954
25 15 2.0607
25 15 1.2357
51 41 9.4114
42 32 6.216
77 67 29.0812
21 11 1.1777
39 29 3.4011
32 22 1.9235
100 90 50.3859
85 75 54.9274
26 16 1.4064
94 84 62.5159
23 13 0.4896
48 38 6.144
19 9 0.5546
94 84 69.2074
103 93 21.8874
104 94 55.7352
43 33 8.9264
94 84 51.3071
19 9 0.6976
78 68 11.6568
50 40 5.5701
74 64 25.555
57 47 7.8512
93 83 44.8096
86 76 24.7984
88 78 30.0479
62 52 8.3163
40 30 2.2877
48 38 6.9401
32 22 2.9152
66 56 15.7268
104 94 79.009
82 72 16.3135
103 93 61.7167
95 85 62.0282
14 4 0.0783
49 39 12.2535
105 95 61.8236
55 45 15.9089
82 72 19.3882
31 21 2.2476
59 49 6.4115
95 85 37.6247
79 69 45.5166
105 95 28.5658
77 67 38.8453
38 28 6.8178
23 13 0.4432
96 86 25.056
86 76 26.2093
74 64 11.2051
97 87 25.5318
20 10 0.8707
104 94 61.7324
91 81 22.9566
58 48 19.7847
73 63 15.7982
65 55 20.4358
25 15 1.293
20 10 0.3132
96 86 46.6421
43 33 9.2842
87 77 23.789
19 9 0.3012
68 58 14.5519
78 68 15.9385
38 28 2.063
73 63 23.2536
93 83 68.0823
99 89 54.3464
85 75 28.9336
73 63 28.0222
67 57 12.7642
58 48 11.2997
18 8 0.5513
21 11 0.6977
55 45 8.5241
93 83 31.0505
50 40 10.1767
101 91 76.1605
58 48 15.5315
33 23 1.3929
95 85 37.7254
80 70 38.2208
75 65 12.3187
31 21 2.5882
52 42 8.3909
33 23 2.7159
25 15 2.2311
21 11 0.9181
42 32 10.1812
38 28 4.1306
103 93 55.3521
14 4 0.1121
68 58 24.1769
102 92 23.6848
67 57 13.2853
35 25 2.1098
82 72 14.462
110 100 92.2118
43 33 7.0437
26 16 0.988
81 71 31.3107
59 49 7.106
25 15 1.8717
100 90 74.6669
87 77 35.7102
93 83 63.7938
45 35 10.0724
75 65 31.8672
107 97 82.2776
38 28 6.8623
12 2 0.0336
83 73 51.9236
69 59 32.5368
73 63 14.274
43 33 3.4894
97 87 46.7747
102 92 21.6886
49 39 12.2857
54 44 10.059
82 72 47.7716
48 38 14.4202
94 84 30.4792
29 19 3.414
45 35 3.7334
60 50 9.3942
98 88 40.5731
80 70 13.5696
87 77 27.1848
45 35 5.5521
29 19 1.5934
63 53 13.8087
88 78 31.5911
45 35 6.9017
60 50 6.7387
52 42 9.7606
51 41 10.7689
22 12 0.7237
75 65 13.1218
69 59 28.7897
89 79 54.5264
27 17 2.7136
85 75 15.6784
47 37 7.3371
62 52 20.7489
110 100 81.9912
91 81 46.4333
83 73 45.3171
50 40 6.1956
76 66 20.1161
80 70 46.6844
93 83 38.9077
72 62 29.9581
42 32 5.6316
68 58 26.6256
23 13 0.4681
22 12 1.117
55 45 14.6666
56 46 10.4213
41 31 4.1181
21 11 0.946
87 77 58.9486
59 49 6.1444
66 56 13.7552
63 53 10.2951
100 90 44.9651
98 88 60.1835
19 9 0.551
16 6 0.3519
101 91 24.2281
101 91 27.9926
62 52 13.802
11 1 0.0063
51 41 10.0717
36 26 4.7808
11 1 0.0082
38 28 1.9963
102 92 68.0411
63 53 20.2248
36 26 2.0343
110 100 38.9126
95 85 52.6495
97 87 45.4128
61 51 9.5778
18 8 0.3593
18 8 0.2715
77 67 19.75
21 11 0.711
70 60 13.0972
24 14 0.861
32 22 1.8824
76 66 23.4295
99 89 36.2308
21 11 0.8197
89 79 24.7307
70 60 9.9055
92 82 50.683
98 88 65.5371
42 32 9.5537
26 16 1.547
52 42 9.6497
62 52 8.4321
98 88 22.8809
96 86 19.9103
99 89 49.9453
41 31 7.9259
14 4 0.1375
30 20 1.8948
95 85 46.3148
99 89 39.7152
99 89 21.2678
39 29 3.9669
55 45 7.7117
19 9 0.2811
44 34 9.503
35 25 1.7077
97 87 43.9211
95 85 30.2093
56 46 5.4368
103 93 45.5058
41 31 3.2559
37 27 3.7311
17 7 0.1866
94 84 67.8927
37 27 2.9953
80 70 33.1626
62 52 9.0969
47 37 4.0534
25 15 1.3207
94 84 55.3878
80 70 12.7085
88 78 21.5073
12 2 0.0234
52 42 12.3124
19 9 0.5018
37 27 5.0576
87 77 24.3957
110 100 90.4458
106 96 28.6557
43 33 7.6226
71 61 13.2467
27 17 1.6923
51 41 4.472
63 53 16.5616
106 96 80.0542
39 29 5.4957
54 44 9.6709
72 62 11.6336
27 17 1.5009
52 42 15.5417
48 38 7.3843
77 67 44.7615
52 42 7.4077
48 38 5.6844
