100 2236 4.3589
20 10 0.2906
72 62 12.6117
12 2 0.019
78 68 12.5578
58 48 15.6049
12 2 0.0183
17 7 0.2724
34 24 1.6081
52 42 15.8523
54 44 6.363
55 45 6.5741
39 29 6.4217
58 48 15.0987
62 52 24.3957
74 64 35.9952
22 12 1.3106
76 66 12.7699
40 30 4.0865
77 67 34.3619
62 52 11.5077
16 6 0.2443
45 35 4.519
76 66 17.6669
50 40 13.6279
95 85 54.2992
95 85 35.8238
72 62 30.2621
18 8 0.4151
75 65 35.3609
30 20 3.1959
74 64 17.7822
16 6 0.3434
67 57 19.8827
72 62 37.4581
27 17 0.9661
106 96 85.5736
28 18 2.7536
88 78 48.4249
107 97 37.7033
34 24 5.6392
102 92 77.7007
94 84 39.4384
106 96 67.6062
53 43 6.9854
84 74 18.4479
93 83 39.622
65 55 19.4243
26 16 1.1703
53 43 6.3152
43 33 5.1239
94 84 49.3155
58 48 19.7509
17 7 0.4865
40 30 7.2986
69 59 24.4135
68 58 12.0583
95 85 31.3051
38 28 7.8087
51 41 6.3137
56 46 13.3985
30 20 1.5431
53 43 16.5625
65 55 25.32
27 17 2.6228
106 96 82.8992
27 17 1.7326
39 29 7.4294
28 18 2.3587
39 29 3.54
28 18 1.2065
38 28 3.5363
98 88 30.8836
49 39 4.5135
62 52 23.9738
95 85 31.4306
47 37 11.3367
108 98 28.3546
99 89 25.6026
36 26 2.5821
41 31 5.5446
44 34 5.3722
68 58 21.7026
15 5 0.1226
51 41 11.4779
29 19 3.0797
90 80 56.9783
66 56 10.6955
49 39 10.3613
64 54 23.2719
64 54 23.7042
35 25 2.4618
102 92 69.9833
48 38 5.0194
39 29 2.9753
13 3 0.0516
12 2 0.0112
30 20 3.0751
17 7 0.4241
21 11 0.9025
30 20 1.1846
