900 22573 4.3589
34 24 62.0969
17 7 1.3854
94 84 18.0469
75 65 112.3492
106 96 1.2375
13 3 0.6176
74 64 112.7746
24 14 19.3834
63 53 176.6697
25 15 22.5856
76 66 121.752
41 31 77.0386
103 93 1.6516
51 41 22.8591
16 6 2.2406
42 32 32.3605
82 72 45.9018
53 43 103.8745
67 57 103.1999
74 64 110.2993
75 65 48.5712
67 57 117.6156
110 100 0.0
107 97 0.0648
39 29 91.8619
62 52 107.5243
30 20 12.8532
93 83 12.139
69 59 127.7979
36 26 27.7674
12 2 0.2119
48 38 19.7123
57 47 148.529
24 14 18.7378
20 10 7.3524
56 46 226.2784
17 7 2.8549
69 59 69.5915
102 92 2.7422
101 91 8.2055
46 36 90.6796
23 13 1.1136
76 66 32.7695
66 56 30.468
34 24 62.3857
75 65 131.6202
30 20 22.2221
66 56 76.5514
25 15 13.9954
62 52 250.4468
12 2 0.205
12 2 0.075
109 99 0.0213
66 56 114.416
86 76 30.1444
52 42 33.9752
32 22 42.3125
73 63 50.3332
50 40 46.7765
95 85 21.1993
49 39 147.1843
86 76 57.3102
34 24 59.5498
48 38 126.5034
12 2 0.1093
14 4 0.0851
110 100 0.0
53 43 154.7066
31 21 41.1158
60 50 199.2882
23 13 15.8057
30 20 34.7832
31 21 18.1816
81 71 47.9599
54 44 102.534
109 99 0.0011
21 11 6.4477
106 96 0.4099
67 57 13.3678
87 77 56.15
67 57 53.1786
43 33 45.5087
16 6 0.1851
62 52 6.0464
38 28 5.1371
98 88 13.8324
103 93 0.5834
64 54 163.9584
89 79 32.0274
93 83 27.1949
32 22 51.785
11 1 0.0597
41 31 91.8921
42 32 15.4425
24 14 18.5526
31 21 9.5165
104 94 3.9963
88 78 5.029
73 63 72.287
82 72 71.2276
66 56 200.6219
105 95 0.4558
46 36 96.82
80 70 40.9288
31 21 41.4947
78 68 25.9558
88 78 34.8509
66 56 54.493
46 36 75.2094
93 83 3.3739
101 91 6.5724
47 37 65.1318
89 79 3.1762
58 48 227.4322
64 54 216.3459
92 82 33.4326
101 91 8.7314
84 74 20.947
55 45 145.0524
58 48 94.4192
23 13 5.2859
83 73 59.0869
70 60 134.9246
88 78 29.429
60 50 104.8385
19 9 7.0405
101 91 0.6253
59 49 218.7713
32 22 11.2356
37 27 27.7221
79 69 44.9108
54 44 180.8953
87 77 24.0925
77 67 43.6829
92 82 12.8477
99 89 1.4824
57 47 233.8219
62 52 228.9832
66 56 5.0845
75 65 52.5634
26 16 9.3787
56 46 59.4963
53 43 168.3927
64 54 163.6315
95 85 4.5225
110 100 0.0
85 75 55.7808
107 97 0.5863
57 47 234.7226
88 78 46.1169
14 4 0.2042
53 43 126.9774
17 7 0.2466
34 24 7.0361
34 24 24.8616
85 75 57.1062
54 44 190.1131
14 4 0.7815
81 71 73.459
40 30 66.5889
108 98 0.3283
58 48 122.2443
41 31 15.9139
21 11 5.1544
31 21 17.328
78 68 108.9847
109 99 0.0768
39 29 34.2004
67 57 145.6106
38 28 50.7134
37 27 64.2091
37 27 72.2229
79 69 72.1415
13 3 0.7767
80 70 89.8843
57 47 32.8166
106 96 1.1299
25 15 3.3355
74 64 57.1923
104 94 1.4388
49 39 75.6724
53 43 199.7466
71 61 35.8136
74 64 134.9661
14 4 1.6813
105 95 2.5222
53 43 200.4645
68 58 8.9928
78 68 66.5206
28 18 32.8934
101 91 4.5186
69 59 101.0718
103 93 1.5238
77 67 37.8538
56 46 125.4898
51 41 132.5875
66 56 34.8041
73 63 9.4991
84 74 9.7824
95 85 4.0683
94 84 12.7858
84 74 22.6679
110 100 0.0
109 99 0.0057
73 63 86.9035
46 36 93.7857
103 93 4.0843
68 58 85.602
29 19 12.7614
75 65 23.0326
31 21 16.622
38 28 63.6261
99 89 2.0633
34 24 14.3162
97 87 7.877
25 15 6.4932
24 14 9.1938
25 15 21.1052
13 3 0.3676
95 85 8.8252
99 89 1.5927
100 90 5.1987
15 5 0.0596
56 46 95.9758
70 60 125.4226
96 86 15.9134
60 50 260.5493
68 58 169.4663
33 23 56.525
79 69 17.3821
73 63 127.1301
39 29 20.6643
78 68 38.6791
97 87 7.4276
70 60 51.9621
33 23 9.7029
16 6 0.1205
95 85 15.0897
83 73 55.2293
29 19 13.7218
42 32 31.8755
42 32 69.2658
87 77 27.4264
50 40 40.7175
44 34 107.4816
41 31 21.8122
52 42 164.7307
62 52 45.2707
87 77 32.7633
65 55 192.3002
73 63 19.2543
51 41 32.7014
14 4 0.1118
76 66 41.7786
84 74 35.7612
67 57 73.0593
57 47 25.7739
97 87 4.3479
47 37 91.8589
41 31 85.6888
99 89 12.915
28 18 33.491
56 46 114.7499
58 48 98.6509
25 15 10.5066
101 91 1.183
108 98 0.3257
12 2 0.2195
32 22 48.8426
72 62 54.8898
36 26 63.1705
61 51 72.0879
33 23 7.0139
85 75 17.2205
82 72 85.3692
94 84 6.3577
12 2 0.0329
38 28 29.6558
67 57 18.2178
95 85 2.5841
44 34 17.6802
59 49 187.0162
108 98 0.3019
17 7 2.9255
15 5 0.939
11 1 0.1047
79 69 51.4695
12 2 0.1235
36 26 36.4582
76 66 81.9007
84 74 11.6473
40 30 62.201
73 63 102.036
46 36 109.8189
46 36 3.1229
108 98 0.1978
105 95 0.5836
36 26 64.8127
98 88 8.7948
11 1 0.0184
107 97 0.0894
72 62 70.9408
84 74 29.692
26 16 9.6059
23 13 1.5081
52 42 97.1123
105 95 2.1005
78 68 75.769
46 36 4.4028
96 86 20.7458
68 58 133.1315
21 11 11.8357
104 94 3.6847
14 4 0.4929
88 78 24.119
30 20 25.2508
39 29 79.8653
49 39 55.4028
21 11 12.3856
78 68 12.6747
29 19 19.4376
81 71 12.0792
69 59 81.587
86 76 47.3905
82 72 72.3856
21 11 6.3371
64 54 72.8463
18 8 6.6617
33 23 2.9096
105 95 1.7529
70 60 15.8779
61 51 18.2327
88 78 8.6865
85 75 15.6986
100 90 5.9765
43 33 37.4043
15 5 0.2326
108 98 0.3787
57 47 209.9016
72 62 49.3612
76 66 7.7697
86 76 21.3238
29 19 23.795
17 7 3.4232
88 78 16.6672
62 52 22.9811
26 16 4.3289
39 29 86.3323
11 1 0.0673
91 81 1.6393
49 39 106.4612
85 75 10.0051
66 56 204.0568
60 50 275.2599
106 96 0.5286
56 46 72.017
38 28 70.9313
24 14 18.8164
76 66 31.3496
66 56 152.1046
91 81 32.2989
14 4 1.5395
57 47 208.1517
103 93 2.8861
91 81 23.2972
96 86 4.5548
53 43 7.2694
87 77 24.9338
66 56 185.5459
97 87 4.5806
28 18 16.8339
23 13 14.7127
27 17 15.0603
100 90 2.2606
103 93 3.1833
66 56 46.6973
61 51 215.1917
12 2 0.41
33 23 28.5653
58 48 117.3084
14 4 0.6984
17 7 2.2482
44 34 112.1882
104 94 2.9489
36 26 15.8438
65 55 84.6966
103 93 1.0385
33 23 29.4212
56 46 60.4665
77 67 2.3663
110 100 0.0
22 12 7.9051
39 29 73.8167
35 25 1.6506
18 8 4.3342
40 30 53.8205
85 75 6.4181
74 64 23.0013
99 89 12.5309
65 55 69.0304
72 62 51.4768
97 87 13.5598
80 70 84.7926
44 34 34.0805
94 84 14.6022
19 9 0.7452
95 85 11.0692
28 18 20.38
29 19 17.0646
55 45 179.9733
74 64 59.4234
56 46 22.1831
93 83 4.6301
38 28 79.1463
87 77 55.0182
69 59 47.1639
77 67 96.6259
42 32 27.5052
14 4 0.4224
47 37 141.2954
46 36 82.158
22 12 10.1713
100 90 5.732
29 19 6.3339
32 22 43.2126
88 78 2.1467
85 75 50.2523
53 43 83.3019
85 75 49.029
91 81 29.452
106 96 1.5602
76 66 29.4062
62 52 155.411
96 86 12.8504
29 19 13.396
65 55 121.1885
22 12 5.3278
37 27 46.568
98 88 8.07
54 44 198.3429
60 50 203.7382
41 31 6.3003
18 8 6.489
81 71 78.242
15 5 1.4627
23 13 12.9146
46 36 36.1275
100 90 1.7651
90 80 28.4031
85 75 19.5069
14 4 1.0303
95 85 1.6248
108 98 0.1772
11 1 0.0544
12 2 0.2501
33 23 55.7066
14 4 0.8353
44 34 19.5968
49 39 43.4814
102 92 1.3074
59 49 31.5827
78 68 101.782
85 75 22.1902
109 99 0.0942
22 12 6.777
105 95 2.2513
38 28 65.3614
73 63 151.866
91 81 1.8714
71 61 107.0111
62 52 43.3005
99 89 10.2964
21 11 2.2303
50 40 61.7257
33 23 11.8954
58 48 222.0192
67 57 172.0684
57 47 39.8678
30 20 20.9665
49 39 57.1598
38 28 53.0277
30 20 43.4015
99 89 1.9242
57 47 37.2059
81 71 38.4591
44 34 107.4541
27 17 21.1354
26 16 8.0207
64 54 90.9232
43 33 11.9882
83 73 2.2441
36 26 9.5921
35 25 28.8864
95 85 0.3299
73 63 80.238
35 25 0.009
63 53 43.7766
99 89 2.1836
102 92 6.5467
21 11 11.2125
102 92 0.3248
62 52 83.0355
11 1 0.029
93 83 1.0292
55 45 102.1975
65 55 108.0772
92 82 24.818
83 73 56.9162
59 49 42.7414
45 35 52.9969
58 48 48.9977
19 9 3.1184
36 26 42.8582
96 86 18.6762
34 24 15.2878
18 8 6.7777
53 43 118.7191
84 74 59.0879
78 68 105.5885
70 60 73.7937
74 64 4.6229
58 48 159.5491
49 39 115.1618
22 12 14.8238
101 91 4.5295
61 51 133.5629
31 21 23.8413
90 80 8.987
27 17 1.6545
79 69 37.175
17 7 4.3705
26 16 27.6082
31 21 17.6529
82 72 0.7834
25 15 17.4629
94 84 1.9317
71 61 51.7465
44 34 6.6239
80 70 39.792
107 97 0.0563
27 17 17.24
100 90 1.7913
107 97 0.2326
57 47 20.2766
63 53 28.1278
50 40 165.3895
24 14 0.3298
81 71 45.5607
35 25 64.8137
44 34 39.6123
99 89 1.0649
37 27 42.8156
60 50 273.2867
59 49 247.9309
53 43 169.2023
89 79 15.9158
93 83 7.2668
71 61 65.2428
15 5 1.6446
56 46 92.8744
58 48 78.3628
30 20 5.5826
93 83 22.4539
103 93 2.1915
55 45 194.2337
69 59 105.3163
89 79 2.5965
47 37 37.2625
41 31 60.2945
47 37 59.4513
45 35 3.0201
61 51 24.0808
38 28 32.899
24 14 0.0014
88 78 36.2277
62 52 183.3879
47 37 119.2088
54 44 74.4723
42 32 59.4397
64 54 74.7614
96 86 9.4797
65 55 124.7942
94 84 2.8773
91 81 16.0591
45 35 14.2605
36 26 26.6718
13 3 0.9557
75 65 122.843
58 48 63.9266
45 35 17.5946
30 20 19.8818
84 74 10.3604
97 87 11.1886
44 34 119.104
70 60 65.0015
109 99 0.083
96 86 13.8547
78 68 104.681
22 12 2.8095
105 95 0.9747
38 28 70.0876
56 46 24.0564
32 22 36.68
70 60 154.2662
94 84 18.7696
90 80 31.3299
85 75 0.3584
108 98 0.3442
55 45 159.2152
102 92 5.258
43 33 77.8323
61 51 47.4014
14 4 1.7128
84 74 49.7475
79 69 15.7426
62 52 94.3107
73 63 21.9115
72 62 29.8799
106 96 0.3771
88 78 36.2577
49 39 105.271
97 87 8.0877
102 92 5.4245
68 58 20.8045
21 11 8.1151
102 92 1.2127
89 79 26.0593
32 22 12.2392
24 14 11.3267
84 74 56.1102
57 47 177.5061
106 96 1.395
50 40 169.03
61 51 262.4495
37 27 72.3582
55 45 19.4435
100 90 8.8983
59 49 28.558
105 95 0.4422
41 31 2.6203
21 11 3.8385
19 9 0.9284
44 34 22.1752
98 88 1.6978
84 74 50.1128
105 95 1.3163
65 55 72.3872
65 55 173.124
37 27 45.3874
107 97 0.3933
17 7 1.1568
12 2 0.1225
95 85 21.2233
87 77 14.9655
43 33 36.1321
80 70 11.0364
41 31 63.4349
16 6 1.4655
40 30 45.8984
92 82 28.9202
32 22 33.5503
80 70 9.8059
22 12 8.6628
11 1 0.0315
80 70 47.2992
105 95 2.2464
107 97 0.1806
72 62 13.1805
35 25 11.0936
62 52 49.3747
39 29 7.6433
17 7 0.579
94 84 9.2657
54 44 50.3934
95 85 24.7916
108 98 0.3469
53 43 28.129
80 70 73.4203
22 12 3.8139
90 80 1.8996
63 53 80.1581
14 4 1.3427
49 39 153.6702
68 58 3.9906
80 70 8.3343
68 58 130.4178
73 63 110.95
35 25 50.793
38 28 14.9598
72 62 59.6893
36 26 19.9083
44 34 49.7263
25 15 10.4626
48 38 135.612
54 44 24.3563
52 42 0.4205
107 97 0.0061
97 87 8.6008
17 7 0.8245
84 74 54.3563
43 33 54.7937
75 65 112.668
55 45 222.5638
107 97 0.164
67 57 115.86
40 30 34.5411
79 69 13.0082
42 32 22.893
63 53 169.8409
87 77 25.398
51 41 53.2065
57 47 86.3256
70 60 62.4776
49 39 99.8288
61 51 55.1697
27 17 15.0379
72 62 121.7087
62 52 46.4109
86 76 25.7947
12 2 0.1935
106 96 1.0461
57 47 98.713
46 36 109.8287
22 12 10.4413
34 24 10.6984
109 99 0.0479
51 41 73.2995
44 34 95.0657
74 64 105.486
61 51 135.1405
76 66 5.2012
61 51 242.79
77 67 26.3718
66 56 33.1367
51 41 0.5439
37 27 26.4518
42 32 88.1107
103 93 1.3415
51 41 23.6763
31 21 46.5651
49 39 130.3657
82 72 4.1632
51 41 72.2973
46 36 42.9566
99 89 11.7622
36 26 2.2432
59 49 193.0808
29 19 34.7253
16 6 2.4066
77 67 13.352
74 64 24.6267
32 22 14.3653
92 82 25.7045
60 50 176.6474
84 74 14.5707
39 29 69.8169
25 15 6.1937
104 94 1.5738
39 29 49.2959
56 46 99.6854
20 10 0.731
13 3 0.7853
72 62 56.0272
35 25 35.1218
32 22 47.2727
32 22 48.7032
47 37 49.4258
40 30 96.1729
72 62 47.0158
77 67 53.82
54 44 144.171
80 70 54.3951
90 80 28.3355
49 39 110.5245
54 44 85.2196
86 76 3.5386
62 52 129.3868
11 1 0.0274
62 52 56.4199
12 2 0.1849
13 3 0.0816
100 90 0.6352
17 7 1.5776
23 13 11.6155
17 7 2.2103
26 16 15.8455
110 100 0.0
17 7 3.4648
12 2 0.1201
18 8 5.5477
13 3 0.5153
38 28 14.5899
90 80 6.0919
75 65 42.2573
100 90 8.2413
54 44 9.9863
97 87 3.3179
47 37 98.8377
42 32 17.4088
65 55 4.2729
76 66 84.9302
35 25 60.3247
31 21 29.8527
58 48 8.0707
67 57 43.9852
25 15 2.0782
29 19 13.4321
97 87 3.7794
15 5 2.166
99 89 1.4171
49 39 49.5232
54 44 84.181
62 52 140.8443
62 52 52.2833
76 66 120.5508
27 17 14.2348
41 31 83.4009
47 37 17.3563
110 100 0.0
70 60 53.2806
62 52 117.8423
88 78 24.8903
69 59 97.5824
34 24 19.4254
94 84 11.9743
98 88 11.9513
83 73 54.6004
26 16 26.0815
101 91 2.7833
73 63 138.5017
108 98 0.2893
30 20 10.0491
73 63 135.5011
24 14 12.7707
42 32 98.8498
107 97 0.577
43 33 25.9414
49 39 86.0331
72 62 141.0367
39 29 57.8686
79 69 1.4044
49 39 27.5003
66 56 112.252
98 88 10.7875
95 85 10.7868
110 100 0.0
43 33 89.9868
60 50 157.0395
31 21 45.8157
14 4 0.6899
105 95 0.4902
92 82 2.8899
77 67 111.2911
71 61 27.6503
41 31 35.0598
51 41 53.9678
70 60 6.9466
61 51 180.5806
12 2 0.3498
72 62 150.9722
46 36 50.2602
75 65 128.4886
19 9 3.3155
47 37 55.4885
55 45 14.9119
39 29 62.2716
66 56 18.5531
67 57 119.4882
26 16 19.9771
18 8 6.7961
93 83 28.1651
93 83 20.221
17 7 4.929
75 65 20.6197
30 20 24.9748
17 7 3.8397
106 96 0.205
33 23 29.7232
26 16 23.2339
77 67 25.2996
19 9 4.228
104 94 0.0451
67 57 41.7263
53 43 38.5811
44 34 83.7984
15 5 0.5985
104 94 1.5259
97 87 5.41
23 13 0.2197
33 23 57.1721
81 71 48.397
56 46 69.7292
96 86 10.1834
90 80 29.7879
38 28 38.967
51 41 149.3212
25 15 0.4397
57 47 239.2051
86 76 35.8504
60 50 221.0352
