100 2549 4.3589
97 87 0.8129
78 68 13.7092
108 98 0.2123
104 94 2.3996
43 33 81.6917
75 65 107.3679
70 60 33.2855
22 12 4.4296
81 71 88.7731
37 27 25.6313
53 43 1.4153
110 100 0.0
82 72 25.9211
98 88 4.5857
28 18 8.7079
55 45 201.343
106 96 0.5356
46 36 130.4699
68 58 7.666
25 15 3.9567
35 25 66.3102
36 26 20.4577
71 61 137.9295
94 84 25.8203
11 1 0.0944
34 24 26.4762
22 12 10.5525
73 63 10.4187
51 41 113.7987
14 4 1.7394
52 42 115.776
23 13 10.921
43 33 105.414
51 41 97.7069
87 77 15.0074
22 12 15.8212
52 42 94.8078
37 27 53.3872
21 11 10.9006
21 11 1.0292
93 83 29.0853
50 40 16.4202
26 16 21.1053
80 70 80.8871
23 13 17.3453
95 85 17.4153
51 41 16.1659
108 98 0.0799
45 35 28.3348
35 25 18.9796
31 21 45.5398
11 1 0.0759
30 20 29.1424
48 38 74.6928
19 9 3.5709
40 30 70.9388
40 30 19.4283
91 81 18.3779
58 48 189.1916
20 10 10.7862
88 78 5.9523
97 87 1.347
11 1 0.0311
100 90 8.586
109 99 0.0291
15 5 1.2878
87 77 45.2461
93 83 22.624
81 71 2.673
90 80 29.4309
83 73 25.4527
67 57 68.5408
110 100 0.0
105 95 2.5061
106 96 0.9025
41 31 18.1326
44 34 40.2848
90 80 28.3862
84 74 45.3809
56 46 225.2647
72 62 75.5268
49 39 76.8814
87 77 20.6727
101 91 5.871
24 14 12.425
93 83 19.6223
69 59 174.8229
105 95 1.3428
33 23 18.0297
56 46 21.3719
80 70 74.7834
39 29 18.988
47 37 58.1043
17 7 1.0844
110 100 0.0
71 61 132.3703
75 65 55.2583
97 87 3.4761
60 50 6.3341
27 17 28.0092
