400 9876 9.9499
83 73 21.0241
31 21 2.3691
82 72 24.1169
62 52 19.4693
86 76 38.2406
11 1 0.0077
58 48 21.8341
105 95 82.6081
38 28 5.1447
91 81 16.426
20 10 0.4349
93 83 43.994
81 71 15.0862
44 34 5.5701
18 8 0.423
57 47 20.6107
49 39 9.4969
81 71 48.5628
24 14 0.8025
24 14 0.8966
29 19 3.577
34 24 5.099
72 62 35.0725
89 79 58.6587
30 20 2.2807
31 21 2.4081
60 50 9.0318
109 99 44.6318
103 93 48.8727
28 18 1.4178
103 93 61.1618
82 72 34.6356
22 12 0.8696
85 75 55.0712
100 90 30.3888
105 95 89.0475
67 57 12.1682
13 3 0.0407
24 14 0.5935
79 69 19.9309
77 67 15.9824
37 27 6.0015
27 17 1.2935
46 36 6.6219
98 88 43.182
63 53 11.9274
67 57 19.0943
88 78 33.5218
35 25 2.7308
82 72 16.0897
97 87 20.1897
49 39 10.8656
30 20 3.2768
89 79 59.5274
12 2 0.0155
14 4 0.1591
78 68 27.4345
47 37 5.1984
16 6 0.1924
24 14 1.4345
42 32 9.0336
34 24 5.1085
97 87 74.6876
62 52 7.2409
70 60 28.055
67 57 27.2421
86 76 55.9639
18 8 0.6192
55 45 14.5985
80 70 37.0017
78 68 37.8914
90 80 54.9007
51 41 12.2563
53 43 17.2707
38 28 5.5366
108 98 79.1246
42 32 7.8176
94 84 43.884
36 26 2.6906
28 18 1.4634
45 35 4.4982
61 51 8.8108
46 36 6.5444
90 80 16.4463
25 15 2.141
92 82 27.8583
58 48 9.3826
107 97 36.1393
77 67 29.934
104 94 22.4723
106 96 74.8934
35 25 3.949
79 69 18.2039
110 100 26.606
11 1 0.0046
52 42 10.3742
11 1 0.0075
15 5 0.2109
30 20 2.8659
31 21 2.2005
20 10 0.6585
85 75 31.209
63 53 12.5734
47 37 11.2151
23 13 1.2914
77 67 39.6006
76 66 16.2869
65 55 24.7984
44 34 11.4359
92 82 34.8383
49 39 8.7468
63 53 9.9338
55 45 8.1014
90 80 46.9993
60 50 18.5537
29 19 1.1355
107 97 67.263
32 22 2.8924
71 61 10.4213
15 5 0.1021
22 12 0.4246
76 66 23.874
40 30 2.5927
40 30 2.4756
95 85 38.6449
11 1 0.003
21 11 0.4078
86 76 42.7258
99 89 76.8796
78 68 41.3192
50 40 11.2399
39 29 7.1262
100 90 62.9087
76 66 37.6652
74 64 40.7989
72 62 31.9756
20 10 0.2967
52 42 6.0103
82 72 16.9332
59 49 14.7802
49 39 10.0445
61 51 9.7775
95 85 47.2808
17 7 0.2853
58 48 18.7177
27 17 0.9769
44 34 4.6122
75 65 22.7443
76 66 19.6169
18 8 0.3674
109 99 51.0239
87 77 18.9173
94 84 21.4777
49 39 12.8064
104 94 50.5649
53 43 6.4923
31 21 1.6269
19 9 0.6249
19 9 0.4196
103 93 81.2702
20 10 0.5121
27 17 1.5728
31 21 3.4107
68 58 21.8753
71 61 19.8791
94 84 59.0623
56 46 8.0282
76 66 21.1232
109 99 24.8712
42 32 8.4751
47 37 11.5023
17 7 0.3703
42 32 7.4573
109 99 89.8647
65 55 20.7927
42 32 5.0427
61 51 7.6624
32 22 2.392
43 33 6.7985
41 31 5.157
78 68 31.3096
18 8 0.3606
56 46 20.9672
103 93 29.384
100 90 55.6979
61 51 24.976
100 90 61.5158
33 23 2.5421
81 71 35.6218
34 24 3.3941
52 42 8.8685
30 20 1.29
110 100 49.9764
69 59 17.0858
27 17 1.0797
71 61 36.0588
42 32 7.8512
36 26 2.3211
100 90 78.6574
95 85 18.7758
26 16 1.0625
31 21 1.281
34 24 1.7258
32 22 4.3556
19 9 0.517
81 71 24.8143
11 1 0.0048
46 36 3.4299
73 63 22.5701
108 98 81.7469
69 59 26.2656
19 9 0.2596
23 13 0.8174
72 62 38.0973
80 70 41.773
36 26 5.4859
45 35 10.7387
17 7 0.2324
80 70 47.8587
46 36 6.094
31 21 1.4092
61 51 12.2213
63 53 20.8036
21 11 0.6187
101 91 43.3873
67 57 11.6452
29 19 2.268
84 74 15.0257
30 20 2.9087
49 39 6.407
104 94 82.0274
90 80 40.6432
94 84 68.1401
55 45 11.6097
99 89 31.5574
88 78 27.487
62 52 25.2949
47 37 13.0827
90 80 19.7491
93 83 48.9482
30 20 1.9943
89 79 51.8227
41 31 2.4165
108 98 40.6763
57 47 16.9909
80 70 12.589
63 53 23.1284
92 82 60.1307
31 21 1.4994
49 39 7.2039
25 15 0.8926
75 65 25.6846
65 55 20.6998
64 54 12.2325
19 9 0.5203
52 42 17.0511
107 97 53.9094
72 62 26.0569
11 1 0.006
60 50 6.8681
22 12 0.5776
38 28 2.9255
68 58 12.2535
33 23 1.3682
80 70 23.9953
62 52 22.3824
28 18 2.2638
59 49 7.5554
82 72 17.8025
31 21 1.2783
79 69 30.6395
84 74 35.9196
96 86 25.3301
70 60 10.5424
25 15 1.4429
44 34 9.363
54 44 6.9707
106 96 70.6726
41 31 3.3922
96 86 38.7133
78 68 19.7607
56 46 12.8565
81 71 34.645
82 72 24.4867
39 29 5.2199
13 3 0.0848
48 38 3.8644
72 62 24.5451
11 1 0.0076
40 30 3.0335
88 78 21.4953
15 5 0.2334
66 56 10.9614
47 37 4.804
30 20 2.3357
93 83 37.6247
74 64 32.2351
80 70 44.0312
40 30 3.658
85 75 20.7489
71 61 31.5507
80 70 42.1045
42 32 5.1574
38 28 2.2243
59 49 12.0402
98 88 70.0218
108 98 84.5204
96 86 36.018
51 41 6.8121
90 80 29.3786
11 1 0.008
103 93 35.9916
20 10 0.4529
83 73 16.6024
88 78 26.6876
41 31 6.1108
29 19 3.3896
82 72 21.9802
74 64 22.8255
70 60 11.1309
60 50 9.55
58 48 18.2141
24 14 0.7285
42 32 5.8932
19 9 0.2535
67 57 16.5796
34 24 5.1357
36 26 4.2601
46 36 5.4266
59 49 12.4404
15 5 0.0948
57 47 15.2194
57 47 17.123
102 92 31.3925
71 61 27.3236
14 4 0.0843
15 5 0.1488
47 37 5.4131
72 62 22.4363
92 82 38.5703
33 23 2.0918
57 47 16.8987
49 39 10.8959
35 25 2.3904
86 76 18.3424
29 19 1.4402
76 66 24.2753
64 54 14.0003
74 64 15.2897
97 87 33.8538
75 65 34.0122
97 87 33.7317
23 13 0.7232
35 25 2.7486
24 14 1.836
42 32 7.0799
85 75 46.5724
105 95 40.4967
22 12 0.5377
67 57 32.1886
99 89 22.0083
72 62 16.4511
25 15 1.9997
58 48 7.3419
49 39 8.7001
14 4 0.0565
43 33 5.1049
53 43 15.5638
89 79 31.8615
78 68 23.6536
57 47 14.3975
101 91 27.8647
12 2 0.0117
78 68 25.0861
93 83 44.281
110 100 80.0971
100 90 47.993
77 67 20.0453
104 94 47.4873
30 20 1.9265
46 36 11.2165
31 21 1.2232
88 78 54.9377
50 40 10.8254
53 43 14.6345
93 83 34.525
66 56 25.2426
67 57 11.1523
56 46 8.299
107 97 50.8455
95 85 37.0357
60 50 21.997
41 31 2.5985
88 78 16.7813
34 24 5.1017
108 98 56.0088
17 7 0.4713
46 36 3.3328
19 9 0.6238
92 82 43.7463
