100 2637 9.9499
100 90 9.3845
59 49 235.2246
84 74 35.668
98 88 2.199
49 39 156.6879
32 22 6.7661
37 27 23.1739
23 13 4.2457
62 52 31.6927
50 40 33.7451
46 36 72.7366
81 71 53.8124
39 29 56.5721
11 1 0.0472
28 18 31.996
81 71 81.7485
97 87 14.3855
103 93 2.2855
100 90 2.5949
38 28 43.0869
72 62 133.9429
32 22 33.4541
73 63 150.9885
55 45 106.6096
53 43 146.467
29 19 36.3361
70 60 47.9056
94 84 21.6668
57 47 104.3499
99 89 10.0299
103 93 4.5744
110 100 0.0
49 39 19.7296
16 6 1.9771
47 37 63.1661
86 76 23.6377
59 49 27.7339
109 99 0.0544
24 14 11.8548
71 61 1.1337
43 33 64.5905
55 45 211.8336
98 88 0.0212
60 50 171.8407
92 82 4.3392
21 11 2.7278
60 50 194.6712
79 69 82.1224
101 91 4.0364
92 82 7.4738
19 9 4.9958
41 31 29.6235
48 38 54.6773
17 7 2.568
57 47 144.3244
98 88 14.223
82 72 45.6104
85 75 38.8806
55 45 162.6485
69 59 53.9803
27 17 24.9451
73 63 3.0769
74 64 115.4591
67 57 40.1345
88 78 39.0995
25 15 16.822
48 38 156.5442
16 6 1.3688
44 34 58.9568
75 65 133.6953
89 79 27.6913
88 78 38.0104
105 95 0.8065
65 55 178.6285
37 27 44.8671
50 40 163.2043
13 3 0.6822
76 66 50.1774
87 77 37.8085
68 58 181.2561
31 21 1.1097
73 63 53.4162
68 58 116.9109
37 27 36.2862
49 39 129.1551
93 83 8.8589
68 58 69.024
105 95 2.3833
57 47 31.3737
75 65 78.8907
86 76 28.5754
49 39 83.3239
45 35 31.7902
91 81 3.4394
53 43 3.1879
61 51 59.2029
11 1 0.0059
31 21 45.0024
74 64 61.5199
104 94 2.2432
