100 2432 9.9499
15 5 95.4216
19 9 93.6095
27 17 78.0307
36 26 78.0608
32 22 79.0125
24 14 91.2675
81 71 33.6783
27 17 88.4221
22 12 85.4257
49 39 64.096
54 44 60.0827
43 33 68.2408
83 73 52.5379
59 49 55.9743
39 29 81.4163
17 7 93.4084
47 37 63.1612
19 9 91.0765
21 11 91.3879
14 4 96.6702
62 52 52.3611
103 93 37.3272
50 40 60.9055
36 26 72.8804
38 28 69.6791
60 50 54.9985
13 3 96.242
65 55 50.3632
71 61 51.495
95 85 36.5626
48 38 65.0555
74 64 38.7232
86 76 23.7393
54 44 65.9117
28 18 83.189
77 67 59.7467
47 37 60.109
81 71 27.8942
91 81 42.9693
55 45 64.2563
54 44 49.3984
67 57 62.2521
44 34 61.8598
27 17 81.7505
75 65 42.7886
79 69 35.5932
18 8 93.8283
25 15 82.5645
42 32 70.4257
63 53 48.3832
21 11 85.507
105 95 34.5368
78 68 52.3438
83 73 51.8991
45 35 70.819
59 49 55.4221
66 56 32.707
71 61 44.152
18 8 89.9709
48 38 68.9614
77 67 46.612
87 77 42.7363
27 17 84.9771
67 57 47.142
69 59 47.7882
65 55 66.3459
59 49 56.184
68 58 63.2454
108 98 16.6872
100 90 17.7207
53 43 57.6779
76 66 47.7992
13 3 98.1704
42 32 75.9233
79 69 29.8138
39 29 61.497
12 2 97.0067
79 69 40.4038
44 34 73.6404
12 2 98.3905
71 61 48.079
107 97 36.3513
83 73 46.8622
101 91 53.8668
100 90 40.4687
91 81 50.6702
80 70 25.4278
103 93 39.8249
98 88 40.1956
11 1 98.9926
108 98 48.6632
102 92 29.6665
24 14 87.2094
98 88 49.1149
108 98 24.5174
101 91 29.9121
62 52 41.2344
69 59 39.2928
67 57 50.6844
54 44 57.6552
