400 10129 9.9499
53 43 11.8171
58 48 17.2973
84 74 51.4605
38 28 2.8412
33 23 4.3531
59 49 7.2824
64 54 18.6227
53 43 8.417
45 35 7.5372
16 6 0.2033
72 62 26.5235
16 6 0.3473
31 21 4.2382
56 46 7.0442
86 76 50.295
44 34 9.5759
45 35 10.5768
88 78 17.4967
48 38 7.2598
60 50 22.8207
28 18 1.3512
23 13 0.4284
46 36 11.7491
41 31 3.5857
110 100 47.6956
51 41 10.4931
80 70 16.4057
71 61 14.2756
93 83 67.4731
74 64 13.0393
107 97 92.2176
34 24 2.3917
108 98 95.7599
76 66 27.0494
17 7 0.3003
36 26 5.4312
45 35 8.3071
33 23 1.3248
110 100 99.934
101 91 45.301
22 12 0.5651
87 77 28.0624
86 76 56.4016
56 46 9.8414
21 11 0.7467
38 28 5.5098
46 36 3.7543
109 99 79.7056
42 32 2.8429
64 54 20.7526
59 49 6.5357
92 82 47.5962
82 72 25.3291
32 22 2.3397
23 13 0.8312
41 31 6.3999
67 57 10.6191
36 26 4.8321
35 25 5.8758
98 88 43.6194
106 96 38.9913
40 30 5.3722
20 10 0.4953
43 33 2.9368
19 9 0.2154
78 68 38.8117
92 82 22.406
43 33 6.9332
15 5 0.1134
44 34 4.3869
107 97 45.6773
22 12 0.431
107 97 49.4434
30 20 2.6118
19 9 0.5098
30 20 1.5778
92 82 18.9834
56 46 6.9707
18 8 0.6303
95 85 19.9496
110 100 87.9525
93 83 32.7264
34 24 3.7597
108 98 29.2011
15 5 0.1998
53 43 15.7395
74 64 18.8973
43 33 9.8728
90 80 24.298
15 5 0.0638
101 91 21.5463
42 32 9.412
78 68 12.4411
46 36 7.6402
91 81 40.1107
53 43 17.8701
37 27 4.6264
88 78 25.7242
72 62 16.2175
34 24 5.3875
40 30 8.8887
19 9 0.2693
95 85 34.1652
101 91 49.9326
101 91 36.7769
40 30 7.2603
105 95 66.6542
87 77 42.8279
89 79 17.6787
22 12 1.1228
69 59 13.2511
80 70 21.1149
86 76 27.5877
67 57 19.4261
20 10 0.9493
37 27 6.5736
75 65 24.8791
63 53 8.6565
109 99 30.1181
36 26 3.5014
56 46 12.3559
55 45 13.022
64 54 21.1159
66 56 8.0576
99 89 72.5614
63 53 12.9262
108 98 30.8336
96 86 23.4382
17 7 0.1953
14 4 0.077
12 2 0.0221
55 45 10.8096
109 99 30.1709
19 9 0.7472
59 49 7.0575
78 68 40.169
96 86 68.4756
76 66 40.4763
28 18 2.0756
59 49 9.669
88 78 32.6555
36 26 1.8504
73 63 22.6176
33 23 2.4668
25 15 0.8991
69 59 12.5968
13 3 0.0773
69 59 12.0805
31 21 1.3865
36 26 2.7519
70 60 24.9161
37 27 5.9326
97 87 24.1631
53 43 11.0776
43 33 8.5194
99 89 26.2656
82 72 32.974
87 77 49.6997
28 18 3.0765
74 64 10.8353
74 64 15.2084
42 32 2.9532
22 12 0.5259
110 100 38.4202
58 48 6.3529
12 2 0.0277
84 74 48.6478
92 82 17.827
73 63 15.3069
110 100 93.5012
28 18 0.9514
72 62 36.0396
81 71 13.5071
59 49 13.9711
103 93 69.6173
37 27 3.5457
86 76 41.8441
23 13 1.4338
39 29 2.6686
58 48 21.7781
51 41 7.0522
81 71 15.9784
42 32 9.4415
93 83 43.9039
86 76 39.0838
43 33 5.9502
107 97 24.8034
11 1 0.0084
55 45 10.2836
23 13 0.6931
109 99 54.7866
23 13 0.8681
33 23 2.968
56 46 12.1738
28 18 1.2896
66 56 12.5486
55 45 6.3928
41 31 4.5493
53 43 11.8832
28 18 2.0598
35 25 3.2551
74 64 14.3512
38 28 7.1744
73 63 27.2411
102 92 46.3489
101 91 56.259
32 22 1.8015
99 89 68.5584
102 92 21.8481
60 50 7.8048
35 25 5.1153
109 99 80.2834
18 8 0.3488
83 73 48.8531
26 16 1.3733
48 38 13.0596
41 31 6.1499
61 51 22.4562
57 47 10.9184
78 68 24.6076
38 28 3.8711
51 41 12.1864
44 34 5.8414
106 96 30.1302
63 53 23.5846
37 27 2.1179
99 89 43.5732
15 5 0.2164
62 52 19.0358
73 63 20.6416
76 66 25.8064
43 33 5.4173
39 29 2.383
20 10 0.4972
92 82 54.1622
107 97 30.0567
77 67 44.4489
70 60 20.873
67 57 20.9654
19 9 0.2186
34 24 3.6565
17 7 0.1802
45 35 3.89
42 32 7.8008
52 42 7.5251
14 4 0.1201
19 9 0.3493
103 93 32.065
60 50 22.835
40 30 7.7729
90 80 47.9986
65 55 11.1169
44 34 3.9561
60 50 22.2793
16 6 0.2935
25 15 0.5986
24 14 1.948
12 2 0.013
60 50 19.1932
75 65 29.7352
100 90 27.1941
96 86 53.3703
38 28 3.6142
90 80 20.2131
75 65 19.5912
49 39 8.8233
108 98 33.8212
36 26 1.8061
47 37 13.3941
20 10 0.2505
17 7 0.4335
73 63 35.0867
110 100 28.459
82 72 31.4687
80 70 18.0668
21 11 0.7944
100 90 80.6476
40 30 3.9697
94 84 30.5687
20 10 0.6853
25 15 2.0921
96 86 32.8547
99 89 55.7158
31 21 3.7404
90 80 63.4508
99 89 74.0495
48 38 12.3131
97 87 42.7572
102 92 39.466
67 57 14.0145
65 55 10.1595
101 91 54.726
102 92 68.183
74 64 27.716
109 99 41.6025
40 30 6.7865
95 85 18.8556
26 16 2.0281
24 14 1.6662
26 16 0.7329
88 78 52.0663
12 2 0.0113
47 37 10.087
69 59 24.4768
30 20 1.3264
75 65 14.2756
78 68 24.1307
42 32 8.052
84 74 38.6847
39 29 6.2001
21 11 0.8122
71 61 14.4925
68 58 15.4937
49 39 10.6766
62 52 8.2582
60 50 12.0208
93 83 54.4467
99 89 23.6527
98 88 65.6375
78 68 34.5015
34 24 2.8504
29 19 1.5299
70 60 28.1207
107 97 37.5365
27 17 1.3844
62 52 21.7902
97 87 73.2308
26 16 2.1208
65 55 18.2756
94 84 67.5964
33 23 1.5678
24 14 0.5183
92 82 35.5908
109 99 50.108
110 100 35.2171
101 91 71.7307
109 99 48.7707
71 61 21.8977
16 6 0.138
46 36 10.6374
90 80 53.8286
83 73 50.7058
46 36 8.7102
47 37 12.468
26 16 1.5698
96 86 25.4369
106 96 43.1544
110 100 59.5259
69 59 28.661
93 83 17.8236
81 71 24.1543
32 22 4.5114
12 2 0.0118
87 77 48.2678
49 39 7.3143
76 66 38.1294
39 29 3.1844
70 60 14.8564
76 66 13.1515
94 84 48.6604
87 77 31.6013
33 23 1.4774
98 88 21.7986
26 16 1.1036
78 68 20.4548
78 68 12.0055
21 11 0.5418
43 33 5.456
73 63 18.7446
98 88 32.6944
56 46 19.1905
68 58 23.0467
19 9 0.4117
104 94 63.1389
63 53 9.9591
101 91 24.4026
50 40 6.6528
90 80 49.2046
50 40 10.1519
73 63 20.7253
12 2 0.012
42 32 4.9231
30 20 3.5258
50 40 4.829
57 47 15.3774
35 25 4.9586
93 83 22.1511
49 39 10.0895
64 54 7.94
29 19 0.9237
86 76 36.7491
18 8 0.3582
47 37 9.6081
101 91 30.3182
29 19 3.504
72 62 25.7749
88 78 34.0204
19 9 0.297
42 32 5.3255
59 49 16.4471
