400 10376 9.9499
87 77 50.9316
55 45 182.1642
15 5 0.7404
108 98 0.0994
103 93 3.1033
53 43 90.6264
100 90 3.2139
88 78 18.4026
62 52 113.0092
11 1 0.0575
102 92 3.4327
14 4 1.2473
53 43 66.0931
26 16 1.6431
83 73 62.2191
76 66 68.7296
26 16 26.521
55 45 6.8432
61 51 259.7501
57 47 50.3914
104 94 3.8746
104 94 3.5376
58 48 33.6015
65 55 101.6089
33 23 50.098
53 43 45.3097
55 45 87.6013
42 32 7.0715
25 15 3.4021
45 35 71.944
80 70 36.216
87 77 8.9493
93 83 25.2102
23 13 5.302
18 8 5.0518
77 67 26.2924
26 16 7.5537
20 10 10.8145
42 32 7.9307
53 43 54.0234
103 93 5.2735
75 65 10.3969
98 88 10.3369
17 7 2.7259
44 34 76.6587
80 70 51.6745
40 30 36.9298
41 31 11.9258
67 57 110.8633
104 94 2.1679
102 92 7.0133
72 62 92.1915
24 14 6.1531
73 63 100.2697
41 31 12.2585
52 42 74.245
67 57 54.9549
59 49 47.3611
56 46 77.2166
97 87 14.7311
82 72 18.7231
33 23 48.4015
39 29 28.0635
103 93 4.5519
86 76 61.3197
35 25 24.7633
97 87 11.7328
70 60 164.212
22 12 10.4967
89 79 34.2864
72 62 56.0754
19 9 7.041
69 59 36.2796
98 88 13.0628
55 45 195.0549
51 41 35.6987
106 96 0.6861
97 87 3.1071
27 17 4.35
42 32 9.3281
15 5 2.1135
101 91 7.7359
27 17 25.6624
47 37 41.7968
83 73 34.6265
63 53 201.9714
70 60 65.1022
71 61 82.6431
70 60 73.5433
78 68 70.4562
65 55 147.0285
108 98 0.1036
76 66 69.9782
88 78 2.7742
51 41 40.6848
89 79 1.2867
32 22 33.795
109 99 0.0876
42 32 94.4076
105 95 0.8082
41 31 17.3794
11 1 0.0133
83 73 32.0864
71 61 133.0471
58 48 96.4578
44 34 60.1825
97 87 18.5915
53 43 119.1836
95 85 15.2686
109 99 0.0251
108 98 0.2513
32 22 23.4959
79 69 98.3098
100 90 8.4061
80 70 73.1277
15 5 2.2298
100 90 10.0063
61 51 116.3529
86 76 25.1047
72 62 104.1522
46 36 51.9272
30 20 4.8093
96 86 8.6421
21 11 6.0276
44 34 86.7409
89 79 47.1742
108 98 0.4323
90 80 5.2458
52 42 79.8619
38 28 10.2017
77 67 63.2423
26 16 28.4362
74 64 43.8649
70 60 113.195
78 68 23.2265
60 50 27.1964
12 2 0.2045
72 62 13.5035
66 56 51.1356
59 49 78.7288
52 42 57.2904
97 87 7.765
94 84 26.446
56 46 9.4096
17 7 1.4948
28 18 18.2307
28 18 28.1209
49 39 83.9203
29 19 23.8408
28 18 18.717
61 51 142.253
105 95 2.757
75 65 113.3263
78 68 103.8343
40 30 30.0582
33 23 46.9036
28 18 35.1304
77 67 103.8127
72 62 119.8643
64 54 8.0592
81 71 17.5951
30 20 3.816
38 28 5.5195
51 41 148.717
53 43 136.1935
89 79 46.442
86 76 1.2867
41 31 3.0657
48 38 115.5964
92 82 11.2968
86 76 34.6357
34 24 11.845
107 97 0.1153
78 68 103.8237
58 48 14.6119
66 56 135.0499
65 55 14.0594
46 36 73.8757
67 57 45.8706
44 34 121.9713
17 7 4.3518
73 63 98.5254
40 30 42.607
15 5 1.3505
101 91 5.2482
41 31 22.9097
69 59 171.8009
77 67 95.156
74 64 107.1518
11 1 0.0614
50 40 162.4336
48 38 57.8303
100 90 2.8447
25 15 1.3505
88 78 14.2649
75 65 91.2558
93 83 0.3015
94 84 8.9239
79 69 17.815
103 93 4.0538
24 14 18.7704
12 2 0.0317
48 38 33.2164
72 62 28.7578
52 42 6.068
91 81 21.2766
24 14 4.7351
57 47 27.5985
82 72 41.3392
29 19 15.654
106 96 1.5945
45 35 39.6764
93 83 4.8797
76 66 16.4261
37 27 20.5761
106 96 1.7757
97 87 14.476
11 1 0.0139
21 11 0.7068
46 36 30.1217
87 77 36.9713
47 37 108.8659
60 50 258.9324
59 49 259.9772
93 83 25.8938
14 4 0.5423
49 39 15.8403
104 94 3.2346
89 79 5.5461
73 63 147.7844
64 54 40.3933
53 43 11.896
55 45 144.4517
22 12 7.1106
103 93 2.6003
41 31 102.884
73 63 2.0442
32 22 1.3335
81 71 48.0898
103 93 3.7628
80 70 5.6717
12 2 0.3167
107 97 0.7915
86 76 50.6849
90 80 24.9891
96 86 18.5531
71 61 154.439
63 53 41.1353
33 23 56.5928
105 95 1.4346
79 69 82.6897
106 96 0.8618
70 60 42.8044
101 91 1.7806
67 57 22.3059
63 53 55.6325
13 3 0.8554
87 77 10.1052
59 49 10.4886
83 73 43.3908
44 34 99.0314
22 12 6.1829
12 2 0.0418
25 15 13.5974
57 47 82.0509
39 29 48.278
110 100 0.0
56 46 12.82
48 38 26.8045
13 3 0.4301
106 96 0.2661
83 73 18.1314
18 8 2.1589
87 77 12.9008
72 62 74.5096
56 46 197.9385
55 45 77.4584
37 27 1.2624
61 51 166.3592
23 13 9.8224
93 83 29.022
94 84 10.3168
26 16 17.2645
30 20 24.8434
41 31 37.721
64 54 31.6393
107 97 0.1713
26 16 26.987
44 34 24.937
102 92 3.2642
47 37 119.6711
31 21 25.4897
108 98 0.2612
86 76 31.5427
99 89 9.0912
98 88 3.8675
85 75 56.4744
77 67 30.8845
49 39 91.9102
110 100 0.0
48 38 155.9889
32 22 19.4362
107 97 0.7012
53 43 147.6639
49 39 126.2569
19 9 4.146
65 55 2.7615
20 10 8.9865
74 64 68.3473
20 10 8.7121
16 6 2.0758
90 80 10.9845
23 13 0.7521
74 64 30.8752
20 10 7.5434
18 8 6.1319
48 38 58.8293
46 36 33.7626
74 64 64.8672
84 74 1.751
81 71 39.8371
17 7 2.4656
74 64 115.3849
43 33 15.674
38 28 61.4373
81 71 10.436
79 69 65.6035
95 85 11.0881
89 79 15.1892
84 74 62.8865
94 84 22.0561
12 2 0.1128
94 84 14.273
64 54 170.8662
16 6 0.9623
18 8 5.7266
17 7 3.258
55 45 31.8786
69 59 179.9263
51 41 104.7873
72 62 18.539
13 3 0.5594
109 99 0.1085
76 66 18.2736
25 15 2.4827
50 40 72.0363
17 7 5.2538
44 34 37.1939
103 93 1.9356
15 5 0.5173
102 92 2.985
110 100 0.0
47 37 118.1844
25 15 1.1544
72 62 40.725
58 48 131.244
87 77 21.9948
78 68 75.7896
23 13 10.817
67 57 28.9175
38 28 66.3201
16 6 2.4728
63 53 13.2765
40 30 37.3617
72 62 13.7006
88 78 36.2306
65 55 203.8999
87 77 49.1796
92 82 31.8532
33 23 23.0016
59 49 108.2092
44 34 54.3476
70 60 106.3799
22 12 6.3611
17 7 2.0791
43 33 21.9246
80 70 68.5593
78 68 76.0503
56 46 152.4077
106 96 1.2834
93 83 20.7301
109 99 0.0771
50 40 84.1718
21 11 12.1368
77 67 15.5911
99 89 3.9827
36 26 11.4365
71 61 74.2674
109 99 0.0737
41 31 87.0392
93 83 30.6235
105 95 1.0489
12 2 0.1387
24 14 14.0281
51 41 123.072
76 66 36.5392
103 93 1.4897
52 42 168.6899
28 18 27.0497
67 57 188.0171
