900 22016 9.9499
95 85 20.5721
41 31 98.6791
77 67 62.3476
23 13 6.5728
80 70 37.6275
17 7 1.6642
23 13 12.881
64 54 119.4136
61 51 195.2739
27 17 20.3757
76 66 22.3922
18 8 2.5319
33 23 0.54
56 46 132.8346
64 54 128.0093
52 42 149.9203
107 97 0.8619
88 78 28.56
27 17 26.9833
41 31 20.2761
13 3 0.2546
87 77 48.9728
90 80 0.9543
96 86 10.9141
84 74 73.6924
91 81 3.0155
27 17 27.0305
29 19 31.2696
91 81 26.1261
23 13 9.5049
47 37 13.3647
18 8 6.6459
84 74 69.4778
22 12 12.3471
34 24 54.1731
14 4 1.3672
16 6 1.4371
52 42 78.4406
100 90 4.3776
32 22 42.0416
65 55 47.8248
40 30 89.3377
81 71 60.4264
74 64 102.0354
24 14 10.7145
32 22 15.0684
64 54 22.7845
45 35 110.7549
67 57 49.3656
105 95 2.0804
76 66 68.9235
83 73 19.1735
93 83 7.9212
57 47 88.7045
93 83 21.5415
39 29 76.4095
58 48 68.1425
31 21 8.5678
92 82 2.2257
45 35 70.4266
59 49 210.8276
18 8 2.2993
81 71 4.1271
61 51 263.9986
15 5 1.0713
45 35 68.202
107 97 0.7077
50 40 5.6224
18 8 2.9339
50 40 27.0436
13 3 0.2622
47 37 143.5914
74 64 9.3881
11 1 0.0137
44 34 94.8628
18 8 0.9761
45 35 44.3673
31 21 4.5411
72 62 153.3997
62 52 180.9799
16 6 2.4471
17 7 2.2479
33 23 22.4276
103 93 4.2016
45 35 83.4915
71 61 151.6158
90 80 0.5534
27 17 7.7521
94 84 22.8217
59 49 204.552
61 51 171.9593
102 92 2.5884
14 4 1.5438
27 17 31.7887
103 93 1.7045
72 62 87.5721
67 57 133.3698
64 54 131.2059
35 25 62.3571
84 74 2.3482
78 68 107.2135
54 44 85.5132
101 91 6.3948
60 50 110.6363
91 81 11.1698
26 16 19.9994
67 57 124.3065
102 92 1.4928
22 12 6.0131
24 14 3.7494
103 93 2.8924
57 47 140.6383
85 75 67.0604
83 73 49.8203
18 8 5.5818
59 49 114.2848
86 76 63.7818
74 64 19.9492
67 57 55.7513
62 52 107.5457
64 54 72.2859
17 7 2.6086
87 77 19.4925
19 9 0.8678
105 95 2.0781
26 16 27.2926
107 97 0.623
29 19 2.3894
103 93 2.125
41 31 49.3776
15 5 2.1808
98 88 2.935
19 9 0.7666
74 64 139.5209
29 19 12.7798
75 65 21.1998
50 40 10.5903
75 65 112.5244
105 95 1.7838
29 19 8.2989
104 94 2.0007
35 25 41.818
99 89 10.6855
50 40 142.551
26 16 0.4475
67 57 72.7849
61 51 137.5421
55 45 15.4189
20 10 10.1629
42 32 68.0661
80 70 45.0262
14 4 0.2508
44 34 97.306
89 79 21.2337
27 17 31.035
35 25 66.6332
99 89 5.1249
20 10 3.616
49 39 132.2265
40 30 57.8966
105 95 2.6684
94 84 9.1512
39 29 55.979
92 82 3.077
107 97 0.9999
27 17 18.5866
33 23 18.4535
17 7 3.5936
34 24 61.38
66 56 138.1643
107 97 0.4927
92 82 34.0175
96 86 15.9739
100 90 2.5878
36 26 27.7871
108 98 0.4241
14 4 0.0495
30 20 4.9408
56 46 100.125
108 98 0.1218
88 78 7.4487
75 65 15.7735
18 8 1.1463
83 73 21.2674
82 72 8.4779
68 58 71.0995
79 69 36.45
98 88 15.7535
49 39 63.1139
49 39 117.9813
102 92 2.0039
55 45 11.9913
94 84 17.2117
52 42 85.503
38 28 77.9051
22 12 1.7779
29 19 9.7688
45 35 76.9436
94 84 12.9727
73 63 145.1575
31 21 43.5673
29 19 26.4042
83 73 42.0486
51 41 2.3228
57 47 200.0625
75 65 30.8516
86 76 57.9711
49 39 100.7443
82 72 5.8702
93 83 13.4804
104 94 0.9708
56 46 23.9331
60 50 100.1426
21 11 12.8248
39 29 92.8681
12 2 0.0529
52 42 173.2763
29 19 27.531
110 100 0.0
55 45 219.9191
97 87 15.5839
104 94 1.5356
100 90 0.1058
87 77 22.3685
110 100 0.0
27 17 11.7729
48 38 75.7518
78 68 83.3187
96 86 17.0005
65 55 38.2742
107 97 0.273
103 93 2.1208
35 25 55.5171
82 72 70.2786
48 38 155.7343
101 91 8.8696
90 80 41.351
35 25 3.534
107 97 0.1163
36 26 42.4329
77 67 46.7619
27 17 3.3107
27 17 26.2792
45 35 55.6502
14 4 0.7392
28 18 8.1714
48 38 117.6512
27 17 19.223
20 10 0.4379
60 50 65.3084
21 11 1.0634
69 59 96.913
30 20 1.7875
64 54 103.703
110 100 0.0
83 73 18.7217
38 28 8.9726
17 7 1.6344
11 1 0.0194
106 96 1.5893
44 34 48.0333
105 95 1.7247
86 76 56.7193
25 15 11.7552
108 98 0.2761
70 60 72.7738
59 49 85.1751
55 45 91.9766
69 59 83.7823
18 8 4.6565
35 25 24.5708
62 52 103.9455
41 31 55.3744
39 29 61.4136
71 61 124.4985
21 11 13.441
93 83 27.6246
94 84 3.4317
102 92 0.147
45 35 52.989
57 47 136.2607
80 70 50.7281
76 66 93.461
90 80 30.6716
19 9 8.6251
63 53 223.4628
58 48 205.1149
82 72 64.9717
85 75 58.2818
97 87 12.2953
54 44 7.8881
98 88 11.6865
77 67 108.208
98 88 11.0444
72 62 19.4681
67 57 127.7461
102 92 0.1539
75 65 51.474
27 17 17.375
15 5 2.6139
35 25 11.1059
21 11 11.6081
43 33 98.1307
67 57 68.3198
39 29 63.4276
31 21 19.8144
40 30 39.7969
79 69 7.1582
40 30 13.5076
34 24 58.8563
54 44 168.8742
110 100 0.0
101 91 2.1717
58 48 181.4694
36 26 74.9106
87 77 38.2899
46 36 16.884
103 93 4.5575
73 63 121.4311
91 81 19.4439
56 46 118.2466
101 91 2.9173
59 49 74.0293
72 62 13.0311
69 59 164.2431
32 22 29.5072
84 74 30.3189
11 1 0.1075
69 59 20.7783
85 75 51.0198
32 22 49.7791
42 32 68.1247
39 29 34.4067
40 30 40.5597
74 64 0.6388
36 26 15.0871
38 28 30.0666
15 5 2.1557
20 10 0.0829
97 87 17.0235
44 34 70.5817
47 37 123.9108
95 85 4.2752
24 14 21.2954
91 81 37.8549
52 42 37.8397
94 84 15.2847
28 18 16.6585
22 12 7.3943
36 26 69.3037
75 65 73.2281
27 17 1.7913
97 87 14.6408
80 70 65.0361
84 74 0.1184
33 23 26.4496
89 79 37.9583
18 8 1.3293
28 18 30.6514
92 82 27.5754
63 53 18.8122
66 56 177.9911
16 6 0.1402
65 55 63.328
57 47 216.5416
70 60 41.0908
39 29 17.0472
35 25 37.8826
48 38 46.1217
108 98 0.4085
88 78 39.4437
35 25 39.0691
92 82 21.456
50 40 117.277
107 97 0.533
93 83 18.359
76 66 29.001
78 68 30.2848
27 17 14.3616
38 28 66.1718
55 45 205.9133
90 80 28.8255
96 86 2.9526
88 78 52.9533
69 59 112.7106
20 10 1.5289
17 7 1.9152
92 82 0.4276
83 73 49.3487
59 49 207.866
45 35 19.5037
14 4 1.2278
68 58 144.0958
97 87 11.178
25 15 1.979
87 77 41.3197
87 77 41.8399
22 12 7.1388
16 6 2.2565
73 63 78.3665
72 62 137.052
97 87 2.5311
70 60 75.3869
43 33 83.8022
34 24 12.3691
22 12 3.5773
16 6 3.8882
84 74 50.8436
30 20 43.5925
63 53 226.5881
90 80 36.2121
81 71 86.2987
45 35 41.8289
107 97 0.5541
101 91 2.5047
77 67 25.3665
42 32 93.9307
22 12 10.0299
65 55 96.1195
71 61 41.4751
96 86 17.6069
83 73 23.072
22 12 5.3576
61 51 16.0822
46 36 83.0494
96 86 8.3432
28 18 15.5772
70 60 159.0286
11 1 0.1075
107 97 0.018
52 42 171.6105
28 18 22.9342
56 46 11.9122
13 3 0.8228
29 19 6.6073
99 89 2.847
86 76 36.733
46 36 82.8604
35 25 54.9712
75 65 43.2164
102 92 3.977
43 33 91.9136
71 61 165.0721
68 58 125.3525
76 66 52.8233
48 38 76.7371
78 68 1.097
40 30 88.4903
26 16 9.745
17 7 2.5705
100 90 7.8182
53 43 134.5718
19 9 1.052
35 25 68.0165
22 12 3.3145
42 32 95.6263
77 67 111.2738
38 28 45.1824
67 57 40.3691
28 18 29.1639
59 49 100.6229
106 96 1.6405
55 45 197.567
74 64 35.7272
74 64 5.1055
44 34 21.1685
103 93 5.1218
23 13 14.4993
17 7 3.2539
22 12 9.33
48 38 96.2476
73 63 151.7936
94 84 6.4739
96 86 8.8871
35 25 23.0728
13 3 0.7086
97 87 13.5452
99 89 2.0749
19 9 4.5585
57 47 118.4109
95 85 4.9628
40 30 73.0223
74 64 116.71
42 32 74.7289
53 43 116.4473
22 12 0.7916
21 11 4.7532
13 3 0.7299
98 88 5.8436
24 14 14.178
37 27 64.6471
101 91 1.4011
49 39 127.5376
110 100 0.0
27 17 24.836
83 73 14.972
13 3 0.9064
40 30 44.2221
105 95 0.5555
66 56 23.5116
69 59 159.6161
16 6 2.8278
105 95 0.592
71 61 60.9774
29 19 19.3268
28 18 22.5464
50 40 45.2217
35 25 62.1678
25 15 21.1933
74 64 24.0321
102 92 5.7984
82 72 10.2286
24 14 10.9216
11 1 0.0584
61 51 250.3717
89 79 40.9911
11 1 0.0123
105 95 2.6878
30 20 27.2346
47 37 31.8188
94 84 5.6813
52 42 129.088
12 2 0.3987
47 37 24.9783
106 96 0.2282
107 97 0.7244
75 65 122.0275
28 18 13.1347
40 30 24.6399
44 34 16.582
33 23 56.9153
34 24 40.3827
60 50 232.4748
99 89 10.44
41 31 8.1545
97 87 9.2102
25 15 16.3576
43 33 101.9709
43 33 78.9677
99 89 7.6916
66 56 142.9219
79 69 104.4487
109 99 0.0163
86 76 56.0875
54 44 177.9626
36 26 42.5613
40 30 51.0057
48 38 137.6587
85 75 12.1459
74 64 63.3024
40 30 12.2094
75 65 116.8826
94 84 16.7365
38 28 13.6618
69 59 25.7353
37 27 62.2268
38 28 71.7958
45 35 91.857
47 37 133.9414
72 62 154.3352
75 65 61.8012
32 22 9.4016
25 15 9.5225
37 27 54.3096
52 42 106.8627
90 80 42.224
12 2 0.0174
100 90 5.2408
63 53 234.385
87 77 41.175
43 33 86.9532
95 85 2.8514
91 81 16.2505
56 46 47.2339
65 55 136.9976
44 34 46.4887
54 44 26.9521
87 77 10.4373
48 38 93.1435
24 14 11.3353
103 93 2.0894
17 7 4.2067
105 95 0.8443
41 31 102.7253
65 55 154.4984
14 4 1.5431
82 72 5.7882
87 77 3.7303
54 44 0.11
33 23 22.0669
108 98 0.1668
64 54 75.4057
86 76 10.7948
68 58 161.3167
99 89 3.4434
80 70 54.7005
83 73 36.925
78 68 36.4878
67 57 146.2231
20 10 9.2258
44 34 24.3061
100 90 2.4972
80 70 38.6718
48 38 157.9599
14 4 1.3567
12 2 0.044
74 64 130.9792
76 66 45.9522
87 77 52.3518
73 63 7.9138
94 84 5.6436
83 73 61.7088
76 66 58.4913
37 27 47.2905
57 47 14.3987
58 48 29.4084
39 29 89.0944
101 91 5.2508
20 10 1.2035
81 71 46.7625
72 62 142.8783
41 31 63.414
40 30 60.9015
17 7 0.35
77 67 70.3698
38 28 30.0983
19 9 8.6898
83 73 41.4128
20 10 6.9057
67 57 86.5253
14 4 1.7436
19 9 2.8621
85 75 61.0306
109 99 0.0757
44 34 108.8299
24 14 9.5819
101 91 1.9897
66 56 124.7792
82 72 16.7505
17 7 3.5456
24 14 4.1897
12 2 0.4148
35 25 68.8401
82 72 63.6832
88 78 28.9431
59 49 20.7132
51 41 9.3834
63 53 223.8942
82 72 39.9257
56 46 135.9039
19 9 0.1616
69 59 139.3661
23 13 18.6986
13 3 0.2248
105 95 0.7846
17 7 0.1281
42 32 73.7665
79 69 104.1973
77 67 17.6573
49 39 128.8221
109 99 0.0488
20 10 2.2475
100 90 9.6597
53 43 65.5048
32 22 4.0082
20 10 7.7913
53 43 33.0353
26 16 28.4301
51 41 115.0161
42 32 25.3455
83 73 35.1257
108 98 0.0179
83 73 77.6746
63 53 53.0886
107 97 0.9056
102 92 4.6195
66 56 162.8039
101 91 5.5068
79 69 63.3005
23 13 8.4167
77 67 35.5186
24 14 17.492
90 80 2.9088
99 89 1.1273
49 39 18.3851
72 62 68.057
16 6 3.4352
80 70 13.2717
92 82 18.3905
26 16 26.8322
110 100 0.0
24 14 21.7153
25 15 6.2305
53 43 147.781
53 43 56.0439
64 54 132.0947
104 94 0.3212
93 83 18.8598
105 95 2.0472
41 31 59.188
90 80 9.4246
107 97 0.8083
78 68 69.1913
15 5 1.7077
48 38 130.0714
30 20 42.1195
63 53 57.7858
61 51 73.8374
42 32 14.2191
39 29 57.3801
12 2 0.285
43 33 94.7934
53 43 72.4397
37 27 66.1298
30 20 26.0476
48 38 27.3256
95 85 12.9838
45 35 132.4262
89 79 41.9517
54 44 139.5927
98 88 0.6463
20 10 9.8947
104 94 2.2562
26 16 24.2465
58 48 90.8657
52 42 64.5306
104 94 0.6529
75 65 46.8159
109 99 0.0583
87 77 56.6644
52 42 155.812
30 20 33.2274
18 8 3.0336
44 34 74.8748
97 87 12.0496
11 1 0.0283
15 5 2.3398
21 11 6.0041
66 56 7.4218
81 71 34.6779
30 20 37.5455
96 86 7.9191
110 100 0.0
75 65 22.4308
73 63 11.2158
73 63 80.4717
95 85 19.2297
75 65 114.2126
58 48 9.1764
18 8 0.4917
104 94 0.0507
26 16 8.7609
66 56 27.8076
86 76 8.7618
17 7 1.5051
91 81 3.6638
62 52 120.3973
79 69 55.5414
58 48 22.8274
89 79 47.5258
27 17 30.8938
34 24 17.2488
89 79 32.3572
23 13 18.6206
38 28 66.0946
77 67 107.5842
48 38 78.905
95 85 5.2494
33 23 16.7671
77 67 4.6994
35 25 28.0935
11 1 0.0372
13 3 0.5275
33 23 4.2565
17 7 1.9671
51 41 178.0218
33 23 49.5229
29 19 28.7927
58 48 203.7706
110 100 0.0
15 5 0.8629
52 42 54.5717
72 62 146.242
42 32 52.1123
22 12 9.2945
72 62 122.7955
50 40 78.3304
92 82 33.568
36 26 42.6041
42 32 42.3105
86 76 44.1086
93 83 29.7772
46 36 115.0692
57 47 15.5079
51 41 70.4774
77 67 27.1043
51 41 117.658
36 26 21.2773
50 40 71.4328
48 38 47.7474
89 79 14.7847
28 18 8.0224
100 90 3.8739
47 37 126.8066
34 24 56.6031
45 35 28.7886
97 87 0.574
14 4 0.4987
47 37 104.5614
103 93 2.5062
98 88 10.5413
45 35 33.3697
97 87 10.4106
37 27 78.3513
77 67 63.2638
82 72 51.6144
62 52 228.9211
69 59 175.7591
13 3 0.1764
62 52 147.6874
23 13 4.9657
37 27 29.6994
26 16 23.5177
53 43 39.9498
19 9 4.7425
59 49 41.4145
104 94 3.6157
102 92 0.6592
83 73 26.6364
63 53 57.4941
92 82 0.6838
56 46 202.1667
23 13 11.6208
14 4 1.3728
61 51 195.3627
86 76 33.4117
89 79 40.6485
109 99 0.0164
82 72 76.1655
52 42 5.1808
101 91 5.6249
76 66 8.2403
110 100 0.0
87 77 1.4252
58 48 131.5577
26 16 8.9895
27 17 6.8723
85 75 56.2491
12 2 0.3062
95 85 2.3089
28 18 34.2958
24 14 17.971
45 35 90.4815
41 31 103.0423
16 6 3.3772
81 71 66.2216
31 21 19.8107
24 14 19.2764
102 92 4.1934
71 61 80.0224
97 87 9.4802
69 59 63.8144
106 96 1.4078
56 46 74.4838
23 13 3.0758
77 67 37.1697
89 79 29.8013
100 90 10.4219
20 10 4.959
59 49 63.1277
45 35 43.5893
22 12 2.5651
105 95 2.0618
26 16 0.9421
104 94 1.221
46 36 86.2888
72 62 107.0657
28 18 32.7491
29 19 9.1033
60 50 142.9422
54 44 73.484
69 59 85.4946
52 42 53.9686
79 69 8.4228
15 5 0.4246
20 10 1.2148
40 30 75.2369
64 54 21.6798
50 40 149.5623
41 31 7.4463
52 42 28.1661
103 93 1.243
21 11 4.8796
23 13 9.0414
110 100 0.0
39 29 27.382
18 8 4.6758
95 85 11.0405
19 9 4.5036
24 14 6.0711
