400 9964 4.3589
31 21 75.1238
32 22 70.5096
69 59 61.2932
61 51 63.4635
81 71 41.6528
63 53 55.0653
32 22 77.4611
41 31 70.6474
26 16 79.7699
17 7 94.6515
35 25 68.4922
107 97 34.7888
85 75 48.4221
83 73 22.7462
109 99 36.3645
14 4 96.743
11 1 98.5056
65 55 71.4177
67 57 62.107
57 47 65.2492
65 55 61.1571
104 94 25.1201
94 84 49.4687
68 58 51.9841
40 30 72.0309
65 55 70.4206
13 3 95.3181
19 9 92.2042
15 5 95.4001
39 29 62.7517
96 86 21.265
105 95 47.5079
88 78 51.1654
30 20 87.3496
80 70 39.1989
29 19 81.6529
19 9 92.5733
45 35 66.7505
81 71 29.4882
58 48 55.2272
93 83 50.0471
55 45 53.6175
79 69 52.461
22 12 90.5485
108 98 41.0881
26 16 77.3872
53 43 72.4831
105 95 40.9306
79 69 44.4196
19 9 88.6837
48 38 71.0059
79 69 52.9402
45 35 61.8567
30 20 80.5829
101 91 43.3385
107 97 12.747
58 48 63.1882
62 52 45.9006
55 45 49.3858
18 8 91.6557
30 20 83.8159
101 91 27.676
96 86 28.4292
103 93 31.094
46 36 69.3339
14 4 96.8472
57 47 48.733
101 91 33.7852
44 34 67.5947
35 25 67.7609
91 81 17.6795
83 73 51.7134
74 64 61.168
26 16 90.5562
22 12 89.1136
51 41 65.2702
29 19 78.9965
108 98 42.4218
87 77 33.6934
91 81 41.3655
96 86 57.1491
86 76 43.1019
27 17 88.7552
19 9 89.0664
82 72 32.3306
99 89 44.7427
16 6 93.0955
102 92 29.2822
88 78 42.5521
52 42 76.3789
95 85 10.8366
106 96 53.6937
109 99 35.242
80 70 29.0521
20 10 92.3079
12 2 97.4722
97 87 32.2624
28 18 84.3367
62 52 55.4236
18 8 93.6598
11 1 99.3112
99 89 52.882
104 94 31.1453
107 97 28.8176
42 32 77.6478
36 26 82.441
65 55 61.4139
99 89 36.0336
98 88 32.7379
22 12 83.5542
73 63 35.305
18 8 92.3675
51 41 49.6842
67 57 45.2485
19 9 87.6695
23 13 84.5076
19 9 90.1057
77 67 49.1415
47 37 68.512
43 33 70.984
43 33 61.566
59 49 64.1088
106 96 8.4019
61 51 56.3806
40 30 62.0645
21 11 86.1203
109 99 35.6493
59 49 63.4508
44 34 75.2834
66 56 43.2832
55 45 71.3873
51 41 72.1107
15 5 93.6888
54 44 59.6803
58 48 67.3056
76 66 53.6776
50 40 53.1179
63 53 49.4603
32 22 76.3457
66 56 61.657
48 38 67.4714
79 69 24.8273
60 50 63.54
48 38 69.5139
109 99 24.1425
92 82 17.9327
104 94 32.2385
14 4 96.509
38 28 70.0385
61 51 56.199
59 49 65.5663
82 72 25.7201
46 36 71.048
109 99 47.344
24 14 91.0479
15 5 94.4803
37 27 78.8935
98 88 38.8191
21 11 91.6596
64 54 45.2741
99 89 20.7963
49 39 66.95
99 89 29.0316
25 15 84.4855
68 58 59.532
15 5 94.7644
85 75 28.8036
11 1 99.0821
87 77 23.2064
36 26 81.8392
51 41 68.8004
47 37 75.0424
91 81 53.1412
79 69 60.9555
46 36 76.4121
74 64 28.6503
97 87 35.7831
50 40 72.8752
89 79 34.9494
39 29 78.0042
96 86 28.8433
81 71 42.5808
52 42 70.2278
58 48 43.2214
14 4 94.8189
40 30 79.6092
90 80 26.82
52 42 71.7087
70 60 59.566
86 76 48.0401
109 99 32.9442
15 5 94.0163
32 22 68.6313
40 30 74.1717
72 62 58.8903
30 20 79.1015
42 32 61.7434
94 84 28.6439
84 74 32.6132
58 48 46.4347
23 13 85.2132
19 9 90.2804
55 45 64.3525
22 12 84.7486
80 70 48.2441
78 68 54.4762
21 11 93.304
17 7 93.4702
61 51 67.1039
17 7 91.4969
39 29 79.702
82 72 35.324
95 85 33.9027
69 59 29.7003
101 91 11.5559
68 58 59.7235
43 33 74.489
103 93 17.1843
40 30 72.6535
104 94 24.06
42 32 68.8518
104 94 34.1991
51 41 62.2994
107 97 25.059
26 16 78.0272
36 26 86.137
36 26 74.4596
29 19 77.0287
102 92 35.2444
74 64 62.7137
46 36 65.837
58 48 57.0146
15 5 93.0087
64 54 43.5178
107 97 24.0806
18 8 93.2267
103 93 26.878
76 66 48.7804
56 46 52.9969
64 54 69.0528
94 84 23.2758
81 71 43.7887
33 23 82.8446
24 14 81.7198
64 54 55.3372
88 78 35.8047
73 63 40.8206
103 93 35.3086
30 20 73.4878
88 78 51.0882
60 50 52.0057
86 76 28.2067
22 12 90.2994
38 28 70.0485
42 32 71.5395
55 45 69.9782
31 21 71.0211
51 41 56.4963
23 13 86.0869
38 28 81.0054
46 36 76.0227
64 54 54.1431
44 34 71.79
74 64 47.2615
99 89 10.4698
107 97 19.287
99 89 33.8631
77 67 49.5278
106 96 14.8556
67 57 45.9603
18 8 94.8228
28 18 84.3973
22 12 89.3989
100 90 16.0769
63 53 58.8826
12 2 98.5791
54 44 68.4094
70 60 62.3058
32 22 84.0321
40 30 72.381
41 31 67.1597
94 84 56.8049
36 26 69.3306
61 51 49.8775
63 53 62.557
12 2 98.1051
77 67 61.8567
101 91 40.9127
45 35 79.2438
56 46 58.9256
85 75 37.381
37 27 69.6607
85 75 50.7286
38 28 82.0999
53 43 62.5602
105 95 40.8053
104 94 33.4026
101 91 26.6339
57 47 72.3503
32 22 73.0717
98 88 22.5122
102 92 13.0596
51 41 71.6173
29 19 83.7481
50 40 68.5054
81 71 57.2323
89 79 37.9752
16 6 95.7247
21 11 89.0268
72 62 29.4285
97 87 37.3981
13 3 96.4776
59 49 46.4988
13 3 96.4972
21 11 87.5815
48 38 70.2546
110 100 42.9444
41 31 61.9039
84 74 33.2952
69 59 60.23
95 85 18.0855
35 25 68.7042
49 39 69.7392
86 76 41.958
108 98 42.8829
62 52 65.0571
108 98 23.6974
87 77 27.6718
46 36 57.1929
75 65 41.6644
77 67 65.8824
27 17 84.7081
67 57 48.0013
43 33 70.0469
44 34 61.4405
77 67 54.4629
94 84 46.4769
37 27 77.2325
85 75 30.9481
41 31 69.1542
39 29 66.6689
81 71 47.849
50 40 62.969
90 80 49.7533
11 1 99.2355
44 34 73.972
76 66 49.0448
85 75 42.1863
25 15 84.8241
29 19 80.3569
25 15 86.477
87 77 25.059
92 82 29.9756
87 77 51.9264
52 42 64.3669
90 80 32.1568
81 71 43.0126
18 8 93.714
24 14 83.0194
101 91 21.4073
20 10 90.619
53 43 58.4277
104 94 9.4212
33 23 78.9521
42 32 77.4963
12 2 98.7758
91 81 34.3443
67 57 57.0372
94 84 33.7468
77 67 45.7801
13 3 97.8022
50 40 60.9649
104 94 31.1185
71 61 39.9538
87 77 43.0638
36 26 67.6621
61 51 56.4797
38 28 72.0699
83 73 62.148
48 38 60.0904
40 30 71.0396
101 91 30.4318
51 41 71.4515
26 16 85.6328
31 21 79.5486
16 6 93.3813
47 37 73.3507
63 53 72.7609
21 11 87.3608
48 38 59.3932
85 75 50.5763
98 88 24.2793
104 94 37.0832
36 26 80.6009
68 58 56.1555
28 18 84.9715
41 31 71.8341
18 8 90.5352
86 76 31.8096
90 80 48.8517
