400 9820 9.9499
55 45 76.7025
107 97 0.4473
71 61 90.7781
101 91 5.2841
99 89 9.7779
23 13 10.6831
75 65 1.3462
75 65 29.8829
99 89 5.1133
46 36 89.7869
102 92 5.3782
86 76 25.9101
75 65 81.8978
92 82 6.7135
53 43 103.5984
22 12 7.9267
23 13 17.4807
15 5 0.2167
82 72 80.4131
11 1 0.0212
42 32 45.9044
17 7 4.0471
67 57 134.1966
17 7 3.9541
40 30 2.1495
68 58 190.896
87 77 57.0546
82 72 50.6857
45 35 67.0253
110 100 0.0
99 89 13.2883
27 17 22.31
100 90 10.9396
34 24 34.1553
38 28 20.5894
97 87 3.2528
105 95 1.3475
106 96 0.9012
63 53 101.6954
78 68 65.3598
14 4 1.0445
33 23 20.3808
60 50 1.656
41 31 11.7967
81 71 93.0975
57 47 85.3551
25 15 20.3061
35 25 16.2982
51 41 86.5585
50 40 103.1401
85 75 22.4057
23 13 6.8039
51 41 131.8401
18 8 4.3657
22 12 0.7351
107 97 0.3897
53 43 135.1112
16 6 1.0911
16 6 0.688
18 8 1.2233
38 28 85.6425
11 1 0.0007
107 97 0.0586
94 84 9.3202
52 42 5.2373
63 53 18.1563
18 8 6.2594
13 3 0.8956
72 62 131.556
97 87 12.98
36 26 43.1822
32 22 26.6986
92 82 32.1553
54 44 185.4298
20 10 9.0039
50 40 59.2407
73 63 65.4172
109 99 0.0291
15 5 2.0382
16 6 0.9898
58 48 225.9166
91 81 21.4666
74 64 143.8009
28 18 19.1997
78 68 69.941
64 54 81.5608
89 79 25.7203
25 15 1.2114
37 27 27.5839
93 83 28.1435
32 22 42.3194
20 10 3.1346
30 20 28.6375
95 85 22.3742
36 26 42.3089
59 49 212.1723
23 13 12.8547
85 75 47.4509
19 9 0.7711
74 64 87.4959
72 62 86.4042
15 5 1.0511
23 13 10.9427
88 78 39.2092
19 9 2.4636
94 84 3.3131
27 17 27.3302
18 8 1.7987
46 36 44.8355
20 10 3.1407
84 74 34.8756
74 64 69.6814
100 90 0.4021
26 16 26.5959
34 24 50.6429
66 56 104.7401
96 86 17.5335
87 77 5.9577
51 41 167.527
104 94 1.0794
89 79 37.9164
58 48 30.5891
57 47 71.2883
104 94 2.5928
11 1 0.0039
71 61 37.9907
26 16 12.5166
73 63 40.2967
22 12 11.1147
68 58 94.8901
75 65 86.217
91 81 14.0266
95 85 7.5347
69 59 122.1859
88 78 24.1197
104 94 3.418
57 47 40.6727
98 88 12.7384
96 86 4.2868
100 90 1.5511
75 65 81.9536
44 34 46.4351
43 33 92.6786
72 62 66.9447
31 21 9.9334
93 83 10.534
78 68 47.6991
16 6 3.5116
14 4 1.7055
91 81 37.4385
72 62 12.353
88 78 11.9208
51 41 72.4521
38 28 47.3934
50 40 11.8223
87 77 6.1904
56 46 162.9314
93 83 21.4533
18 8 2.3252
90 80 4.7781
52 42 38.1232
31 21 29.7997
99 89 12.4094
64 54 76.9093
109 99 0.0453
52 42 170.7445
90 80 31.0909
56 46 109.8805
43 33 58.4352
38 28 77.4453
93 83 2.1937
94 84 23.6504
17 7 2.7604
43 33 49.7162
65 55 183.7381
23 13 11.8424
93 83 17.4607
35 25 14.4967
91 81 33.5994
91 81 17.5526
58 48 1.7162
41 31 85.6514
102 92 3.2214
107 97 0.1752
63 53 153.3962
70 60 46.0829
26 16 7.0633
80 70 76.8833
22 12 0.3434
46 36 90.0545
15 5 0.3997
63 53 25.5829
13 3 0.3138
100 90 9.7981
64 54 49.7033
12 2 0.0247
90 80 43.3679
64 54 33.6373
35 25 44.8336
83 73 31.6524
87 77 36.2547
89 79 29.3621
74 64 86.9397
62 52 88.7493
70 60 7.1098
51 41 51.395
26 16 28.0455
34 24 25.3719
81 71 74.8255
21 11 2.1521
61 51 213.0496
104 94 1.6543
27 17 19.7051
74 64 30.7367
100 90 1.3425
19 9 1.9531
38 28 7.6945
108 98 0.3687
72 62 139.7711
109 99 0.0912
39 29 53.7489
13 3 0.9598
66 56 26.9226
41 31 72.8772
79 69 60.6026
81 71 15.1796
53 43 59.5959
96 86 15.4013
93 83 0.3953
77 67 44.5584
93 83 28.034
98 88 4.4624
81 71 29.406
27 17 21.02
63 53 104.2855
15 5 2.0625
36 26 40.3268
88 78 3.8518
39 29 49.4061
109 99 0.0093
53 43 63.5853
12 2 0.3979
61 51 32.3887
21 11 0.9206
53 43 116.2063
29 19 37.6646
94 84 6.2033
33 23 10.8629
73 63 65.0129
76 66 114.866
110 100 0.0
62 52 234.8294
110 100 0.0
24 14 11.2376
31 21 34.2575
34 24 18.3312
76 66 122.6061
33 23 20.7976
47 37 26.6405
12 2 0.1978
62 52 59.6005
42 32 49.3806
35 25 51.1251
71 61 154.8671
45 35 54.0968
27 17 19.6759
55 45 217.3514
23 13 8.6858
39 29 76.5951
102 92 5.8116
55 45 84.7832
52 42 72.4474
71 61 40.8914
59 49 213.8906
41 31 43.8393
14 4 1.0685
36 26 36.4499
56 46 47.5829
35 25 66.3839
39 29 24.856
24 14 2.9052
104 94 2.8872
59 49 150.0801
64 54 43.3479
78 68 3.4018
39 29 61.2955
15 5 2.677
19 9 5.2602
47 37 24.3132
73 63 63.9586
48 38 6.9228
48 38 77.697
54 44 108.9087
33 23 11.9751
73 63 136.6802
14 4 0.3019
95 85 14.1749
31 21 37.8556
105 95 1.5102
96 86 21.6426
54 44 185.889
78 68 83.2338
81 71 8.8206
29 19 0.0343
38 28 54.1169
35 25 13.0639
21 11 5.3554
87 77 31.7131
87 77 18.5116
66 56 197.4828
18 8 1.4323
13 3 0.5581
108 98 0.1271
81 71 19.7873
110 100 0.0
28 18 30.3457
108 98 0.3103
26 16 7.8395
37 27 4.5561
95 85 20.9958
51 41 123.9418
88 78 21.6607
86 76 21.2373
74 64 46.714
36 26 66.1212
63 53 190.0447
95 85 0.3141
77 67 42.5554
22 12 13.7733
33 23 48.824
107 97 0.4323
82 72 32.251
64 54 136.3608
94 84 26.8406
41 31 29.9726
55 45 113.7642
97 87 10.2612
33 23 37.1131
100 90 7.1262
49 39 16.6369
84 74 34.0277
52 42 112.874
83 73 50.3069
51 41 157.3962
84 74 57.3897
35 25 5.696
36 26 59.7675
28 18 9.4444
77 67 47.1513
76 66 105.3376
71 61 97.8233
11 1 0.038
67 57 72.175
23 13 6.7071
21 11 6.6188
75 65 50.0937
11 1 0.0407
75 65 127.8566
16 6 3.9049
42 32 32.7874
20 10 1.1767
49 39 1.5358
67 57 146.9635
69 59 44.9773
85 75 67.9273
63 53 94.4127
93 83 12.7309
70 60 117.8557
108 98 0.2534
16 6 2.5659
41 31 40.9523
32 22 4.8045
70 60 161.998
102 92 5.606
84 74 30.0162
23 13 11.4602
52 42 171.6832
47 37 115.0035
96 86 12.4779
59 49 42.164
101 91 2.6879
89 79 47.8135
24 14 13.0495
16 6 0.0474
41 31 33.0472
109 99 0.0385
92 82 24.7572
21 11 6.1002
102 92 6.4653
59 49 151.8696
102 92 5.9081
39 29 80.1826
56 46 158.6675
11 1 0.044
31 21 17.0323
39 29 29.2731
83 73 34.9169
78 68 94.6931
27 17 8.7645
103 93 4.1451
