900 23343 9.9499
39 29 38.5846
60 50 63.783
29 19 6.6488
33 23 4.8144
48 38 58.8025
55 45 163.9414
80 70 49.6199
94 84 15.0038
91 81 33.6642
89 79 4.4477
68 58 42.722
103 93 0.7018
62 52 90.9504
105 95 2.4467
79 69 85.1112
107 97 0.3004
12 2 0.4109
22 12 13.911
80 70 33.317
38 28 23.0681
18 8 5.8325
58 48 136.8521
95 85 9.2082
52 42 93.6912
41 31 58.9941
101 91 2.1265
92 82 26.8238
99 89 4.6086
21 11 12.3612
26 16 2.1212
66 56 214.0111
47 37 106.2281
43 33 3.1409
92 82 15.2962
77 67 5.7261
48 38 77.8208
101 91 6.3014
67 57 149.0043
57 47 154.026
56 46 142.5809
98 88 9.3865
48 38 125.7662
103 93 4.5681
15 5 2.6509
99 89 0.9665
20 10 1.4033
26 16 0.5169
12 2 0.1575
51 41 65.9385
37 27 38.2244
102 92 3.6468
60 50 15.6794
70 60 130.7587
79 69 53.9459
62 52 41.5392
102 92 1.3181
38 28 73.3806
51 41 152.6097
79 69 0.8669
91 81 27.3826
48 38 106.4139
105 95 0.8203
81 71 12.3079
46 36 11.9736
19 9 5.3552
102 92 4.578
59 49 199.179
63 53 2.2323
45 35 48.5995
79 69 63.3719
60 50 246.7679
55 45 105.9787
34 24 42.975
34 24 55.6176
105 95 0.2822
26 16 21.2993
29 19 32.2382
22 12 4.6688
73 63 1.5526
52 42 135.0529
49 39 113.5957
86 76 41.7616
108 98 0.0329
38 28 71.6794
34 24 54.584
62 52 139.5711
110 100 0.0
54 44 188.6191
75 65 62.6899
30 20 2.3368
87 77 35.6463
34 24 54.2129
66 56 79.2014
62 52 90.6522
31 21 35.5144
12 2 0.3097
37 27 46.9066
16 6 2.6683
23 13 9.7342
35 25 56.5314
87 77 58.6291
105 95 2.3954
31 21 19.9112
33 23 5.5187
24 14 3.5278
88 78 35.8508
64 54 118.961
91 81 6.3859
35 25 16.6372
75 65 90.1303
77 67 103.6636
15 5 1.6778
14 4 0.0054
91 81 20.9263
67 57 139.6198
105 95 1.3556
110 100 0.0
99 89 10.0895
102 92 2.3358
30 20 1.6748
78 68 36.4951
101 91 8.0778
26 16 27.4234
31 21 48.2734
25 15 14.8234
67 57 53.8686
41 31 95.85
22 12 0.5064
63 53 181.5751
28 18 32.3734
105 95 1.803
30 20 31.6362
94 84 14.2342
16 6 2.8282
65 55 78.1067
19 9 8.7802
93 83 7.2403
61 51 18.0859
99 89 3.129
66 56 149.7236
67 57 132.149
93 83 29.8164
16 6 0.9623
106 96 1.4213
28 18 7.8688
19 9 1.9044
88 78 7.7962
88 78 33.4282
41 31 63.0005
109 99 0.0319
56 46 125.0739
91 81 37.0448
104 94 0.8584
35 25 68.0776
66 56 144.9945
32 22 53.3255
93 83 6.1338
47 37 117.2133
70 60 17.9598
104 94 0.1743
61 51 46.295
68 58 193.56
12 2 0.3555
36 26 31.6892
75 65 88.2965
63 53 9.7138
88 78 26.9632
64 54 139.0531
107 97 0.079
83 73 31.3015
11 1 0.0509
53 43 197.869
12 2 0.066
51 41 106.9166
76 66 94.3752
47 37 54.5349
12 2 0.4267
45 35 78.8442
16 6 0.6807
43 33 6.3859
98 88 1.6767
95 85 9.5791
71 61 156.0907
53 43 81.0973
98 88 2.965
39 29 40.2916
68 58 105.5377
77 67 23.6939
82 72 29.3172
30 20 32.8973
109 99 0.0082
87 77 25.7795
40 30 88.5201
43 33 38.3976
101 91 2.6322
82 72 58.6721
37 27 43.7458
25 15 11.9074
14 4 0.3577
99 89 9.726
15 5 1.1737
20 10 5.8501
98 88 0.0709
31 21 10.1597
26 16 13.7177
82 72 25.4404
34 24 37.9892
105 95 2.6697
98 88 9.2742
46 36 40.7666
91 81 10.2725
50 40 63.8144
62 52 198.5773
94 84 13.3621
19 9 3.3496
84 74 72.6357
69 59 86.3097
96 86 9.5114
108 98 0.216
85 75 43.3432
34 24 53.1623
50 40 125.3294
26 16 3.647
43 33 55.0368
101 91 5.1929
68 58 104.1958
26 16 3.1126
61 51 201.5164
44 34 92.3762
11 1 0.0649
105 95 1.7318
23 13 3.1694
37 27 2.3344
20 10 4.7989
30 20 35.9274
58 48 78.8536
100 90 10.1031
83 73 27.3551
85 75 19.9324
17 7 1.9648
11 1 0.1092
60 50 181.4424
54 44 61.7326
60 50 200.385
15 5 0.5448
65 55 158.2575
109 99 0.1094
25 15 1.3496
97 87 3.6978
66 56 76.956
69 59 22.836
87 77 13.789
100 90 6.289
106 96 0.7267
92 82 21.3874
33 23 39.2093
11 1 0.1096
56 46 207.0369
78 68 50.0706
103 93 0.384
101 91 8.9944
66 56 30.5446
35 25 7.0895
16 6 3.5666
81 71 15.4003
15 5 1.4469
11 1 0.0868
91 81 10.5907
22 12 10.0878
28 18 31.6694
67 57 41.049
61 51 261.2051
49 39 24.5485
32 22 40.8477
68 58 46.0411
94 84 0.9427
89 79 21.2894
108 98 0.2478
37 27 51.5887
102 92 4.5184
44 34 23.9761
78 68 18.0466
104 94 2.9993
32 22 33.8524
19 9 7.8871
96 86 17.9549
109 99 0.0093
73 63 135.0048
43 33 81.0385
22 12 14.19
64 54 140.7924
55 45 25.9382
91 81 26.4164
98 88 7.2276
27 17 30.0621
87 77 11.237
63 53 179.0373
66 56 52.4715
88 78 47.9592
59 49 178.9789
77 67 117.0924
13 3 0.4058
42 32 84.3503
96 86 20.122
17 7 4.1571
71 61 1.9164
63 53 177.3738
80 70 63.0138
77 67 49.4745
72 62 54.5591
99 89 12.6965
61 51 43.1627
50 40 136.8468
72 62 112.1378
19 9 7.352
87 77 15.036
79 69 71.6043
73 63 40.9941
106 96 0.9457
102 92 1.202
39 29 42.7169
39 29 12.7534
29 19 34.1382
54 44 189.3867
73 63 52.2112
18 8 2.3894
91 81 8.2912
18 8 1.6486
66 56 31.2125
83 73 74.2621
43 33 65.9213
49 39 101.7012
28 18 27.1552
102 92 4.5656
82 72 50.0883
75 65 46.975
49 39 48.8099
17 7 0.6399
76 66 53.3624
43 33 59.3446
107 97 0.329
20 10 2.4339
40 30 43.072
50 40 109.4416
63 53 91.4443
104 94 1.0621
62 52 66.3208
105 95 1.1699
29 19 8.0304
20 10 2.6764
36 26 62.7987
27 17 21.7573
106 96 0.7722
87 77 34.4369
57 47 100.0587
68 58 127.3169
57 47 156.1394
12 2 0.068
80 70 65.9684
86 76 39.9361
39 29 57.2798
53 43 67.6224
109 99 0.0221
82 72 40.8433
15 5 2.2839
77 67 30.601
47 37 54.8112
44 34 43.0619
59 49 28.7608
63 53 223.1054
44 34 89.7934
14 4 1.3143
49 39 131.2847
13 3 0.7792
14 4 1.7061
78 68 28.525
90 80 13.1467
96 86 1.501
17 7 2.9351
47 37 95.3306
45 35 104.9093
55 45 149.1894
64 54 218.4191
108 98 0.1769
41 31 4.8582
28 18 23.1225
38 28 19.3676
17 7 1.9906
16 6 1.1109
61 51 0.0753
100 90 2.8349
87 77 40.8718
108 98 0.1302
50 40 2.7122
95 85 10.5899
68 58 184.5139
85 75 17.2419
82 72 47.4556
39 29 58.7824
101 91 6.4788
67 57 131.6484
69 59 19.0234
11 1 0.0719
59 49 240.8897
60 50 162.3531
105 95 0.0955
99 89 2.879
77 67 119.3279
85 75 33.9386
53 43 193.8732
65 55 166.6481
80 70 6.7282
32 22 16.3992
39 29 14.0901
55 45 37.4404
73 63 106.8083
88 78 5.3516
11 1 0.0548
77 67 89.4265
49 39 85.1173
64 54 232.4321
83 73 30.1509
71 61 107.9018
41 31 82.6002
90 80 39.5392
43 33 74.7939
47 37 66.8678
47 37 113.5099
69 59 167.3166
44 34 40.057
71 61 67.1635
12 2 0.155
16 6 0.1165
76 66 23.4719
68 58 63.3355
79 69 80.8889
33 23 7.3843
37 27 32.29
40 30 53.5703
44 34 25.2842
37 27 20.3639
63 53 173.4359
68 58 177.8625
59 49 141.6491
69 59 140.2583
70 60 143.9372
102 92 2.6541
53 43 80.5586
32 22 32.7381
44 34 51.7582
54 44 33.555
98 88 2.6623
108 98 0.3063
23 13 12.1031
27 17 6.909
33 23 4.4467
29 19 12.6034
82 72 20.4075
89 79 25.3732
48 38 13.9497
93 83 27.0963
87 77 57.522
110 100 0.0
43 33 73.974
104 94 3.0078
40 30 93.9869
51 41 106.7739
48 38 26.5979
38 28 85.3737
50 40 3.7579
19 9 3.6291
20 10 3.1868
76 66 29.6762
101 91 5.82
83 73 27.4746
107 97 0.2981
44 34 125.4455
103 93 1.0127
36 26 8.5268
56 46 232.3725
54 44 123.0456
25 15 11.8453
67 57 59.3905
40 30 67.5134
101 91 1.2838
85 75 32.9091
95 85 5.1164
51 41 97.3259
16 6 0.8066
40 30 77.9359
83 73 48.1096
93 83 6.2659
62 52 132.0476
23 13 4.5321
44 34 103.5149
75 65 10.5053
55 45 198.6954
28 18 30.1072
21 11 7.0729
59 49 13.4886
87 77 10.9006
62 52 211.2124
61 51 206.8897
74 64 87.5463
33 23 20.8863
75 65 61.9096
69 59 60.9164
84 74 28.5358
78 68 89.7351
57 47 227.0594
51 41 67.4619
39 29 32.2702
95 85 11.0988
55 45 159.5705
57 47 103.4467
68 58 64.5348
73 63 75.4926
69 59 5.9407
107 97 0.3018
32 22 42.2014
54 44 54.0333
92 82 8.4506
90 80 27.4628
82 72 64.6877
104 94 1.8702
77 67 3.9862
82 72 70.468
96 86 14.0615
78 68 43.8455
73 63 67.9962
14 4 1.1207
103 93 3.2595
17 7 0.6874
105 95 2.1318
21 11 1.7514
72 62 138.9753
101 91 4.9517
72 62 13.1617
91 81 2.7563
50 40 113.8038
68 58 123.5054
101 91 1.2177
65 55 104.9871
50 40 175.5379
13 3 0.5605
57 47 66.3869
57 47 230.6276
74 64 27.0385
29 19 2.4935
85 75 28.146
63 53 97.5876
53 43 37.9551
108 98 0.106
21 11 0.6725
74 64 74.0473
54 44 164.0311
76 66 57.3
76 66 43.2179
73 63 136.8243
55 45 110.3102
55 45 108.387
86 76 12.4371
48 38 10.3795
74 64 61.2778
93 83 27.8378
21 11 6.9579
20 10 7.4385
40 30 78.1911
105 95 1.7351
108 98 0.1383
97 87 1.4231
14 4 0.9459
46 36 14.1166
95 85 8.0312
43 33 7.5507
19 9 5.7196
104 94 0.63
96 86 19.9411
60 50 264.3463
103 93 3.922
89 79 36.1223
99 89 10.9165
40 30 84.4458
54 44 7.3205
27 17 12.8561
22 12 2.6856
58 48 21.6734
20 10 9.9087
62 52 196.1714
22 12 15.7591
39 29 74.9567
22 12 10.107
58 48 230.2099
98 88 2.805
66 56 113.3664
36 26 46.9386
78 68 59.1291
29 19 0.7857
69 59 161.9953
108 98 0.2099
109 99 0.0916
110 100 0.0
50 40 29.9074
52 42 75.8201
91 81 11.7224
18 8 0.1536
86 76 24.9195
45 35 10.9062
52 42 43.1258
105 95 2.0051
104 94 1.785
30 20 30.2548
103 93 1.069
15 5 1.424
70 60 132.5079
49 39 78.4239
44 34 127.3658
53 43 13.7183
22 12 9.2242
32 22 7.1678
107 97 0.5094
108 98 0.1597
54 44 166.176
86 76 10.9035
79 69 54.6779
87 77 50.2277
91 81 20.6931
91 81 17.2908
53 43 105.7901
103 93 1.0178
29 19 32.6166
107 97 0.4841
60 50 271.1808
74 64 43.0824
57 47 168.9613
83 73 0.561
42 32 90.6665
18 8 0.5249
33 23 5.5066
42 32 76.5162
69 59 123.2417
89 79 15.9941
39 29 77.7198
11 1 0.0684
68 58 9.2583
75 65 69.538
43 33 58.8712
11 1 0.0982
22 12 14.252
93 83 4.8313
25 15 23.4639
53 43 185.7102
21 11 0.7678
58 48 224.6899
73 63 150.5201
75 65 5.854
35 25 50.5584
56 46 180.1087
81 71 81.164
88 78 29.0639
44 34 13.7083
67 57 24.5749
36 26 44.5712
64 54 16.8866
97 87 3.5339
39 29 13.3118
109 99 0.0041
14 4 1.3145
29 19 32.8961
29 19 27.808
101 91 4.7943
33 23 31.0731
73 63 123.3454
73 63 62.4893
86 76 62.7346
27 17 22.6214
102 92 0.3157
65 55 200.1644
107 97 0.5686
106 96 0.4995
101 91 6.139
32 22 41.9842
55 45 205.7435
96 86 0.3844
36 26 1.81
104 94 0.4927
32 22 31.6789
109 99 0.0548
67 57 48.6157
15 5 0.5847
97 87 14.0974
13 3 0.2084
88 78 53.5517
93 83 31.2447
94 84 6.7144
86 76 21.9083
30 20 13.7727
22 12 13.1927
26 16 16.6541
107 97 0.5057
16 6 3.9393
83 73 44.0312
94 84 24.8195
34 24 39.5253
41 31 85.5612
14 4 0.7313
56 46 6.3887
71 61 63.204
58 48 242.6928
63 53 227.9125
66 56 43.0323
57 47 2.3526
99 89 9.93
31 21 43.7615
96 86 0.5894
25 15 0.8776
92 82 29.068
91 81 25.9124
91 81 36.1607
24 14 17.6623
58 48 99.8922
84 74 69.8999
40 30 46.362
25 15 24.2276
88 78 45.9303
98 88 1.161
101 91 5.1745
29 19 0.5
99 89 11.8192
110 100 0.0
53 43 69.6474
18 8 0.6482
47 37 114.1067
48 38 125.9857
45 35 105.812
27 17 0.6713
58 48 185.619
52 42 35.4274
43 33 4.9545
79 69 92.3914
55 45 134.6439
79 69 93.6844
73 63 117.8982
46 36 121.2685
110 100 0.0
57 47 70.7915
93 83 18.3521
79 69 25.4789
32 22 33.5732
101 91 0.934
50 40 0.6415
107 97 0.541
96 86 7.9499
32 22 7.7931
80 70 60.6526
61 51 244.1032
35 25 45.3218
71 61 131.8839
46 36 87.3084
59 49 142.5737
93 83 27.2069
35 25 56.048
76 66 17.2365
90 80 2.9215
108 98 0.0004
44 34 70.9038
46 36 105.6093
76 66 122.8685
53 43 161.7573
102 92 5.0211
24 14 16.5242
66 56 13.9828
57 47 201.7004
61 51 137.5794
86 76 5.2559
49 39 98.9708
25 15 5.8355
94 84 27.1612
100 90 1.9965
86 76 11.6054
106 96 1.7205
80 70 46.6444
59 49 244.4156
85 75 67.1753
103 93 1.1049
58 48 96.6766
28 18 4.4036
55 45 2.1504
72 62 3.5919
73 63 70.5849
13 3 0.6815
57 47 10.5739
39 29 89.7147
20 10 3.9201
78 68 53.1805
66 56 179.9263
17 7 2.021
55 45 47.8478
28 18 20.0724
26 16 22.2524
64 54 28.1372
75 65 47.8104
98 88 15.7117
53 43 101.7017
108 98 0.3395
108 98 0.1432
60 50 262.7741
91 81 28.8572
100 90 8.3013
88 78 31.351
37 27 23.9043
73 63 143.9953
40 30 48.6885
39 29 51.2225
58 48 231.9615
65 55 190.8578
87 77 7.546
47 37 79.132
79 69 90.763
11 1 0.0057
99 89 1.7601
13 3 0.3362
91 81 12.2613
60 50 95.3113
24 14 1.9471
52 42 117.1681
66 56 204.1151
33 23 42.2819
26 16 10.966
12 2 0.4271
74 64 43.6231
50 40 84.2512
104 94 1.2187
92 82 20.1043
39 29 15.4566
72 62 40.3521
70 60 168.004
61 51 117.2283
22 12 6.4249
99 89 5.0845
84 74 64.4584
37 27 16.6999
98 88 13.0479
51 41 98.6991
97 87 10.3223
104 94 2.7677
86 76 33.4114
97 87 11.8952
40 30 66.0377
46 36 11.9545
25 15 15.0989
42 32 108.8509
74 64 103.3545
61 51 150.6995
45 35 35.9361
33 23 10.0305
85 75 53.6747
92 82 9.9532
26 16 13.589
99 89 0.2846
88 78 12.1017
24 14 21.0832
75 65 62.277
21 11 12.906
66 56 66.5386
49 39 47.9575
13 3 0.0089
75 65 20.6726
87 77 5.6833
73 63 110.7756
92 82 19.7547
41 31 10.7947
83 73 26.8569
26 16 8.0844
96 86 11.4276
47 37 66.5734
50 40 60.7352
98 88 0.2689
66 56 21.0406
48 38 125.9842
72 62 1.0538
98 88 9.3506
90 80 2.2385
60 50 0.7211
93 83 4.4559
39 29 29.8905
51 41 180.2839
56 46 37.5488
44 34 121.8824
97 87 11.5217
52 42 73.9082
41 31 50.3862
73 63 51.1255
16 6 1.4898
77 67 1.0228
49 39 6.8955
105 95 0.4504
104 94 3.4832
27 17 9.5693
73 63 74.2058
