900 23508 4.3589
70 60 62.7016
37 27 27.7497
69 59 19.0674
98 88 6.3144
50 40 132.5464
47 37 17.0908
75 65 76.0578
26 16 18.6596
20 10 9.2561
70 60 49.6086
76 66 9.6557
90 80 1.7914
69 59 128.0479
75 65 55.9749
75 65 64.2832
50 40 89.9957
22 12 2.4787
88 78 10.1502
60 50 191.2189
50 40 157.7465
94 84 2.9782
105 95 0.8876
78 68 109.9521
48 38 57.8064
109 99 0.017
31 21 36.1628
82 72 22.7991
96 86 1.301
65 55 95.6695
32 22 48.3033
19 9 5.3781
25 15 18.9059
97 87 16.6512
76 66 114.1885
66 56 123.9221
108 98 0.4202
45 35 100.3028
11 1 0.0555
15 5 1.4028
15 5 2.3039
60 50 253.8652
21 11 12.0874
65 55 66.4513
28 18 11.5292
34 24 25.6816
100 90 3.4003
31 21 25.9716
35 25 52.2921
27 17 3.9659
13 3 0.7413
59 49 109.1445
44 34 56.0879
54 44 188.6174
103 93 0.421
12 2 0.1185
17 7 4.5235
35 25 51.2953
68 58 118.8837
92 82 2.7423
14 4 0.997
50 40 67.4342
39 29 50.0535
68 58 20.5881
108 98 0.3502
45 35 0.2066
89 79 6.5789
64 54 220.5554
91 81 38.0323
110 100 0.0
45 35 105.9601
83 73 60.247
71 61 119.9061
80 70 18.5595
81 71 5.2978
23 13 17.8611
55 45 14.6233
41 31 99.3105
94 84 2.7645
36 26 7.2401
11 1 0.0144
87 77 3.9012
50 40 10.8215
31 21 19.2721
57 47 171.5958
45 35 79.7215
39 29 23.7153
98 88 6.011
54 44 182.0895
100 90 8.391
35 25 7.8552
57 47 86.8548
50 40 157.5458
78 68 106.8953
91 81 33.6938
88 78 7.1208
91 81 6.0028
84 74 67.048
68 58 16.9692
108 98 0.3034
36 26 72.6379
89 79 20.3332
85 75 68.7267
82 72 80.5079
55 45 18.6717
63 53 21.2658
77 67 94.5436
93 83 28.4954
83 73 50.79
69 59 56.3277
15 5 0.3116
28 18 1.6539
92 82 35.2474
19 9 0.2213
50 40 69.6348
45 35 123.9368
56 46 178.9702
30 20 42.0443
66 56 59.8374
51 41 53.3645
28 18 33.8229
46 36 116.5582
85 75 23.5438
42 32 106.5285
85 75 20.4739
101 91 1.5472
104 94 3.8208
52 42 65.8329
32 22 28.4929
73 63 31.4628
75 65 57.5916
47 37 101.1645
69 59 85.8121
86 76 56.7977
57 47 103.6607
33 23 28.6987
37 27 60.9371
107 97 0.1408
96 86 3.5111
56 46 13.7906
81 71 24.2798
77 67 49.8144
17 7 1.149
32 22 37.6416
69 59 181.5925
42 32 13.2058
15 5 1.3531
88 78 41.2854
100 90 0.4199
72 62 60.2318
76 66 74.2644
49 39 32.3218
42 32 88.6162
107 97 0.5191
68 58 25.4601
58 48 202.419
34 24 22.9051
31 21 35.5607
31 21 19.5947
44 34 12.8008
86 76 21.2651
41 31 13.9298
97 87 3.8886
19 9 6.5185
108 98 0.1965
29 19 15.283
11 1 0.1102
97 87 14.3294
91 81 36.392
71 61 164.9663
11 1 0.0648
47 37 26.9423
101 91 4.6064
92 82 33.9787
16 6 0.9348
18 8 5.4952
85 75 33.4626
20 10 4.1388
47 37 83.7632
101 91 7.3674
39 29 50.3154
67 57 151.7459
80 70 27.3961
76 66 40.4007
49 39 166.8368
18 8 6.7562
68 58 50.4232
26 16 14.2457
19 9 1.5336
63 53 86.8795
106 96 0.2847
87 77 2.4885
94 84 25.3356
86 76 7.9015
108 98 0.3803
97 87 14.6995
66 56 93.2381
98 88 6.787
13 3 0.698
69 59 74.9796
16 6 3.5542
102 92 4.8438
88 78 7.4988
71 61 132.0716
28 18 8.7512
102 92 2.9191
89 79 27.2671
31 21 43.7319
100 90 6.6148
78 68 69.6979
57 47 210.4242
38 28 81.4523
85 75 13.2155
50 40 80.257
40 30 59.7545
54 44 166.1843
31 21 7.4063
73 63 40.3699
28 18 27.7871
110 100 0.0
109 99 0.0293
65 55 175.4802
13 3 0.122
22 12 12.9976
54 44 161.0959
109 99 0.0523
100 90 8.0523
86 76 62.9922
69 59 7.6884
44 34 91.4085
58 48 88.4385
86 76 36.2497
72 62 66.6807
100 90 5.4785
12 2 0.4114
87 77 13.6449
84 74 27.245
11 1 0.0122
78 68 109.4001
97 87 3.6113
35 25 33.9066
95 85 10.6222
25 15 8.0023
31 21 2.2054
64 54 68.6852
98 88 5.3013
31 21 5.6552
64 54 189.029
110 100 0.0
67 57 57.1654
11 1 0.0096
12 2 0.0632
29 19 15.321
69 59 106.2768
96 86 15.9749
17 7 0.752
94 84 10.0871
49 39 104.1276
31 21 5.3741
15 5 0.6084
11 1 0.0922
27 17 1.5947
45 35 32.863
93 83 29.3874
100 90 1.3571
51 41 22.2904
65 55 26.964
89 79 15.6837
108 98 0.1032
63 53 208.9602
110 100 0.0
22 12 5.0747
19 9 1.7515
16 6 0.7591
63 53 222.6493
69 59 94.0733
13 3 0.1498
65 55 151.3668
94 84 25.1142
93 83 0.6531
52 42 188.1391
90 80 2.5256
96 86 3.0844
78 68 63.7624
27 17 28.726
44 34 96.7043
24 14 5.4664
102 92 5.9972
89 79 40.549
21 11 12.9851
106 96 0.4975
83 73 10.7405
13 3 0.1105
31 21 0.3786
104 94 1.7046
84 74 31.7839
37 27 70.816
103 93 1.7903
84 74 56.8453
110 100 0.0
60 50 58.7624
26 16 21.7864
22 12 8.258
12 2 0.174
91 81 20.4675
35 25 50.426
15 5 1.3201
54 44 23.2191
16 6 1.1119
62 52 188.2736
80 70 79.0026
87 77 55.6516
43 33 15.9
100 90 9.9932
58 48 150.2976
97 87 12.3845
57 47 124.6563
83 73 24.6399
31 21 16.5494
12 2 0.3714
88 78 1.5385
105 95 1.0941
40 30 10.0539
48 38 24.2435
41 31 25.7081
75 65 77.8741
58 48 190.8807
81 71 32.0257
11 1 0.1028
100 90 5.9555
92 82 22.4854
85 75 0.4632
64 54 122.2577
85 75 22.3155
85 75 37.9894
18 8 3.5839
98 88 6.2415
18 8 5.0207
16 6 3.3972
101 91 0.8425
80 70 77.526
44 34 29.9517
98 88 9.9714
72 62 57.5036
59 49 24.0121
45 35 94.9856
87 77 12.4127
54 44 61.6385
48 38 54.0239
46 36 125.8087
11 1 0.0993
73 63 61.2114
27 17 24.8818
98 88 8.2018
56 46 80.6449
60 50 132.0649
84 74 47.7765
101 91 4.3896
103 93 4.9091
79 69 27.527
109 99 0.015
20 10 5.1889
91 81 33.7028
96 86 15.0099
49 39 38.7214
93 83 19.825
43 33 17.6023
73 63 54.7834
76 66 113.4608
52 42 99.9281
11 1 0.074
42 32 107.0826
56 46 160.1635
46 36 23.1865
64 54 6.2075
84 74 32.9589
35 25 2.3008
37 27 55.0946
78 68 66.0133
77 67 67.2844
86 76 3.4461
51 41 149.1211
107 97 0.55
102 92 3.514
15 5 0.4527
35 25 8.7247
28 18 8.2655
15 5 0.3031
110 100 0.0
30 20 1.4996
64 54 169.4554
104 94 2.6582
37 27 20.5327
47 37 115.2374
105 95 0.0912
53 43 23.4712
98 88 3.5436
25 15 21.9745
14 4 0.1079
51 41 81.0085
30 20 6.865
63 53 240.0913
64 54 63.2874
75 65 51.8155
102 92 0.3127
85 75 37.7159
108 98 0.3766
110 100 0.0
78 68 24.9792
45 35 10.4149
85 75 34.0739
70 60 171.3304
101 91 3.3562
110 100 0.0
54 44 34.8381
69 59 172.2712
20 10 2.9246
54 44 165.4416
21 11 6.0407
110 100 0.0
95 85 9.7467
86 76 25.4143
80 70 55.0942
47 37 110.6906
31 21 28.2005
32 22 9.3728
65 55 214.9283
99 89 6.9184
84 74 55.0712
61 51 99.826
78 68 70.1732
12 2 0.2755
21 11 7.5082
70 60 93.5228
97 87 10.5234
90 80 26.4959
45 35 31.2827
72 62 3.0949
98 88 13.6977
37 27 36.7814
93 83 11.958
17 7 0.2397
92 82 28.899
100 90 1.3125
66 56 28.5118
45 35 3.3251
77 67 97.5984
95 85 7.4064
56 46 176.5658
96 86 17.2174
99 89 11.9543
18 8 1.4894
84 74 54.3051
36 26 1.0701
33 23 26.0455
35 25 29.0199
110 100 0.0
68 58 149.2014
14 4 0.4639
110 100 0.0
46 36 121.3431
51 41 83.9411
37 27 58.0622
19 9 8.1408
46 36 63.8261
93 83 3.2163
15 5 2.3897
36 26 14.7432
28 18 2.4417
47 37 98.7852
50 40 97.9244
35 25 2.7156
57 47 243.6508
109 99 0.0203
15 5 0.3787
84 74 11.2867
107 97 0.5328
54 44 94.4974
79 69 37.5281
101 91 1.9779
98 88 13.9788
80 70 14.1019
85 75 15.0696
57 47 174.3929
83 73 30.8223
94 84 20.9535
55 45 112.7558
94 84 11.806
57 47 61.4794
29 19 31.4917
90 80 33.0327
53 43 39.2755
108 98 0.2621
40 30 56.2108
57 47 219.9352
23 13 2.9965
72 62 25.5351
32 22 24.5132
23 13 9.7539
29 19 19.7239
108 98 0.342
72 62 56.8999
73 63 86.5716
12 2 0.2324
107 97 0.7594
56 46 230.9682
70 60 56.2092
90 80 41.0373
30 20 11.0626
95 85 21.6943
50 40 17.9478
100 90 1.3015
82 72 41.0592
43 33 60.3983
83 73 34.6484
83 73 68.2229
29 19 26.4039
82 72 20.6942
36 26 50.9366
106 96 1.0572
74 64 122.356
62 52 15.5676
69 59 154.7163
109 99 0.0764
85 75 22.8898
100 90 10.2165
67 57 162.9679
27 17 2.1485
33 23 1.8782
26 16 0.272
90 80 3.0212
72 62 70.9516
105 95 0.4545
64 54 52.5196
11 1 0.0929
75 65 59.6869
32 22 26.9884
72 62 141.0177
28 18 15.6052
76 66 33.8764
96 86 17.6646
16 6 0.1013
18 8 7.0726
82 72 62.994
41 31 39.3982
95 85 3.9193
79 69 72.0893
26 16 9.4987
107 97 0.2296
99 89 12.0986
92 82 30.3742
48 38 58.989
46 36 58.4013
58 48 137.6239
63 53 181.7344
53 43 29.5714
98 88 11.4575
29 19 30.7669
12 2 0.1735
45 35 65.3252
81 71 79.055
76 66 66.1783
13 3 0.3002
18 8 4.4874
30 20 14.3433
93 83 18.6047
102 92 2.9366
18 8 2.8054
40 30 24.336
65 55 182.0486
103 93 4.5431
93 83 30.6431
70 60 139.064
95 85 17.4894
43 33 60.1369
37 27 22.4808
72 62 8.9118
11 1 0.105
99 89 9.4877
41 31 96.7396
68 58 90.6868
76 66 11.868
40 30 49.8447
93 83 23.2329
79 69 48.9792
18 8 0.5427
78 68 30.9968
21 11 4.0554
82 72 64.5341
84 74 19.9097
32 22 19.7921
94 84 13.5198
19 9 1.3167
79 69 8.4139
28 18 2.0209
58 48 241.1601
105 95 1.1612
108 98 0.1082
78 68 92.5034
29 19 1.6745
54 44 41.8158
45 35 32.8518
105 95 0.7852
57 47 190.1758
70 60 144.7771
101 91 6.7451
44 34 65.6714
101 91 5.3283
69 59 153.0422
108 98 0.3577
95 85 13.8363
48 38 144.2986
67 57 87.9347
63 53 98.5435
59 49 138.2839
109 99 0.0815
90 80 8.8432
75 65 8.7355
27 17 12.9715
37 27 63.9887
27 17 24.0337
23 13 0.7354
110 100 0.0
72 62 148.2613
97 87 6.3093
74 64 55.3879
24 14 6.6174
76 66 85.3646
39 29 46.8778
31 21 16.9838
78 68 2.6003
28 18 4.1286
33 23 11.7562
96 86 10.0585
59 49 218.3824
19 9 1.476
48 38 75.4254
19 9 4.0148
87 77 50.0125
109 99 0.0677
46 36 95.4965
24 14 7.4857
75 65 132.9228
86 76 36.3654
90 80 29.7248
17 7 3.1806
110 100 0.0
49 39 81.4892
70 60 170.1272
92 82 30.8607
99 89 2.1695
28 18 17.1987
25 15 12.9629
88 78 29.123
14 4 0.2654
104 94 0.2024
46 36 119.1941
41 31 19.4781
14 4 0.7685
76 66 88.3409
88 78 19.6534
74 64 66.2828
103 93 1.6472
23 13 4.3179
14 4 0.4724
104 94 0.7301
100 90 10.5084
83 73 58.403
81 71 92.7386
78 68 103.1764
102 92 4.9623
88 78 11.0341
20 10 4.5301
33 23 30.3568
35 25 66.8327
67 57 56.3417
74 64 25.7744
80 70 10.1821
94 84 6.5585
45 35 85.3373
12 2 0.186
87 77 31.5236
106 96 0.9546
51 41 166.841
84 74 6.8907
104 94 3.6386
35 25 66.6217
51 41 79.3785
65 55 221.4613
107 97 0.2301
108 98 0.0533
65 55 12.6064
40 30 13.7427
45 35 37.5691
100 90 5.3382
50 40 143.893
31 21 16.2178
59 49 248.8225
65 55 13.1551
68 58 123.5049
59 49 246.024
15 5 2.533
80 70 76.3097
74 64 30.8983
89 79 8.1128
36 26 2.3667
14 4 0.5475
50 40 76.7021
94 84 2.4297
42 32 20.8147
22 12 3.3477
33 23 53.6852
62 52 190.8393
68 58 140.7143
29 19 24.9354
15 5 0.5053
107 97 0.1892
99 89 11.2825
99 89 5.1863
22 12 7.0878
11 1 0.1007
20 10 7.2328
20 10 8.4617
67 57 53.5492
74 64 77.3847
41 31 27.0237
109 99 0.0445
77 67 79.7777
38 28 14.1387
47 37 46.0594
89 79 27.8156
31 21 43.4485
79 69 36.413
77 67 61.4297
31 21 9.3493
105 95 1.1254
85 75 54.735
79 69 75.8995
58 48 42.9283
71 61 148.4463
95 85 21.398
99 89 12.0893
99 89 0.1756
47 37 82.1881
99 89 3.7238
93 83 29.7743
27 17 15.1811
36 26 39.754
54 44 70.2412
101 91 7.4918
18 8 2.7814
29 19 8.2704
34 24 19.4636
27 17 15.1635
22 12 0.4815
25 15 18.6728
35 25 60.5542
101 91 1.84
65 55 67.0768
92 82 22.2094
47 37 150.3785
103 93 2.6768
26 16 24.8327
41 31 47.0228
87 77 38.0164
16 6 1.287
43 33 34.8266
15 5 2.093
26 16 11.2465
95 85 4.1761
23 13 9.8522
19 9 2.1574
88 78 0.1443
26 16 21.3658
52 42 34.1548
70 60 27.051
77 67 79.3353
19 9 5.5527
71 61 118.8683
70 60 29.3475
21 11 4.0982
33 23 1.6482
85 75 36.2069
69 59 123.2248
107 97 0.7741
62 52 245.2626
105 95 1.2062
56 46 170.2713
101 91 1.2738
15 5 2.5302
73 63 148.6079
11 1 0.0696
31 21 43.2847
57 47 151.2054
84 74 9.1672
61 51 198.2679
81 71 8.4105
64 54 35.7467
27 17 3.3477
84 74 17.307
18 8 6.0427
97 87 2.55
34 24 19.5916
49 39 67.5847
90 80 19.2011
101 91 7.0396
25 15 11.0727
18 8 2.7056
53 43 184.1436
67 57 25.0351
95 85 11.8524
87 77 25.1139
65 55 156.0075
94 84 27.6755
54 44 20.8782
95 85 20.2844
31 21 37.0493
105 95 2.4278
13 3 0.7307
39 29 32.9859
88 78 34.6514
109 99 0.0011
74 64 100.0439
90 80 2.1026
96 86 16.0049
100 90 3.9678
59 49 227.5838
29 19 17.7763
11 1 0.095
11 1 0.0019
21 11 1.8581
83 73 38.974
73 63 115.3758
102 92 5.6211
69 59 30.3188
99 89 12.2766
27 17 19.5933
109 99 0.0652
100 90 2.9111
81 71 13.7783
28 18 31.9057
98 88 3.4032
85 75 22.1659
83 73 39.9782
74 64 111.828
55 45 133.2091
56 46 89.0264
16 6 0.2052
106 96 0.922
61 51 50.9929
91 81 22.4771
82 72 17.6718
43 33 64.9755
75 65 94.9637
75 65 128.4355
19 9 0.2195
61 51 201.1988
92 82 31.3223
45 35 112.314
93 83 3.6572
38 28 86.6541
78 68 21.0789
82 72 71.5374
20 10 2.1425
96 86 18.3057
98 88 5.3303
101 91 4.5811
99 89 1.7916
40 30 22.3287
19 9 7.7966
65 55 150.9764
84 74 2.6781
46 36 110.1357
110 100 0.0
37 27 62.2085
34 24 31.7134
23 13 11.6677
28 18 11.1209
24 14 13.3864
81 71 5.2513
67 57 39.2807
30 20 28.2741
94 84 14.4253
38 28 70.9525
90 80 35.3664
54 44 118.2489
33 23 54.413
26 16 9.2068
96 86 8.6653
91 81 2.4235
94 84 17.3048
23 13 11.8447
37 27 32.2775
30 20 22.756
71 61 162.7616
90 80 16.1055
25 15 6.935
84 74 72.8804
56 46 104.289
78 68 46.8415
108 98 0.2789
