100 2568 4.3589
70 70 49.0
28 28 7.84
39 39 15.21
38 38 14.44
6 6 0.36
48 48 23.04
11 11 1.21
24 24 5.76
49 49 24.01
55 55 30.25
64 64 40.96
92 92 84.64
41 41 16.81
67 67 44.89
98 98 96.04
27 27 7.29
62 62 38.44
99 99 98.01
42 42 17.64
50 50 25.0
92 92 84.64
71 71 50.41
78 78 60.84
77 77 59.29
49 49 24.01
56 56 31.36
95 95 90.25
95 95 90.25
3 3 0.09
10 10 1.0
20 20 4.0
68 68 46.24
23 23 5.29
94 94 88.36
76 76 57.76
27 27 7.29
34 34 11.56
29 29 8.41
49 49 24.01
36 36 12.96
41 41 16.81
79 79 62.41
52 52 27.04
36 36 12.96
61 61 37.21
13 13 1.69
86 86 73.96
34 34 11.56
9 9 0.81
75 75 56.25
53 53 28.09
50 50 25.0
95 95 90.25
52 52 27.04
65 65 42.25
48 48 23.04
35 35 12.25
19 19 3.61
18 18 3.24
60 60 36.0
35 35 12.25
20 20 4.0
83 83 68.89
100 100 100.0
93 93 86.49
51 51 26.01
76 76 57.76
95 95 90.25
7 7 0.49
69 69 47.61
47 47 22.09
87 87 75.69
71 71 50.41
72 72 51.84
5 5 0.25
92 92 84.64
68 68 46.24
16 16 2.56
90 90 81.0
24 24 5.76
16 16 2.56
33 33 10.89
12 12 1.44
46 46 21.16
60 60 36.0
15 15 2.25
31 31 9.61
76 76 57.76
61 61 37.21
1 1 0.01
36 36 12.96
69 69 47.61
8 8 0.64
90 90 81.0
1 1 0.01
52 52 27.04
59 59 34.81
95 95 90.25
61 61 37.21
41 41 16.81
