100 2667 9.9499
67 57 155.8003
76 66 109.3078
34 24 41.3463
13 3 0.4673
66 56 192.0645
91 81 5.1627
56 46 234.8277
64 54 133.1292
69 59 59.3607
82 72 18.3834
65 55 0.4404
88 78 36.4485
46 36 12.5568
32 22 33.8215
67 57 140.0356
89 79 19.0882
70 60 143.7658
93 83 10.6032
39 29 20.1868
62 52 255.7515
40 30 86.6264
110 100 0.0
77 67 74.3012
39 29 67.5259
97 87 0.8864
34 24 36.8696
17 7 2.3713
97 87 13.1105
91 81 4.1607
17 7 4.2278
102 92 5.7345
45 35 15.8455
64 54 39.9358
81 71 35.0659
50 40 103.0457
70 60 4.4628
52 42 166.3058
74 64 41.2875
89 79 14.7885
39 29 82.6611
105 95 0.5071
70 60 153.2761
16 6 2.3888
30 20 1.5321
23 13 2.3071
72 62 130.4693
108 98 0.3571
53 43 102.7349
86 76 35.0928
14 4 1.6888
96 86 10.4151
52 42 177.1549
19 9 0.2271
109 99 0.0823
40 30 2.7998
61 51 143.7257
99 89 5.4616
103 93 4.8487
69 59 135.7548
82 72 29.8528
71 61 28.9043
91 81 36.5109
70 60 116.0439
65 55 203.8247
104 94 3.8491
61 51 183.2316
76 66 27.1804
33 23 9.5095
47 37 65.5304
92 82 16.4706
40 30 60.4533
38 28 6.4985
47 37 58.7231
79 69 36.4885
60 50 140.58
47 37 37.3509
96 86 10.6103
40 30 33.6992
89 79 7.1853
29 19 16.6353
67 57 37.3932
101 91 3.9768
14 4 0.0616
109 99 0.0188
45 35 52.7944
63 53 85.8538
98 88 3.1173
41 31 97.2763
23 13 15.8143
39 29 20.8316
48 38 8.7334
57 47 208.4948
109 99 0.0023
41 31 71.4158
40 30 69.278
14 4 0.9783
40 30 98.1614
68 58 156.2658
99 89 5.298
82 72 63.1591
