900 23243 9.9499
34 24 82.3774
55 45 60.1897
41 31 65.2767
28 18 82.912
53 43 50.7257
24 14 85.0158
99 89 19.2344
80 70 45.6489
57 47 57.9958
94 84 32.4262
58 48 58.855
73 63 41.5922
30 20 80.09
101 91 14.5435
62 52 51.2384
43 33 73.4998
66 56 57.2459
58 48 40.3162
99 89 39.2728
17 7 94.4415
94 84 39.5905
102 92 33.8724
47 37 59.7467
55 45 59.3609
89 79 42.9811
68 58 42.4791
44 34 60.3232
107 97 23.3521
15 5 95.1425
108 98 33.4223
46 36 71.0784
24 14 88.1665
54 44 57.4958
62 52 47.4514
68 58 64.3348
62 52 42.6004
40 30 77.2834
84 74 48.1123
41 31 80.8201
28 18 87.2823
32 22 74.065
107 97 30.9314
102 92 30.2401
100 90 26.3415
102 92 16.7355
93 83 18.9425
87 77 42.4791
46 36 62.3279
110 100 28.9864
108 98 14.4248
104 94 18.8782
50 40 61.1743
46 36 60.9586
92 82 41.8803
87 77 50.5749
48 38 71.156
65 55 55.4131
106 96 44.8163
69 59 65.7121
70 60 43.1334
49 39 62.4653
98 88 43.0165
103 93 30.4803
68 58 54.8725
32 22 79.3792
41 31 72.6347
108 98 30.3799
24 14 90.1626
44 34 78.881
97 87 22.044
58 48 55.4772
11 1 98.7897
87 77 52.0793
66 56 44.716
79 69 37.5193
66 56 51.4491
67 57 53.2243
17 7 91.8243
17 7 94.3773
23 13 86.2577
102 92 23.7315
57 47 73.0016
51 41 70.8038
108 98 20.9315
69 59 28.9487
76 66 47.0088
85 75 43.2267
66 56 61.3261
80 70 43.1859
26 16 87.855
109 99 27.2714
71 61 55.0282
25 15 87.3085
84 74 57.3473
17 7 94.5095
49 39 60.7761
63 53 45.1597
59 49 70.2009
102 92 43.182
85 75 39.7543
104 94 33.2641
36 26 80.115
15 5 95.2166
51 41 55.1336
38 28 80.8956
70 60 41.8079
73 63 52.7671
44 34 72.3452
53 43 70.2328
33 23 74.4717
31 21 83.4555
82 72 59.5289
86 76 44.5356
98 88 38.3396
89 79 33.3125
79 69 29.5729
31 21 82.5718
42 32 69.0627
66 56 62.6947
55 45 71.6359
94 84 38.1084
24 14 83.5743
102 92 17.6257
28 18 85.5514
37 27 68.3251
45 35 69.2807
63 53 45.7301
89 79 40.1969
37 27 81.8772
48 38 69.5322
27 17 82.9611
25 15 84.2761
12 2 97.6263
77 67 29.6143
106 96 29.6491
62 52 64.3926
94 84 46.9705
52 42 72.8172
86 76 34.0321
60 50 71.215
87 77 25.5045
28 18 77.863
90 80 25.032
11 1 99.4228
55 45 61.3669
103 93 38.9289
100 90 56.725
83 73 30.0392
57 47 64.1249
48 38 65.6797
106 96 12.9334
21 11 90.4781
77 67 47.479
65 55 51.4419
53 43 65.7543
105 95 24.955
72 62 35.2848
77 67 58.9379
44 34 74.5132
68 58 40.744
57 47 68.6611
94 84 49.6687
89 79 43.2359
100 90 38.4177
53 43 55.7875
73 63 49.5588
25 15 83.4702
96 86 44.0272
40 30 76.1186
84 74 47.0582
82 72 38.864
62 52 53.0625
15 5 95.7071
46 36 62.1732
32 22 79.479
59 49 49.6419
99 89 53.7612
96 86 23.4789
92 82 35.8394
62 52 51.2341
39 29 78.059
102 92 48.3261
23 13 90.4173
103 93 24.6304
88 78 43.2543
108 98 47.19
60 50 65.6862
26 16 86.1054
27 17 80.4071
39 29 72.3929
27 17 85.2224
62 52 65.1588
37 27 82.0981
56 46 52.8267
78 68 42.1616
108 98 29.2216
95 85 28.1197
43 33 68.4194
45 35 55.7785
84 74 54.7511
77 67 54.0578
54 44 48.9846
16 6 91.0364
16 6 92.3809
92 82 32.0333
93 83 25.9407
56 46 43.7516
73 63 39.4183
24 14 85.6717
74 64 29.7919
89 79 26.9039
18 8 93.136
18 8 93.1341
72 62 37.2735
68 58 60.8525
57 47 53.5107
25 15 84.0357
20 10 87.4337
110 100 22.0938
35 25 75.2522
43 33 74.7101
19 9 91.5217
106 96 16.5543
70 60 58.7108
76 66 53.2389
70 60 47.2423
87 77 30.8636
17 7 94.8131
77 67 45.5274
86 76 40.3987
43 33 77.3784
83 73 51.8731
110 100 17.152
51 41 67.217
18 8 89.191
66 56 57.0342
17 7 92.0122
22 12 87.7932
76 66 43.2767
39 29 74.4251
104 94 27.9164
57 47 73.9428
60 50 41.5419
47 37 64.4793
108 98 43.1386
15 5 94.3268
75 65 67.6194
109 99 13.7278
45 35 72.9692
27 17 82.4391
15 5 95.5604
109 99 28.7049
96 86 26.8718
49 39 62.0849
38 28 77.9265
75 65 45.5153
30 20 72.398
25 15 88.8061
99 89 49.272
34 24 84.4377
89 79 54.5973
104 94 13.9465
15 5 95.7149
74 64 52.7788
57 47 71.3788
86 76 47.5948
11 1 99.0602
96 86 29.511
54 44 60.9774
76 66 55.428
50 40 71.8256
40 30 69.7041
41 31 62.148
110 100 31.6496
24 14 86.7096
61 51 42.9313
12 2 98.1308
21 11 93.5998
12 2 97.9843
65 55 72.0784
25 15 90.7561
56 46 60.5284
23 13 87.1161
108 98 34.5732
38 28 82.2776
98 88 41.0496
53 43 61.7466
89 79 30.6119
79 69 50.7728
79 69 48.3275
92 82 25.449
38 28 73.4003
101 91 20.6925
47 37 75.299
47 37 61.6508
97 87 54.2094
80 70 42.1655
65 55 47.5686
22 12 85.9589
58 48 53.7538
29 19 85.1154
65 55 64.3108
64 54 43.597
70 60 58.1818
15 5 95.0079
13 3 96.6977
54 44 66.1929
109 99 29.1784
19 9 92.8486
82 72 49.8351
16 6 96.9339
30 20 86.6054
46 36 63.6533
75 65 41.9373
108 98 51.396
76 66 35.5216
79 69 43.5099
98 88 19.7029
70 60 37.3847
39 29 74.7775
15 5 94.9845
59 49 47.8781
108 98 31.8965
60 50 60.4429
108 98 20.8685
110 100 33.6806
23 13 90.5504
89 79 24.8393
44 34 55.2554
28 18 83.7737
88 78 31.2358
26 16 84.0871
84 74 25.3532
102 92 42.5039
47 37 57.0795
103 93 16.851
101 91 23.9072
84 74 32.9924
81 71 35.9796
85 75 20.3798
49 39 67.891
26 16 85.742
96 86 18.846
86 76 27.8605
48 38 72.9179
90 80 50.3859
108 98 44.2265
90 80 30.0743
67 57 63.4922
44 34 65.267
15 5 92.891
103 93 27.6108
50 40 48.0041
82 72 21.5175
17 7 95.121
90 80 44.0936
90 80 37.8114
95 85 48.8433
35 25 82.7372
65 55 57.9974
79 69 52.244
76 66 50.7058
61 51 72.7063
24 14 85.868
22 12 92.5675
65 55 58.7568
49 39 73.1384
13 3 96.7882
26 16 90.718
76 66 33.2029
66 56 53.3163
77 67 57.7083
23 13 89.842
34 24 72.7728
33 23 85.3018
106 96 46.5001
62 52 46.3529
44 34 69.1193
13 3 96.861
72 62 57.8832
96 86 39.5188
46 36 66.2515
32 22 80.9496
19 9 87.99
98 88 22.573
107 97 17.5603
100 90 34.625
36 26 68.0246
108 98 42.8161
48 38 61.3387
78 68 53.5253
27 17 89.7775
90 80 44.3929
85 75 48.2247
28 18 78.0731
11 1 98.911
75 65 45.8911
11 1 99.3172
16 6 96.2655
108 98 14.7441
48 38 69.3223
77 67 57.4306
84 74 46.4456
50 40 58.5761
60 50 70.9031
81 71 38.3111
93 83 56.5549
92 82 58.4873
70 60 61.6696
63 53 56.9497
75 65 55.2004
93 83 46.0064
17 7 93.5766
96 86 52.9387
53 43 61.1289
67 57 40.7414
82 72 31.1755
87 77 35.8202
96 86 16.675
72 62 48.8755
97 87 44.7561
25 15 86.8866
11 1 99.0025
18 8 92.0161
12 2 98.0041
35 25 79.8414
54 44 71.3484
102 92 25.9631
21 11 85.818
53 43 48.9132
78 68 59.954
45 35 65.5112
85 75 29.0359
36 26 78.4996
21 11 89.3687
86 76 49.4293
110 100 34.5168
102 92 48.0693
52 42 50.8155
11 1 98.9408
41 31 78.7568
29 19 76.0698
12 2 97.1762
97 87 52.5132
50 40 67.2482
107 97 32.3056
103 93 38.4747
15 5 96.4285
23 13 90.9105
107 97 19.9202
63 53 54.6979
34 24 78.3738
53 43 62.7502
15 5 95.9303
74 64 58.037
11 1 98.6784
26 16 81.1333
29 19 82.3139
75 65 39.2076
23 13 85.9793
12 2 97.9704
109 99 23.6789
41 31 64.9539
103 93 39.3305
63 53 47.468
29 19 78.9983
85 75 29.4719
11 1 99.1498
30 20 86.4881
13 3 96.8158
77 67 43.6155
48 38 71.4481
100 90 30.6916
26 16 88.1045
55 45 61.0883
101 91 12.4475
50 40 59.2808
39 29 70.4156
100 90 27.9619
38 28 76.2583
25 15 88.0857
47 37 64.3028
76 66 32.5128
97 87 37.026
28 18 85.3129
97 87 55.043
37 27 82.6045
29 19 78.5315
75 65 44.573
34 24 69.4472
39 29 76.2443
30 20 84.802
88 78 22.7119
78 68 56.2485
107 97 30.9559
42 32 68.7059
76 66 45.145
103 93 37.8569
105 95 36.8194
97 87 14.888
71 61 60.0238
77 67 34.3759
34 24 78.9948
49 39 64.3557
11 1 98.911
30 20 77.6954
17 7 92.893
68 58 53.9564
67 57 48.599
21 11 87.7913
27 17 76.9076
57 47 51.5955
48 38 53.9035
55 45 57.9958
57 47 69.609
19 9 92.9161
39 29 82.4046
98 88 19.5346
57 47 53.4829
104 94 22.2756
88 78 37.5573
44 34 79.8485
79 69 29.7123
106 96 28.3471
93 83 46.3952
75 65 26.574
51 41 55.2525
104 94 31.644
32 22 78.977
63 53 64.7413
18 8 88.3619
46 36 68.1285
58 48 75.2296
71 61 54.5338
16 6 95.5233
41 31 66.2417
71 61 50.8597
91 81 32.7882
36 26 76.7288
76 66 54.2609
67 57 38.5579
33 23 85.6883
104 94 57.5034
61 51 72.165
110 100 23.677
44 34 61.1102
13 3 97.6342
32 22 83.0213
51 41 58.8059
52 42 62.877
109 99 50.339
62 52 49.1177
50 40 57.3715
23 13 87.4132
23 13 88.0857
38 28 77.243
20 10 92.5656
37 27 79.7931
60 50 52.4335
50 40 63.2709
32 22 74.7326
50 40 62.6108
93 83 35.7269
79 69 60.3729
57 47 51.1382
81 71 32.8833
49 39 75.6813
12 2 98.4441
83 73 27.1576
100 90 21.2539
105 95 23.538
54 44 58.7522
62 52 52.6989
12 2 98.454
61 51 64.0144
52 42 65.6894
25 15 91.1624
69 59 44.9678
71 61 47.3674
68 58 47.6901
28 18 87.7369
105 95 16.6007
88 78 42.0306
73 63 38.6872
16 6 91.7094
28 18 80.7266
22 12 87.7632
101 91 33.2848
86 76 59.3886
42 32 57.1158
27 17 77.5985
84 74 35.7604
68 58 49.192
103 93 27.5195
22 12 87.8606
29 19 90.1303
94 84 48.8042
74 64 52.5857
73 63 57.3912
102 92 34.9411
78 68 53.3879
23 13 87.1478
46 36 72.7353
40 30 65.3478
54 44 63.5831
78 68 43.6921
83 73 44.1002
98 88 44.3742
87 77 25.2456
100 90 26.5627
74 64 46.6475
23 13 86.8121
89 79 32.974
97 87 32.2919
107 97 29.5207
37 27 76.2112
106 96 17.876
56 46 57.6385
75 65 44.6024
110 100 15.6381
60 50 62.35
108 98 42.5195
36 26 71.1863
61 51 60.5502
105 95 37.0735
47 37 56.0776
56 46 66.4486
81 71 53.3557
17 7 93.6211
12 2 98.2378
23 13 87.6302
89 79 23.415
45 35 61.7262
105 95 19.1389
65 55 46.4838
76 66 50.2284
57 47 60.258
105 95 32.5493
55 45 51.9827
101 91 19.57
34 24 68.4657
21 11 86.5886
67 57 71.0902
39 29 79.4915
69 59 59.4194
57 47 59.3547
46 36 65.2428
100 90 26.7765
24 14 92.9874
31 21 75.1914
101 91 27.3613
72 62 42.4348
12 2 98.7897
71 61 52.6771
18 8 93.1804
77 67 56.4362
36 26 80.8938
84 74 30.8547
59 49 57.0418
86 76 39.2039
53 43 48.1275
26 16 82.5045
102 92 31.5563
108 98 16.7486
16 6 94.0687
25 15 83.4117
43 33 71.048
55 45 63.6868
49 39 68.3995
60 50 60.929
101 91 38.3879
23 13 92.2983
102 92 26.5122
25 15 88.2191
54 44 49.5841
95 85 41.7187
64 54 42.397
53 43 71.2522
65 55 54.6668
47 37 78.234
76 66 57.1098
46 36 66.8159
36 26 79.586
88 78 26.1683
63 53 45.2579
80 70 62.831
97 87 28.5284
64 54 54.1784
39 29 79.7235
78 68 45.6408
15 5 96.346
82 72 33.9132
82 72 21.1729
87 77 43.5626
25 15 86.9873
11 1 99.1697
110 100 14.2786
30 20 81.2288
27 17 82.932
93 83 22.6376
59 49 69.2407
87 77 46.8075
27 17 79.2901
25 15 79.3917
34 24 83.9459
64 54 67.6918
56 46 54.652
81 71 54.3774
101 91 18.7082
98 88 25.779
38 28 75.9756
19 9 90.0127
110 100 31.5698
108 98 20.9471
39 29 82.3103
21 11 90.5371
69 59 66.8502
49 39 62.0204
76 66 36.054
100 90 33.2871
90 80 23.6556
41 31 68.8087
15 5 96.2106
56 46 56.5128
71 61 64.5194
96 86 35.0642
57 47 66.6036
90 80 15.1484
53 43 61.1962
95 85 22.7262
13 3 97.4584
50 40 70.597
53 43 62.5681
46 36 64.4889
72 62 46.206
84 74 44.8297
110 100 38.1195
83 73 55.9295
52 42 67.4205
65 55 59.1792
70 60 47.8311
19 9 93.1283
16 6 93.4064
71 61 44.4809
56 46 61.0961
39 29 71.7561
39 29 72.3401
78 68 52.6974
93 83 30.7093
40 30 78.9539
58 48 50.1306
79 69 63.6996
23 13 89.9519
15 5 95.1717
102 92 36.3778
50 40 66.4192
84 74 42.211
46 36 62.0944
67 57 36.7624
103 93 27.89
95 85 23.6887
95 85 57.1854
87 77 22.5483
39 29 64.4199
60 50 52.0909
24 14 91.9182
87 77 27.5867
109 99 37.414
105 95 30.2137
28 18 79.7235
61 51 51.8414
32 22 82.8482
68 58 41.3655
27 17 82.0419
78 68 52.0678
34 24 75.6291
75 65 44.8217
90 80 40.7031
45 35 80.0434
65 55 40.2717
101 91 31.9259
91 81 37.7807
101 91 28.3535
70 60 57.5656
73 63 51.6113
92 82 43.0874
84 74 54.0651
52 42 63.8689
22 12 88.3901
73 63 54.099
42 32 82.8755
70 60 33.9796
56 46 42.098
50 40 56.3776
19 9 90.6475
56 46 60.1835
15 5 93.8632
107 97 19.1809
13 3 96.2204
83 73 47.1049
62 52 55.8756
32 22 78.9841
74 64 31.6699
26 16 76.4873
58 48 59.8457
66 56 58.0674
75 65 26.1172
31 21 82.8774
70 60 57.0523
89 79 41.7329
49 39 63.6868
95 85 36.0708
56 46 56.4797
74 64 60.1928
24 14 87.258
100 90 39.0238
55 45 70.8257
101 91 47.2656
98 88 31.9949
38 28 76.1989
76 66 63.3123
83 73 58.7982
78 68 30.9047
88 78 46.8663
85 75 48.786
57 47 59.7529
103 93 23.573
49 39 66.3524
96 86 42.8239
73 63 47.9501
105 95 31.9191
26 16 87.3627
86 76 54.2226
40 30 84.7983
50 40 55.7397
46 36 56.2605
76 66 43.4149
43 33 67.5964
36 26 77.2571
108 98 13.145
23 13 83.7573
106 96 36.2163
11 1 99.2634
96 86 44.9088
50 40 78.6237
18 8 92.5733
84 74 38.3272
41 31 66.1441
28 18 81.7578
20 10 88.7383
42 32 75.2556
24 14 85.6587
88 78 34.7333
68 58 60.1835
29 19 82.5845
97 87 33.6748
59 49 45.2767
36 26 69.7409
63 53 50.9182
55 45 67.3877
46 36 64.1921
36 26 78.7
72 62 33.7271
53 43 72.9658
107 97 5.5592
58 48 54.7526
68 58 67.3532
93 83 24.1946
71 61 44.5797
100 90 24.3384
31 21 78.5563
11 1 99.4528
105 95 39.5704
21 11 88.614
91 81 38.9638
77 67 46.9307
78 68 52.4321
28 18 89.3233
64 54 69.4822
49 39 64.6111
105 95 35.0476
60 50 50.3674
101 91 45.653
13 3 97.0442
38 28 68.6611
96 86 38.6287
90 80 25.5581
37 27 75.2973
21 11 87.9075
107 97 34.5744
101 91 30.797
78 68 36.42
104 94 46.1951
31 21 86.3264
37 27 77.7289
43 33 72.0937
93 83 56.594
73 63 57.7813
29 19 87.159
62 52 39.7026
