900 22761 4.3589
71 71 50.41
59 59 34.81
60 60 36.0
57 57 32.49
91 91 82.81
41 41 16.81
43 43 18.49
84 84 70.56
31 31 9.61
88 88 77.44
54 54 29.16
76 76 57.76
46 46 21.16
36 36 12.96
51 51 26.01
72 72 51.84
31 31 9.61
54 54 29.16
23 23 5.29
75 75 56.25
47 47 22.09
24 24 5.76
16 16 2.56
9 9 0.81
89 89 79.21
70 70 49.0
8 8 0.64
5 5 0.25
20 20 4.0
54 54 29.16
32 32 10.24
67 67 44.89
43 43 18.49
87 87 75.69
4 4 0.16
41 41 16.81
24 24 5.76
36 36 12.96
97 97 94.09
95 95 90.25
93 93 86.49
42 42 17.64
25 25 6.25
43 43 18.49
18 18 3.24
57 57 32.49
40 40 16.0
75 75 56.25
80 80 64.0
91 91 82.81
55 55 30.25
33 33 10.89
22 22 4.84
26 26 6.76
85 85 72.25
76 76 57.76
25 25 6.25
7 7 0.49
14 14 1.96
83 83 68.89
47 47 22.09
97 97 94.09
19 19 3.61
35 35 12.25
62 62 38.44
68 68 46.24
76 76 57.76
95 95 90.25
38 38 14.44
43 43 18.49
51 51 26.01
61 61 37.21
77 77 59.29
6 6 0.36
2 2 0.04
88 88 77.44
79 79 62.41
71 71 50.41
54 54 29.16
21 21 4.41
87 87 75.69
89 89 79.21
35 35 12.25
29 29 8.41
26 26 6.76
69 69 47.61
12 12 1.44
11 11 1.21
95 95 90.25
62 62 38.44
21 21 4.41
80 80 64.0
6 6 0.36
2 2 0.04
57 57 32.49
23 23 5.29
6 6 0.36
2 2 0.04
99 99 98.01
99 99 98.01
78 78 60.84
42 42 17.64
43 43 18.49
86 86 73.96
14 14 1.96
45 45 20.25
42 42 17.64
26 26 6.76
86 86 73.96
98 98 96.04
90 90 81.0
7 7 0.49
14 14 1.96
1 1 0.01
89 89 79.21
2 2 0.04
43 43 18.49
45 45 20.25
66 66 43.56
53 53 28.09
92 92 84.64
20 20 4.0
63 63 39.69
60 60 36.0
84 84 70.56
91 91 82.81
51 51 26.01
46 46 21.16
17 17 2.89
70 70 49.0
53 53 28.09
28 28 7.84
29 29 8.41
60 60 36.0
87 87 75.69
86 86 73.96
15 15 2.25
60 60 36.0
23 23 5.29
36 36 12.96
86 86 73.96
43 43 18.49
77 77 59.29
64 64 40.96
17 17 2.89
84 84 70.56
12 12 1.44
39 39 15.21
71 71 50.41
23 23 5.29
34 34 11.56
40 40 16.0
27 27 7.29
13 13 1.69
87 87 75.69
65 65 42.25
90 90 81.0
78 78 60.84
28 28 7.84
17 17 2.89
91 91 82.81
13 13 1.69
22 22 4.84
82 82 67.24
48 48 23.04
63 63 39.69
68 68 46.24
11 11 1.21
14 14 1.96
90 90 81.0
80 80 64.0
59 59 34.81
81 81 65.61
33 33 10.89
17 17 2.89
9 9 0.81
71 71 50.41
69 69 47.61
33 33 10.89
87 87 75.69
57 57 32.49
8 8 0.64
87 87 75.69
10 10 1.0
23 23 5.29
96 96 92.16
90 90 81.0
82 82 67.24
42 42 17.64
53 53 28.09
44 44 19.36
30 30 9.0
73 73 53.29
94 94 88.36
22 22 4.84
89 89 79.21
96 96 92.16
62 62 38.44
48 48 23.04
72 72 51.84
42 42 17.64
45 45 20.25
24 24 5.76
27 27 7.29
54 54 29.16
18 18 3.24
99 99 98.01
73 73 53.29
22 22 4.84
94 94 88.36
64 64 40.96
56 56 31.36
33 33 10.89
21 21 4.41
2 2 0.04
3 3 0.09
8 8 0.64
71 71 50.41
64 64 40.96
71 71 50.41
97 97 94.09
18 18 3.24
36 36 12.96
45 45 20.25
46 46 21.16
84 84 70.56
86 86 73.96
78 78 60.84
66 66 43.56
18 18 3.24
60 60 36.0
34 34 11.56
46 46 21.16
22 22 4.84
64 64 40.96
59 59 34.81
65 65 42.25
80 80 64.0
43 43 18.49
7 7 0.49
29 29 8.41
35 35 12.25
91 91 82.81
53 53 28.09
35 35 12.25
39 39 15.21
63 63 39.69
71 71 50.41
11 11 1.21
67 67 44.89
83 83 68.89
67 67 44.89
83 83 68.89
51 51 26.01
76 76 57.76
13 13 1.69
99 99 98.01
39 39 15.21
52 52 27.04
55 55 30.25
29 29 8.41
24 24 5.76
71 71 50.41
4 4 0.16
68 68 46.24
94 94 88.36
57 57 32.49
45 45 20.25
15 15 2.25
30 30 9.0
48 48 23.04
14 14 1.96
71 71 50.41
96 96 92.16
22 22 4.84
22 22 4.84
40 40 16.0
62 62 38.44
58 58 33.64
75 75 56.25
41 41 16.81
65 65 42.25
40 40 16.0
50 50 25.0
84 84 70.56
56 56 31.36
24 24 5.76
87 87 75.69
82 82 67.24
33 33 10.89
6 6 0.36
80 80 64.0
49 49 24.01
45 45 20.25
5 5 0.25
10 10 1.0
50 50 25.0
70 70 49.0
56 56 31.36
68 68 46.24
32 32 10.24
9 9 0.81
24 24 5.76
23 23 5.29
10 10 1.0
66 66 43.56
83 83 68.89
31 31 9.61
63 63 39.69
98 98 96.04
39 39 15.21
42 42 17.64
65 65 42.25
5 5 0.25
30 30 9.0
78 78 60.84
55 55 30.25
1 1 0.01
2 2 0.04
35 35 12.25
42 42 17.64
11 11 1.21
74 74 54.76
94 94 88.36
74 74 54.76
29 29 8.41
60 60 36.0
75 75 56.25
63 63 39.69
65 65 42.25
25 25 6.25
58 58 33.64
65 65 42.25
23 23 5.29
94 94 88.36
51 51 26.01
83 83 68.89
57 57 32.49
2 2 0.04
38 38 14.44
81 81 65.61
89 89 79.21
76 76 57.76
60 60 36.0
13 13 1.69
22 22 4.84
32 32 10.24
8 8 0.64
79 79 62.41
9 9 0.81
89 89 79.21
35 35 12.25
17 17 2.89
92 92 84.64
67 67 44.89
50 50 25.0
54 54 29.16
38 38 14.44
81 81 65.61
83 83 68.89
30 30 9.0
82 82 67.24
90 90 81.0
85 85 72.25
31 31 9.61
92 92 84.64
60 60 36.0
51 51 26.01
37 37 13.69
86 86 73.96
89 89 79.21
37 37 13.69
65 65 42.25
11 11 1.21
12 12 1.44
60 60 36.0
83 83 68.89
28 28 7.84
33 33 10.89
87 87 75.69
31 31 9.61
41 41 16.81
10 10 1.0
61 61 37.21
28 28 7.84
88 88 77.44
22 22 4.84
31 31 9.61
62 62 38.44
32 32 10.24
93 93 86.49
4 4 0.16
44 44 19.36
3 3 0.09
62 62 38.44
54 54 29.16
70 70 49.0
99 99 98.01
90 90 81.0
70 70 49.0
41 41 16.81
7 7 0.49
10 10 1.0
47 47 22.09
17 17 2.89
89 89 79.21
29 29 8.41
40 40 16.0
28 28 7.84
73 73 53.29
8 8 0.64
46 46 21.16
75 75 56.25
21 21 4.41
66 66 43.56
100 100 100.0
69 69 47.61
16 16 2.56
63 63 39.69
90 90 81.0
84 84 70.56
52 52 27.04
1 1 0.01
73 73 53.29
59 59 34.81
3 3 0.09
57 57 32.49
90 90 81.0
68 68 46.24
2 2 0.04
31 31 9.61
20 20 4.0
99 99 98.01
100 100 100.0
2 2 0.04
46 46 21.16
2 2 0.04
41 41 16.81
68 68 46.24
16 16 2.56
29 29 8.41
97 97 94.09
31 31 9.61
79 79 62.41
37 37 13.69
34 34 11.56
81 81 65.61
67 67 44.89
49 49 24.01
39 39 15.21
22 22 4.84
8 8 0.64
75 75 56.25
9 9 0.81
71 71 50.41
88 88 77.44
91 91 82.81
66 66 43.56
24 24 5.76
8 8 0.64
13 13 1.69
8 8 0.64
48 48 23.04
38 38 14.44
32 32 10.24
98 98 96.04
100 100 100.0
67 67 44.89
21 21 4.41
56 56 31.36
36 36 12.96
89 89 79.21
16 16 2.56
55 55 30.25
24 24 5.76
47 47 22.09
42 42 17.64
1 1 0.01
40 40 16.0
48 48 23.04
24 24 5.76
84 84 70.56
80 80 64.0
84 84 70.56
61 61 37.21
5 5 0.25
68 68 46.24
88 88 77.44
33 33 10.89
9 9 0.81
95 95 90.25
46 46 21.16
82 82 67.24
81 81 65.61
68 68 46.24
65 65 42.25
7 7 0.49
95 95 90.25
1 1 0.01
24 24 5.76
60 60 36.0
2 2 0.04
72 72 51.84
97 97 94.09
95 95 90.25
8 8 0.64
46 46 21.16
27 27 7.29
62 62 38.44
44 44 19.36
78 78 60.84
80 80 64.0
49 49 24.01
7 7 0.49
30 30 9.0
73 73 53.29
82 82 67.24
77 77 59.29
13 13 1.69
49 49 24.01
21 21 4.41
47 47 22.09
62 62 38.44
33 33 10.89
27 27 7.29
42 42 17.64
100 100 100.0
20 20 4.0
38 38 14.44
81 81 65.61
78 78 60.84
11 11 1.21
26 26 6.76
92 92 84.64
31 31 9.61
79 79 62.41
84 84 70.56
76 76 57.76
11 11 1.21
55 55 30.25
14 14 1.96
31 31 9.61
40 40 16.0
50 50 25.0
82 82 67.24
85 85 72.25
30 30 9.0
27 27 7.29
24 24 5.76
71 71 50.41
96 96 92.16
65 65 42.25
13 13 1.69
94 94 88.36
88 88 77.44
46 46 21.16
14 14 1.96
82 82 67.24
28 28 7.84
19 19 3.61
22 22 4.84
100 100 100.0
64 64 40.96
2 2 0.04
7 7 0.49
17 17 2.89
16 16 2.56
62 62 38.44
49 49 24.01
98 98 96.04
27 27 7.29
54 54 29.16
61 61 37.21
26 26 6.76
39 39 15.21
39 39 15.21
55 55 30.25
6 6 0.36
27 27 7.29
27 27 7.29
98 98 96.04
1 1 0.01
10 10 1.0
63 63 39.69
30 30 9.0
86 86 73.96
29 29 8.41
67 67 44.89
90 90 81.0
81 81 65.61
42 42 17.64
11 11 1.21
50 50 25.0
72 72 51.84
34 34 11.56
50 50 25.0
16 16 2.56
28 28 7.84
11 11 1.21
51 51 26.01
42 42 17.64
61 61 37.21
19 19 3.61
72 72 51.84
90 90 81.0
3 3 0.09
86 86 73.96
28 28 7.84
15 15 2.25
39 39 15.21
49 49 24.01
52 52 27.04
88 88 77.44
57 57 32.49
66 66 43.56
87 87 75.69
26 26 6.76
34 34 11.56
37 37 13.69
96 96 92.16
35 35 12.25
22 22 4.84
44 44 19.36
43 43 18.49
56 56 31.36
92 92 84.64
71 71 50.41
89 89 79.21
70 70 49.0
44 44 19.36
100 100 100.0
47 47 22.09
76 76 57.76
29 29 8.41
84 84 70.56
66 66 43.56
84 84 70.56
31 31 9.61
25 25 6.25
2 2 0.04
43 43 18.49
76 76 57.76
52 52 27.04
51 51 26.01
60 60 36.0
74 74 54.76
100 100 100.0
99 99 98.01
3 3 0.09
52 52 27.04
77 77 59.29
21 21 4.41
71 71 50.41
13 13 1.69
88 88 77.44
36 36 12.96
37 37 13.69
46 46 21.16
28 28 7.84
68 68 46.24
8 8 0.64
82 82 67.24
73 73 53.29
93 93 86.49
12 12 1.44
98 98 96.04
69 69 47.61
65 65 42.25
94 94 88.36
57 57 32.49
4 4 0.16
36 36 12.96
87 87 75.69
68 68 46.24
47 47 22.09
83 83 68.89
59 59 34.81
79 79 62.41
11 11 1.21
37 37 13.69
89 89 79.21
44 44 19.36
34 34 11.56
92 92 84.64
6 6 0.36
50 50 25.0
54 54 29.16
35 35 12.25
71 71 50.41
86 86 73.96
97 97 94.09
23 23 5.29
32 32 10.24
34 34 11.56
27 27 7.29
16 16 2.56
83 83 68.89
1 1 0.01
82 82 67.24
62 62 38.44
53 53 28.09
25 25 6.25
78 78 60.84
100 100 100.0
53 53 28.09
35 35 12.25
84 84 70.56
90 90 81.0
87 87 75.69
61 61 37.21
31 31 9.61
76 76 57.76
84 84 70.56
4 4 0.16
26 26 6.76
2 2 0.04
40 40 16.0
20 20 4.0
42 42 17.64
35 35 12.25
48 48 23.04
55 55 30.25
84 84 70.56
39 39 15.21
34 34 11.56
10 10 1.0
80 80 64.0
43 43 18.49
85 85 72.25
47 47 22.09
29 29 8.41
33 33 10.89
19 19 3.61
67 67 44.89
52 52 27.04
53 53 28.09
21 21 4.41
75 75 56.25
53 53 28.09
86 86 73.96
95 95 90.25
57 57 32.49
98 98 96.04
62 62 38.44
65 65 42.25
27 27 7.29
44 44 19.36
92 92 84.64
10 10 1.0
93 93 86.49
58 58 33.64
14 14 1.96
78 78 60.84
41 41 16.81
34 34 11.56
35 35 12.25
30 30 9.0
21 21 4.41
27 27 7.29
87 87 75.69
72 72 51.84
33 33 10.89
63 63 39.69
29 29 8.41
91 91 82.81
60 60 36.0
68 68 46.24
5 5 0.25
97 97 94.09
66 66 43.56
31 31 9.61
47 47 22.09
36 36 12.96
85 85 72.25
77 77 59.29
20 20 4.0
3 3 0.09
38 38 14.44
68 68 46.24
8 8 0.64
16 16 2.56
44 44 19.36
42 42 17.64
100 100 100.0
63 63 39.69
40 40 16.0
9 9 0.81
8 8 0.64
60 60 36.0
12 12 1.44
79 79 62.41
63 63 39.69
2 2 0.04
100 100 100.0
19 19 3.61
43 43 18.49
46 46 21.16
29 29 8.41
76 76 57.76
87 87 75.69
100 100 100.0
41 41 16.81
79 79 62.41
22 22 4.84
60 60 36.0
6 6 0.36
61 61 37.21
38 38 14.44
91 91 82.81
29 29 8.41
17 17 2.89
72 72 51.84
6 6 0.36
100 100 100.0
10 10 1.0
24 24 5.76
72 72 51.84
92 92 84.64
3 3 0.09
32 32 10.24
3 3 0.09
60 60 36.0
59 59 34.81
23 23 5.29
57 57 32.49
76 76 57.76
73 73 53.29
86 86 73.96
25 25 6.25
57 57 32.49
69 69 47.61
91 91 82.81
90 90 81.0
75 75 56.25
40 40 16.0
22 22 4.84
40 40 16.0
51 51 26.01
96 96 92.16
16 16 2.56
89 89 79.21
82 82 67.24
39 39 15.21
67 67 44.89
20 20 4.0
85 85 72.25
43 43 18.49
80 80 64.0
64 64 40.96
3 3 0.09
10 10 1.0
42 42 17.64
47 47 22.09
65 65 42.25
57 57 32.49
59 59 34.81
24 24 5.76
84 84 70.56
74 74 54.76
74 74 54.76
62 62 38.44
48 48 23.04
3 3 0.09
42 42 17.64
71 71 50.41
77 77 59.29
13 13 1.69
78 78 60.84
35 35 12.25
69 69 47.61
53 53 28.09
6 6 0.36
97 97 94.09
90 90 81.0
65 65 42.25
84 84 70.56
17 17 2.89
95 95 90.25
77 77 59.29
80 80 64.0
64 64 40.96
69 69 47.61
16 16 2.56
98 98 96.04
38 38 14.44
24 24 5.76
34 34 11.56
23 23 5.29
27 27 7.29
57 57 32.49
59 59 34.81
2 2 0.04
49 49 24.01
46 46 21.16
44 44 19.36
17 17 2.89
20 20 4.0
32 32 10.24
24 24 5.76
5 5 0.25
