400 10789 9.9499
93 83 30.3298
26 16 14.8509
76 66 10.0379
98 88 1.107
76 66 120.872
92 82 35.6475
102 92 0.9476
17 7 0.125
13 3 0.8798
96 86 21.3724
106 96 0.7554
103 93 1.5649
107 97 0.5271
45 35 123.2552
75 65 26.1057
87 77 27.1188
87 77 9.6753
67 57 108.2447
53 43 158.2183
56 46 124.281
82 72 79.0537
42 32 30.6103
18 8 0.922
13 3 0.5085
36 26 73.0426
109 99 0.0865
79 69 10.765
16 6 3.4156
85 75 51.6281
68 58 72.1929
28 18 7.5502
15 5 1.8926
67 57 41.3318
14 4 0.2476
95 85 4.4668
46 36 19.2422
68 58 157.404
110 100 0.0
42 32 67.825
72 62 13.6979
48 38 44.5433
94 84 11.03
16 6 2.0395
44 34 33.7138
76 66 10.657
79 69 81.5268
90 80 25.0096
110 100 0.0
24 14 6.2239
24 14 13.861
59 49 85.2503
67 57 142.6111
106 96 1.3139
67 57 32.6501
44 34 26.1199
65 55 63.8339
17 7 3.6801
28 18 20.009
83 73 10.2636
89 79 48.0194
76 66 52.5725
76 66 74.8887
64 54 14.3477
71 61 127.722
70 60 89.6315
12 2 0.3352
84 74 72.3874
85 75 57.6119
31 21 25.6136
87 77 50.4999
52 42 20.6964
17 7 2.0355
83 73 4.5234
110 100 0.0
98 88 1.6967
56 46 36.4724
54 44 75.2646
76 66 54.3107
94 84 3.0312
48 38 53.197
70 60 123.1312
17 7 0.7272
17 7 4.792
13 3 0.344
99 89 4.9083
75 65 113.7082
54 44 48.1898
94 84 22.6727
27 17 17.2633
20 10 2.2708
50 40 15.5895
36 26 72.4442
54 44 52.5205
15 5 0.547
38 28 54.9372
81 71 27.4715
104 94 1.5392
20 10 9.4804
25 15 1.8419
41 31 11.0769
66 56 132.7285
88 78 48.9772
102 92 5.8786
50 40 16.2685
99 89 6.1225
16 6 1.0
108 98 0.2877
26 16 24.7268
77 67 60.8548
61 51 140.3408
36 26 69.3482
66 56 96.6888
104 94 1.0704
110 100 0.0
31 21 16.7316
84 74 53.5906
76 66 1.7524
78 68 23.1644
49 39 20.2306
66 56 175.3578
19 9 7.0418
43 33 3.9337
92 82 35.9707
109 99 0.0026
59 49 101.7408
103 93 4.5163
64 54 53.6579
84 74 36.5776
38 28 10.2804
44 34 64.9092
67 57 203.5394
110 100 0.0
88 78 9.5212
76 66 98.1197
33 23 34.2801
29 19 28.4578
79 69 74.9853
50 40 156.9473
35 25 52.2107
45 35 132.4298
93 83 21.7161
29 19 34.1893
18 8 6.9751
13 3 0.4768
21 11 10.9108
110 100 0.0
28 18 19.6915
85 75 45.9549
52 42 99.6405
96 86 0.5576
79 69 51.6191
19 9 8.6954
58 48 19.3399
92 82 1.4852
80 70 27.1098
41 31 26.6896
32 22 9.9354
37 27 77.1102
107 97 0.7168
41 31 54.5077
105 95 0.3713
78 68 93.2664
28 18 18.0953
53 43 41.1137
15 5 1.8917
103 93 5.2245
62 52 181.069
82 72 50.862
43 33 66.6949
45 35 14.41
29 19 9.2069
32 22 21.9589
29 19 37.5483
103 93 0.5265
79 69 58.1177
54 44 48.3151
24 14 14.4073
21 11 8.6643
59 49 152.5789
92 82 3.6162
67 57 139.3249
99 89 11.2529
51 41 145.2839
31 21 43.2625
106 96 0.7099
58 48 90.3757
98 88 15.6536
54 44 197.4466
106 96 1.476
88 78 8.3539
25 15 22.3929
15 5 0.5243
65 55 179.9844
47 37 96.5554
48 38 78.5334
78 68 92.1685
95 85 10.2339
19 9 3.232
101 91 7.6714
48 38 99.4745
14 4 0.3343
13 3 0.3362
47 37 78.574
87 77 14.0914
35 25 61.8434
42 32 41.2495
91 81 28.3202
90 80 12.9318
40 30 95.5818
74 64 115.3875
74 64 84.4546
95 85 16.5574
56 46 27.2372
99 89 3.4072
105 95 2.0741
109 99 0.0047
79 69 63.3967
101 91 5.4554
25 15 15.7025
75 65 49.1666
84 74 42.1413
81 71 81.4588
96 86 20.8309
27 17 31.8857
70 60 4.9232
81 71 12.1241
107 97 0.8617
61 51 220.7134
40 30 49.2823
56 46 216.9677
110 100 0.0
108 98 0.2284
39 29 54.8292
55 45 24.7201
72 62 140.073
14 4 0.03
83 73 11.6029
101 91 2.5315
96 86 2.888
49 39 45.7676
58 48 28.9341
108 98 0.0855
44 34 72.7784
64 54 103.1635
82 72 81.865
100 90 0.5503
36 26 20.416
47 37 1.9211
26 16 8.9161
69 59 29.71
66 56 161.8437
70 60 61.0492
13 3 0.7205
77 67 13.6497
26 16 17.7813
65 55 49.8844
24 14 0.875
96 86 15.9281
85 75 52.4556
66 56 60.2693
87 77 23.7764
48 38 35.6386
81 71 45.014
67 57 179.5678
84 74 62.6018
101 91 4.2126
60 50 96.6033
56 46 202.1513
58 48 3.5287
40 30 71.5083
98 88 12.1747
106 96 0.3756
72 62 155.1872
36 26 13.2245
106 96 0.8491
54 44 158.9207
84 74 69.9157
64 54 190.9803
49 39 63.0512
64 54 205.3087
95 85 6.0304
76 66 26.8792
56 46 56.7663
102 92 2.1942
91 81 33.3367
63 53 221.9383
43 33 67.6254
30 20 23.8133
49 39 79.6264
27 17 14.6081
34 24 51.449
83 73 75.3034
95 85 14.9145
82 72 73.6572
94 84 22.4972
60 50 105.9619
95 85 21.4684
85 75 10.4337
40 30 1.0283
67 57 23.2705
65 55 84.417
30 20 3.6322
56 46 77.8991
93 83 17.6591
101 91 3.5903
35 25 3.7214
20 10 1.9386
101 91 8.2524
23 13 8.7661
59 49 246.8512
21 11 1.8221
15 5 0.5448
55 45 124.4355
33 23 17.5287
80 70 88.9753
106 96 1.2054
78 68 10.8605
32 22 52.9252
47 37 36.0609
106 96 0.9611
106 96 1.0307
106 96 1.3787
83 73 32.3354
103 93 3.1782
42 32 37.2193
70 60 155.6897
98 88 0.1178
30 20 21.4747
62 52 124.8235
19 9 1.524
62 52 114.2265
77 67 107.692
61 51 109.2823
24 14 19.26
89 79 39.7503
46 36 134.1094
84 74 51.2736
21 11 11.116
68 58 63.3694
66 56 214.6031
110 100 0.0
85 75 19.4182
32 22 22.8743
99 89 2.2197
75 65 35.9465
58 48 210.732
68 58 143.0507
61 51 114.5551
20 10 5.3816
50 40 8.9501
99 89 11.8094
70 60 75.5827
17 7 3.8415
80 70 17.0693
69 59 19.5771
103 93 1.953
101 91 7.8974
59 49 157.2656
49 39 157.3493
63 53 206.6805
78 68 47.1959
97 87 1.1399
98 88 6.3885
90 80 34.8605
81 71 88.5407
69 59 15.9974
102 92 6.927
51 41 97.456
55 45 18.2928
46 36 59.4791
54 44 65.3932
51 41 108.5279
96 86 4.0413
33 23 25.2098
20 10 1.8381
65 55 67.2444
80 70 56.6842
34 24 1.8501
61 51 27.3756
78 68 32.1532
95 85 5.5001
83 73 73.4951
44 34 41.4144
62 52 59.1235
102 92 6.4702
38 28 49.4186
50 40 141.8994
104 94 2.2253
85 75 54.9401
41 31 2.5112
97 87 6.1152
20 10 0.4878
66 56 67.0744
25 15 11.1576
90 80 38.7054
25 15 4.9912
57 47 214.2512
88 78 45.4974
22 12 11.3814
89 79 30.3149
