100 2401 4.3589
15 5 0.1241
42 32 7.0522
20 10 0.7695
26 16 1.545
16 6 0.2631
41 31 4.9506
17 7 0.2833
106 96 46.7131
100 90 28.9068
29 19 1.8665
33 23 2.5138
92 82 24.0129
57 47 9.8766
107 97 63.5512
94 84 49.9877
52 42 16.9991
32 22 2.1483
45 35 3.343
35 25 2.1342
103 93 32.2079
50 40 7.4251
77 67 32.0854
45 35 8.8049
14 4 0.1255
101 91 26.4566
25 15 1.6716
108 98 32.1659
94 84 42.2253
43 33 7.1081
54 44 11.3232
61 51 18.5236
73 63 16.6391
95 85 52.3611
61 51 25.3865
103 93 33.4142
84 74 38.9701
104 94 51.1225
87 77 46.7924
36 26 4.9827
11 1 0.0051
15 5 0.1185
26 16 2.2419
108 98 27.3435
90 80 22.69
96 86 57.9304
74 64 20.3049
100 90 57.7235
82 72 34.0344
30 20 3.1638
24 14 0.5149
100 90 45.016
57 47 9.2021
40 30 8.163
43 33 2.9231
21 11 0.7085
91 81 60.3853
37 27 2.0346
12 2 0.0109
105 95 52.93
98 88 27.871
110 100 78.3243
37 27 3.5642
24 14 1.822
16 6 0.2454
86 76 35.837
81 71 16.0152
68 58 21.6737
64 54 10.6087
70 60 32.9338
85 75 28.0889
68 58 22.7853
41 31 6.1256
39 29 2.8207
74 64 14.895
67 57 26.2124
87 77 34.8737
70 60 11.045
53 43 11.4535
11 1 0.0031
21 11 0.3378
20 10 0.9934
76 66 23.0102
15 5 0.1095
55 45 16.6423
28 18 0.8785
18 8 0.4758
52 42 16.5714
62 52 16.7535
64 54 23.6109
81 71 31.6969
82 72 27.3738
86 76 45.4977
59 49 11.804
57 47 10.1544
43 33 4.2799
23 13 0.944
28 18 2.0523
92 82 43.0126
31 21 4.2969
21 11 0.5301
