100 2652 9.9499
11 11 1.21
67 67 44.89
95 95 90.25
18 18 3.24
89 89 79.21
76 76 57.76
80 80 64.0
27 27 7.29
82 82 67.24
91 91 82.81
97 97 94.09
22 22 4.84
28 28 7.84
26 26 6.76
16 16 2.56
29 29 8.41
9 9 0.81
49 49 24.01
77 77 59.29
98 98 96.04
37 37 13.69
83 83 68.89
67 67 44.89
96 96 92.16
65 65 42.25
42 42 17.64
33 33 10.89
65 65 42.25
38 38 14.44
81 81 65.61
58 58 33.64
62 62 38.44
48 48 23.04
54 54 29.16
66 66 43.56
55 55 30.25
15 15 2.25
14 14 1.96
87 87 75.69
69 69 47.61
76 76 57.76
7 7 0.49
71 71 50.41
46 46 21.16
7 7 0.49
6 6 0.36
65 65 42.25
8 8 0.64
93 93 86.49
90 90 81.0
9 9 0.81
85 85 72.25
77 77 59.29
97 97 94.09
79 79 62.41
38 38 14.44
53 53 28.09
24 24 5.76
1 1 0.01
91 91 82.81
76 76 57.76
60 60 36.0
31 31 9.61
66 66 43.56
57 57 32.49
77 77 59.29
39 39 15.21
28 28 7.84
21 21 4.41
82 82 67.24
41 41 16.81
69 69 47.61
82 82 67.24
62 62 38.44
64 64 40.96
52 52 27.04
19 19 3.61
57 57 32.49
36 36 12.96
46 46 21.16
8 8 0.64
14 14 1.96
10 10 1.0
8 8 0.64
95 95 90.25
7 7 0.49
30 30 9.0
83 83 68.89
85 85 72.25
78 78 60.84
85 85 72.25
68 68 46.24
77 77 59.29
98 98 96.04
79 79 62.41
28 28 7.84
44 44 19.36
46 46 21.16
49 49 24.01
3 3 0.09
