100 2509 4.3589
6 6 0.36
41 41 16.81
8 8 0.64
60 60 36.0
62 62 38.44
59 59 34.81
98 98 96.04
13 13 1.69
13 13 1.69
81 81 65.61
33 33 10.89
30 30 9.0
9 9 0.81
27 27 7.29
78 78 60.84
47 47 22.09
59 59 34.81
28 28 7.84
85 85 72.25
3 3 0.09
83 83 68.89
37 37 13.69
28 28 7.84
31 31 9.61
62 62 38.44
4 4 0.16
56 56 31.36
78 78 60.84
69 69 47.61
55 55 30.25
90 90 81.0
8 8 0.64
30 30 9.0
40 40 16.0
58 58 33.64
30 30 9.0
73 73 53.29
95 95 90.25
26 26 6.76
43 43 18.49
49 49 24.01
75 75 56.25
71 71 50.41
50 50 25.0
51 51 26.01
94 94 88.36
51 51 26.01
25 25 6.25
36 36 12.96
8 8 0.64
94 94 88.36
66 66 43.56
69 69 47.61
86 86 73.96
72 72 51.84
38 38 14.44
26 26 6.76
25 25 6.25
32 32 10.24
69 69 47.61
3 3 0.09
84 84 70.56
88 88 77.44
72 72 51.84
58 58 33.64
60 60 36.0
27 27 7.29
96 96 92.16
11 11 1.21
69 69 47.61
28 28 7.84
4 4 0.16
100 100 100.0
8 8 0.64
41 41 16.81
2 2 0.04
76 76 57.76
99 99 98.01
62 62 38.44
17 17 2.89
93 93 86.49
54 54 29.16
75 75 56.25
31 31 9.61
57 57 32.49
9 9 0.81
51 51 26.01
82 82 67.24
71 71 50.41
22 22 4.84
35 35 12.25
96 96 92.16
61 61 37.21
84 84 70.56
96 96 92.16
4 4 0.16
95 95 90.25
29 29 8.41
37 37 13.69
8 8 0.64
