400 10129 4.3589
53 43 202.2356
58 48 161.0137
84 74 61.9312
38 28 75.543
33 23 49.3332
59 49 54.4331
64 54 65.2633
53 43 199.8651
45 35 88.5863
16 6 2.817
72 62 113.1416
16 6 0.9319
31 21 36.1987
56 46 194.9175
86 76 49.3017
44 34 72.874
45 35 9.9325
88 78 37.2341
48 38 102.5353
60 50 186.2571
28 18 7.1697
23 13 15.9866
46 36 80.1297
41 31 74.2012
110 100 0.0
51 41 90.3322
80 70 66.3418
71 61 78.3038
93 83 7.7839
74 64 86.5708
107 97 0.2355
34 24 57.4108
108 98 0.0292
76 66 73.5906
17 7 3.5612
36 26 4.1483
45 35 131.1087
33 23 47.2546
110 100 0.0
101 91 4.1178
22 12 12.6825
87 77 42.3625
86 76 57.8274
56 46 178.7901
21 11 0.7186
38 28 77.2129
46 36 109.6531
109 99 0.0026
42 32 104.7497
64 54 211.1865
59 49 49.7874
92 82 24.72
82 72 24.7089
32 22 39.0404
23 13 17.1981
41 31 39.2211
67 57 102.0609
36 26 32.771
35 25 0.951
98 88 13.8438
106 96 0.4645
40 30 8.9097
20 10 8.7896
43 33 10.5684
19 9 8.9398
78 68 4.3732
92 82 15.5141
43 33 38.1137
15 5 1.2377
44 34 12.944
107 97 0.5973
22 12 6.847
107 97 0.0501
30 20 24.7442
19 9 6.5617
30 20 14.6401
92 82 22.6239
56 46 58.1645
18 8 3.1765
95 85 17.8145
110 100 0.0
93 83 15.8987
34 24 21.7155
108 98 0.0479
15 5 0.2323
53 43 155.7152
74 64 67.5369
43 33 5.0594
90 80 28.3511
15 5 1.7081
101 91 6.8976
42 32 47.7279
78 68 64.095
46 36 122.874
91 81 16.9935
53 43 165.3249
37 27 2.7446
88 78 20.5773
72 62 29.3995
34 24 58.8562
40 30 33.1919
19 9 2.1066
95 85 21.658
101 91 6.9285
101 91 8.4375
40 30 22.6742
105 95 0.1858
87 77 6.8944
89 79 24.0484
22 12 0.8287
69 59 45.3698
80 70 35.4989
86 76 2.5725
67 57 160.2659
20 10 4.0107
37 27 59.9436
75 65 100.1225
63 53 13.5472
109 99 0.0222
36 26 17.3424
56 46 159.9807
55 45 35.7412
64 54 106.6451
66 56 25.0714
99 89 9.7416
63 53 71.7019
108 98 0.1975
96 86 11.3841
17 7 0.0508
14 4 1.4831
12 2 0.3029
55 45 27.9581
109 99 0.028
19 9 4.4545
59 49 154.3644
78 68 14.2999
96 86 6.3796
76 66 46.6744
28 18 9.9629
59 49 202.0729
88 78 33.6766
36 26 2.5567
73 63 9.2621
33 23 25.2536
25 15 5.1354
69 59 85.6923
13 3 0.1452
69 59 135.1197
31 21 39.9338
36 26 10.9538
70 60 16.7212
37 27 0.0251
97 87 2.8499
53 43 109.8833
43 33 87.1802
99 89 2.2893
82 72 34.9979
87 77 42.6222
28 18 2.4923
74 64 90.4662
74 64 33.7511
42 32 57.1665
22 12 10.591
110 100 0.0
58 48 157.4627
12 2 0.3481
84 74 24.5971
92 82 27.4027
73 63 62.5846
110 100 0.0
28 18 8.594
72 62 135.6057
81 71 83.4003
59 49 37.3742
103 93 3.7127
37 27 1.091
86 76 63.1045
23 13 15.3341
39 29 81.1672
58 48 229.0987
51 41 42.4273
81 71 90.1788
42 32 82.4267
93 83 0.3018
86 76 14.0792
43 33 25.5717
107 97 0.7715
11 1 0.0232
55 45 218.7803
23 13 4.5261
109 99 0.0929
23 13 12.8071
33 23 7.9993
56 46 69.5728
28 18 34.9168
66 56 126.553
55 45 163.6719
41 31 97.4863
53 43 60.9768
28 18 11.5715
35 25 17.5845
74 64 16.2782
38 28 66.5527
73 63 115.9391
102 92 5.6082
101 91 0.0145
32 22 35.3725
99 89 10.026
102 92 3.8146
60 50 146.8302
35 25 66.9885
109 99 0.0887
18 8 4.7673
83 73 74.2309
26 16 15.799
48 38 37.8857
41 31 89.1412
61 51 78.9578
57 47 189.3763
78 68 6.1849
38 28 25.7907
51 41 104.4128
44 34 120.7434
106 96 0.9703
63 53 108.6191
37 27 36.6991
99 89 11.9176
15 5 0.1193
62 52 100.2463
73 63 25.5459
76 66 47.2278
43 33 81.6303
39 29 63.4867
20 10 6.7116
92 82 26.1549
107 97 0.5909
77 67 42.8753
70 60 44.0455
67 57 62.6848
19 9 2.4565
34 24 0.7097
17 7 1.9542
45 35 122.5446
42 32 88.81
52 42 51.0636
14 4 1.3471
19 9 6.2109
103 93 3.0646
60 50 35.6598
40 30 49.8311
90 80 2.5679
65 55 188.7488
44 34 62.0343
60 50 9.779
16 6 1.2619
25 15 9.9723
24 14 18.2194
12 2 0.0174
60 50 128.1505
75 65 71.9532
100 90 1.1246
96 86 19.2593
38 28 51.7477
90 80 2.5804
75 65 118.6078
49 39 111.2775
108 98 0.306
36 26 12.1596
47 37 148.8853
20 10 6.2484
17 7 4.9627
73 63 58.1213
110 100 0.0
82 72 61.6355
80 70 19.7895
21 11 11.6645
100 90 1.0241
40 30 14.1168
94 84 12.8124
20 10 8.9605
25 15 2.4849
96 86 15.0725
99 89 8.5733
31 21 11.2797
90 80 13.1264
99 89 3.1119
48 38 42.8292
97 87 10.3936
102 92 1.2749
67 57 2.6466
65 55 134.9882
101 91 0.9024
102 92 3.6047
74 64 12.4778
109 99 0.0033
40 30 18.0444
95 85 12.6323
26 16 10.5795
24 14 18.2551
26 16 13.6755
88 78 21.4903
12 2 0.3856
47 37 111.23
69 59 66.7858
30 20 33.5334
75 65 132.2503
78 68 74.4205
42 32 57.2199
84 74 63.7181
39 29 52.7883
21 11 5.4943
71 61 96.9513
68 58 138.7365
49 39 23.0205
62 52 128.2886
60 50 257.669
93 83 28.3684
99 89 12.3486
98 88 6.2303
78 68 81.4982
34 24 40.3577
29 19 32.2835
70 60 51.0871
107 97 0.6126
27 17 10.7819
62 52 132.9058
97 87 1.5561
26 16 8.7604
65 55 89.9017
94 84 14.0744
33 23 17.3486
24 14 9.9288
92 82 32.7011
109 99 0.0081
110 100 0.0
101 91 8.4462
109 99 0.0816
71 61 118.0699
16 6 3.0741
46 36 17.2606
90 80 33.4242
83 73 33.9959
46 36 99.748
47 37 42.5702
26 16 18.3259
96 86 4.0719
106 96 0.9274
110 100 0.0
69 59 102.6361
93 83 3.9566
81 71 41.1454
32 22 15.4118
12 2 0.22
87 77 38.1424
49 39 63.808
76 66 39.2131
39 29 55.7422
70 60 151.5893
76 66 122.4169
94 84 22.9144
87 77 8.3522
33 23 10.9088
98 88 0.8605
26 16 6.9109
78 68 64.1294
78 68 20.0794
21 11 5.0487
43 33 16.7401
73 63 64.1312
98 88 12.4664
56 46 121.7372
68 58 82.0422
19 9 2.3453
104 94 2.6373
63 53 66.2024
101 91 7.1185
50 40 134.2525
90 80 40.8191
50 40 94.2636
73 63 68.927
12 2 0.4146
42 32 37.6351
30 20 23.1891
50 40 76.6434
57 47 96.4786
35 25 6.1386
93 83 21.0685
49 39 144.1937
64 54 194.3954
29 19 33.2493
86 76 44.7246
18 8 3.14
47 37 64.4772
101 91 8.4818
29 19 25.946
72 62 101.1618
88 78 8.9857
19 9 6.822
42 32 11.0539
59 49 202.0033
