400 9781 4.3589
97 87 8.2206
37 27 29.0085
99 89 6.1784
17 7 4.327
56 46 149.3643
14 4 0.8961
50 40 139.4202
99 89 11.7871
79 69 26.2705
56 46 31.506
62 52 147.1635
28 18 19.5355
33 23 30.7679
24 14 0.6632
48 38 67.334
51 41 73.8055
12 2 0.0496
37 27 70.5389
86 76 53.0104
87 77 22.2303
13 3 0.7245
49 39 97.6512
85 75 69.2891
23 13 5.9263
82 72 83.7738
99 89 6.448
75 65 47.5111
57 47 205.2096
93 83 3.2385
81 71 46.874
74 64 81.86
82 72 6.6406
97 87 4.2846
94 84 18.865
37 27 55.1228
105 95 0.8599
110 100 0.0
109 99 0.0355
14 4 1.6283
22 12 2.8978
72 62 59.4576
50 40 165.7713
29 19 21.7158
70 60 169.8072
12 2 0.1101
74 64 68.4579
110 100 0.0
72 62 62.5447
49 39 92.2459
93 83 19.0194
94 84 19.2015
14 4 1.7175
102 92 2.0248
93 83 18.3892
102 92 4.6016
12 2 0.0646
103 93 4.0721
22 12 3.5488
29 19 38.8753
48 38 105.8554
91 81 31.9632
56 46 126.029
17 7 1.5831
76 66 71.3764
88 78 30.6892
32 22 5.3454
86 76 36.7106
13 3 0.1432
62 52 223.4972
12 2 0.0202
16 6 1.7927
99 89 10.2377
47 37 55.1234
27 17 10.4573
54 44 40.9843
97 87 18.7649
110 100 0.0
24 14 15.0234
91 81 31.8826
16 6 0.7154
86 76 11.8222
42 32 2.7739
49 39 0.7083
95 85 2.5516
89 79 29.6477
27 17 12.7133
45 35 86.0961
98 88 9.5761
21 11 9.6752
45 35 1.4502
51 41 105.8652
61 51 49.9947
104 94 1.7449
78 68 12.8558
24 14 9.8639
22 12 14.7652
12 2 0.3851
88 78 18.3184
28 18 15.8086
86 76 44.9824
110 100 0.0
70 60 88.9968
69 59 112.342
110 100 0.0
15 5 1.9103
53 43 76.9097
20 10 4.3325
46 36 19.1892
98 88 7.8173
83 73 70.2829
13 3 0.5591
13 3 0.3065
73 63 140.7833
63 53 127.5155
94 84 2.2275
48 38 40.4258
51 41 1.3352
94 84 18.3954
76 66 36.8877
57 47 36.841
42 32 41.7329
101 91 6.0768
107 97 0.1689
91 81 20.9302
32 22 2.4628
80 70 0.5278
89 79 17.4192
103 93 4.8539
83 73 75.1944
55 45 214.9882
39 29 34.1192
87 77 29.0401
67 57 91.9451
32 22 20.4544
65 55 32.0949
11 1 0.0538
57 47 192.9088
68 58 102.2746
68 58 104.1477
92 82 11.8511
54 44 31.7311
76 66 67.829
27 17 19.1732
85 75 28.0424
62 52 164.2228
41 31 77.3595
11 1 0.0206
44 34 114.5394
85 75 47.7944
43 33 58.8813
46 36 14.5725
32 22 37.7647
95 85 19.8238
62 52 108.1131
24 14 4.636
13 3 0.5918
49 39 134.9261
24 14 19.2869
85 75 64.8448
17 7 0.6624
76 66 25.9214
16 6 3.7568
29 19 7.5971
36 26 2.7074
78 68 96.2506
50 40 121.609
63 53 193.4429
101 91 6.6029
93 83 23.965
48 38 144.7545
21 11 4.0176
59 49 129.9271
23 13 2.1276
64 54 161.5929
42 32 24.1962
38 28 85.3688
91 81 12.7225
107 97 0.1344
71 61 154.0212
49 39 127.4357
18 8 4.153
63 53 34.3088
34 24 4.2756
64 54 187.1877
109 99 0.0352
106 96 0.8701
44 34 5.5056
38 28 42.6261
64 54 233.2971
49 39 134.7563
101 91 3.75
107 97 0.4084
92 82 8.7266
101 91 6.3277
54 44 36.4641
98 88 2.9091
64 54 196.4037
11 1 0.1014
101 91 6.6991
46 36 34.0148
48 38 119.1206
31 21 8.4426
55 45 197.0562
52 42 83.6342
24 14 19.9171
44 34 74.4662
14 4 0.967
71 61 132.3308
84 74 12.8858
56 46 5.0666
101 91 8.6279
84 74 30.2581
50 40 32.8797
102 92 2.4689
79 69 39.9247
82 72 59.7058
35 25 57.7011
58 48 3.0184
73 63 115.3483
36 26 11.9719
29 19 20.3379
22 12 6.6113
77 67 94.2311
23 13 10.4927
31 21 38.0817
47 37 7.1274
77 67 86.9708
20 10 2.3489
44 34 0.9309
91 81 38.9936
68 58 112.887
88 78 51.2018
55 45 208.8533
55 45 155.3762
18 8 5.9195
95 85 7.2204
58 48 238.4657
64 54 41.8263
11 1 0.0254
62 52 141.9297
36 26 30.5272
27 17 27.9398
87 77 51.7516
33 23 5.0044
24 14 13.1148
69 59 71.3162
21 11 13.3317
52 42 177.7453
46 36 130.8917
41 31 83.8036
50 40 130.665
26 16 11.1968
108 98 0.2555
99 89 7.5358
90 80 2.8882
39 29 86.0315
91 81 23.6669
63 53 162.7795
79 69 30.2662
64 54 148.7487
27 17 18.8314
77 67 95.8339
97 87 7.2363
103 93 1.6918
84 74 46.2509
42 32 69.5087
96 86 0.192
15 5 0.6125
88 78 26.9021
48 38 82.4398
94 84 18.6258
67 57 159.5081
94 84 0.067
81 71 53.341
55 45 166.753
49 39 27.0882
88 78 3.7365
39 29 14.4985
75 65 65.7522
41 31 44.841
28 18 4.026
105 95 0.8257
84 74 5.5529
13 3 0.0547
13 3 0.8185
12 2 0.0205
32 22 40.5066
29 19 26.1291
18 8 0.1549
104 94 3.4615
102 92 6.7928
31 21 31.8902
81 71 53.617
106 96 1.7496
50 40 134.8102
43 33 75.9391
28 18 14.3983
67 57 72.3998
33 23 15.671
46 36 108.772
24 14 20.5176
95 85 9.664
37 27 43.1716
31 21 22.9747
37 27 13.6423
12 2 0.4118
27 17 7.4776
47 37 64.3218
81 71 52.5858
69 59 91.5471
44 34 35.7002
39 29 50.083
23 13 11.5548
28 18 29.01
11 1 0.0018
98 88 4.2593
77 67 103.984
86 76 55.2553
75 65 41.6811
34 24 9.2938
106 96 0.9651
21 11 2.9225
13 3 0.9571
57 47 18.4641
17 7 1.8318
36 26 68.0915
68 58 150.1408
98 88 2.3832
48 38 148.7402
11 1 0.1037
22 12 13.1782
32 22 50.1842
73 63 138.5288
102 92 2.3727
101 91 5.9916
49 39 7.0087
34 24 26.8908
88 78 9.0266
55 45 25.4621
110 100 0.0
95 85 24.302
108 98 0.3137
45 35 69.8327
108 98 0.2155
85 75 22.7543
49 39 101.8929
88 78 45.5679
20 10 7.692
83 73 58.1763
43 33 7.0345
75 65 122.7162
41 31 21.907
107 97 0.6211
20 10 1.4594
17 7 3.2048
58 48 158.8354
42 32 61.239
15 5 0.0868
110 100 0.0
71 61 32.6101
62 52 143.4799
94 84 13.146
70 60 152.9121
79 69 17.9287
24 14 21.5478
31 21 10.3013
67 57 105.9018
94 84 2.0051
107 97 0.182
81 71 67.6676
106 96 0.9325
99 89 7.2501
16 6 0.1814
21 11 11.9191
93 83 23.5041
22 12 4.4613
95 85 5.1855
58 48 210.4339
33 23 35.5157
41 31 102.1653
109 99 0.0776
95 85 19.6489
15 5 0.6543
70 60 14.9813
48 38 65.0297
61 51 187.7579
104 94 2.4656
75 65 77.3378
60 50 153.4535
22 12 7.8481
11 1 0.0835
82 72 79.5545
14 4 0.9112
25 15 0.9927
87 77 15.6114
46 36 11.66
23 13 0.761
17 7 1.3531
22 12 15.6098
37 27 44.2931
