400 10126 4.3589
15 5 0.952
77 67 108.3412
38 28 62.1801
36 26 68.5858
46 36 28.4982
50 40 29.2235
110 100 0.0
102 92 6.653
46 36 131.6815
107 97 0.2422
48 38 35.4883
62 52 4.6069
32 22 41.0497
90 80 39.5828
11 1 0.0928
41 31 17.4877
83 73 54.0798
85 75 10.2489
56 46 125.8287
41 31 75.8553
99 89 11.807
110 100 0.0
92 82 25.9932
21 11 9.5974
39 29 50.9767
29 19 5.0501
43 33 98.8147
58 48 186.8686
72 62 23.6188
37 27 38.4267
34 24 44.2989
46 36 75.0816
77 67 119.1359
100 90 9.0616
18 8 3.9799
18 8 0.0299
24 14 16.3706
94 84 17.3826
25 15 14.8264
76 66 55.4154
44 34 14.6948
16 6 1.6905
85 75 51.9634
101 91 8.5086
12 2 0.2567
50 40 89.0575
28 18 20.4592
29 19 1.4986
90 80 1.4016
34 24 17.9275
48 38 23.3554
98 88 15.5294
104 94 0.6179
19 9 2.3345
46 36 85.0541
57 47 10.203
59 49 160.365
105 95 0.7931
38 28 76.1898
13 3 0.1057
80 70 50.1411
84 74 34.96
31 21 38.2493
96 86 19.421
18 8 2.6191
62 52 198.8603
75 65 82.1661
76 66 41.8434
25 15 11.5358
69 59 175.7764
47 37 76.093
15 5 2.3721
19 9 5.3521
29 19 23.3517
39 29 7.3455
67 57 85.3099
41 31 72.6139
82 72 9.9988
51 41 156.0054
109 99 0.0606
13 3 0.9466
43 33 41.4422
99 89 10.2696
24 14 0.8968
42 32 58.5498
97 87 6.4523
104 94 2.8707
17 7 0.0688
69 59 32.8729
14 4 0.7845
110 100 0.0
93 83 23.6489
49 39 4.1696
85 75 6.0987
94 84 10.2114
43 33 6.7193
98 88 12.8347
82 72 57.3217
84 74 66.1382
87 77 9.1538
57 47 72.7597
75 65 109.9387
44 34 9.5197
20 10 8.3071
36 26 5.0607
39 29 47.0399
50 40 148.0435
82 72 73.448
107 97 0.897
96 86 1.2741
50 40 51.7191
30 20 18.3702
48 38 83.0109
104 94 1.5586
84 74 35.3362
91 81 31.1663
60 50 243.2277
50 40 19.5364
38 28 6.3296
19 9 8.753
90 80 32.2831
25 15 19.1454
32 22 35.5778
17 7 4.1413
31 21 30.525
107 97 0.5743
47 37 32.931
26 16 11.8521
11 1 0.0039
69 59 9.459
93 83 30.7228
56 46 5.5236
33 23 55.7881
88 78 42.3683
102 92 6.307
74 64 90.6253
106 96 0.3991
21 11 1.5835
97 87 2.3967
76 66 82.4341
23 13 5.8828
11 1 0.0994
104 94 2.4281
73 63 59.337
42 32 96.6671
106 96 1.2918
33 23 14.7584
69 59 128.9831
49 39 66.0622
34 24 59.8789
60 50 155.5823
23 13 6.2333
25 15 1.0917
19 9 2.8471
24 14 12.9454
53 43 196.5909
90 80 38.1195
102 92 1.9755
55 45 44.2659
88 78 42.4344
22 12 11.6047
71 61 56.0455
24 14 2.9705
75 65 75.1084
101 91 6.9428
33 23 18.1377
26 16 21.7124
19 9 2.5496
27 17 5.1555
87 77 14.4116
86 76 3.5668
87 77 24.579
55 45 209.3075
91 81 26.3936
87 77 41.6585
18 8 0.8428
11 1 0.0695
35 25 34.8653
100 90 0.5592
27 17 11.221
45 35 5.1969
102 92 6.8412
53 43 193.1014
29 19 20.9386
22 12 12.9464
57 47 26.2767
110 100 0.0
38 28 70.6761
68 58 163.5483
65 55 181.8748
37 27 0.7875
59 49 60.8664
101 91 8.7318
31 21 9.6462
82 72 34.8903
32 22 15.1734
100 90 6.3728
55 45 223.9369
58 48 220.0287
104 94 3.236
63 53 236.4707
104 94 1.8256
96 86 3.172
33 23 8.657
12 2 0.3711
50 40 106.6228
40 30 6.213
92 82 2.051
75 65 24.5427
58 48 88.1385
66 56 15.3508
52 42 7.6161
23 13 1.4852
36 26 70.9597
78 68 39.5074
66 56 147.5361
24 14 5.0146
59 49 50.3792
51 41 103.4402
92 82 5.9736
81 71 27.7736
46 36 35.747
99 89 2.8918
39 29 70.9665
82 72 15.3597
110 100 0.0
62 52 78.616
34 24 51.125
85 75 3.2357
67 57 175.7941
99 89 0.9425
93 83 2.797
104 94 0.6452
95 85 5.5393
35 25 67.7637
91 81 22.3754
53 43 95.4192
96 86 6.5303
58 48 18.9444
44 34 87.3063
43 33 41.5713
59 49 228.8979
16 6 2.7263
69 59 7.3738
17 7 0.2799
54 44 172.8437
79 69 103.4082
44 34 72.8452
74 64 25.0164
36 26 25.7343
92 82 11.6325
28 18 22.972
87 77 14.0218
75 65 112.8278
41 31 72.8751
76 66 21.0056
94 84 26.4191
30 20 3.0907
82 72 10.0947
61 51 255.3548
21 11 11.0364
101 91 3.9297
89 79 39.1812
97 87 17.8053
72 62 23.5327
94 84 8.4713
18 8 7.0259
107 97 0.1277
110 100 0.0
88 78 49.7257
41 31 43.4422
27 17 27.9125
50 40 161.3353
22 12 10.1394
109 99 0.105
102 92 1.123
85 75 19.7447
100 90 5.9653
66 56 179.0927
75 65 107.5466
26 16 20.2377
53 43 20.1785
78 68 59.1897
48 38 120.2509
22 12 14.6715
11 1 0.0381
72 62 62.8611
43 33 40.6422
97 87 4.0736
13 3 0.8514
57 47 1.4285
68 58 40.141
25 15 0.5763
58 48 210.9806
22 12 5.4046
91 81 17.285
31 21 47.8514
102 92 1.4525
72 62 72.5262
62 52 108.5595
36 26 28.304
43 33 84.9297
27 17 17.2875
51 41 87.8631
27 17 22.0143
92 82 27.2946
59 49 15.521
43 33 65.7307
27 17 2.5141
106 96 0.1476
50 40 49.9401
15 5 2.3505
78 68 49.3421
87 77 39.1091
80 70 36.1271
63 53 151.4372
37 27 5.6373
94 84 24.6145
30 20 39.4054
106 96 1.6827
39 29 37.1763
74 64 127.5309
79 69 60.9459
105 95 2.4214
76 66 80.5513
108 98 0.4112
53 43 20.7237
75 65 135.0155
48 38 148.3779
105 95 1.4116
72 62 110.4998
57 47 105.3561
18 8 1.1146
105 95 1.0664
74 64 107.3198
100 90 7.9577
92 82 6.4351
36 26 19.1644
45 35 24.9484
23 13 3.8937
42 32 5.7089
39 29 40.4167
102 92 2.4073
57 47 9.364
74 64 133.7627
49 39 44.3598
55 45 12.2129
47 37 106.3115
71 61 27.0648
90 80 6.0474
41 31 65.8082
78 68 75.125
96 86 2.3793
103 93 1.939
11 1 0.0779
107 97 0.0819
59 49 180.647
105 95 1.9588
62 52 49.9378
108 98 0.3374
104 94 0.8095
23 13 8.4961
24 14 16.5011
81 71 28.1488
48 38 46.4008
66 56 208.4236
74 64 80.3548
44 34 123.7202
59 49 195.2919
103 93 3.7654
105 95 0.3646
105 95 2.6668
23 13 18.3622
49 39 145.9155
89 79 1.3987
26 16 20.3604
87 77 42.1697
71 61 124.7934
61 51 199.6226
93 83 1.9723
107 97 0.4891
54 44 50.8901
61 51 25.5811
11 1 0.0546
45 35 42.9465
21 11 7.2836
44 34 63.2855
17 7 4.3496
26 16 0.6495
24 14 1.5509
101 91 4.9975
40 30 52.8092
16 6 1.0726
70 60 150.1004
104 94 1.9329
58 48 53.9254
44 34 65.7155
14 4 0.2575
93 83 29.5554
91 81 7.3374
