100 2661 9.9499
83 73 28.8369
108 98 30.1423
102 92 24.682
105 95 36.5565
107 97 43.5758
88 78 37.6615
55 45 55.2807
64 54 56.289
29 19 87.9113
35 25 76.0524
102 92 36.6049
106 96 20.4711
30 20 78.2889
36 26 73.3815
72 62 58.7308
75 65 42.3788
46 36 57.7661
68 58 48.0249
21 11 90.1341
56 46 47.8504
24 14 82.9411
92 82 45.301
65 55 63.9536
88 78 41.2228
43 33 73.8207
83 73 30.8192
105 95 29.2908
101 91 32.7985
86 76 25.8511
35 25 83.2456
55 45 67.3302
53 43 59.9819
49 39 50.1859
97 87 36.4417
63 53 54.9526
17 7 93.6656
33 23 79.7056
61 51 62.9103
44 34 67.2958
99 89 31.635
92 82 24.6294
110 100 54.1122
57 47 57.9958
65 55 42.6043
14 4 95.1932
11 1 98.6943
97 87 57.1188
85 75 30.8714
36 26 81.1405
105 95 22.7806
100 90 34.3255
59 49 67.728
50 40 54.1696
69 59 52.8776
27 17 88.313
18 8 93.4799
51 41 57.4034
107 97 38.1109
76 66 53.7392
103 93 36.4297
48 38 67.0122
53 43 68.9199
107 97 17.3956
37 27 85.3979
19 9 88.3656
18 8 91.0288
94 84 23.964
31 21 81.5463
23 13 90.1284
83 73 61.5315
84 74 30.6816
25 15 90.9048
24 14 89.8097
66 56 55.3387
67 57 36.0084
74 64 56.5023
64 54 39.045
19 9 92.9142
43 33 67.9503
109 99 28.645
59 49 42.6004
24 14 88.0444
36 26 64.1217
70 60 53.7201
90 80 51.0725
76 66 33.1707
103 93 15.1329
31 21 80.7176
39 29 67.6276
47 37 68.8933
59 49 55.2465
41 31 71.9308
30 20 88.5368
73 63 61.3982
88 78 47.6307
40 30 81.0234
109 99 12.3173
53 43 61.4374
86 76 59.1607
67 57 57.0992
