100 2247 9.9499
63 53 48.7972
41 31 73.0598
62 52 60.8931
13 3 97.5749
69 59 49.0448
62 52 55.4265
66 56 57.3094
49 39 57.8923
59 49 41.4401
29 19 76.4698
64 54 40.2159
39 29 76.0977
98 88 33.9295
17 7 92.7735
49 39 69.4939
61 51 50.7115
66 56 56.9451
24 14 88.6272
55 45 76.2356
104 94 29.0327
61 51 64.4745
52 42 71.5141
84 74 38.7357
15 5 94.457
38 28 72.0699
96 86 27.285
28 18 83.2237
41 31 76.3055
43 33 71.6325
15 5 95.3865
37 27 74.7654
101 91 40.9766
34 24 68.1929
55 45 63.599
38 28 67.3762
54 44 68.8568
75 65 65.6343
84 74 49.8182
30 20 81.3027
71 61 47.541
95 85 57.6263
96 86 42.3007
38 28 74.0804
39 29 71.2285
71 61 48.9007
67 57 46.7049
24 14 88.7534
39 29 64.4472
100 90 38.6063
56 46 43.2872
61 51 55.913
72 62 56.3746
83 73 34.0601
106 96 43.835
53 43 64.9056
17 7 93.9387
24 14 83.1616
83 73 56.9814
11 1 99.0423
74 64 31.6969
26 16 83.5542
107 97 17.4398
11 1 99.0881
56 46 52.9489
71 61 53.7304
19 9 90.385
43 33 58.5041
39 29 69.3656
90 80 38.5504
24 14 82.0148
83 73 47.8753
19 9 89.9311
62 52 55.4102
36 26 68.0081
89 79 42.6383
27 17 88.097
109 99 6.6765
61 51 47.6086
37 27 85.8921
18 8 94.8773
25 15 80.8866
99 89 43.4558
38 28 72.8582
21 11 89.95
54 44 68.7722
37 27 84.243
102 92 28.5338
38 28 71.9392
21 11 86.6817
107 97 42.9484
45 35 76.7516
28 18 86.3115
55 45 57.8649
105 95 27.7339
62 52 44.2451
37 27 79.6306
94 84 40.96
78 68 33.4246
15 5 96.5562
55 45 46.4401
