900 22318 9.9499
44 34 7.4026
74 64 63.5121
76 66 123.1436
34 24 34.6592
59 49 158.9156
56 46 177.0232
48 38 155.1647
30 20 32.9604
49 39 67.7587
36 26 26.4309
33 23 43.0989
57 47 13.9768
92 82 16.6961
26 16 12.4077
59 49 44.1876
95 85 4.3951
110 100 0.0
33 23 5.1244
69 59 82.1133
107 97 0.8218
27 17 24.1956
40 30 76.2021
41 31 65.6323
49 39 75.2723
30 20 24.1275
70 60 35.9534
37 27 39.2109
62 52 50.6423
35 25 35.1009
46 36 73.4266
71 61 138.4556
46 36 34.1117
99 89 12.3593
31 21 41.0669
27 17 30.3321
69 59 42.7685
89 79 24.5076
93 83 8.979
102 92 2.2239
34 24 38.5283
75 65 1.1912
87 77 12.6954
91 81 4.2947
98 88 13.7786
110 100 0.0
18 8 1.5814
58 48 75.1359
71 61 150.6749
96 86 14.3325
42 32 32.2159
110 100 0.0
100 90 7.5237
49 39 35.2956
65 55 129.6893
51 41 27.9572
106 96 0.7793
85 75 61.8593
33 23 39.5927
55 45 173.9167
110 100 0.0
46 36 108.2129
65 55 100.0503
90 80 36.357
89 79 36.4558
93 83 7.1733
88 78 10.2551
82 72 83.4018
67 57 165.2638
75 65 12.6984
29 19 5.6579
109 99 0.1064
69 59 38.3499
87 77 19.8595
96 86 0.1671
48 38 135.4102
64 54 1.6394
100 90 0.9482
90 80 14.7711
85 75 8.9096
67 57 125.357
20 10 5.5375
37 27 24.5318
27 17 8.6106
37 27 70.8842
98 88 10.6813
64 54 122.8926
72 62 51.7009
45 35 107.0912
64 54 181.7614
62 52 129.9157
52 42 73.9712
105 95 2.0122
25 15 15.7765
26 16 16.1581
40 30 40.5776
33 23 37.4685
107 97 0.2752
74 64 59.1
26 16 2.7401
21 11 9.5607
12 2 0.1988
96 86 1.7823
70 60 110.0865
70 60 88.8949
72 62 52.7313
95 85 20.6437
84 74 42.6868
88 78 29.5559
28 18 8.6865
48 38 31.7299
76 66 107.2374
97 87 18.7357
48 38 55.3699
52 42 32.1776
32 22 13.31
73 63 3.7123
97 87 3.1574
67 57 142.1099
67 57 71.538
21 11 2.7558
46 36 8.8884
69 59 182.3344
64 54 39.5273
37 27 29.9352
71 61 65.9202
90 80 38.1365
34 24 8.6134
63 53 92.1837
32 22 48.2541
86 76 41.6374
62 52 42.2823
20 10 1.3849
30 20 27.9766
15 5 1.2095
24 14 20.4302
47 37 63.2495
76 66 85.7616
65 55 134.8172
46 36 85.6307
28 18 27.9798
29 19 14.464
78 68 31.6998
68 58 135.1329
106 96 0.5286
52 42 191.6946
98 88 13.6977
56 46 60.9498
61 51 170.4329
64 54 177.0076
70 60 148.9169
58 48 174.4554
60 50 45.1691
78 68 112.5564
42 32 32.9553
78 68 90.4904
32 22 21.4794
108 98 0.1673
97 87 5.4749
101 91 8.9215
89 79 40.7978
64 54 229.7364
80 70 97.2662
94 84 12.4356
91 81 34.3391
14 4 0.8864
64 54 106.9899
86 76 12.7687
14 4 1.0045
18 8 6.5788
52 42 158.4987
62 52 66.8653
65 55 87.1971
96 86 20.1429
75 65 33.6252
32 22 41.6472
90 80 13.8078
76 66 91.8795
27 17 0.7092
83 73 43.6431
31 21 11.4434
20 10 3.1228
83 73 38.5179
57 47 136.9513
54 44 71.2717
42 32 45.6072
109 99 0.0829
68 58 151.4575
61 51 114.2443
86 76 46.6996
80 70 5.5635
17 7 4.0687
42 32 13.4611
70 60 30.8118
52 42 76.9661
56 46 45.2063
34 24 53.0578
99 89 2.7116
98 88 3.773
41 31 1.7868
104 94 0.7705
84 74 63.8253
101 91 2.0153
25 15 14.2501
45 35 116.5922
78 68 52.255
14 4 0.2449
12 2 0.0256
44 34 77.2913
75 65 87.617
34 24 34.643
43 33 56.3065
100 90 5.6447
26 16 2.7973
108 98 0.2695
42 32 98.4222
29 19 38.2694
103 93 3.294
36 26 11.6846
89 79 23.2213
30 20 39.9448
33 23 15.8657
108 98 0.373
32 22 53.2721
86 76 41.3897
28 18 20.4179
61 51 232.2629
106 96 0.035
54 44 142.1017
38 28 61.9575
70 60 112.2188
85 75 14.9017
36 26 71.3629
37 27 24.9885
45 35 131.3361
67 57 177.8264
51 41 124.767
105 95 2.0208
109 99 0.0256
99 89 7.4543
46 36 113.2265
65 55 7.1628
48 38 17.1912
78 68 1.3182
47 37 11.9824
75 65 109.2562
76 66 121.1247
69 59 22.3575
106 96 0.8012
107 97 0.1422
86 76 16.2339
30 20 17.9893
39 29 37.6534
34 24 0.1579
103 93 0.3077
54 44 177.4805
45 35 120.9028
107 97 0.799
59 49 133.6772
95 85 12.6984
32 22 20.3635
109 99 0.0988
61 51 32.4192
41 31 24.1238
35 25 53.439
47 37 124.8962
93 83 26.4328
74 64 40.6769
73 63 148.0917
16 6 0.6193
50 40 68.5496
11 1 0.0846
87 77 4.3279
108 98 0.2784
95 85 24.9677
28 18 1.9978
27 17 29.1325
68 58 112.7338
38 28 48.0555
33 23 13.1477
97 87 1.4397
54 44 187.9643
87 77 36.4048
26 16 5.9611
23 13 8.1564
39 29 34.1762
72 62 44.3006
106 96 1.7297
76 66 27.0327
28 18 2.1029
104 94 3.098
77 67 108.9449
14 4 1.382
74 64 69.5007
43 33 34.478
106 96 0.8207
94 84 28.0196
12 2 0.3139
21 11 4.4975
23 13 6.719
64 54 180.8844
11 1 0.0617
42 32 59.4317
17 7 0.2309
74 64 71.6881
59 49 11.5537
92 82 15.3759
88 78 1.7992
29 19 22.1529
62 52 73.9403
56 46 35.9159
16 6 1.0374
15 5 1.4783
110 100 0.0
39 29 18.0381
108 98 0.4019
73 63 42.7046
24 14 13.6897
41 31 17.317
104 94 3.9761
96 86 0.1774
43 33 44.6905
104 94 0.9111
50 40 36.711
69 59 91.1642
25 15 12.8354
14 4 0.2243
14 4 1.1502
103 93 0.6974
67 57 33.9691
61 51 254.276
89 79 6.0479
77 67 88.7424
73 63 116.7519
32 22 22.9984
40 30 60.0295
74 64 135.1931
51 41 10.7042
19 9 5.2848
14 4 0.6399
85 75 61.9556
110 100 0.0
33 23 45.388
102 92 0.301
104 94 0.0216
42 32 42.3692
57 47 83.6617
96 86 15.8795
103 93 4.8835
42 32 74.398
81 71 79.2296
73 63 62.8976
73 63 42.6075
27 17 10.5968
88 78 41.3889
33 23 39.5415
76 66 29.8495
80 70 37.3853
35 25 46.894
15 5 0.1121
99 89 3.4503
14 4 0.2136
101 91 8.343
51 41 12.8939
71 61 80.4976
70 60 133.6489
23 13 6.3527
79 69 51.1264
69 59 70.4329
29 19 2.2222
76 66 47.2291
55 45 167.8935
105 95 1.4368
62 52 76.7172
39 29 76.9848
45 35 63.1734
84 74 4.9705
69 59 126.4114
46 36 59.3451
22 12 6.5008
59 49 29.0607
100 90 6.8956
24 14 16.3637
103 93 2.9257
35 25 10.8884
38 28 29.1082
44 34 108.3027
43 33 112.6789
76 66 73.4133
56 46 148.2382
37 27 30.9158
64 54 14.4452
57 47 195.9387
90 80 35.617
62 52 85.196
48 38 10.7697
62 52 94.7295
73 63 56.6605
80 70 3.851
44 34 107.2559
23 13 14.8997
74 64 97.0934
100 90 10.8319
49 39 65.4998
41 31 51.2608
68 58 96.1021
89 79 17.0605
62 52 56.4481
38 28 76.7928
49 39 32.3754
73 63 75.542
32 22 7.452
58 48 152.0329
97 87 2.4311
107 97 0.6389
86 76 15.7342
89 79 27.3566
46 36 68.9298
17 7 1.0495
103 93 2.7527
55 45 162.6659
107 97 0.7901
51 41 115.2975
63 53 141.135
28 18 1.8883
74 64 103.0509
77 67 58.4871
63 53 124.1303
55 45 110.1339
104 94 3.3465
73 63 4.1152
35 25 49.0441
88 78 26.2833
68 58 102.9697
39 29 43.7923
34 24 33.2759
105 95 2.1069
20 10 6.4146
79 69 71.6585
67 57 143.4981
86 76 20.2159
15 5 1.7315
38 28 36.9109
45 35 112.5732
56 46 232.5895
38 28 37.2372
62 52 68.7242
40 30 77.6946
107 97 0.8555
104 94 2.8312
28 18 6.9244
16 6 0.8226
65 55 221.6428
74 64 108.1047
94 84 21.3645
11 1 0.0203
52 42 32.0958
96 86 9.1426
28 18 6.3105
58 48 62.3072
65 55 100.4148
27 17 16.8578
74 64 69.6267
31 21 33.6084
101 91 4.2027
92 82 18.4976
45 35 85.6966
101 91 7.4171
24 14 0.7135
47 37 125.8776
42 32 65.391
98 88 2.6389
106 96 1.053
37 27 37.8938
58 48 207.2453
99 89 3.9277
48 38 106.3121
21 11 1.726
60 50 92.2169
77 67 43.0679
48 38 102.3623
29 19 15.9657
100 90 10.8764
89 79 41.7429
25 15 18.2238
49 39 163.9533
14 4 1.6374
32 22 26.9834
31 21 25.362
92 82 31.8382
98 88 11.7702
17 7 3.968
45 35 97.1275
21 11 4.4522
82 72 67.5233
36 26 28.2991
64 54 7.0424
47 37 19.7241
83 73 15.277
16 6 0.8624
22 12 7.2629
69 59 10.6724
18 8 3.1081
46 36 134.8448
31 21 42.5138
16 6 1.8426
57 47 26.462
58 48 191.2871
47 37 82.3065
61 51 165.2653
68 58 166.4786
35 25 52.7997
65 55 183.6519
89 79 24.3702
42 32 80.0019
80 70 16.7814
43 33 17.7324
60 50 206.9245
73 63 111.5813
38 28 17.1163
64 54 128.8723
20 10 10.2182
17 7 2.9327
59 49 168.4476
103 93 1.7861
68 58 79.5376
23 13 9.2962
94 84 20.5344
100 90 7.0558
11 1 0.1078
101 91 1.3187
52 42 18.5247
60 50 54.0973
90 80 38.6435
23 13 1.4206
76 66 118.1456
53 43 174.9252
56 46 122.9325
92 82 33.7427
62 52 53.1292
104 94 2.5069
34 24 28.5187
56 46 44.4769
49 39 4.5304
45 35 75.1956
30 20 15.2708
60 50 69.2613
40 30 38.681
19 9 1.1737
83 73 58.9568
26 16 18.6981
25 15 22.921
59 49 190.5943
73 63 43.3924
99 89 3.2367
93 83 15.9261
59 49 135.5994
69 59 147.2597
63 53 125.5785
38 28 22.236
17 7 1.0941
103 93 1.5262
46 36 51.9612
20 10 10.0152
89 79 29.407
11 1 0.0698
39 29 74.9445
72 62 101.7395
31 21 19.904
54 44 143.6008
21 11 2.386
30 20 31.1131
80 70 7.2715
49 39 111.2632
57 47 75.8311
78 68 8.7513
109 99 0.0147
75 65 105.6347
99 89 12.0022
25 15 6.2734
43 33 0.2376
83 73 2.9954
70 60 99.7469
61 51 77.2058
80 70 2.2649
40 30 16.4063
77 67 94.7737
52 42 127.3042
86 76 51.6369
52 42 154.6892
97 87 6.9265
70 60 177.1255
47 37 44.5676
66 56 92.642
99 89 10.7383
16 6 1.2783
26 16 15.9965
98 88 4.9409
26 16 2.6758
23 13 16.6679
37 27 0.8949
12 2 0.0556
61 51 139.9412
35 25 17.4999
69 59 177.959
44 34 8.8958
42 32 77.3971
83 73 7.8808
101 91 8.9419
44 34 43.6285
108 98 0.0687
81 71 51.2216
58 48 242.2294
87 77 16.9821
71 61 61.6623
88 78 17.0502
40 30 11.9533
21 11 4.7484
78 68 54.3575
99 89 8.1284
25 15 2.01
65 55 60.2215
38 28 53.568
78 68 4.0393
74 64 44.4184
75 65 21.8925
63 53 234.8588
51 41 20.6536
93 83 6.2481
84 74 39.7349
22 12 2.8492
70 60 10.1501
52 42 43.1616
90 80 16.4383
50 40 69.692
18 8 2.9011
15 5 2.537
24 14 9.6816
43 33 52.4418
78 68 92.4256
18 8 1.3268
39 29 58.1778
27 17 15.2207
25 15 14.1791
92 82 7.03
44 34 100.6826
80 70 39.0209
78 68 111.789
63 53 97.0525
77 67 103.6105
83 73 64.2291
54 44 184.8178
92 82 14.1447
76 66 123.2432
49 39 156.5736
40 30 62.9944
11 1 0.031
106 96 0.6551
66 56 129.6131
99 89 9.2799
29 19 22.8334
28 18 8.5511
66 56 24.8195
35 25 11.7177
37 27 6.101
70 60 20.5473
21 11 12.2344
66 56 80.7635
67 57 5.7919
73 63 120.0547
12 2 0.3683
109 99 0.0855
109 99 0.0153
17 7 2.6215
70 60 33.3537
18 8 3.8221
37 27 19.4068
45 35 92.0643
33 23 37.0402
62 52 240.061
69 59 18.7014
31 21 48.1699
34 24 63.3835
14 4 0.3128
44 34 95.3051
55 45 69.4502
80 70 31.5292
71 61 62.2998
38 28 60.9869
82 72 10.7993
90 80 21.7761
76 66 37.3068
82 72 68.4328
24 14 21.6621
101 91 4.5899
92 82 4.4058
15 5 2.4
96 86 16.1606
69 59 141.5866
57 47 124.4436
100 90 9.2637
40 30 32.0031
16 6 3.1338
58 48 206.9047
33 23 16.3907
23 13 0.1832
69 59 21.4155
30 20 31.5331
88 78 49.7992
94 84 3.0787
94 84 22.3708
46 36 39.9594
12 2 0.2839
64 54 122.206
69 59 19.6569
81 71 78.6087
32 22 43.8658
70 60 105.6231
14 4 1.3609
59 49 140.2314
95 85 14.4302
16 6 3.3708
23 13 7.8869
40 30 72.6306
92 82 17.1691
91 81 15.2581
48 38 63.8238
66 56 1.7571
69 59 115.3936
108 98 0.0627
69 59 36.0678
107 97 0.7382
15 5 1.6124
25 15 0.965
69 59 42.2619
31 21 4.7283
77 67 87.8321
27 17 8.0991
41 31 62.4895
60 50 218.816
107 97 0.4068
18 8 1.4336
65 55 80.0776
46 36 27.8354
31 21 30.9641
90 80 14.9808
32 22 0.6463
82 72 86.1554
22 12 1.1025
17 7 3.8674
37 27 45.5921
34 24 33.2581
17 7 2.5663
58 48 113.9723
63 53 15.0621
63 53 50.803
94 84 1.8402
78 68 107.7705
110 100 0.0
85 75 4.8503
22 12 3.7037
81 71 32.8122
105 95 2.525
33 23 17.2756
36 26 68.6237
16 6 3.4368
79 69 6.1176
58 48 200.0265
53 43 193.3239
48 38 34.0354
56 46 119.2549
107 97 0.2484
33 23 12.5579
43 33 62.0387
63 53 107.7138
104 94 2.1189
58 48 236.9011
80 70 40.6455
85 75 16.1948
57 47 153.7577
11 1 0.0811
106 96 1.0646
69 59 113.3868
107 97 0.9708
109 99 0.1054
74 64 14.5261
27 17 19.5187
78 68 56.0255
110 100 0.0
15 5 0.1782
21 11 3.8992
23 13 4.1849
105 95 1.4712
23 13 1.664
83 73 76.1237
39 29 14.7679
17 7 0.7159
103 93 4.3799
35 25 45.5343
42 32 66.086
20 10 8.6546
46 36 91.5013
15 5 1.5087
31 21 42.2422
21 11 1.2291
20 10 7.2679
90 80 15.6754
34 24 27.2718
30 20 9.1113
36 26 65.6033
96 86 2.8079
41 31 69.8086
25 15 11.6728
71 61 83.0327
89 79 3.6112
65 55 50.3507
93 83 0.739
41 31 55.4477
91 81 11.6486
72 62 32.3489
41 31 33.0439
19 9 3.6613
50 40 161.8682
43 33 55.3934
43 33 57.8467
63 53 72.2879
21 11 2.3833
84 74 16.9133
47 37 90.3441
97 87 7.0592
90 80 25.6137
67 57 7.1868
90 80 24.9501
87 77 4.5887
91 81 31.4671
23 13 15.0542
94 84 6.0667
17 7 2.9517
81 71 13.2322
24 14 4.5116
12 2 0.0888
25 15 6.8851
110 100 0.0
51 41 174.5589
109 99 0.0415
22 12 4.0679
91 81 9.7879
108 98 0.2876
68 58 124.3327
58 48 48.3606
60 50 172.0849
47 37 13.8627
19 9 7.6578
96 86 11.8944
18 8 1.4109
80 70 24.9213
98 88 9.8737
31 21 16.0012
82 72 56.0323
32 22 51.8806
66 56 208.3322
73 63 129.8696
50 40 18.7224
107 97 0.1458
76 66 75.9696
25 15 20.9126
79 69 34.4295
42 32 93.8792
30 20 23.6851
73 63 131.5743
36 26 72.3489
60 50 159.1562
27 17 5.6103
16 6 2.7839
14 4 1.6938
54 44 97.4076
61 51 84.3319
71 61 80.6917
64 54 71.8297
71 61 104.2681
101 91 0.0972
91 81 20.3651
24 14 9.9352
62 52 130.5225
15 5 0.77
62 52 58.4175
89 79 23.0591
69 59 122.7745
18 8 3.8311
66 56 122.2242
94 84 11.043
93 83 15.2946
61 51 75.5972
25 15 19.2123
93 83 26.8061
35 25 56.7287
72 62 120.586
85 75 30.3884
12 2 0.254
29 19 16.0513
26 16 26.9109
