400 9770 4.3589
108 98 32.4923
57 47 20.1
55 45 8.5223
24 14 1.0402
46 36 3.6887
83 73 31.0829
16 6 0.3475
61 51 12.3763
49 39 5.1743
74 64 40.0461
20 10 0.4272
109 99 72.6773
107 97 38.5579
53 43 8.9754
81 71 39.9525
23 13 1.5431
90 80 46.172
60 50 11.4014
50 40 11.8653
12 2 0.0284
29 19 1.1868
55 45 17.3489
59 49 6.412
88 78 52.8718
79 69 46.2767
87 77 48.4444
15 5 0.2006
92 82 62.3247
15 5 0.1349
94 84 45.34
49 39 7.4425
99 89 66.7391
35 25 5.5155
32 22 3.2873
60 50 10.9415
48 38 9.0999
89 79 32.0379
100 90 24.8951
79 69 33.6458
65 55 10.3009
85 75 19.7127
63 53 10.0629
42 32 6.28
23 13 0.6849
19 9 0.3512
86 76 20.7289
24 14 1.8077
110 100 58.7967
29 19 2.1777
95 85 68.5766
16 6 0.1852
84 74 20.9434
47 37 5.2162
24 14 1.39
104 94 37.6959
39 29 6.6342
66 56 14.7425
42 32 5.854
99 89 71.5141
69 59 30.445
27 17 1.7269
44 34 10.0724
32 22 2.5776
85 75 16.7944
45 35 4.483
70 60 27.832
49 39 7.3219
23 13 0.6093
87 77 49.532
40 30 2.4822
57 47 16.7682
55 45 15.6864
84 74 13.7827
68 58 16.7166
56 46 5.3204
89 79 20.6998
51 41 5.6668
95 85 24.4164
104 94 65.9409
45 35 7.5356
61 51 10.3099
13 3 0.0867
28 18 2.4687
79 69 38.4474
75 65 14.2476
38 28 5.7418
43 33 4.5446
108 98 60.4397
20 10 0.7933
70 60 21.5008
67 57 18.2414
46 36 11.5763
82 72 20.4992
49 39 6.5377
48 38 12.3145
88 78 55.6441
23 13 1.2823
67 57 32.3818
32 22 3.8679
27 17 1.4499
22 12 1.1664
91 81 39.3054
76 66 36.8643
63 53 18.5589
54 44 13.4865
29 19 2.3345
45 35 9.8778
33 23 1.4443
31 21 2.5616
41 31 9.352
39 29 4.1677
67 57 28.9143
37 27 4.5459
33 23 1.4448
75 65 40.2831
42 32 5.3625
34 24 1.8325
110 100 47.4266
56 46 8.4984
14 4 0.1179
51 41 11.1877
30 20 1.8572
58 48 19.5249
93 83 62.9325
50 40 6.3615
70 60 34.471
45 35 7.9541
77 67 17.5955
36 26 6.224
106 96 52.9693
106 96 74.762
95 85 18.5494
44 34 10.8814
80 70 30.4373
89 79 20.4051
95 85 68.7639
44 34 10.2913
90 80 27.9291
40 30 4.0429
35 25 4.014
39 29 4.8277
17 7 0.324
82 72 43.6036
14 4 0.1308
56 46 10.4691
51 41 8.5463
54 44 17.2125
104 94 74.4062
30 20 1.0416
37 27 2.1877
72 62 25.2386
106 96 36.6715
31 21 4.18
59 49 13.954
103 93 33.3021
86 76 30.337
55 45 18.3698
28 18 2.3608
28 18 1.3619
107 97 63.4237
80 70 32.7516
45 35 5.6098
85 75 39.7228
66 56 9.6603
96 86 48.2525
94 84 66.4584
81 71 18.0965
29 19 3.0248
55 45 9.9774
96 86 37.1393
38 28 6.4201
49 39 12.9744
34 24 2.3771
28 18 2.9946
58 48 21.1766
100 90 56.1076
45 35 8.8959
24 14 1.6323
65 55 11.3461
107 97 78.1208
58 48 7.1166
42 32 3.613
48 38 6.0501
47 37 4.3941
40 30 4.2123
93 83 25.8206
52 42 11.4548
74 64 34.2857
69 59 16.3661
23 13 0.4677
18 8 0.4384
69 59 29.6981
36 26 4.0489
26 16 1.296
62 52 12.6914
18 8 0.4655
79 69 13.9323
95 85 57.1113
55 45 13.5534
50 40 11.7019
57 47 14.2839
41 31 9.2495
50 40 5.8898
21 11 1.0006
104 94 81.2486
27 17 2.1621
15 5 0.0713
101 91 37.4422
43 33 3.8762
94 84 42.2084
20 10 0.3691
91 81 56.0731
63 53 13.1951
36 26 1.7458
99 89 55.8876
92 82 29.7407
11 1 0.008
51 41 7.0496
59 49 23.1669
51 41 4.9894
77 67 13.8258
41 31 5.2951
76 66 37.9431
16 6 0.252
37 27 3.1131
93 83 49.8831
57 47 14.0985
42 32 6.8975
102 92 65.717
51 41 6.6631
56 46 10.5281
34 24 3.5498
68 58 20.1835
34 24 2.0085
49 39 11.9467
109 99 95.9988
26 16 1.0716
12 2 0.0157
64 54 13.8124
74 64 13.8995
48 38 11.7238
93 83 32.9866
99 89 48.4778
41 31 4.3293
101 91 35.8466
101 91 34.1968
26 16 0.7441
77 67 21.6076
36 26 6.4217
16 6 0.1379
14 4 0.1239
53 43 6.2765
81 71 46.259
22 12 0.5068
26 16 1.9522
45 35 11.3852
53 43 10.6635
12 2 0.0275
69 59 30.6872
69 59 25.3532
51 41 7.7312
79 69 14.8518
59 49 20.9416
68 58 18.4823
22 12 1.0321
27 17 1.4736
69 59 12.4651
69 59 23.4556
99 89 45.6935
34 24 4.0873
52 42 14.8464
82 72 24.3819
97 87 20.491
57 47 18.0294
37 27 7.1835
42 32 6.2046
66 56 29.6938
83 73 22.4809
27 17 1.1109
71 61 16.7183
14 4 0.045
68 58 14.374
50 40 4.9984
61 51 18.1655
18 8 0.2243
14 4 0.1424
110 100 38.1035
23 13 1.5441
80 70 14.8749
33 23 1.5939
20 10 0.8752
21 11 0.9992
39 29 3.3511
91 81 27.8225
33 23 4.2345
45 35 5.1743
76 66 32.5402
78 68 38.0886
64 54 24.2615
41 31 3.0496
83 73 46.5451
54 44 15.1461
19 9 0.4822
47 37 7.1899
41 31 7.6956
80 70 20.0794
108 98 35.1341
88 78 58.165
51 41 8.4402
77 67 23.506
27 17 1.293
22 12 1.2363
91 81 52.962
75 65 17.1678
27 17 1.4989
88 78 52.8718
24 14 1.4443
79 69 36.8133
99 89 35.8298
79 69 27.0827
102 92 63.7187
96 86 37.5781
86 76 16.7207
34 24 3.3091
44 34 11.5593
69 59 33.748
26 16 0.9218
51 41 4.2556
53 43 12.0735
58 48 13.3773
76 66 19.9094
20 10 0.2697
71 61 31.1855
75 65 15.7046
92 82 35.5335
76 66 35.0736
91 81 33.0062
69 59 10.4516
93 83 30.9058
69 59 12.2675
94 84 57.5626
91 81 58.6388
91 81 31.7532
97 87 27.066
45 35 6.0069
61 51 12.5706
68 58 10.517
82 72 13.137
108 98 48.6911
25 15 1.5635
66 56 20.9947
84 74 13.9107
58 48 11.6438
22 12 0.8558
40 30 3.5284
54 44 11.4075
79 69 27.2286
108 98 49.5306
96 86 39.4472
21 11 0.7578
81 71 40.0082
26 16 1.7748
80 70 19.7892
72 62 29.332
85 75 22.5407
61 51 6.8901
70 60 30.2907
63 53 22.0684
42 32 3.3409
37 27 3.6439
80 70 26.1172
39 29 7.2959
21 11 1.1432
35 25 2.4152
81 71 43.5521
33 23 3.1741
23 13 1.1601
37 27 2.1544
70 60 21.8313
102 92 28.9842
34 24 3.8162
75 65 12.2682
76 66 11.5281
100 90 36.8352
67 57 24.7317
81 71 35.0582
55 45 8.6254
18 8 0.4011
80 70 23.7335
35 25 1.9088
95 85 35.3276
91 81 33.7573
11 1 0.0034
37 27 3.2616
25 15 1.2054
20 10 0.7283
79 69 29.397
106 96 31.6046
84 74 26.0335
40 30 2.2998
