100 2383 4.3589
85 85 72.25
3 3 0.09
49 49 24.01
43 43 18.49
66 66 43.56
55 55 30.25
47 47 22.09
39 39 15.21
87 87 75.69
51 51 26.01
66 66 43.56
31 31 9.61
39 39 15.21
53 53 28.09
8 8 0.64
30 30 9.0
72 72 51.84
61 61 37.21
48 48 23.04
15 15 2.25
39 39 15.21
15 15 2.25
93 93 86.49
29 29 8.41
25 25 6.25
79 79 62.41
62 62 38.44
76 76 57.76
51 51 26.01
89 89 79.21
53 53 28.09
43 43 18.49
3 3 0.09
54 54 29.16
71 71 50.41
31 31 9.61
82 82 67.24
5 5 0.25
85 85 72.25
45 45 20.25
13 13 1.69
34 34 11.56
30 30 9.0
79 79 62.41
64 64 40.96
35 35 12.25
18 18 3.24
87 87 75.69
82 82 67.24
60 60 36.0
32 32 10.24
63 63 39.69
2 2 0.04
88 88 77.44
27 27 7.29
13 13 1.69
92 92 84.64
47 47 22.09
93 93 86.49
54 54 29.16
42 42 17.64
48 48 23.04
33 33 10.89
67 67 44.89
58 58 33.64
15 15 2.25
30 30 9.0
12 12 1.44
67 67 44.89
8 8 0.64
56 56 31.36
77 77 59.29
85 85 72.25
14 14 1.96
87 87 75.69
2 2 0.04
96 96 92.16
16 16 2.56
7 7 0.49
72 72 51.84
97 97 94.09
50 50 25.0
40 40 16.0
32 32 10.24
22 22 4.84
26 26 6.76
99 99 98.01
35 35 12.25
4 4 0.16
86 86 73.96
17 17 2.89
10 10 1.0
61 61 37.21
23 23 5.29
98 98 96.04
31 31 9.61
81 81 65.61
7 7 0.49
23 23 5.29
41 41 16.81
