900 23508 9.9499
70 60 17.3539
37 27 3.5393
69 59 19.2282
98 88 30.7548
50 40 6.3645
47 37 7.5065
75 65 14.9668
26 16 1.7051
20 10 0.8332
70 60 15.0598
76 66 21.1379
90 80 35.1139
69 59 8.9503
75 65 38.0516
75 65 19.0419
50 40 15.4669
22 12 0.5376
88 78 35.3454
60 50 17.6282
50 40 11.0563
94 84 41.9179
105 95 28.3514
78 68 12.8537
48 38 12.2934
109 99 45.102
31 21 2.5316
82 72 19.2291
96 86 18.9347
65 55 16.5535
32 22 4.6242
19 9 0.3435
25 15 1.836
97 87 60.8384
76 66 27.9355
66 56 11.955
108 98 52.1587
45 35 6.1301
11 1 0.0047
15 5 0.1346
15 5 0.1554
60 50 20.425
21 11 0.5013
65 55 11.0277
28 18 1.9969
34 24 2.0658
100 90 80.9046
31 21 2.7456
35 25 6.0664
27 17 0.7783
13 3 0.0324
59 49 14.5191
44 34 3.1944
54 44 11.9246
103 93 52.9955
12 2 0.0259
17 7 0.3306
35 25 1.7649
68 58 25.1743
92 82 30.8636
14 4 0.1573
50 40 6.216
39 29 3.7904
68 58 15.0699
108 98 71.8036
45 35 11.1496
89 79 55.4965
64 54 12.0722
91 81 23.1871
110 100 48.3845
45 35 6.7636
83 73 46.7418
71 61 21.9614
80 70 31.1766
81 71 17.6644
23 13 1.5326
55 45 10.5248
41 31 2.5539
94 84 64.4215
36 26 2.4143
11 1 0.0067
87 77 35.0547
50 40 14.6115
31 21 2.3159
57 47 6.2735
45 35 7.3067
39 29 6.3883
98 88 29.473
54 44 6.5469
100 90 27.1285
35 25 5.9375
57 47 16.7346
50 40 9.311
78 68 37.8865
91 81 45.3858
88 78 26.4371
91 81 16.4074
84 74 20.1529
68 58 18.3715
108 98 90.6494
36 26 4.3832
89 79 59.1961
85 75 21.398
82 72 15.8986
55 45 5.3204
63 53 11.9301
77 67 14.025
93 83 56.1915
83 73 24.6701
69 59 27.8024
15 5 0.097
28 18 0.9522
92 82 45.3697
19 9 0.5222
50 40 7.3365
45 35 12.0416
56 46 5.759
30 20 3.1648
66 56 12.027
51 41 13.9069
28 18 1.5643
46 36 11.8377
85 75 51.6616
42 32 4.2374
85 75 29.8772
101 91 30.4207
104 94 65.2848
52 42 5.9473
32 22 1.3391
73 63 23.9405
75 65 21.1885
47 37 6.1956
69 59 13.0097
86 76 54.4924
57 47 7.1225
33 23 3.6256
37 27 6.2146
107 97 63.0007
96 86 39.3167
56 46 17.8692
81 71 22.4629
77 67 43.2569
17 7 0.1693
32 22 4.3085
69 59 16.9868
42 32 8.2996
15 5 0.0795
88 78 56.6633
100 90 55.3506
72 62 34.2436
76 66 26.5761
49 39 14.4841
42 32 3.4775
107 97 75.8101
68 58 24.5035
58 48 13.4924
34 24 3.5291
31 21 2.2602
31 21 3.6359
44 34 4.1124
86 76 23.964
41 31 6.4232
97 87 56.8456
19 9 0.4595
108 98 34.2834
29 19 3.5472
11 1 0.0058
97 87 22.5939
91 81 55.7023
71 61 24.231
11 1 0.0083
47 37 9.0012
101 91 52.0173
92 82 18.026
16 6 0.1678
18 8 0.2093
85 75 27.489
20 10 0.5561
47 37 12.6359
101 91 53.7157
39 29 5.4658
67 57 11.6622
80 70 30.7304
76 66 22.4818
49 39 4.779
18 8 0.2169
68 58 29.3742
26 16 2.2617
19 9 0.4528
63 53 16.8289
106 96 81.512
87 77 15.0622
94 84 43.3175
86 76 14.6413
108 98 25.2406
97 87 56.3596
66 56 14.0528
98 88 28.1897
13 3 0.0298
69 59 11.8598
16 6 0.3593
102 92 73.4038
88 78 48.7427
71 61 23.6546
28 18 1.4175
102 92 43.597
89 79 34.7216
31 21 1.3863
100 90 45.7517
78 68 25.1372
57 47 10.7053
38 28 2.3186
85 75 30.9325
50 40 6.1638
40 30 7.684
54 44 15.217
31 21 3.2613
73 63 12.0076
28 18 1.9522
110 100 43.4953
109 99 31.036
65 55 10.964
13 3 0.0349
22 12 0.4441
54 44 6.3559
109 99 38.4946
100 90 56.0267
86 76 23.2411
69 59 20.7918
44 34 3.4898
58 48 6.1896
86 76 30.026
72 62 33.9504
100 90 50.2738
12 2 0.0193
87 77 46.5943
84 74 43.782
11 1 0.0053
78 68 29.0252
97 87 67.045
35 25 2.737
95 85 38.2184
25 15 2.1806
31 21 1.8496
64 54 9.4028
98 88 39.2841
31 21 2.7862
64 54 25.0871
110 100 32.0198
67 57 21.2604
11 1 0.0057
12 2 0.0101
29 19 1.2764
69 59 22.2199
96 86 45.0697
17 7 0.4081
94 84 70.2529
49 39 14.5672
31 21 3.9351
15 5 0.1094
11 1 0.0031
27 17 0.8949
45 35 11.171
93 83 25.7739
100 90 61.5942
51 41 5.3898
65 55 17.6803
89 79 28.6921
108 98 84.8757
63 53 26.2995
110 100 57.6066
22 12 0.8501
19 9 0.4617
16 6 0.2812
63 53 25.5854
69 59 11.6766
13 3 0.0305
65 55 20.2257
94 84 18.6399
93 83 24.1739
52 42 13.2249
90 80 51.3157
96 86 23.607
78 68 22.4363
27 17 1.0229
44 34 3.2993
24 14 0.6448
102 92 30.8214
89 79 52.036
21 11 1.0014
106 96 25.8959
83 73 42.6174
13 3 0.0345
31 21 2.0512
104 94 23.8652
84 74 49.5053
37 27 3.901
103 93 72.7114
84 74 41.3295
110 100 71.9291
60 50 21.5621
26 16 1.5016
22 12 1.2641
12 2 0.027
91 81 18.4582
35 25 3.9864
15 5 0.1196
54 44 5.5894
16 6 0.3322
62 52 15.171
80 70 22.4108
87 77 29.3753
43 33 6.4521
100 90 25.3049
58 48 10.2432
97 87 28.9369
57 47 5.9575
83 73 18.8729
31 21 1.1423
12 2 0.0245
88 78 33.5959
105 95 82.6245
40 30 3.3867
48 38 13.2256
41 31 8.0299
75 65 41.7768
58 48 19.3926
81 71 47.4707
11 1 0.0089
100 90 25.048
92 82 28.8176
85 75 16.4357
64 54 15.1134
85 75 31.1922
85 75 21.0479
18 8 0.1744
98 88 33.5565
18 8 0.5561
16 6 0.147
101 91 65.4675
80 70 38.383
44 34 5.095
98 88 41.9204
72 62 13.9092
59 49 23.8271
45 35 11.9129
87 77 55.2941
54 44 12.3988
48 38 10.6994
46 36 4.1718
11 1 0.0026
73 63 11.6267
27 17 2.3907
98 88 47.201
56 46 18.8999
60 50 8.2449
84 74 21.5705
101 91 56.3355
103 93 31.7239
79 69 12.3573
109 99 27.9661
20 10 0.7329
91 81 23.3811
96 86 23.8789
49 39 7.098
93 83 19.9737
43 33 6.1425
73 63 32.0107
76 66 15.4339
52 42 13.796
11 1 0.0067
42 32 2.6118
56 46 6.5705
46 36 3.6573
64 54 23.871
84 74 32.9373
35 25 4.3547
37 27 7.0389
78 68 16.482
77 67 11.338
86 76 39.6547
51 41 11.743
107 97 90.501
102 92 83.0121
15 5 0.1106
35 25 3.9677
28 18 2.4352
15 5 0.2002
110 100 33.3148
30 20 1.4419
64 54 18.0719
104 94 35.4501
37 27 4.2766
47 37 8.0605
105 95 66.6868
53 43 14.0003
98 88 32.865
25 15 1.9352
14 4 0.0565
51 41 5.3315
30 20 3.6157
63 53 8.6801
64 54 18.5098
75 65 29.092
102 92 59.9819
85 75 54.2992
108 98 60.4211
110 100 65.8045
78 68 11.9688
45 35 5.4457
85 75 27.594
70 60 15.9217
101 91 25.025
110 100 65.3608
54 44 16.0376
69 59 15.8882
20 10 0.7066
54 44 16.3831
21 11 0.9446
110 100 77.7942
95 85 41.6683
86 76 24.0492
80 70 27.1576
47 37 13.0018
31 21 1.414
32 22 2.6089
65 55 11.175
99 89 27.1378
84 74 14.8888
61 51 23.4488
78 68 31.4945
12 2 0.0267
21 11 0.4567
70 60 9.7288
97 87 63.3536
90 80 53.0902
45 35 11.804
72 62 26.0978
98 88 50.991
37 27 5.5451
93 83 31.5687
17 7 0.2729
92 82 42.7703
100 90 57.6385
66 56 8.4088
45 35 11.3502
77 67 36.536
95 85 53.6864
56 46 11.057
96 86 21.7184
99 89 31.76
18 8 0.5161
84 74 30.477
36 26 1.8214
33 23 4.4808
35 25 1.7242
110 100 78.2906
68 58 13.153
14 4 0.1196
110 100 28.5081
46 36 12.2892
51 41 11.6117
37 27 2.6244
19 9 0.7251
46 36 10.2349
93 83 58.9517
15 5 0.2172
36 26 4.1918
28 18 2.1112
47 37 10.4142
50 40 5.0033
35 25 2.2635
57 47 18.4127
109 99 72.1905
15 5 0.092
84 74 19.4084
107 97 65.8548
54 44 12.2934
79 69 47.5465
101 91 82.0383
98 88 53.8198
80 70 12.919
85 75 41.6244
57 47 13.6996
83 73 15.3884
94 84 29.3352
55 45 11.9066
94 84 63.9904
57 47 6.2165
29 19 2.0119
90 80 24.8732
53 43 8.8965
108 98 59.495
40 30 4.2824
57 47 10.3504
23 13 0.7256
72 62 23.6643
32 22 4.0683
23 13 1.6476
29 19 2.7483
108 98 36.5783
72 62 29.9986
73 63 14.5664
12 2 0.0238
107 97 49.6278
56 46 6.3449
70 60 18.0693
90 80 25.5813
30 20 1.0527
95 85 50.1604
50 40 8.3776
100 90 51.6702
82 72 16.4017
43 33 9.2331
83 73 39.254
83 73 13.37
29 19 3.1329
82 72 22.9566
36 26 6.4206
106 96 43.182
74 64 20.2968
62 52 9.61
69 59 32.6932
109 99 26.3795
85 75 37.0918
100 90 68.9049
67 57 20.341
27 17 1.864
33 23 3.183
26 16 2.3074
90 80 53.1849
72 62 24.1258
105 95 28.8487
64 54 18.1578
11 1 0.0083
75 65 24.6105
32 22 1.7817
72 62 27.9714
28 18 2.463
76 66 25.8196
96 86 72.1667
16 6 0.2518
18 8 0.1823
82 72 32.6155
41 31 6.7688
95 85 61.9826
79 69 22.3398
26 16 0.6571
107 97 72.1701
99 89 32.8444
92 82 50.1831
48 38 8.5726
46 36 9.8182
58 48 6.0452
63 53 10.7269
53 43 17.4908
98 88 21.2143
29 19 3.3485
12 2 0.023
45 35 10.1742
81 71 38.3235
76 66 20.152
13 3 0.0538
18 8 0.2327
30 20 1.8128
93 83 18.5382
102 92 28.9283
18 8 0.1844
40 30 3.0608
65 55 14.1888
103 93 66.7195
93 83 45.2889
70 60 13.3693
95 85 61.9873
43 33 3.8479
37 27 4.8277
72 62 10.7341
11 1 0.0087
99 89 61.7576
41 31 3.8095
68 58 29.3526
76 66 15.5094
40 30 8.0089
93 83 36.5759
79 69 14.8233
18 8 0.2953
78 68 16.7715
21 11 0.3385
82 72 28.5754
84 74 20.7016
32 22 2.9354
94 84 40.9088
19 9 0.4969
79 69 17.7418
28 18 2.2834
58 48 6.6172
105 95 47.4046
108 98 62.4116
78 68 27.6424
29 19 1.3809
54 44 7.971
45 35 5.9917
105 95 79.397
57 47 11.9135
70 60 26.6659
101 91 21.9502
44 34 6.6569
101 91 52.023
69 59 29.2887
108 98 30.0118
95 85 44.613
48 38 4.8594
67 57 15.5599
63 53 9.1071
59 49 13.7522
109 99 26.4073
90 80 53.8316
75 65 21.8977
27 17 2.4492
37 27 3.1827
27 17 2.8006
23 13 1.1833
110 100 28.2142
72 62 29.3222
97 87 32.7573
74 64 30.6351
24 14 0.7958
76 66 24.2921
39 29 2.3824
31 21 1.8366
78 68 19.302
28 18 1.5292
33 23 2.0564
96 86 32.8455
59 49 6.231
19 9 0.3095
48 38 12.0256
19 9 0.4535
87 77 30.7526
109 99 51.1011
46 36 10.5612
24 14 0.5837
75 65 12.9859
86 76 54.3818
90 80 60.2409
17 7 0.4872
110 100 96.6486
49 39 5.5206
70 60 17.4816
92 82 57.5171
99 89 55.9639
28 18 1.6361
25 15 1.3003
88 78 21.7893
14 4 0.0936
104 94 43.1439
46 36 4.6764
41 31 4.5322
14 4 0.0624
76 66 15.3625
88 78 47.212
74 64 12.7513
103 93 42.1733
23 13 1.2056
14 4 0.0541
104 94 83.3934
100 90 36.3115
83 73 26.7134
81 71 42.6892
78 68 27.9133
102 92 60.4273
88 78 52.696
20 10 0.3499
33 23 4.2169
35 25 2.2662
67 57 8.3215
74 64 14.2514
80 70 32.5744
94 84 63.6325
45 35 3.7628
12 2 0.0264
87 77 19.3213
106 96 65.2331
51 41 9.0842
84 74 35.6146
104 94 49.9778
35 25 3.3919
51 41 6.7642
65 55 15.5717
107 97 26.2995
108 98 35.5621
65 55 22.1596
40 30 3.9637
45 35 5.202
100 90 50.6289
50 40 6.7735
31 21 4.2457
59 49 9.5098
65 55 8.5393
68 58 31.6868
59 49 7.9648
15 5 0.1376
80 70 27.04
74 64 29.2594
89 79 40.1778
36 26 1.967
14 4 0.0736
50 40 11.2198
94 84 29.371
42 32 4.2882
22 12 0.6665
33 23 2.1492
62 52 16.7232
68 58 27.8014
29 19 2.5322
15 5 0.147
107 97 24.6651
99 89 52.6844
99 89 20.8694
22 12 1.2548
11 1 0.0026
20 10 0.6652
20 10 0.5423
67 57 12.757
74 64 19.7874
41 31 2.7113
109 99 30.0973
77 67 14.1647
38 28 3.335
47 37 6.0965
89 79 37.1234
31 21 1.9858
79 69 27.6834
77 67 11.9101
31 21 1.6786
105 95 40.1145
85 75 17.6888
79 69 46.2999
58 48 14.9189
71 61 19.2502
95 85 30.8858
99 89 61.1759
99 89 19.9702
47 37 6.2086
99 89 70.8307
93 83 57.599
27 17 2.3083
36 26 3.1357
54 44 18.4565
101 91 24.7884
18 8 0.1639
29 19 1.0735
34 24 2.4508
27 17 1.7777
22 12 0.9771
25 15 0.767
35 25 2.4822
101 91 57.6521
65 55 8.8477
92 82 58.2215
47 37 9.9824
103 93 51.8731
26 16 1.07
41 31 8.3926
87 77 26.3528
16 6 0.2265
43 33 6.0688
15 5 0.1509
26 16 2.2874
95 85 24.0384
23 13 1.1259
19 9 0.338
88 78 38.0405
26 16 1.7219
52 42 6.8074
70 60 27.6329
77 67 18.4135
19 9 0.6688
71 61 20.8073
70 60 17.0602
21 11 0.3819
33 23 2.6163
85 75 29.7767
69 59 33.9947
107 97 41.2768
62 52 8.7397
105 95 70.7079
56 46 18.0974
101 91 50.0486
15 5 0.1397
73 63 39.1876
11 1 0.0093
31 21 2.4765
57 47 13.747
84 74 24.9051
61 51 15.877
81 71 46.7692
64 54 23.0256
27 17 1.4011
84 74 49.4701
18 8 0.4185
97 87 19.9737
34 24 1.4643
49 39 7.7056
90 80 23.2411
101 91 39.9209
25 15 0.8985
18 8 0.2452
53 43 18.3929
67 57 14.8071
95 85 25.9366
87 77 14.8973
65 55 15.1547
94 84 70.3149
54 44 12.6004
95 85 32.3761
31 21 1.361
105 95 31.0004
13 3 0.0254
39 29 3.2519
88 78 16.8839
109 99 79.2438
74 64 21.9558
90 80 20.4087
96 86 20.0534
100 90 71.3924
59 49 7.9908
29 19 1.6499
11 1 0.0033
11 1 0.0031
21 11 0.5501
83 73 20.7535
73 63 38.6051
102 92 30.1511
69 59 15.6602
99 89 38.2616
27 17 2.0102
109 99 36.5239
100 90 31.351
81 71 36.6073
28 18 2.2874
98 88 69.5823
85 75 34.973
83 73 21.2263
74 64 29.2281
55 45 11.0297
56 46 16.2111
16 6 0.2957
106 96 25.3966
61 51 13.1472
91 81 28.3301
82 72 20.7745
43 33 5.5734
75 65 35.229
75 65 32.4148
19 9 0.2566
61 51 12.7863
92 82 59.1315
45 35 4.956
93 83 62.8944
38 28 2.4602
78 68 29.9658
82 72 15.8102
20 10 0.56
96 86 49.9708
98 88 64.2354
101 91 77.9459
99 89 26.1377
40 30 2.9843
19 9 0.361
65 55 23.1178
84 74 45.8356
46 36 7.9135
110 100 88.6686
37 27 2.5367
34 24 2.9929
23 13 0.6363
28 18 1.9343
24 14 1.4206
81 71 31.0661
67 57 15.5047
30 20 3.7126
94 84 58.0202
38 28 6.4811
90 80 19.494
54 44 5.1911
33 23 3.1794
26 16 2.4718
96 86 34.9234
91 81 63.3632
94 84 68.2012
23 13 1.344
37 27 4.6057
30 20 1.6866
71 61 29.9176
90 80 38.6847
25 15 0.9732
84 74 27.4094
56 46 8.9569
78 68 14.5176
108 98 65.0378
