400 10376 4.3589
87 77 46.6721
55 45 55.6725
15 5 96.6289
108 98 32.2113
103 93 23.1399
53 43 62.8944
100 90 30.5721
88 78 41.7458
62 52 71.1189
11 1 99.0304
102 92 29.7396
14 4 95.664
53 43 70.5146
26 16 86.2019
83 73 50.7799
76 66 44.4516
26 16 85.5033
55 45 65.4546
61 51 68.1351
57 47 68.2987
104 94 35.7724
104 94 31.4418
58 48 63.8289
65 55 36.5275
33 23 71.9375
53 43 56.8803
55 45 54.2064
42 32 75.3598
25 15 90.4287
45 35 76.4103
80 70 38.8752
87 77 47.9639
93 83 46.3747
23 13 82.9338
18 8 91.1318
77 67 66.1522
26 16 85.7643
20 10 87.9675
42 32 67.8004
53 43 76.8585
103 93 8.044
75 65 39.0075
98 88 46.2264
17 7 92.4617
44 34 70.2076
80 70 39.7619
40 30 70.3753
41 31 69.6908
67 57 49.2327
104 94 43.2885
102 92 44.3663
72 62 43.9171
24 14 83.5561
73 63 54.9956
41 31 69.6808
52 42 71.3231
67 57 57.1596
59 49 72.2602
56 46 53.2389
97 87 34.2482
82 72 39.4836
33 23 71.7002
39 29 78.8491
103 93 12.4052
86 76 48.9566
35 25 73.5272
97 87 17.4014
70 60 51.9855
22 12 92.7138
89 79 47.856
72 62 43.465
19 9 91.9087
69 59 54.5161
98 88 26.3426
55 45 62.1165
51 41 66.04
106 96 22.2822
97 87 57.4064
27 17 85.4756
42 32 78.1067
15 5 94.8053
101 91 46.2754
27 17 79.677
47 37 59.4256
83 73 31.4026
63 53 36.6763
70 60 54.1667
71 61 47.1708
70 60 49.1499
78 68 32.6121
65 55 55.1915
108 98 29.957
76 66 32.2
88 78 38.3979
51 41 59.384
89 79 31.7893
32 22 80.6584
109 99 27.2578
42 32 82.9739
105 95 34.0752
41 31 73.8775
11 1 99.0045
83 73 54.5057
71 61 53.4595
58 48 65.8841
44 34 70.4005
97 87 51.804
53 43 72.8309
95 85 19.1853
109 99 38.2171
108 98 17.7199
32 22 76.8761
79 69 38.2629
100 90 41.6309
80 70 44.0949
15 5 96.3421
100 90 34.6685
61 51 68.0378
86 76 29.8116
72 62 57.3609
46 36 64.6689
30 20 87.7107
96 86 48.1705
21 11 84.4359
44 34 78.7213
89 79 35.7975
108 98 46.6803
90 80 28.6503
52 42 57.8862
38 28 71.0885
77 67 23.6118
26 16 80.8651
74 64 38.8366
70 60 51.4577
78 68 30.5544
60 50 39.8843
12 2 97.0225
72 62 55.9324
66 56 55.049
59 49 55.8876
52 42 61.7089
97 87 40.5247
94 84 34.1675
56 46 72.2381
17 7 95.58
28 18 78.9823
28 18 79.8038
49 39 70.0318
29 19 87.9769
28 18 79.397
61 51 55.8966
105 95 9.7219
75 65 65.0571
78 68 57.3337
40 30 68.7042
33 23 78.2694
28 18 78.4801
77 67 33.8084
72 62 52.9475
64 54 47.428
81 71 34.3888
30 20 80.4214
38 28 78.4535
51 41 56.0118
53 43 49.6856
89 79 35.6648
86 76 49.487
41 31 76.7358
48 38 69.6674
92 82 52.0389
86 76 20.3365
34 24 67.751
107 97 18.0438
78 68 53.5195
58 48 57.0765
66 56 33.7108
65 55 60.982
46 36 60.1276
67 57 60.516
44 34 69.2357
17 7 94.4084
73 63 37.7463
40 30 72.449
15 5 96.0282
101 91 22.6881
41 31 70.2663
69 59 42.6109
77 67 62.2568
74 64 42.4739
11 1 99.2753
50 40 61.1415
48 38 65.0458
100 90 23.75
25 15 89.6961
88 78 49.3267
75 65 28.9756
93 83 19.9023
94 84 43.4729
79 69 50.5948
103 93 38.143
24 14 86.6631
12 2 98.2557
48 38 70.1055
72 62 44.9248
52 42 73.6645
91 81 37.916
24 14 84.7652
57 47 61.3261
82 72 29.3352
29 19 78.0378
106 96 24.9171
45 35 76.5083
93 83 28.1239
76 66 61.5142
37 27 74.6669
106 96 41.2203
97 87 28.9573
11 1 99.2693
21 11 89.4065
46 36 72.1344
87 77 46.2468
47 37 65.1071
60 50 43.9503
59 49 63.8497
93 83 48.7064
14 4 96.9772
49 39 51.8357
104 94 47.9681
89 79 41.3346
73 63 43.6895
64 54 68.2755
53 43 72.7404
55 45 60.0424
22 12 89.6336
103 93 40.5234
41 31 71.4532
73 63 52.635
32 22 82.2395
81 71 36.1694
103 93 36.012
80 70 34.5133
12 2 97.8299
107 97 49.9693
86 76 31.9892
90 80 33.9563
96 86 35.9712
71 61 35.9412
63 53 57.0584
33 23 87.7051
105 95 49.1541
79 69 61.588
106 96 7.2151
70 60 51.3659
101 91 23.297
67 57 45.6719
63 53 44.1627
13 3 96.9811
87 77 62.8342
59 49 55.0564
83 73 28.0508
44 34 77.9901
22 12 87.6714
12 2 97.9664
25 15 87.6845
57 47 47.668
39 29 61.1039
110 100 16.0496
56 46 70.0803
48 38 65.9685
13 3 98.0615
106 96 23.4527
83 73 41.5961
18 8 94.0376
87 77 21.0268
72 62 32.881
56 46 72.9453
55 45 66.3671
37 27 78.5882
61 51 54.5988
23 13 87.7332
93 83 56.3941
94 84 23.9728
26 16 86.1258
30 20 83.9679
41 31 66.664
64 54 52.2772
107 97 31.996
26 16 78.5599
44 34 59.2115
102 92 35.044
47 37 68.7788
31 21 84.2449
108 98 29.5099
86 76 30.9025
99 89 32.4421
98 88 29.2562
85 75 17.4741
77 67 47.8919
49 39 60.6919
110 100 27.8921
48 38 72.0733
32 22 83.3916
107 97 23.6497
53 43 74.8588
49 39 66.3247
19 9 93.9601
65 55 68.1005
20 10 89.969
74 64 38.9201
20 10 88.5707
16 6 95.3591
90 80 35.7556
23 13 92.4386
74 64 58.4934
20 10 88.02
18 8 92.0141
48 38 55.3268
46 36 69.2141
74 64 40.8308
84 74 26.8842
81 71 52.93
17 7 95.3767
74 64 54.92
43 33 69.3456
38 28 71.7138
81 71 37.0881
79 69 53.6117
95 85 25.3734
89 79 41.3385
84 74 36.7018
94 84 33.7247
12 2 98.6407
94 84 49.2088
64 54 60.1431
16 6 94.5503
18 8 94.632
17 7 93.4412
55 45 58.0934
69 59 42.3293
51 41 50.5251
72 62 62.6916
13 3 97.2571
109 99 35.2931
76 66 44.6465
25 15 85.9589
50 40 67.8037
17 7 92.6445
44 34 72.778
103 93 27.8045
15 5 95.7364
102 92 48.3386
110 100 38.2307
47 37 58.0309
25 15 83.4226
72 62 41.5316
58 48 46.2101
87 77 38.859
78 68 38.4375
23 13 86.2372
67 57 62.3279
38 28 71.8155
16 6 95.3025
63 53 59.8751
40 30 74.7775
72 62 58.8488
88 78 53.08
65 55 40.098
87 77 32.9533
92 82 45.4748
33 23 81.4615
59 49 55.9998
44 34 65.6797
70 60 52.93
22 12 91.7668
17 7 92.6426
43 33 69.4006
80 70 29.0791
78 68 27.9587
56 46 53.6029
106 96 18.7619
93 83 47.0171
109 99 25.021
50 40 50.4001
21 11 92.185
77 67 35.089
99 89 30.2621
36 26 83.4957
71 61 62.2095
109 99 25.6056
41 31 75.7718
93 83 21.7026
105 95 38.9364
12 2 98.8354
24 14 85.9032
51 41 76.862
76 66 62.5396
103 93 36.4104
52 42 64.2915
28 18 85.2317
67 57 33.3287
