100 2644 9.9499
72 62 11.8708
77 67 12.8178
94 84 69.9649
91 81 65.0055
18 8 0.4727
29 19 1.0274
99 89 46.0824
71 61 12.9377
108 98 44.8887
20 10 0.4836
23 13 0.6197
102 92 22.7653
100 90 35.4346
82 72 35.1851
57 47 13.8905
32 22 1.9918
26 16 0.6866
110 100 69.8879
42 32 4.7878
62 52 7.123
24 14 0.7951
18 8 0.3055
22 12 0.7441
87 77 28.8681
68 58 9.9862
60 50 12.3784
74 64 18.973
86 76 52.3394
19 9 0.4497
27 17 1.1595
73 63 17.6829
103 93 77.491
32 22 3.2873
102 92 68.7374
59 49 17.4582
79 69 12.9434
38 28 6.283
106 96 62.869
89 79 48.1747
102 92 55.4146
100 90 23.872
105 95 66.7947
107 97 73.9875
68 58 16.6391
26 16 1.2104
40 30 6.4354
55 45 11.3839
107 97 26.6762
51 41 11.7841
25 15 0.636
54 44 12.4355
25 15 2.0848
84 74 15.5907
35 25 4.3668
20 10 0.5975
109 99 30.8969
17 7 0.2413
109 99 40.461
103 93 77.4171
59 49 19.946
55 45 7.679
95 85 31.5653
44 34 7.3631
55 45 6.7003
39 29 8.2651
12 2 0.0345
44 34 10.3742
36 26 5.6796
84 74 32.571
48 38 9.1664
100 90 52.3698
19 9 0.2698
31 21 3.4025
33 23 4.9984
46 36 6.2505
54 44 6.867
57 47 15.6104
89 79 31.2112
34 24 4.4037
78 68 17.3822
67 57 8.3741
109 99 75.784
71 61 11.031
99 89 57.8284
34 24 2.3159
57 47 17.8574
56 46 7.8518
64 54 23.0007
110 100 82.8264
84 74 36.6001
87 77 27.51
86 76 19.2537
51 41 12.9434
63 53 15.5126
96 86 29.4892
15 5 0.2264
96 86 21.0085
60 50 17.5762
22 12 1.2463
27 17 1.3468
