500 100 4.3589
1 1 91
3 3 89
4 4 86
1 1 82
15 15 72
16 16 70
1 1 76
14 14 73
11 11 74
8 8 74
18 18 67
6 6 73
10 10 72
26 26 54
11 11 70
18 18 67
19 19 65
25 25 56
5 5 69
30 30 49
22 22 60
15 15 67
23 23 59
26 26 54
9 9 65
14 14 65
5 5 64
28 28 51
31 31 47
36 36 40
11 11 62
34 34 43
19 19 62
10 10 61
15 15 60
6 6 60
37 37 39
21 21 59
9 9 59
2 2 58
8 8 58
11 11 58
24 24 57
19 19 58
37 37 39
41 41 34
38 38 38
6 6 57
35 35 42
14 14 57
29 29 50
19 19 55
43 43 32
42 42 33
31 31 47
35 35 42
10 10 54
29 29 50
41 41 34
12 12 53
9 9 53
46 46 29
44 44 31
19 19 52
14 14 52
40 40 36
45 45 30
39 39 37
33 33 44
32 32 46
48 48 27
38 38 38
14 14 50
36 36 40
45 45 30
17 17 49
16 16 48
39 39 37
19 19 48
50 50 25
18 18 47
49 49 26
29 29 46
48 48 27
22 22 46
24 24 45
15 15 45
17 17 44
12 12 43
35 35 42
44 44 31
54 54 21
33 33 43
51 51 24
7 7 42
53 53 22
55 55 20
25 25 41
42 42 33
45 45 30
44 44 31
39 39 37
38 38 38
59 59 16
36 36 39
53 53 22
35 35 38
48 48 27
16 16 38
44 44 31
37 37 38
28 28 38
54 54 21
26 26 38
29 29 38
22 22 37
58 58 17
57 57 18
29 29 37
47 47 28
45 45 30
19 19 37
43 43 32
60 60 16
4 4 36
23 23 36
39 39 35
12 12 35
6 6 35
2 2 35
27 27 35
52 52 23
26 26 34
9 9 34
51 51 24
25 25 34
8 8 34
44 44 31
48 48 27
47 47 28
6 6 33
30 30 33
43 43 32
38 38 32
38 38 32
24 24 32
53 53 22
36 36 31
48 48 27
16 16 31
8 8 31
35 35 31
6 6 31
55 55 20
14 14 31
56 56 19
55 55 20
63 63 13
23 23 30
1 1 30
37 37 30
4 4 30
62 62 14
69 69 9
35 35 29
69 69 9
36 36 29
56 56 19
24 24 29
27 27 29
28 28 29
31 31 28
59 59 16
37 37 28
37 37 28
53 53 22
40 40 27
55 55 20
51 51 24
56 56 19
70 70 9
55 55 20
70 70 9
70 70 9
35 35 26
25 25 25
37 37 25
56 56 19
54 54 21
68 68 10
11 11 25
70 70 9
65 65 12
70 70 9
42 42 24
62 62 14
65 65 12
31 31 24
58 58 17
49 49 24
67 67 10
52 52 23
65 65 12
31 31 23
42 42 23
70 70 9
52 52 23
46 46 23
49 49 23
54 54 21
27 27 23
31 31 23
60 60 16
44 44 22
24 24 22
43 43 22
70 70 9
29 29 22
61 61 15
5 5 21
50 50 21
13 13 21
3 3 21
56 56 19
46 46 21
28 28 21
70 70 9
42 42 21
33 33 20
67 67 10
56 56 19
40 40 20
38 38 20
60 60 16
53 53 20
12 12 20
16 16 20
41 41 20
69 69 9
4 4 20
70 70 9
70 70 9
2 2 19
35 35 19
69 69 9
70 70 9
53 53 19
2 2 19
70 70 9
70 70 9
70 70 9
5 5 18
68 68 10
70 70 9
70 70 9
68 68 10
39 39 18
29 29 18
15 15 18
63 63 13
11 11 17
31 31 17
47 47 17
28 28 17
70 70 9
70 70 9
42 42 17
34 34 16
59 59 16
63 63 13
46 46 16
70 70 9
14 14 16
70 70 9
70 70 9
16 16 16
48 48 16
70 70 9
70 70 9
70 70 9
2 2 15
37 37 15
59 59 15
42 42 15
63 63 13
63 63 13
30 30 15
29 29 15
70 70 9
51 51 15
60 60 14
64 64 12
50 50 14
70 70 9
70 70 9
34 34 14
70 70 9
17 17 14
70 70 9
70 70 9
1 1 13
70 70 9
70 70 9
62 62 13
35 35 13
35 35 13
66 66 11
64 64 12
70 70 9
70 70 9
23 23 13
6 6 12
22 22 12
70 70 9
58 58 12
70 70 9
70 70 9
35 35 12
70 70 9
41 41 12
53 53 12
70 70 9
67 67 10
62 62 11
70 70 9
70 70 9
18 18 11
36 36 11
70 70 9
65 65 11
70 70 9
31 31 10
70 70 9
70 70 9
48 48 10
70 70 9
65 65 10
12 12 10
68 68 10
23 23 10
70 70 9
70 70 9
26 26 9
70 70 9
70 70 9
18 18 9
70 70 9
48 48 9
13 13 9
48 48 9
70 70 9
63 63 9
50 50 9
70 70 9
50 50 9
26 26 9
70 70 9
19 19 8
34 34 8
57 57 8
70 70 9
56 56 8
70 70 9
66 66 8
70 70 9
70 70 9
70 70 9
70 70 9
70 70 9
70 70 9
70 70 9
58 58 7
70 70 9
62 62 7
70 70 9
39 39 7
10 10 7
66 66 7
59 59 7
60 60 7
70 70 9
70 70 9
70 70 7
70 70 9
64 64 6
70 70 9
70 70 9
70 70 9
70 70 9
70 70 9
70 70 9
34 34 6
70 70 9
70 70 9
70 70 9
70 70 9
70 70 9
6 6 5
70 70 9
11 11 5
60 60 5
49 49 5
70 70 9
61 61 5
61 61 5
70 70 9
57 57 5
70 70 9
70 70 9
30 30 4
70 70 9
40 40 4
70 70 9
70 70 9
70 70 9
70 70 9
66 66 4
57 57 4
64 64 4
17 17 4
60 60 3
10 10 3
53 53 3
70 70 9
55 55 3
70 70 9
70 70 9
70 70 9
70 70 9
70 70 9
70 70 9
70 70 9
70 70 9
70 70 9
70 70 9
70 70 9
70 70 9
70 70 6
70 70 3
10 10 2
70 70 9
70 70 9
70 70 9
70 70 9
70 70 9
33 33 2
6 6 2
70 70 9
38 38 2
70 70 9
57 57 2
12 12 2
70 70 9
20 20 2
68 68 1
70 70 9
32 32 1
70 70 9
70 70 9
41 41 1
70 70 9
70 70 9
70 70 9
70 70 9
70 70 9
70 70 9
70 70 9
70 70 9
70 70 9
70 70 9
70 70 8
70 70 9
70 70 9
70 70 9
30 30 1
70 70 9
70 70 9
70 70 9
70 70 9
50 50 0
70 70 9
70 70 9
70 70 9
70 70 9
70 70 9
70 70 9
70 70 9
70 70 5
14 14 0
70 70 9
53 53 0
56 56 0
70 70 9
70 70 9
70 70 9
70 70 9
70 70 9
70 70 9
70 70 9
70 70 9
