5000 100 4.3589
11 1 98
12 2 96
12 2 96
12 2 96
11 1 96
13 3 94
13 3 94
13 3 94
11 1 95
14 4 92
11 1 94
15 5 90
14 4 92
12 2 93
12 2 92
11 1 92
14 4 92
15 5 90
17 7 86
16 6 88
17 7 86
17 7 86
15 5 90
12 2 91
17 7 86
17 7 86
15 5 90
12 2 91
13 3 90
17 7 86
18 8 84
13 3 90
17 7 86
19 9 82
14 4 89
16 6 88
15 5 89
20 10 81
18 8 84
17 7 86
19 9 82
14 4 88
19 9 82
18 8 84
16 6 88
18 8 84
12 2 88
11 1 88
21 11 79
14 4 87
12 2 87
21 11 79
20 10 81
21 11 79
20 10 81
11 1 87
17 7 86
17 7 86
11 1 87
22 12 77
13 3 86
16 6 86
15 5 86
23 13 75
16 6 86
12 2 85
21 11 79
12 2 85
15 5 85
14 4 85
24 14 73
12 2 85
20 10 81
19 9 82
18 8 84
15 5 84
19 9 82
15 5 84
20 10 81
26 16 70
23 13 75
19 9 82
14 4 83
22 12 77
26 16 70
14 4 83
15 5 83
26 16 70
13 3 82
19 9 82
17 7 82
27 17 68
24 14 73
27 17 68
16 6 82
19 9 82
21 11 79
12 2 82
12 2 82
11 1 82
13 3 82
26 16 70
12 2 81
22 12 77
22 12 77
16 6 81
20 10 81
26 16 70
25 15 72
25 15 72
17 7 81
14 4 81
19 9 81
21 11 79
15 5 81
17 7 81
17 7 81
12 2 81
21 11 79
18 8 80
24 14 73
12 2 80
22 12 77
29 19 65
19 9 79
25 15 72
23 13 75
30 20 64
29 19 65
12 2 79
13 3 79
16 6 79
12 2 79
22 12 77
14 4 78
12 2 78
30 20 64
29 19 65
26 16 70
16 6 78
24 14 73
21 11 77
25 15 72
16 6 77
18 8 77
30 20 64
27 17 68
14 4 77
23 13 75
24 14 73
15 5 76
31 21 62
28 18 67
30 20 64
23 13 75
19 9 76
17 7 76
22 12 76
29 19 65
20 10 75
31 21 62
32 22 60
27 17 68
28 18 67
29 19 65
34 24 57
34 24 57
30 20 64
20 10 75
27 17 68
23 13 75
19 9 75
27 17 68
21 11 74
13 3 74
25 15 72
19 9 74
29 19 65
19 9 74
30 20 64
34 24 57
17 7 74
15 5 74
15 5 74
26 16 70
30 20 64
33 23 59
18 8 73
29 19 65
25 15 72
33 23 59
17 7 73
17 7 73
15 5 73
26 16 70
30 20 64
32 22 60
19 9 72
17 7 72
34 24 57
35 25 56
37 27 53
19 9 72
20 10 72
12 2 72
32 22 60
25 15 71
22 12 71
35 25 56
19 9 71
27 17 68
36 26 54
14 4 71
23 13 71
22 12 71
29 19 65
27 17 68
37 27 53
26 16 70
13 3 70
36 26 54
25 15 70
39 29 50
29 19 65
17 7 70
37 27 53
13 3 70
18 8 70
24 14 70
19 9 70
20 10 70
12 2 70
32 22 60
19 9 69
22 12 69
26 16 69
29 19 65
20 10 69
25 15 69
29 19 65
25 15 69
17 7 69
36 26 54
18 8 69
14 4 69
18 8 69
28 18 67
32 22 60
20 10 69
33 23 59
26 16 69
18 8 69
32 22 60
28 18 67
36 26 54
26 16 69
31 21 62
23 13 68
28 18 67
21 11 68
18 8 68
28 18 67
35 25 56
26 16 68
23 13 68
12 2 68
27 17 68
33 23 59
15 5 68
31 21 62
36 26 54
13 3 67
31 21 62
17 7 67
21 11 67
42 32 46
28 18 67
37 27 53
15 5 67
27 17 67
39 29 50
12 2 67
35 25 56
17 7 67
35 25 56
31 21 62
26 16 67
38 28 51
31 21 62
31 21 62
22 12 66
43 33 44
39 29 50
43 33 44
22 12 66
30 20 64
16 6 66
11 1 66
15 5 66
39 29 50
37 27 53
13 3 66
14 4 66
27 17 66
43 33 44
42 32 46
13 3 66
36 26 54
12 2 66
21 11 66
13 3 66
35 25 56
39 29 50
22 12 65
12 2 65
42 32 46
14 4 65
11 1 65
35 25 56
11 1 65
18 8 65
43 33 44
39 29 50
35 25 56
11 1 65
45 35 42
41 31 47
29 19 64
16 6 64
29 19 64
16 6 64
22 12 64
36 26 54
41 31 47
11 1 64
13 3 64
44 34 43
31 21 62
32 22 60
14 4 63
44 34 43
41 31 47
17 7 63
43 33 44
30 20 63
29 19 63
42 32 46
22 12 63
42 32 46
37 27 53
35 25 56
40 30 49
13 3 63
30 20 63
41 31 47
17 7 63
35 25 56
17 7 63
43 33 44
43 33 44
27 17 63
38 28 51
36 26 54
12 2 63
11 1 63
34 24 57
23 13 63
28 18 63
21 11 62
21 11 62
27 17 62
37 27 53
47 37 39
47 37 39
11 1 62
37 27 53
12 2 62
29 19 62
16 6 62
38 28 51
45 35 42
20 10 62
45 35 42
32 22 60
36 26 54
46 36 40
36 26 54
17 7 62
40 30 49
18 8 62
30 20 62
45 35 42
28 18 62
43 33 44
44 34 43
26 16 62
21 11 61
17 7 61
38 28 51
17 7 61
37 27 53
14 4 61
12 2 61
19 9 61
39 29 50
40 30 49
15 5 61
18 8 61
24 14 61
40 30 49
12 2 61
43 33 44
14 4 61
37 27 53
26 16 61
48 38 38
41 31 47
23 13 61
48 38 38
46 36 40
38 28 51
34 24 57
48 38 38
22 12 61
47 37 39
23 13 60
43 33 44
39 29 50
13 3 60
32 22 60
28 18 60
38 28 51
33 23 59
25 15 60
13 3 60
34 24 57
28 18 60
13 3 60
34 24 57
46 36 40
49 39 37
17 7 60
42 32 46
44 34 43
33 23 59
11 1 60
14 4 60
40 30 49
35 25 56
39 29 50
25 15 59
44 34 43
33 23 59
50 40 36
36 26 54
44 34 43
48 38 38
28 18 59
27 17 59
40 30 49
49 39 37
31 21 59
35 25 56
29 19 59
36 26 54
26 16 59
21 11 59
46 36 40
50 40 36
39 29 50
38 28 51
36 26 54
12 2 58
45 35 42
21 11 58
22 12 58
41 31 47
40 30 49
45 35 42
49 39 37
19 9 58
46 36 40
30 20 58
28 18 58
34 24 57
42 32 46
41 31 47
23 13 58
17 7 58
26 16 58
34 24 57
28 18 58
34 24 57
32 22 58
37 27 53
43 33 44
50 40 36
40 30 49
24 14 58
33 23 58
45 35 42
38 28 51
48 38 38
28 18 58
28 18 58
29 19 58
37 27 53
31 21 57
35 25 56
24 14 57
35 25 56
39 29 50
14 4 57
34 24 57
46 36 40
49 39 37
38 28 51
40 30 49
17 7 57
36 26 54
29 19 57
25 15 57
48 38 38
20 10 57
52 42 33
33 23 57
40 30 49
29 19 57
40 30 49
48 38 38
29 19 57
21 11 57
39 29 50
45 35 42
24 14 57
50 40 36
27 17 57
51 41 34
29 19 57
22 12 56
49 39 37
41 31 47
38 28 51
14 4 56
46 36 40
52 42 33
33 23 56
35 25 56
22 12 56
24 14 56
18 8 56
53 43 32
26 16 56
34 24 56
42 32 46
40 30 49
15 5 56
42 32 46
21 11 56
40 30 49
29 19 56
51 41 34
41 31 47
42 32 46
23 13 56
36 26 54
50 40 36
40 30 49
33 23 56
42 32 46
26 16 55
33 23 55
52 42 33
22 12 55
33 23 55
19 9 55
32 22 55
11 1 55
46 36 40
51 41 34
44 34 43
30 20 55
45 35 42
28 18 55
40 30 49
48 38 38
48 38 38
28 18 55
28 18 55
14 4 55
20 10 55
19 9 55
44 34 43
34 24 55
39 29 50
34 24 54
48 38 38
21 11 54
42 32 46
34 24 54
53 43 32
38 28 51
37 27 53
15 5 54
52 42 33
35 25 54
12 2 54
39 29 50
49 39 37
35 25 54
49 39 37
29 19 54
48 38 38
17 7 54
36 26 54
47 37 39
43 33 44
39 29 50
14 4 54
28 18 54
47 37 39
26 16 54
50 40 36
43 33 44
25 15 54
50 40 36
18 8 54
24 14 54
19 9 54
54 44 31
55 45 30
14 4 53
35 25 53
35 25 53
27 17 53
52 42 33
26 16 53
22 12 53
46 36 40
48 38 38
34 24 53
20 10 53
35 25 53
39 29 50
51 41 34
37 27 53
36 26 53
12 2 53
20 10 53
54 44 31
46 36 40
39 29 50
40 30 49
27 17 52
35 25 52
57 47 28
26 16 52
35 25 52
16 6 52
34 24 52
43 33 44
55 45 30
37 27 52
54 44 31
39 29 50
45 35 42
47 37 39
46 36 40
37 27 52
41 31 47
45 35 42
16 6 52
57 47 28
37 27 52
18 8 52
39 29 50
43 33 44
31 21 52
23 13 52
15 5 52
28 18 52
47 37 39
27 17 52
31 21 52
46 36 40
31 21 52
48 38 38
11 1 52
39 29 50
55 45 30
26 16 52
22 12 52
28 18 51
46 36 40
39 29 50
17 7 51
57 47 28
49 39 37
39 29 50
23 13 51
42 32 46
29 19 51
41 31 47
42 32 46
28 18 51
41 31 47
37 27 51
11 1 51
42 32 46
19 9 51
48 38 38
36 26 51
50 40 36
28 18 51
44 34 43
32 22 51
45 35 42
31 21 50
58 48 27
54 44 31
29 19 50
21 11 50
54 44 31
57 47 28
45 35 42
50 40 36
33 23 50
28 18 50
55 45 30
49 39 37
53 43 32
43 33 44
17 7 50
47 37 39
50 40 36
27 17 50
44 34 43
24 14 50
16 6 50
46 36 40
58 48 27
38 28 50
46 36 40
45 35 42
26 16 50
53 43 32
22 12 49
50 40 36
51 41 34
44 34 43
38 28 49
45 35 42
57 47 28
56 46 29
54 44 31
33 23 49
18 8 49
49 39 37
11 1 49
50 40 36
58 48 27
56 46 29
55 45 30
26 16 49
16 6 49
25 15 49
53 43 32
34 24 49
11 1 49
11 1 49
35 25 49
17 7 49
35 25 49
30 20 49
42 32 46
13 3 49
15 5 49
41 31 47
48 38 38
56 46 29
45 35 42
45 35 42
50 40 36
48 38 38
61 51 24
32 22 48
19 9 48
18 8 48
32 22 48
31 21 48
57 47 28
31 21 48
27 17 48
51 41 34
32 22 48
43 33 44
39 29 48
22 12 48
27 17 48
49 39 37
24 14 48
55 45 30
53 43 32
57 47 28
42 32 46
27 17 48
58 48 27
11 1 48
57 47 28
34 24 48
14 4 48
57 47 28
42 32 46
45 35 42
35 25 48
36 26 48
41 31 47
54 44 31
12 2 48
17 7 47
40 30 47
32 22 47
16 6 47
39 29 47
16 6 47
31 21 47
20 10 47
24 14 47
32 22 47
31 21 47
18 8 47
39 29 47
35 25 47
45 35 42
19 9 47
60 50 25
44 34 43
31 21 47
33 23 47
60 50 25
20 10 47
40 30 47
53 43 32
54 44 31
54 44 31
33 23 47
27 17 47
18 8 47
55 45 30
38 28 47
36 26 47
62 52 23
47 37 39
22 12 47
18 8 47
37 27 47
34 24 47
31 21 47
32 22 47
39 29 47
52 42 33
58 48 27
63 53 22
14 4 46
53 43 32
29 19 46
43 33 44
44 34 43
43 33 44
38 28 46
31 21 46
36 26 46
57 47 28
58 48 27
50 40 36
28 18 46
62 52 23
54 44 31
57 47 28
26 16 46
35 25 46
36 26 46
59 49 26
31 21 46
19 9 46
39 29 46
51 41 34
40 30 46
43 33 44
44 34 43
61 51 24
55 45 30
50 40 36
51 41 34
39 29 45
32 22 45
50 40 36
11 1 45
46 36 40
40 30 45
16 6 45
56 46 29
24 14 45
36 26 45
50 40 36
59 49 26
31 21 45
46 36 40
47 37 39
27 17 45
49 39 37
39 29 45
62 52 23
16 6 45
43 33 44
39 29 45
50 40 36
34 24 45
59 49 26
15 5 45
28 18 45
35 25 45
52 42 33
34 24 45
41 31 45
40 30 45
50 40 36
31 21 45
63 53 22
56 46 29
19 9 44
55 45 30
60 50 25
14 4 44
40 30 44
23 13 44
45 35 42
42 32 44
51 41 34
56 46 29
47 37 39
59 49 26
38 28 44
32 22 44
45 35 42
38 28 44
53 43 32
20 10 44
47 37 39
53 43 32
16 6 44
51 41 34
40 30 43
53 43 32
47 37 39
54 44 31
51 41 34
48 38 38
40 30 43
64 54 21
57 47 28
36 26 43
56 46 29
44 34 43
29 19 43
59 49 26
64 54 21
19 9 43
57 47 28
35 25 43
27 17 43
39 29 43
35 25 43
14 4 43
51 41 34
55 45 30
38 28 43
59 49 26
63 53 22
61 51 24
54 44 31
38 28 43
32 22 43
11 1 43
58 48 27
32 22 43
25 15 43
45 35 42
33 23 43
60 50 25
12 2 42
54 44 31
54 44 31
52 42 33
12 2 42
21 11 42
61 51 24
54 44 31
44 34 42
63 53 22
61 51 24
46 36 40
60 50 25
55 45 30
54 44 31
55 45 30
27 17 42
25 15 42
55 45 30
38 28 42
39 29 42
59 49 26
31 21 42
20 10 42
63 53 22
40 30 42
59 49 26
66 56 19
43 33 42
31 21 42
52 42 33
43 33 42
64 54 21
11 1 42
55 45 30
36 26 42
51 41 34
24 14 42
63 53 22
32 22 42
64 54 21
42 32 42
65 55 20
48 38 38
45 35 42
32 22 42
56 46 29
37 27 41
52 42 33
68 58 17
45 35 41
59 49 26
65 55 20
50 40 36
58 48 27
61 51 24
17 7 41
13 3 41
20 10 41
63 53 22
14 4 41
65 55 20
44 34 41
43 33 41
51 41 34
55 45 30
27 17 41
24 14 41
22 12 41
62 52 23
49 39 37
53 43 32
49 39 37
40 30 41
24 14 41
42 32 41
48 38 38
34 24 41
66 56 19
63 53 22
36 26 41
52 42 33
53 43 32
27 17 41
43 33 41
57 47 28
63 53 22
33 23 41
66 56 19
61 51 24
40 30 41
66 56 19
27 17 41
64 54 21
34 24 41
43 33 41
62 52 23
64 54 21
63 53 22
58 48 27
65 55 20
61 51 24
45 35 40
41 31 40
43 33 40
24 14 40
64 54 21
68 58 17
63 53 22
25 15 40
41 31 40
45 35 40
44 34 40
36 26 40
43 33 40
15 5 40
16 6 40
17 7 40
20 10 40
24 14 40
57 47 28
25 15 40
63 53 22
24 14 40
16 6 40
63 53 22
56 46 29
60 50 25
58 48 27
64 54 21
58 48 27
33 23 39
52 42 33
45 35 39
36 26 39
51 41 34
58 48 27
51 41 34
59 49 26
68 58 17
43 33 39
64 54 21
42 32 39
20 10 39
40 30 39
52 42 33
26 16 39
62 52 23
61 51 24
55 45 30
63 53 22
58 48 27
56 46 29
18 8 39
21 11 39
23 13 39
42 32 39
42 32 39
64 54 21
60 50 25
69 59 16
62 52 23
60 50 25
59 49 26
54 44 31
70 60 16
58 48 27
61 51 24
67 57 18
49 39 37
27 17 39
12 2 39
58 48 27
16 6 39
56 46 29
69 59 16
61 51 24
51 41 34
42 32 39
40 30 39
68 58 17
68 58 17
16 6 39
41 31 39
36 26 39
52 42 33
41 31 38
71 61 15
61 51 24
37 27 38
48 38 38
11 1 38
44 34 38
71 61 15
69 59 16
66 56 19
68 58 17
29 19 38
13 3 38
67 57 18
52 42 33
15 5 38
11 1 38
40 30 38
60 50 25
63 53 22
34 24 38
67 57 18
57 47 28
13 3 38
24 14 38
20 10 38
66 56 19
67 57 18
37 27 38
25 15 38
40 30 38
65 55 20
47 37 38
64 54 21
71 61 15
27 17 38
21 11 38
16 6 38
21 11 38
37 27 38
51 41 34
64 54 21
66 56 19
29 19 37
67 57 18
42 32 37
59 49 26
38 28 37
55 45 30
29 19 37
11 1 37
24 14 37
61 51 24
54 44 31
71 61 15
21 11 37
44 34 37
69 59 16
37 27 37
53 43 32
60 50 25
61 51 24
56 46 29
13 3 37
72 62 14
34 24 37
18 8 37
71 61 15
69 59 16
41 31 37
35 25 37
66 56 19
36 26 37
69 59 16
56 46 29
44 34 37
68 58 17
69 59 16
66 56 19
55 45 30
37 27 37
38 28 37
45 35 37
67 57 18
27 17 37
23 13 36
58 48 27
11 1 36
21 11 36
73 63 13
54 44 31
25 15 36
69 59 16
35 25 36
24 14 36
68 58 17
61 51 24
70 60 16
47 37 36
19 9 36
73 63 13
55 45 30
59 49 26
30 20 36
65 55 20
67 57 18
11 1 36
41 31 36
53 43 32
28 18 36
46 36 36
63 53 22
66 56 19
70 60 16
40 30 36
31 21 36
12 2 36
70 60 16
35 25 36
71 61 15
21 11 36
16 6 36
67 57 18
47 37 36
66 56 19
71 61 15
70 60 16
67 57 18
36 26 36
71 61 15
73 63 13
42 32 36
73 63 13
50 40 36
18 8 36
21 11 36
71 61 15
43 33 36
39 29 36
43 33 36
22 12 36
73 63 13
63 53 22
58 48 27
43 33 35
64 54 21
38 28 35
39 29 35
51 41 34
48 38 35
37 27 35
60 50 25
52 42 33
36 26 35
16 6 35
67 57 18
60 50 25
68 58 17
41 31 35
28 18 35
37 27 35
11 1 35
41 31 35
45 35 35
51 41 34
25 15 35
69 59 16
22 12 35
57 47 28
40 30 35
12 2 35
11 1 35
33 23 35
36 26 35
35 25 35
31 21 35
18 8 35
66 56 19
64 54 21
60 50 25
63 53 22
67 57 18
46 36 35
41 31 35
31 21 35
13 3 35
31 21 35
62 52 23
66 56 19
44 34 35
67 57 18
67 57 18
27 17 35
57 47 28
72 62 14
55 45 30
39 29 34
74 64 12
56 46 29
31 21 34
63 53 22
24 14 34
52 42 33
12 2 34
24 14 34
72 62 14
15 5 34
16 6 34
68 58 17
64 54 21
25 15 34
74 64 12
31 21 34
75 65 12
54 44 31
71 61 15
36 26 34
18 8 34
45 35 34
70 60 16
75 65 12
62 52 23
12 2 34
45 35 34
50 40 34
75 65 12
48 38 34
35 25 34
39 29 34
53 43 32
25 15 34
65 55 20
24 14 34
61 51 24
45 35 34
65 55 20
53 43 32
63 53 22
23 13 34
38 28 34
28 18 34
13 3 34
72 62 14
69 59 16
67 57 18
73 63 13
56 46 29
73 63 13
64 54 21
74 64 12
56 46 29
38 28 33
58 48 27
24 14 33
23 13 33
24 14 33
11 1 33
41 31 33
53 43 32
64 54 21
73 63 13
23 13 33
33 23 33
40 30 33
24 14 33
13 3 33
51 41 33
49 39 33
66 56 19
28 18 33
38 28 33
73 63 13
71 61 15
52 42 33
74 64 12
37 27 33
69 59 16
22 12 33
12 2 33
14 4 33
23 13 33
71 61 15
61 51 24
73 63 13
66 56 19
67 57 18
13 3 33
41 31 33
56 46 29
68 58 17
15 5 33
34 24 33
54 44 31
50 40 33
46 36 33
68 58 17
29 19 33
60 50 25
75 65 12
66 56 19
46 36 33
15 5 33
50 40 33
46 36 33
58 48 27
59 49 26
55 45 30
65 55 20
51 41 32
67 57 18
26 16 32
18 8 32
52 42 32
13 3 32
36 26 32
50 40 32
34 24 32
62 52 23
53 43 32
45 35 32
65 55 20
61 51 24
64 54 21
49 39 32
49 39 32
76 66 11
39 29 32
31 21 32
52 42 32
15 5 32
73 63 13
66 56 19
53 43 32
51 41 32
75 65 12
22 12 32
68 58 17
51 41 32
75 65 12
35 25 32
30 20 32
51 41 32
27 17 32
71 61 15
17 7 32
49 39 32
45 35 32
16 6 32
21 11 32
58 48 27
69 59 16
31 21 32
40 30 32
48 38 32
34 24 32
44 34 32
40 30 32
39 29 32
33 23 32
74 64 12
73 63 13
20 10 32
56 46 29
64 54 21
64 54 21
54 44 31
24 14 31
67 57 18
48 38 31
29 19 31
76 66 11
71 61 15
65 55 20
36 26 31
40 30 31
72 62 14
31 21 31
44 34 31
78 68 10
52 42 31
66 56 19
76 66 11
63 53 22
41 31 31
62 52 23
72 62 14
45 35 31
64 54 21
74 64 12
59 49 26
49 39 31
34 24 31
60 50 25
11 1 31
63 53 22
74 64 12
42 32 31
67 57 18
73 63 13
71 61 15
63 53 22
77 67 10
57 47 28
73 63 13
28 18 31
62 52 23
58 48 27
65 55 20
34 24 31
23 13 31
77 67 10
41 31 31
71 61 15
73 63 13
43 33 31
39 29 31
61 51 24
41 31 30
15 5 30
71 61 15
60 50 25
70 60 16
18 8 30
50 40 30
70 60 16
68 58 17
38 28 30
66 56 19
67 57 18
70 60 16
35 25 30
33 23 30
73 63 13
69 59 16
53 43 30
70 60 16
77 67 10
31 21 30
77 67 10
31 21 30
33 23 30
75 65 12
24 14 30
68 58 17
68 58 17
79 69 9
44 34 30
78 68 10
71 61 15
68 58 17
16 6 30
73 63 13
48 38 30
67 57 18
27 17 30
30 20 30
51 41 30
59 49 26
70 60 16
19 9 30
55 45 30
41 31 30
77 67 10
77 67 10
69 59 16
62 52 23
74 64 12
24 14 30
50 40 30
63 53 22
60 50 25
32 22 30
76 66 11
27 17 30
63 53 22
49 39 30
41 31 30
53 43 30
57 47 28
50 40 30
41 31 30
55 45 30
33 23 29
60 50 25
75 65 12
78 68 10
63 53 22
77 67 10
45 35 29
77 67 10
27 17 29
68 58 17
39 29 29
71 61 15
56 46 29
69 59 16
15 5 29
13 3 29
48 38 29
34 24 29
63 53 22
60 50 25
40 30 29
33 23 29
57 47 28
39 29 29
15 5 29
39 29 29
77 67 10
78 68 10
18 8 29
15 5 29
31 21 29
54 44 29
60 50 25
49 39 29
23 13 29
63 53 22
14 4 29
21 11 29
57 47 28
60 50 25
71 61 15
23 13 29
41 31 29
72 62 14
27 17 29
41 31 29
74 64 12
76 66 11
73 63 13
59 49 26
39 29 29
53 43 29
73 63 13
74 64 12
74 64 12
34 24 29
14 4 29
26 16 29
70 60 16
74 64 12
53 43 28
54 44 28
70 60 16
56 46 28
72 62 14
54 44 28
78 68 10
80 70 9
69 59 16
58 48 27
35 25 28
50 40 28
58 48 27
71 61 15
52 42 28
78 68 10
75 65 12
79 69 9
55 45 28
23 13 28
11 1 28
32 22 28
17 7 28
55 45 28
54 44 28
47 37 28
80 70 9
80 70 9
71 61 15
25 15 28
80 70 9
71 61 15
20 10 28
25 15 28
79 69 9
43 33 28
23 13 28
56 46 28
11 1 28
12 2 28
22 12 28
27 17 28
35 25 28
40 30 28
80 70 9
51 41 28
33 23 28
41 31 28
61 51 24
47 37 28
77 67 10
57 47 28
58 48 27
14 4 28
41 31 27
78 68 10
55 45 27
76 66 11
63 53 22
41 31 27
31 21 27
49 39 27
81 71 8
76 66 11
62 52 23
15 5 27
32 22 27
28 18 27
46 36 27
11 1 27
26 16 27
56 46 27
70 60 16
66 56 19
58 48 27
23 13 27
26 16 27
54 44 27
80 70 9
66 56 19
77 67 10
13 3 27
67 57 18
60 50 25
62 52 23
64 54 21
56 46 27
62 52 23
35 25 27
27 17 27
60 50 25
73 63 13
31 21 27
77 67 10
73 63 13
19 9 27
79 69 9
25 15 27
12 2 27
22 12 27
26 16 27
25 15 27
71 61 15
69 59 16
35 25 27
82 72 7
57 47 27
28 18 27
17 7 27
16 6 27
42 32 27
41 31 27
32 22 27
72 62 14
29 19 27
52 42 27
53 43 27
67 57 18
22 12 27
54 44 27
77 67 10
17 7 27
38 28 27
46 36 26
65 55 20
59 49 26
48 38 26
76 66 11
83 73 7
75 65 12
65 55 20
73 63 13
49 39 26
79 69 9
62 52 23
25 15 26
29 19 26
39 29 26
32 22 26
54 44 26
63 53 22
31 21 26
48 38 26
83 73 7
73 63 13
73 63 13
39 29 26
57 47 26
47 37 26
39 29 26
81 71 8
65 55 20
48 38 26
71 61 15
72 62 14
24 14 26
80 70 9
63 53 22
73 63 13
64 54 21
21 11 26
30 20 26
69 59 16
78 68 10
48 38 26
48 38 26
83 73 7
51 41 26
30 20 26
16 6 26
50 40 26
52 42 26
16 6 26
55 45 26
33 23 26
34 24 26
59 49 26
61 51 24
80 70 9
24 14 26
54 44 26
75 65 12
75 65 12
84 74 6
79 69 9
50 40 25
11 1 25
82 72 7
13 3 25
15 5 25
49 39 25
53 43 25
54 44 25
71 61 15
57 47 25
60 50 25
61 51 24
44 34 25
53 43 25
29 19 25
82 72 7
18 8 25
57 47 25
37 27 25
72 62 14
76 66 11
84 74 6
81 71 8
29 19 25
84 74 6
75 65 12
46 36 25
55 45 25
33 23 25
60 50 25
52 42 25
76 66 11
59 49 25
54 44 25
32 22 25
75 65 12
18 8 25
39 29 25
75 65 12
55 45 25
53 43 25
52 42 25
59 49 25
73 63 13
53 43 25
77 67 10
55 45 25
77 67 10
45 35 25
56 46 25
46 36 25
48 38 25
82 72 7
79 69 9
66 56 19
61 51 24
66 56 19
66 56 19
80 70 9
22 12 25
61 51 24
17 7 25
72 62 14
19 9 25
75 65 12
65 55 20
82 72 7
82 72 7
70 60 16
74 64 12
83 73 7
55 45 24
33 23 24
70 60 16
69 59 16
76 66 11
59 49 24
33 23 24
27 17 24
21 11 24
70 60 16
15 5 24
66 56 19
83 73 7
51 41 24
67 57 18
78 68 10
57 47 24
81 71 8
78 68 10
54 44 24
33 23 24
56 46 24
81 71 8
36 26 24
61 51 24
66 56 19
67 57 18
49 39 24
67 57 18
31 21 24
65 55 20
47 37 24
75 65 12
61 51 24
63 53 22
26 16 24
62 52 23
49 39 24
80 70 9
18 8 24
50 40 24
44 34 24
63 53 22
37 27 24
53 43 24
27 17 24
54 44 24
68 58 17
26 16 24
16 6 24
47 37 24
31 21 24
84 74 6
43 33 24
26 16 24
83 73 7
26 16 24
24 14 24
70 60 16
66 56 19
19 9 24
78 68 10
55 45 24
13 3 24
69 59 16
77 67 10
82 72 7
70 60 16
81 71 8
73 63 13
77 67 10
74 64 12
83 73 7
55 45 24
27 17 24
51 41 24
78 68 10
83 73 7
61 51 23
72 62 14
86 76 5
73 63 13
77 67 10
75 65 12
64 54 21
72 62 14
86 76 5
19 9 23
64 54 21
49 39 23
84 74 6
83 73 7
84 74 6
38 28 23
54 44 23
22 12 23
73 63 13
64 54 21
50 40 23
43 33 23
82 72 7
40 30 23
23 13 23
82 72 7
24 14 23
17 7 23
45 35 23
40 30 23
63 53 22
31 21 23
68 58 17
74 64 12
75 65 12
73 63 13
82 72 7
85 75 6
81 71 8
62 52 23
83 73 7
41 31 23
71 61 15
57 47 23
45 35 23
66 56 19
64 54 21
72 62 14
71 61 15
18 8 23
79 69 9
85 75 6
79 69 9
53 43 23
34 24 23
35 25 23
82 72 7
41 31 23
25 15 23
63 53 22
61 51 23
82 72 7
58 48 23
61 51 23
76 66 11
40 30 23
85 75 6
61 51 23
30 20 23
61 51 23
63 53 22
82 72 7
57 47 23
85 75 6
76 66 11
63 53 22
73 63 13
84 74 6
52 42 22
23 13 22
49 39 22
72 62 14
36 26 22
16 6 22
59 49 22
67 57 18
72 62 14
78 68 10
81 71 8
82 72 7
55 45 22
56 46 22
73 63 13
81 71 8
71 61 15
64 54 21
72 62 14
56 46 22
22 12 22
16 6 22
48 38 22
49 39 22
43 33 22
11 1 22
77 67 10
76 66 11
34 24 22
77 67 10
52 42 22
85 75 6
17 7 22
55 45 22
43 33 22
42 32 22
39 29 22
35 25 22
36 26 22
18 8 22
85 75 6
31 21 22
17 7 22
37 27 22
49 39 22
79 69 9
34 24 22
84 74 6
19 9 22
62 52 22
87 77 5
39 29 22
39 29 22
32 22 22
49 39 22
26 16 22
77 67 10
83 73 7
74 64 12
55 45 22
63 53 22
52 42 22
38 28 22
67 57 18
60 50 22
61 51 22
24 14 22
85 75 6
52 42 22
81 71 8
73 63 13
75 65 12
47 37 21
62 52 21
69 59 16
81 71 8
50 40 21
15 5 21
76 66 11
40 30 21
71 61 15
40 30 21
15 5 21
85 75 6
82 72 7
66 56 19
86 76 5
72 62 14
79 69 9
81 71 8
21 11 21
74 64 12
71 61 15
63 53 21
80 70 9
53 43 21
55 45 21
75 65 12
16 6 21
65 55 20
12 2 21
68 58 17
20 10 21
13 3 21
34 24 21
87 77 5
81 71 8
73 63 13
86 76 5
85 75 6
81 71 8
39 29 21
85 75 6
47 37 21
79 69 9
51 41 21
58 48 21
74 64 12
56 46 21
54 44 21
65 55 20
54 44 21
22 12 21
42 32 21
67 57 18
31 21 21
25 15 21
87 77 5
54 44 21
79 69 9
49 39 21
52 42 21
71 61 15
80 70 9
13 3 21
71 61 15
66 56 19
84 74 6
28 18 21
50 40 21
45 35 21
85 75 6
51 41 21
11 1 21
80 70 9
15 5 21
69 59 16
71 61 15
71 61 15
69 59 16
84 74 6
54 44 21
16 6 21
72 62 14
80 70 9
73 63 13
70 60 16
71 61 15
82 72 7
87 77 5
45 35 21
49 39 21
81 71 8
31 21 21
63 53 21
88 78 4
31 21 20
72 62 14
86 76 5
23 13 20
61 51 20
85 75 6
31 21 20
79 69 9
82 72 7
40 30 20
77 67 10
21 11 20
19 9 20
64 54 20
38 28 20
87 77 5
51 41 20
39 29 20
37 27 20
82 72 7
20 10 20
20 10 20
46 36 20
17 7 20
56 46 20
52 42 20
83 73 7
61 51 20
88 78 4
38 28 20
79 69 9
85 75 6
21 11 20
76 66 11
30 20 20
78 68 10
25 15 20
81 71 8
77 67 10
77 67 10
70 60 16
71 61 15
82 72 7
11 1 20
57 47 20
68 58 17
13 3 20
70 60 16
52 42 20
29 19 20
17 7 20
18 8 20
78 68 10
80 70 9
34 24 20
52 42 20
27 17 20
46 36 20
56 46 20
54 44 20
56 46 20
60 50 20
74 64 12
14 4 20
32 22 20
31 21 20
72 62 14
46 36 20
88 78 4
31 21 20
89 79 4
72 62 14
87 77 5
51 41 19
64 54 19
76 66 11
88 78 4
83 73 7
31 21 19
82 72 7
28 18 19
20 10 19
25 15 19
70 60 16
55 45 19
82 72 7
34 24 19
28 18 19
67 57 18
11 1 19
53 43 19
17 7 19
54 44 19
54 44 19
43 33 19
89 79 4
80 70 9
75 65 12
55 45 19
76 66 11
78 68 10
28 18 19
68 58 17
71 61 15
88 78 4
85 75 6
86 76 5
33 23 19
73 63 13
75 65 12
81 71 8
34 24 19
37 27 19
13 3 19
75 65 12
55 45 19
22 12 19
82 72 7
60 50 19
81 71 8
68 58 17
53 43 19
22 12 19
72 62 14
27 17 19
75 65 12
87 77 5
55 45 19
72 62 14
38 28 19
63 53 19
77 67 10
62 52 19
87 77 5
69 59 16
55 45 19
11 1 19
73 63 13
60 50 19
55 45 19
25 15 19
44 34 19
41 31 19
87 77 5
69 59 16
90 80 4
60 50 19
47 37 19
62 52 19
54 44 19
40 30 19
75 65 12
36 26 19
54 44 18
61 51 18
59 49 18
81 71 8
23 13 18
55 45 18
17 7 18
37 27 18
28 18 18
69 59 16
64 54 18
23 13 18
88 78 4
86 76 5
25 15 18
89 79 4
84 74 6
75 65 12
85 75 6
69 59 16
51 41 18
86 76 5
78 68 10
80 70 9
57 47 18
25 15 18
69 59 16
91 81 3
85 75 6
85 75 6
71 61 15
36 26 18
82 72 7
36 26 18
42 32 18
47 37 18
75 65 12
82 72 7
91 81 3
57 47 18
89 79 4
17 7 18
73 63 13
80 70 9
20 10 18
30 20 18
31 21 18
73 63 13
74 64 12
91 81 3
79 69 9
90 80 4
84 74 6
49 39 18
89 79 4
20 10 18
22 12 18
74 64 12
46 36 18
87 77 5
70 60 16
56 46 18
31 21 18
66 56 18
22 12 18
81 71 8
30 20 18
56 46 17
42 32 17
86 76 5
57 47 17
78 68 10
66 56 17
65 55 17
72 62 14
54 44 17
71 61 15
55 45 17
59 49 17
36 26 17
84 74 6
51 41 17
26 16 17
84 74 6
89 79 4
84 74 6
78 68 10
39 29 17
13 3 17
88 78 4
91 81 3
51 41 17
53 43 17
55 45 17
57 47 17
88 78 4
72 62 14
67 57 17
89 79 4
59 49 17
83 73 7
54 44 17
76 66 11
87 77 5
86 76 5
22 12 17
37 27 17
21 11 17
73 63 13
89 79 4
49 39 17
88 78 4
54 44 17
50 40 17
92 82 3
62 52 17
88 78 4
68 58 17
44 34 17
72 62 14
72 62 14
47 37 17
55 45 17
83 73 7
68 58 17
61 51 17
30 20 17
69 59 16
71 61 15
68 58 17
46 36 17
86 76 5
39 29 17
91 81 3
26 16 17
53 43 17
81 71 8
43 33 17
42 32 17
50 40 17
89 79 4
43 33 17
62 52 17
13 3 17
62 52 17
83 73 7
90 80 4
78 68 10
68 58 17
78 68 10
11 1 17
78 68 10
54 44 17
67 57 17
56 46 17
62 52 17
37 27 17
53 43 17
20 10 17
43 33 17
85 75 6
37 27 17
28 18 17
52 42 17
74 64 12
80 70 9
15 5 17
69 59 16
47 37 17
91 81 3
31 21 17
52 42 17
73 63 13
46 36 17
78 68 10
93 83 2
84 74 6
53 43 16
80 70 9
91 81 3
48 38 16
84 74 6
71 61 15
93 83 2
11 1 16
53 43 16
86 76 5
13 3 16
74 64 12
89 79 4
17 7 16
81 71 8
91 81 3
62 52 16
23 13 16
82 72 7
64 54 16
16 6 16
89 79 4
44 34 16
77 67 10
53 43 16
90 80 4
69 59 16
39 29 16
56 46 16
91 81 3
88 78 4
72 62 14
64 54 16
79 69 9
15 5 16
37 27 16
78 68 10
91 81 3
62 52 16
45 35 16
79 69 9
81 71 8
79 69 9
71 61 15
91 81 3
83 73 7
29 19 16
61 51 16
43 33 16
93 83 2
81 71 8
70 60 16
92 82 3
90 80 4
21 11 16
85 75 6
31 21 16
91 81 3
81 71 8
50 40 16
52 42 16
77 67 10
39 29 16
47 37 16
28 18 16
90 80 4
55 45 16
78 68 10
29 19 16
41 31 16
61 51 16
58 48 16
66 56 16
75 65 12
83 73 7
83 73 7
70 60 16
84 74 6
52 42 15
66 56 15
83 73 7
89 79 4
64 54 15
73 63 13
24 14 15
72 62 14
91 81 3
83 73 7
74 64 12
46 36 15
41 31 15
92 82 3
83 73 7
64 54 15
86 76 5
80 70 9
86 76 5
36 26 15
28 18 15
89 79 4
93 83 2
58 48 15
85 75 6
68 58 15
91 81 3
46 36 15
86 76 5
55 45 15
84 74 6
76 66 11
55 45 15
91 81 3
43 33 15
64 54 15
75 65 12
26 16 15
81 71 8
90 80 4
13 3 15
33 23 15
84 74 6
80 70 9
44 34 15
59 49 15
72 62 14
23 13 15
78 68 10
42 32 15
83 73 7
44 34 15
93 83 2
91 81 3
85 75 6
60 50 15
58 48 15
22 12 15
92 82 3
12 2 15
89 79 4
87 77 5
50 40 15
44 34 15
76 66 11
78 68 10
47 37 15
42 32 15
86 76 5
17 7 15
82 72 7
66 56 15
13 3 15
94 84 2
90 80 4
56 46 15
82 72 7
88 78 4
78 68 10
79 69 9
84 74 6
23 13 15
44 34 15
82 72 7
80 70 9
91 81 3
73 63 13
86 76 5
92 82 3
77 67 10
93 83 2
45 35 14
73 63 13
58 48 14
80 70 9
88 78 4
51 41 14
31 21 14
53 43 14
55 45 14
53 43 14
95 85 2
94 84 2
40 30 14
86 76 5
11 1 14
48 38 14
84 74 6
40 30 14
88 78 4
72 62 14
95 85 2
61 51 14
89 79 4
87 77 5
76 66 11
48 38 14
80 70 9
80 70 9
13 3 14
49 39 14
93 83 2
60 50 14
52 42 14
92 82 3
54 44 14
81 71 8
74 64 12
78 68 10
60 50 14
92 82 3
73 63 13
35 25 14
61 51 14
88 78 4
68 58 14
92 82 3
62 52 14
84 74 6
53 43 14
61 51 14
21 11 14
71 61 14
91 81 3
44 34 14
13 3 14
66 56 14
83 73 7
70 60 14
95 85 2
39 29 14
91 81 3
55 45 14
52 42 14
95 85 2
19 9 14
82 72 7
17 7 14
82 72 7
92 82 3
31 21 14
72 62 14
55 45 14
32 22 14
62 52 14
65 55 14
43 33 14
61 51 14
79 69 9
80 70 9
92 82 3
65 55 14
76 66 11
94 84 2
13 3 14
94 84 2
75 65 12
90 80 4
72 62 14
34 24 14
86 76 5
95 85 2
78 68 10
41 31 13
66 56 13
95 85 2
83 73 7
93 83 2
87 77 5
32 22 13
89 79 4
39 29 13
95 85 2
40 30 13
96 86 1
32 22 13
91 81 3
92 82 3
54 44 13
64 54 13
76 66 11
63 53 13
96 86 1
57 47 13
90 80 4
94 84 2
86 76 5
90 80 4
19 9 13
77 67 10
96 86 1
28 18 13
94 84 2
19 9 13
57 47 13
53 43 13
96 86 1
92 82 3
95 85 2
71 61 13
88 78 4
72 62 13
79 69 9
84 74 6
39 29 13
57 47 13
82 72 7
31 21 13
80 70 9
91 81 3
67 57 13
67 57 13
13 3 13
69 59 13
93 83 2
78 68 10
71 61 13
93 83 2
76 66 11
57 47 13
94 84 2
55 45 13
63 53 13
80 70 9
45 35 13
65 55 13
63 53 13
32 22 13
88 78 4
71 61 13
41 31 13
49 39 13
21 11 13
58 48 13
69 59 13
91 81 3
68 58 13
92 82 3
88 78 4
64 54 13
58 48 13
49 39 13
62 52 13
72 62 13
59 49 13
63 53 13
49 39 13
69 59 13
32 22 13
86 76 5
71 61 13
76 66 11
63 53 13
76 66 11
57 47 13
90 80 4
47 37 13
50 40 13
90 80 4
57 47 13
87 77 5
68 58 13
96 86 1
84 74 6
49 39 13
93 83 2
56 46 12
12 2 12
17 7 12
75 65 12
61 51 12
87 77 5
30 20 12
83 73 7
49 39 12
86 76 5
52 42 12
67 57 12
45 35 12
94 84 2
78 68 10
26 16 12
71 61 12
13 3 12
87 77 5
75 65 12
72 62 12
22 12 12
17 7 12
16 6 12
16 6 12
47 37 12
73 63 12
76 66 11
41 31 12
88 78 4
81 71 8
83 73 7
46 36 12
94 84 2
74 64 12
86 76 5
56 46 12
77 67 10
85 75 6
94 84 2
81 71 8
97 87 1
28 18 12
16 6 12
63 53 12
92 82 3
86 76 5
92 82 3
64 54 12
75 65 12
91 81 3
96 86 1
66 56 12
57 47 12
50 40 12
95 85 2
89 79 4
80 70 9
72 62 12
77 67 10
75 65 12
31 21 12
91 81 3
47 37 12
75 65 12
48 38 12
68 58 12
82 72 7
93 83 2
86 76 5
84 74 6
57 47 12
93 83 2
77 67 10
46 36 12
63 53 12
86 76 5
56 46 12
85 75 6
84 74 6
96 86 1
23 13 12
90 80 4
80 70 9
97 87 1
49 39 12
84 74 6
70 60 12
58 48 12
20 10 12
78 68 10
20 10 12
85 75 6
72 62 11
64 54 11
74 64 11
96 86 1
44 34 11
89 79 4
62 52 11
72 62 11
38 28 11
22 12 11
74 64 11
59 49 11
14 4 11
95 85 2
89 79 4
66 56 11
78 68 10
80 70 9
92 82 3
98 88 1
74 64 11
12 2 11
98 88 1
65 55 11
64 54 11
95 85 2
82 72 7
11 1 11
54 44 11
78 68 10
42 32 11
71 61 11
18 8 11
98 88 1
61 51 11
82 72 7
91 81 3
77 67 10
55 45 11
92 82 3
28 18 11
66 56 11
95 85 2
55 45 11
96 86 1
75 65 11
47 37 11
84 74 6
94 84 2
89 79 4
47 37 11
27 17 11
64 54 11
94 84 2
89 79 4
78 68 10
90 80 4
98 88 1
87 77 5
95 85 2
76 66 11
43 33 11
35 25 11
74 64 11
72 62 11
93 83 2
94 84 2
59 49 11
84 74 6
24 14 11
97 87 1
77 67 10
74 64 11
97 87 1
50 40 11
93 83 2
90 80 4
88 78 4
96 86 1
49 39 11
83 73 7
94 84 2
47 37 11
91 81 3
74 64 11
89 79 4
46 36 11
51 41 11
46 36 11
82 72 7
76 66 11
88 78 4
91 81 3
91 81 3
83 73 7
64 54 11
77 67 10
76 66 11
85 75 6
93 83 2
66 56 11
95 85 2
75 65 11
66 56 11
88 78 4
58 48 11
87 77 5
92 82 3
80 70 9
84 74 6
56 46 11
76 66 11
98 88 1
30 20 11
95 85 2
63 53 11
89 79 4
25 15 11
83 73 7
57 47 11
76 66 11
91 81 3
89 79 4
60 50 11
84 74 6
91 81 3
33 23 10
83 73 7
93 83 2
97 87 1
18 8 10
84 74 6
99 89 1
65 55 10
81 71 8
56 46 10
94 84 2
71 61 10
96 86 1
96 86 1
75 65 10
36 26 10
91 81 3
38 28 10
91 81 3
92 82 3
98 88 1
80 70 9
99 89 1
87 77 5
26 16 10
82 72 7
42 32 10
94 84 2
94 84 2
30 20 10
70 60 10
36 26 10
66 56 10
98 88 1
88 78 4
60 50 10
74 64 10
40 30 10
48 38 10
99 89 1
95 85 2
76 66 10
38 28 10
89 79 4
97 87 1
85 75 6
99 89 1
56 46 10
64 54 10
97 87 1
27 17 10
89 79 4
98 88 1
96 86 1
95 85 2
24 14 10
85 75 6
93 83 2
33 23 10
81 71 8
98 88 1
38 28 10
68 58 10
85 75 6
47 37 10
71 61 10
88 78 4
83 73 7
61 51 10
86 76 5
98 88 1
83 73 7
98 88 1
22 12 10
31 21 10
29 19 10
29 19 10
96 86 1
39 29 10
68 58 10
78 68 10
90 80 4
68 58 10
84 74 6
60 50 10
66 56 10
76 66 10
98 88 1
76 66 10
16 6 10
82 72 7
29 19 10
16 6 10
88 78 4
45 35 10
74 64 10
91 81 3
84 74 6
66 56 10
68 58 10
63 53 10
52 42 10
71 61 10
13 3 10
77 67 10
85 75 6
96 86 1
90 80 4
91 81 3
47 37 10
61 51 9
95 85 2
70 60 9
52 42 9
19 9 9
94 84 2
29 19 9
95 85 2
91 81 3
13 3 9
69 59 9
89 79 4
48 38 9
98 88 1
52 42 9
45 35 9
84 74 6
93 83 2
83 73 7
79 69 9
38 28 9
98 88 1
79 69 9
99 89 1
52 42 9
65 55 9
51 41 9
83 73 7
94 84 2
56 46 9
89 79 4
91 81 3
99 89 1
91 81 3
98 88 1
26 16 9
40 30 9
97 87 1
94 84 2
96 86 1
53 43 9
92 82 3
95 85 2
44 34 9
97 87 1
69 59 9
98 88 1
40 30 9
96 86 1
23 13 9
82 72 7
69 59 9
34 24 9
33 23 9
98 88 1
92 82 3
95 85 2
52 42 9
77 67 9
48 38 9
90 80 4
98 88 1
32 22 9
18 8 9
11 1 9
53 43 9
25 15 9
72 62 9
53 43 9
63 53 9
97 87 1
53 43 9
96 86 1
82 72 7
99 89 1
35 25 9
72 62 9
90 80 4
99 89 1
12 2 9
46 36 9
81 71 8
46 36 9
60 50 9
38 28 9
39 29 9
96 86 1
62 52 9
100 90 1
23 13 9
78 68 9
73 63 9
59 49 9
35 25 9
36 26 9
59 49 9
61 51 9
94 84 2
76 66 9
65 55 9
75 65 9
94 84 2
74 64 9
54 44 9
63 53 9
99 89 1
96 86 1
79 69 8
31 21 8
98 88 1
18 8 8
71 61 8
100 90 1
67 57 8
75 65 8
97 87 1
52 42 8
92 82 3
87 77 5
97 87 1
92 82 3
19 9 8
36 26 8
92 82 3
54 44 8
83 73 7
61 51 8
101 91 0
21 11 8
29 19 8
83 73 7
80 70 8
88 78 4
66 56 8
94 84 2
76 66 8
83 73 7
59 49 8
37 27 8
76 66 8
87 77 5
87 77 5
93 83 2
40 30 8
82 72 7
81 71 8
60 50 8
93 83 2
69 59 8
90 80 4
92 82 3
29 19 8
48 38 8
74 64 8
99 89 1
95 85 2
84 74 6
92 82 3
98 88 1
79 69 8
95 85 2
84 74 6
38 28 8
92 82 3
41 31 8
96 86 1
62 52 8
24 14 8
72 62 8
100 90 1
93 83 2
80 70 8
96 86 1
93 83 2
90 80 4
69 59 8
28 18 8
87 77 5
64 54 8
61 51 8
92 82 3
70 60 8
73 63 8
75 65 8
91 81 3
71 61 8
74 64 8
101 91 0
63 53 8
84 74 6
52 42 8
57 47 8
68 58 8
101 91 0
26 16 8
86 76 5
57 47 8
78 68 8
96 86 1
82 72 7
98 88 1
91 81 3
96 86 1
90 80 4
90 80 4
77 67 8
77 67 8
48 38 8
92 82 3
14 4 8
93 83 2
43 33 8
31 21 8
76 66 8
73 63 8
97 87 1
64 54 8
70 60 8
93 83 2
70 60 8
42 32 8
98 88 1
98 88 1
76 66 8
51 41 7
82 72 7
83 73 7
48 38 7
95 85 2
98 88 1
101 91 0
78 68 7
73 63 7
75 65 7
77 67 7
90 80 4
68 58 7
93 83 2
83 73 7
19 9 7
84 74 6
81 71 7
46 36 7
84 74 6
92 82 3
72 62 7
29 19 7
87 77 5
72 62 7
98 88 1
25 15 7
23 13 7
99 89 1
71 61 7
86 76 5
56 46 7
86 76 5
78 68 7
52 42 7
50 40 7
25 15 7
97 87 1
94 84 2
86 76 5
102 92 0
81 71 7
101 91 0
82 72 7
96 86 1
33 23 7
92 82 3
97 87 1
100 90 1
80 70 7
102 92 0
102 92 0
28 18 7
27 17 7
100 90 1
73 63 7
99 89 1
69 59 7
72 62 7
25 15 7
80 70 7
96 86 1
95 85 2
76 66 7
93 83 2
100 90 1
57 47 7
34 24 7
53 43 7
102 92 0
93 83 2
91 81 3
67 57 7
58 48 7
88 78 4
100 90 1
96 86 1
99 89 1
46 36 7
70 60 7
94 84 2
60 50 7
41 31 7
16 6 7
100 90 1
85 75 6
95 85 2
95 85 2
83 73 7
25 15 7
75 65 7
85 75 6
92 82 3
95 85 2
100 90 1
11 1 7
24 14 7
14 4 7
71 61 7
65 55 7
93 83 2
96 86 1
41 31 7
95 85 2
97 87 1
82 72 7
41 31 7
99 89 1
78 68 7
99 89 1
58 48 7
87 77 5
67 57 7
100 90 1
74 64 7
97 87 1
60 50 7
33 23 7
101 91 0
82 72 7
61 51 7
33 23 7
94 84 2
92 82 3
98 88 1
76 66 7
93 83 2
94 84 2
53 43 7
62 52 7
100 90 1
100 90 1
79 69 7
102 92 0
93 83 2
87 77 5
99 89 1
92 82 3
85 75 6
93 83 2
82 72 7
61 51 7
21 11 7
27 17 7
38 28 7
98 88 1
88 78 4
54 44 7
99 89 1
71 61 7
30 20 7
21 11 7
97 87 1
12 2 7
103 93 0
96 86 1
86 76 5
86 76 5
92 82 3
90 80 4
72 62 6
77 67 6
87 77 5
39 29 6
103 93 0
91 81 3
47 37 6
37 27 6
14 4 6
97 87 1
80 70 6
99 89 1
95 85 2
77 67 6
102 92 0
81 71 6
85 75 6
40 30 6
95 85 2
98 88 1
75 65 6
102 92 0
69 59 6
78 68 6
20 10 6
93 83 2
64 54 6
31 21 6
103 93 0
50 40 6
95 85 2
65 55 6
103 93 0
46 36 6
69 59 6
71 61 6
59 49 6
103 93 0
53 43 6
75 65 6
64 54 6
61 51 6
44 34 6
17 7 6
42 32 6
95 85 2
95 85 2
96 86 1
80 70 6
98 88 1
87 77 5
82 72 6
94 84 2
96 86 1
98 88 1
75 65 6
42 32 6
94 84 2
91 81 3
102 92 0
91 81 3
61 51 6
102 92 0
102 92 0
89 79 4
92 82 3
50 40 6
63 53 6
102 92 0
96 86 1
21 11 6
47 37 6
101 91 0
99 89 1
96 86 1
98 88 1
99 89 1
87 77 5
63 53 6
12 2 6
31 21 6
98 88 1
100 90 1
68 58 6
83 73 6
87 77 5
56 46 6
34 24 6
29 19 6
93 83 2
18 8 6
83 73 6
29 19 6
101 91 0
75 65 6
86 76 5
93 83 2
57 47 6
96 86 1
71 61 6
99 89 1
85 75 6
85 75 6
95 85 2
67 57 6
97 87 1
102 92 0
102 92 0
100 90 1
57 47 6
74 64 6
70 60 6
69 59 6
84 74 6
54 44 6
20 10 6
101 91 0
49 39 6
100 90 1
97 87 1
74 64 6
89 79 4
83 73 6
94 84 2
100 90 1
96 86 1
92 82 3
71 61 6
44 34 6
94 84 2
51 41 6
64 54 6
79 69 6
99 89 1
33 23 6
37 27 6
85 75 6
91 81 3
97 87 1
19 9 6
72 62 5
102 92 0
85 75 5
102 92 0
78 68 5
31 21 5
46 36 5
11 1 5
68 58 5
95 85 2
69 59 5
59 49 5
58 48 5
61 51 5
73 63 5
91 81 3
18 8 5
75 65 5
28 18 5
98 88 1
91 81 3
61 51 5
47 37 5
87 77 5
102 92 0
75 65 5
100 90 1
93 83 2
98 88 1
90 80 4
102 92 0
92 82 3
77 67 5
104 94 0
36 26 5
36 26 5
94 84 2
73 63 5
102 92 0
103 93 0
91 81 3
48 38 5
99 89 1
95 85 2
97 87 1
63 53 5
65 55 5
75 65 5
80 70 5
75 65 5
104 94 0
71 61 5
83 73 5
95 85 2
91 81 3
95 85 2
97 87 1
67 57 5
101 91 0
64 54 5
96 86 1
62 52 5
77 67 5
88 78 4
99 89 1
99 89 1
104 94 0
22 12 5
61 51 5
64 54 5
84 74 5
90 80 4
41 31 5
100 90 1
87 77 5
65 55 5
96 86 1
104 94 0
100 90 1
103 93 0
27 17 5
26 16 5
78 68 5
71 61 5
60 50 5
52 42 5
86 76 5
59 49 5
18 8 5
59 49 5
104 94 0
98 88 1
89 79 4
21 11 5
39 29 5
39 29 5
21 11 5
90 80 4
99 89 1
99 89 1
71 61 5
100 90 1
103 93 0
63 53 5
29 19 5
103 93 0
101 91 0
92 82 3
87 77 5
69 59 5
104 94 0
104 94 0
88 78 4
100 90 1
79 69 5
90 80 4
77 67 5
57 47 5
65 55 5
87 77 5
98 88 1
99 89 1
48 38 5
67 57 5
95 85 2
36 26 5
67 57 5
76 66 5
61 51 5
96 86 1
82 72 5
99 89 1
31 21 5
64 54 5
66 56 5
81 71 5
42 32 5
74 64 5
65 55 5
93 83 2
82 72 5
54 44 5
95 85 2
36 26 5
69 59 5
72 62 4
101 91 0
90 80 4
91 81 3
22 12 4
29 19 4
56 46 4
105 95 0
28 18 4
42 32 4
98 88 1
90 80 4
96 86 1
56 46 4
75 65 4
88 78 4
104 94 0
104 94 0
100 90 1
94 84 2
96 86 1
54 44 4
81 71 4
59 49 4
89 79 4
78 68 4
73 63 4
51 41 4
75 65 4
104 94 0
86 76 4
101 91 0
69 59 4
46 36 4
98 88 1
105 95 0
36 26 4
59 49 4
101 91 0
97 87 1
99 89 1
43 33 4
37 27 4
84 74 4
97 87 1
105 95 0
105 95 0
97 87 1
95 85 2
95 85 2
92 82 3
104 94 0
93 83 2
100 90 1
69 59 4
100 90 1
81 71 4
74 64 4
33 23 4
103 93 0
87 77 4
104 94 0
62 52 4
92 82 3
77 67 4
88 78 4
37 27 4
100 90 1
82 72 4
102 92 0
102 92 0
14 4 4
69 59 4
76 66 4
102 92 0
90 80 4
80 70 4
105 95 0
77 67 4
94 84 2
68 58 4
15 5 4
88 78 4
103 93 0
97 87 1
100 90 1
64 54 4
105 95 0
54 44 4
101 91 0
104 94 0
98 88 1
66 56 4
78 68 4
39 29 4
101 91 0
79 69 4
105 95 0
64 54 4
104 94 0
92 82 3
102 92 0
104 94 0
88 78 4
90 80 4
77 67 4
74 64 4
103 93 0
80 70 4
95 85 2
67 57 4
67 57 4
105 95 0
91 81 3
84 74 4
92 82 3
100 90 1
81 71 4
99 89 1
105 95 0
101 91 0
101 91 0
97 87 1
95 85 2
101 91 0
104 94 0
89 79 4
16 6 4
69 59 4
104 94 0
105 95 0
103 93 0
19 9 4
85 75 4
93 83 2
91 81 3
90 80 4
99 89 1
67 57 4
103 93 0
101 91 0
56 46 4
105 95 0
100 90 1
96 86 1
103 93 0
105 95 0
12 2 4
102 92 0
103 93 0
101 91 0
58 48 4
98 88 1
97 87 1
37 27 4
96 86 1
86 76 4
28 18 4
95 85 2
49 39 3
75 65 3
105 95 0
91 81 3
49 39 3
106 96 0
69 59 3
80 70 3
44 34 3
101 91 0
93 83 2
89 79 3
36 26 3
101 91 0
103 93 0
91 81 3
93 83 2
100 90 1
91 81 3
85 75 3
104 94 0
55 45 3
14 4 3
105 95 0
99 89 1
94 84 2
102 92 0
41 31 3
72 62 3
101 91 0
17 7 3
46 36 3
97 87 1
70 60 3
104 94 0
25 15 3
106 96 0
100 90 1
79 69 3
43 33 3
71 61 3
35 25 3
106 96 0
56 46 3
25 15 3
88 78 3
103 93 0
103 93 0
101 91 0
77 67 3
105 95 0
86 76 3
61 51 3
103 93 0
104 94 0
65 55 3
53 43 3
102 92 0
103 93 0
30 20 3
83 73 3
102 92 0
76 66 3
79 69 3
105 95 0
103 93 0
97 87 1
103 93 0
38 28 3
84 74 3
106 96 0
81 71 3
104 94 0
25 15 3
83 73 3
94 84 2
106 96 0
92 82 3
106 96 0
57 47 3
97 87 1
105 95 0
98 88 1
71 61 3
65 55 3
30 20 3
31 21 3
93 83 2
92 82 3
104 94 0
92 82 3
87 77 3
105 95 0
92 82 3
23 13 3
82 72 3
68 58 3
106 96 0
86 76 3
101 91 0
103 93 0
94 84 2
106 96 0
40 30 3
104 94 0
106 96 0
104 94 0
45 35 3
106 96 0
106 96 0
96 86 1
99 89 1
103 93 0
99 89 1
93 83 2
106 96 0
78 68 3
93 83 2
106 96 0
100 90 1
103 93 0
100 90 1
39 29 3
82 72 3
88 78 3
79 69 3
84 74 3
97 87 1
103 93 0
47 37 3
54 44 3
69 59 3
87 77 3
105 95 0
106 96 0
98 88 1
60 50 3
102 92 0
79 69 3
88 78 3
101 91 0
102 92 0
93 83 2
31 21 3
106 96 0
105 95 0
48 38 3
43 33 3
90 80 3
83 73 3
102 92 0
13 3 3
105 95 0
13 3 3
106 96 0
82 72 3
106 96 0
19 9 3
70 60 3
99 89 1
39 29 3
88 78 3
92 82 3
98 88 1
38 28 3
105 95 0
106 96 0
103 93 0
106 96 0
104 94 0
105 95 0
94 84 2
91 81 2
107 97 0
101 91 0
107 97 0
52 42 2
84 74 2
93 83 2
102 92 0
101 91 0
49 39 2
90 80 2
105 95 0
84 74 2
98 88 1
81 71 2
77 67 2
80 70 2
106 96 0
106 96 0
106 96 0
103 93 0
107 97 0
19 9 2
80 70 2
77 67 2
102 92 0
84 74 2
101 91 0
87 77 2
95 85 2
102 92 0
43 33 2
91 81 2
107 97 0
54 44 2
94 84 2
106 96 0
104 94 0
84 74 2
96 86 1
84 74 2
104 94 0
69 59 2
102 92 0
97 87 1
97 87 1
93 83 2
106 96 0
46 36 2
89 79 2
54 44 2
105 95 0
72 62 2
101 91 0
79 69 2
96 86 1
99 89 1
38 28 2
99 89 1
100 90 1
64 54 2
107 97 0
107 97 0
86 76 2
92 82 2
107 97 0
102 92 0
74 64 2
43 33 2
105 95 0
79 69 2
33 23 2
107 97 0
96 86 1
81 71 2
91 81 2
38 28 2
106 96 0
106 96 0
78 68 2
94 84 2
94 84 2
34 24 2
65 55 2
87 77 2
105 95 0
59 49 2
24 14 2
94 84 2
88 78 2
107 97 0
74 64 2
105 95 0
25 15 2
107 97 0
107 97 0
62 52 2
103 93 0
75 65 2
41 31 2
95 85 2
105 95 0
22 12 2
35 25 2
66 56 2
55 45 2
107 97 0
55 45 2
105 95 0
29 19 2
107 97 0
97 87 1
107 97 0
103 93 0
102 92 0
32 22 2
55 45 2
76 66 2
107 97 0
89 79 2
83 73 2
97 87 1
47 37 2
104 94 0
105 95 0
107 97 0
50 40 2
70 60 2
107 97 0
103 93 0
89 79 2
107 97 0
98 88 1
97 87 1
94 84 2
104 94 0
83 73 2
100 90 1
92 82 2
106 96 0
89 79 2
82 72 2
99 89 1
101 91 0
107 97 0
107 97 0
42 32 2
103 93 0
81 71 2
104 94 0
71 61 2
107 97 0
97 87 1
99 89 1
66 56 2
105 95 0
104 94 0
106 96 0
94 84 2
107 97 0
43 33 2
73 63 2
94 84 2
105 95 0
106 96 0
41 31 2
17 7 2
86 76 2
80 70 2
63 53 2
104 94 0
102 92 0
93 83 2
96 86 1
90 80 2
93 83 2
92 82 2
98 88 1
106 96 0
98 88 1
70 60 1
80 70 1
106 96 0
67 57 1
95 85 1
39 29 1
108 98 0
96 86 1
103 93 0
93 83 1
98 88 1
101 91 0
14 4 1
19 9 1
96 86 1
76 66 1
105 95 0
107 97 0
106 96 0
77 67 1
107 97 0
46 36 1
84 74 1
13 3 1
106 96 0
63 53 1
70 60 1
87 77 1
46 36 1
77 67 1
98 88 1
106 96 0
83 73 1
75 65 1
104 94 0
106 96 0
91 81 1
102 92 0
84 74 1
95 85 1
51 41 1
53 43 1
108 98 0
99 89 1
15 5 1
107 97 0
98 88 1
82 72 1
103 93 0
99 89 1
86 76 1
106 96 0
62 52 1
107 97 0
105 95 0
96 86 1
29 19 1
62 52 1
58 48 1
61 51 1
105 95 0
41 31 1
98 88 1
54 44 1
107 97 0
108 98 0
107 97 0
37 27 1
99 89 1
104 94 0
103 93 0
71 61 1
68 58 1
107 97 0
108 98 0
108 98 0
108 98 0
43 33 1
108 98 0
33 23 1
108 98 0
101 91 0
102 92 0
101 91 0
88 78 1
43 33 1
16 6 1
76 66 1
102 92 0
105 95 0
59 49 1
67 57 1
107 97 0
106 96 0
34 24 1
107 97 0
106 96 0
88 78 1
107 97 0
52 42 1
80 70 1
108 98 0
108 98 0
83 73 1
69 59 1
106 96 0
100 90 1
105 95 0
23 13 1
104 94 0
106 96 0
101 91 0
48 38 1
106 96 0
97 87 1
96 86 1
106 96 0
100 90 1
30 20 1
107 97 0
16 6 1
100 90 1
79 69 1
43 33 1
33 23 1
83 73 1
100 90 1
108 98 0
93 83 1
65 55 1
105 95 0
95 85 1
100 90 1
41 31 1
108 98 0
104 94 0
103 93 0
92 82 1
99 89 1
82 72 1
107 97 0
70 60 1
61 51 1
26 16 1
47 37 1
34 24 1
38 28 1
58 48 1
108 98 0
107 97 0
85 75 1
92 82 1
107 97 0
95 85 1
108 98 0
103 93 0
101 91 0
100 90 1
107 97 0
86 76 1
69 59 1
108 98 0
90 80 1
107 97 0
62 52 1
106 96 0
103 93 0
101 91 0
83 73 1
91 81 1
108 98 0
94 84 1
88 78 1
106 96 0
103 93 0
82 72 1
95 85 1
13 3 1
27 17 1
11 1 1
92 82 1
98 88 1
35 25 1
97 87 1
107 97 0
100 90 1
97 87 1
92 82 1
87 77 1
98 88 1
71 61 1
104 94 0
101 91 0
98 88 1
84 74 1
94 84 1
108 98 0
83 73 1
89 79 1
97 87 1
91 81 1
63 53 1
107 97 0
64 54 1
108 98 0
50 40 1
44 34 1
106 96 0
18 8 0
97 87 0
101 91 0
109 99 0
109 99 0
110 100 0
109 99 0
101 91 0
110 100 0
110 100 0
34 24 0
110 100 0
105 95 0
96 86 0
106 96 0
110 100 0
110 100 0
108 98 0
110 100 0
110 100 0
99 89 0
106 96 0
105 95 0
63 53 0
110 100 0
105 95 0
108 98 0
109 99 0
105 95 0
96 86 0
105 95 0
105 95 0
109 99 0
109 99 0
102 92 0
88 78 0
93 83 0
106 96 0
109 99 0
82 72 0
110 100 0
110 100 0
110 100 0
109 99 0
110 100 0
108 98 0
107 97 0
103 93 0
94 84 0
110 100 0
110 100 0
110 100 0
98 88 0
13 3 0
109 99 0
101 91 0
110 100 0
109 99 0
108 98 0
110 100 0
104 94 0
110 100 0
41 31 0
110 100 0
91 81 0
74 64 0
109 99 0
110 100 0
110 100 0
109 99 0
109 99 0
88 78 0
105 95 0
41 31 0
106 96 0
45 35 0
109 99 0
100 90 0
91 81 0
109 99 0
105 95 0
80 70 0
33 23 0
109 99 0
75 65 0
105 95 0
95 85 0
30 20 0
108 98 0
108 98 0
105 95 0
52 42 0
109 99 0
91 81 0
91 81 0
71 61 0
96 86 0
75 65 0
108 98 0
41 31 0
105 95 0
105 95 0
110 100 0
88 78 0
109 99 0
94 84 0
96 86 0
107 97 0
110 100 0
109 99 0
96 86 0
106 96 0
101 91 0
110 100 0
100 90 0
110 100 0
96 86 0
105 95 0
110 100 0
98 88 0
108 98 0
109 99 0
88 78 0
76 66 0
109 99 0
109 99 0
70 60 0
108 98 0
109 99 0
110 100 0
65 55 0
66 56 0
25 15 0
83 73 0
103 93 0
109 99 0
109 99 0
78 68 0
81 71 0
92 82 0
109 99 0
110 100 0
107 97 0
109 99 0
109 99 0
109 99 0
14 4 0
62 52 0
100 90 0
108 98 0
68 58 0
75 65 0
110 100 0
108 98 0
14 4 0
76 66 0
91 81 0
110 100 0
99 89 0
110 100 0
103 93 0
81 71 0
51 41 0
110 100 0
107 97 0
110 100 0
109 99 0
110 100 0
104 94 0
104 94 0
107 97 0
105 95 0
107 97 0
77 67 0
106 96 0
93 83 0
106 96 0
108 98 0
52 42 0
110 100 0
73 63 0
78 68 0
108 98 0
109 99 0
101 91 0
85 75 0
107 97 0
98 88 0
105 95 0
22 12 0
109 99 0
85 75 0
110 100 0
25 15 0
105 95 0
109 99 0
106 96 0
100 90 0
109 99 0
109 99 0
84 74 0
105 95 0
110 100 0
109 99 0
83 73 0
67 57 0
95 85 0
109 99 0
109 99 0
110 100 0
89 79 0
100 90 0
108 98 0
96 86 0
108 98 0
109 99 0
85 75 0
65 55 0
105 95 0
89 79 0
84 74 0
102 92 0
110 100 0
106 96 0
99 89 0
39 29 0
71 61 0
95 85 0
34 24 0
81 71 0
108 98 0
110 100 0
48 38 0
51 41 0
110 100 0
80 70 0
107 97 0
110 100 0
104 94 0
110 100 0
20 10 0
99 89 0
101 91 0
67 57 0
107 97 0
110 100 0
110 100 0
109 99 0
25 15 0
34 24 0
101 91 0
109 99 0
94 84 0
110 100 0
110 100 0
106 96 0
109 99 0
83 73 0
110 100 0
102 92 0
101 91 0
103 93 0
110 100 0
105 95 0
88 78 0
106 96 0
98 88 0
88 78 0
53 43 0
81 71 0
62 52 0
72 62 0
79 69 0
107 97 0
110 100 0
109 99 0
100 90 0
85 75 0
110 100 0
110 100 0
97 87 0
63 53 0
95 85 0
105 95 0
109 99 0
99 89 0
84 74 0
110 100 0
11 1 0
60 50 0
107 97 0
109 99 0
106 96 0
