5000 1000 4.3589
526 18 980
340 39 955
988 8 952
54 8 951
179 32 949
62 5 948
745 4 946
419 23 940
676 61 937
927 12 937
561 24 935
918 52 934
519 25 934
5 15 932
847 56 931
927 49 929
477 8 918
651 48 917
634 41 913
560 81 909
880 71 909
693 8 909
231 55 908
225 41 906
311 34 905
229 52 900
148 94 893
532 83 891
478 73 891
93 13 889
427 24 888
810 99 882
238 55 879
144 52 878
674 103 877
667 3 877
403 96 875
92 110 872
927 17 872
557 35 871
504 6 870
124 26 869
70 61 869
202 12 866
52 37 866
187 124 865
996 44 865
539 94 865
820 67 865
335 108 864
900 97 864
298 120 863
856 58 863
619 26 860
426 48 860
586 73 859
606 26 859
565 76 855
538 68 853
573 70 853
634 84 851
115 79 851
651 60 848
310 130 844
832 28 841
670 82 841
851 96 840
999 107 840
418 70 839
133 51 836
21 117 834
234 57 832
716 55 832
398 47 832
65 116 832
571 66 831
241 56 831
868 9 830
476 76 830
322 57 829
192 69 829
838 108 829
923 140 829
742 20 828
238 35 826
533 35 826
482 142 826
70 135 823
738 2 821
843 52 818
792 38 818
704 84 816
652 153 816
220 42 816
184 136 815
121 3 815
1000 130 813
63 33 813
586 162 813
934 103 811
113 22 809
347 125 808
802 52 807
940 46 807
636 155 806
908 94 805
751 55 805
879 134 804
873 6 803
345 157 800
309 33 797
289 93 797
704 69 796
418 131 796
416 22 795
200 57 795
12 188 794
772 80 794
326 142 793
604 27 793
899 200 791
505 104 791
54 75 790
598 186 790
654 74 789
28 169 789
949 184 788
131 13 785
272 145 784
911 30 783
974 181 783
784 69 782
268 188 782
836 210 782
786 205 781
287 186 779
35 111 778
733 64 775
275 206 775
673 197 774
323 19 773
299 197 772
92 59 771
158 199 771
953 174 771
392 19 770
354 156 769
417 86 768
497 118 768
424 160 767
878 208 767
489 185 767
922 33 766
790 184 765
784 14 765
699 205 764
959 218 763
530 92 763
235 113 761
933 167 761
215 205 760
610 68 759
35 118 758
366 92 756
650 21 756
918 176 755
155 153 754
783 35 753
588 66 752
384 197 751
579 80 750
779 116 749
645 159 747
472 228 747
375 119 747
327 104 747
820 54 746
421 244 745
692 36 744
796 233 743
451 37 742
644 242 741
984 79 741
926 168 739
440 225 739
130 144 736
227 18 736
473 242 736
113 58 735
280 51 735
337 177 734
790 201 732
597 177 732
730 162 730
289 215 730
54 28 730
348 65 729
869 59 728
725 232 728
668 265 727
908 114 727
189 108 726
847 29 725
627 35 724
526 96 723
981 166 722
871 22 722
869 197 722
553 36 722
180 260 722
324 51 720
164 96 720
306 268 720
422 238 718
536 201 717
184 144 716
266 166 716
43 47 715
592 110 715
123 78 714
18 103 714
469 2 714
605 48 714
871 104 714
518 264 713
132 47 712
460 49 712
786 276 711
389 68 711
168 104 711
720 264 710
315 85 710
28 85 710
689 135 709
903 12 709
942 20 709
548 95 708
574 198 708
962 197 707
252 60 707
632 116 707
691 139 706
82 164 706
378 101 706
978 275 705
736 146 704
417 38 704
632 272 703
323 120 702
737 154 702
228 225 701
199 260 699
966 197 698
31 157 698
399 20 697
483 109 697
115 102 695
354 237 694
804 47 694
113 186 693
171 55 693
456 218 692
217 285 692
283 211 692
679 247 690
372 64 690
204 306 688
379 171 687
423 127 686
707 77 686
813 156 685
969 257 684
731 120 683
52 14 683
260 38 683
68 284 683
648 301 683
705 201 682
487 274 682
557 128 680
729 232 680
755 10 679
436 156 679
332 150 679
504 55 679
753 277 678
762 135 678
101 94 677
134 272 677
427 258 677
142 273 676
616 279 676
435 14 675
158 92 675
881 203 675
174 296 674
499 238 674
326 176 674
666 169 674
29 159 674
845 42 673
180 90 672
180 126 672
892 3 672
165 14 670
799 255 670
954 118 670
852 168 670
458 201 668
418 279 668
297 268 668
573 332 667
253 188 667
840 121 667
225 282 666
349 115 666
686 219 666
734 150 666
644 185 666
314 317 666
945 279 665
451 204 665
509 98 664
542 30 664
503 300 664
282 57 663
810 308 662
116 99 661
574 74 659
317 222 659
753 279 659
790 33 659
604 141 659
997 76 656
313 168 656
82 176 656
304 6 656
630 27 655
524 287 655
442 324 654
611 134 654
530 333 653
741 198 653
923 265 653
113 15 652
957 211 651
941 119 651
337 138 651
166 174 649
181 158 649
278 216 648
644 299 647
737 156 645
899 42 645
297 159 645
320 349 645
322 106 645
138 42 645
978 77 644
768 330 644
270 181 642
869 251 642
328 140 642
74 257 641
864 197 641
285 342 641
806 176 640
786 16 640
451 333 639
501 72 639
146 102 639
572 313 639
607 152 639
245 123 638
214 41 638
656 113 638
884 349 637
769 87 637
724 97 636
548 263 635
167 258 635
520 60 634
560 227 634
84 364 632
954 298 632
730 165 630
834 333 630
975 37 630
570 33 630
794 352 628
564 366 628
138 63 628
684 263 627
313 80 627
206 365 626
378 264 626
859 304 624
414 294 624
115 172 624
562 283 624
411 110 623
391 93 623
78 53 623
22 294 623
654 224 623
492 1 622
878 265 622
788 74 621
717 100 621
555 77 621
220 144 621
802 109 621
11 305 621
774 348 620
307 140 619
708 245 619
227 236 619
876 243 618
898 338 618
56 109 617
497 161 617
21 197 616
673 352 616
970 105 616
502 8 615
784 315 615
111 74 614
246 371 614
975 247 614
97 84 613
707 90 613
114 24 612
736 360 612
759 165 611
747 224 611
248 208 610
157 55 610
753 107 610
634 318 610
461 355 610
904 124 610
342 60 610
525 140 609
327 386 609
268 158 608
535 99 608
422 211 608
465 116 608
624 361 608
394 261 607
364 387 607
916 305 607
213 214 606
608 37 606
234 233 606
250 300 606
872 41 606
539 170 605
454 328 605
307 223 604
149 112 604
344 251 603
445 315 603
585 16 602
16 183 601
839 339 601
646 353 601
13 157 601
566 339 599
606 233 599
530 17 599
83 168 598
953 307 598
873 194 598
387 279 598
532 91 596
345 277 596
968 74 595
699 258 595
948 369 595
404 64 594
155 385 594
826 141 593
489 401 593
791 260 593
896 94 593
809 399 593
791 250 592
622 349 592
456 315 591
707 278 591
216 318 591
902 257 591
25 219 591
183 274 591
618 236 590
418 41 590
509 147 590
371 53 590
995 118 589
942 309 587
500 31 587
899 262 586
270 63 585
786 152 585
951 12 585
159 348 585
767 76 584
712 390 584
867 81 583
36 291 583
187 130 582
145 149 582
524 343 582
263 125 582
800 317 582
37 283 582
196 157 581
709 84 579
474 258 579
737 159 579
885 285 579
441 407 578
415 38 578
800 420 577
386 55 577
492 318 577
99 326 576
285 395 576
402 269 576
862 387 576
67 92 576
638 356 575
654 311 575
899 408 575
404 284 575
740 282 574
620 143 574
929 9 574
825 320 573
147 52 573
652 75 572
861 302 572
234 341 572
513 252 571
116 274 571
640 422 570
354 413 570
86 344 570
277 46 570
501 341 569
176 82 569
108 389 569
28 360 569
641 423 569
212 233 568
116 257 568
845 400 568
788 361 567
604 386 567
657 421 567
594 97 566
263 66 566
232 58 566
395 142 565
427 53 565
703 366 565
602 415 564
356 369 563
873 314 563
756 213 562
656 402 562
451 169 562
502 146 562
897 115 561
813 182 561
93 287 561
675 351 561
365 268 560
136 372 560
909 148 560
928 236 559
226 301 559
489 276 559
401 31 559
676 61 558
203 163 558
805 5 558
779 111 558
184 12 557
360 34 557
20 319 557
95 430 556
535 368 556
531 176 555
122 18 555
452 402 555
999 165 555
386 317 554
212 387 554
983 209 554
154 120 554
252 252 553
86 414 552
705 294 552
143 193 550
263 117 549
467 233 549
251 10 549
954 224 548
440 415 548
675 280 548
399 91 548
62 69 547
487 156 547
298 246 547
259 337 547
936 93 547
91 258 546
553 28 546
22 316 546
955 7 546
184 150 546
762 301 545
546 256 544
770 190 544
48 140 544
433 367 544
551 165 544
606 413 543
776 156 542
7 96 542
656 144 542
90 182 542
244 458 541
751 403 541
406 201 540
831 427 539
108 342 539
647 251 539
132 74 539
373 315 539
497 212 538
898 312 538
327 41 538
924 30 538
548 265 538
9 85 537
878 238 537
79 456 537
292 350 536
17 463 536
858 115 536
84 269 536
859 368 535
328 181 534
269 382 534
445 118 533
570 405 533
449 212 533
895 104 532
138 147 532
749 44 532
511 444 531
98 393 531
304 433 530
169 69 530
678 289 530
653 209 530
593 75 529
181 35 529
182 211 529
668 391 529
405 338 529
854 4 528
515 121 528
193 70 528
613 332 527
103 378 527
447 429 527
784 27 526
744 212 526
942 304 526
909 211 525
960 465 525
1000 245 524
602 293 523
786 137 523
302 432 523
139 189 523
867 281 522
222 204 522
364 347 522
920 21 522
747 320 520
786 448 520
756 351 520
781 94 519
147 46 519
785 55 519
885 415 519
299 467 519
13 297 518
790 61 518
31 256 518
973 252 517
264 158 517
157 359 517
237 255 517
460 473 517
748 242 517
188 353 516
433 161 516
156 204 516
275 339 516
503 27 516
893 255 515
854 146 515
850 239 515
497 206 515
417 211 515
707 401 515
674 146 515
875 357 515
376 474 514
851 398 514
623 263 514
733 4 514
893 366 514
723 413 513
929 119 512
908 168 512
147 218 512
940 478 512
672 147 512
488 302 512
930 201 511
809 272 511
299 329 511
585 310 511
450 150 510
317 420 509
154 179 509
541 124 509
117 5 509
615 467 509
572 245 509
526 468 509
638 51 508
533 75 508
715 328 508
540 248 507
734 114 507
749 146 507
598 487 507
850 62 507
171 339 507
703 197 507
424 387 506
327 303 506
544 194 506
869 420 506
431 376 506
19 174 506
569 262 505
802 75 504
250 250 504
940 306 504
258 270 503
966 431 503
149 373 503
625 11 502
333 400 502
449 173 502
6 190 502
889 295 501
733 491 501
179 223 501
269 497 500
639 444 500
728 388 499
426 343 499
866 465 499
229 221 499
351 360 498
160 245 498
959 455 498
828 475 498
328 172 497
457 11 497
715 330 497
226 426 496
708 337 496
722 43 496
352 63 496
207 70 495
932 348 494
395 330 494
195 455 494
41 257 494
184 285 493
808 360 493
653 455 493
964 263 493
897 147 493
808 120 492
867 408 492
18 167 492
927 222 491
592 399 491
539 300 491
654 467 491
761 312 490
250 239 490
418 293 490
520 29 490
222 501 489
908 413 489
318 425 489
705 149 489
785 338 489
1 87 489
160 404 489
622 44 488
189 333 488
827 471 487
919 324 487
701 403 487
905 49 486
528 437 485
549 163 484
274 50 484
673 473 484
207 66 484
969 260 484
453 472 484
999 18 483
3 477 483
557 366 483
251 363 482
67 341 482
321 132 482
247 411 482
319 109 482
21 492 482
523 424 482
39 202 481
298 134 481
751 443 481
414 208 480
731 396 479
363 59 479
621 329 479
9 98 478
550 249 478
183 334 478
326 55 478
784 310 478
462 158 477
490 85 477
393 315 477
621 285 477
589 448 477
561 179 476
738 454 476
951 404 476
833 460 476
973 426 475
181 160 475
773 179 475
703 268 475
461 520 475
649 324 475
935 60 475
185 393 474
113 504 474
303 168 474
146 191 474
445 90 474
698 373 474
431 441 474
972 520 472
108 147 472
535 152 471
719 195 471
776 469 471
483 330 471
232 276 471
579 344 470
262 368 470
361 475 470
47 501 469
600 459 469
60 13 469
290 331 469
217 438 469
503 416 469
255 513 468
753 211 468
141 511 468
327 52 467
756 337 467
565 195 467
136 500 467
736 117 467
38 53 467
123 43 467
334 389 466
173 322 466
304 285 466
228 71 465
648 414 465
719 286 465
289 331 465
904 263 465
308 393 465
452 10 464
843 1 463
471 122 463
474 446 463
596 182 463
350 77 462
386 441 462
114 77 462
93 512 461
20 179 461
181 268 461
840 23 460
154 454 460
918 81 460
983 422 459
690 506 459
790 105 459
31 526 459
439 390 458
456 349 458
172 142 458
729 529 458
100 206 457
30 207 457
416 102 457
663 54 457
809 262 457
543 91 457
236 464 456
4 178 456
103 202 456
364 315 456
973 388 455
57 221 455
556 353 454
803 162 454
291 325 454
850 446 454
826 490 454
16 121 453
391 385 453
452 293 453
173 528 452
84 309 452
806 247 452
878 371 452
911 378 452
250 50 452
845 17 452
404 170 452
587 171 452
571 182 451
845 439 451
715 412 451
563 21 450
577 435 450
461 524 450
103 109 449
605 460 449
140 123 449
639 414 448
58 152 448
62 504 448
476 363 448
42 17 448
831 308 448
616 358 448
267 519 447
225 414 447
687 208 446
234 246 446
913 10 446
694 246 445
415 268 445
473 487 445
995 146 445
689 523 444
922 473 444
618 342 444
111 220 444
971 509 443
290 446 443
728 405 443
377 189 443
938 492 442
15 173 442
991 557 442
541 426 441
707 218 441
893 530 441
581 155 441
811 319 441
381 442 441
603 515 439
831 274 439
481 533 439
724 380 439
396 539 438
920 540 438
10 14 438
351 191 438
140 25 438
44 359 437
178 510 437
656 376 436
324 548 436
565 361 436
288 59 436
618 423 436
688 540 436
763 461 436
806 550 436
345 295 436
272 391 435
855 116 435
161 191 435
981 338 435
573 132 434
519 155 434
563 45 434
617 128 433
853 78 433
8 62 433
432 548 433
203 85 433
310 506 432
961 276 432
652 501 431
375 248 431
343 267 431
773 533 431
246 552 431
37 463 431
58 498 430
259 241 430
626 237 430
940 356 430
659 314 430
913 8 429
944 525 429
503 528 429
340 487 428
82 165 428
985 279 428
964 176 428
618 65 427
391 560 427
325 208 427
338 429 427
272 114 427
278 285 427
792 400 426
798 337 426
37 330 426
329 515 426
283 68 425
373 25 425
882 394 425
122 543 425
178 515 425
131 302 425
668 356 425
646 310 425
458 323 424
499 438 424
383 504 424
746 291 424
135 127 424
506 526 423
201 456 423
632 303 423
530 44 423
517 464 423
11 143 423
559 430 422
113 291 422
894 178 422
534 184 422
762 465 421
198 143 421
459 182 421
16 455 421
503 573 421
610 329 420
275 182 420
787 531 420
360 391 419
388 382 419
163 15 419
910 37 419
463 570 419
19 456 419
428 75 418
441 174 418
865 539 418
988 159 418
92 254 418
421 206 418
913 179 417
973 335 417
417 461 417
655 344 417
252 545 417
983 460 417
481 114 416
210 174 416
329 91 416
456 326 416
620 553 416
266 204 416
457 458 416
883 506 416
249 98 415
801 425 414
108 553 414
820 182 414
903 196 414
538 464 413
686 484 413
790 195 413
502 514 413
458 536 412
250 55 412
201 544 412
227 427 412
970 398 411
932 267 411
372 535 411
353 369 411
572 481 411
552 247 410
661 198 410
809 385 410
913 579 410
201 286 409
133 187 409
940 109 409
745 351 409
827 544 408
869 257 408
457 157 408
846 531 408
711 45 407
602 546 407
561 393 407
820 540 407
347 289 406
350 530 406
254 551 405
757 393 405
248 18 405
210 242 405
857 481 404
579 268 404
330 467 404
867 583 404
201 317 404
901 417 404
565 590 404
899 214 403
556 563 403
946 432 403
266 580 403
448 102 402
523 97 402
120 407 402
376 189 401
687 407 401
896 377 400
881 334 400
477 196 400
315 336 400
433 147 400
455 105 399
474 386 398
4 579 398
674 260 398
935 93 398
631 550 398
587 523 398
429 53 397
251 260 397
23 187 397
352 469 397
649 526 397
477 125 397
467 551 397
121 30 397
472 3 396
324 247 396
604 34 396
32 30 395
595 35 395
548 157 394
681 554 394
747 89 394
118 571 394
315 511 394
159 289 394
655 587 394
467 476 394
571 307 393
334 453 393
60 235 392
864 555 392
170 591 392
201 46 391
810 84 391
258 564 391
992 535 391
980 210 391
234 52 391
981 438 391
291 212 390
94 316 390
896 88 390
7 606 389
41 533 389
994 303 389
774 341 389
108 440 389
360 397 389
86 250 389
386 201 389
460 97 388
606 547 387
162 486 387
602 538 387
900 373 387
614 124 386
497 428 386
45 177 386
755 70 385
341 575 385
659 456 385
646 269 385
481 110 385
986 355 384
773 505 384
519 304 384
983 373 384
814 568 384
451 201 384
629 339 384
792 7 384
638 220 383
706 502 383
566 346 383
461 602 382
826 430 382
217 583 382
445 378 382
915 574 382
513 72 382
538 129 381
640 520 381
835 482 380
171 558 380
134 113 380
504 271 380
990 22 380
34 427 380
189 446 380
539 318 380
155 250 380
545 85 380
14 107 380
120 568 380
539 409 379
663 31 379
420 324 379
245 264 379
300 147 379
411 72 378
624 206 378
681 575 378
967 206 378
171 112 378
268 179 378
862 384 378
348 282 377
38 622 377
194 425 377
360 488 377
320 412 377
465 616 376
24 447 376
767 451 376
685 429 375
818 138 375
835 237 375
485 350 375
708 109 375
651 539 375
491 25 374
543 187 374
499 625 373
889 548 373
255 231 373
956 562 373
925 116 372
135 6 372
891 599 372
262 431 371
710 153 371
139 16 371
580 606 371
733 580 371
27 600 371
969 518 370
509 428 370
162 412 370
996 19 370
721 317 370
214 333 370
729 345 370
752 540 369
462 521 369
562 514 369
768 291 369
887 6 369
493 466 369
867 44 369
81 559 369
339 152 368
672 527 368
924 26 368
444 518 368
160 479 368
333 276 368
225 587 368
933 331 367
935 548 367
84 440 367
740 170 367
954 72 367
922 288 367
187 475 366
400 311 365
192 310 365
546 514 365
498 429 365
329 428 365
506 484 364
359 593 364
722 71 364
267 495 364
525 261 363
787 317 363
342 523 363
690 289 363
456 624 363
261 514 362
628 366 362
430 608 362
763 603 362
319 507 362
465 143 362
672 594 362
687 110 361
262 418 361
890 480 361
721 104 361
40 447 361
609 371 361
401 560 360
466 549 360
746 589 360
356 319 360
859 117 359
450 289 359
104 311 359
365 569 359
953 251 359
627 278 359
899 571 358
194 631 358
637 513 358
124 233 358
634 232 358
365 197 357
451 588 357
373 573 357
403 112 357
188 596 357
390 530 357
138 2 356
23 466 356
842 147 356
538 477 356
117 607 356
818 337 355
816 458 355
292 483 355
139 614 355
818 540 354
58 105 354
968 10 354
389 524 354
538 434 354
883 185 353
336 568 353
733 179 352
22 516 352
986 622 352
801 588 352
164 493 351
240 532 351
452 608 351
823 566 350
136 540 349
600 240 349
627 249 349
313 120 349
825 91 349
823 164 349
401 271 348
925 497 348
637 635 348
226 304 348
72 621 347
731 160 347
37 535 347
4 369 347
531 384 347
344 188 346
216 355 346
230 480 346
383 166 346
47 313 345
448 170 345
430 478 345
307 654 345
646 628 345
108 626 345
875 417 345
673 447 344
814 591 343
67 1 342
659 507 342
949 266 342
567 211 341
1 553 341
952 233 341
931 574 341
930 444 341
552 539 341
966 519 341
521 545 341
159 319 340
176 202 340
901 342 339
126 525 338
758 107 338
323 503 338
740 124 338
986 302 338
334 85 338
129 55 337
460 34 337
271 589 337
193 515 336
401 545 336
893 115 336
37 583 336
662 356 336
179 499 335
91 326 335
90 345 335
201 657 335
7 565 334
567 514 334
745 464 334
878 509 334
459 534 333
150 649 333
425 499 332
798 63 332
617 68 332
37 226 332
336 525 332
547 287 332
177 616 332
637 347 331
447 588 331
871 530 331
643 575 331
805 485 331
769 605 331
855 49 331
176 514 331
253 488 330
528 147 330
820 377 330
276 418 330
630 635 330
2 436 329
497 546 329
596 499 329
683 636 329
939 335 329
84 575 329
352 637 329
153 511 328
770 151 328
680 519 328
530 572 328
850 115 328
636 213 327
535 497 327
379 176 327
228 325 327
149 180 327
738 275 327
339 108 327
437 199 326
386 249 326
317 58 326
94 364 325
742 612 325
504 38 325
232 611 325
39 405 325
112 432 325
947 590 325
133 7 324
586 667 324
561 38 324
400 584 324
904 95 324
825 348 324
351 549 324
741 589 323
714 341 322
119 605 322
636 438 322
81 606 322
252 206 322
280 61 321
851 614 321
136 675 321
603 606 321
348 602 321
861 519 320
775 637 320
946 558 320
318 614 320
238 310 319
941 508 319
739 431 319
94 665 319
417 162 319
558 647 319
138 620 318
853 329 318
23 595 318
354 96 318
812 619 318
74 24 318
347 552 318
381 538 317
357 280 317
831 365 317
711 499 317
504 197 317
99 628 316
168 151 316
177 313 316
602 201 316
941 106 316
338 656 316
714 594 316
740 669 316
948 4 316
799 598 316
177 428 316
747 580 315
659 553 315
806 518 315
706 482 315
542 623 315
937 70 315
495 567 315
593 402 315
420 559 314
339 257 314
203 497 314
586 13 314
226 611 314
498 253 314
466 426 314
510 564 313
896 679 313
325 17 313
699 502 313
343 358 313
567 418 313
109 312 313
549 66 312
209 277 312
481 33 312
253 340 312
658 672 311
638 156 311
494 482 311
384 362 311
936 675 311
510 605 311
710 213 311
46 280 311
569 603 311
776 407 311
194 182 310
693 141 310
891 620 310
743 69 310
195 380 310
369 413 310
888 563 310
677 616 309
453 617 309
5 467 309
756 107 309
612 595 309
919 647 309
113 66 309
540 663 308
61 442 308
767 641 308
254 494 308
138 472 307
434 517 307
883 169 307
369 654 307
878 579 307
113 268 306
96 691 306
520 617 306
85 653 306
67 574 306
374 447 306
851 676 305
622 459 305
429 621 305
301 693 305
233 384 304
455 496 304
188 676 304
47 295 303
179 9 303
418 611 303
894 304 303
967 424 302
553 275 302
215 682 302
613 552 302
609 260 302
841 646 302
420 608 301
300 569 301
491 9 301
5 476 301
939 252 301
815 617 301
693 330 301
379 100 301
316 9 301
448 515 300
803 418 300
676 307 300
544 21 300
193 245 300
504 195 300
990 625 300
446 674 299
336 557 299
125 172 299
989 244 299
248 657 299
81 637 298
362 524 298
465 18 298
651 584 298
64 210 298
579 408 298
62 648 297
991 656 297
375 439 297
630 491 297
988 598 297
722 664 297
992 175 297
4 454 296
763 389 296
398 154 296
311 632 296
708 657 296
83 390 296
960 266 296
397 248 294
47 592 294
99 375 293
246 223 293
951 551 293
384 649 293
28 521 292
407 341 292
975 111 292
263 666 291
790 416 291
413 94 291
401 383 291
996 539 291
4 639 290
730 436 290
230 332 290
333 145 290
309 370 290
835 212 290
927 309 290
134 215 290
409 688 290
301 538 289
236 593 289
850 588 288
488 629 288
780 310 288
73 178 288
200 583 288
542 503 287
497 636 287
472 460 287
47 199 287
209 636 287
380 273 287
281 411 287
96 70 287
449 684 287
576 201 287
480 665 287
414 481 287
170 557 286
835 234 286
330 380 286
736 596 286
589 231 286
403 548 286
187 358 286
571 676 286
951 491 286
697 372 285
922 205 285
543 372 285
278 102 285
811 710 285
757 582 284
534 614 284
711 510 284
372 649 284
217 270 284
551 141 283
266 579 283
701 695 283
852 583 283
320 310 283
743 276 283
49 665 282
426 308 282
690 669 282
547 696 282
351 31 282
564 654 282
753 698 282
310 117 282
361 359 282
115 430 282
614 337 282
237 386 281
827 265 281
22 183 281
331 30 281
202 391 281
40 586 281
691 306 280
471 676 280
133 529 280
487 592 280
392 258 280
864 253 280
615 156 280
720 330 280
441 609 280
709 163 279
117 177 279
484 621 279
612 557 279
62 707 279
717 593 279
712 472 279
399 575 279
901 210 279
403 671 278
114 75 278
866 704 278
98 559 278
996 551 277
460 75 277
121 536 277
447 205 277
767 351 277
875 665 276
93 703 276
921 100 276
731 224 276
214 317 276
727 233 276
643 499 276
671 182 276
990 588 275
434 460 275
808 623 275
490 415 275
594 719 275
820 253 274
114 547 274
316 629 274
942 479 274
265 243 273
103 654 273
527 352 273
731 444 273
690 723 273
336 717 273
853 650 273
604 690 272
990 538 272
793 690 272
269 87 271
304 426 271
76 351 271
892 598 271
771 498 271
696 393 271
563 17 270
382 282 270
72 201 270
992 674 270
756 683 270
230 435 269
324 432 269
999 591 269
487 247 269
201 675 269
575 616 269
940 335 269
795 145 269
691 269 269
378 673 268
395 675 268
714 208 268
551 697 268
965 642 268
633 241 268
961 150 268
217 107 268
613 662 268
274 289 268
952 204 268
272 505 267
989 721 267
66 361 267
346 323 267
920 656 267
386 249 267
658 730 267
25 643 266
396 585 266
912 500 266
28 395 266
500 626 266
650 456 266
294 137 266
139 579 266
238 223 265
797 232 265
545 582 264
19 720 264
94 179 264
192 476 264
502 632 264
195 735 264
197 163 264
461 181 263
864 611 263
714 447 263
925 505 263
601 501 263
809 668 263
949 486 263
229 711 263
897 565 263
519 94 263
163 629 262
265 560 262
909 710 262
418 462 262
292 347 262
686 586 261
177 367 261
484 455 261
160 707 261
169 114 261
602 589 261
328 568 261
811 124 261
284 621 261
163 732 261
727 696 260
97 109 260
825 105 260
820 582 260
647 533 259
300 557 259
595 627 259
995 593 259
471 332 259
364 40 259
48 707 259
336 606 259
933 593 259
597 102 259
1 626 258
461 514 258
783 720 258
804 675 257
383 697 257
31 546 257
203 305 257
371 454 257
722 84 257
340 662 256
849 615 256
307 691 256
208 70 256
862 389 256
512 406 255
142 521 255
199 708 255
541 559 255
746 110 255
446 589 255
439 441 255
955 425 255
194 301 254
241 523 254
174 577 254
647 361 254
293 591 254
530 76 254
671 241 254
311 420 254
705 665 254
292 615 253
305 569 253
889 523 253
925 184 253
928 167 253
424 743 253
986 676 253
555 602 253
877 355 253
529 79 252
136 644 252
58 629 252
784 505 252
754 589 252
768 375 252
922 682 252
570 270 252
358 663 251
706 618 251
327 395 251
742 12 251
104 101 251
106 153 251
591 698 250
562 665 250
916 639 250
908 429 250
810 640 250
203 611 250
469 571 250
811 730 250
672 521 249
767 12 249
968 295 249
930 424 249
115 148 249
721 577 249
232 652 248
54 597 248
258 675 248
609 748 247
296 589 247
594 22 247
953 715 247
195 565 247
603 149 247
995 742 247
215 728 247
584 707 247
797 213 247
81 511 246
997 407 246
431 726 246
719 644 246
262 645 246
148 686 246
896 243 246
172 556 246
231 260 245
105 203 245
771 282 244
531 556 244
464 14 244
740 730 244
483 719 244
987 354 243
646 566 243
702 317 243
820 282 243
458 497 243
201 412 243
386 114 242
915 682 242
316 599 242
450 755 242
927 560 242
245 530 242
751 749 241
637 611 241
722 675 241
466 606 241
82 329 241
742 724 241
458 619 241
843 334 241
591 750 241
230 713 241
697 626 240
825 749 240
156 118 240
370 284 240
637 585 239
846 317 239
759 544 239
160 702 239
614 131 239
463 626 239
584 538 239
995 265 238
438 100 238
514 604 238
872 368 237
112 686 237
712 510 237
390 499 237
753 672 237
187 407 237
680 703 236
274 301 236
223 739 236
312 226 235
821 323 235
280 733 235
715 755 235
247 8 235
619 121 235
789 191 234
245 137 234
353 43 234
181 532 234
617 490 234
803 179 234
623 201 234
400 596 234
669 444 234
589 365 234
20 574 234
138 160 234
720 575 233
400 284 233
886 552 233
573 614 233
625 195 232
133 616 232
995 335 232
581 592 232
31 294 232
98 615 232
72 575 232
901 52 232
69 746 232
997 28 231
773 161 231
520 137 231
205 192 231
923 768 231
276 650 231
527 711 231
141 516 231
456 519 231
804 487 231
944 100 230
32 573 230
254 446 230
38 670 230
303 445 229
825 461 229
925 173 229
508 319 229
49 573 229
405 744 229
277 475 229
40 761 229
297 65 229
567 279 228
442 651 228
524 749 228
806 665 228
744 321 228
34 265 228
168 557 227
391 699 227
265 750 227
631 660 227
230 558 227
54 705 227
229 82 227
493 266 227
466 300 227
445 66 227
432 686 227
780 558 226
342 608 226
194 63 226
946 644 226
71 697 225
448 564 225
803 687 225
186 714 225
114 539 225
965 560 225
490 761 225
244 418 225
576 568 225
570 437 225
341 449 225
260 672 224
312 327 224
817 743 224
965 583 224
958 57 224
481 160 224
630 739 224
864 646 223
641 100 223
190 748 223
843 451 223
448 776 223
799 762 223
85 573 222
6 596 222
160 418 222
292 544 222
460 106 222
61 614 222
893 472 222
766 684 222
835 774 222
889 719 222
1000 29 222
794 179 222
466 717 222
217 633 222
490 603 221
668 740 221
807 700 221
130 172 221
286 335 221
278 542 221
828 35 221
429 563 221
80 697 221
769 553 220
519 774 220
154 455 220
577 567 220
824 458 220
678 364 220
349 61 220
876 533 220
780 772 219
658 363 219
100 704 219
129 778 219
299 661 219
195 546 218
676 139 218
651 668 218
646 710 218
208 559 218
971 28 218
469 637 218
558 98 218
713 550 218
236 739 217
286 598 217
975 713 217
962 492 217
71 262 217
102 232 217
299 369 217
438 366 217
574 151 217
549 731 217
414 22 217
541 782 216
513 754 216
898 233 216
655 562 216
636 708 216
161 283 216
979 624 216
764 772 215
848 722 215
851 463 215
985 194 215
545 345 215
988 577 215
132 395 215
306 643 215
4 254 215
719 452 214
158 261 214
929 763 214
216 457 213
883 424 213
384 765 213
741 719 213
13 460 213
683 362 213
61 783 213
452 685 212
157 682 212
498 655 212
576 321 212
846 663 212
856 265 212
939 623 212
404 673 211
768 81 211
851 472 211
148 760 211
636 664 211
77 358 211
889 207 211
254 367 211
307 438 211
126 712 211
36 117 211
212 204 211
490 488 211
480 254 210
892 568 210
484 372 210
209 772 210
653 753 210
112 634 210
490 775 210
548 786 210
185 405 210
395 259 210
181 213 210
68 672 209
896 586 209
628 316 209
72 710 209
983 775 209
982 325 209
154 784 209
35 116 208
705 677 208
473 763 208
596 287 208
583 789 208
583 658 208
58 705 207
923 764 207
283 247 207
388 728 207
436 610 207
281 793 206
521 66 206
515 92 206
467 83 206
574 385 206
425 762 205
251 525 205
409 51 205
380 718 205
441 695 205
610 703 204
597 76 204
512 337 204
335 644 204
945 643 204
991 744 204
678 722 204
354 731 204
463 280 204
610 454 204
174 409 204
404 571 204
783 779 204
833 779 204
7 499 203
501 149 203
888 607 203
742 793 203
142 420 202
189 717 202
529 478 202
800 705 202
672 126 202
519 55 202
774 630 202
199 786 202
831 389 202
649 300 201
381 758 201
433 793 201
669 464 201
692 792 201
477 572 201
591 671 201
171 653 201
879 471 200
592 427 200
549 352 200
520 286 200
194 691 200
469 64 200
384 469 199
615 303 199
736 389 199
361 631 199
273 261 199
869 307 199
681 672 199
939 91 199
76 142 199
973 6 198
7 136 198
925 712 198
670 748 198
902 306 198
475 449 198
803 681 198
274 523 198
845 785 198
582 329 198
182 241 197
563 744 197
411 230 197
69 679 197
361 514 196
570 757 196
226 403 196
66 410 196
313 460 196
382 642 196
532 609 196
631 536 196
558 425 196
724 599 196
415 473 195
271 398 195
223 407 195
93 623 195
881 605 195
302 522 195
540 299 195
337 660 195
587 659 195
363 633 194
326 780 194
18 428 194
835 778 194
353 790 194
260 786 194
170 630 194
588 710 194
578 292 193
204 546 193
858 770 193
686 672 193
466 232 193
190 786 193
512 729 193
685 774 193
793 767 193
582 268 192
443 204 192
560 68 192
105 725 192
594 153 192
644 265 192
723 240 192
291 471 191
537 601 191
706 713 191
226 723 191
967 146 191
17 664 191
571 285 191
651 731 191
604 760 191
564 734 191
880 335 190
961 199 190
20 731 190
587 810 189
787 440 189
450 559 189
91 569 189
288 430 189
400 700 189
477 401 189
609 274 189
612 770 189
513 244 188
975 789 188
926 727 188
825 536 188
783 647 188
671 700 188
69 703 188
840 789 188
456 368 187
270 147 187
112 682 187
697 107 187
222 729 187
304 621 187
879 588 187
984 402 186
776 333 186
128 177 186
859 780 186
454 754 186
31 353 186
688 685 186
413 221 186
355 792 186
393 742 186
289 221 186
363 102 186
327 755 185
199 457 185
271 241 185
576 785 185
326 692 185
929 160 185
840 406 185
699 393 184
680 402 184
450 569 184
267 145 184
928 757 184
728 811 184
207 600 184
271 719 184
218 782 183
535 243 183
238 194 183
325 586 183
652 613 183
951 541 183
750 809 183
23 566 183
43 50 183
775 788 183
676 746 183
600 501 183
593 578 183
321 817 182
565 528 182
657 802 182
52 426 182
668 671 182
841 187 182
668 631 182
186 357 181
336 753 181
936 799 181
107 624 181
853 699 181
502 319 181
714 477 181
770 816 181
739 538 181
721 635 180
233 563 180
620 818 180
647 245 180
105 295 180
59 471 180
500 601 179
377 479 179
866 318 179
575 771 179
392 679 179
280 655 179
234 127 179
368 640 179
371 572 178
727 760 178
343 790 178
273 605 178
705 493 178
838 620 178
795 799 178
113 646 178
177 767 178
935 494 178
103 502 178
869 112 178
911 420 178
999 635 178
131 664 177
422 658 177
883 488 177
601 615 177
487 813 177
685 481 177
112 402 177
512 600 177
346 761 177
604 814 177
937 592 176
177 734 176
4 728 176
640 285 176
966 757 176
260 429 176
359 776 175
949 413 175
584 660 175
156 38 175
359 508 175
166 623 175
674 187 175
845 123 174
48 173 174
839 797 174
845 757 174
37 545 174
837 620 174
155 295 174
97 447 174
221 694 174
269 513 174
351 730 174
573 333 174
149 654 173
12 216 173
776 10 173
690 807 173
768 722 173
680 472 173
871 823 173
418 536 173
688 514 173
541 661 173
217 447 173
312 330 172
501 357 172
957 714 172
971 573 172
217 82 171
303 689 171
614 762 171
473 817 171
986 327 171
703 686 171
249 75 171
891 556 170
426 321 170
245 726 170
862 599 170
243 322 170
682 634 170
636 225 170
948 617 169
348 188 169
836 706 169
918 791 169
93 503 169
458 661 169
241 578 169
223 828 169
825 762 169
15 44 169
712 68 169
486 829 169
372 552 169
330 713 169
598 205 169
321 549 169
682 358 169
676 826 169
119 389 168
472 67 168
103 789 168
382 641 168
21 735 168
463 733 168
45 732 168
850 815 168
286 599 168
406 767 168
769 787 167
660 783 167
466 484 167
246 149 167
5 35 167
269 396 167
990 444 167
456 825 167
690 727 166
561 762 166
71 719 166
433 472 166
714 751 166
822 58 166
69 288 166
19 56 166
385 806 166
903 814 166
14 512 166
663 642 165
47 691 165
937 792 165
926 380 165
325 752 165
125 489 164
981 668 164
235 159 164
166 685 164
282 753 164
87 482 163
714 99 163
393 640 163
804 627 163
683 824 163
80 764 163
923 341 163
554 657 163
306 307 163
275 45 163
933 759 163
785 187 163
448 457 162
221 523 162
450 524 162
560 819 162
514 819 162
299 363 162
885 151 162
873 578 162
749 759 161
73 709 161
519 742 161
394 717 161
200 501 161
811 602 161
453 829 161
707 729 161
366 738 161
651 481 161
496 820 161
350 165 161
273 795 161
452 799 161
602 763 161
573 531 160
696 728 160
356 824 160
59 577 160
575 832 160
730 485 160
522 370 160
807 780 160
989 806 160
742 72 160
426 255 160
720 489 160
445 730 160
633 690 160
404 10 159
720 756 159
475 702 159
401 476 159
651 673 159
12 696 159
560 734 159
207 827 159
362 796 158
584 688 158
76 500 158
834 608 158
213 539 158
781 516 158
240 677 158
928 784 157
37 554 157
234 393 157
944 9 157
328 756 157
584 48 157
894 367 157
172 838 157
599 19 156
21 664 156
898 118 156
690 735 156
330 719 156
469 618 156
503 821 156
962 434 156
202 658 156
155 185 156
502 825 156
659 72 155
16 627 155
856 482 155
52 401 155
536 844 155
325 819 155
576 368 155
651 274 155
895 15 155
108 795 155
296 592 154
665 393 154
549 216 154
673 557 154
536 672 154
446 443 154
609 814 154
279 820 154
959 837 153
347 387 153
182 349 153
892 825 153
673 828 153
566 310 153
578 40 153
673 743 152
980 521 152
481 302 152
15 639 152
305 633 152
627 628 152
617 659 152
88 742 152
812 732 152
659 636 152
186 323 152
190 505 152
571 150 152
908 501 152
788 2 151
397 638 151
126 196 151
715 841 151
963 575 151
7 776 151
540 712 151
567 788 150
204 324 150
156 290 150
993 822 150
442 698 150
335 845 150
652 712 150
608 680 150
158 237 150
370 597 150
853 741 150
608 696 150
985 638 150
840 470 149
909 772 149
31 730 149
65 734 149
679 811 149
387 5 149
572 763 149
933 750 149
851 750 149
883 250 149
227 831 148
995 61 148
389 5 148
424 635 148
219 794 148
937 703 148
317 99 148
268 755 148
637 488 148
784 833 148
767 827 148
473 132 148
918 701 148
637 772 148
935 736 148
252 29 147
947 699 147
294 828 147
302 521 147
899 820 147
268 331 147
774 728 147
495 849 147
688 196 147
77 824 146
388 745 146
846 833 146
551 647 146
152 839 146
194 696 146
217 441 146
260 844 146
672 752 146
399 557 146
40 757 146
193 757 145
724 628 145
391 839 145
893 566 145
788 248 144
277 663 144
573 821 144
925 577 144
871 827 144
485 526 144
186 738 144
579 729 144
74 685 144
768 65 144
345 143 144
432 567 143
935 569 143
335 685 143
273 190 143
371 638 143
78 835 143
953 564 143
684 784 143
229 659 143
939 829 142
485 525 142
300 23 142
894 811 142
73 467 142
602 381 142
925 638 142
680 548 142
576 655 142
606 572 142
607 787 142
468 836 141
252 225 141
523 366 141
697 267 141
394 540 141
383 514 141
493 524 141
854 292 141
481 749 141
12 695 140
587 452 140
707 828 140
46 713 140
597 836 140
222 787 140
88 495 140
95 507 140
651 816 139
435 809 139
99 423 139
512 797 138
456 216 138
406 521 138
215 324 138
539 462 138
923 807 138
917 91 138
343 833 138
347 372 138
749 788 138
651 321 138
666 731 138
570 250 138
119 398 138
174 360 137
311 55 137
513 353 137
393 851 137
635 414 137
858 766 137
717 645 137
964 533 137
83 347 137
995 860 137
80 369 137
777 725 137
840 736 136
872 178 136
340 484 136
421 800 136
160 735 136
382 396 136
494 418 136
437 778 136
242 524 136
797 839 136
642 663 136
394 59 135
818 609 135
873 833 135
437 46 135
105 691 135
14 596 135
733 427 135
735 557 135
123 717 135
280 553 134
391 419 134
92 841 134
884 423 134
983 804 134
825 397 134
466 653 134
849 19 134
424 291 134
858 729 134
52 426 133
641 688 133
449 858 133
803 824 133
895 531 133
706 811 133
260 541 133
449 445 133
233 846 133
376 746 133
618 565 133
309 856 133
644 794 133
785 643 133
449 114 133
758 451 132
357 762 132
506 520 132
241 847 132
356 728 132
198 844 132
635 864 132
563 270 132
54 805 131
8 379 131
637 232 131
413 320 131
887 445 131
392 413 131
422 87 130
996 548 130
228 455 130
80 241 130
121 341 130
397 819 130
340 661 130
7 432 129
528 470 129
12 730 129
30 706 129
492 396 129
107 162 129
81 841 129
776 851 129
47 664 129
625 58 129
320 642 129
154 842 128
521 733 128
799 779 128
120 166 128
931 264 128
743 850 128
723 867 128
188 758 128
803 438 128
848 580 127
724 114 127
648 775 127
472 853 127
834 831 127
718 610 127
139 114 127
515 712 127
201 854 127
219 725 127
269 665 127
546 767 127
267 804 127
218 375 127
665 383 126
110 347 126
167 762 126
275 462 126
824 737 126
57 427 126
382 667 126
644 25 126
816 704 126
706 677 126
14 256 126
573 671 125
102 734 125
63 238 125
95 686 125
470 656 125
229 472 125
542 582 125
760 275 125
897 710 125
384 861 125
498 238 125
875 638 125
62 792 125
43 149 125
426 751 125
166 773 125
291 558 124
279 824 124
217 697 124
539 783 124
856 393 124
242 51 124
600 764 123
709 367 123
437 582 123
126 517 123
310 608 123
839 719 123
259 243 123
830 843 123
885 823 123
158 307 123
997 691 122
512 413 122
432 846 122
344 623 122
427 630 122
116 822 122
799 24 122
554 247 122
868 657 121
99 362 121
616 791 121
672 671 121
815 769 121
800 491 121
894 531 121
592 329 121
921 559 121
687 148 121
477 851 121
133 372 121
385 399 121
134 666 121
925 846 121
449 269 121
741 151 120
120 827 120
577 125 120
195 791 120
252 865 120
560 704 120
811 748 120
776 879 120
695 234 120
743 774 120
159 803 119
774 444 119
791 814 119
541 75 119
720 810 119
849 141 119
496 875 119
539 665 119
917 823 119
332 680 118
884 395 118
838 790 118
634 301 118
844 157 118
245 530 118
895 508 118
1000 838 118
767 619 117
869 742 117
253 684 117
461 642 117
52 279 117
796 794 117
646 367 117
628 819 117
4 524 117
57 831 117
709 852 117
226 430 117
575 506 117
121 58 117
738 709 117
826 875 117
360 104 116
850 799 116
901 585 116
955 876 116
389 449 115
389 730 115
814 636 115
55 732 115
536 844 115
195 857 115
887 869 115
344 728 115
28 795 115
922 773 115
556 582 115
858 738 115
222 823 115
395 137 115
83 840 114
143 851 114
131 72 114
103 181 114
764 329 114
737 236 114
129 849 114
183 807 114
566 552 114
923 861 114
356 802 114
11 827 114
917 733 114
714 60 113
170 252 113
459 582 113
918 687 113
231 829 113
390 770 113
434 643 113
977 421 113
737 467 112
465 788 112
367 76 112
702 496 112
661 280 112
562 440 112
708 854 112
718 623 112
528 389 112
526 663 111
746 531 111
728 694 111
718 531 111
377 763 111
554 802 111
542 819 111
726 129 111
651 496 111
146 748 111
500 439 111
98 571 111
744 835 111
921 619 111
67 723 111
210 568 110
895 562 110
695 620 110
267 52 110
103 675 110
575 492 110
465 569 110
691 153 109
954 808 109
872 751 109
351 217 109
374 639 109
516 580 109
342 576 109
908 681 109
223 210 109
743 127 108
521 828 108
146 700 108
305 490 108
559 231 108
898 265 107
491 856 107
957 313 107
181 772 107
896 527 107
832 780 107
692 394 107
519 140 107
236 867 107
898 570 107
92 840 107
522 458 107
768 729 107
781 851 106
734 534 106
562 251 106
581 149 106
274 29 106
94 218 106
531 225 106
87 489 106
189 610 106
123 829 106
485 880 105
485 451 105
737 786 105
798 830 105
88 849 105
515 893 105
615 890 105
223 858 105
945 742 105
654 715 105
626 715 104
183 796 104
329 848 104
755 500 104
970 260 104
658 893 104
148 369 104
497 740 104
419 710 104
975 662 104
643 707 104
442 213 104
448 817 104
265 820 104
465 756 104
170 716 103
119 341 103
764 544 103
160 474 103
340 672 103
897 407 103
689 482 103
623 150 103
945 863 103
697 692 103
170 48 103
604 769 103
991 895 103
308 672 102
625 370 102
628 725 102
978 839 102
927 884 102
806 614 102
697 775 102
447 160 101
454 591 101
82 529 101
60 92 101
628 540 101
9 813 101
779 649 101
809 595 101
844 771 101
768 768 101
768 675 101
213 895 101
791 485 100
891 637 100
564 729 100
844 721 100
61 856 100
753 197 100
576 38 100
814 799 100
855 742 100
929 183 100
664 577 100
196 899 100
348 873 100
319 437 100
191 29 99
500 357 99
203 606 99
592 822 99
689 497 99
219 881 99
569 302 99
578 843 99
528 180 99
450 811 99
548 832 99
688 443 99
623 892 98
128 439 98
953 417 98
658 11 98
603 820 98
304 117 98
16 503 98
741 453 97
161 862 97
806 714 97
735 666 97
224 693 97
233 630 97
724 153 97
283 889 97
626 860 97
360 838 97
736 716 97
658 243 97
112 285 97
410 614 96
34 745 96
676 104 96
626 873 96
88 612 96
238 868 96
563 889 96
85 810 96
973 848 96
18 852 96
789 312 96
597 796 95
444 361 95
962 432 95
641 830 95
296 710 95
1 690 95
963 365 95
41 889 95
408 897 95
637 874 94
900 706 94
978 348 94
533 745 94
142 353 94
720 303 94
372 852 94
763 725 94
899 835 94
780 554 94
366 577 94
954 626 94
821 48 94
152 520 94
777 800 94
626 769 94
495 808 94
632 569 94
51 875 93
782 839 93
162 15 93
845 612 93
533 648 93
646 875 93
565 757 93
304 392 93
757 896 93
781 579 93
227 539 93
50 891 93
780 888 93
596 809 92
284 196 92
117 128 92
660 470 92
658 902 92
221 745 92
522 492 92
287 582 92
702 387 92
147 878 92
5 883 92
133 544 92
50 837 92
466 708 92
474 764 91
879 846 91
973 526 91
637 779 91
906 896 91
385 858 91
635 859 91
245 844 91
905 651 91
214 611 90
442 561 90
908 839 90
849 773 90
76 817 90
938 809 90
385 659 90
155 569 90
637 137 90
457 760 90
465 598 90
131 688 90
756 869 90
892 574 90
482 70 90
6 519 89
548 336 89
149 332 89
935 671 89
449 835 89
94 295 89
9 840 89
164 854 89
341 834 89
468 821 89
26 859 89
266 629 89
685 872 89
137 893 88
515 845 88
729 387 88
282 328 88
344 876 88
349 694 88
477 872 88
467 830 88
643 445 88
625 898 88
119 835 88
35 851 88
535 830 88
716 732 87
226 789 87
914 894 87
589 828 87
193 553 87
497 675 87
246 770 87
120 909 82
265 865 86
334 263 86
795 116 86
372 716 86
562 893 86
633 805 86
545 893 86
406 254 86
861 171 85
685 769 85
399 805 85
170 480 85
244 417 85
290 467 85
756 777 85
642 821 85
283 813 85
606 332 85
334 870 85
779 799 85
631 516 85
419 573 84
913 536 84
703 842 84
4 885 84
211 108 84
458 683 84
24 705 84
794 827 84
77 536 84
899 502 84
672 910 81
539 912 77
633 569 84
152 861 83
226 626 83
342 782 83
91 673 83
108 458 83
159 582 83
754 579 83
466 379 83
828 877 83
887 340 83
20 503 83
894 780 83
920 811 83
146 278 83
592 866 83
31 829 82
431 483 82
978 367 82
673 889 82
49 367 82
302 775 82
772 796 82
567 507 82
74 826 82
495 353 82
777 888 82
293 571 82
806 505 82
76 627 82
435 729 82
866 785 82
717 633 82
384 887 82
132 747 82
881 308 82
666 730 81
771 462 81
603 702 81
602 764 81
174 714 81
583 886 81
570 822 81
913 5 81
871 275 81
435 803 81
647 905 81
589 908 81
884 719 81
40 875 81
758 649 81
62 131 80
487 731 80
213 756 80
451 752 80
187 747 80
905 362 80
919 492 80
754 878 80
413 648 80
579 383 80
754 467 80
641 794 80
628 16 79
364 489 79
551 733 79
42 562 79
835 595 79
472 898 79
77 776 79
423 316 79
369 807 79
778 826 79
460 630 79
721 772 79
983 871 79
116 89 79
776 669 79
307 568 79
245 175 78
754 459 78
346 534 78
118 916 70
319 852 78
563 132 78
817 882 78
588 867 78
256 274 78
781 903 78
592 713 78
260 914 73
694 759 77
280 595 77
947 453 77
639 875 77
590 240 77
625 405 77
72 907 77
262 918 67
444 327 77
886 448 77
668 656 77
477 812 77
539 600 77
397 617 77
172 775 77
660 14 77
22 683 76
699 727 76
996 364 76
865 922 60
14 13 76
318 511 76
637 525 76
367 598 76
879 897 76
670 639 76
485 909 76
444 909 76
282 813 75
951 874 75
561 226 75
626 284 75
377 288 75
298 840 75
155 831 75
528 902 75
171 510 75
568 528 75
848 542 75
409 728 75
69 622 75
421 662 74
179 804 74
8 732 74
76 664 74
386 910 74
176 719 74
319 673 74
59 486 74
331 417 74
608 747 74
607 574 74
688 375 74
221 811 74
958 395 74
875 20 74
909 820 74
1000 829 74
832 891 74
283 914 73
122 660 73
510 899 73
917 105 73
312 256 73
215 754 73
440 468 73
422 815 73
103 414 73
275 900 73
371 908 73
782 626 73
55 429 73
569 826 73
78 869 73
980 83 73
9 844 73
63 875 73
779 864 72
803 509 72
62 824 72
96 893 72
781 308 72
786 304 72
428 814 72
339 824 72
777 869 72
556 216 72
536 473 72
638 388 71
488 838 71
739 679 71
605 873 71
181 662 71
177 171 71
1000 918 67
814 364 71
159 175 71
54 370 70
536 565 70
852 892 70
106 887 70
447 892 70
563 760 70
333 888 70
80 779 70
755 891 70
840 885 69
145 391 69
694 113 69
966 773 69
817 648 69
680 837 69
745 503 69
836 107 69
801 779 69
471 494 69
331 668 69
974 654 68
681 809 68
389 878 68
506 775 68
891 923 59
71 864 68
388 836 68
93 596 68
976 705 67
784 96 67
514 825 67
837 645 67
540 793 67
504 881 67
293 453 67
597 907 67
64 389 67
706 929 50
289 915 67
514 716 67
480 496 67
561 749 67
966 622 67
362 589 67
690 708 67
685 634 67
970 871 66
619 659 66
400 191 66
832 718 66
492 864 66
866 750 66
333 826 66
793 801 66
580 908 66
912 928 51
811 468 66
129 589 65
274 672 65
374 812 65
705 415 65
457 912 65
692 912 65
867 812 65
487 871 65
982 217 65
513 87 65
903 892 65
26 826 64
543 934 43
835 683 64
114 704 64
988 835 64
177 407 64
485 367 64
409 543 64
208 458 64
638 314 64
235 933 44
614 403 64
23 787 64
118 915 64
559 559 63
214 742 63
706 934 43
291 6 63
825 708 63
486 824 63
246 343 63
129 55 63
400 911 63
923 879 62
747 870 62
525 138 62
206 374 62
933 855 62
612 533 62
311 149 62
798 865 62
359 158 62
411 733 62
537 835 62
215 712 62
427 510 62
308 446 62
110 174 61
559 916 61
484 229 61
311 934 43
436 714 61
892 709 61
701 218 61
422 444 61
309 783 61
810 725 60
988 139 60
806 847 60
908 939 37
826 833 60
59 248 60
425 924 57
846 900 60
646 646 60
916 697 60
518 937 39
727 911 60
374 878 60
974 730 60
115 799 60
709 868 60
333 681 59
267 926 54
136 393 59
388 895 59
358 864 59
652 758 59
248 604 59
904 834 59
575 878 59
367 627 59
308 593 59
719 206 58
342 902 58
460 815 58
631 847 58
257 921 58
702 59 58
417 186 58
654 718 58
891 864 58
658 395 58
433 920 58
598 600 58
430 829 58
320 858 57
626 115 57
181 932 46
923 835 57
23 641 57
483 847 57
398 843 57
220 935 42
924 899 57
218 532 56
231 775 56
941 12 56
645 171 56
70 144 56
795 751 56
843 307 56
327 817 56
434 534 56
912 844 56
61 546 56
64 421 56
345 285 56
828 43 56
345 860 56
638 825 56
972 526 56
871 746 56
994 664 56
866 849 56
744 834 55
417 859 55
747 258 55
224 113 55
322 675 55
70 657 55
826 706 55
767 414 55
138 856 55
576 706 55
799 456 55
417 679 55
834 312 55
329 809 55
419 915 55
978 921 55
620 231 54
285 802 54
528 644 54
19 930 49
80 496 54
642 802 54
826 832 54
746 725 54
438 744 54
591 459 54
475 210 54
330 874 54
963 930 49
74 695 54
441 766 54
895 853 54
765 704 54
502 855 54
497 596 54
330 117 54
172 264 53
819 453 53
646 441 53
359 872 53
518 63 53
702 719 53
380 780 53
261 855 53
720 151 53
95 620 53
847 866 53
880 334 53
839 476 53
607 177 53
974 920 53
442 204 53
231 755 52
64 854 52
41 889 52
27 269 52
663 414 52
655 918 52
925 569 52
648 261 52
277 934 43
435 856 52
624 25 52
725 614 52
987 35 52
949 894 52
251 777 52
490 904 52
803 699 52
206 766 52
377 825 51
351 537 51
823 107 51
681 486 51
611 545 51
854 922 51
751 355 51
413 440 51
605 928 51
138 916 51
144 848 51
921 557 51
208 74 51
948 258 50
344 896 50
813 809 50
775 724 50
334 908 50
897 718 50
886 302 50
324 375 49
257 410 49
196 771 49
502 861 49
937 943 32
216 926 49
307 720 49
945 763 49
559 878 49
853 110 49
164 553 49
888 950 25
329 937 39
226 896 48
606 876 48
65 920 48
300 840 48
263 120 48
215 913 48
804 578 48
273 946 29
422 796 48
970 767 48
715 936 40
773 870 48
409 917 48
984 805 48
555 856 48
650 844 48
676 288 48
774 607 48
304 815 47
650 469 47
252 951 24
504 851 47
12 903 47
94 916 47
349 19 47
892 949 26
344 688 47
382 803 47
586 151 47
305 299 47
540 943 32
786 806 47
285 928 46
146 363 46
671 928 46
464 785 46
585 924 46
549 751 46
144 924 46
422 499 46
592 561 46
547 907 46
653 952 23
252 719 46
996 692 46
816 600 46
399 805 46
660 822 46
378 65 46
551 884 46
476 919 46
728 476 45
303 769 45
999 98 45
284 912 45
841 338 45
759 506 45
885 878 45
687 918 45
163 813 45
782 841 45
151 856 45
415 868 45
443 503 45
256 942 33
852 575 44
562 927 44
893 792 44
789 821 44
903 868 44
843 769 44
881 939 37
104 370 44
842 562 44
313 514 44
32 622 44
698 943 32
978 839 44
648 928 44
18 863 44
265 384 44
326 590 43
215 838 43
935 956 19
441 437 43
177 928 43
64 951 24
548 613 43
689 360 43
863 916 43
466 624 42
220 854 42
784 881 42
886 466 42
207 823 42
366 874 42
814 855 42
569 717 42
510 699 42
63 923 42
781 891 42
466 616 42
212 767 42
825 804 42
447 947 28
785 943 32
668 218 41
286 905 41
335 312 41
520 858 41
413 844 41
159 493 41
540 907 41
739 873 41
178 355 41
748 583 41
562 600 41
717 851 40
709 754 40
225 755 40
310 944 31
575 892 40
451 715 40
973 924 40
962 950 25
456 881 40
236 911 40
532 659 40
265 157 40
753 947 28
945 72 39
769 358 39
760 740 39
436 632 39
94 392 39
125 871 39
146 854 39
459 866 39
462 950 25
882 54 39
175 640 39
420 932 39
497 930 39
75 827 39
306 249 38
759 403 38
122 639 38
501 907 38
3 755 38
979 616 38
109 539 38
664 915 38
251 898 38
719 444 38
955 291 38
504 421 38
544 935 38
315 931 38
702 651 38
40 922 38
673 533 38
9 846 38
853 389 38
460 845 38
266 644 38
907 915 38
933 188 37
476 785 37
522 248 37
756 789 37
9 918 37
833 931 37
851 928 37
85 447 37
324 681 37
20 936 37
582 915 37
143 909 37
66 316 37
942 760 37
769 776 37
26 806 37
63 869 37
715 631 36
717 641 36
531 925 36
42 687 36
905 715 36
836 777 36
933 816 36
84 810 36
855 729 36
560 895 36
283 959 16
730 385 36
580 866 35
772 943 32
85 449 35
832 948 27
648 549 35
213 600 35
954 962 14
135 941 34
36 156 35
104 939 35
751 774 35
926 95 35
726 66 35
905 464 35
698 855 35
566 658 35
686 590 35
339 478 35
832 961 15
476 452 34
441 160 34
844 801 34
862 884 34
84 956 19
406 501 34
709 952 23
299 216 34
910 824 34
130 962 14
651 885 33
511 903 33
481 820 33
270 710 33
40 832 33
255 182 33
366 746 33
605 959 16
313 926 33
404 884 33
603 198 33
142 643 33
271 897 33
898 896 33
530 909 33
128 155 33
359 694 33
518 552 33
962 845 33
941 442 33
569 373 33
671 843 33
82 946 29
917 659 32
403 892 32
114 342 32
876 775 32
920 893 32
493 569 32
856 262 32
27 918 32
11 967 10
97 771 32
214 588 32
952 696 32
889 842 32
576 823 32
427 678 32
416 907 32
781 425 32
957 874 32
796 783 32
593 945 30
573 841 32
135 718 32
214 133 32
760 897 32
474 952 23
508 251 31
305 855 31
730 902 31
896 946 29
621 325 31
97 664 31
997 835 31
86 788 31
292 857 31
240 910 31
998 904 31
525 91 31
623 551 31
711 667 31
382 962 14
686 833 30
699 909 30
757 320 30
64 393 30
367 935 30
443 957 18
638 400 30
161 135 30
18 441 30
685 968 10
1 936 30
829 435 30
970 718 30
326 734 30
212 954 21
191 676 30
925 968 10
268 950 25
742 965 12
321 859 29
858 814 29
749 933 29
345 889 29
850 940 29
706 843 29
405 907 29
673 712 29
181 319 29
134 600 29
902 910 29
40 210 29
44 289 29
752 943 29
491 863 29
426 901 29
993 531 29
869 636 29
823 959 16
80 969 9
24 683 28
19 970 9
312 68 28
767 966 11
990 623 28
126 798 28
449 938 28
173 240 28
689 849 28
596 910 28
28 84 28
256 314 28
793 450 28
981 904 28
732 673 28
25 841 28
827 970 9
516 929 27
805 848 27
82 944 27
880 919 27
163 568 27
868 960 16
557 893 27
272 647 27
684 699 27
319 787 27
900 228 27
997 850 27
318 76 27
292 928 27
296 870 27
958 964 12
766 634 26
653 916 26
726 891 26
449 942 26
436 934 26
965 487 26
765 634 26
975 967 10
305 520 26
87 901 26
401 893 26
261 963 13
248 787 26
125 925 26
426 909 26
826 561 26
117 880 26
773 690 25
484 845 25
84 560 25
257 954 21
922 770 25
800 968 10
912 971 8
57 968 10
586 964 12
161 705 25
208 775 25
241 948 25
26 959 16
636 785 25
288 429 25
374 913 24
140 519 24
703 859 24
965 894 24
571 517 24
246 585 24
240 356 24
687 567 24
87 403 24
797 445 24
696 935 24
44 663 24
59 822 24
842 967 10
844 300 24
54 624 24
614 942 24
586 829 24
670 944 24
599 635 24
160 411 24
115 231 24
785 966 11
666 963 13
572 76 24
264 685 24
998 939 23
914 32 23
383 792 23
787 795 23
233 954 21
147 564 23
319 385 23
39 469 23
192 796 23
639 646 23
757 261 23
153 928 23
59 925 23
906 940 23
4 975 6
396 976 5
221 419 23
59 873 23
407 910 23
722 679 23
509 514 23
373 467 23
231 729 22
795 229 22
229 946 22
445 973 7
235 964 12
13 976 5
243 963 13
351 518 22
567 832 22
231 624 22
938 391 22
504 630 22
537 740 22
286 943 22
7 960 16
475 185 22
407 270 22
50 592 22
178 670 22
116 578 22
19 942 22
402 144 22
538 759 21
602 929 21
415 977 5
216 816 21
630 644 21
968 964 12
124 805 21
791 794 21
582 960 16
303 803 21
512 793 21
480 978 4
577 927 21
171 572 21
665 923 21
17 543 21
956 909 21
135 509 21
279 812 20
989 958 17
703 236 20
525 951 20
524 859 20
99 977 5
544 932 20
369 895 20
8 938 20
454 94 20
436 254 20
675 103 20
865 564 20
246 941 20
564 3 20
937 561 20
353 574 20
47 798 20
343 781 20
664 370 20
898 36 20
131 716 20
740 503 20
939 979 4
630 947 20
17 976 5
202 850 20
157 231 19
888 753 19
178 627 19
98 651 19
139 928 19
891 851 19
192 871 19
938 314 19
367 931 19
666 979 4
434 854 19
701 591 19
535 969 9
322 417 19
943 964 12
273 873 19
736 497 19
996 888 19
757 924 19
808 839 19
211 389 18
237 913 18
933 945 18
886 953 18
962 948 18
906 949 18
232 973 7
905 927 18
857 972 7
607 710 18
93 946 18
395 428 18
588 282 18
659 974 6
979 895 18
943 904 18
10 845 18
494 941 17
283 902 17
915 854 17
188 963 13
412 615 17
93 169 17
993 971 8
96 908 17
257 402 17
761 515 17
982 544 17
892 258 17
695 919 17
648 913 17
428 965 12
843 919 17
925 880 17
542 887 16
538 975 6
331 971 8
960 922 16
646 961 15
669 598 16
366 978 4
499 969 9
161 955 16
793 980 4
913 933 16
397 918 16
826 958 16
492 683 16
807 962 14
407 785 16
305 980 4
800 476 16
655 331 16
704 982 3
397 797 16
927 835 16
287 808 16
556 54 16
238 982 3
624 627 16
471 961 15
517 264 16
485 938 16
429 969 9
585 950 15
799 932 15
200 970 9
265 638 15
618 984 2
834 984 2
753 762 15
124 400 15
61 845 15
768 963 13
146 12 15
170 935 15
91 971 8
678 604 15
286 949 15
843 153 15
158 930 14
574 789 14
186 974 6
965 827 14
946 973 7
550 920 14
132 719 14
496 436 14
274 296 14
85 975 6
854 386 14
28 558 14
145 966 11
143 246 14
237 542 14
387 881 14
903 891 14
219 781 14
812 948 14
564 820 14
945 885 14
326 944 13
330 693 13
4 956 13
257 822 13
508 965 12
987 866 13
649 972 7
310 597 13
844 785 13
834 444 13
852 964 12
698 377 13
466 783 13
905 981 3
152 946 13
451 933 13
394 927 13
226 904 13
815 637 13
858 379 13
178 938 13
244 928 13
230 974 6
678 922 12
327 985 2
581 971 8
339 524 12
301 984 2
529 405 12
167 986 1
863 966 11
702 272 12
420 783 12
802 984 2
830 984 2
231 697 12
704 985 2
462 310 12
802 980 4
677 903 12
268 372 12
741 987 1
797 987 1
883 693 11
317 976 5
418 839 11
453 957 11
596 953 11
8 976 5
173 911 11
117 987 1
354 554 11
487 866 11
179 980 4
567 759 11
424 224 11
677 935 11
236 806 11
361 947 11
960 866 11
261 953 11
981 203 11
545 132 11
353 255 11
941 924 11
982 977 5
720 861 11
895 256 10
669 729 10
222 986 1
261 598 10
351 869 10
902 976 5
956 930 10
428 986 1
801 627 10
701 854 10
666 206 10
882 653 10
435 667 10
221 941 10
484 976 5
72 956 10
773 214 10
223 942 10
868 962 10
131 705 10
377 969 9
835 974 6
620 894 9
593 982 3
588 281 9
876 205 9
958 869 9
588 106 9
8 649 9
124 337 9
550 671 9
684 904 9
695 978 4
603 983 2
906 982 3
810 954 9
535 824 9
720 989 1
510 988 1
522 990 1
86 979 4
256 977 5
268 461 8
632 808 8
938 316 8
52 90 8
344 920 8
837 990 1
72 837 8
659 933 8
693 989 1
260 789 8
5 973 7
306 907 8
989 819 8
999 656 8
405 990 1
760 980 4
57 980 4
385 186 8
352 239 8
602 959 8
396 986 1
887 985 2
697 885 8
64 477 8
75 923 8
131 971 8
774 945 8
529 964 8
357 877 7
7 371 7
643 953 7
887 470 7
481 820 7
776 989 1
57 670 7
741 284 7
127 659 7
602 944 7
893 839 7
85 980 4
456 985 2
541 990 1
810 971 7
904 897 7
461 132 7
207 949 7
853 396 7
675 864 7
207 509 7
368 499 7
584 959 7
102 748 7
770 985 2
131 905 7
593 972 7
830 466 7
391 992 0
570 987 1
527 457 6
946 624 6
437 822 6
397 899 6
276 869 6
765 139 6
713 794 6
86 936 6
352 731 6
691 943 6
304 981 3
17 946 6
503 891 6
573 168 6
919 989 1
240 832 6
218 305 6
115 955 6
465 905 6
509 34 6
125 961 6
508 881 6
259 949 6
421 697 6
319 857 5
907 694 5
948 989 1
259 51 5
182 347 5
292 461 5
15 297 5
247 983 2
871 953 5
122 994 0
250 935 5
94 954 5
119 975 5
194 453 5
626 365 5
627 989 1
287 961 5
987 922 5
548 900 5
132 337 5
160 934 5
47 991 0
582 973 5
1 668 5
861 979 4
781 704 4
887 986 1
167 938 4
993 994 0
902 667 4
138 983 2
278 888 4
846 963 4
702 993 0
112 993 0
913 818 4
603 906 4
714 566 4
287 892 4
391 966 4
885 914 4
272 987 1
787 893 4
347 901 4
496 962 4
128 981 3
930 294 4
986 688 4
367 39 4
399 903 4
524 955 4
680 250 4
374 887 4
271 888 4
181 990 1
317 940 4
523 902 3
81 268 3
495 993 0
267 982 3
562 987 1
486 987 1
317 993 0
345 55 3
487 599 3
461 959 3
624 477 3
210 995 0
979 755 3
98 932 3
782 749 3
441 974 3
997 987 1
521 936 3
766 992 0
326 992 0
125 854 3
896 112 3
161 952 3
227 976 3
390 990 1
664 979 3
169 974 3
915 996 0
620 995 0
924 989 1
812 749 2
477 978 2
387 581 2
224 909 2
638 986 1
591 946 2
784 686 2
146 975 2
836 995 0
6 412 2
469 984 2
843 926 2
638 634 2
416 831 2
130 992 0
830 979 2
294 988 1
520 997 0
30 987 1
539 769 2
568 245 2
276 992 0
183 932 2
544 641 2
558 248 2
702 964 1
628 990 1
178 710 1
264 998 0
453 996 0
139 149 1
609 484 1
402 998 0
426 970 1
878 996 0
767 888 1
508 994 0
487 997 0
744 895 1
185 933 1
917 67 1
460 794 1
502 986 1
542 968 1
602 984 1
692 997 0
781 998 0
628 738 1
803 976 1
720 994 0
798 998 0
744 914 1
32 706 1
700 394 1
488 896 1
682 996 0
391 999 0
456 968 0
527 735 0
959 355 0
68 983 0
695 6 0
218 999 0
863 834 0
458 1000 0
526 994 0
124 932 0
15 976 0
812 999 0
666 836 0
834 136 0
10 971 0
377 841 0
104 1000 0
626 999 0
136 994 0
600 993 0
195 898 0
824 991 0
418 989 0
884 982 0
857 959 0
562 986 0
509 990 0
93 999 0
491 1000 0
427 990 0
270 999 0
939 998 0
397 879 0
98 299 0
63 840 0
75 437 0
597 775 0
495 960 0
64 998 0
178 899 0
870 797 0
201 928 0
321 962 0
724 1000 0
