1000 100 4.3589
12 2 96
12 2 92
17 7 86
20 10 81
19 9 82
21 11 79
13 3 87
24 14 73
14 4 84
23 13 75
13 3 82
18 8 82
15 5 81
18 8 80
22 12 77
20 10 79
24 14 73
18 8 79
24 14 73
24 14 73
18 8 78
23 13 75
16 6 77
22 12 77
18 8 76
30 20 64
25 15 72
30 20 64
18 8 75
22 12 75
32 22 60
33 23 59
14 4 73
36 26 54
11 1 73
31 21 62
36 26 54
36 26 54
28 18 67
35 25 56
30 20 64
21 11 70
39 29 50
27 17 68
33 23 59
29 19 65
30 20 64
31 21 62
35 25 56
20 10 68
24 14 68
27 17 68
13 3 67
37 27 53
26 16 67
24 14 66
27 17 66
23 13 66
19 9 66
20 10 66
31 21 62
35 25 56
38 28 51
39 29 50
28 18 65
41 31 47
18 8 64
42 32 46
38 28 51
43 33 44
12 2 64
17 7 63
37 27 53
15 5 63
32 22 60
24 14 62
37 27 53
31 21 62
19 9 62
29 19 62
16 6 62
23 13 61
33 23 59
37 27 53
47 37 39
31 21 60
18 8 60
16 6 60
12 2 60
38 28 51
39 29 50
29 19 59
49 39 37
46 36 40
34 24 57
37 27 53
12 2 58
38 28 51
33 23 58
33 23 58
41 31 47
39 29 50
32 22 57
40 30 49
31 21 57
20 10 57
20 10 57
19 9 56
19 9 56
36 26 54
50 40 36
28 18 56
22 12 56
52 42 33
23 13 56
33 23 55
44 34 43
14 4 55
51 41 34
45 35 42
54 44 31
28 18 54
42 32 46
19 9 54
24 14 54
49 39 37
30 20 54
40 30 49
12 2 54
13 3 54
12 2 54
26 16 53
40 30 49
40 30 49
33 23 53
30 20 53
16 6 53
45 35 42
54 44 31
22 12 53
56 46 29
38 28 51
27 17 52
32 22 52
13 3 52
53 43 32
45 35 42
38 28 51
58 48 27
47 37 39
56 46 29
14 4 50
55 45 30
14 4 50
27 17 50
23 13 50
38 28 50
17 7 50
38 28 50
54 44 31
41 31 47
18 8 49
59 49 26
27 17 49
29 19 49
58 48 27
56 46 29
59 49 26
24 14 48
31 21 48
18 8 48
16 6 48
21 11 48
43 33 44
49 39 37
54 44 31
49 39 37
16 6 47
11 1 47
52 42 33
27 17 46
42 32 46
41 31 46
62 52 23
41 31 46
54 44 31
56 46 29
60 50 25
39 29 45
46 36 40
44 34 43
41 31 45
43 33 44
17 7 44
28 18 44
47 37 39
19 9 44
11 1 44
17 7 44
63 53 22
23 13 44
54 44 31
51 41 34
43 33 43
66 56 19
55 45 30
21 11 43
25 15 43
65 55 20
50 40 36
30 20 42
52 42 33
36 26 42
18 8 42
56 46 29
45 35 42
17 7 42
21 11 41
29 19 41
39 29 41
58 48 27
26 16 41
20 10 41
35 25 41
63 53 22
18 8 40
58 48 27
59 49 26
38 28 40
36 26 40
31 21 40
55 45 30
14 4 40
18 8 40
27 17 40
52 42 33
24 14 39
21 11 39
54 44 31
30 20 39
49 39 37
48 38 38
28 18 39
31 21 39
39 29 38
60 50 25
41 31 38
25 15 38
64 54 21
15 5 38
50 40 36
13 3 38
32 22 37
45 35 37
18 8 37
61 51 24
13 3 37
43 33 37
21 11 37
37 27 37
62 52 23
20 10 36
66 56 19
49 39 36
16 6 36
12 2 36
42 32 36
48 38 36
47 37 36
59 49 26
41 31 36
45 35 36
33 23 36
63 53 22
70 60 16
46 36 35
40 30 35
34 24 35
18 8 35
52 42 33
57 47 28
17 7 35
65 55 20
35 25 35
70 60 16
42 32 34
66 56 19
19 9 34
75 65 12
64 54 21
44 34 34
13 3 34
68 58 17
65 55 20
70 60 16
24 14 34
45 35 34
63 53 22
43 33 33
18 8 33
16 6 33
20 10 33
12 2 33
57 47 28
65 55 20
51 41 32
74 64 12
51 41 32
47 37 32
66 56 19
75 65 12
75 65 12
69 59 16
67 57 18
78 68 10
65 55 20
66 56 19
76 66 11
38 28 31
35 25 31
77 67 10
39 29 31
65 55 20
28 18 31
27 17 31
46 36 31
63 53 22
64 54 21
55 45 30
76 66 11
65 55 20
39 29 30
59 49 26
57 47 28
51 41 30
21 11 30
66 56 19
66 56 19
57 47 28
11 1 30
75 65 12
14 4 30
28 18 30
44 34 30
53 43 30
43 33 29
54 44 29
42 32 29
67 57 18
21 11 29
80 70 9
33 23 29
80 70 9
67 57 18
67 57 18
25 15 29
22 12 29
76 66 11
72 62 14
50 40 28
37 27 28
25 15 28
25 15 28
41 31 28
78 68 10
77 67 10
63 53 22
71 61 15
63 53 22
78 68 10
37 27 28
58 48 27
52 42 28
61 51 24
42 32 27
25 15 27
64 54 21
79 69 9
41 31 27
67 57 18
73 63 13
42 32 27
55 45 27
83 73 7
83 73 7
42 32 26
23 13 26
73 63 13
55 45 26
83 73 7
83 73 7
21 11 25
46 36 25
51 41 25
45 35 25
60 50 25
61 51 24
59 49 25
51 41 25
82 72 7
80 70 9
36 26 25
62 52 23
26 16 25
72 62 14
27 17 25
77 67 10
48 38 24
68 58 17
61 51 24
76 66 11
57 47 24
18 8 24
38 28 24
72 62 14
58 48 24
80 70 9
62 52 23
51 41 24
25 15 24
77 67 10
84 74 6
53 43 23
82 72 7
65 55 20
63 53 22
55 45 23
60 50 23
46 36 23
56 46 23
73 63 13
69 59 16
28 18 23
73 63 13
66 56 19
61 51 23
69 59 16
84 74 6
35 25 23
19 9 23
78 68 10
86 76 5
26 16 23
86 76 5
57 47 22
87 77 5
63 53 22
82 72 7
43 33 22
87 77 5
86 76 5
85 75 6
81 71 8
64 54 21
18 8 21
69 59 16
86 76 5
22 12 21
63 53 21
63 53 21
88 78 4
55 45 21
69 59 16
64 54 21
39 29 21
64 54 20
88 78 4
47 37 20
40 30 20
67 57 18
59 49 20
14 4 20
77 67 10
86 76 5
20 10 20
68 58 17
23 13 20
78 68 10
22 12 20
19 9 20
60 50 20
71 61 15
24 14 19
38 28 19
59 49 19
63 53 19
66 56 19
85 75 6
65 55 19
59 49 19
66 56 19
60 50 19
75 65 12
51 41 19
88 78 4
71 61 15
81 71 8
39 29 19
58 48 19
66 56 18
88 78 4
25 15 18
34 24 18
68 58 17
70 60 16
85 75 6
73 63 13
65 55 18
22 12 18
79 69 9
88 78 4
90 80 4
77 67 10
80 70 9
88 78 4
79 69 9
63 53 17
91 81 3
35 25 17
71 61 15
59 49 17
62 52 17
67 57 17
13 3 17
83 73 7
16 6 17
92 82 3
15 5 17
90 80 4
85 75 6
75 65 12
18 8 17
77 67 10
68 58 16
91 81 3
86 76 5
55 45 16
64 54 16
88 78 4
17 7 16
53 43 16
47 37 16
37 27 16
87 77 5
61 51 16
93 83 2
78 68 10
91 81 3
54 44 16
81 71 8
93 83 2
70 60 16
88 78 4
57 47 15
82 72 7
92 82 3
62 52 15
94 84 2
75 65 12
87 77 5
26 16 15
74 64 12
46 36 15
64 54 15
68 58 15
84 74 6
93 83 2
64 54 15
78 68 10
92 82 3
91 81 3
41 31 15
73 63 13
44 34 15
66 56 15
38 28 15
89 79 4
78 68 10
26 16 14
74 64 12
93 83 2
44 34 14
91 81 3
19 9 14
72 62 14
88 78 4
92 82 3
91 81 3
66 56 14
82 72 7
13 3 14
95 85 2
88 78 4
76 66 11
50 40 13
77 67 10
64 54 13
50 40 13
68 58 13
15 5 13
67 57 13
65 55 13
36 26 13
75 65 12
67 57 13
75 65 12
33 23 13
67 57 13
85 75 6
85 75 6
94 84 2
64 54 12
49 39 12
93 83 2
35 25 12
78 68 10
85 75 6
43 33 12
45 35 12
34 24 12
86 76 5
89 79 4
96 86 1
77 67 10
90 80 4
96 86 1
40 30 11
95 85 2
89 79 4
93 83 2
77 67 10
58 48 11
78 68 10
57 47 11
98 88 1
13 3 11
63 53 11
94 84 2
97 87 1
72 62 11
57 47 11
81 71 8
43 33 11
91 81 3
89 79 4
75 65 10
83 73 7
62 52 10
86 76 5
97 87 1
77 67 10
89 79 4
85 75 6
93 83 2
14 4 10
98 88 1
76 66 10
98 88 1
99 89 1
77 67 10
76 66 10
84 74 6
87 77 5
96 86 1
94 84 2
100 90 1
16 6 9
65 55 9
85 75 6
73 63 9
85 75 6
100 90 1
74 64 9
97 87 1
100 90 1
100 90 1
76 66 9
42 32 9
97 87 1
85 75 6
41 31 9
83 73 7
77 67 9
93 83 2
49 39 9
98 88 1
90 80 4
99 89 1
71 61 8
83 73 7
53 43 8
93 83 2
101 91 0
72 62 8
96 86 1
85 75 6
101 91 0
80 70 8
24 14 8
62 52 8
87 77 5
91 81 3
13 3 8
78 68 8
39 29 8
65 55 7
94 84 2
38 28 7
97 87 1
101 91 0
71 61 7
75 65 7
102 92 0
62 52 7
96 86 1
90 80 4
91 81 3
90 80 4
86 76 5
52 42 7
98 88 1
76 66 7
101 91 0
69 59 7
87 77 5
91 81 3
54 44 7
89 79 4
26 16 7
88 78 4
101 91 0
90 80 4
83 73 7
47 37 7
74 64 7
81 71 7
85 75 6
68 58 7
97 87 1
88 78 4
93 83 2
99 89 1
40 30 7
41 31 7
87 77 5
35 25 6
90 80 4
28 18 6
100 90 1
30 20 6
65 55 6
98 88 1
88 78 4
72 62 6
55 45 6
60 50 6
94 84 2
99 89 1
93 83 2
82 72 6
100 90 1
103 93 0
17 7 6
102 92 0
101 91 0
93 83 2
26 16 6
85 75 5
85 75 5
85 75 5
95 85 2
83 73 5
78 68 5
83 73 5
79 69 5
76 66 5
57 47 5
39 29 5
101 91 0
21 11 5
92 82 3
17 7 5
74 64 5
78 68 5
83 73 5
22 12 5
67 57 5
104 94 0
77 67 5
52 42 5
87 77 5
83 73 5
96 86 1
63 53 5
103 93 0
62 52 5
67 57 5
99 89 1
95 85 2
92 82 3
104 94 0
102 92 0
101 91 0
105 95 0
71 61 4
103 93 0
87 77 4
51 41 4
67 57 4
91 81 3
96 86 1
96 86 1
105 95 0
40 30 4
89 79 4
46 36 4
100 90 1
54 44 4
92 82 3
70 60 4
105 95 0
18 8 4
45 35 4
88 78 4
101 91 0
95 85 2
96 86 1
77 67 4
103 93 0
75 65 4
89 79 4
49 39 4
76 66 4
61 51 4
101 91 0
51 41 3
101 91 0
103 93 0
101 91 0
105 95 0
106 96 0
19 9 3
60 50 3
77 67 3
87 77 3
77 67 3
101 91 0
106 96 0
69 59 3
105 95 0
77 67 3
90 80 3
95 85 2
100 90 1
75 65 3
68 58 3
67 57 3
38 28 3
32 22 3
105 95 0
81 71 3
99 89 1
94 84 2
90 80 2
102 92 0
72 62 2
87 77 2
81 71 2
67 57 2
74 64 2
59 49 2
21 11 2
102 92 0
37 27 2
99 89 1
77 67 2
101 91 0
107 97 0
80 70 2
101 91 0
80 70 2
73 63 2
14 4 2
99 89 1
89 79 2
100 90 1
75 65 2
106 96 0
104 94 0
95 85 2
74 64 2
43 33 2
56 46 2
106 96 0
76 66 2
107 97 0
101 91 0
104 94 0
106 96 0
100 90 1
71 61 1
104 94 0
108 98 0
73 63 1
71 61 1
68 58 1
85 75 1
98 88 1
104 94 0
92 82 1
106 96 0
103 93 0
104 94 0
72 62 1
106 96 0
97 87 1
74 64 1
94 84 1
49 39 1
108 98 0
83 73 1
62 52 1
32 22 1
98 88 1
108 98 0
103 93 0
76 66 1
102 92 0
54 44 1
24 14 1
46 36 1
103 93 0
107 97 0
107 97 0
108 98 0
110 100 0
68 58 0
103 93 0
109 99 0
110 100 0
108 98 0
33 23 0
109 99 0
94 84 0
109 99 0
110 100 0
109 99 0
65 55 0
104 94 0
108 98 0
41 31 0
99 89 0
109 99 0
18 8 0
47 37 0
58 48 0
103 93 0
94 84 0
106 96 0
100 90 0
42 32 0
109 99 0
110 100 0
110 100 0
81 71 0
109 99 0
108 98 0
101 91 0
64 54 0
108 98 0
110 100 0
104 94 0
65 55 0
82 72 0
86 76 0
102 92 0
94 84 0
101 91 0
108 98 0
105 95 0
97 87 0
110 100 0
101 91 0
110 100 0
110 100 0
99 89 0
59 49 0
109 99 0
53 43 0
110 100 0
86 76 0
108 98 0
110 100 0
110 100 0
108 98 0
74 64 0
107 97 0
103 93 0
108 98 0
110 100 0
