5000 5000 4.3589
142 142 4805
39 39 4777
128 128 4777
134 134 4736
257 257 4693
187 187 4692
223 223 4691
214 214 4681
36 36 4678
315 315 4669
211 211 4648
236 236 4644
208 208 4636
225 225 4627
58 58 4622
83 83 4622
58 58 4609
51 51 4594
71 71 4594
191 191 4584
238 238 4583
257 257 4573
417 417 4571
207 207 4558
144 144 4557
412 412 4546
342 342 4527
253 253 4521
107 107 4505
181 181 4502
65 65 4500
116 116 4496
193 193 4490
102 102 4476
44 44 4474
273 273 4459
338 338 4454
323 323 4453
149 149 4441
558 558 4439
499 499 4437
72 72 4406
224 224 4404
498 498 4404
534 534 4358
432 432 4349
386 386 4343
220 220 4338
311 311 4336
592 592 4333
340 340 4329
431 431 4329
552 552 4325
665 665 4311
332 332 4311
487 487 4305
171 171 4284
324 324 4284
283 283 4283
131 131 4282
245 245 4275
29 29 4246
426 426 4243
572 572 4238
273 273 4237
564 564 4235
154 154 4234
383 383 4231
524 524 4230
515 515 4218
522 522 4212
440 440 4211
26 26 4200
605 605 4196
107 107 4195
660 660 4194
596 596 4193
53 53 4186
162 162 4183
768 768 4180
572 572 4179
735 735 4163
407 407 4151
112 112 4149
764 764 4144
78 78 4140
729 729 4136
327 327 4127
876 876 4123
659 659 4118
169 169 4109
15 15 4092
498 498 4091
721 721 4088
772 772 4085
196 196 4070
862 862 4062
145 145 4062
569 569 4061
735 735 4055
50 50 4050
89 89 4044
740 740 4044
397 397 4038
757 757 4035
459 459 4016
818 818 4014
672 672 4010
817 817 4001
541 541 3980
456 456 3975
995 995 3974
312 312 3968
876 876 3942
197 197 3938
162 162 3933
979 979 3928
558 558 3917
420 420 3916
739 739 3914
481 481 3911
428 428 3907
784 784 3897
980 980 3891
350 350 3890
618 618 3886
993 993 3885
854 854 3885
423 423 3874
958 958 3870
1065 1065 3868
1102 1102 3865
879 879 3856
1047 1047 3853
912 912 3851
58 58 3847
229 229 3845
932 932 3840
139 139 3836
757 757 3833
174 174 3827
1095 1095 3826
728 728 3825
980 980 3823
385 385 3808
975 975 3804
441 441 3802
964 964 3797
925 925 3794
1062 1062 3793
696 696 3792
71 71 3790
1028 1028 3787
730 730 3783
319 319 3782
112 112 3778
636 636 3778
464 464 3771
323 323 3769
81 81 3768
680 680 3766
700 700 3765
655 655 3757
324 324 3756
442 442 3754
546 546 3754
700 700 3747
1148 1148 3747
249 249 3745
496 496 3744
699 699 3739
813 813 3737
1162 1162 3736
934 934 3731
871 871 3728
790 790 3728
750 750 3721
690 690 3717
775 775 3715
1099 1099 3714
588 588 3711
220 220 3710
372 372 3710
903 903 3709
1203 1203 3705
1059 1059 3701
1287 1287 3694
145 145 3693
485 485 3686
1111 1111 3685
1231 1231 3682
916 916 3677
249 249 3676
409 409 3665
785 785 3665
1254 1254 3664
431 431 3655
178 178 3654
1275 1275 3652
758 758 3650
648 648 3647
146 146 3637
715 715 3636
996 996 3635
99 99 3629
1225 1225 3626
1375 1375 3624
383 383 3623
453 453 3623
835 835 3619
710 710 3615
943 943 3615
1158 1158 3614
298 298 3607
50 50 3605
85 85 3602
667 667 3602
1075 1075 3598
56 56 3594
1034 1034 3591
189 189 3591
16 16 3588
1027 1027 3587
1072 1072 3586
1405 1405 3585
508 508 3584
1087 1087 3583
836 836 3583
1158 1158 3581
726 726 3581
1267 1267 3581
894 894 3575
1282 1282 3575
1094 1094 3563
1181 1181 3559
740 740 3556
1348 1348 3555
304 304 3555
1034 1034 3553
181 181 3553
201 201 3551
454 454 3550
1247 1247 3550
1073 1073 3546
472 472 3540
7 7 3540
25 25 3539
942 942 3537
1433 1433 3536
793 793 3534
271 271 3530
722 722 3519
1451 1451 3518
371 371 3517
1310 1310 3514
702 702 3513
591 591 3512
1364 1364 3512
1092 1092 3510
291 291 3506
1251 1251 3503
1457 1457 3496
355 355 3495
781 781 3490
686 686 3489
324 324 3488
671 671 3482
1076 1076 3482
897 897 3479
1482 1482 3476
615 615 3473
111 111 3473
1198 1198 3470
1297 1297 3469
377 377 3466
584 584 3463
652 652 3463
1141 1141 3455
719 719 3451
700 700 3451
1379 1379 3437
701 701 3436
1464 1464 3435
1035 1035 3429
616 616 3427
890 890 3426
281 281 3419
504 504 3418
1299 1299 3417
737 737 3413
1292 1292 3413
117 117 3402
1409 1409 3399
1013 1013 3398
781 781 3393
1429 1429 3391
367 367 3387
834 834 3385
956 956 3381
1165 1165 3375
525 525 3369
397 397 3368
981 981 3368
1500 1500 3363
206 206 3361
776 776 3360
1623 1623 3360
1323 1323 3358
1628 1628 3357
1187 1187 3356
243 243 3353
1404 1404 3350
545 545 3348
436 436 3345
504 504 3345
784 784 3344
510 510 3342
507 507 3338
1042 1042 3338
575 575 3335
361 361 3333
1404 1404 3330
1522 1522 3330
112 112 3330
1031 1031 3330
1072 1072 3329
1092 1092 3325
1481 1481 3324
564 564 3318
1378 1378 3318
989 989 3316
1005 1005 3316
334 334 3315
821 821 3315
1169 1169 3313
1570 1570 3310
1488 1488 3306
1485 1485 3306
1233 1233 3305
1328 1328 3304
643 643 3304
1470 1470 3302
1487 1487 3301
602 602 3301
1091 1091 3301
559 559 3298
110 110 3297
1261 1261 3296
280 280 3296
475 475 3295
1668 1668 3294
202 202 3291
1521 1521 3291
906 906 3290
1685 1685 3289
368 368 3288
1070 1070 3286
335 335 3286
1171 1171 3286
1521 1521 3284
1643 1643 3279
1512 1512 3276
85 85 3275
336 336 3268
1475 1475 3261
1224 1224 3260
386 386 3260
1212 1212 3256
1693 1693 3256
784 784 3255
766 766 3249
1209 1209 3249
822 822 3245
921 921 3237
202 202 3237
161 161 3236
1238 1238 3236
931 931 3234
441 441 3221
376 376 3220
152 152 3219
1036 1036 3219
863 863 3216
1287 1287 3212
1715 1715 3211
1524 1524 3206
504 504 3204
492 492 3199
1479 1479 3197
1 1 3196
651 651 3194
1749 1749 3193
1582 1582 3192
194 194 3192
1697 1697 3189
1398 1398 3183
165 165 3181
697 697 3181
700 700 3178
1518 1518 3176
968 968 3175
172 172 3170
622 622 3170
1746 1746 3166
399 399 3166
1041 1041 3166
320 320 3165
1749 1749 3164
493 493 3161
1726 1726 3160
896 896 3153
114 114 3152
1337 1337 3151
1092 1092 3149
710 710 3138
668 668 3138
368 368 3137
1707 1707 3135
630 630 3135
977 977 3128
817 817 3128
790 790 3124
194 194 3121
1128 1128 3115
1087 1087 3113
1542 1542 3108
1667 1667 3106
1415 1415 3105
1796 1796 3099
927 927 3098
1356 1356 3098
193 193 3096
661 661 3088
1458 1458 3088
1842 1842 3087
1243 1243 3082
1216 1216 3082
1916 1916 3080
1705 1705 3079
394 394 3079
418 418 3078
1631 1631 3077
372 372 3074
1290 1290 3073
1153 1153 3070
244 244 3069
1658 1658 3067
1809 1809 3065
1824 1824 3064
444 444 3063
180 180 3059
1478 1478 3059
863 863 3058
1709 1709 3056
931 931 3051
1143 1143 3051
1698 1698 3050
461 461 3047
827 827 3042
1353 1353 3042
594 594 3041
1923 1923 3039
526 526 3038
1808 1808 3035
957 957 3035
195 195 3032
1938 1938 3030
1783 1783 3028
1469 1469 3024
776 776 3021
1187 1187 3019
1946 1946 3014
356 356 3013
252 252 3011
1268 1268 3007
1600 1600 3004
465 465 2998
1217 1217 2995
200 200 2991
52 52 2986
604 604 2983
1445 1445 2981
1045 1045 2981
738 738 2975
86 86 2971
850 850 2971
182 182 2970
479 479 2969
1348 1348 2968
1194 1194 2964
668 668 2964
1792 1792 2962
1736 1736 2961
324 324 2959
183 183 2958
1443 1443 2956
1352 1352 2945
564 564 2945
1351 1351 2941
1760 1760 2939
848 848 2938
1145 1145 2936
904 904 2934
1421 1421 2934
1829 1829 2932
311 311 2932
16 16 2930
714 714 2930
1669 1669 2930
528 528 2929
966 966 2927
1271 1271 2926
569 569 2926
133 133 2922
1401 1401 2919
1539 1539 2918
1144 1144 2918
1173 1173 2915
747 747 2913
1670 1670 2908
724 724 2907
1014 1014 2907
552 552 2907
1668 1668 2905
842 842 2904
1916 1916 2904
1917 1917 2904
1810 1810 2901
1470 1470 2900
1190 1190 2899
1032 1032 2897
1462 1462 2894
1208 1208 2894
1419 1419 2890
158 158 2890
372 372 2888
970 970 2883
1271 1271 2882
37 37 2880
1860 1860 2877
970 970 2876
932 932 2874
312 312 2874
593 593 2871
1889 1889 2863
1101 1101 2861
1379 1379 2861
2024 2024 2857
1688 1688 2855
901 901 2850
1659 1659 2847
187 187 2846
1724 1724 2839
1803 1803 2839
725 725 2837
1930 1930 2837
36 36 2835
196 196 2833
1085 1085 2832
1961 1961 2832
1730 1730 2828
327 327 2828
1355 1355 2818
2144 2144 2815
1483 1483 2813
232 232 2812
1062 1062 2811
1385 1385 2811
431 431 2807
907 907 2806
591 591 2806
1940 1940 2805
273 273 2805
1521 1521 2805
1376 1376 2804
2126 2126 2803
400 400 2801
195 195 2799
327 327 2798
1824 1824 2796
1662 1662 2795
511 511 2794
2124 2124 2793
462 462 2791
33 33 2789
684 684 2789
852 852 2788
716 716 2787
1973 1973 2787
1631 1631 2786
314 314 2785
1202 1202 2785
1626 1626 2784
870 870 2778
896 896 2778
1705 1705 2772
1483 1483 2768
1547 1547 2767
1326 1326 2767
1605 1605 2764
1850 1850 2764
1580 1580 2763
1228 1228 2762
1814 1814 2762
2086 2086 2761
828 828 2761
857 857 2759
834 834 2758
1832 1832 2756
1516 1516 2756
765 765 2753
1108 1108 2749
1707 1707 2749
2089 2089 2749
780 780 2748
458 458 2748
445 445 2746
1052 1052 2745
1607 1607 2744
1891 1891 2743
2222 2222 2742
1552 1552 2740
483 483 2736
1769 1769 2734
609 609 2733
1073 1073 2731
1223 1223 2730
1707 1707 2729
2161 2161 2728
2097 2097 2728
1861 1861 2725
1176 1176 2724
1992 1992 2722
1533 1533 2722
1592 1592 2721
2194 2194 2721
2266 2266 2720
2150 2150 2719
1811 1811 2717
2154 2154 2717
361 361 2716
1742 1742 2714
113 113 2709
901 901 2708
294 294 2706
1223 1223 2705
2223 2223 2704
923 923 2703
952 952 2700
904 904 2700
465 465 2698
1698 1698 2693
713 713 2690
2043 2043 2686
177 177 2685
1606 1606 2685
2179 2179 2684
1813 1813 2684
1466 1466 2683
1557 1557 2682
421 421 2678
1625 1625 2678
2240 2240 2675
1051 1051 2673
1141 1141 2671
1518 1518 2669
1183 1183 2668
2080 2080 2667
1235 1235 2664
2325 2325 2664
968 968 2662
512 512 2662
1747 1747 2661
1281 1281 2660
2150 2150 2657
849 849 2656
1887 1887 2655
138 138 2653
2066 2066 2652
904 904 2649
994 994 2648
882 882 2647
1370 1370 2646
1279 1279 2644
1717 1717 2644
2064 2064 2641
1739 1739 2640
1842 1842 2636
195 195 2636
2230 2230 2635
1811 1811 2635
1598 1598 2634
1857 1857 2634
653 653 2634
2102 2102 2633
380 380 2629
830 830 2629
2348 2348 2625
953 953 2620
753 753 2618
1074 1074 2617
1554 1554 2617
1154 1154 2612
1647 1647 2612
1420 1420 2608
1546 1546 2608
1315 1315 2607
2306 2306 2607
1897 1897 2604
1716 1716 2601
1437 1437 2600
1606 1606 2600
2212 2212 2598
1461 1461 2596
1707 1707 2596
1882 1882 2596
2037 2037 2595
1560 1560 2594
2102 2102 2594
194 194 2594
340 340 2592
1177 1177 2591
2368 2368 2591
2140 2140 2589
1062 1062 2588
656 656 2588
568 568 2586
1543 1543 2585
1294 1294 2581
1758 1758 2575
2047 2047 2573
1946 1946 2572
2362 2362 2569
1440 1440 2567
1283 1283 2567
2109 2109 2565
2262 2262 2564
1853 1853 2562
2185 2185 2561
447 447 2561
347 347 2559
2329 2329 2559
1982 1982 2555
1269 1269 2555
472 472 2554
1342 1342 2550
1584 1584 2550
1781 1781 2548
1980 1980 2543
290 290 2542
1492 1492 2542
1773 1773 2540
464 464 2539
2182 2182 2537
755 755 2537
333 333 2536
390 390 2535
356 356 2534
1651 1651 2533
959 959 2532
1233 1233 2532
1715 1715 2530
880 880 2530
1196 1196 2529
1773 1773 2527
2022 2022 2526
2293 2293 2525
1666 1666 2522
1222 1222 2519
509 509 2515
885 885 2514
27 27 2514
1291 1291 2514
973 973 2512
1857 1857 2512
2288 2288 2512
2260 2260 2508
1430 1430 2508
2105 2105 2504
160 160 2502
2074 2074 2499
1369 1369 2499
2301 2301 2496
1151 1151 2492
1196 1196 2491
2039 2039 2483
2113 2113 2480
1732 1732 2479
2231 2231 2479
1602 1602 2477
2470 2470 2477
879 879 2476
1789 1789 2476
2478 2478 2476
289 289 2472
1006 1006 2472
901 901 2472
949 949 2472
101 101 2471
2023 2023 2470
1310 1310 2469
2079 2079 2468
1908 1908 2466
375 375 2466
1349 1349 2466
2419 2419 2466
674 674 2465
2274 2274 2465
1915 1915 2464
946 946 2463
2011 2011 2463
2304 2304 2462
2238 2238 2462
1621 1621 2461
190 190 2461
563 563 2460
2449 2449 2458
1761 1761 2457
2160 2160 2454
2447 2447 2453
533 533 2453
1257 1257 2452
2229 2229 2452
988 988 2452
1813 1813 2452
2495 2495 2451
1026 1026 2449
2352 2352 2445
723 723 2443
1590 1590 2441
709 709 2438
469 469 2437
2502 2502 2435
968 968 2432
731 731 2431
716 716 2431
124 124 2430
921 921 2425
2487 2487 2423
2525 2525 2417
225 225 2417
1530 1530 2416
951 951 2416
1212 1212 2416
1513 1513 2415
1199 1199 2414
1268 1268 2413
2177 2177 2407
1522 1522 2400
2421 2421 2394
1103 1103 2388
938 938 2388
2434 2434 2388
2591 2591 2387
2419 2419 2386
1596 1596 2386
1586 1586 2385
1016 1016 2385
41 41 2380
1781 1781 2380
2176 2176 2380
2008 2008 2378
794 794 2378
1497 1497 2376
744 744 2375
25 25 2372
1378 1378 2372
2454 2454 2370
1817 1817 2370
2195 2195 2369
2212 2212 2369
2289 2289 2368
1775 1775 2364
2061 2061 2364
1234 1234 2364
1295 1295 2363
2007 2007 2363
503 503 2360
2378 2378 2356
71 71 2356
2129 2129 2349
1163 1163 2349
1704 1704 2345
21 21 2342
1393 1393 2340
1070 1070 2339
2558 2558 2338
243 243 2337
812 812 2336
2209 2209 2334
163 163 2332
2305 2305 2331
2429 2429 2329
726 726 2328
829 829 2327
1454 1454 2326
1567 1567 2322
2306 2306 2321
875 875 2319
849 849 2313
204 204 2312
2440 2440 2310
2403 2403 2309
1492 1492 2308
1712 1712 2306
1342 1342 2305
219 219 2305
1914 1914 2304
494 494 2303
1243 1243 2301
1605 1605 2299
1985 1985 2299
201 201 2299
35 35 2298
2172 2172 2297
2243 2243 2295
2360 2360 2295
2683 2683 2292
1881 1881 2291
2466 2466 2290
729 729 2289
2083 2083 2287
2437 2437 2286
1932 1932 2286
166 166 2285
1023 1023 2284
386 386 2283
1309 1309 2282
1606 1606 2281
2472 2472 2280
2321 2321 2275
1057 1057 2273
512 512 2273
2592 2592 2272
1144 1144 2271
1486 1486 2271
1858 1858 2270
1378 1378 2269
2273 2273 2269
2357 2357 2268
1985 1985 2264
2025 2025 2263
2022 2022 2260
2366 2366 2258
1508 1508 2258
603 603 2258
151 151 2256
1676 1676 2253
127 127 2252
1540 1540 2252
85 85 2251
1393 1393 2251
2154 2154 2250
1820 1820 2250
2268 2268 2248
547 547 2243
2486 2486 2236
2652 2652 2235
1778 1778 2233
40 40 2230
2571 2571 2229
1318 1318 2228
2248 2248 2227
264 264 2227
1937 1937 2225
2291 2291 2221
712 712 2220
2521 2521 2220
2741 2741 2219
823 823 2219
2719 2719 2215
2219 2219 2215
416 416 2212
1561 1561 2208
1790 1790 2207
1309 1309 2206
1235 1235 2206
1723 1723 2200
160 160 2200
1483 1483 2197
1532 1532 2196
352 352 2194
1379 1379 2192
1965 1965 2191
1346 1346 2188
1897 1897 2186
2558 2558 2186
224 224 2184
2043 2043 2183
2555 2555 2183
2520 2520 2181
2494 2494 2181
1577 1577 2179
49 49 2179
888 888 2174
2719 2719 2172
2637 2637 2172
1305 1305 2170
2803 2803 2169
2297 2297 2169
37 37 2169
2178 2178 2168
2679 2679 2167
174 174 2167
1564 1564 2165
460 460 2163
2613 2613 2163
220 220 2160
2793 2793 2159
1687 1687 2157
1766 1766 2157
2471 2471 2156
1234 1234 2152
1893 1893 2152
2640 2640 2152
105 105 2151
2749 2749 2150
780 780 2148
2784 2784 2146
1411 1411 2145
677 677 2143
880 880 2142
624 624 2142
1426 1426 2140
1715 1715 2136
1005 1005 2135
2459 2459 2130
834 834 2129
2831 2831 2127
2407 2407 2126
1321 1321 2124
170 170 2124
2330 2330 2123
1723 1723 2122
764 764 2121
2553 2553 2120
1559 1559 2118
1526 1526 2117
2479 2479 2112
2185 2185 2111
133 133 2110
2090 2090 2110
1514 1514 2107
2891 2891 2107
817 817 2107
2869 2869 2106
2689 2689 2106
1919 1919 2105
1954 1954 2104
1634 1634 2102
2382 2382 2100
2409 2409 2100
1609 1609 2096
2482 2482 2094
2583 2583 2094
2435 2435 2088
2436 2436 2087
444 444 2086
2616 2616 2084
1132 1132 2084
1923 1923 2084
880 880 2083
584 584 2081
1793 1793 2081
2802 2802 2080
192 192 2080
2094 2094 2079
530 530 2078
161 161 2078
662 662 2077
2273 2273 2076
2077 2077 2075
675 675 2075
1953 1953 2073
2563 2563 2071
2052 2052 2070
522 522 2070
1801 1801 2070
2047 2047 2070
1896 1896 2067
1437 1437 2064
1505 1505 2064
1476 1476 2063
1211 1211 2063
1797 1797 2062
1355 1355 2061
614 614 2060
760 760 2057
1799 1799 2056
1776 1776 2053
2480 2480 2053
1260 1260 2049
2655 2655 2048
2896 2896 2047
2488 2488 2047
127 127 2044
2765 2765 2044
633 633 2043
2084 2084 2040
2114 2114 2039
76 76 2038
2936 2936 2038
774 774 2036
2810 2810 2033
2681 2681 2032
2824 2824 2032
1866 1866 2031
2788 2788 2030
2169 2169 2030
1927 1927 2026
343 343 2024
601 601 2024
1911 1911 2020
2459 2459 2019
1871 1871 2019
1218 1218 2018
2812 2812 2014
2706 2706 2014
2307 2307 2012
2668 2668 2011
1102 1102 2010
735 735 2010
44 44 2006
1989 1989 2006
1115 1115 2004
382 382 2004
238 238 2004
2844 2844 2003
666 666 2002
834 834 2001
2192 2192 2001
2009 2009 2001
744 744 2000
1648 1648 1998
2162 2162 1997
1797 1797 1997
1076 1076 1997
1808 1808 1993
1808 1808 1993
2561 2561 1993
1039 1039 1992
2576 2576 1992
1890 1890 1991
1949 1949 1991
773 773 1990
1950 1950 1990
1368 1368 1989
1496 1496 1989
1674 1674 1987
185 185 1985
1269 1269 1982
2465 2465 1981
2061 2061 1980
508 508 1978
1445 1445 1978
2957 2957 1978
613 613 1977
2828 2828 1976
2885 2885 1976
1283 1283 1976
1270 1270 1975
2196 2196 1975
849 849 1974
2271 2271 1973
1778 1778 1972
2031 2031 1971
2893 2893 1970
1871 1871 1969
1380 1380 1969
264 264 1968
2897 2897 1968
1993 1993 1967
2738 2738 1966
685 685 1965
1717 1717 1964
1993 1993 1963
2994 2994 1962
2600 2600 1960
1071 1071 1960
2660 2660 1957
1119 1119 1957
673 673 1956
2667 2667 1956
2354 2354 1955
2429 2429 1955
1144 1144 1953
2865 2865 1953
2862 2862 1953
2268 2268 1952
2094 2094 1950
571 571 1948
2675 2675 1948
2886 2886 1948
1654 1654 1946
2906 2906 1946
2676 2676 1946
2604 2604 1946
797 797 1944
1658 1658 1944
2296 2296 1943
2453 2453 1939
1365 1365 1938
2311 2311 1938
677 677 1937
861 861 1930
283 283 1928
1186 1186 1927
2590 2590 1925
1684 1684 1923
2004 2004 1922
2505 2505 1922
1568 1568 1921
1655 1655 1921
2612 2612 1921
1393 1393 1920
1268 1268 1920
2882 2882 1918
677 677 1918
2053 2053 1917
3081 3081 1916
1412 1412 1915
2735 2735 1913
2284 2284 1909
2398 2398 1909
2514 2514 1909
1269 1269 1908
2610 2610 1906
870 870 1906
507 507 1905
2800 2800 1902
2047 2047 1901
1765 1765 1900
2290 2290 1900
877 877 1900
2451 2451 1897
1595 1595 1896
2222 2222 1896
1607 1607 1895
822 822 1895
1113 1113 1893
679 679 1892
1607 1607 1891
1387 1387 1890
1214 1214 1890
465 465 1888
3077 3077 1888
1194 1194 1887
1668 1668 1885
1725 1725 1884
1939 1939 1883
1296 1296 1880
1255 1255 1879
2823 2823 1879
2071 2071 1876
2260 2260 1875
2671 2671 1872
2568 2568 1866
625 625 1863
1068 1068 1862
1672 1672 1862
1188 1188 1861
2718 2718 1859
2021 2021 1858
1578 1578 1858
1311 1311 1856
3042 3042 1853
1566 1566 1853
2444 2444 1851
1402 1402 1851
2253 2253 1850
1519 1519 1849
188 188 1848
121 121 1845
470 470 1844
2844 2844 1843
976 976 1843
996 996 1843
1818 1818 1842
581 581 1841
598 598 1840
2459 2459 1839
1889 1889 1839
1270 1270 1839
802 802 1838
3131 3131 1837
1363 1363 1837
2984 2984 1836
2690 2690 1836
2602 2602 1836
2794 2794 1836
2475 2475 1836
35 35 1835
1382 1382 1835
2180 2180 1835
315 315 1834
288 288 1832
932 932 1832
2658 2658 1832
2599 2599 1832
2951 2951 1831
2688 2688 1831
3166 3166 1830
2360 2360 1829
946 946 1829
2100 2100 1828
2037 2037 1826
1950 1950 1823
1622 1622 1822
582 582 1822
1204 1204 1821
152 152 1820
2191 2191 1820
2149 2149 1819
2746 2746 1819
846 846 1818
1080 1080 1817
2024 2024 1816
2170 2170 1814
15 15 1814
2134 2134 1813
3040 3040 1812
557 557 1812
2080 2080 1811
1791 1791 1811
582 582 1811
426 426 1810
2078 2078 1809
1531 1531 1808
1264 1264 1807
3188 3188 1807
3009 3009 1807
138 138 1806
2926 2926 1804
1095 1095 1804
944 944 1804
2651 2651 1803
1454 1454 1802
2099 2099 1801
2796 2796 1801
1986 1986 1799
2633 2633 1799
3055 3055 1799
2260 2260 1798
1712 1712 1797
1897 1897 1797
1716 1716 1796
2459 2459 1794
1574 1574 1793
897 897 1792
2599 2599 1790
1421 1421 1789
537 537 1787
267 267 1786
118 118 1786
2635 2635 1786
2206 2206 1784
2144 2144 1783
370 370 1783
780 780 1783
1949 1949 1781
1698 1698 1781
1730 1730 1780
3195 3195 1779
2659 2659 1777
2930 2930 1776
3041 3041 1775
2107 2107 1771
66 66 1770
1019 1019 1769
878 878 1769
796 796 1768
1623 1623 1767
1872 1872 1765
3154 3154 1762
2765 2765 1761
2588 2588 1761
1366 1366 1760
2643 2643 1759
2983 2983 1759
2357 2357 1758
2533 2533 1758
2823 2823 1758
2022 2022 1757
3229 3229 1756
1736 1736 1755
1813 1813 1754
1663 1663 1753
2753 2753 1753
1950 1950 1751
2948 2948 1751
2452 2452 1750
1648 1648 1749
1090 1090 1748
408 408 1745
172 172 1745
319 319 1744
1675 1675 1744
1264 1264 1743
1075 1075 1742
2811 2811 1738
949 949 1738
656 656 1737
3084 3084 1736
2603 2603 1736
2991 2991 1735
1058 1058 1732
3032 3032 1731
3071 3071 1731
2690 2690 1730
2613 2613 1730
2744 2744 1730
2510 2510 1726
505 505 1726
2225 2225 1725
1521 1521 1725
3247 3247 1722
1907 1907 1722
144 144 1722
2173 2173 1719
2021 2021 1718
1736 1736 1718
2584 2584 1716
1341 1341 1715
2441 2441 1712
2611 2611 1712
2723 2723 1711
3270 3270 1710
833 833 1708
241 241 1708
3000 3000 1707
3079 3079 1705
1370 1370 1705
2630 2630 1702
465 465 1702
804 804 1701
3260 3260 1700
1421 1421 1700
3211 3211 1698
2456 2456 1698
3241 3241 1698
3170 3170 1696
1728 1728 1696
1266 1266 1693
539 539 1692
1125 1125 1691
2682 2682 1691
2563 2563 1690
2145 2145 1687
2845 2845 1686
2857 2857 1685
1790 1790 1683
3178 3178 1682
1895 1895 1681
1885 1885 1680
3095 3095 1679
2339 2339 1679
2403 2403 1679
293 293 1677
271 271 1677
1187 1187 1676
2584 2584 1675
2607 2607 1675
2622 2622 1673
2146 2146 1673
2035 2035 1672
582 582 1672
2418 2418 1672
3002 3002 1671
448 448 1670
615 615 1669
500 500 1668
406 406 1667
2596 2596 1666
3061 3061 1664
2366 2366 1664
1405 1405 1664
1127 1127 1662
485 485 1661
2553 2553 1661
3269 3269 1661
632 632 1659
1225 1225 1658
2546 2546 1658
1336 1336 1658
3090 3090 1654
3295 3295 1654
1746 1746 1653
1778 1778 1652
790 790 1650
345 345 1649
1481 1481 1649
1357 1357 1646
772 772 1645
2457 2457 1643
2944 2944 1643
856 856 1642
2492 2492 1642
216 216 1642
2826 2826 1640
1610 1610 1640
411 411 1637
1423 1423 1636
2525 2525 1635
2762 2762 1634
2863 2863 1634
2551 2551 1633
3224 3224 1631
401 401 1631
1709 1709 1629
2777 2777 1628
2779 2779 1627
1753 1753 1626
1139 1139 1626
138 138 1624
2905 2905 1623
2729 2729 1622
537 537 1621
442 442 1620
92 92 1620
2423 2423 1618
2470 2470 1616
1994 1994 1616
2958 2958 1615
2343 2343 1614
26 26 1613
1799 1799 1613
2602 2602 1612
2380 2380 1612
3312 3312 1610
820 820 1608
2947 2947 1608
2423 2423 1607
2222 2222 1607
1371 1371 1606
1128 1128 1606
1529 1529 1606
2307 2307 1604
1051 1051 1603
2615 2615 1599
2256 2256 1599
3264 3264 1599
2923 2923 1598
741 741 1597
2446 2446 1595
3299 3299 1592
752 752 1591
3207 3207 1590
993 993 1587
2570 2570 1587
3393 3393 1587
1481 1481 1586
2528 2528 1586
2097 2097 1583
3202 3202 1583
2896 2896 1582
2896 2896 1582
2214 2214 1581
2880 2880 1580
2847 2847 1579
1781 1781 1578
2952 2952 1577
117 117 1576
1044 1044 1576
3185 3185 1574
1550 1550 1574
821 821 1571
2859 2859 1570
2560 2560 1570
965 965 1569
2002 2002 1568
2394 2394 1568
751 751 1568
430 430 1567
1165 1165 1567
1589 1589 1566
1681 1681 1565
3219 3219 1563
2347 2347 1563
2472 2472 1563
3113 3113 1562
2475 2475 1560
2039 2039 1560
1751 1751 1559
1131 1131 1559
641 641 1558
2531 2531 1558
1914 1914 1558
977 977 1558
2990 2990 1557
1556 1556 1557
2272 2272 1556
1348 1348 1556
1162 1162 1555
2851 2851 1555
3201 3201 1554
3155 3155 1553
3310 3310 1552
2163 2163 1552
2629 2629 1551
2712 2712 1550
1411 1411 1550
849 849 1549
3185 3185 1549
2504 2504 1548
3199 3199 1547
615 615 1547
951 951 1546
1620 1620 1546
1081 1081 1546
2435 2435 1544
2998 2998 1541
2323 2323 1537
1711 1711 1536
836 836 1536
1667 1667 1536
624 624 1536
3305 3305 1535
695 695 1534
3013 3013 1534
2959 2959 1534
2719 2719 1533
657 657 1532
2422 2422 1530
2641 2641 1530
1548 1548 1524
2744 2744 1524
1488 1488 1524
163 163 1523
2749 2749 1522
2476 2476 1522
2858 2858 1522
1917 1917 1522
1517 1517 1521
2514 2514 1521
2025 2025 1520
1496 1496 1520
748 748 1520
3353 3353 1520
2172 2172 1519
1722 1722 1519
2018 2018 1519
491 491 1517
240 240 1516
2331 2331 1514
3340 3340 1513
2125 2125 1512
2857 2857 1512
2986 2986 1512
1950 1950 1511
3232 3232 1510
477 477 1510
3327 3327 1510
98 98 1509
2473 2473 1509
2489 2489 1509
2191 2191 1506
3449 3449 1506
218 218 1506
935 935 1505
3438 3438 1505
2143 2143 1505
2384 2384 1504
1362 1362 1504
1140 1140 1503
1709 1709 1503
2810 2810 1503
862 862 1502
1030 1030 1501
3446 3446 1500
2395 2395 1499
1820 1820 1499
3500 3500 1497
3262 3262 1497
1890 1890 1497
1159 1159 1497
2793 2793 1496
3069 3069 1495
2757 2757 1495
1780 1780 1491
3370 3370 1490
1774 1774 1490
2320 2320 1489
2145 2145 1489
3105 3105 1489
2147 2147 1487
2172 2172 1486
517 517 1486
1785 1785 1486
2171 2171 1486
3376 3376 1484
3173 3173 1483
2861 2861 1481
1386 1386 1481
2752 2752 1480
415 415 1480
3333 3333 1480
2992 2992 1479
1200 1200 1478
1535 1535 1478
3116 3116 1476
3448 3448 1476
2717 2717 1473
3273 3273 1473
684 684 1472
3048 3048 1472
2797 2797 1471
3250 3250 1471
1370 1370 1471
1886 1886 1471
1209 1209 1470
2856 2856 1470
1201 1201 1468
2771 2771 1467
2213 2213 1467
3500 3500 1499
2618 2618 1465
938 938 1464
3407 3407 1464
3166 3166 1463
2742 2742 1462
1710 1710 1461
2397 2397 1461
1899 1899 1459
2968 2968 1458
1389 1389 1458
2525 2525 1457
2769 2769 1457
3399 3399 1455
3117 3117 1455
1942 1942 1453
182 182 1452
1711 1711 1452
1400 1400 1450
535 535 1450
3231 3231 1450
2814 2814 1448
2719 2719 1447
1658 1658 1447
601 601 1447
2863 2863 1446
2702 2702 1442
2777 2777 1442
2687 2687 1442
512 512 1442
2293 2293 1439
2730 2730 1438
2623 2623 1438
356 356 1437
3088 3088 1435
2655 2655 1434
3500 3500 1451
3500 3500 1446
2710 2710 1431
327 327 1427
2011 2011 1423
3420 3420 1423
385 385 1423
2401 2401 1423
3310 3310 1422
3500 3500 1434
2405 2405 1421
1988 1988 1420
2327 2327 1419
3174 3174 1419
2800 2800 1419
247 247 1418
443 443 1416
3215 3215 1415
847 847 1414
1037 1037 1414
2077 2077 1414
3185 3185 1412
964 964 1412
118 118 1411
1973 1973 1410
2798 2798 1410
2309 2309 1408
170 170 1407
3500 3500 1446
3385 3385 1406
1387 1387 1406
3114 3114 1405
87 87 1405
2633 2633 1405
2587 2587 1404
3500 3500 1482
3499 3499 1403
2214 2214 1403
2177 2177 1402
2447 2447 1400
2335 2335 1400
3500 3500 1416
1876 1876 1399
3157 3157 1399
3500 3500 1435
227 227 1397
1526 1526 1395
3479 3479 1394
3281 3281 1394
3353 3353 1393
3343 3343 1393
1813 1813 1393
527 527 1392
2137 2137 1391
1508 1508 1391
726 726 1390
795 795 1390
3092 3092 1387
2297 2297 1385
2066 2066 1385
2771 2771 1382
1816 1816 1381
2423 2423 1380
2160 2160 1380
2242 2242 1378
3267 3267 1378
2835 2835 1377
3500 3500 1425
2114 2114 1376
3154 3154 1376
3500 3500 1416
1335 1335 1372
1162 1162 1371
3500 3500 1444
3384 3384 1369
2820 2820 1368
3500 3500 1460
3500 3500 1369
2898 2898 1364
1225 1225 1364
2613 2613 1362
529 529 1361
280 280 1359
1505 1505 1358
3402 3402 1358
445 445 1356
924 924 1355
2106 2106 1355
1943 1943 1354
3349 3349 1354
1154 1154 1354
2193 2193 1352
965 965 1351
3343 3343 1350
2232 2232 1349
3229 3229 1348
3371 3371 1345
1683 1683 1344
3089 3089 1344
1278 1278 1344
1972 1972 1344
3213 3213 1344
2921 2921 1341
231 231 1341
2912 2912 1340
3397 3397 1338
520 520 1338
1431 1431 1338
1202 1202 1336
2199 2199 1334
2967 2967 1334
3046 3046 1333
2442 2442 1333
2506 2506 1332
1062 1062 1330
2907 2907 1329
2608 2608 1328
3443 3443 1327
2614 2614 1325
1318 1318 1323
657 657 1323
1825 1825 1322
650 650 1322
3474 3474 1322
2848 2848 1321
1984 1984 1319
3463 3463 1318
80 80 1317
3375 3375 1317
3115 3115 1316
3149 3149 1315
3500 3500 1483
946 946 1314
2558 2558 1314
3468 3468 1314
3199 3199 1313
2305 2305 1313
1045 1045 1313
1074 1074 1312
1764 1764 1311
885 885 1309
3461 3461 1308
3496 3496 1307
443 443 1306
1589 1589 1306
2933 2933 1303
1946 1946 1303
1578 1578 1301
3500 3500 1313
3265 3265 1299
3500 3500 1349
2437 2437 1299
3123 3123 1299
1787 1787 1298
2261 2261 1298
2531 2531 1297
2696 2696 1296
2246 2246 1296
936 936 1295
373 373 1294
3398 3398 1294
2305 2305 1294
3310 3310 1293
1522 1522 1293
3500 3500 1320
3500 3500 1419
431 431 1289
3010 3010 1288
1652 1652 1287
3500 3500 1443
2421 2421 1286
2655 2655 1285
35 35 1284
891 891 1284
2979 2979 1284
502 502 1283
2944 2944 1282
3500 3500 1286
3500 3500 1411
1799 1799 1281
3500 3500 1456
1787 1787 1279
1900 1900 1279
1904 1904 1278
3484 3484 1277
291 291 1276
3406 3406 1275
3259 3259 1272
3446 3446 1272
3500 3500 1392
1191 1191 1270
979 979 1268
1487 1487 1268
2971 2971 1268
1385 1385 1267
1718 1718 1267
3275 3275 1267
1301 1301 1265
2991 2991 1265
1225 1225 1265
1798 1798 1265
2426 2426 1264
3243 3243 1264
3306 3306 1264
1541 1541 1264
502 502 1263
2365 2365 1263
981 981 1262
3066 3066 1261
73 73 1261
2951 2951 1261
2733 2733 1261
2640 2640 1260
3301 3301 1259
1263 1263 1257
2616 2616 1257
813 813 1256
2685 2685 1256
661 661 1255
2061 2061 1252
252 252 1252
2791 2791 1251
3126 3126 1250
2483 2483 1250
2906 2906 1250
3373 3373 1250
3341 3341 1248
3263 3263 1248
212 212 1248
1292 1292 1248
2940 2940 1247
910 910 1246
3088 3088 1243
3222 3222 1243
738 738 1243
3034 3034 1241
951 951 1239
3500 3500 1475
460 460 1237
2197 2197 1237
3493 3493 1237
3048 3048 1235
2021 2021 1235
3020 3020 1234
3389 3389 1234
3364 3364 1234
2213 2213 1233
2929 2929 1232
3235 3235 1232
860 860 1230
2850 2850 1230
3500 3500 1386
2359 2359 1228
1320 1320 1228
1766 1766 1227
2241 2241 1227
1058 1058 1227
2686 2686 1226
2832 2832 1225
2699 2699 1225
2735 2735 1225
2604 2604 1225
2067 2067 1224
912 912 1223
2765 2765 1223
949 949 1222
1163 1163 1222
659 659 1220
3493 3493 1219
3500 3500 1261
2740 2740 1218
2641 2641 1217
3268 3268 1217
1609 1609 1217
2277 2277 1216
1045 1045 1216
3500 3500 1262
3307 3307 1214
2086 2086 1212
2707 2707 1211
3500 3500 1345
612 612 1210
1652 1652 1210
2352 2352 1209
371 371 1208
1255 1255 1208
2893 2893 1207
1365 1365 1207
2072 2072 1206
2225 2225 1206
3214 3214 1205
1071 1071 1204
799 799 1202
1795 1795 1201
1248 1248 1201
1333 1333 1200
1536 1536 1199
1695 1695 1199
3500 3500 1234
2373 2373 1197
3337 3337 1197
2852 2852 1197
1737 1737 1196
257 257 1195
3037 3037 1194
3083 3083 1192
3500 3500 1328
3500 3500 1462
3473 3473 1188
3306 3306 1188
65 65 1188
319 319 1187
3500 3500 1307
698 698 1186
638 638 1184
3479 3479 1184
932 932 1184
2211 2211 1183
3500 3500 1353
3063 3063 1182
3388 3388 1182
3500 3500 1339
3110 3110 1180
3500 3500 1403
2331 2331 1176
2831 2831 1175
2719 2719 1175
762 762 1175
2441 2441 1174
3286 3286 1174
3448 3448 1174
3436 3436 1172
1618 1618 1170
3338 3338 1169
157 157 1167
1979 1979 1166
3392 3392 1166
1003 1003 1166
1099 1099 1166
1895 1895 1165
2381 2381 1164
1466 1466 1164
1438 1438 1164
689 689 1163
3183 3183 1163
2315 2315 1162
1538 1538 1161
2873 2873 1157
3197 3197 1156
1253 1253 1156
3427 3427 1156
3408 3408 1155
2913 2913 1155
759 759 1155
1200 1200 1154
1496 1496 1154
131 131 1153
3478 3478 1152
2992 2992 1152
3433 3433 1151
2719 2719 1151
3343 3343 1150
678 678 1149
3475 3475 1149
3456 3456 1148
3051 3051 1144
1911 1911 1143
2624 2624 1142
2635 2635 1142
2650 2650 1142
3500 3500 1205
2081 2081 1140
798 798 1139
455 455 1139
1465 1465 1138
245 245 1138
693 693 1138
124 124 1137
1798 1798 1137
2869 2869 1136
2443 2443 1135
207 207 1134
3344 3344 1134
16 16 1134
2531 2531 1134
2495 2495 1133
3500 3500 1347
3433 3433 1133
3500 3500 1144
309 309 1132
1023 1023 1131
3500 3500 1360
125 125 1129
2580 2580 1129
3377 3377 1128
2910 2910 1127
2637 2637 1126
3210 3210 1126
3500 3500 1370
1880 1880 1125
2634 2634 1124
3500 3500 1155
3119 3119 1124
635 635 1122
2376 2376 1119
1346 1346 1119
2263 2263 1116
256 256 1113
2487 2487 1112
937 937 1112
2817 2817 1111
3398 3398 1111
3500 3500 1171
2718 2718 1109
3124 3124 1109
3500 3500 1112
3364 3364 1107
3500 3500 1337
1214 1214 1106
2205 2205 1104
3500 3500 1490
3500 3500 1215
2169 2169 1102
3073 3073 1101
2170 2170 1100
3217 3217 1097
2623 2623 1096
1872 1872 1096
20 20 1096
3500 3500 1448
3500 3500 1495
3500 3500 1481
3338 3338 1094
612 612 1094
3164 3164 1092
2830 2830 1089
3500 3500 1377
2799 2799 1087
113 113 1086
3500 3500 1493
2403 2403 1084
3500 3500 1316
3125 3125 1084
3500 3500 1457
1600 1600 1082
2996 2996 1082
1921 1921 1082
2547 2547 1081
2853 2853 1081
905 905 1081
2240 2240 1080
1998 1998 1079
3500 3500 1459
2678 2678 1077
2383 2383 1076
3500 3500 1423
2559 2559 1075
2697 2697 1074
3460 3460 1073
3500 3500 1075
1728 1728 1072
3500 3500 1433
2812 2812 1072
3025 3025 1071
3500 3500 1098
3500 3500 1429
1594 1594 1070
1338 1338 1069
3273 3273 1068
2398 2398 1068
3271 3271 1068
2532 2532 1067
3500 3500 1419
1599 1599 1067
3038 3038 1066
1019 1019 1066
2543 2543 1065
3500 3500 1221
1748 1748 1065
3500 3500 1314
3400 3400 1063
2484 2484 1063
2653 2653 1063
2775 2775 1063
475 475 1062
889 889 1061
999 999 1061
3500 3500 1151
905 905 1060
2858 2858 1060
3007 3007 1059
2262 2262 1059
3500 3500 1324
850 850 1057
1528 1528 1057
2635 2635 1057
1760 1760 1057
2150 2150 1056
3478 3478 1054
966 966 1054
1047 1047 1052
3500 3500 1357
3500 3500 1180
3500 3500 1439
1279 1279 1048
3500 3500 1297
2906 2906 1044
505 505 1043
2089 2089 1043
1626 1626 1043
110 110 1043
3500 3500 1225
1523 1523 1041
2814 2814 1040
3500 3500 1131
857 857 1040
2540 2540 1039
1592 1592 1037
816 816 1036
511 511 1036
3035 3035 1034
3467 3467 1034
3451 3451 1033
1374 1374 1032
3500 3500 1209
2304 2304 1031
1746 1746 1030
560 560 1030
2400 2400 1030
3500 3500 1327
2723 2723 1030
3500 3500 1439
1350 1350 1027
414 414 1026
1443 1443 1025
1704 1704 1025
3500 3500 1378
3500 3500 1127
3196 3196 1024
1022 1022 1023
476 476 1023
3500 3500 1234
3337 3337 1022
1662 1662 1021
3500 3500 1406
866 866 1020
3500 3500 1167
3500 3500 1317
3500 3500 1226
2226 2226 1016
3467 3467 1016
3500 3500 1285
3078 3078 1016
3500 3500 1127
3500 3500 1120
3500 3500 1149
697 697 1013
3500 3500 1483
334 334 1012
2331 2331 1011
3500 3500 1397
2521 2521 1009
2766 2766 1008
2306 2306 1008
3500 3500 1229
3500 3500 1085
3095 3095 1007
465 465 1007
3500 3500 1106
2024 2024 1006
2483 2483 1006
2839 2839 1005
3500 3500 1336
2046 2046 1004
2957 2957 1003
2258 2258 1001
1699 1699 1000
501 501 1000
3345 3345 999
3500 3500 1181
2370 2370 999
2865 2865 999
2888 2888 998
1802 1802 998
1253 1253 998
1152 1152 998
2680 2680 997
3240 3240 996
1649 1649 996
3213 3213 996
3434 3434 995
517 517 995
3500 3500 1292
1925 1925 995
1591 1591 993
574 574 991
1644 1644 991
3500 3500 1119
1642 1642 989
3500 3500 1448
1858 1858 988
3116 3116 987
2803 2803 987
2990 2990 987
1624 1624 985
2215 2215 985
3378 3378 983
3500 3500 1280
3500 3500 1133
2952 2952 982
3500 3500 1107
3500 3500 1491
2027 2027 981
2547 2547 981
3396 3396 979
3500 3500 1386
2136 2136 978
3500 3500 1435
2906 2906 978
1654 1654 977
735 735 977
423 423 977
3500 3500 1205
1455 1455 977
3500 3500 981
1086 1086 974
2907 2907 973
3500 3500 1102
2892 2892 973
1969 1969 972
3049 3049 971
3500 3500 1212
3008 3008 969
2585 2585 969
3500 3500 1316
2788 2788 967
1875 1875 966
927 927 965
3500 3500 1399
1061 1061 964
3500 3500 1278
2776 2776 964
2024 2024 962
92 92 960
1314 1314 959
579 579 959
3074 3074 959
3339 3339 955
3500 3500 1335
1346 1346 954
2990 2990 953
3500 3500 956
3500 3500 1204
1060 1060 951
965 965 951
1589 1589 950
3313 3313 950
3325 3325 949
3500 3500 1307
2811 2811 948
1659 1659 948
2621 2621 948
3500 3500 1490
3005 3005 947
2070 2070 947
1806 1806 945
1166 1166 945
3207 3207 944
3500 3500 1345
1448 1448 943
2264 2264 943
2907 2907 942
1343 1343 942
1705 1705 941
857 857 941
2480 2480 940
2653 2653 940
2177 2177 939
1023 1023 938
3500 3500 998
192 192 937
3271 3271 937
249 249 936
1435 1435 935
2782 2782 935
2968 2968 934
2020 2020 934
2191 2191 934
2580 2580 933
1471 1471 933
3064 3064 933
3500 3500 1346
673 673 932
2036 2036 932
2515 2515 931
3500 3500 1174
3500 3500 1370
416 416 930
3407 3407 930
1873 1873 930
3500 3500 1444
3226 3226 930
1911 1911 930
1549 1549 928
1198 1198 928
3500 3500 1329
2123 2123 927
3364 3364 927
3500 3500 1382
3354 3354 925
3183 3183 925
3500 3500 978
3500 3500 968
3500 3500 993
3500 3500 1277
2517 2517 923
1888 1888 922
2358 2358 921
3500 3500 942
3500 3500 1287
3030 3030 920
3500 3500 1477
3500 3500 1261
3088 3088 919
200 200 918
1657 1657 918
3500 3500 1446
540 540 916
2936 2936 916
3054 3054 916
311 311 916
3500 3500 1167
3500 3500 997
87 87 912
1528 1528 912
2189 2189 912
3440 3440 910
3086 3086 909
3500 3500 1135
1802 1802 909
3500 3500 1379
3500 3500 1127
1552 1552 906
3138 3138 906
2218 2218 906
3128 3128 906
3500 3500 1436
1740 1740 905
1584 1584 905
1915 1915 904
2941 2941 904
741 741 903
3500 3500 1463
3500 3500 1328
3500 3500 1103
3500 3500 1301
3500 3500 1267
2643 2643 900
3122 3122 900
151 151 899
275 275 899
2760 2760 898
872 872 898
1606 1606 897
3237 3237 895
3500 3500 957
2324 2324 894
3500 3500 957
3116 3116 893
2951 2951 893
3500 3500 1029
2495 2495 892
3500 3500 1440
2877 2877 892
3500 3500 1255
1427 1427 888
1803 1803 886
775 775 886
1582 1582 886
2343 2343 886
185 185 886
86 86 885
2496 2496 884
3284 3284 884
2580 2580 884
3500 3500 1360
3500 3500 1473
3056 3056 883
2628 2628 883
2166 2166 883
1330 1330 883
2082 2082 882
3500 3500 1286
1653 1653 881
135 135 881
3500 3500 1322
490 490 879
1016 1016 879
3135 3135 878
3500 3500 1079
1846 1846 872
2823 2823 872
1958 1958 871
3500 3500 1073
3500 3500 1140
2628 2628 869
613 613 869
3500 3500 873
2191 2191 865
651 651 865
3500 3500 1369
3500 3500 1207
981 981 864
3029 3029 863
3500 3500 869
3500 3500 965
1538 1538 861
3500 3500 1422
3109 3109 860
3344 3344 860
3157 3157 860
2610 2610 859
244 244 859
3500 3500 1428
2339 2339 856
223 223 856
2676 2676 854
3285 3285 854
2869 2869 854
1097 1097 854
2437 2437 853
3500 3500 974
2009 2009 851
2367 2367 851
3500 3500 1441
2526 2526 851
1930 1930 851
3419 3419 848
3500 3500 1079
3001 3001 848
3500 3500 1077
3500 3500 1184
1802 1802 848
3500 3500 1212
2380 2380 847
3500 3500 1222
37 37 847
3500 3500 1098
3500 3500 934
896 896 847
3500 3500 926
1762 1762 845
3407 3407 843
3500 3500 1156
1373 1373 841
3500 3500 1081
3500 3500 1068
3500 3500 1405
2402 2402 839
3165 3165 837
3497 3497 837
1457 1457 835
1997 1997 834
3500 3500 1353
3500 3500 993
2516 2516 831
3484 3484 831
967 967 830
3500 3500 1393
1154 1154 829
3330 3330 829
3500 3500 1068
2092 2092 827
3209 3209 826
3500 3500 1228
3500 3500 976
120 120 824
3500 3500 1475
3429 3429 823
3304 3304 823
3500 3500 1119
3423 3423 821
3009 3009 820
2668 2668 820
2185 2185 819
3500 3500 1113
2556 2556 818
3500 3500 1087
3500 3500 1334
3500 3500 1017
3344 3344 814
2608 2608 814
3500 3500 1270
3500 3500 1481
3500 3500 1436
3284 3284 812
2027 2027 811
2828 2828 811
1926 1926 810
3177 3177 810
2735 2735 809
2863 2863 809
3500 3500 1152
499 499 808
58 58 808
979 979 808
920 920 808
3500 3500 1455
3500 3500 1135
3500 3500 1226
3500 3500 1400
1030 1030 806
504 504 805
3500 3500 911
3216 3216 805
2187 2187 804
3500 3500 1129
2962 2962 804
3500 3500 1204
3500 3500 926
826 826 801
3341 3341 801
661 661 800
3500 3500 889
3500 3500 1260
1086 1086 795
3500 3500 1248
3407 3407 794
1551 1551 794
147 147 793
3500 3500 987
1728 1728 793
2816 2816 792
3500 3500 1267
1908 1908 789
450 450 788
3500 3500 1073
2560 2560 786
1610 1610 786
207 207 785
535 535 784
988 988 784
3045 3045 783
2286 2286 783
1698 1698 783
2468 2468 782
1309 1309 782
2161 2161 781
3500 3500 1117
2114 2114 780
1561 1561 780
2558 2558 780
1986 1986 780
3500 3500 1291
309 309 779
3500 3500 1012
3500 3500 1306
1661 1661 778
3500 3500 1179
3500 3500 1073
3500 3500 987
2239 2239 776
2828 2828 776
3500 3500 949
1791 1791 775
3409 3409 775
1114 1114 773
3500 3500 1446
3500 3500 1421
3500 3500 1334
3500 3500 1271
2028 2028 771
3500 3500 1329
1996 1996 771
3500 3500 1400
3500 3500 860
301 301 770
288 288 770
3500 3500 1455
3473 3473 769
3500 3500 1176
3500 3500 774
3500 3500 1149
3211 3211 766
3396 3396 766
2573 2573 765
1500 1500 765
2563 2563 764
3500 3500 869
2446 2446 762
2633 2633 762
799 799 761
3500 3500 1334
2917 2917 760
2022 2022 759
3434 3434 758
3110 3110 758
314 314 758
3500 3500 1473
3500 3500 866
2209 2209 753
3500 3500 1041
3500 3500 1312
3500 3500 1320
2790 2790 750
2878 2878 750
3500 3500 1145
522 522 749
969 969 748
484 484 747
3500 3500 1272
300 300 747
3500 3500 1310
3338 3338 746
3064 3064 745
2248 2248 745
2798 2798 745
3067 3067 745
3500 3500 1458
1468 1468 744
1429 1429 744
164 164 744
3500 3500 1043
1601 1601 743
33 33 742
3500 3500 808
3475 3475 742
3500 3500 866
939 939 739
3491 3491 739
3500 3500 854
2663 2663 737
2930 2930 737
3500 3500 1494
3500 3500 808
3344 3344 735
922 922 735
3500 3500 1304
2315 2315 733
3500 3500 1380
3500 3500 1422
449 449 730
621 621 730
3500 3500 1101
3322 3322 729
3500 3500 1267
1326 1326 729
3164 3164 728
1741 1741 726
1591 1591 726
1062 1062 726
2677 2677 725
3397 3397 723
3500 3500 1355
3357 3357 722
1755 1755 722
3500 3500 1279
2891 2891 720
2049 2049 720
3500 3500 1075
362 362 717
840 840 716
679 679 716
321 321 716
2344 2344 716
2066 2066 716
2431 2431 716
3500 3500 1492
3500 3500 821
3356 3356 714
3500 3500 1190
3500 3500 818
3500 3500 1275
1416 1416 712
3066 3066 712
3500 3500 856
3500 3500 1353
3500 3500 1221
1160 1160 709
597 597 709
2708 2708 708
3500 3500 900
3500 3500 1370
954 954 705
3500 3500 1427
3120 3120 704
2175 2175 704
1255 1255 704
3500 3500 749
3110 3110 703
3500 3500 1057
1542 1542 702
2677 2677 702
3500 3500 1493
3286 3286 701
3500 3500 1120
3500 3500 1489
3500 3500 1438
3500 3500 1457
3500 3500 1205
3069 3069 698
63 63 698
851 851 697
3089 3089 696
1464 1464 694
2693 2693 693
3179 3179 692
1493 1493 692
3500 3500 1397
3500 3500 867
2105 2105 690
1853 1853 690
3500 3500 1183
1524 1524 689
2900 2900 689
97 97 689
2730 2730 689
2784 2784 688
3500 3500 1174
323 323 687
853 853 686
3500 3500 1378
2191 2191 685
2972 2972 683
1409 1409 683
2173 2173 682
3500 3500 1416
57 57 680
2112 2112 680
1733 1733 680
2790 2790 679
2572 2572 679
3500 3500 975
3037 3037 678
3500 3500 1224
3500 3500 985
3320 3320 678
2344 2344 678
3013 3013 678
3148 3148 677
3465 3465 677
1757 1757 677
2825 2825 676
3094 3094 676
3500 3500 1275
3500 3500 1484
3109 3109 674
3500 3500 915
2160 2160 674
3500 3500 1319
2715 2715 673
3500 3500 1264
3500 3500 1484
2703 2703 671
599 599 671
1934 1934 671
1098 1098 671
3221 3221 670
3500 3500 765
1714 1714 670
3500 3500 1120
2965 2965 669
1332 1332 668
2083 2083 668
3500 3500 1204
1293 1293 667
3217 3217 666
1947 1947 664
3500 3500 1324
888 888 664
3500 3500 818
3500 3500 1447
3500 3500 779
2083 2083 659
3500 3500 1043
3486 3486 659
3500 3500 1057
2150 2150 658
3500 3500 1477
3500 3500 1390
3500 3500 992
2711 2711 657
806 806 657
3500 3500 1474
3500 3500 1233
2802 2802 655
2017 2017 655
2309 2309 655
3482 3482 655
3500 3500 794
1829 1829 655
3500 3500 923
1937 1937 654
3186 3186 653
3500 3500 1435
3500 3500 1087
3500 3500 1278
791 791 652
3500 3500 765
2065 2065 651
3500 3500 1302
277 277 651
992 992 650
1849 1849 650
2502 2502 650
1889 1889 649
1203 1203 649
1391 1391 648
3482 3482 648
2817 2817 648
3500 3500 1054
3335 3335 648
3500 3500 1090
1550 1550 647
3067 3067 646
2719 2719 645
3333 3333 645
3500 3500 1189
3500 3500 1480
3500 3500 1303
1843 1843 643
1751 1751 643
3363 3363 643
3030 3030 643
2485 2485 642
2979 2979 642
3500 3500 1219
3500 3500 1396
3500 3500 849
3500 3500 1101
3500 3500 656
3500 3500 850
3500 3500 853
3500 3500 1296
2803 2803 640
2096 2096 640
157 157 640
3500 3500 1273
450 450 639
2359 2359 639
3226 3226 638
3500 3500 1272
890 890 638
1986 1986 638
3500 3500 777
642 642 637
3500 3500 1116
3500 3500 715
2343 2343 636
3500 3500 1391
3500 3500 1314
3500 3500 677
950 950 632
1097 1097 632
750 750 631
3443 3443 631
85 85 631
2763 2763 631
3044 3044 631
1002 1002 630
296 296 630
2193 2193 626
3500 3500 1344
3192 3192 625
2780 2780 625
2807 2807 624
3500 3500 1351
3500 3500 1051
3500 3500 1197
567 567 622
3500 3500 1412
2755 2755 621
3500 3500 1467
210 210 621
2010 2010 621
412 412 621
3500 3500 1484
3500 3500 854
3500 3500 1252
3500 3500 698
3500 3500 1010
3500 3500 1477
3042 3042 618
3500 3500 1455
3331 3331 616
3500 3500 1136
3252 3252 615
663 663 615
2484 2484 614
3500 3500 1292
3500 3500 723
3500 3500 799
3500 3500 1485
3500 3500 1464
2114 2114 612
3500 3500 1078
3500 3500 1494
3030 3030 612
3500 3500 1423
3108 3108 610
3500 3500 726
3500 3500 854
3500 3500 1461
1890 1890 609
3500 3500 613
2696 2696 608
3232 3232 607
3500 3500 751
2924 2924 607
1221 1221 606
3217 3217 606
3500 3500 1416
3500 3500 1235
3295 3295 604
3500 3500 925
3395 3395 603
3500 3500 1268
3500 3500 1345
3398 3398 600
2657 2657 599
2000 2000 599
3500 3500 1061
3500 3500 633
1522 1522 598
3500 3500 1385
1190 1190 597
970 970 597
1941 1941 597
1644 1644 597
1258 1258 596
2674 2674 596
987 987 596
464 464 595
3500 3500 1089
3129 3129 595
3203 3203 595
2132 2132 594
2019 2019 594
3500 3500 1304
986 986 593
1880 1880 593
3500 3500 1395
3500 3500 881
3500 3500 914
69 69 591
2210 2210 590
3500 3500 1232
2429 2429 590
116 116 589
3020 3020 589
2707 2707 588
2350 2350 588
3478 3478 588
3500 3500 1154
1300 1300 587
3500 3500 1308
3362 3362 586
3348 3348 586
3500 3500 1261
3500 3500 795
3500 3500 1407
2465 2465 585
237 237 584
1704 1704 584
3417 3417 584
3500 3500 1355
3091 3091 583
3500 3500 1214
882 882 581
3500 3500 635
3500 3500 1340
1173 1173 580
3212 3212 579
3419 3419 579
3500 3500 1079
896 896 579
3329 3329 578
1911 1911 578
1159 1159 577
608 608 577
3500 3500 1177
3500 3500 1046
3500 3500 1457
3157 3157 575
3500 3500 781
3500 3500 969
3500 3500 1434
3376 3376 573
3500 3500 943
2608 2608 573
3500 3500 776
1138 1138 573
2120 2120 572
1249 1249 572
3500 3500 952
2248 2248 572
3408 3408 570
2153 2153 570
33 33 569
3500 3500 1213
882 882 569
3500 3500 1228
2324 2324 568
2098 2098 568
2633 2633 568
3500 3500 1172
3264 3264 567
2396 2396 567
2834 2834 567
3075 3075 566
1261 1261 566
3500 3500 1211
3500 3500 810
2592 2592 564
1318 1318 563
3500 3500 858
3500 3500 1331
3500 3500 910
2352 2352 560
3500 3500 1073
1754 1754 560
2978 2978 560
89 89 560
3268 3268 559
1763 1763 558
3500 3500 700
3500 3500 1186
3500 3500 1266
3352 3352 556
3500 3500 1453
3431 3431 555
3027 3027 555
1844 1844 555
3011 3011 555
3500 3500 1250
2291 2291 554
558 558 554
3114 3114 553
92 92 553
3215 3215 553
1783 1783 553
1290 1290 550
2502 2502 550
2596 2596 550
399 399 549
3497 3497 549
1913 1913 549
1221 1221 548
3500 3500 1172
2702 2702 548
3500 3500 964
1569 1569 547
2696 2696 547
3500 3500 911
3500 3500 1415
3500 3500 1007
3500 3500 1072
3500 3500 1322
831 831 544
1445 1445 544
3500 3500 1190
3500 3500 1469
3500 3500 622
2564 2564 542
2397 2397 542
3500 3500 1196
3500 3500 588
3500 3500 1125
3342 3342 541
3500 3500 1051
2675 2675 538
3221 3221 538
3500 3500 1097
3500 3500 982
725 725 535
2337 2337 535
3500 3500 1352
3500 3500 547
3500 3500 1181
2660 2660 535
2840 2840 534
3500 3500 1378
328 328 534
3500 3500 1306
3500 3500 1358
3445 3445 533
2962 2962 533
792 792 532
3500 3500 747
1964 1964 532
3500 3500 1380
3500 3500 685
1808 1808 531
3500 3500 1053
2899 2899 530
2432 2432 530
1038 1038 530
1464 1464 530
1770 1770 530
3097 3097 529
2422 2422 529
1058 1058 528
3490 3490 528
2377 2377 528
2529 2529 528
809 809 528
3500 3500 1350
3097 3097 526
3500 3500 1293
3500 3500 1359
1481 1481 526
3500 3500 1435
584 584 526
3100 3100 526
3397 3397 525
2338 2338 524
3283 3283 524
2174 2174 523
727 727 523
3500 3500 854
3500 3500 1310
3500 3500 954
3500 3500 1128
2736 2736 521
2452 2452 521
3500 3500 1244
3500 3500 929
3500 3500 993
3500 3500 1072
699 699 518
3500 3500 1350
1331 1331 517
3500 3500 1427
3500 3500 694
1775 1775 517
1894 1894 517
1355 1355 516
3500 3500 1460
3075 3075 516
277 277 516
2431 2431 515
3500 3500 627
2385 2385 515
3184 3184 514
3500 3500 1145
3500 3500 923
3500 3500 575
3500 3500 1291
3500 3500 1067
3203 3203 513
3500 3500 684
2773 2773 512
1004 1004 512
3066 3066 512
2875 2875 512
2709 2709 512
3500 3500 1079
3500 3500 690
854 854 510
1332 1332 510
171 171 509
3500 3500 587
2903 2903 509
3500 3500 1079
3500 3500 1180
3500 3500 1479
3500 3500 1264
2967 2967 507
2362 2362 507
3500 3500 1255
3500 3500 1347
582 582 506
1900 1900 506
3500 3500 1396
1401 1401 504
3500 3500 1049
3500 3500 896
2339 2339 503
3500 3500 1307
2357 2357 503
3500 3500 1389
2578 2578 502
2887 2887 502
1007 1007 501
1136 1136 501
3499 3499 499
2412 2412 499
1015 1015 499
422 422 498
3428 3428 497
3500 3500 776
3500 3500 1389
3500 3500 1374
860 860 495
2421 2421 494
954 954 494
3500 3500 682
2304 2304 493
3500 3500 1496
3500 3500 1055
3059 3059 492
3500 3500 1253
3500 3500 623
1812 1812 492
2655 2655 492
2101 2101 491
1038 1038 491
3500 3500 1230
2476 2476 490
2175 2175 490
3500 3500 710
3500 3500 1191
2690 2690 489
3500 3500 559
957 957 487
1623 1623 487
3500 3500 1172
3500 3500 1293
2890 2890 486
2715 2715 486
3500 3500 1450
3036 3036 484
3500 3500 1466
3500 3500 1322
3500 3500 925
3500 3500 1492
2980 2980 481
2911 2911 481
3500 3500 1027
2655 2655 479
3291 3291 479
3065 3065 478
3500 3500 1387
2756 2756 477
2309 2309 475
3500 3500 1393
3500 3500 803
3500 3500 1356
3500 3500 1432
1767 1767 474
3500 3500 744
2956 2956 473
1327 1327 473
60 60 472
2192 2192 471
3500 3500 1171
2565 2565 469
3500 3500 651
16 16 467
516 516 467
1919 1919 465
2286 2286 465
3500 3500 692
2385 2385 465
3500 3500 1296
1162 1162 464
2088 2088 464
2256 2256 464
3229 3229 463
1940 1940 463
3500 3500 925
3500 3500 955
360 360 461
3500 3500 1458
3500 3500 1263
3339 3339 460
3491 3491 458
1341 1341 458
3500 3500 862
3500 3500 1170
442 442 455
2953 2953 454
3500 3500 1371
3208 3208 454
3500 3500 738
2631 2631 453
3500 3500 1280
789 789 453
3500 3500 1339
3500 3500 933
1935 1935 451
3500 3500 1014
2434 2434 450
323 323 450
3500 3500 1285
3218 3218 450
3143 3143 449
327 327 449
3500 3500 468
3500 3500 723
3500 3500 1156
2135 2135 443
3500 3500 651
3500 3500 1145
1613 1613 443
3500 3500 1012
3500 3500 779
922 922 443
2157 2157 442
3500 3500 506
3500 3500 1282
909 909 441
3500 3500 976
3500 3500 1468
2571 2571 440
2110 2110 439
2384 2384 439
3024 3024 439
824 824 438
3500 3500 1292
3500 3500 1379
3500 3500 1100
1511 1511 436
3500 3500 983
3500 3500 1268
3500 3500 1160
3500 3500 1278
2717 2717 434
2551 2551 433
3500 3500 833
3448 3448 432
3500 3500 1398
3500 3500 1203
3500 3500 1402
3221 3221 429
2896 2896 429
2738 2738 429
609 609 429
3500 3500 531
2654 2654 428
2874 2874 428
3500 3500 907
336 336 427
3500 3500 629
3500 3500 1254
3500 3500 765
3500 3500 825
3500 3500 784
3500 3500 1005
3500 3500 1092
3500 3500 1055
3500 3500 1446
1265 1265 423
1778 1778 423
3500 3500 931
3500 3500 474
3500 3500 534
3500 3500 1238
3500 3500 620
438 438 418
2422 2422 418
2412 2412 418
3500 3500 755
3500 3500 478
415 415 417
3500 3500 1496
3500 3500 1433
3500 3500 1380
3500 3500 702
3500 3500 1111
3500 3500 1438
3408 3408 415
3500 3500 926
654 654 415
1154 1154 415
3500 3500 1151
1012 1012 415
3500 3500 1005
3500 3500 1102
3500 3500 1367
3500 3500 452
1627 1627 413
1026 1026 413
1925 1925 413
2386 2386 413
3367 3367 413
2901 2901 412
1644 1644 411
1925 1925 411
2075 2075 411
3218 3218 411
3489 3489 410
1972 1972 409
3500 3500 810
3500 3500 1127
2571 2571 407
3500 3500 662
3500 3500 1411
3500 3500 1261
3500 3500 463
3500 3500 1460
3500 3500 432
574 574 404
991 991 404
3500 3500 1337
2801 2801 403
3054 3054 402
3438 3438 402
3500 3500 1428
2530 2530 401
3500 3500 1345
650 650 399
1644 1644 399
470 470 399
3500 3500 1048
3500 3500 970
3500 3500 1001
3500 3500 597
3500 3500 1005
2566 2566 393
3033 3033 393
1492 1492 392
3500 3500 1048
3377 3377 391
3500 3500 1498
3500 3500 774
3500 3500 1463
3167 3167 390
3142 3142 389
3023 3023 389
3500 3500 417
3500 3500 569
3500 3500 1476
3500 3500 773
3500 3500 1336
633 633 386
1588 1588 385
3500 3500 1287
3500 3500 675
2028 2028 385
2992 2992 385
3122 3122 385
1176 1176 384
3500 3500 940
3500 3500 1365
3500 3500 981
1516 1516 383
2152 2152 383
3500 3500 1351
2156 2156 382
3500 3500 1450
512 512 379
3500 3500 1467
2909 2909 379
3500 3500 1051
3449 3449 378
1121 1121 377
3500 3500 584
3500 3500 1431
3252 3252 377
3500 3500 1250
2608 2608 376
3500 3500 609
3500 3500 799
3500 3500 1043
3500 3500 1374
3500 3500 475
1585 1585 373
3500 3500 1053
2691 2691 372
3035 3035 372
3500 3500 1007
3029 3029 371
2366 2366 371
1969 1969 371
3500 3500 1482
1231 1231 370
3500 3500 647
3500 3500 689
1782 1782 367
3500 3500 1184
1559 1559 367
479 479 366
3500 3500 1276
1645 1645 366
3500 3500 595
1616 1616 366
3431 3431 365
3500 3500 1095
3500 3500 497
3500 3500 646
3500 3500 1388
3500 3500 915
2387 2387 363
3500 3500 1207
3500 3500 1460
3500 3500 1407
3500 3500 942
3500 3500 655
3209 3209 359
2882 2882 359
519 519 359
3500 3500 1092
3500 3500 1489
443 443 359
3500 3500 1453
3460 3460 356
3500 3500 1469
3500 3500 1051
3500 3500 1491
1592 1592 354
3500 3500 1366
2057 2057 353
3500 3500 1494
3500 3500 518
660 660 352
3500 3500 432
3310 3310 352
2485 2485 352
3500 3500 1032
1762 1762 352
3500 3500 965
2565 2565 350
3046 3046 349
1212 1212 348
1465 1465 348
2939 2939 348
1156 1156 348
3500 3500 1271
1671 1671 346
1040 1040 345
3500 3500 1338
3500 3500 1224
3500 3500 731
1088 1088 345
3500 3500 1193
3500 3500 1477
3500 3500 1187
1486 1486 344
3500 3500 599
3500 3500 1253
3500 3500 608
3500 3500 1321
1901 1901 343
1003 1003 343
3500 3500 778
3500 3500 537
3500 3500 1479
55 55 342
3500 3500 1385
2795 2795 340
3500 3500 757
3500 3500 1410
2711 2711 339
3500 3500 533
3500 3500 443
3028 3028 338
3289 3289 337
2826 2826 337
981 981 337
3500 3500 1408
3500 3500 1002
3500 3500 981
3258 3258 336
3500 3500 1434
786 786 335
85 85 335
3500 3500 1060
875 875 334
3500 3500 858
446 446 333
3440 3440 332
3500 3500 1451
3500 3500 606
3500 3500 536
3500 3500 1458
2190 2190 331
3500 3500 1495
1027 1027 331
1096 1096 331
3500 3500 1344
3500 3500 926
3500 3500 427
3500 3500 396
3500 3500 409
1162 1162 328
669 669 328
261 261 328
3500 3500 1419
3484 3484 327
3500 3500 1087
1825 1825 327
2700 2700 326
2398 2398 326
3500 3500 1139
3331 3331 325
2151 2151 325
3314 3314 325
3022 3022 325
2867 2867 324
3164 3164 324
3500 3500 1148
3500 3500 682
1831 1831 323
3500 3500 786
2702 2702 323
3500 3500 1402
3500 3500 1309
3500 3500 932
3500 3500 890
3240 3240 321
3500 3500 1155
2334 2334 321
301 301 321
3500 3500 922
3500 3500 785
3043 3043 320
2075 2075 320
3155 3155 319
3500 3500 1348
3500 3500 597
1463 1463 319
3500 3500 1356
650 650 318
2922 2922 317
3500 3500 700
3500 3500 1359
3500 3500 910
3359 3359 316
3500 3500 771
2894 2894 315
592 592 315
3500 3500 390
3500 3500 915
3500 3500 1361
3500 3500 692
603 603 313
1012 1012 313
2787 2787 313
3500 3500 1106
3500 3500 1365
3500 3500 1470
3500 3500 1449
1365 1365 310
2707 2707 310
3500 3500 609
3500 3500 1405
3500 3500 1342
3500 3500 875
3500 3500 694
3015 3015 309
3500 3500 1157
1522 1522 308
3500 3500 1491
3500 3500 1336
874 874 307
3500 3500 1397
3129 3129 307
2823 2823 307
3500 3500 796
3500 3500 969
3500 3500 902
2208 2208 305
1301 1301 304
3421 3421 304
1409 1409 303
1158 1158 303
3500 3500 1265
3500 3500 552
3500 3500 343
1518 1518 302
3500 3500 1202
3500 3500 1395
3500 3500 472
3375 3375 301
3500 3500 1006
3500 3500 1318
3500 3500 457
3500 3500 1299
1093 1093 299
3500 3500 536
3500 3500 1377
3500 3500 754
3500 3500 1438
3500 3500 1440
3500 3500 481
3079 3079 296
3500 3500 1460
1179 1179 295
867 867 295
3500 3500 772
1165 1165 294
3500 3500 1495
3424 3424 294
3500 3500 1327
898 898 294
3500 3500 809
1738 1738 293
3239 3239 291
1522 1522 291
3500 3500 1071
3500 3500 1150
3500 3500 1349
3500 3500 1469
3500 3500 910
3500 3500 1271
3500 3500 618
3500 3500 515
3500 3500 1189
2320 2320 287
3174 3174 287
3500 3500 459
3500 3500 990
3500 3500 1480
3500 3500 526
844 844 285
3500 3500 789
3500 3500 762
3500 3500 981
3113 3113 284
90 90 284
1241 1241 284
2626 2626 283
3500 3500 1492
3500 3500 1104
3500 3500 1312
3500 3500 1359
3500 3500 1398
3500 3500 895
3500 3500 1446
3500 3500 1437
3500 3500 860
2453 2453 280
1703 1703 280
2198 2198 280
3500 3500 1210
3500 3500 359
3500 3500 300
3500 3500 478
3500 3500 904
2569 2569 278
3500 3500 630
3500 3500 881
3500 3500 1372
1377 1377 277
3500 3500 1120
3216 3216 277
677 677 277
2229 2229 276
1588 1588 275
2857 2857 275
3500 3500 662
3500 3500 1418
2227 2227 273
3500 3500 1344
3244 3244 273
254 254 273
2377 2377 273
3500 3500 1400
3500 3500 1240
3500 3500 962
3500 3500 955
3500 3500 1436
3500 3500 1417
2902 2902 271
3500 3500 1385
3216 3216 271
3500 3500 1196
3487 3487 271
3500 3500 1414
3500 3500 1332
3500 3500 1497
3500 3500 376
2893 2893 270
3500 3500 1394
3500 3500 564
3500 3500 1121
3500 3500 1401
3500 3500 790
763 763 267
544 544 267
2860 2860 266
308 308 266
3500 3500 1405
3500 3500 467
3500 3500 1312
276 276 264
3489 3489 264
521 521 264
912 912 263
1455 1455 263
994 994 263
3500 3500 1066
3384 3384 262
2725 2725 262
3270 3270 262
316 316 261
2630 2630 261
3500 3500 1213
641 641 260
3500 3500 593
1318 1318 260
3500 3500 979
2465 2465 260
3500 3500 967
1411 1411 259
1381 1381 258
1833 1833 258
1531 1531 256
216 216 255
3424 3424 255
3500 3500 477
2214 2214 255
3500 3500 1100
3069 3069 253
3500 3500 1128
3500 3500 304
1065 1065 252
1775 1775 252
3500 3500 702
3500 3500 841
3500 3500 1228
3500 3500 1317
2775 2775 251
3500 3500 620
3500 3500 1139
3500 3500 592
3500 3500 1265
3500 3500 1494
3500 3500 1054
3500 3500 366
3500 3500 657
3500 3500 1031
2594 2594 247
3223 3223 246
3500 3500 631
3500 3500 1021
3500 3500 1086
2550 2550 246
224 224 245
680 680 245
3500 3500 1172
3500 3500 897
3500 3500 1099
3500 3500 685
3500 3500 1116
3500 3500 696
3500 3500 869
3500 3500 1362
3500 3500 954
3500 3500 1398
1502 1502 240
3500 3500 1349
3500 3500 1087
2845 2845 239
3500 3500 646
3500 3500 954
3500 3500 678
3500 3500 1289
1527 1527 237
3500 3500 770
3500 3500 711
3500 3500 548
2734 2734 236
3500 3500 1128
3500 3500 1391
3500 3500 564
3500 3500 500
3500 3500 1313
3500 3500 525
308 308 233
3500 3500 991
3500 3500 1396
3223 3223 233
3500 3500 837
3500 3500 1174
3500 3500 791
196 196 232
1072 1072 231
3500 3500 874
2358 2358 231
3500 3500 909
3500 3500 903
3500 3500 873
3500 3500 929
2123 2123 230
3500 3500 1480
1783 1783 228
2238 2238 228
1940 1940 228
3500 3500 904
2759 2759 227
3117 3117 227
3500 3500 1485
1952 1952 227
1995 1995 226
1244 1244 226
3500 3500 962
3500 3500 1305
1229 1229 223
3500 3500 957
3500 3500 1026
3500 3500 1296
3500 3500 1415
3500 3500 1169
1844 1844 221
3500 3500 796
1859 1859 221
2021 2021 221
3500 3500 419
3500 3500 838
2556 2556 219
3500 3500 1307
2928 2928 218
3500 3500 928
1426 1426 217
3500 3500 1098
3500 3500 1156
3366 3366 217
3500 3500 790
103 103 217
959 959 216
3485 3485 216
3500 3500 923
2986 2986 216
1276 1276 216
1257 1257 215
3500 3500 1382
3500 3500 1199
3500 3500 1455
3500 3500 264
3500 3500 293
3114 3114 214
3500 3500 320
3500 3500 1433
3429 3429 212
79 79 212
2222 2222 212
3500 3500 1376
3500 3500 509
3500 3500 962
3500 3500 1316
3500 3500 1431
3500 3500 552
2881 2881 210
3500 3500 790
2460 2460 209
3500 3500 1336
3378 3378 209
3500 3500 1025
3500 3500 866
585 585 209
3500 3500 526
3500 3500 1139
3500 3500 1460
3500 3500 1406
1494 1494 206
3500 3500 1328
1806 1806 206
3500 3500 1322
3500 3500 566
1927 1927 205
3500 3500 1393
1207 1207 205
3500 3500 645
3500 3500 1109
3500 3500 1168
3500 3500 1367
3500 3500 602
2418 2418 203
3500 3500 1253
157 157 202
3500 3500 968
3500 3500 1492
3500 3500 1223
3500 3500 546
3500 3500 1487
3500 3500 1122
1318 1318 200
3500 3500 1276
1815 1815 200
3500 3500 281
3500 3500 1175
3500 3500 1396
3500 3500 1366
2805 2805 198
2344 2344 198
3100 3100 197
479 479 197
3500 3500 1168
1524 1524 196
3500 3500 1339
1134 1134 195
3241 3241 194
3500 3500 1048
3500 3500 1115
1364 1364 193
3500 3500 1409
3500 3500 1208
1990 1990 192
3500 3500 1447
3500 3500 1400
3500 3500 864
3500 3500 911
3056 3056 190
3500 3500 740
3500 3500 1487
3500 3500 193
3500 3500 1360
2416 2416 188
3500 3500 1373
3080 3080 188
3500 3500 1295
1371 1371 188
3278 3278 187
3500 3500 1242
3500 3500 882
3500 3500 798
3500 3500 1435
3500 3500 266
3500 3500 305
3500 3500 940
1168 1168 185
3500 3500 439
3170 3170 184
3147 3147 184
1535 1535 184
1652 1652 183
3500 3500 706
3500 3500 599
533 533 182
2510 2510 182
3500 3500 1032
3500 3500 1491
3500 3500 1460
3120 3120 180
642 642 180
1494 1494 179
3500 3500 773
764 764 178
3500 3500 1179
3216 3216 178
3500 3500 1448
3500 3500 1380
3500 3500 1497
1321 1321 176
3266 3266 176
3500 3500 1475
3112 3112 176
3500 3500 1492
3500 3500 581
3500 3500 884
3500 3500 1267
2918 2918 174
2933 2933 174
3500 3500 1265
3500 3500 1403
3500 3500 1411
3089 3089 173
3500 3500 511
1626 1626 173
602 602 173
1390 1390 172
2201 2201 172
3384 3384 172
3482 3482 172
3276 3276 171
3198 3198 171
3500 3500 1146
3500 3500 1305
3500 3500 697
1138 1138 170
1392 1392 170
3500 3500 1482
3500 3500 602
3500 3500 492
2871 2871 169
3500 3500 1209
3500 3500 819
3500 3500 1402
3500 3500 481
3500 3500 1447
3500 3500 1428
3500 3500 1439
1529 1529 167
324 324 166
3500 3500 627
2736 2736 165
3500 3500 1103
3067 3067 164
3500 3500 733
277 277 164
3500 3500 1284
3128 3128 163
3500 3500 1488
3500 3500 1444
1503 1503 162
3500 3500 1259
3500 3500 1442
3500 3500 1328
2884 2884 162
3500 3500 1486
3500 3500 200
2617 2617 161
2948 2948 161
3500 3500 619
3500 3500 717
3120 3120 160
3500 3500 622
3500 3500 274
3500 3500 1215
3398 3398 159
724 724 159
19 19 159
3500 3500 1462
3500 3500 1403
2143 2143 158
3500 3500 1303
2362 2362 157
2100 2100 157
3500 3500 943
3500 3500 1359
3500 3500 1459
2398 2398 157
3043 3043 156
3475 3475 155
3500 3500 371
588 588 155
3500 3500 159
3500 3500 884
3500 3500 1468
3323 3323 155
1925 1925 155
3500 3500 698
2815 2815 154
773 773 154
2593 2593 154
3500 3500 1131
2202 2202 154
3127 3127 154
2021 2021 154
1558 1558 153
3500 3500 1435
3250 3250 153
3500 3500 799
3500 3500 875
3500 3500 1231
3032 3032 151
3123 3123 150
3500 3500 698
2412 2412 149
2993 2993 149
3500 3500 1382
3500 3500 258
728 728 148
2141 2141 148
3500 3500 1228
3500 3500 1229
3500 3500 308
3500 3500 990
3500 3500 1278
3500 3500 491
3500 3500 1381
2820 2820 146
3500 3500 690
3500 3500 1430
2963 2963 145
3500 3500 365
2149 2149 145
3500 3500 838
3500 3500 978
3500 3500 1262
3500 3500 1463
3500 3500 1486
3500 3500 1452
3500 3500 221
3500 3500 762
1833 1833 143
3500 3500 1214
3500 3500 1287
3500 3500 242
3500 3500 1326
3500 3500 1352
1312 1312 141
1043 1043 141
3500 3500 1315
3500 3500 1056
2192 2192 141
1368 1368 140
1784 1784 139
3500 3500 828
3500 3500 176
3500 3500 1274
3500 3500 612
3500 3500 1336
3500 3500 397
3286 3286 138
3500 3500 1293
3500 3500 1433
3500 3500 1203
3500 3500 1162
3500 3500 820
3500 3500 422
3500 3500 1337
3500 3500 1155
3500 3500 1395
2173 2173 135
1942 1942 135
3500 3500 1410
3500 3500 1476
3500 3500 1471
3500 3500 576
3500 3500 1464
3500 3500 1166
2186 2186 131
3500 3500 891
3500 3500 1483
1245 1245 130
3500 3500 506
3500 3500 1344
3500 3500 1466
2828 2828 129
2486 2486 128
2773 2773 128
3500 3500 299
3500 3500 1472
91 91 127
3500 3500 346
3500 3500 697
3373 3373 126
2971 2971 126
3500 3500 608
3500 3500 1411
3500 3500 137
758 758 125
3500 3500 1233
834 834 124
3500 3500 211
3500 3500 1398
3500 3500 1406
3500 3500 1033
3500 3500 444
3500 3500 845
147 147 123
3500 3500 1223
2257 2257 122
3500 3500 1354
3500 3500 625
3500 3500 1320
3500 3500 1458
3500 3500 513
3500 3500 841
3500 3500 1371
379 379 120
3500 3500 718
2686 2686 119
3500 3500 1098
3399 3399 119
3500 3500 848
1112 1112 118
3500 3500 274
3500 3500 1282
3500 3500 1450
3500 3500 1267
3500 3500 1312
3500 3500 1412
3500 3500 1054
3500 3500 1110
3500 3500 1467
56 56 116
3500 3500 1121
3500 3500 1166
3500 3500 1465
3438 3438 115
3500 3500 1219
3500 3500 1393
317 317 113
3500 3500 706
3500 3500 847
3500 3500 601
3500 3500 1306
3500 3500 1234
3500 3500 1162
1662 1662 112
3500 3500 1445
2399 2399 112
2955 2955 111
3500 3500 1255
3500 3500 196
3367 3367 110
3500 3500 1139
1731 1731 109
3500 3500 759
3500 3500 1259
3500 3500 1495
3500 3500 1439
879 879 108
3500 3500 1495
3500 3500 1380
3500 3500 906
61 61 107
3500 3500 315
3500 3500 1369
3500 3500 637
1683 1683 106
3500 3500 1102
3500 3500 1187
3500 3500 653
3500 3500 1271
3292 3292 105
3500 3500 1396
3500 3500 123
3500 3500 1347
3500 3500 619
3500 3500 1257
3452 3452 104
3500 3500 1284
3500 3500 1266
3500 3500 453
3500 3500 675
3021 3021 103
3479 3479 103
3500 3500 1478
3500 3500 1154
3500 3500 1483
3500 3500 1472
3500 3500 1488
3500 3500 1341
3500 3500 336
1761 1761 100
1805 1805 100
3500 3500 1105
3500 3500 1123
3500 3500 907
3500 3500 1251
3500 3500 1074
1132 1132 99
1260 1260 99
3500 3500 1422
3500 3500 1167
3500 3500 1264
1404 1404 98
3500 3500 526
3500 3500 1170
3500 3500 146
3500 3500 1254
3500 3500 1057
2006 2006 97
3500 3500 1162
2777 2777 97
3500 3500 1193
3500 3500 1492
3412 3412 96
3332 3332 96
3500 3500 1495
2279 2279 96
3500 3500 1246
3500 3500 1458
3500 3500 1302
3500 3500 1371
3500 3500 1465
3500 3500 1498
3265 3265 94
2835 2835 94
3500 3500 1329
3500 3500 1390
3500 3500 1057
3500 3500 1357
478 478 92
3500 3500 1425
3500 3500 1251
3500 3500 1439
3500 3500 1324
3500 3500 1291
3500 3500 1417
3500 3500 897
852 852 91
3500 3500 1240
1306 1306 91
3500 3500 1409
3500 3500 1020
1585 1585 90
3500 3500 1401
3233 3233 89
3500 3500 908
2509 2509 89
3500 3500 1486
2109 2109 89
3500 3500 990
3500 3500 1186
3500 3500 1116
3500 3500 1497
3500 3500 879
3500 3500 433
3500 3500 1053
3500 3500 946
3500 3500 994
3500 3500 1282
3500 3500 1237
3500 3500 966
743 743 85
3500 3500 1179
2647 2647 85
3500 3500 241
1109 1109 85
2655 2655 84
3500 3500 1485
3500 3500 1186
3500 3500 1403
3500 3500 1488
3500 3500 1254
3500 3500 732
2303 2303 83
3500 3500 1464
3500 3500 1441
3500 3500 1452
2451 2451 82
1914 1914 82
3500 3500 1486
3500 3500 733
2317 2317 81
2803 2803 80
3179 3179 80
3500 3500 1380
3500 3500 1485
3500 3500 794
3500 3500 1388
3500 3500 281
3500 3500 1301
3500 3500 1414
3500 3500 1280
3500 3500 1153
3500 3500 1269
3500 3500 1291
3500 3500 1482
3500 3500 1461
3500 3500 1336
3500 3500 479
3500 3500 1365
3500 3500 1447
3117 3117 75
3500 3500 218
3500 3500 1431
3500 3500 1314
3500 3500 1417
1238 1238 74
3500 3500 1295
3500 3500 1325
2340 2340 74
1208 1208 73
3500 3500 1231
3384 3384 73
3500 3500 659
733 733 73
3500 3500 1390
3500 3500 1234
3500 3500 447
1824 1824 72
3500 3500 1288
3500 3500 444
3500 3500 1402
506 506 70
3500 3500 1365
3087 3087 70
3500 3500 1236
3500 3500 608
2865 2865 70
3500 3500 1477
2654 2654 69
215 215 68
2794 2794 68
3500 3500 1435
1058 1058 67
3411 3411 67
3123 3123 67
1483 1483 67
3500 3500 1312
3500 3500 1461
3414 3414 67
3257 3257 66
3055 3055 66
3500 3500 663
3500 3500 1153
3500 3500 993
1729 1729 64
3500 3500 189
3500 3500 309
3500 3500 1290
925 925 64
3500 3500 948
3500 3500 1480
3500 3500 1222
3500 3500 1063
3500 3500 1492
582 582 62
3500 3500 1330
2513 2513 62
2512 2512 62
2280 2280 62
3500 3500 1466
2302 2302 61
3500 3500 1033
3500 3500 1418
834 834 61
2975 2975 61
3424 3424 61
3500 3500 1430
3500 3500 375
3326 3326 60
3500 3500 1356
3500 3500 382
3500 3500 1348
3500 3500 1497
3500 3500 1454
3500 3500 678
3500 3500 1374
3500 3500 1258
2264 2264 58
3500 3500 1112
2461 2461 58
3500 3500 945
3500 3500 1396
3500 3500 1293
3500 3500 1471
3500 3500 1283
3500 3500 1476
505 505 57
3500 3500 1216
1837 1837 57
3500 3500 1182
519 519 56
3500 3500 1305
3500 3500 715
3500 3500 82
3500 3500 1038
3500 3500 1308
2925 2925 56
3500 3500 1233
3500 3500 1482
3500 3500 1493
3500 3500 1212
2349 2349 55
299 299 55
3500 3500 1342
1410 1410 54
3500 3500 361
3158 3158 54
3500 3500 1413
3500 3500 1484
3500 3500 683
3500 3500 1417
3500 3500 1473
3500 3500 1449
3500 3500 165
3125 3125 53
3500 3500 1281
3500 3500 1497
3500 3500 626
3500 3500 1351
3500 3500 1442
3500 3500 1439
1948 1948 52
1149 1149 52
1762 1762 52
539 539 52
3500 3500 1313
3500 3500 1207
3287 3287 51
2801 2801 51
2451 2451 50
3500 3500 1119
3500 3500 1439
3500 3500 933
2862 2862 49
3500 3500 1115
3500 3500 1183
2705 2705 49
3500 3500 1480
291 291 48
2077 2077 48
3500 3500 969
3500 3500 1350
3500 3500 1448
3037 3037 47
3500 3500 701
3500 3500 1414
2696 2696 47
1879 1879 46
1379 1379 46
3500 3500 925
3500 3500 1227
3500 3500 956
3500 3500 1458
511 511 45
3500 3500 1103
3500 3500 1482
3500 3500 445
3500 3500 609
3500 3500 596
3500 3500 1473
3500 3500 1278
2731 2731 44
2014 2014 44
3500 3500 612
3500 3500 394
3500 3500 575
3500 3500 735
3500 3500 1473
2679 2679 42
3500 3500 909
3500 3500 529
3500 3500 1339
3500 3500 1228
2169 2169 42
2921 2921 42
3500 3500 202
3500 3500 1109
2669 2669 41
1902 1902 41
3500 3500 459
445 445 40
3500 3500 1118
3500 3500 1491
3500 3500 1496
1256 1256 39
2815 2815 39
3500 3500 1060
3500 3500 1471
3500 3500 1309
3500 3500 1363
3082 3082 38
3500 3500 742
3500 3500 1438
3500 3500 1407
3500 3500 298
3500 3500 1032
3500 3500 1050
3500 3500 1417
1974 1974 37
3500 3500 1397
3500 3500 773
3500 3500 851
3500 3500 1227
2341 2341 35
3159 3159 35
3500 3500 1497
3500 3500 434
1415 1415 35
3500 3500 955
1548 1548 34
3500 3500 1009
3500 3500 1303
3500 3500 1139
3500 3500 1441
3500 3500 846
3500 3500 1491
3500 3500 1472
3500 3500 892
3500 3500 1210
3244 3244 31
3500 3500 1335
3500 3500 1452
3500 3500 1494
3500 3500 1222
3500 3500 1485
3500 3500 1365
3500 3500 978
3500 3500 1470
3500 3500 1227
1525 1525 30
3500 3500 1494
3500 3500 278
1147 1147 29
830 830 29
3500 3500 571
3500 3500 1442
335 335 28
3500 3500 988
1162 1162 28
3500 3500 643
2207 2207 28
3500 3500 141
3500 3500 892
3500 3500 1221
3500 3500 1305
3500 3500 1463
3118 3118 27
3500 3500 1224
1916 1916 27
3500 3500 291
3500 3500 1477
3500 3500 1426
3500 3500 1484
2195 2195 26
3500 3500 342
3500 3500 1491
3500 3500 1394
3500 3500 1335
3500 3500 1324
3500 3500 1400
3500 3500 1411
3500 3500 1429
3500 3500 1322
3500 3500 1176
2631 2631 24
3500 3500 598
3500 3500 1067
3500 3500 1454
3500 3500 1232
3500 3500 1461
3500 3500 1444
3500 3500 1486
3500 3500 1415
1901 1901 23
3500 3500 1164
3500 3500 1446
3500 3500 1474
3500 3500 421
3500 3500 1385
3500 3500 1295
3500 3500 839
3500 3500 1496
3500 3500 1199
3500 3500 1491
3500 3500 1485
3500 3500 1463
3500 3500 44
3500 3500 1458
3324 3324 21
3052 3052 20
3500 3500 1497
3500 3500 1496
3500 3500 916
3500 3500 799
3287 3287 19
3500 3500 57
3500 3500 490
1653 1653 19
3500 3500 802
3500 3500 1445
3500 3500 537
3500 3500 642
3500 3500 833
3500 3500 1439
3500 3500 1331
3500 3500 1099
3500 3500 1234
3500 3500 1462
3500 3500 1378
3148 3148 15
3395 3395 15
3500 3500 1185
3500 3500 1303
3500 3500 1486
1604 1604 15
3500 3500 1075
3500 3500 1419
3500 3500 1323
3500 3500 1430
3281 3281 14
3500 3500 1431
3500 3500 1183
3500 3500 1359
3500 3500 1481
3500 3500 1483
3500 3500 1495
3500 3500 1493
3500 3500 968
3500 3500 1387
3500 3500 1061
3500 3500 1464
3500 3500 1213
3500 3500 1499
3500 3500 288
3500 3500 1332
3500 3500 1487
3500 3500 1491
3500 3500 1236
3500 3500 1467
3500 3500 1456
3500 3500 1450
2773 2773 9
3500 3500 1471
3177 3177 9
3500 3500 73
3500 3500 1253
3500 3500 1493
3500 3500 1477
3500 3500 646
3500 3500 810
3500 3500 1371
3500 3500 1125
3500 3500 1373
3500 3500 1222
3500 3500 1499
3500 3500 512
3500 3500 1331
3500 3500 1491
3500 3500 1491
3311 3311 8
3333 3333 7
3500 3500 1294
3500 3500 972
3500 3500 1431
3500 3500 1092
1619 1619 6
3500 3500 910
3500 3500 1497
3500 3500 1485
3500 3500 1382
3500 3500 1075
3500 3500 781
3500 3500 1227
3500 3500 1478
3500 3500 1439
3500 3500 1463
3043 3043 5
3500 3500 877
3500 3500 1474
974 974 5
3500 3500 870
3500 3500 1362
3500 3500 786
3500 3500 803
3500 3500 577
3500 3500 1430
3500 3500 1367
3500 3500 1443
3500 3500 1337
3500 3500 1478
3500 3500 1494
3500 3500 1493
3500 3500 1481
3500 3500 1331
3500 3500 1297
2184 2184 3
3500 3500 285
3500 3500 1415
1092 1092 2
3500 3500 1498
3500 3500 1267
2817 2817 2
792 792 2
2431 2431 2
3500 3500 1491
3500 3500 1466
3500 3500 1219
3500 3500 1495
3374 3374 1
3500 3500 1366
3500 3500 1065
3500 3500 1497
3500 3500 1500
2630 2630 0
3500 3500 1500
3500 3500 1461
3500 3500 1500
3500 3500 1497
3500 3500 1088
1017 1017 0
