5000 100 4.3589
12 2 96
13 3 94
13 3 94
15 5 90
14 4 92
16 6 88
11 1 93
15 5 90
13 3 93
14 4 92
13 3 92
16 6 88
16 6 88
14 4 91
18 8 84
14 4 91
16 6 88
16 6 88
14 4 91
17 7 86
19 9 82
17 7 86
18 8 84
12 2 90
12 2 90
18 8 84
19 9 82
13 3 89
14 4 89
20 10 81
17 7 86
11 1 89
18 8 84
20 10 81
14 4 89
16 6 88
20 10 81
20 10 81
18 8 84
17 7 86
16 6 88
17 7 86
16 6 87
16 6 87
16 6 87
19 9 82
12 2 87
17 7 86
13 3 87
22 12 77
20 10 81
11 1 87
15 5 86
21 11 79
13 3 86
22 12 77
20 10 81
15 5 86
14 4 86
12 2 86
15 5 86
21 11 79
13 3 85
20 10 81
23 13 75
24 14 73
16 6 85
22 12 77
23 13 75
17 7 84
25 15 72
21 11 79
25 15 72
20 10 81
16 6 84
12 2 84
19 9 82
17 7 84
11 1 84
21 11 79
12 2 84
26 16 70
26 16 70
23 13 75
22 12 77
15 5 83
20 10 81
21 11 79
15 5 83
15 5 82
23 13 75
20 10 81
25 15 72
27 17 68
20 10 81
16 6 82
19 9 82
18 8 82
28 18 67
27 17 68
27 17 68
21 11 79
21 11 79
18 8 81
25 15 72
20 10 81
18 8 81
16 6 80
12 2 80
13 3 80
15 5 80
24 14 73
12 2 80
26 16 70
13 3 80
25 15 72
24 14 73
14 4 80
24 14 73
13 3 80
19 9 80
11 1 79
24 14 73
25 15 72
23 13 75
21 11 79
19 9 79
30 20 64
24 14 73
27 17 68
17 7 79
17 7 78
14 4 78
23 13 75
29 19 65
20 10 78
19 9 77
27 17 68
16 6 77
15 5 77
21 11 77
26 16 70
21 11 77
20 10 77
31 21 62
21 11 77
12 2 76
32 22 60
33 23 59
30 20 64
14 4 76
19 9 76
24 14 73
19 9 76
17 7 76
31 21 62
13 3 76
26 16 70
27 17 68
23 13 75
25 15 72
24 14 73
23 13 75
31 21 62
24 14 73
25 15 72
32 22 60
13 3 75
19 9 75
31 21 62
17 7 75
17 7 75
25 15 72
15 5 75
21 11 75
26 16 70
30 20 64
28 18 67
18 8 74
22 12 74
28 18 67
28 18 67
22 12 74
13 3 74
14 4 74
16 6 74
23 13 74
33 23 59
21 11 74
32 22 60
34 24 57
31 21 62
25 15 72
15 5 74
26 16 70
17 7 74
23 13 74
24 14 73
29 19 65
16 6 73
24 14 73
16 6 73
18 8 73
25 15 72
30 20 64
12 2 73
25 15 72
20 10 73
28 18 67
32 22 60
17 7 73
14 4 73
31 21 62
34 24 57
19 9 72
24 14 72
31 21 62
30 20 64
23 13 72
12 2 72
25 15 72
32 22 60
29 19 65
18 8 72
19 9 72
27 17 68
33 23 59
26 16 70
18 8 72
12 2 72
34 24 57
15 5 71
38 28 51
28 18 67
12 2 71
31 21 62
17 7 71
11 1 71
20 10 70
15 5 70
25 15 70
18 8 70
15 5 70
27 17 68
28 18 67
22 12 70
14 4 70
37 27 53
28 18 67
31 21 62
15 5 70
26 16 70
17 7 70
14 4 70
33 23 59
23 13 70
34 24 57
15 5 70
27 17 68
15 5 70
30 20 64
35 25 56
21 11 69
14 4 69
28 18 67
33 23 59
39 29 50
28 18 67
13 3 69
36 26 54
29 19 65
32 22 60
30 20 64
34 24 57
17 7 69
21 11 69
37 27 53
31 21 62
31 21 62
36 26 54
29 19 65
21 11 68
20 10 68
32 22 60
19 9 68
21 11 68
34 24 57
32 22 60
13 3 68
15 5 68
23 13 68
11 1 68
25 15 68
19 9 68
11 1 68
26 16 67
33 23 59
23 13 67
19 9 67
36 26 54
13 3 67
23 13 67
30 20 64
12 2 67
35 25 56
32 22 60
15 5 67
23 13 67
41 31 47
42 32 46
20 10 67
25 15 67
26 16 67
13 3 67
21 11 67
37 27 53
33 23 59
24 14 67
39 29 50
20 10 67
20 10 66
32 22 60
14 4 66
26 16 66
34 24 57
41 31 47
42 32 46
28 18 66
16 6 66
31 21 62
28 18 66
27 17 66
16 6 66
20 10 65
43 33 44
28 18 65
28 18 65
13 3 65
17 7 65
24 14 65
13 3 65
42 32 46
15 5 65
34 24 57
12 2 65
28 18 65
24 14 65
29 19 65
18 8 65
35 25 56
16 6 65
27 17 65
34 24 57
15 5 64
16 6 64
17 7 64
13 3 64
30 20 64
38 28 51
26 16 64
35 25 56
11 1 64
36 26 54
40 30 49
19 9 64
33 23 59
16 6 64
31 21 62
15 5 64
14 4 64
28 18 64
24 14 64
40 30 49
35 25 56
22 12 64
28 18 64
39 29 50
31 21 62
29 19 64
24 14 64
17 7 64
41 31 47
19 9 64
22 12 63
36 26 54
44 34 43
27 17 63
46 36 40
44 34 43
45 35 42
25 15 63
31 21 62
30 20 63
36 26 54
40 30 49
43 33 44
46 36 40
44 34 43
31 21 62
21 11 63
33 23 59
28 18 63
45 35 42
13 3 62
30 20 62
23 13 62
43 33 44
26 16 62
46 36 40
47 37 39
35 25 56
40 30 49
41 31 47
47 37 39
18 8 62
35 25 56
30 20 62
47 37 39
30 20 62
27 17 62
23 13 62
24 14 62
38 28 51
47 37 39
35 25 56
32 22 60
28 18 62
38 28 51
33 23 59
34 24 57
33 23 59
42 32 46
46 36 40
43 33 44
12 2 61
34 24 57
17 7 61
30 20 61
31 21 61
15 5 61
34 24 57
26 16 61
36 26 54
38 28 51
35 25 56
40 30 49
32 22 60
12 2 61
43 33 44
28 18 61
37 27 53
43 33 44
18 8 61
40 30 49
41 31 47
39 29 50
44 34 43
40 30 49
17 7 60
41 31 47
28 18 60
30 20 60
20 10 60
33 23 59
25 15 60
27 17 60
33 23 59
21 11 60
40 30 49
43 33 44
36 26 54
15 5 60
34 24 57
46 36 40
31 21 60
34 24 57
16 6 60
20 10 60
25 15 60
11 1 60
43 33 44
14 4 60
44 34 43
33 23 59
11 1 59
12 2 59
36 26 54
49 39 37
25 15 59
37 27 53
21 11 59
19 9 59
38 28 51
49 39 37
17 7 59
33 23 59
13 3 59
14 4 59
21 11 59
15 5 59
15 5 59
36 26 54
28 18 59
47 37 39
45 35 42
39 29 50
30 20 58
38 28 51
48 38 38
44 34 43
21 11 58
18 8 58
11 1 58
43 33 44
26 16 58
14 4 58
21 11 58
21 11 58
50 40 36
49 39 37
39 29 50
33 23 58
20 10 58
31 21 58
31 21 58
50 40 36
26 16 58
44 34 43
25 15 57
29 19 57
42 32 46
19 9 57
19 9 57
34 24 57
21 11 57
29 19 57
35 25 56
25 15 57
41 31 47
36 26 54
35 25 56
12 2 57
21 11 57
25 15 57
22 12 57
20 10 57
47 37 39
49 39 37
17 7 57
20 10 57
21 11 57
51 41 34
39 29 50
41 31 47
25 15 57
23 13 57
38 28 51
30 20 57
43 33 44
19 9 56
43 33 44
51 41 34
12 2 56
36 26 54
37 27 53
34 24 56
24 14 56
35 25 56
25 15 56
29 19 56
24 14 56
43 33 44
11 1 56
39 29 50
32 22 56
51 41 34
18 8 56
25 15 56
29 19 56
26 16 56
53 43 32
13 3 56
12 2 56
28 18 56
39 29 50
15 5 56
43 33 44
12 2 55
48 38 38
12 2 55
53 43 32
41 31 47
38 28 51
51 41 34
53 43 32
48 38 38
20 10 55
40 30 49
39 29 50
50 40 36
28 18 55
31 21 55
25 15 55
54 44 31
42 32 46
46 36 40
54 44 31
34 24 55
42 32 46
14 4 55
48 38 38
26 16 55
26 16 54
12 2 54
33 23 54
31 21 54
38 28 51
25 15 54
43 33 44
17 7 54
15 5 54
34 24 54
50 40 36
36 26 54
26 16 54
35 25 54
49 39 37
46 36 40
52 42 33
27 17 54
30 20 54
28 18 54
26 16 54
52 42 33
29 19 54
15 5 54
41 31 47
11 1 54
44 34 43
41 31 47
50 40 36
32 22 54
14 4 54
51 41 34
43 33 44
28 18 53
30 20 53
46 36 40
18 8 53
48 38 38
33 23 53
30 20 53
29 19 53
35 25 53
37 27 53
12 2 53
49 39 37
46 36 40
49 39 37
53 43 32
24 14 53
21 11 53
25 15 53
53 43 32
50 40 36
43 33 44
32 22 53
17 7 53
11 1 53
52 42 33
41 31 47
33 23 52
56 46 29
53 43 32
37 27 52
40 30 49
45 35 42
37 27 52
17 7 52
51 41 34
20 10 52
29 19 52
37 27 52
38 28 51
34 24 52
53 43 32
41 31 47
55 45 30
52 42 33
36 26 52
43 33 44
21 11 52
50 40 36
54 44 31
24 14 52
36 26 51
15 5 51
51 41 34
56 46 29
38 28 51
20 10 51
37 27 51
25 15 51
49 39 37
44 34 43
19 9 51
43 33 44
47 37 39
22 12 51
25 15 51
53 43 32
42 32 46
18 8 51
52 42 33
55 45 30
27 17 51
33 23 51
18 8 51
14 4 51
24 14 51
46 36 40
13 3 51
30 20 51
53 43 32
42 32 46
22 12 51
31 21 51
54 44 31
19 9 51
32 22 51
57 47 28
57 47 28
57 47 28
23 13 51
50 40 36
31 21 50
50 40 36
53 43 32
36 26 50
27 17 50
48 38 38
53 43 32
51 41 34
53 43 32
30 20 50
43 33 44
32 22 50
39 29 50
23 13 50
52 42 33
41 31 47
58 48 27
57 47 28
50 40 36
47 37 39
48 38 38
52 42 33
58 48 27
55 45 30
31 21 50
14 4 49
50 40 36
58 48 27
55 45 30
50 40 36
39 29 49
19 9 49
19 9 49
12 2 49
37 27 49
21 11 49
49 39 37
20 10 49
55 45 30
17 7 49
31 21 49
13 3 49
56 46 29
53 43 32
55 45 30
41 31 47
21 11 49
23 13 49
43 33 44
28 18 49
60 50 25
25 15 49
47 37 39
26 16 49
51 41 34
27 17 49
54 44 31
55 45 30
43 33 44
50 40 36
33 23 49
42 32 46
57 47 28
31 21 49
60 50 25
45 35 42
27 17 48
31 21 48
53 43 32
29 19 48
47 37 39
15 5 48
57 47 28
46 36 40
55 45 30
61 51 24
57 47 28
27 17 48
58 48 27
45 35 42
17 7 48
47 37 39
53 43 32
17 7 48
13 3 48
45 35 42
31 21 48
42 32 46
45 35 42
28 18 48
59 49 26
55 45 30
38 28 48
31 21 48
14 4 48
60 50 25
47 37 39
16 6 48
23 13 48
38 28 48
31 21 48
57 47 28
58 48 27
14 4 47
17 7 47
62 52 23
20 10 47
31 21 47
55 45 30
51 41 34
61 51 24
39 29 47
13 3 47
36 26 47
31 21 47
60 50 25
19 9 47
55 45 30
33 23 47
30 20 47
14 4 47
43 33 44
56 46 29
62 52 23
38 28 47
19 9 47
52 42 33
16 6 47
33 23 47
60 50 25
53 43 32
58 48 27
50 40 36
57 47 28
29 19 47
30 20 47
55 45 30
30 20 47
45 35 42
33 23 46
50 40 36
62 52 23
22 12 46
53 43 32
43 33 44
32 22 46
54 44 31
55 45 30
62 52 23
61 51 24
28 18 46
48 38 38
28 18 46
59 49 26
36 26 46
12 2 46
43 33 44
43 33 44
63 53 22
46 36 40
57 47 28
34 24 46
31 21 46
41 31 46
45 35 42
23 13 46
62 52 23
37 27 46
59 49 26
11 1 46
57 47 28
63 53 22
58 48 27
11 1 45
16 6 45
57 47 28
30 20 45
39 29 45
36 26 45
51 41 34
35 25 45
14 4 45
46 36 40
55 45 30
13 3 45
42 32 45
53 43 32
38 28 45
49 39 37
21 11 45
53 43 32
58 48 27
53 43 32
59 49 26
47 37 39
17 7 44
51 41 34
46 36 40
61 51 24
46 36 40
11 1 44
23 13 44
45 35 42
62 52 23
27 17 44
45 35 42
27 17 44
49 39 37
59 49 26
22 12 44
62 52 23
63 53 22
45 35 42
52 42 33
11 1 44
33 23 44
16 6 44
42 32 44
61 51 24
38 28 44
42 32 44
34 24 44
53 43 32
57 47 28
26 16 44
41 31 44
62 52 23
62 52 23
50 40 36
54 44 31
15 5 44
52 42 33
59 49 26
36 26 44
63 53 22
54 44 31
59 49 26
11 1 44
26 16 44
21 11 44
57 47 28
45 35 42
26 16 43
37 27 43
14 4 43
57 47 28
64 54 21
61 51 24
63 53 22
49 39 37
64 54 21
27 17 43
30 20 43
59 49 26
24 14 43
65 55 20
62 52 23
22 12 43
12 2 43
60 50 25
47 37 39
47 37 39
47 37 39
36 26 43
35 25 43
57 47 28
46 36 40
26 16 43
56 46 29
33 23 43
13 3 43
26 16 43
65 55 20
17 7 43
54 44 31
49 39 37
39 29 42
17 7 42
25 15 42
30 20 42
36 26 42
65 55 20
31 21 42
62 52 23
50 40 36
67 57 18
36 26 42
63 53 22
33 23 42
28 18 42
51 41 34
37 27 42
62 52 23
60 50 25
65 55 20
54 44 31
35 25 42
27 17 42
28 18 42
32 22 42
63 53 22
53 43 32
30 20 42
39 29 42
35 25 42
16 6 42
47 37 39
50 40 36
42 32 42
45 35 42
27 17 42
55 45 30
34 24 42
24 14 42
67 57 18
48 38 38
57 47 28
36 26 41
16 6 41
49 39 37
36 26 41
59 49 26
28 18 41
65 55 20
67 57 18
40 30 41
56 46 29
60 50 25
67 57 18
23 13 41
39 29 41
65 55 20
38 28 41
29 19 41
51 41 34
68 58 17
38 28 41
67 57 18
64 54 21
58 48 27
42 32 41
40 30 41
25 15 41
30 20 41
61 51 24
14 4 41
49 39 37
53 43 32
29 19 41
56 46 29
13 3 41
68 58 17
12 2 41
41 31 41
19 9 41
33 23 41
38 28 41
58 48 27
26 16 40
58 48 27
55 45 30
54 44 31
55 45 30
67 57 18
23 13 40
63 53 22
62 52 23
15 5 40
35 25 40
32 22 40
60 50 25
28 18 40
54 44 31
31 21 40
56 46 29
51 41 34
25 15 40
36 26 40
24 14 40
66 56 19
58 48 27
52 42 33
50 40 36
57 47 28
47 37 39
32 22 40
23 13 40
44 34 40
68 58 17
59 49 26
47 37 39
61 51 24
54 44 31
57 47 28
18 8 40
42 32 40
69 59 16
40 30 40
33 23 40
62 52 23
64 54 21
64 54 21
55 45 30
32 22 40
22 12 40
65 55 20
55 45 30
60 50 25
34 24 39
45 35 39
65 55 20
59 49 26
64 54 21
22 12 39
18 8 39
30 20 39
48 38 38
21 11 39
64 54 21
68 58 17
29 19 39
34 24 39
56 46 29
30 20 39
60 50 25
60 50 25
67 57 18
55 45 30
49 39 37
16 6 39
32 22 39
70 60 16
21 11 39
35 25 39
23 13 39
36 26 39
60 50 25
41 31 39
20 10 38
71 61 15
33 23 38
68 58 17
70 60 16
28 18 38
69 59 16
54 44 31
17 7 38
14 4 38
57 47 28
27 17 38
31 21 38
38 28 38
49 39 37
65 55 20
71 61 15
68 58 17
39 29 38
50 40 36
32 22 38
19 9 38
51 41 34
15 5 38
17 7 38
67 57 18
71 61 15
44 34 38
29 19 38
59 49 26
15 5 38
16 6 38
43 33 38
49 39 37
45 35 38
21 11 38
66 56 19
54 44 31
68 58 17
45 35 38
27 17 38
21 11 38
63 53 22
71 61 15
58 48 27
21 11 38
50 40 36
59 49 26
51 41 34
62 52 23
71 61 15
58 48 27
59 49 26
68 58 17
27 17 38
15 5 38
60 50 25
67 57 18
52 42 33
68 58 17
64 54 21
45 35 37
72 62 14
44 34 37
49 39 37
50 40 36
15 5 37
63 53 22
40 30 37
62 52 23
19 9 37
16 6 37
67 57 18
27 17 37
46 36 37
40 30 37
46 36 37
45 35 37
13 3 37
19 9 37
71 61 15
72 62 14
40 30 37
65 55 20
18 8 37
12 2 37
35 25 37
65 55 20
18 8 37
21 11 37
27 17 37
26 16 37
29 19 37
48 38 37
22 12 37
25 15 37
65 55 20
72 62 14
69 59 16
56 46 29
64 54 21
27 17 37
39 29 37
45 35 37
36 26 37
68 58 17
24 14 37
24 14 37
39 29 37
29 19 37
66 56 19
71 61 15
68 58 17
35 25 37
28 18 37
62 52 23
69 59 16
73 63 13
28 18 36
26 16 36
41 31 36
55 45 30
51 41 34
50 40 36
43 33 36
72 62 14
41 31 36
67 57 18
25 15 36
35 25 36
16 6 36
25 15 36
48 38 36
73 63 13
24 14 36
71 61 15
61 51 24
60 50 25
72 62 14
72 62 14
47 37 36
38 28 36
72 62 14
43 33 36
37 27 36
57 47 28
61 51 24
23 13 36
14 4 36
65 55 20
49 39 36
71 61 15
17 7 36
68 58 17
34 24 36
45 35 36
33 23 36
28 18 36
13 3 36
73 63 13
14 4 36
13 3 36
60 50 25
58 48 27
49 39 36
60 50 25
37 27 36
25 15 35
33 23 35
55 45 30
31 21 35
28 18 35
23 13 35
57 47 28
28 18 35
31 21 35
53 43 32
73 63 13
23 13 35
72 62 14
45 35 35
22 12 35
39 29 35
16 6 35
19 9 35
70 60 16
30 20 35
38 28 35
55 45 30
34 24 35
33 23 35
70 60 16
59 49 26
29 19 35
71 61 15
37 27 35
74 64 12
38 28 35
67 57 18
55 45 30
64 54 21
69 59 16
13 3 35
35 25 35
50 40 35
72 62 14
70 60 16
40 30 35
53 43 32
62 52 23
70 60 16
28 18 35
56 46 29
51 41 34
67 57 18
54 44 31
40 30 35
65 55 20
44 34 35
34 24 35
72 62 14
74 64 12
49 39 35
48 38 35
62 52 23
67 57 18
33 23 35
57 47 28
55 45 30
40 30 35
64 54 21
49 39 35
58 48 27
30 20 35
61 51 24
74 64 12
39 29 34
53 43 32
61 51 24
64 54 21
41 31 34
62 52 23
65 55 20
64 54 21
71 61 15
29 19 34
51 41 34
67 57 18
50 40 34
60 50 25
24 14 34
38 28 34
59 49 26
21 11 34
66 56 19
33 23 34
37 27 34
14 4 34
18 8 34
34 24 34
73 63 13
26 16 34
61 51 24
23 13 34
69 59 16
71 61 15
58 48 27
57 47 28
23 13 34
39 29 34
68 58 17
46 36 34
55 45 30
25 15 34
70 60 16
54 44 31
53 43 32
46 36 34
30 20 34
22 12 33
26 16 33
14 4 33
45 35 33
65 55 20
17 7 33
15 5 33
64 54 21
23 13 33
76 66 11
56 46 29
24 14 33
53 43 32
49 39 33
67 57 18
58 48 27
45 35 33
76 66 11
59 49 26
67 57 18
61 51 24
16 6 33
69 59 16
59 49 26
23 13 33
68 58 17
71 61 15
32 22 33
27 17 33
57 47 28
68 58 17
74 64 12
34 24 33
44 34 33
58 48 27
17 7 33
14 4 33
19 9 33
12 2 33
66 56 19
53 43 32
45 35 33
37 27 33
54 44 31
60 50 25
26 16 33
38 28 33
67 57 18
49 39 33
70 60 16
71 61 15
66 56 19
72 62 14
49 39 32
37 27 32
40 30 32
47 37 32
47 37 32
75 65 12
67 57 18
27 17 32
64 54 21
56 46 29
58 48 27
43 33 32
68 58 17
26 16 32
71 61 15
45 35 32
31 21 32
25 15 32
71 61 15
73 63 13
12 2 32
55 45 30
64 54 21
12 2 32
38 28 32
16 6 32
42 32 32
37 27 32
41 31 32
61 51 24
77 67 10
52 42 32
69 59 16
25 15 32
20 10 32
74 64 12
77 67 10
45 35 32
31 21 32
35 25 32
59 49 26
30 20 32
52 42 32
48 38 32
59 49 26
76 66 11
52 42 32
69 59 16
48 38 32
60 50 25
76 66 11
45 35 32
21 11 32
25 15 32
56 46 29
21 11 32
67 57 18
43 33 32
66 56 19
47 37 32
18 8 32
22 12 32
72 62 14
65 55 20
65 55 20
45 35 31
45 35 31
20 10 31
44 34 31
78 68 10
28 18 31
21 11 31
19 9 31
69 59 16
61 51 24
48 38 31
60 50 25
32 22 31
49 39 31
55 45 30
73 63 13
77 67 10
28 18 31
77 67 10
74 64 12
71 61 15
76 66 11
63 53 22
67 57 18
77 67 10
37 27 31
77 67 10
51 41 31
69 59 16
72 62 14
47 37 31
76 66 11
70 60 16
76 66 11
31 21 31
16 6 31
29 19 31
17 7 31
38 28 31
64 54 21
60 50 25
33 23 31
63 53 22
67 57 18
67 57 18
39 29 31
38 28 31
62 52 23
53 43 31
58 48 27
67 57 18
37 27 31
56 46 29
47 37 30
29 19 30
38 28 30
76 66 11
56 46 29
77 67 10
18 8 30
40 30 30
19 9 30
60 50 25
65 55 20
49 39 30
40 30 30
72 62 14
79 69 9
76 66 11
69 59 16
33 23 30
76 66 11
72 62 14
40 30 30
46 36 30
43 33 30
64 54 21
38 28 30
66 56 19
75 65 12
70 60 16
14 4 30
73 63 13
65 55 20
67 57 18
72 62 14
66 56 19
66 56 19
22 12 30
69 59 16
72 62 14
59 49 26
27 17 30
58 48 27
57 47 28
77 67 10
72 62 14
11 1 30
75 65 12
16 6 29
23 13 29
80 70 9
38 28 29
55 45 29
41 31 29
67 57 18
23 13 29
66 56 19
65 55 20
62 52 23
45 35 29
62 52 23
54 44 29
69 59 16
35 25 29
53 43 29
31 21 29
76 66 11
64 54 21
50 40 29
24 14 29
71 61 15
73 63 13
60 50 25
74 64 12
71 61 15
18 8 29
39 29 29
31 21 29
79 69 9
23 13 29
35 25 29
20 10 29
71 61 15
70 60 16
52 42 29
65 55 20
56 46 29
78 68 10
55 45 29
72 62 14
26 16 29
70 60 16
51 41 29
66 56 19
54 44 29
60 50 25
66 56 19
75 65 12
37 27 29
74 64 12
59 49 26
69 59 16
65 55 20
80 70 9
48 38 29
33 23 29
69 59 16
66 56 19
69 59 16
30 20 29
69 59 16
59 49 26
62 52 23
57 47 28
56 46 28
58 48 27
45 35 28
15 5 28
66 56 19
50 40 28
81 71 8
80 70 9
64 54 21
19 9 28
63 53 22
80 70 9
30 20 28
24 14 28
81 71 8
63 53 22
56 46 28
51 41 28
65 55 20
33 23 28
38 28 28
80 70 9
67 57 18
53 43 28
12 2 28
78 68 10
70 60 16
81 71 8
12 2 28
19 9 28
73 63 13
32 22 28
56 46 28
50 40 28
20 10 28
62 52 23
70 60 16
44 34 28
36 26 28
48 38 28
34 24 28
33 23 28
55 45 28
19 9 28
13 3 28
32 22 28
47 37 28
68 58 17
55 45 27
82 72 7
75 65 12
73 63 13
79 69 9
72 62 14
78 68 10
36 26 27
64 54 21
60 50 25
73 63 13
25 15 27
79 69 9
32 22 27
76 66 11
32 22 27
73 63 13
18 8 27
72 62 14
31 21 27
77 67 10
74 64 12
49 39 27
60 50 25
67 57 18
50 40 27
12 2 27
71 61 15
35 25 27
78 68 10
61 51 24
75 65 12
28 18 27
15 5 27
81 71 8
26 16 27
51 41 27
47 37 27
31 21 27
31 21 27
30 20 27
77 67 10
58 48 27
80 70 9
29 19 27
22 12 27
32 22 27
24 14 27
80 70 9
82 72 7
40 30 27
47 37 27
76 66 11
43 33 27
55 45 27
51 41 27
29 19 27
73 63 13
46 36 27
60 50 25
57 47 26
55 45 26
51 41 26
57 47 26
50 40 26
63 53 22
18 8 26
63 53 22
69 59 16
69 59 16
27 17 26
80 70 9
68 58 17
50 40 26
12 2 26
16 6 26
80 70 9
46 36 26
80 70 9
54 44 26
61 51 24
45 35 26
76 66 11
33 23 26
22 12 26
79 69 9
69 59 16
40 30 26
59 49 26
18 8 26
48 38 26
46 36 26
25 15 26
38 28 26
81 71 8
51 41 26
59 49 26
41 31 26
14 4 26
79 69 9
29 19 26
64 54 21
13 3 26
54 44 26
77 67 10
47 37 26
79 69 9
23 13 26
83 73 7
30 20 26
71 61 15
79 69 9
74 64 12
27 17 26
21 11 26
23 13 26
75 65 12
50 40 26
63 53 22
56 46 26
36 26 26
22 12 26
82 72 7
36 26 25
40 30 25
18 8 25
64 54 21
40 30 25
48 38 25
83 73 7
33 23 25
75 65 12
40 30 25
79 69 9
82 72 7
79 69 9
58 48 25
13 3 25
19 9 25
83 73 7
50 40 25
52 42 25
53 43 25
57 47 25
79 69 9
55 45 25
33 23 25
81 71 8
78 68 10
61 51 24
22 12 25
62 52 23
70 60 16
33 23 25
80 70 9
24 14 25
40 30 25
79 69 9
81 71 8
23 13 25
75 65 12
46 36 25
72 62 14
60 50 25
42 32 25
54 44 25
42 32 25
68 58 17
33 23 25
58 48 25
76 66 11
76 66 11
35 25 25
50 40 25
48 38 25
84 74 6
62 52 23
32 22 25
79 69 9
72 62 14
39 29 25
68 58 17
45 35 25
32 22 25
52 42 25
63 53 22
74 64 12
52 42 25
75 65 12
82 72 7
67 57 18
69 59 16
23 13 25
55 45 25
45 35 25
20 10 24
80 70 9
37 27 24
41 31 24
50 40 24
50 40 24
59 49 24
76 66 11
66 56 19
79 69 9
59 49 24
23 13 24
79 69 9
28 18 24
16 6 24
61 51 24
82 72 7
68 58 17
83 73 7
21 11 24
79 69 9
43 33 24
36 26 24
23 13 24
64 54 21
71 61 15
53 43 24
81 71 8
83 73 7
45 35 24
68 58 17
50 40 24
63 53 22
78 68 10
40 30 24
48 38 24
70 60 16
47 37 24
52 42 24
46 36 24
56 46 24
80 70 9
20 10 24
63 53 22
68 58 17
22 12 24
35 25 24
77 67 10
65 55 20
55 45 24
65 55 20
21 11 24
83 73 7
72 62 14
53 43 24
18 8 24
31 21 24
80 70 9
49 39 24
82 72 7
59 49 24
11 1 24
39 29 24
75 65 12
44 34 24
64 54 21
29 19 24
45 35 24
79 69 9
53 43 24
73 63 13
72 62 14
66 56 19
24 14 24
21 11 24
53 43 23
64 54 21
66 56 19
39 29 23
71 61 15
70 60 16
81 71 8
65 55 20
50 40 23
57 47 23
65 55 20
63 53 22
69 59 16
29 19 23
22 12 23
26 16 23
68 58 17
44 34 23
79 69 9
17 7 23
70 60 16
47 37 23
51 41 23
58 48 23
70 60 16
50 40 23
73 63 13
79 69 9
19 9 23
39 29 23
71 61 15
55 45 23
60 50 23
70 60 16
56 46 23
67 57 18
20 10 23
85 75 6
81 71 8
55 45 23
21 11 23
80 70 9
64 54 21
35 25 23
51 41 23
31 21 23
28 18 23
47 37 23
48 38 23
79 69 9
53 43 23
69 59 16
84 74 6
71 61 15
86 76 5
36 26 23
82 72 7
60 50 23
59 49 23
78 68 10
14 4 23
39 29 23
44 34 23
40 30 23
86 76 5
23 13 23
82 72 7
75 65 12
35 25 23
22 12 22
70 60 16
29 19 22
76 66 11
69 59 16
27 17 22
64 54 21
14 4 22
50 40 22
31 21 22
81 71 8
24 14 22
77 67 10
39 29 22
86 76 5
52 42 22
27 17 22
36 26 22
35 25 22
41 31 22
30 20 22
46 36 22
70 60 16
71 61 15
61 51 22
50 40 22
65 55 20
85 75 6
80 70 9
20 10 22
82 72 7
81 71 8
58 48 22
17 7 22
48 38 22
72 62 14
59 49 22
42 32 22
15 5 22
68 58 17
67 57 18
81 71 8
77 67 10
87 77 5
69 59 16
37 27 22
47 37 22
59 49 22
80 70 9
75 65 12
69 59 16
86 76 5
71 61 15
87 77 5
87 77 5
64 54 21
36 26 22
73 63 13
83 73 7
31 21 22
71 61 15
68 58 17
17 7 22
41 31 22
56 46 22
50 40 22
77 67 10
80 70 9
86 76 5
77 67 10
63 53 22
67 57 18
55 45 22
62 52 22
41 31 22
85 75 6
78 68 10
87 77 5
81 71 8
72 62 14
15 5 21
85 75 6
47 37 21
78 68 10
60 50 21
67 57 18
54 44 21
63 53 21
34 24 21
85 75 6
77 67 10
76 66 11
85 75 6
74 64 12
84 74 6
69 59 16
64 54 21
22 12 21
30 20 21
21 11 21
84 74 6
75 65 12
32 22 21
88 78 4
78 68 10
64 54 21
56 46 21
26 16 21
14 4 21
85 75 6
61 51 21
81 71 8
61 51 21
66 56 19
72 62 14
82 72 7
79 69 9
80 70 9
26 16 21
19 9 21
80 70 9
75 65 12
15 5 21
65 55 20
65 55 20
84 74 6
78 68 10
55 45 21
71 61 15
39 29 21
24 14 21
88 78 4
47 37 21
55 45 21
87 77 5
70 60 16
39 29 21
24 14 21
65 55 20
78 68 10
30 20 21
33 23 21
33 23 21
79 69 9
77 67 10
60 50 21
72 62 14
71 61 15
69 59 16
60 50 21
18 8 21
73 63 13
67 57 18
80 70 9
71 61 15
31 21 21
67 57 18
47 37 21
30 20 21
42 32 21
16 6 21
31 21 21
21 11 21
39 29 21
84 74 6
83 73 7
65 55 20
79 69 9
64 54 21
86 76 5
83 73 7
89 79 4
75 65 12
64 54 20
70 60 16
22 12 20
36 26 20
69 59 16
83 73 7
33 23 20
89 79 4
81 71 8
67 57 18
66 56 19
62 52 20
57 47 20
50 40 20
17 7 20
82 72 7
25 15 20
40 30 20
86 76 5
65 55 20
32 22 20
28 18 20
86 76 5
78 68 10
77 67 10
85 75 6
18 8 20
73 63 13
25 15 20
61 51 20
89 79 4
86 76 5
83 73 7
22 12 20
88 78 4
79 69 9
89 79 4
80 70 9
73 63 13
83 73 7
85 75 6
11 1 20
88 78 4
25 15 20
79 69 9
56 46 20
71 61 15
71 61 15
35 25 20
50 40 20
37 27 20
85 75 6
61 51 20
85 75 6
14 4 20
80 70 9
45 35 20
13 3 20
75 65 12
77 67 10
79 69 9
82 72 7
53 43 20
77 67 10
77 67 10
19 9 20
26 16 20
75 65 12
74 64 12
74 64 12
25 15 20
64 54 20
56 46 20
20 10 20
56 46 20
85 75 6
78 68 10
51 41 20
45 35 20
72 62 14
86 76 5
79 69 9
78 68 10
23 13 19
70 60 16
82 72 7
66 56 19
80 70 9
19 9 19
71 61 15
25 15 19
32 22 19
76 66 11
81 71 8
27 17 19
36 26 19
78 68 10
27 17 19
66 56 19
38 28 19
38 28 19
32 22 19
14 4 19
49 39 19
66 56 19
55 45 19
78 68 10
26 16 19
35 25 19
88 78 4
89 79 4
58 48 19
74 64 12
56 46 19
61 51 19
78 68 10
64 54 19
71 61 15
20 10 19
90 80 4
47 37 19
70 60 16
33 23 19
14 4 19
77 67 10
79 69 9
89 79 4
80 70 9
84 74 6
33 23 19
90 80 4
67 57 18
87 77 5
19 9 19
89 79 4
61 51 19
67 57 18
86 76 5
86 76 5
47 37 19
88 78 4
38 28 19
81 71 8
72 62 14
48 38 19
49 39 19
76 66 11
76 66 11
39 29 19
75 65 12
63 53 19
75 65 12
37 27 19
82 72 7
78 68 10
21 11 18
19 9 18
68 58 17
91 81 3
90 80 4
11 1 18
66 56 18
69 59 16
63 53 18
91 81 3
19 9 18
30 20 18
53 43 18
58 48 18
56 46 18
55 45 18
59 49 18
58 48 18
81 71 8
66 56 18
12 2 18
48 38 18
46 36 18
75 65 12
41 31 18
86 76 5
16 6 18
40 30 18
80 70 9
41 31 18
80 70 9
78 68 10
84 74 6
83 73 7
69 59 16
83 73 7
53 43 18
16 6 18
24 14 18
51 41 18
51 41 18
43 33 18
32 22 18
85 75 6
90 80 4
65 55 18
79 69 9
68 58 17
52 42 18
64 54 18
55 45 18
50 40 18
61 51 18
87 77 5
91 81 3
54 44 18
91 81 3
89 79 4
31 21 18
13 3 18
24 14 18
77 67 10
24 14 18
74 64 12
43 33 18
42 32 18
38 28 18
86 76 5
77 67 10
69 59 16
61 51 18
34 24 18
69 59 16
77 67 10
59 49 18
29 19 18
75 65 12
68 58 17
75 65 12
62 52 18
87 77 5
87 77 5
91 81 3
88 78 4
72 62 14
45 35 18
88 78 4
85 75 6
85 75 6
58 48 18
27 17 18
81 71 8
66 56 18
79 69 9
63 53 17
31 21 17
48 38 17
50 40 17
78 68 10
25 15 17
92 82 3
90 80 4
17 7 17
89 79 4
57 47 17
38 28 17
29 19 17
89 79 4
53 43 17
70 60 16
87 77 5
43 33 17
79 69 9
92 82 3
62 52 17
84 74 6
92 82 3
88 78 4
41 31 17
64 54 17
37 27 17
84 74 6
37 27 17
87 77 5
13 3 17
86 76 5
78 68 10
29 19 17
90 80 4
62 52 17
87 77 5
39 29 17
67 57 17
76 66 11
76 66 11
77 67 10
39 29 17
87 77 5
47 37 17
40 30 17
26 16 17
92 82 3
41 31 17
78 68 10
92 82 3
11 1 17
87 77 5
88 78 4
78 68 10
86 76 5
36 26 17
79 69 9
91 81 3
72 62 14
91 81 3
62 52 17
73 63 13
53 43 17
43 33 17
58 48 17
56 46 17
91 81 3
60 50 17
82 72 7
75 65 12
89 79 4
72 62 14
30 20 16
66 56 16
28 18 16
39 29 16
16 6 16
47 37 16
27 17 16
80 70 9
64 54 16
78 68 10
48 38 16
90 80 4
62 52 16
83 73 7
47 37 16
13 3 16
93 83 2
78 68 10
74 64 12
79 69 9
83 73 7
41 31 16
81 71 8
90 80 4
34 24 16
51 41 16
84 74 6
67 57 16
85 75 6
47 37 16
74 64 12
50 40 16
81 71 8
86 76 5
17 7 16
42 32 16
27 17 16
85 75 6
55 45 16
93 83 2
19 9 16
85 75 6
73 63 13
69 59 16
83 73 7
69 59 16
82 72 7
88 78 4
87 77 5
85 75 6
80 70 9
66 56 16
83 73 7
12 2 16
71 61 15
85 75 6
78 68 10
63 53 16
65 55 16
45 35 16
81 71 8
86 76 5
81 71 8
74 64 12
92 82 3
89 79 4
64 54 16
75 65 12
79 69 9
56 46 16
29 19 16
86 76 5
49 39 16
92 82 3
57 47 16
73 63 13
56 46 16
52 42 16
33 23 16
39 29 16
35 25 16
91 81 3
17 7 16
76 66 11
73 63 13
22 12 16
77 67 10
87 77 5
71 61 15
79 69 9
51 41 16
76 66 11
39 29 15
86 76 5
53 43 15
89 79 4
11 1 15
68 58 15
70 60 15
82 72 7
80 70 9
79 69 9
41 31 15
24 14 15
85 75 6
59 49 15
34 24 15
24 14 15
56 46 15
77 67 10
41 31 15
61 51 15
23 13 15
90 80 4
68 58 15
76 66 11
65 55 15
16 6 15
92 82 3
65 55 15
57 47 15
86 76 5
17 7 15
93 83 2
91 81 3
90 80 4
49 39 15
65 55 15
85 75 6
33 23 15
84 74 6
33 23 15
78 68 10
22 12 15
62 52 15
92 82 3
52 42 15
79 69 9
94 84 2
67 57 15
80 70 9
87 77 5
94 84 2
79 69 9
36 26 15
55 45 15
71 61 15
86 76 5
59 49 15
64 54 15
81 71 8
62 52 15
53 43 15
43 33 15
92 82 3
89 79 4
65 55 15
85 75 6
51 41 15
42 32 15
30 20 15
67 57 15
53 43 15
25 15 15
92 82 3
30 20 15
44 34 15
59 49 15
28 18 15
57 47 15
88 78 4
20 10 15
58 48 15
90 80 4
37 27 15
90 80 4
75 65 12
79 69 9
78 68 10
79 69 9
48 38 15
88 78 4
81 71 8
92 82 3
79 69 9
94 84 2
80 70 9
65 55 14
76 66 11
52 42 14
90 80 4
91 81 3
52 42 14
84 74 6
68 58 14
79 69 9
81 71 8
74 64 12
18 8 14
44 34 14
92 82 3
77 67 10
87 77 5
71 61 14
78 68 10
34 24 14
73 63 13
93 83 2
84 74 6
89 79 4
83 73 7
66 56 14
81 71 8
72 62 14
18 8 14
28 18 14
71 61 14
94 84 2
89 79 4
12 2 14
72 62 14
86 76 5
90 80 4
86 76 5
63 53 14
92 82 3
91 81 3
86 76 5
68 58 14
76 66 11
35 25 14
34 24 14
90 80 4
74 64 12
49 39 14
86 76 5
71 61 14
95 85 2
83 73 7
94 84 2
87 77 5
12 2 14
89 79 4
80 70 9
94 84 2
56 46 14
62 52 14
24 14 14
93 83 2
16 6 14
76 66 11
62 52 14
77 67 10
76 66 11
90 80 4
93 83 2
61 51 14
60 50 14
35 25 14
12 2 14
60 50 14
43 33 14
32 22 14
47 37 14
85 75 6
79 69 9
93 83 2
28 18 14
13 3 14
77 67 10
16 6 14
76 66 11
36 26 14
69 59 14
70 60 14
29 19 14
76 66 11
51 41 14
93 83 2
40 30 14
77 67 10
84 74 6
94 84 2
95 85 2
21 11 14
89 79 4
46 36 14
75 65 12
84 74 6
61 51 14
90 80 4
46 36 14
72 62 14
49 39 13
28 18 13
91 81 3
42 32 13
73 63 13
87 77 5
64 54 13
93 83 2
40 30 13
77 67 10
78 68 10
94 84 2
72 62 13
88 78 4
38 28 13
93 83 2
46 36 13
11 1 13
94 84 2
46 36 13
46 36 13
96 86 1
95 85 2
93 83 2
86 76 5
69 59 13
75 65 12
91 81 3
40 30 13
66 56 13
21 11 13
87 77 5
90 80 4
96 86 1
86 76 5
87 77 5
81 71 8
15 5 13
81 71 8
44 34 13
64 54 13
62 52 13
96 86 1
95 85 2
80 70 9
90 80 4
87 77 5
25 15 13
91 81 3
84 74 6
80 70 9
76 66 11
91 81 3
60 50 13
94 84 2
27 17 13
87 77 5
77 67 10
94 84 2
75 65 12
87 77 5
13 3 13
35 25 13
50 40 13
66 56 13
86 76 5
43 33 13
33 23 13
89 79 4
40 30 13
84 74 6
92 82 3
72 62 13
90 80 4
64 54 13
87 77 5
17 7 13
74 64 12
72 62 13
53 43 13
81 71 8
94 84 2
94 84 2
89 79 4
93 83 2
96 86 1
22 12 13
67 57 13
67 57 13
94 84 2
91 81 3
70 60 13
84 74 6
54 44 12
35 25 12
80 70 9
73 63 12
22 12 12
78 68 10
97 87 1
32 22 12
73 63 12
70 60 12
87 77 5
84 74 6
85 75 6
95 85 2
82 72 7
30 20 12
96 86 1
56 46 12
87 77 5
81 71 8
89 79 4
20 10 12
94 84 2
65 55 12
86 76 5
64 54 12
93 83 2
52 42 12
85 75 6
28 18 12
83 73 7
13 3 12
96 86 1
97 87 1
32 22 12
88 78 4
60 50 12
83 73 7
81 71 8
55 45 12
95 85 2
38 28 12
94 84 2
84 74 6
72 62 12
14 4 12
42 32 12
38 28 12
31 21 12
95 85 2
91 81 3
65 55 12
86 76 5
40 30 12
31 21 12
92 82 3
70 60 12
56 46 12
67 57 12
41 31 12
51 41 12
50 40 12
86 76 5
62 52 12
92 82 3
92 82 3
42 32 12
95 85 2
94 84 2
96 86 1
93 83 2
62 52 12
65 55 12
73 63 12
48 38 12
39 29 12
96 86 1
40 30 12
72 62 12
27 17 12
94 84 2
66 56 12
28 18 12
97 87 1
71 61 12
72 62 12
97 87 1
58 48 12
82 72 7
80 70 9
20 10 12
87 77 5
84 74 6
48 38 12
82 72 7
92 82 3
84 74 6
46 36 12
85 75 6
96 86 1
19 9 11
81 71 8
98 88 1
75 65 11
41 31 11
59 49 11
97 87 1
97 87 1
80 70 9
81 71 8
11 1 11
87 77 5
38 28 11
90 80 4
79 69 9
62 52 11
98 88 1
52 42 11
82 72 7
93 83 2
87 77 5
93 83 2
91 81 3
92 82 3
95 85 2
75 65 11
98 88 1
61 51 11
95 85 2
91 81 3
84 74 6
11 1 11
29 19 11
59 49 11
97 87 1
84 74 6
37 27 11
48 38 11
45 35 11
39 29 11
91 81 3
43 33 11
97 87 1
58 48 11
87 77 5
95 85 2
39 29 11
98 88 1
86 76 5
32 22 11
86 76 5
95 85 2
75 65 11
97 87 1
92 82 3
86 76 5
32 22 11
93 83 2
63 53 11
97 87 1
71 61 11
98 88 1
87 77 5
91 81 3
59 49 11
86 76 5
81 71 8
26 16 11
96 86 1
70 60 11
66 56 11
91 81 3
93 83 2
21 11 11
26 16 11
97 87 1
81 71 8
76 66 11
47 37 11
65 55 11
55 45 11
95 85 2
62 52 11
13 3 11
85 75 6
95 85 2
97 87 1
31 21 11
45 35 11
59 49 11
87 77 5
70 60 11
94 84 2
93 83 2
79 69 9
70 60 10
86 76 5
69 59 10
78 68 10
74 64 10
86 76 5
68 58 10
97 87 1
77 67 10
92 82 3
95 85 2
99 89 1
49 39 10
67 57 10
60 50 10
79 69 9
63 53 10
79 69 9
18 8 10
69 59 10
50 40 10
84 74 6
59 49 10
68 58 10
87 77 5
69 59 10
65 55 10
81 71 8
75 65 10
19 9 10
97 87 1
93 83 2
17 7 10
96 86 1
88 78 4
81 71 8
97 87 1
87 77 5
97 87 1
93 83 2
50 40 10
63 53 10
69 59 10
49 39 10
95 85 2
69 59 10
73 63 10
73 63 10
89 79 4
87 77 5
67 57 10
55 45 10
57 47 10
64 54 10
96 86 1
28 18 10
82 72 7
91 81 3
71 61 10
83 73 7
42 32 10
32 22 10
76 66 10
54 44 10
83 73 7
64 54 10
59 49 10
62 52 10
22 12 10
30 20 10
95 85 2
87 77 5
99 89 1
79 69 9
48 38 10
56 46 10
40 30 10
47 37 10
96 86 1
28 18 10
97 87 1
67 57 10
69 59 10
80 70 9
77 67 10
68 58 10
97 87 1
48 38 10
69 59 10
98 88 1
86 76 5
95 85 2
95 85 2
83 73 7
16 6 10
48 38 10
99 89 1
96 86 1
95 85 2
96 86 1
97 87 1
95 85 2
95 85 2
85 75 6
24 14 9
70 60 9
99 89 1
18 8 9
83 73 7
49 39 9
100 90 1
90 80 4
25 15 9
73 63 9
92 82 3
94 84 2
95 85 2
85 75 6
98 88 1
71 61 9
73 63 9
81 71 8
79 69 9
49 39 9
19 9 9
94 84 2
96 86 1
74 64 9
96 86 1
86 76 5
80 70 9
97 87 1
90 80 4
83 73 7
90 80 4
74 64 9
85 75 6
93 83 2
84 74 6
87 77 5
65 55 9
52 42 9
43 33 9
99 89 1
87 77 5
50 40 9
93 83 2
100 90 1
97 87 1
97 87 1
69 59 9
99 89 1
30 20 9
17 7 9
60 50 9
88 78 4
68 58 9
98 88 1
94 84 2
96 86 1
100 90 1
57 47 9
99 89 1
100 90 1
72 62 9
99 89 1
96 86 1
49 39 9
59 49 9
96 86 1
14 4 9
40 30 9
60 50 9
96 86 1
97 87 1
90 80 4
91 81 3
31 21 9
77 67 9
85 75 6
100 90 1
24 14 9
36 26 9
92 82 3
85 75 6
90 80 4
94 84 2
98 88 1
85 75 6
98 88 1
16 6 9
77 67 9
13 3 9
80 70 9
44 34 9
86 76 5
100 90 1
74 64 9
28 18 9
99 89 1
94 84 2
36 26 9
64 54 9
96 86 1
52 42 9
42 32 9
98 88 1
47 37 9
88 78 4
87 77 5
60 50 9
53 43 9
98 88 1
82 72 7
73 63 9
24 14 9
100 90 1
96 86 1
35 25 9
31 21 9
92 82 3
60 50 9
22 12 9
100 90 1
59 49 9
99 89 1
13 3 9
92 82 3
98 88 1
99 89 1
52 42 9
73 63 9
84 74 6
93 83 2
35 25 9
72 62 9
77 67 9
78 68 8
94 84 2
87 77 5
52 42 8
80 70 8
100 90 1
101 91 0
84 74 6
88 78 4
76 66 8
83 73 7
72 62 8
63 53 8
92 82 3
19 9 8
100 90 1
95 85 2
100 90 1
82 72 7
35 25 8
55 45 8
91 81 3
91 81 3
72 62 8
79 69 8
64 54 8
89 79 4
69 59 8
80 70 8
62 52 8
40 30 8
90 80 4
100 90 1
54 44 8
52 42 8
50 40 8
91 81 3
79 69 8
67 57 8
87 77 5
101 91 0
88 78 4
85 75 6
49 39 8
96 86 1
100 90 1
97 87 1
85 75 6
59 49 8
80 70 8
87 77 5
96 86 1
87 77 5
48 38 8
47 37 8
55 45 8
12 2 8
94 84 2
99 89 1
74 64 8
90 80 4
101 91 0
80 70 8
67 57 8
50 40 8
53 43 8
83 73 7
87 77 5
48 38 8
101 91 0
99 89 1
45 35 8
88 78 4
46 36 8
30 20 8
98 88 1
53 43 8
78 68 8
96 86 1
101 91 0
36 26 8
97 87 1
98 88 1
64 54 8
87 77 5
100 90 1
96 86 1
96 86 1
40 30 8
101 91 0
46 36 8
79 69 8
101 91 0
101 91 0
101 91 0
62 52 8
84 74 6
100 90 1
64 54 8
85 75 6
67 57 8
44 34 8
87 77 5
31 21 8
82 72 7
56 46 8
83 73 7
100 90 1
86 76 5
99 89 1
83 73 7
100 90 1
74 64 8
90 80 4
101 91 0
98 88 1
100 90 1
96 86 1
101 91 0
96 86 1
101 91 0
30 20 7
74 64 7
99 89 1
38 28 7
83 73 7
80 70 7
30 20 7
92 82 3
91 81 3
80 70 7
98 88 1
83 73 7
47 37 7
73 63 7
45 35 7
22 12 7
44 34 7
70 60 7
55 45 7
86 76 5
101 91 0
72 62 7
100 90 1
96 86 1
30 20 7
72 62 7
45 35 7
99 89 1
64 54 7
98 88 1
91 81 3
66 56 7
101 91 0
91 81 3
102 92 0
100 90 1
33 23 7
102 92 0
66 56 7
96 86 1
67 57 7
26 16 7
94 84 2
38 28 7
95 85 2
102 92 0
96 86 1
48 38 7
92 82 3
24 14 7
99 89 1
44 34 7
102 92 0
98 88 1
80 70 7
68 58 7
71 61 7
99 89 1
101 91 0
98 88 1
94 84 2
86 76 5
55 45 7
52 42 7
24 14 7
93 83 2
67 57 7
96 86 1
97 87 1
71 61 7
88 78 4
98 88 1
91 81 3
101 91 0
76 66 7
100 90 1
89 79 4
100 90 1
23 13 7
59 49 7
30 20 7
84 74 6
94 84 2
57 47 7
64 54 7
62 52 7
33 23 7
87 77 5
57 47 7
17 7 7
60 50 7
91 81 3
99 89 1
90 80 4
81 71 7
82 72 7
98 88 1
95 85 2
48 38 7
65 55 7
102 92 0
96 86 1
42 32 7
51 41 7
92 82 3
88 78 4
94 84 2
63 53 7
65 55 7
80 70 7
94 84 2
76 66 7
96 86 1
65 55 7
41 31 7
90 80 4
92 82 3
26 16 7
85 75 6
56 46 7
95 85 2
98 88 1
92 82 3
80 70 7
69 59 7
62 52 7
87 77 5
89 79 4
95 85 2
69 59 7
50 40 7
79 69 7
90 80 4
101 91 0
72 62 7
97 87 1
81 71 7
100 90 1
82 72 6
51 41 6
75 65 6
103 93 0
70 60 6
33 23 6
32 22 6
103 93 0
103 93 0
87 77 5
58 48 6
88 78 4
84 74 6
30 20 6
95 85 2
77 67 6
31 21 6
66 56 6
28 18 6
65 55 6
103 93 0
100 90 1
31 21 6
93 83 2
63 53 6
44 34 6
40 30 6
36 26 6
81 71 6
88 78 4
100 90 1
81 71 6
102 92 0
77 67 6
84 74 6
48 38 6
24 14 6
98 88 1
92 82 3
98 88 1
101 91 0
97 87 1
76 66 6
103 93 0
97 87 1
92 82 3
68 58 6
81 71 6
79 69 6
91 81 3
77 67 6
52 42 6
89 79 4
102 92 0
93 83 2
97 87 1
97 87 1
37 27 6
12 2 6
90 80 4
93 83 2
96 86 1
81 71 6
78 68 6
93 83 2
39 29 6
75 65 6
86 76 5
87 77 5
66 56 6
92 82 3
73 63 6
62 52 6
79 69 6
103 93 0
76 66 6
70 60 6
91 81 3
66 56 6
91 81 3
91 81 3
40 30 6
85 75 6
20 10 6
103 93 0
102 92 0
70 60 6
80 70 6
102 92 0
95 85 2
80 70 6
38 28 6
71 61 6
49 39 6
61 51 6
81 71 6
76 66 6
53 43 6
102 92 0
64 54 6
101 91 0
27 17 6
82 72 6
84 74 6
73 63 6
101 91 0
103 93 0
61 51 6
82 72 6
92 82 3
70 60 6
83 73 6
99 89 1
101 91 0
38 28 6
94 84 2
98 88 1
92 82 3
37 27 6
83 73 6
42 32 6
99 89 1
67 57 6
84 74 6
93 83 2
98 88 1
28 18 6
23 13 6
49 39 6
85 75 6
41 31 6
99 89 1
89 79 4
87 77 5
97 87 1
51 41 6
77 67 6
64 54 6
103 93 0
99 89 1
99 89 1
29 19 6
66 56 6
78 68 6
41 31 6
87 77 5
94 84 2
73 63 6
96 86 1
101 91 0
90 80 4
90 80 4
82 72 5
102 92 0
89 79 4
101 91 0
26 16 5
102 92 0
103 93 0
99 89 1
90 80 4
45 35 5
100 90 1
70 60 5
70 60 5
96 86 1
103 93 0
75 65 5
39 29 5
104 94 0
91 81 3
104 94 0
49 39 5
91 81 3
44 34 5
31 21 5
90 80 4
80 70 5
30 20 5
94 84 2
102 92 0
93 83 2
103 93 0
98 88 1
98 88 1
69 59 5
68 58 5
79 69 5
68 58 5
104 94 0
39 29 5
101 91 0
104 94 0
101 91 0
101 91 0
104 94 0
101 91 0
99 89 1
101 91 0
83 73 5
96 86 1
99 89 1
98 88 1
104 94 0
80 70 5
97 87 1
97 87 1
100 90 1
95 85 2
97 87 1
86 76 5
30 20 5
40 30 5
72 62 5
36 26 5
80 70 5
70 60 5
103 93 0
60 50 5
41 31 5
104 94 0
81 71 5
101 91 0
104 94 0
38 28 5
40 30 5
35 25 5
102 92 0
41 31 5
98 88 1
84 74 5
96 86 1
80 70 5
73 63 5
97 87 1
101 91 0
67 57 5
30 20 5
104 94 0
30 20 5
95 85 2
63 53 5
80 70 5
71 61 5
102 92 0
83 73 5
97 87 1
104 94 0
51 41 5
39 29 5
33 23 5
26 16 5
78 68 5
15 5 5
102 92 0
91 81 3
104 94 0
101 91 0
98 88 1
17 7 5
61 51 5
90 80 4
101 91 0
65 55 5
93 83 2
59 49 5
86 76 5
48 38 5
102 92 0
39 29 5
78 68 5
84 74 5
61 51 5
81 71 5
96 86 1
83 73 5
100 90 1
73 63 5
97 87 1
96 86 1
96 86 1
101 91 0
43 33 5
100 90 1
95 85 2
102 92 0
101 91 0
57 47 5
78 68 5
23 13 5
98 88 1
19 9 5
66 56 5
69 59 5
24 14 5
60 50 5
52 42 5
84 74 5
90 80 4
68 58 5
95 85 2
41 31 4
53 43 4
24 14 4
28 18 4
91 81 3
104 94 0
88 78 4
31 21 4
83 73 4
74 64 4
75 65 4
101 91 0
104 94 0
73 63 4
99 89 1
104 94 0
96 86 1
97 87 1
53 43 4
92 82 3
93 83 2
80 70 4
104 94 0
101 91 0
91 81 3
103 93 0
97 87 1
94 84 2
105 95 0
70 60 4
78 68 4
86 76 4
102 92 0
80 70 4
23 13 4
104 94 0
105 95 0
53 43 4
92 82 3
97 87 1
70 60 4
98 88 1
76 66 4
32 22 4
38 28 4
102 92 0
44 34 4
72 62 4
104 94 0
99 89 1
44 34 4
104 94 0
27 17 4
62 52 4
95 85 2
98 88 1
58 48 4
21 11 4
93 83 2
100 90 1
92 82 3
34 24 4
98 88 1
98 88 1
97 87 1
56 46 4
102 92 0
12 2 4
51 41 4
61 51 4
90 80 4
104 94 0
33 23 4
50 40 4
93 83 2
51 41 4
103 93 0
11 1 4
12 2 4
103 93 0
96 86 1
43 33 4
97 87 1
77 67 4
79 69 4
35 25 4
87 77 4
92 82 3
91 81 3
102 92 0
81 71 4
83 73 4
90 80 4
66 56 4
89 79 4
26 16 4
68 58 4
99 89 1
88 78 4
102 92 0
93 83 2
103 93 0
74 64 4
98 88 1
63 53 4
94 84 2
102 92 0
86 76 4
96 86 1
105 95 0
103 93 0
103 93 0
94 84 2
102 92 0
12 2 4
56 46 4
45 35 4
72 62 4
49 39 4
66 56 4
99 89 1
104 94 0
12 2 4
91 81 3
103 93 0
96 86 1
28 18 4
105 95 0
105 95 0
64 54 4
69 59 4
32 22 4
91 81 3
25 15 4
104 94 0
80 70 4
63 53 4
93 83 2
95 85 2
103 93 0
104 94 0
45 35 4
88 78 4
101 91 0
83 73 4
30 20 4
104 94 0
66 56 3
86 76 3
103 93 0
45 35 3
96 86 1
85 75 3
105 95 0
104 94 0
17 7 3
38 28 3
84 74 3
64 54 3
70 60 3
97 87 1
106 96 0
90 80 3
102 92 0
97 87 1
104 94 0
79 69 3
84 74 3
85 75 3
100 90 1
77 67 3
105 95 0
94 84 2
91 81 3
79 69 3
94 84 2
87 77 3
106 96 0
40 30 3
96 86 1
41 31 3
71 61 3
106 96 0
75 65 3
16 6 3
99 89 1
12 2 3
90 80 3
90 80 3
90 80 3
102 92 0
101 91 0
103 93 0
106 96 0
51 41 3
84 74 3
47 37 3
71 61 3
106 96 0
72 62 3
106 96 0
72 62 3
45 35 3
91 81 3
57 47 3
70 60 3
100 90 1
91 81 3
40 30 3
15 5 3
58 48 3
12 2 3
83 73 3
104 94 0
56 46 3
37 27 3
77 67 3
95 85 2
50 40 3
79 69 3
105 95 0
103 93 0
104 94 0
68 58 3
94 84 2
93 83 2
106 96 0
30 20 3
105 95 0
88 78 3
91 81 3
94 84 2
106 96 0
59 49 3
60 50 3
100 90 1
64 54 3
96 86 1
93 83 2
15 5 3
74 64 3
106 96 0
52 42 3
73 63 3
50 40 3
88 78 3
68 58 3
98 88 1
105 95 0
74 64 3
27 17 3
101 91 0
94 84 2
56 46 3
102 92 0
96 86 1
102 92 0
103 93 0
96 86 1
104 94 0
104 94 0
79 69 3
54 44 3
99 89 1
98 88 1
74 64 3
36 26 3
81 71 3
53 43 3
105 95 0
88 78 3
71 61 3
98 88 1
30 20 3
106 96 0
91 81 3
17 7 3
106 96 0
62 52 3
105 95 0
104 94 0
104 94 0
15 5 3
105 95 0
105 95 0
102 92 0
102 92 0
74 64 3
94 84 2
105 95 0
96 86 1
96 86 1
104 94 0
81 71 3
99 89 1
77 67 3
100 90 1
80 70 3
87 77 3
88 78 3
101 91 0
102 92 0
93 83 2
99 89 1
49 39 3
89 79 3
102 92 0
105 95 0
67 57 3
100 90 1
105 95 0
106 96 0
62 52 3
78 68 3
77 67 3
92 82 3
105 95 0
94 84 2
96 86 1
70 60 3
103 93 0
87 77 3
23 13 3
93 83 2
98 88 1
75 65 3
62 52 3
106 96 0
102 92 0
56 46 3
50 40 3
97 87 1
100 90 1
86 76 3
97 87 1
84 74 3
89 79 3
15 5 3
101 91 0
87 77 3
103 93 0
105 95 0
86 76 2
107 97 0
102 92 0
106 96 0
94 84 2
103 93 0
26 16 2
101 91 0
106 96 0
89 79 2
42 32 2
88 78 2
60 50 2
70 60 2
18 8 2
107 97 0
105 95 0
91 81 2
104 94 0
100 90 1
95 85 2
97 87 1
102 92 0
105 95 0
83 73 2
104 94 0
83 73 2
72 62 2
103 93 0
85 75 2
106 96 0
79 69 2
86 76 2
89 79 2
105 95 0
105 95 0
72 62 2
91 81 2
73 63 2
104 94 0
93 83 2
51 41 2
97 87 1
105 95 0
29 19 2
75 65 2
73 63 2
47 37 2
59 49 2
99 89 1
101 91 0
96 86 1
40 30 2
104 94 0
21 11 2
85 75 2
103 93 0
38 28 2
88 78 2
106 96 0
11 1 2
99 89 1
89 79 2
74 64 2
41 31 2
100 90 1
14 4 2
33 23 2
103 93 0
102 92 0
89 79 2
104 94 0
105 95 0
69 59 2
107 97 0
34 24 2
103 93 0
79 69 2
84 74 2
106 96 0
107 97 0
101 91 0
104 94 0
104 94 0
104 94 0
11 1 2
73 63 2
101 91 0
80 70 2
101 91 0
76 66 2
85 75 2
105 95 0
106 96 0
64 54 2
91 81 2
97 87 1
107 97 0
104 94 0
106 96 0
77 67 2
78 68 2
107 97 0
105 95 0
95 85 2
96 86 1
92 82 2
107 97 0
66 56 2
101 91 0
105 95 0
89 79 2
90 80 2
99 89 1
99 89 1
74 64 2
104 94 0
19 9 2
60 50 2
107 97 0
104 94 0
24 14 2
75 65 2
87 77 2
83 73 2
105 95 0
32 22 2
24 14 2
62 52 2
87 77 2
105 95 0
41 31 2
74 64 2
83 73 2
43 33 2
104 94 0
85 75 2
93 83 2
51 41 2
39 29 2
94 84 2
107 97 0
67 57 2
104 94 0
82 72 2
27 17 2
80 70 2
107 97 0
86 76 2
93 83 2
58 48 2
90 80 2
98 88 1
91 81 2
104 94 0
78 68 2
101 91 0
91 81 2
99 89 1
91 81 2
68 58 2
72 62 1
50 40 1
102 92 0
65 55 1
106 96 0
70 60 1
102 92 0
105 95 0
65 55 1
102 92 0
47 37 1
61 51 1
91 81 1
102 92 0
104 94 0
37 27 1
106 96 0
108 98 0
58 48 1
25 15 1
92 82 1
106 96 0
38 28 1
15 5 1
62 52 1
21 11 1
105 95 0
97 87 1
44 34 1
24 14 1
84 74 1
26 16 1
57 47 1
70 60 1
81 71 1
100 90 1
108 98 0
108 98 0
107 97 0
70 60 1
99 89 1
92 82 1
92 82 1
99 89 1
102 92 0
100 90 1
94 84 1
103 93 0
41 31 1
107 97 0
107 97 0
100 90 1
37 27 1
47 37 1
99 89 1
107 97 0
105 95 0
106 96 0
55 45 1
95 85 1
108 98 0
107 97 0
108 98 0
97 87 1
22 12 1
72 62 1
94 84 1
105 95 0
94 84 1
103 93 0
107 97 0
108 98 0
43 33 1
104 94 0
106 96 0
101 91 0
105 95 0
31 21 1
34 24 1
84 74 1
107 97 0
103 93 0
105 95 0
104 94 0
65 55 1
101 91 0
95 85 1
105 95 0
91 81 1
82 72 1
108 98 0
106 96 0
64 54 1
71 61 1
94 84 1
105 95 0
106 96 0
81 71 1
103 93 0
108 98 0
53 43 1
108 98 0
61 51 1
106 96 0
108 98 0
45 35 1
62 52 1
62 52 1
97 87 1
96 86 1
105 95 0
19 9 1
87 77 1
108 98 0
100 90 1
92 82 1
95 85 1
97 87 1
46 36 1
15 5 1
100 90 1
100 90 1
20 10 1
104 94 0
44 34 1
107 97 0
104 94 0
30 20 1
108 98 0
105 95 0
107 97 0
62 52 1
108 98 0
44 34 1
68 58 1
108 98 0
86 76 1
107 97 0
107 97 0
80 70 1
105 95 0
107 97 0
91 81 1
84 74 1
51 41 1
108 98 0
88 78 1
105 95 0
94 84 1
106 96 0
107 97 0
95 85 1
102 92 0
31 21 1
102 92 0
104 94 0
82 72 1
54 44 1
76 66 1
94 84 1
95 85 1
99 89 1
108 98 0
67 57 1
76 66 1
53 43 1
73 63 1
107 97 0
78 68 1
101 91 0
108 98 0
108 98 0
33 23 1
67 57 1
99 89 1
107 97 0
106 96 0
107 97 0
79 69 1
103 93 0
84 74 1
89 79 1
104 94 0
103 93 0
72 62 1
102 92 0
102 92 0
109 99 0
110 100 0
110 100 0
110 100 0
109 99 0
80 70 0
45 35 0
80 70 0
110 100 0
109 99 0
90 80 0
57 47 0
80 70 0
109 99 0
110 100 0
109 99 0
68 58 0
108 98 0
110 100 0
107 97 0
110 100 0
26 16 0
68 58 0
109 99 0
110 100 0
89 79 0
18 8 0
109 99 0
109 99 0
110 100 0
106 96 0
81 71 0
66 56 0
95 85 0
69 59 0
95 85 0
64 54 0
70 60 0
103 93 0
109 99 0
110 100 0
41 31 0
110 100 0
101 91 0
99 89 0
110 100 0
96 86 0
108 98 0
106 96 0
34 24 0
107 97 0
109 99 0
110 100 0
68 58 0
98 88 0
83 73 0
109 99 0
82 72 0
106 96 0
108 98 0
106 96 0
103 93 0
109 99 0
109 99 0
105 95 0
99 89 0
109 99 0
30 20 0
89 79 0
108 98 0
104 94 0
106 96 0
105 95 0
109 99 0
109 99 0
53 43 0
109 99 0
110 100 0
109 99 0
109 99 0
103 93 0
101 91 0
109 99 0
75 65 0
47 37 0
51 41 0
106 96 0
84 74 0
38 28 0
110 100 0
110 100 0
107 97 0
110 100 0
109 99 0
106 96 0
108 98 0
108 98 0
110 100 0
108 98 0
109 99 0
54 44 0
104 94 0
107 97 0
102 92 0
104 94 0
107 97 0
89 79 0
109 99 0
109 99 0
108 98 0
106 96 0
106 96 0
108 98 0
105 95 0
64 54 0
110 100 0
40 30 0
107 97 0
104 94 0
110 100 0
99 89 0
29 19 0
65 55 0
99 89 0
108 98 0
110 100 0
105 95 0
59 49 0
67 57 0
45 35 0
109 99 0
109 99 0
109 99 0
87 77 0
110 100 0
110 100 0
48 38 0
30 20 0
109 99 0
13 3 0
108 98 0
108 98 0
73 63 0
92 82 0
49 39 0
110 100 0
35 25 0
110 100 0
108 98 0
95 85 0
108 98 0
49 39 0
109 99 0
110 100 0
48 38 0
106 96 0
110 100 0
29 19 0
106 96 0
69 59 0
108 98 0
33 23 0
109 99 0
70 60 0
107 97 0
104 94 0
110 100 0
107 97 0
93 83 0
109 99 0
39 29 0
109 99 0
106 96 0
109 99 0
99 89 0
110 100 0
110 100 0
77 67 0
107 97 0
110 100 0
79 69 0
109 99 0
110 100 0
108 98 0
33 23 0
108 98 0
73 63 0
26 16 0
99 89 0
109 99 0
110 100 0
61 51 0
97 87 0
107 97 0
110 100 0
106 96 0
95 85 0
24 14 0
71 61 0
104 94 0
110 100 0
101 91 0
108 98 0
74 64 0
101 91 0
32 22 0
69 59 0
110 100 0
28 18 0
90 80 0
50 40 0
110 100 0
110 100 0
101 91 0
109 99 0
104 94 0
95 85 0
104 94 0
109 99 0
106 96 0
106 96 0
91 81 0
59 49 0
95 85 0
103 93 0
86 76 0
110 100 0
109 99 0
104 94 0
90 80 0
52 42 0
25 15 0
69 59 0
110 100 0
96 86 0
109 99 0
62 52 0
103 93 0
110 100 0
68 58 0
71 61 0
106 96 0
110 100 0
33 23 0
103 93 0
99 89 0
108 98 0
108 98 0
103 93 0
110 100 0
107 97 0
67 57 0
101 91 0
106 96 0
14 4 0
101 91 0
109 99 0
102 92 0
109 99 0
91 81 0
107 97 0
48 38 0
105 95 0
110 100 0
93 83 0
79 69 0
107 97 0
88 78 0
107 97 0
107 97 0
109 99 0
109 99 0
97 87 0
71 61 0
41 31 0
102 92 0
108 98 0
107 97 0
108 98 0
99 89 0
100 90 0
19 9 0
109 99 0
61 51 0
106 96 0
108 98 0
60 50 0
100 90 0
95 85 0
71 61 0
101 91 0
109 99 0
108 98 0
105 95 0
108 98 0
109 99 0
107 97 0
62 52 0
107 97 0
109 99 0
106 96 0
80 70 0
28 18 0
50 40 0
104 94 0
110 100 0
104 94 0
105 95 0
110 100 0
108 98 0
110 100 0
93 83 0
51 41 0
109 99 0
72 62 0
