5000 5000 4.3589
37 537 4445
11 511 4441
80 580 4345
121 621 4325
187 687 4300
23 523 4280
121 621 4277
206 706 4258
45 545 4237
178 678 4228
249 749 4198
212 712 4189
129 629 4157
298 798 4141
3 503 4136
58 558 4131
92 592 4128
326 826 4119
369 869 4105
192 692 4105
37 537 4096
276 776 4095
19 519 4082
306 806 4081
164 664 4081
46 546 4069
45 545 4069
124 624 4068
6 506 4061
203 703 4053
149 649 4039
403 903 4039
425 925 4038
163 663 4014
397 897 4014
499 999 3997
412 912 3989
203 703 3984
152 652 3982
235 735 3971
70 570 3969
165 665 3961
277 777 3955
304 804 3948
496 996 3948
258 758 3935
356 856 3935
138 638 3924
263 763 3922
378 878 3922
449 949 3905
155 655 3891
578 1078 3884
376 876 3873
420 920 3865
212 712 3865
449 949 3865
509 1009 3844
238 738 3839
665 1165 3828
496 996 3826
590 1090 3826
10 510 3819
507 1007 3815
441 941 3788
660 1160 3762
389 889 3761
542 1042 3759
545 1045 3756
155 655 3746
361 861 3743
257 757 3742
617 1117 3736
391 891 3727
752 1252 3724
1 501 3723
74 574 3723
741 1241 3718
551 1051 3707
764 1264 3707
389 889 3705
476 976 3669
95 595 3669
787 1287 3665
370 870 3663
186 686 3657
226 726 3653
842 1342 3644
427 927 3640
664 1164 3634
78 578 3632
258 758 3629
504 1004 3626
703 1203 3620
29 529 3619
344 844 3614
629 1129 3613
616 1116 3610
508 1008 3609
341 841 3594
53 553 3593
406 906 3589
609 1109 3589
123 623 3589
608 1108 3585
245 745 3583
511 1011 3577
485 985 3571
595 1095 3567
584 1084 3559
651 1151 3552
906 1406 3552
378 878 3548
841 1341 3547
376 876 3543
395 895 3540
744 1244 3538
647 1147 3535
594 1094 3527
742 1242 3516
857 1357 3508
170 670 3503
677 1177 3503
725 1225 3494
17 517 3488
841 1341 3485
154 654 3474
943 1443 3473
554 1054 3465
809 1309 3464
354 854 3461
72 572 3459
269 769 3455
155 655 3448
1025 1525 3434
620 1120 3424
235 735 3422
33 533 3420
522 1022 3412
774 1274 3410
28 528 3406
1038 1538 3404
397 897 3404
962 1462 3403
917 1417 3400
552 1052 3398
97 597 3398
463 963 3389
465 965 3380
449 949 3377
336 836 3376
924 1424 3371
231 731 3370
927 1427 3370
660 1160 3368
234 734 3368
392 892 3365
719 1219 3347
888 1388 3344
734 1234 3344
16 516 3343
440 940 3342
638 1138 3339
234 734 3332
183 683 3331
509 1009 3331
1001 1501 3329
979 1479 3327
26 526 3326
921 1421 3325
1101 1601 3321
199 699 3316
621 1121 3312
576 1076 3311
1018 1518 3310
793 1293 3310
499 999 3309
78 578 3299
1000 1500 3297
736 1236 3296
187 687 3295
457 957 3295
976 1476 3292
629 1129 3291
618 1118 3290
661 1161 3289
637 1137 3288
291 791 3287
877 1377 3287
602 1102 3287
986 1486 3279
465 965 3278
78 578 3264
459 959 3263
601 1101 3262
828 1328 3262
557 1057 3256
134 634 3249
465 965 3245
23 523 3241
1154 1654 3237
974 1474 3236
610 1110 3230
751 1251 3229
1071 1571 3229
466 966 3225
800 1300 3225
725 1225 3223
481 981 3221
762 1262 3217
953 1453 3214
430 930 3213
540 1040 3211
459 959 3211
168 668 3203
1082 1582 3197
77 577 3195
1002 1502 3195
122 622 3194
283 783 3193
978 1478 3181
600 1100 3177
1260 1760 3176
322 822 3175
413 913 3175
1032 1532 3175
912 1412 3171
887 1387 3169
237 737 3165
1122 1622 3162
1117 1617 3159
1100 1600 3158
676 1176 3145
73 573 3143
922 1422 3142
53 553 3142
232 732 3139
1230 1730 3136
226 726 3133
1003 1503 3130
483 983 3129
92 592 3126
428 928 3121
1104 1604 3121
240 740 3120
37 537 3119
1261 1761 3107
322 822 3105
1191 1691 3101
265 765 3101
905 1405 3098
107 607 3097
1175 1675 3094
1289 1789 3093
1373 1873 3091
377 877 3086
1255 1755 3081
324 824 3081
55 555 3079
250 750 3078
1340 1840 3071
1285 1785 3071
1173 1673 3071
1157 1657 3066
91 591 3058
670 1170 3056
668 1168 3056
1256 1756 3055
1072 1572 3052
1305 1805 3052
603 1103 3048
239 739 3047
1197 1697 3043
640 1140 3041
1373 1873 3035
30 530 3034
333 833 3034
122 622 3033
528 1028 3032
322 822 3027
1077 1577 3025
610 1110 3021
1469 1969 3018
87 587 3015
731 1231 3013
1323 1823 3012
887 1387 3003
876 1376 3002
204 704 3001
815 1315 2999
598 1098 2996
1039 1539 2990
225 725 2988
515 1015 2988
719 1219 2984
434 934 2981
794 1294 2971
1266 1766 2966
720 1220 2965
308 808 2962
854 1354 2960
137 637 2960
246 746 2954
170 670 2948
1092 1592 2948
268 768 2948
1305 1805 2947
408 908 2946
1150 1650 2945
1386 1886 2943
831 1331 2938
101 601 2935
358 858 2933
1403 1903 2933
6 506 2932
114 614 2929
1479 1979 2929
617 1117 2921
191 691 2915
615 1115 2915
648 1148 2911
1162 1662 2910
89 589 2903
1518 2018 2901
299 799 2900
829 1329 2900
266 766 2899
325 825 2893
1337 1837 2892
1053 1553 2892
1313 1813 2891
943 1443 2890
1318 1818 2889
1414 1914 2889
1469 1969 2888
290 790 2887
1139 1639 2884
277 777 2879
642 1142 2874
1186 1686 2870
970 1470 2869
513 1013 2867
1113 1613 2864
935 1435 2862
706 1206 2860
393 893 2854
1223 1723 2853
1024 1524 2853
324 824 2851
1025 1525 2851
148 648 2850
837 1337 2846
110 610 2846
730 1230 2842
1595 2095 2842
1421 1921 2839
598 1098 2838
1115 1615 2834
1589 2089 2834
617 1117 2830
515 1015 2828
1444 1944 2827
608 1108 2826
1197 1697 2826
76 576 2822
808 1308 2819
444 944 2816
1476 1976 2815
590 1090 2813
1385 1885 2811
1665 2165 2809
900 1400 2808
955 1455 2807
1588 2088 2803
1565 2065 2803
326 826 2799
836 1336 2797
706 1206 2796
812 1312 2796
684 1184 2795
1413 1913 2793
1248 1748 2792
510 1010 2791
1607 2107 2790
942 1442 2787
183 683 2787
1668 2168 2782
1071 1571 2780
1203 1703 2779
249 749 2778
608 1108 2777
1315 1815 2771
1701 2201 2766
346 846 2765
296 796 2764
1070 1570 2759
1370 1870 2758
1538 2038 2752
188 688 2750
1067 1567 2750
275 775 2746
1690 2190 2744
733 1233 2744
1108 1608 2742
253 753 2740
181 681 2737
403 903 2735
935 1435 2735
415 915 2735
1747 2247 2733
789 1289 2732
684 1184 2731
1712 2212 2731
1251 1751 2729
711 1211 2724
363 863 2722
1379 1879 2721
999 1499 2719
1275 1775 2716
1243 1743 2716
1665 2165 2716
553 1053 2715
1422 1922 2713
742 1242 2713
1452 1952 2712
267 767 2711
1584 2084 2709
656 1156 2709
578 1078 2708
1100 1600 2707
1258 1758 2706
62 562 2704
1593 2093 2704
433 933 2701
473 973 2698
446 946 2693
1292 1792 2680
1566 2066 2679
1299 1799 2678
698 1198 2676
1390 1890 2675
1551 2051 2674
823 1323 2672
1393 1893 2672
1787 2287 2671
417 917 2666
943 1443 2662
1763 2263 2658
35 535 2657
1511 2011 2657
1066 1566 2657
1181 1681 2655
499 999 2655
1784 2284 2654
702 1202 2654
614 1114 2653
859 1359 2652
52 552 2651
640 1140 2647
688 1188 2646
392 892 2645
1226 1726 2645
1412 1912 2644
997 1497 2643
287 787 2643
896 1396 2643
914 1414 2641
1808 2308 2640
1157 1657 2633
1711 2211 2630
1208 1708 2630
1429 1929 2629
702 1202 2628
774 1274 2628
554 1054 2628
1365 1865 2628
14 514 2628
207 707 2624
1734 2234 2623
1725 2225 2620
1844 2344 2619
1179 1679 2618
194 694 2615
1026 1526 2612
46 546 2612
306 806 2611
369 869 2610
1323 1823 2610
454 954 2610
1176 1676 2608
1344 1844 2608
405 905 2607
337 837 2599
1501 2001 2598
259 759 2598
1217 1717 2597
223 723 2595
122 622 2594
836 1336 2594
560 1060 2590
1744 2244 2589
740 1240 2587
388 888 2584
1553 2053 2579
1697 2197 2579
755 1255 2575
963 1463 2574
40 540 2573
387 887 2571
1644 2144 2571
1506 2006 2571
1199 1699 2571
1701 2201 2569
1244 1744 2566
204 704 2561
585 1085 2561
715 1215 2560
1326 1826 2560
1619 2119 2555
267 767 2551
1114 1614 2550
1872 2372 2549
299 799 2549
310 810 2546
852 1352 2541
376 876 2537
1801 2301 2532
146 646 2527
404 904 2527
1931 2431 2526
1642 2142 2524
1641 2141 2519
1954 2454 2516
1554 2054 2511
288 788 2510
807 1307 2508
759 1259 2508
144 644 2508
1110 1610 2506
1050 1550 2502
1531 2031 2500
651 1151 2499
234 734 2499
1534 2034 2498
1811 2311 2498
1712 2212 2498
978 1478 2498
1379 1879 2497
1589 2089 2496
781 1281 2496
1054 1554 2496
143 643 2493
201 701 2492
1799 2299 2490
804 1304 2488
1538 2038 2487
1813 2313 2487
1332 1832 2485
1716 2216 2483
1113 1613 2481
932 1432 2478
1988 2488 2477
1197 1697 2477
266 766 2476
1854 2354 2475
123 623 2473
1909 2409 2470
1250 1750 2467
1732 2232 2460
2028 2528 2459
344 844 2456
165 665 2453
1377 1877 2452
1915 2415 2448
1648 2148 2445
1997 2497 2444
623 1123 2444
1373 1873 2444
1224 1724 2443
860 1360 2441
1816 2316 2439
127 627 2437
121 621 2436
340 840 2436
1476 1976 2435
2060 2560 2435
1612 2112 2434
598 1098 2433
1641 2141 2432
1156 1656 2430
50 550 2428
1071 1571 2427
329 829 2426
1459 1959 2426
1116 1616 2425
740 1240 2423
1686 2186 2423
37 537 2421
280 780 2419
1374 1874 2418
1141 1641 2416
1250 1750 2409
1223 1723 2409
997 1497 2407
1400 1900 2404
615 1115 2401
1813 2313 2399
1724 2224 2397
2050 2550 2396
232 732 2396
2055 2555 2395
1737 2237 2394
195 695 2394
1943 2443 2394
226 726 2393
842 1342 2392
1652 2152 2391
931 1431 2388
1679 2179 2387
1794 2294 2382
1153 1653 2381
1542 2042 2381
183 683 2380
1063 1563 2377
619 1119 2375
1849 2349 2373
1134 1634 2371
1140 1640 2370
1132 1632 2369
1412 1912 2369
178 678 2369
427 927 2369
1394 1894 2366
1550 2050 2366
2003 2503 2366
2076 2576 2365
998 1498 2364
1238 1738 2364
521 1021 2363
1402 1902 2362
644 1144 2361
1403 1903 2361
931 1431 2358
901 1401 2358
1508 2008 2356
1917 2417 2355
641 1141 2354
1742 2242 2352
788 1288 2350
2115 2615 2350
1395 1895 2349
1868 2368 2341
1432 1932 2334
801 1301 2333
1409 1909 2331
2159 2659 2330
1635 2135 2329
709 1209 2326
211 711 2323
2123 2623 2317
1319 1819 2316
498 998 2315
518 1018 2313
1447 1947 2311
387 887 2310
423 923 2307
479 979 2307
932 1432 2305
761 1261 2304
1996 2496 2304
950 1450 2303
1908 2408 2303
1311 1811 2302
1972 2472 2299
500 1000 2298
1402 1902 2296
1136 1636 2296
452 952 2295
879 1379 2295
1585 2085 2292
393 893 2291
1228 1728 2289
87 587 2288
1016 1516 2287
308 808 2286
2094 2594 2284
2029 2529 2284
681 1181 2280
440 940 2279
1305 1805 2277
617 1117 2276
2050 2550 2276
449 949 2275
1947 2447 2274
404 904 2273
771 1271 2273
1774 2274 2273
323 823 2272
2030 2530 2272
426 926 2271
1402 1902 2271
1610 2110 2268
3 503 2267
1751 2251 2262
302 802 2261
906 1406 2261
2184 2684 2257
1007 1507 2253
1301 1801 2252
1928 2428 2250
1517 2017 2243
1674 2174 2242
1774 2274 2242
423 923 2240
28 528 2238
637 1137 2238
1954 2454 2237
234 734 2232
355 855 2229
744 1244 2229
2258 2758 2228
2201 2701 2224
826 1326 2223
1701 2201 2222
217 717 2220
474 974 2219
1340 1840 2218
963 1463 2217
1247 1747 2214
1421 1921 2214
1650 2150 2213
1789 2289 2213
2252 2752 2212
1336 1836 2212
949 1449 2212
883 1383 2211
1294 1794 2209
458 958 2205
138 638 2205
2202 2702 2200
371 871 2199
557 1057 2198
1124 1624 2196
713 1213 2193
817 1317 2192
706 1206 2190
1961 2461 2190
1200 1700 2190
266 766 2189
1903 2403 2188
2200 2700 2188
1212 1712 2188
2199 2699 2187
1234 1734 2187
1324 1824 2187
1894 2394 2185
1896 2396 2183
2008 2508 2183
949 1449 2182
1867 2367 2181
1624 2124 2178
42 542 2169
2302 2802 2169
876 1376 2168
1073 1573 2168
368 868 2165
2290 2790 2163
2258 2758 2163
913 1413 2163
2086 2586 2162
2292 2792 2161
170 670 2159
987 1487 2158
846 1346 2158
1805 2305 2158
523 1023 2156
2067 2567 2156
330 830 2155
1515 2015 2154
1578 2078 2141
439 939 2141
2229 2729 2139
1355 1855 2138
1307 1807 2138
678 1178 2137
1825 2325 2137
1854 2354 2135
2066 2566 2134
2091 2591 2133
955 1455 2131
2174 2674 2130
1341 1841 2130
575 1075 2130
644 1144 2127
2093 2593 2122
771 1271 2121
1741 2241 2120
788 1288 2120
2150 2650 2120
73 573 2120
1380 1880 2120
452 952 2120
1605 2105 2119
750 1250 2118
1827 2327 2118
1467 1967 2117
928 1428 2116
664 1164 2115
1846 2346 2114
1058 1558 2112
1465 1965 2110
634 1134 2107
1127 1627 2106
1027 1527 2105
2389 2889 2103
1 501 2103
511 1011 2102
2218 2718 2101
279 779 2101
854 1354 2098
1057 1557 2098
442 942 2096
1225 1725 2096
485 985 2095
1106 1606 2095
38 538 2094
354 854 2093
202 702 2092
206 706 2092
1890 2390 2090
1001 1501 2090
1760 2260 2088
1530 2030 2087
1861 2361 2086
2168 2668 2086
1847 2347 2086
1151 1651 2085
2231 2731 2084
1051 1551 2076
1386 1886 2076
391 891 2076
1230 1730 2076
338 838 2074
151 651 2074
1855 2355 2074
2329 2829 2074
2264 2764 2073
773 1273 2073
2214 2714 2073
1788 2288 2072
1960 2460 2072
2238 2738 2071
275 775 2069
1811 2311 2068
2362 2862 2068
21 521 2068
1411 1911 2066
1509 2009 2065
2351 2851 2065
40 540 2062
1576 2076 2059
2121 2621 2059
1678 2178 2058
2026 2526 2056
259 759 2055
2252 2752 2054
1999 2499 2052
302 802 2052
371 871 2051
1511 2011 2051
781 1281 2050
2419 2919 2050
499 999 2049
2322 2822 2048
1297 1797 2047
1520 2020 2047
2297 2797 2047
1824 2324 2046
1846 2346 2046
1645 2145 2045
1587 2087 2044
2430 2930 2042
2213 2713 2040
1951 2451 2039
230 730 2038
1170 1670 2037
2130 2630 2037
2138 2638 2035
1864 2364 2032
848 1348 2032
947 1447 2031
1670 2170 2030
1739 2239 2028
425 925 2027
1392 1892 2025
866 1366 2023
2409 2909 2021
2365 2865 2019
1949 2449 2019
1399 1899 2019
1144 1644 2017
1135 1635 2016
769 1269 2015
1955 2455 2015
243 743 2015
678 1178 2015
2313 2813 2015
2099 2599 2014
1427 1927 2014
505 1005 2013
196 696 2012
95 595 2012
2342 2842 2011
422 922 2011
1888 2388 2010
409 909 2008
774 1274 2007
2435 2935 2006
1896 2396 2005
1725 2225 2005
1249 1749 2004
2103 2603 2002
1141 1641 1999
552 1052 1999
2251 2751 1999
2365 2865 1997
1727 2227 1997
366 866 1997
126 626 1994
2453 2953 1992
837 1337 1992
1360 1860 1992
1614 2114 1991
1982 2482 1989
2279 2779 1989
29 529 1988
226 726 1988
1107 1607 1987
2172 2672 1981
293 793 1981
141 641 1976
1330 1830 1974
232 732 1971
2514 3014 1970
1707 2207 1970
624 1124 1969
62 562 1967
1635 2135 1964
767 1267 1962
1699 2199 1962
1939 2439 1961
2172 2672 1960
221 721 1959
1169 1669 1957
225 725 1954
1949 2449 1954
640 1140 1953
698 1198 1952
1734 2234 1952
2275 2775 1951
1251 1751 1948
2461 2961 1947
1986 2486 1947
1155 1655 1947
1320 1820 1946
626 1126 1946
476 976 1943
1999 2499 1942
1448 1948 1941
291 791 1940
1005 1505 1940
906 1406 1936
1113 1613 1935
2051 2551 1935
458 958 1935
2197 2697 1934
93 593 1934
1030 1530 1933
2135 2635 1932
2082 2582 1932
950 1450 1931
1974 2474 1931
1761 2261 1930
2436 2936 1929
1217 1717 1929
2214 2714 1928
289 789 1927
322 822 1927
345 845 1925
508 1008 1925
1353 1853 1924
1206 1706 1923
2344 2844 1922
1659 2159 1922
1618 2118 1920
220 720 1919
265 765 1919
1934 2434 1918
1082 1582 1917
721 1221 1915
899 1399 1914
474 974 1904
2512 3012 1901
1708 2208 1900
130 630 1897
2302 2802 1897
1893 2393 1895
661 1161 1893
208 708 1893
1126 1626 1892
656 1156 1892
563 1063 1891
1177 1677 1889
1872 2372 1887
1825 2325 1886
577 1077 1885
220 720 1884
144 644 1884
2555 3055 1884
1945 2445 1882
1904 2404 1880
1844 2344 1879
1885 2385 1878
1015 1515 1878
1839 2339 1878
117 617 1875
1253 1753 1875
1616 2116 1873
65 565 1866
2357 2857 1865
1778 2278 1864
2032 2532 1864
586 1086 1863
2404 2904 1862
204 704 1861
1644 2144 1861
1920 2420 1861
2083 2583 1860
1208 1708 1859
747 1247 1858
1365 1865 1854
1140 1640 1853
265 765 1851
2327 2827 1851
2352 2852 1848
1567 2067 1847
1893 2393 1847
1818 2318 1846
426 926 1844
1378 1878 1843
2310 2810 1842
1628 2128 1842
802 1302 1841
2644 3144 1840
2604 3104 1840
1570 2070 1839
1865 2365 1838
2398 2898 1835
1581 2081 1835
136 636 1832
74 574 1829
2645 3145 1829
250 750 1828
1724 2224 1826
2171 2671 1824
1692 2192 1824
346 846 1822
2119 2619 1822
2564 3064 1822
1960 2460 1820
2422 2922 1819
240 740 1819
1419 1919 1818
2452 2952 1817
726 1226 1814
2486 2986 1814
1442 1942 1812
20 520 1810
1895 2395 1807
569 1069 1805
2249 2749 1804
25 525 1802
2175 2675 1802
658 1158 1802
2587 3087 1801
1242 1742 1800
458 958 1800
649 1149 1798
450 950 1797
2595 3095 1797
2037 2537 1794
1802 2302 1793
1463 1963 1792
1083 1583 1790
1273 1773 1787
2150 2650 1786
2202 2702 1786
936 1436 1786
655 1155 1785
2599 3099 1785
1516 2016 1785
2479 2979 1784
1953 2453 1784
1644 2144 1784
1572 2072 1782
1236 1736 1782
1946 2446 1780
1988 2488 1780
2563 3063 1780
10 510 1779
1059 1559 1777
2293 2793 1777
2153 2653 1776
1571 2071 1772
786 1286 1772
2334 2834 1770
1224 1724 1765
658 1158 1764
2591 3091 1763
10 510 1763
1887 2387 1761
1413 1913 1759
1684 2184 1759
9 509 1758
2638 3138 1758
2053 2553 1753
2454 2954 1753
866 1366 1753
2003 2503 1752
733 1233 1752
238 738 1744
253 753 1744
2364 2864 1743
2379 2879 1742
1345 1845 1741
1714 2214 1741
699 1199 1740
2316 2816 1737
2178 2678 1735
2312 2812 1734
2014 2514 1733
1187 1687 1732
614 1114 1732
10 510 1731
1300 1800 1731
1879 2379 1729
1888 2388 1727
1713 2213 1727
2461 2961 1727
317 817 1727
640 1140 1726
2749 3249 1726
846 1346 1719
2193 2693 1718
409 909 1718
2662 3162 1717
1671 2171 1716
1702 2202 1716
658 1158 1715
1966 2466 1712
2168 2668 1710
2443 2943 1709
712 1212 1709
2119 2619 1709
2079 2579 1708
566 1066 1706
2675 3175 1704
2013 2513 1704
2350 2850 1703
2318 2818 1702
483 983 1702
1696 2196 1701
1130 1630 1700
2572 3072 1700
1514 2014 1700
2281 2781 1698
1762 2262 1695
1594 2094 1693
2323 2823 1693
1973 2473 1691
1724 2224 1691
1231 1731 1691
1557 2057 1687
949 1449 1686
1907 2407 1685
2482 2982 1683
5 505 1680
2039 2539 1680
73 573 1679
866 1366 1679
2477 2977 1678
2313 2813 1674
1929 2429 1673
2036 2536 1673
1272 1772 1673
737 1237 1669
2342 2842 1667
2490 2990 1667
2575 3075 1663
1872 2372 1662
1243 1743 1662
2678 3178 1662
2585 3085 1659
2293 2793 1659
2731 3231 1657
1655 2155 1657
2548 3048 1657
2447 2947 1651
2575 3075 1650
2790 3290 1649
912 1412 1646
2620 3120 1645
1237 1737 1644
2789 3289 1643
1689 2189 1642
2661 3161 1641
1135 1635 1641
929 1429 1640
1048 1548 1639
1074 1574 1638
1587 2087 1638
573 1073 1637
127 627 1635
2246 2746 1634
1932 2432 1634
1810 2310 1633
2603 3103 1633
572 1072 1632
90 590 1632
2441 2941 1632
2311 2811 1632
1878 2378 1631
998 1498 1631
2315 2815 1631
1845 2345 1630
2214 2714 1629
1274 1774 1629
2275 2775 1628
126 626 1627
2333 2833 1627
1162 1662 1626
519 1019 1625
2442 2942 1625
1209 1709 1625
1559 2059 1623
1586 2086 1623
31 531 1622
2484 2984 1622
2556 3056 1621
2254 2754 1618
2036 2536 1618
2560 3060 1616
59 559 1613
2876 3376 1612
364 864 1611
1279 1779 1610
1168 1668 1610
645 1145 1610
1599 2099 1610
1811 2311 1610
1841 2341 1609
619 1119 1608
2857 3357 1608
1646 2146 1605
2090 2590 1605
2671 3171 1605
2884 3384 1603
2882 3382 1602
2845 3345 1601
2391 2891 1599
1156 1656 1597
2725 3225 1597
1001 1501 1596
536 1036 1595
167 667 1595
908 1408 1592
2668 3168 1591
1854 2354 1589
645 1145 1588
1902 2402 1588
2517 3017 1587
1555 2055 1586
256 756 1586
12 512 1585
950 1450 1585
2312 2812 1584
1129 1629 1582
1029 1529 1582
2698 3198 1581
820 1320 1580
1339 1839 1579
2411 2911 1579
2816 3316 1578
782 1282 1578
756 1256 1578
1679 2179 1575
2518 3018 1573
1392 1892 1573
1231 1731 1572
1084 1584 1572
2562 3062 1571
745 1245 1570
2049 2549 1570
2922 3422 1570
2796 3296 1570
2905 3405 1569
2334 2834 1569
1867 2367 1568
2631 3131 1568
645 1145 1562
1257 1757 1562
2291 2791 1560
1385 1885 1560
1967 2467 1555
2343 2843 1553
2379 2879 1553
1268 1768 1553
1363 1863 1552
1713 2213 1552
2193 2693 1551
2295 2795 1550
2513 3013 1548
715 1215 1546
172 672 1544
1648 2148 1543
304 804 1542
2536 3036 1541
670 1170 1538
211 711 1538
1933 2433 1534
2415 2915 1534
2844 3344 1532
2573 3073 1532
2103 2603 1529
1919 2419 1529
2917 3417 1529
2808 3308 1529
621 1121 1528
1974 2474 1528
504 1004 1527
2242 2742 1526
2716 3216 1526
2971 3471 1525
1575 2075 1525
2285 2785 1523
2398 2898 1522
36 536 1520
2523 3023 1520
1845 2345 1519
2798 3298 1519
1262 1762 1519
2292 2792 1518
2141 2641 1518
1723 2223 1517
2801 3301 1516
682 1182 1514
2707 3207 1514
2546 3046 1513
2519 3019 1512
2848 3348 1512
2495 2995 1509
106 606 1509
354 854 1508
2670 3170 1505
2560 3060 1505
2676 3176 1504
405 905 1504
2004 2504 1503
21 521 1502
2846 3346 1499
1904 2404 1499
2792 3292 1497
946 1446 1497
811 1311 1495
2110 2610 1495
2965 3465 1495
49 549 1492
1509 2009 1491
2732 3232 1490
2333 2833 1487
1275 1775 1486
1735 2235 1486
2771 3271 1482
38 538 1481
2124 2624 1480
2671 3171 1479
2684 3184 1479
407 907 1478
2391 2891 1478
338 838 1476
2740 3240 1476
2937 3437 1476
503 1003 1474
2955 3455 1471
2692 3192 1471
2749 3249 1470
1956 2456 1470
1436 1936 1469
695 1195 1468
2753 3253 1468
216 716 1467
172 672 1467
1748 2248 1466
2966 3466 1465
1695 2195 1464
1337 1837 1461
2841 3341 1461
2449 2949 1458
1497 1997 1456
2675 3175 1454
1503 2003 1454
1014 1514 1454
2307 2807 1453
1596 2096 1453
2310 2810 1451
1445 1945 1451
2866 3366 1450
1799 2299 1450
1842 2342 1443
2311 2811 1443
2176 2676 1442
2892 3392 1441
2501 3001 1441
2997 3497 1441
1689 2189 1441
124 624 1439
2320 2820 1437
1906 2406 1437
1825 2325 1435
2820 3320 1434
130 630 1433
841 1341 1433
2491 2991 1432
144 644 1431
1797 2297 1431
2300 2800 1430
2799 3299 1430
1699 2199 1429
1049 1549 1429
2863 3363 1428
2352 2852 1427
307 807 1427
2358 2858 1426
2679 3179 1425
538 1038 1425
668 1168 1423
2440 2940 1422
2148 2648 1421
2429 2929 1421
736 1236 1419
2761 3261 1419
1154 1654 1418
131 631 1418
2059 2559 1418
2691 3191 1417
211 711 1416
2949 3449 1415
2769 3269 1415
1986 2486 1414
2773 3273 1408
2075 2575 1408
2131 2631 1405
3062 3562 1404
2138 2638 1404
1355 1855 1404
2353 2853 1403
2675 3175 1403
2503 3003 1400
1084 1584 1399
632 1132 1397
2890 3390 1396
1646 2146 1395
2423 2923 1395
1622 2122 1394
1567 2067 1394
2571 3071 1393
963 1463 1393
799 1299 1391
2802 3302 1391
2142 2642 1389
1002 1502 1389
1097 1597 1386
976 1476 1383
873 1373 1382
2587 3087 1381
2948 3448 1381
1628 2128 1381
2619 3119 1379
3054 3554 1376
2858 3358 1375
1068 1568 1373
1794 2294 1373
1266 1766 1370
2648 3148 1369
508 1008 1367
2796 3296 1367
1357 1857 1367
2484 2984 1367
787 1287 1365
763 1263 1365
2967 3467 1365
1204 1704 1364
2942 3442 1364
1809 2309 1364
1491 1991 1363
2852 3352 1363
1020 1520 1362
1488 1988 1359
273 773 1358
179 679 1358
1142 1642 1358
2232 2732 1358
2277 2777 1355
1547 2047 1355
2340 2840 1354
1708 2208 1353
264 764 1353
2801 3301 1351
2243 2743 1350
3144 3644 1349
2544 3044 1349
1506 2006 1348
2000 2500 1348
2457 2957 1347
1566 2066 1347
2896 3396 1346
2232 2732 1346
1455 1955 1344
867 1367 1344
1404 1904 1342
799 1299 1340
468 968 1340
220 720 1339
1777 2277 1337
3036 3536 1337
626 1126 1336
1378 1878 1336
2864 3364 1335
1187 1687 1334
1636 2136 1334
1824 2324 1331
2855 3355 1328
3036 3536 1328
402 902 1327
3029 3529 1326
2315 2815 1326
400 900 1325
1806 2306 1324
3114 3614 1324
2109 2609 1323
248 748 1323
2815 3315 1323
3132 3632 1321
2684 3184 1320
2551 3051 1319
377 877 1317
2967 3467 1315
2559 3059 1314
384 884 1314
3085 3585 1314
2656 3156 1313
1555 2055 1312
506 1006 1312
2912 3412 1311
1925 2425 1310
1253 1753 1309
1481 1981 1309
2729 3229 1309
1379 1879 1307
2634 3134 1306
641 1141 1306
2338 2838 1305
1015 1515 1305
1279 1779 1304
1330 1830 1304
2203 2703 1302
948 1448 1302
2458 2958 1301
1772 2272 1301
2948 3448 1300
2276 2776 1299
957 1457 1298
1214 1714 1298
954 1454 1297
679 1179 1295
2662 3162 1294
2664 3164 1293
2893 3393 1292
2995 3495 1291
752 1252 1290
2524 3024 1290
58 558 1290
705 1205 1290
1194 1694 1289
2609 3109 1286
1989 2489 1285
688 1188 1284
2281 2781 1284
2757 3257 1282
1099 1599 1282
2826 3326 1279
2894 3394 1279
481 981 1277
3062 3562 1277
1248 1748 1275
792 1292 1275
2909 3409 1275
1100 1600 1274
1738 2238 1274
1943 2443 1274
432 932 1271
1466 1966 1271
240 740 1271
2958 3458 1270
3218 3718 1269
2773 3273 1269
1520 2020 1268
1114 1614 1267
63 563 1267
978 1478 1266
1289 1789 1266
1500 2000 1266
1718 2218 1265
2763 3263 1264
943 1443 1263
2942 3442 1260
2360 2860 1260
1460 1960 1259
1958 2458 1259
3130 3630 1259
2646 3146 1259
2390 2890 1258
3120 3620 1258
1478 1978 1258
1771 2271 1256
3194 3694 1256
3060 3560 1256
1843 2343 1255
418 918 1254
2035 2535 1253
1239 1739 1253
2702 3202 1253
2520 3020 1252
1610 2110 1252
3193 3693 1251
3205 3705 1250
652 1152 1250
2889 3389 1250
1874 2374 1249
167 667 1249
1812 2312 1249
537 1037 1248
1438 1938 1248
2491 2991 1246
2209 2709 1246
1996 2496 1245
441 941 1244
2457 2957 1243
1163 1663 1243
2112 2612 1242
964 1464 1242
3105 3605 1241
1806 2306 1240
1496 1996 1240
1247 1747 1239
578 1078 1237
3062 3562 1236
2304 2804 1236
23 523 1235
1402 1902 1234
3255 3755 1233
2419 2919 1231
1806 2306 1231
1423 1923 1230
2274 2774 1228
2671 3171 1227
733 1233 1227
2968 3468 1226
1467 1967 1225
2045 2545 1225
2254 2754 1224
2210 2710 1224
2507 3007 1224
2776 3276 1223
3262 3762 1222
759 1259 1221
2270 2770 1221
3021 3521 1220
1385 1885 1220
603 1103 1219
2028 2528 1219
2704 3204 1218
3068 3568 1218
2854 3354 1218
3269 3769 1216
560 1060 1215
1622 2122 1215
585 1085 1215
2127 2627 1213
2325 2825 1212
399 899 1212
2532 3032 1211
1870 2370 1210
1698 2198 1210
2289 2789 1210
3267 3767 1209
2299 2799 1209
3140 3640 1208
3162 3662 1208
2465 2965 1208
2259 2759 1208
1538 2038 1207
1296 1796 1206
3209 3709 1206
208 708 1206
485 985 1205
197 697 1205
217 717 1205
1983 2483 1204
3212 3712 1203
2673 3173 1203
1453 1953 1202
622 1122 1202
3099 3599 1202
2850 3350 1202
1516 2016 1201
2641 3141 1201
754 1254 1200
3144 3644 1199
2333 2833 1198
1899 2399 1198
3278 3778 1197
2155 2655 1196
1407 1907 1195
1861 2361 1195
2216 2716 1194
101 601 1194
923 1423 1193
2841 3341 1192
737 1237 1191
2652 3152 1191
1944 2444 1191
1326 1826 1189
1363 1863 1188
3225 3725 1187
224 724 1186
2343 2843 1186
892 1392 1184
2826 3326 1184
616 1116 1183
2059 2559 1183
77 577 1181
3185 3685 1180
2074 2574 1179
2088 2588 1179
2160 2660 1178
3086 3586 1177
2324 2824 1177
2948 3448 1176
2889 3389 1175
172 672 1174
2608 3108 1173
3142 3642 1168
1856 2356 1167
2323 2823 1166
1539 2039 1164
1076 1576 1163
787 1287 1162
2512 3012 1161
2699 3199 1159
2156 2656 1159
2070 2570 1159
2985 3485 1159
1218 1718 1159
2769 3269 1159
2803 3303 1158
926 1426 1158
3328 3828 1158
3044 3544 1156
3192 3692 1156
1832 2332 1155
1894 2394 1155
2157 2657 1154
3098 3598 1154
2299 2799 1153
639 1139 1153
3034 3534 1152
2872 3372 1149
2268 2768 1148
1695 2195 1148
3117 3617 1148
614 1114 1147
1056 1556 1147
1717 2217 1145
56 556 1144
2670 3170 1144
2381 2881 1143
2679 3179 1143
791 1291 1142
3338 3838 1142
3083 3583 1141
3237 3737 1141
2322 2822 1140
1482 1982 1139
3108 3608 1139
3043 3543 1138
1494 1994 1138
2330 2830 1137
3149 3649 1137
3202 3702 1137
2822 3322 1136
503 1003 1135
110 610 1133
2314 2814 1132
1626 2126 1132
3131 3631 1131
1095 1595 1130
2747 3247 1130
2282 2782 1129
3296 3796 1129
2327 2827 1129
2821 3321 1128
1432 1932 1128
105 605 1127
2636 3136 1126
3320 3820 1125
2907 3407 1125
1525 2025 1123
844 1344 1123
209 709 1123
1873 2373 1123
1096 1596 1123
2373 2873 1120
1040 1540 1120
3360 3860 1119
2809 3309 1118
1130 1630 1118
3280 3780 1117
1841 2341 1117
2979 3479 1116
3321 3821 1116
1396 1896 1116
3171 3671 1115
3193 3693 1114
1900 2400 1111
2065 2565 1111
377 877 1111
1136 1636 1110
677 1177 1109
2641 3141 1108
2993 3493 1108
2873 3373 1107
2741 3241 1106
1196 1696 1105
247 747 1105
3301 3801 1104
3200 3700 1102
3101 3601 1102
2950 3450 1102
3272 3772 1101
2777 3277 1100
1820 2320 1099
139 639 1098
3028 3528 1098
1342 1842 1096
3138 3638 1094
2942 3442 1092
1070 1570 1090
3408 3908 1090
2079 2579 1089
1615 2115 1088
2271 2771 1088
3400 3900 1087
2854 3354 1086
165 665 1083
3295 3795 1082
3252 3752 1082
2978 3478 1081
286 786 1081
646 1146 1077
3090 3590 1075
1803 2303 1073
2080 2580 1072
1183 1683 1071
3254 3754 1071
903 1403 1071
3338 3838 1069
1667 2167 1069
2890 3390 1068
2891 3391 1068
1094 1594 1067
802 1302 1067
102 602 1067
2440 2940 1066
2703 3203 1066
1709 2209 1066
580 1080 1066
2838 3338 1065
2332 2832 1065
1856 2356 1065
2904 3404 1064
2816 3316 1064
742 1242 1063
626 1126 1063
2874 3374 1063
2743 3243 1062
2924 3424 1060
763 1263 1059
3435 3935 1057
628 1128 1057
1872 2372 1056
2783 3283 1054
3420 3920 1053
161 661 1052
3272 3772 1052
1540 2040 1051
3354 3854 1050
2716 3216 1048
3111 3611 1048
2472 2972 1047
2898 3398 1047
3204 3704 1047
1082 1582 1046
2779 3279 1045
2931 3431 1045
3245 3745 1044
1034 1534 1044
2066 2566 1044
1734 2234 1043
2799 3299 1042
2706 3206 1042
1561 2061 1041
464 964 1040
2887 3387 1040
2929 3429 1039
1352 1852 1037
549 1049 1036
1035 1535 1035
3313 3813 1033
1774 2274 1033
3306 3806 1032
1510 2010 1032
3160 3660 1032
2498 2998 1031
3371 3871 1031
3163 3663 1030
2816 3316 1030
919 1419 1029
3437 3937 1027
17 517 1025
3228 3728 1024
1888 2388 1023
3091 3591 1023
2669 3169 1022
1423 1923 1022
3385 3885 1022
2734 3234 1020
193 693 1020
3387 3887 1020
2728 3228 1019
1987 2487 1017
977 1477 1017
3039 3539 1016
1989 2489 1015
1634 2134 1014
1591 2091 1014
1651 2151 1013
3384 3884 1013
1860 2360 1012
1411 1911 1009
3478 3978 1009
2023 2523 1008
3269 3769 1008
2772 3272 1007
2879 3379 1005
2433 2933 1004
2657 3157 1004
1719 2219 1003
2324 2824 1003
2687 3187 1003
2744 3244 1003
2239 2739 1001
2981 3481 1001
3263 3763 1001
1263 1763 1001
3305 3805 1000
3149 3649 999
2624 3124 998
2077 2577 996
3249 3749 995
3118 3618 995
2903 3403 994
2387 2887 994
3079 3579 994
3373 3873 993
1650 2150 993
673 1173 993
2716 3216 992
350 850 992
1948 2448 989
3293 3793 989
3138 3638 989
1911 2411 989
241 741 988
1144 1644 987
140 640 987
3278 3778 986
2458 2958 985
3293 3793 985
1613 2113 985
2633 3133 985
2758 3258 985
502 1002 984
2972 3472 982
3352 3852 982
2876 3376 982
3388 3888 982
2801 3301 981
3461 3961 981
2245 2745 980
2339 2839 979
2859 3359 979
1481 1981 979
1701 2201 978
1361 1861 978
1189 1689 977
1782 2282 973
2772 3272 972
2853 3353 972
699 1199 971
790 1290 971
2459 2959 971
3276 3776 970
1634 2134 969
217 717 969
2523 3023 969
934 1434 967
2415 2915 966
490 990 965
2718 3218 964
3278 3778 963
3136 3636 962
2857 3357 961
1777 2277 961
982 1482 960
288 788 960
3142 3642 959
2134 2634 958
187 687 958
95 595 957
3451 3951 957
569 1069 957
1751 2251 956
2527 3027 955
3388 3888 955
2849 3349 954
1745 2245 953
1595 2095 952
1401 1901 950
253 753 949
2097 2597 949
1623 2123 948
1888 2388 948
2110 2610 947
2416 2916 946
3511 4011 946
1494 1994 945
151 651 943
2736 3236 943
3289 3789 943
2945 3445 942
1846 2346 941
1228 1728 941
3407 3907 940
550 1050 940
2626 3126 939
58 558 938
3316 3816 938
1249 1749 937
1847 2347 937
2888 3388 936
3190 3690 936
3370 3870 936
2085 2585 934
2981 3481 934
3535 4035 934
3333 3833 934
1653 2153 933
214 714 933
858 1358 931
2169 2669 931
2905 3405 927
1984 2484 926
158 658 925
1026 1526 925
3210 3710 925
889 1389 925
3118 3618 924
1991 2491 923
2583 3083 922
3232 3732 922
2524 3024 922
3158 3658 922
2216 2716 922
1050 1550 921
3429 3929 919
2520 3020 919
3104 3604 919
2136 2636 918
2754 3254 917
1817 2317 915
3412 3912 914
3398 3898 913
3292 3792 913
1479 1979 913
3459 3959 912
1263 1763 912
2433 2933 911
3472 3972 910
2231 2731 910
2643 3143 909
3163 3663 909
1729 2229 909
3535 4035 907
3573 4073 907
1773 2273 907
1829 2329 906
1281 1781 904
1454 1954 904
3046 3546 901
2206 2706 901
991 1491 901
2071 2571 899
2194 2694 899
1104 1604 899
2427 2927 899
3208 3708 898
2950 3450 898
343 843 897
3077 3577 895
3602 4102 895
3497 3997 894
3587 4087 893
3586 4086 893
3202 3702 893
2362 2862 892
3236 3736 892
1003 1503 892
417 917 891
1373 1873 891
3271 3771 889
1215 1715 888
1157 1657 887
2576 3076 886
3360 3860 885
2891 3391 885
2401 2901 885
1875 2375 884
1674 2174 884
708 1208 883
979 1479 883
2922 3422 882
3589 4089 882
818 1318 882
1366 1866 882
2479 2979 881
748 1248 881
3475 3975 880
3441 3941 879
3418 3918 879
3298 3798 879
1933 2433 879
3068 3568 879
3311 3811 878
609 1109 878
3298 3798 877
1434 1934 877
3192 3692 875
2474 2974 875
3572 4072 875
3508 4008 875
1788 2288 874
886 1386 874
2595 3095 873
1261 1761 873
1366 1866 872
1460 1960 871
2885 3385 871
2951 3451 871
2856 3356 871
3230 3730 869
3415 3915 868
40 540 868
2801 3301 867
1231 1731 867
3258 3758 866
3060 3560 865
3207 3707 865
1476 1976 865
3291 3791 864
3348 3848 864
2870 3370 864
980 1480 862
2287 2787 861
3041 3541 861
2561 3061 860
2252 2752 860
3014 3514 860
2195 2695 859
2239 2739 858
1539 2039 858
1338 1838 856
3241 3741 855
2460 2960 854
2774 3274 854
3174 3674 853
74 574 852
3045 3545 852
3406 3906 852
3513 4013 852
3210 3710 852
418 918 851
2176 2676 851
3217 3717 851
1982 2482 850
1539 2039 848
499 999 848
2345 2845 847
2795 3295 847
1243 1743 847
158 658 846
2928 3428 844
226 726 843
1909 2409 842
1423 1923 842
3290 3790 839
1402 1902 839
1035 1535 838
2586 3086 837
3337 3837 837
3275 3775 837
1078 1578 837
2485 2985 837
2847 3347 834
3556 4056 834
3580 4080 834
3307 3807 832
2754 3254 832
415 915 832
1234 1734 831
3021 3521 831
927 1427 831
1622 2122 830
932 1432 830
3595 4095 830
3427 3927 830
2941 3441 829
3221 3721 829
3042 3542 829
3427 3927 828
2776 3276 828
3209 3709 828
2824 3324 827
3488 3988 827
2498 2998 827
2570 3070 826
418 918 826
3463 3963 825
238 738 824
2938 3438 824
2273 2773 824
1964 2464 823
1425 1925 822
2606 3106 822
3576 4076 822
3502 4002 819
156 656 818
3663 4163 817
2039 2539 817
1824 2324 817
3195 3695 817
3093 3593 814
2179 2679 814
2655 3155 814
2834 3334 814
1020 1520 814
2097 2597 814
2442 2942 813
173 673 812
1238 1738 811
3648 4148 811
268 768 810
3534 4034 810
2963 3463 810
2295 2795 809
2526 3026 809
1252 1752 807
3530 4030 807
1962 2462 806
1303 1803 806
2121 2621 806
2744 3244 806
3243 3743 804
878 1378 804
2937 3437 804
2682 3182 802
3306 3806 801
2999 3499 801
2139 2639 800
1874 2374 799
2443 2943 798
2738 3238 797
3431 3931 796
3241 3741 796
574 1074 796
3097 3597 795
2655 3155 795
2456 2956 795
533 1033 795
2821 3321 794
1396 1896 794
242 742 793
1955 2455 792
2929 3429 792
3347 3847 790
3013 3513 789
707 1207 788
3468 3968 787
1900 2400 785
2093 2593 785
1432 1932 784
1372 1872 784
1632 2132 783
2982 3482 782
151 651 782
3376 3876 780
2128 2628 779
372 872 779
720 1220 778
3597 4097 777
3306 3806 776
855 1355 776
1735 2235 774
3682 4182 773
480 980 773
1125 1625 772
3549 4049 772
3620 4120 772
3573 4073 770
2823 3323 770
2788 3288 768
3426 3926 768
2508 3008 768
2904 3404 767
2481 2981 767
2192 2692 766
209 709 766
237 737 766
3661 4161 765
3634 4134 765
2399 2899 763
3310 3810 762
2302 2802 762
3710 4210 762
1656 2156 762
301 801 762
3553 4053 761
3633 4133 761
3114 3614 761
3220 3720 759
1065 1565 759
2914 3414 758
3316 3816 758
3700 4200 758
3124 3624 757
3385 3885 756
2918 3418 755
3693 4193 755
3175 3675 755
1168 1668 753
2181 2681 753
3381 3881 753
2892 3392 751
2211 2711 751
3515 4015 751
2612 3112 751
2120 2620 750
1883 2383 750
253 753 750
1585 2085 749
2471 2971 749
3139 3639 747
510 1010 747
526 1026 746
2208 2708 746
2934 3434 746
1939 2439 744
3415 3915 744
2542 3042 744
3628 4128 744
3347 3847 744
2955 3455 743
2575 3075 743
3290 3790 743
2963 3463 742
3631 4131 741
2757 3257 738
2237 2737 738
2576 3076 736
3005 3505 735
1937 2437 734
2969 3469 733
3253 3753 733
2330 2830 733
1743 2243 733
2941 3441 733
2245 2745 732
109 609 732
3727 4227 732
3606 4106 732
2880 3380 731
1471 1971 731
3734 4234 730
326 826 730
987 1487 730
3255 3755 730
3200 3700 729
2347 2847 729
3488 3988 728
1862 2362 724
2414 2914 724
3434 3934 724
3600 4100 722
1038 1538 721
1700 2200 721
3139 3639 721
3638 4138 720
1387 1887 720
3139 3639 719
3567 4067 719
206 706 718
2039 2539 718
2108 2608 718
1004 1504 717
3430 3930 717
2481 2981 716
2438 2938 716
3609 4109 715
2511 3011 714
3700 4200 714
3036 3536 714
959 1459 713
3606 4106 711
2557 3057 711
3015 3515 711
1779 2279 709
3200 3700 709
3486 3986 709
3289 3789 708
1366 1866 708
3780 4280 707
1673 2173 707
624 1124 707
1030 1530 707
3357 3857 707
1192 1692 707
3690 4190 707
2367 2867 706
3657 4157 705
2347 2847 705
70 570 705
180 680 704
901 1401 704
3262 3762 703
3208 3708 702
3788 4288 701
3066 3566 701
3718 4218 700
3160 3660 698
3156 3656 697
1414 1914 697
989 1489 696
2080 2580 695
3529 4029 695
2149 2649 695
258 758 694
133 633 693
3794 4294 693
3544 4044 693
3339 3839 693
3763 4263 692
2805 3305 692
1306 1806 691
3626 4126 690
2335 2835 690
2055 2555 690
3410 3910 688
1828 2328 688
1997 2497 688
2108 2608 688
3757 4257 687
2293 2793 686
2850 3350 686
2438 2938 685
3604 4104 685
3452 3952 684
3737 4237 683
1633 2133 682
2142 2642 681
2631 3131 681
1783 2283 681
3588 4088 680
3442 3942 680
605 1105 679
2265 2765 679
3442 3942 678
3217 3717 678
2754 3254 677
3517 4017 676
2149 2649 676
3473 3973 674
2125 2625 674
2313 2813 673
1385 1885 673
1607 2107 673
1163 1663 672
3638 4138 671
2338 2838 671
3373 3873 670
2450 2950 670
3629 4129 670
1100 1600 670
1745 2245 669
2544 3044 668
338 838 668
3080 3580 666
893 1393 665
1710 2210 664
3442 3942 664
2098 2598 661
3334 3834 661
1057 1557 661
1330 1830 660
3683 4183 660
3776 4276 660
3325 3825 659
3629 4129 658
2815 3315 656
1040 1540 655
3821 4321 655
2317 2817 654
2876 3376 654
3820 4320 652
2154 2654 652
3138 3638 652
3556 4056 652
3576 4076 651
1924 2424 649
2499 2999 647
3196 3696 647
3605 4105 646
2608 3108 646
3096 3596 645
1858 2358 645
3424 3924 645
3166 3666 644
1379 1879 644
1625 2125 643
3110 3610 643
3348 3848 643
3138 3638 642
2227 2727 641
3686 4186 641
3786 4286 640
3646 4146 640
1853 2353 640
2148 2648 639
3718 4218 638
3644 4144 635
785 1285 635
1938 2438 635
3641 4141 634
913 1413 634
3586 4086 634
3722 4222 634
3452 3952 634
2846 3346 633
720 1220 631
2206 2706 631
3505 4005 631
2042 2542 631
3509 4009 631
2941 3441 631
1554 2054 629
3782 4282 629
3471 3971 629
2161 2661 627
1384 1884 625
3756 4256 624
3783 4283 624
3397 3897 623
2435 2935 622
2589 3089 622
2543 3043 622
3231 3731 622
1687 2187 621
3121 3621 620
2385 2885 620
1125 1625 617
2423 2923 617
766 1266 617
2157 2657 615
2602 3102 615
3577 4077 614
2936 3436 614
3468 3968 613
3757 4257 613
3154 3654 613
53 553 613
3531 4031 612
3234 3734 609
3408 3908 609
3254 3754 609
1423 1923 608
3153 3653 608
1500 2000 607
1323 1823 607
3160 3660 605
1469 1969 604
2402 2902 602
1705 2205 602
3859 4359 602
1653 2153 601
3345 3845 601
2675 3175 601
2794 3294 601
3880 4380 600
1253 1753 599
3546 4046 598
3275 3775 598
1091 1591 598
1982 2482 598
231 731 598
565 1065 597
1726 2226 597
3073 3573 597
49 549 597
89 589 596
1493 1993 595
3753 4253 595
3102 3602 594
3403 3903 594
1983 2483 594
3855 4355 594
547 1047 593
3572 4072 593
2227 2727 593
1880 2380 592
3861 4361 592
947 1447 591
2500 3000 591
1932 2432 590
95 595 589
3370 3870 589
1807 2307 588
3410 3910 588
3881 4381 588
3203 3703 588
3747 4247 587
2622 3122 586
3434 3934 586
626 1126 586
2457 2957 586
3805 4305 585
2466 2966 585
1576 2076 584
2991 3491 584
3584 4084 583
3824 4324 583
3495 3995 583
3541 4041 582
3847 4347 582
1284 1784 581
2665 3165 581
2066 2566 581
3335 3835 581
2834 3334 579
152 652 579
415 915 578
827 1327 578
1845 2345 578
640 1140 576
3704 4204 575
671 1171 575
636 1136 574
3658 4158 574
3918 4418 573
3757 4257 572
3559 4059 572
3395 3895 572
1738 2238 572
3765 4265 571
2785 3285 571
3043 3543 571
102 602 570
3923 4423 570
1242 1742 569
2972 3472 569
3687 4187 568
166 666 568
2494 2994 566
975 1475 566
1340 1840 566
3262 3762 566
931 1431 566
382 882 565
2570 3070 565
2777 3277 564
3554 4054 564
3093 3593 564
1596 2096 563
2360 2860 563
2460 2960 562
3699 4199 561
705 1205 559
2520 3020 559
3869 4369 558
3854 4354 557
570 1070 555
3184 3684 555
2311 2811 555
3039 3539 555
3644 4144 555
3905 4405 554
1524 2024 554
3937 4437 553
1420 1920 553
1271 1771 553
3843 4343 553
652 1152 551
2391 2891 551
3563 4063 551
3621 4121 550
3892 4392 550
2410 2910 550
3694 4194 550
3310 3810 549
3017 3517 549
3464 3964 548
35 535 548
3041 3541 547
3863 4363 547
2398 2898 547
644 1144 546
2032 2532 546
3617 4117 545
3798 4298 545
3735 4235 544
3135 3635 543
1472 1972 543
3912 4412 543
174 674 542
3452 3952 542
182 682 541
3829 4329 541
29 529 541
2866 3366 540
1251 1751 540
3935 4435 539
316 816 539
1995 2495 538
3839 4339 536
2932 3432 536
629 1129 536
3454 3954 536
1593 2093 535
3249 3749 535
2201 2701 534
1677 2177 534
3897 4397 533
3713 4213 533
3616 4116 533
2255 2755 533
3717 4217 532
3527 4027 532
3571 4071 532
3886 4386 532
1846 2346 531
3839 4339 530
3928 4428 530
3025 3525 529
2502 3002 529
3823 4323 529
2415 2915 529
3577 4077 529
684 1184 529
1519 2019 528
3153 3653 527
2872 3372 527
2221 2721 527
3136 3636 527
2018 2518 527
1275 1775 527
3520 4020 527
3663 4163 527
3307 3807 526
2756 3256 526
3717 4217 526
3145 3645 524
1220 1720 524
3775 4275 523
941 1441 523
3363 3863 522
2942 3442 522
2838 3338 522
3387 3887 521
1161 1661 521
3141 3641 521
172 672 521
928 1428 520
2879 3379 520
2665 3165 520
2461 2961 519
3771 4271 519
3590 4090 518
3017 3517 518
3838 4338 518
3565 4065 517
77 577 517
3316 3816 517
2170 2670 517
2856 3356 516
3108 3608 516
3368 3868 516
3352 3852 516
1100 1600 516
2896 3396 516
3245 3745 515
1052 1552 515
3748 4248 514
2083 2583 513
2852 3352 513
3870 4370 512
3205 3705 512
2867 3367 511
2640 3140 511
17 517 511
2763 3263 510
3671 4171 510
3598 4098 510
2892 3392 509
1061 1561 509
1273 1773 509
3258 3758 508
2820 3320 508
1686 2186 508
2975 3475 508
3936 4436 508
2126 2626 508
2483 2983 507
1069 1569 506
2697 3197 506
3950 4450 505
3067 3567 504
2832 3332 504
2511 3011 503
2779 3279 503
2405 2905 502
1504 2004 502
2947 3447 501
1577 2077 500
3862 4362 500
256 756 500
2595 3095 499
2999 3499 499
3144 3644 498
2893 3393 498
3574 4074 498
3874 4374 498
3339 3839 497
1787 2287 496
3596 4096 495
4004 4504 495
3555 4055 494
3463 3963 493
1498 1998 493
1066 1566 493
3295 3795 492
471 971 492
3544 4044 491
3886 4386 491
2728 3228 490
3889 4389 489
3554 4054 487
2937 3437 487
132 632 487
3959 4459 486
1205 1705 486
3308 3808 486
3957 4457 486
1463 1963 486
957 1457 485
690 1190 485
2682 3182 485
2057 2557 484
3577 4077 483
3410 3910 483
2962 3462 483
3896 4396 483
2648 3148 482
2209 2709 482
3745 4245 482
2070 2570 482
1870 2370 482
3461 3961 481
3780 4280 481
3533 4033 480
3221 3721 479
3900 4400 479
3417 3917 479
3804 4304 479
3289 3789 479
1500 2000 478
1634 2134 478
1440 1940 478
200 700 477
3790 4290 477
3575 4075 477
1251 1751 477
3300 3800 476
1109 1609 475
3542 4042 475
3535 4035 475
3822 4322 475
1464 1964 475
2805 3305 474
3794 4294 473
3618 4118 472
2726 3226 472
1251 1751 471
3270 3770 471
3862 4362 469
3273 3773 468
1688 2188 468
14 514 468
656 1156 468
2283 2783 468
3219 3719 468
2301 2801 467
2402 2902 467
2398 2898 467
3656 4156 466
4015 4515 466
2214 2714 465
2148 2648 465
3265 3765 465
2505 3005 463
3604 4104 463
1708 2208 462
1331 1831 462
3319 3819 461
3069 3569 461
1633 2133 459
1125 1625 459
1796 2296 458
1422 1922 458
3715 4215 457
3961 4461 457
2457 2957 456
3739 4239 456
2895 3395 456
2828 3328 456
3009 3509 454
3625 4125 454
1747 2247 453
3780 4280 453
360 860 453
1769 2269 453
3902 4402 453
3848 4348 452
3822 4322 452
3163 3663 451
2612 3112 451
2797 3297 451
222 722 451
3945 4445 450
1816 2316 449
190 690 449
4014 4514 448
1068 1568 448
2042 2542 447
3974 4474 447
4050 4550 446
739 1239 446
3004 3504 445
3097 3597 445
4008 4508 445
4050 4550 444
3712 4212 444
3412 3912 444
3690 4190 444
835 1335 443
329 829 442
3385 3885 442
4055 4555 442
2853 3353 441
2887 3387 441
3752 4252 441
2251 2751 441
734 1234 440
3567 4067 439
3537 4037 439
2914 3414 438
2891 3391 438
3699 4199 438
4045 4545 438
3913 4413 437
2871 3371 436
2683 3183 435
166 666 435
3314 3814 435
1306 1806 433
3619 4119 433
3720 4220 432
227 727 432
4010 4510 432
171 671 432
4009 4509 431
826 1326 429
3555 4055 428
3900 4400 428
1692 2192 428
3650 4150 426
2037 2537 426
3969 4469 426
4040 4540 425
4014 4514 425
3808 4308 424
3672 4172 424
1189 1689 424
1501 2001 424
3675 4175 422
3477 3977 421
2855 3355 421
2145 2645 421
3964 4464 420
2514 3014 420
3172 3672 420
2493 2993 420
4003 4503 418
971 1471 417
3321 3821 417
2257 2757 417
3157 3657 416
3535 4035 416
3852 4352 415
2024 2524 415
3441 3941 415
3850 4350 414
3808 4308 414
3385 3885 414
3011 3511 414
3814 4314 413
3440 3940 413
3296 3796 413
3962 4462 412
3860 4360 412
195 695 412
3130 3630 410
1056 1556 409
36 536 409
3507 4007 409
1217 1717 409
3929 4429 409
4064 4564 407
1023 1523 407
1708 2208 407
478 978 406
3651 4151 406
3975 4475 406
2335 2835 405
3007 3507 405
2310 2810 405
3140 3640 404
3086 3586 404
3988 4488 404
2497 2997 404
3990 4490 403
3534 4034 403
2099 2599 402
648 1148 402
1879 2379 402
3701 4201 402
1406 1906 401
3677 4177 401
2134 2634 400
1858 2358 400
2707 3207 399
3803 4303 398
3966 4466 397
3796 4296 396
1887 2387 396
3593 4093 396
4001 4501 395
2721 3221 395
3846 4346 394
3194 3694 394
2888 3388 393
3437 3937 393
2357 2857 392
2968 3468 392
3244 3744 392
633 1133 392
2806 3306 392
3860 4360 392
3795 4295 391
3943 4443 391
2503 3003 391
4043 4543 391
3695 4195 389
2307 2807 389
3331 3831 388
3207 3707 388
3971 4471 387
2857 3357 387
3664 4164 385
1298 1798 385
3629 4129 384
4058 4558 384
1211 1711 383
3639 4139 383
4082 4582 383
1987 2487 382
3986 4486 381
2847 3347 381
3124 3624 381
3414 3914 381
3553 4053 379
3971 4471 378
3866 4366 377
4092 4592 377
3461 3961 376
3526 4026 376
4031 4531 376
733 1233 375
3962 4462 375
4085 4585 374
490 990 374
1358 1858 373
2678 3178 373
3989 4489 373
3505 4005 373
1439 1939 373
3307 3807 372
1520 2020 372
149 649 371
3733 4233 371
4004 4504 371
1223 1723 370
4104 4604 370
1186 1686 369
406 906 369
3802 4302 369
2222 2722 369
169 669 368
3423 3923 367
2935 3435 366
3540 4040 366
4045 4545 364
3913 4413 364
2763 3263 364
4133 4633 364
3158 3658 364
2032 2532 364
1956 2456 362
3701 4201 362
1184 1684 362
272 772 361
3359 3859 361
3861 4361 360
2945 3445 360
1732 2232 360
549 1049 360
268 768 360
4134 4634 360
3077 3577 359
2936 3436 358
3429 3929 357
4035 4535 357
1985 2485 356
1291 1791 356
4130 4630 356
2689 3189 354
3601 4101 354
563 1063 354
3455 3955 354
3937 4437 354
90 590 354
1525 2025 354
4030 4530 353
2722 3222 353
2034 2534 353
3952 4452 352
1922 2422 352
3463 3963 352
3498 3998 352
1875 2375 352
3682 4182 351
1888 2388 351
3424 3924 351
3773 4273 350
523 1023 348
2448 2948 348
3657 4157 346
3564 4064 345
4125 4625 344
3037 3537 344
2832 3332 343
4138 4638 342
1933 2433 342
2820 3320 342
3482 3982 342
3031 3531 341
3803 4303 341
3953 4453 340
3099 3599 340
3619 4119 340
2690 3190 340
3316 3816 340
2301 2801 340
2482 2982 339
3355 3855 339
3384 3884 339
2988 3488 339
3712 4212 338
3909 4409 338
3648 4148 337
3997 4497 337
3935 4435 336
2214 2714 336
1477 1977 336
1573 2073 336
1891 2391 335
3568 4068 335
4065 4565 335
3829 4329 334
3657 4157 334
3792 4292 334
3757 4257 333
3786 4286 332
4135 4635 332
10 510 332
3997 4497 332
2048 2548 331
2329 2829 331
4135 4635 329
3926 4426 329
2264 2764 329
3668 4168 329
1949 2449 329
2279 2779 328
2755 3255 328
4086 4586 328
3489 3989 328
3700 4200 326
3818 4318 326
4064 4564 325
3272 3772 325
4009 4509 325
1602 2102 325
2875 3375 325
3615 4115 323
3849 4349 323
3908 4408 321
3467 3967 321
2130 2630 321
3128 3628 321
645 1145 321
3191 3691 321
3231 3731 320
3983 4483 320
3899 4399 320
1666 2166 320
3995 4495 319
4004 4504 319
3087 3587 318
3910 4410 318
3431 3931 318
3469 3969 317
3995 4495 316
3893 4393 316
4167 4667 316
2461 2961 316
4079 4579 315
1333 1833 315
4169 4669 315
3509 4009 315
3995 4495 315
3908 4408 314
3546 4046 314
3145 3645 314
746 1246 313
3580 4080 313
4113 4613 313
1798 2298 313
2850 3350 313
100 600 313
3169 3669 312
4053 4553 311
4083 4583 311
2680 3180 311
4180 4680 311
2439 2939 311
4044 4544 310
2465 2965 309
260 760 309
2935 3435 309
3901 4401 308
2724 3224 308
3490 3990 308
649 1149 308
144 644 308
3918 4418 307
4161 4661 307
4171 4671 307
405 905 306
4033 4533 306
4059 4559 306
2910 3410 305
4192 4692 305
2465 2965 305
3933 4433 305
3342 3842 305
352 852 305
2434 2934 304
3997 4497 304
3599 4099 304
3847 4347 303
4165 4665 303
3047 3547 303
2400 2900 302
2974 3474 302
2772 3272 302
4028 4528 302
2628 3128 302
1553 2053 302
4069 4569 301
3932 4432 301
4175 4675 300
2957 3457 300
3964 4464 300
424 924 300
3886 4386 300
3799 4299 299
4096 4596 299
452 952 299
982 1482 299
971 1471 299
4107 4607 298
4058 4558 298
2796 3296 298
2601 3101 298
3712 4212 298
4000 4500 298
3835 4335 297
1533 2033 297
3492 3992 297
2887 3387 296
4151 4651 296
3131 3631 296
4135 4635 296
3884 4384 295
3407 3907 294
1759 2259 294
412 912 293
2031 2531 293
1489 1989 292
3689 4189 291
4059 4559 291
3504 4004 291
3779 4279 291
4146 4646 291
2897 3397 290
4055 4555 290
4202 4702 290
3316 3816 290
4192 4692 290
2230 2730 290
2429 2929 289
2642 3142 289
1053 1553 289
3176 3676 289
4157 4657 288
3942 4442 288
3391 3891 288
589 1089 287
1637 2137 287
3467 3967 286
3887 4387 286
1347 1847 285
3721 4221 285
4020 4520 285
2184 2684 284
3591 4091 284
3770 4270 284
2888 3388 284
2086 2586 284
3634 4134 283
1106 1606 283
3874 4374 282
3476 3976 282
3784 4284 282
3340 3840 281
3080 3580 281
3855 4355 281
4168 4668 281
953 1453 280
4203 4703 280
2578 3078 280
3433 3933 280
3977 4477 280
3956 4456 279
4075 4575 279
4213 4713 279
3028 3528 279
869 1369 279
3737 4237 278
2904 3404 278
3845 4345 278
4161 4661 278
3624 4124 277
3991 4491 277
3920 4420 277
2750 3250 276
4094 4594 276
3850 4350 276
3756 4256 275
1598 2098 275
3218 3718 275
1654 2154 274
4106 4606 273
4107 4607 272
3726 4226 272
3990 4490 272
4162 4662 271
3132 3632 271
3255 3755 271
4212 4712 271
3067 3567 271
3986 4486 271
4059 4559 270
1247 1747 270
3537 4037 270
3597 4097 268
643 1143 267
1210 1710 267
84 584 267
2404 2904 267
4230 4730 267
3670 4170 266
2805 3305 266
4084 4584 266
3680 4180 265
4033 4533 264
1750 2250 264
793 1293 264
2642 3142 264
3896 4396 264
1420 1920 263
2242 2742 263
3726 4226 263
3537 4037 263
1216 1716 263
4222 4722 263
4221 4721 261
1003 1503 261
3983 4483 261
3429 3929 261
3648 4148 261
2681 3181 260
4186 4686 259
3827 4327 259
2560 3060 259
884 1384 259
2583 3083 258
3152 3652 258
2064 2564 258
2237 2737 257
3721 4221 255
1204 1704 255
1270 1770 255
3348 3848 255
4208 4708 254
2326 2826 253
2677 3177 253
292 792 252
4014 4514 252
4173 4673 252
4065 4565 252
3936 4436 251
3543 4043 251
2584 3084 250
4217 4717 250
675 1175 250
3004 3504 250
3725 4225 250
3974 4474 249
3957 4457 249
3859 4359 248
4139 4639 248
3179 3679 248
4192 4692 247
3996 4496 247
455 955 247
4233 4733 247
3539 4039 247
3946 4446 246
3166 3666 246
4071 4571 246
1442 1942 246
4238 4738 246
4235 4735 245
3865 4365 245
1553 2053 245
2113 2613 244
2426 2926 244
4086 4586 244
2830 3330 244
2590 3090 244
3851 4351 243
569 1069 243
2840 3340 243
75 575 243
3246 3746 242
3576 4076 242
3545 4045 242
1925 2425 241
2528 3028 241
4257 4757 241
3935 4435 240
4131 4631 240
4257 4757 240
3735 4235 240
4041 4541 239
4256 4756 239
4249 4749 239
4140 4640 239
2857 3357 239
3872 4372 238
1448 1948 238
3906 4406 237
1579 2079 237
1446 1946 237
3180 3680 237
4239 4739 236
3945 4445 236
2791 3291 236
2890 3390 235
4259 4759 235
3013 3513 235
4198 4698 235
3455 3955 234
1428 1928 234
3848 4348 234
249 749 234
2467 2967 234
4159 4659 233
4119 4619 233
4221 4721 233
2413 2913 233
1957 2457 233
3376 3876 232
2925 3425 232
3748 4248 232
3359 3859 232
467 967 232
330 830 232
2608 3108 232
1831 2331 232
3855 4355 232
4256 4756 231
3404 3904 231
2112 2612 231
4179 4679 231
3892 4392 231
3944 4444 230
1900 2400 228
4040 4540 228
3690 4190 227
3746 4246 226
4210 4710 226
3963 4463 226
3525 4025 226
2365 2865 226
4203 4703 225
3408 3908 225
3258 3758 225
2504 3004 225
3925 4425 224
1993 2493 224
2150 2650 224
240 740 223
4115 4615 223
3807 4307 223
3133 3633 222
3081 3581 221
911 1411 221
3864 4364 221
1718 2218 221
3958 4458 221
2503 3003 221
4105 4605 220
3029 3529 220
1059 1559 219
3715 4215 219
3938 4438 219
4105 4605 219
1885 2385 218
4274 4774 218
4051 4551 217
2994 3494 216
3044 3544 216
3783 4283 216
2956 3456 216
4238 4738 216
3314 3814 215
4215 4715 215
4136 4636 215
1415 1915 214
3647 4147 214
3614 4114 214
3401 3901 213
3868 4368 213
3069 3569 213
3174 3674 212
3963 4463 212
3597 4097 211
2966 3466 211
1431 1931 210
952 1452 210
2628 3128 210
4128 4628 210
1357 1857 209
4111 4611 209
1810 2310 209
3073 3573 209
8 508 208
1466 1966 208
3958 4458 207
1394 1894 207
1502 2002 207
4224 4724 207
1289 1789 206
4238 4738 206
1371 1871 206
1277 1777 204
354 854 204
3942 4442 204
3750 4250 204
3727 4227 204
2098 2598 203
3951 4451 203
4007 4507 202
179 679 201
4006 4506 201
4241 4741 201
2387 2887 200
3402 3902 200
4027 4527 200
3835 4335 200
3743 4243 200
4028 4528 200
3920 4420 200
3025 3525 199
4287 4787 199
3038 3538 199
2994 3494 199
4249 4749 198
2480 2980 198
3045 3545 197
3851 4351 197
2800 3300 197
3082 3582 197
4137 4637 197
715 1215 197
3881 4381 196
4222 4722 196
1924 2424 196
3427 3927 195
3059 3559 195
2737 3237 195
3794 4294 195
3709 4209 195
4178 4678 194
2166 2666 194
1569 2069 193
2553 3053 193
3122 3622 193
3872 4372 193
4046 4546 192
4116 4616 192
4288 4788 192
4228 4728 191
3600 4100 191
4251 4751 191
4218 4718 191
4181 4681 191
1030 1530 191
632 1132 190
4237 4737 190
4197 4697 190
3600 4100 190
4119 4619 190
940 1440 189
4278 4778 189
2858 3358 188
2902 3402 187
2428 2928 187
545 1045 186
2330 2830 186
4219 4719 185
4097 4597 185
4090 4590 184
1347 1847 184
4036 4536 184
4101 4601 184
3987 4487 184
3727 4227 184
3333 3833 183
4191 4691 183
4015 4515 182
136 636 182
4139 4639 182
4204 4704 181
4245 4745 181
4184 4684 181
314 814 180
2344 2844 180
2817 3317 180
127 627 179
2525 3025 179
4031 4531 179
1177 1677 179
4310 4810 179
3371 3871 178
3565 4065 178
4001 4501 178
702 1202 177
3482 3982 177
1748 2248 177
3506 4006 176
3988 4488 176
1181 1681 176
3061 3561 176
653 1153 176
1639 2139 176
4284 4784 175
4153 4653 175
3364 3864 175
4128 4628 175
3330 3830 174
3908 4408 173
2434 2934 173
768 1268 173
3315 3815 173
3576 4076 172
54 554 172
4052 4552 172
3481 3981 172
4244 4744 172
3850 4350 172
4153 4653 171
3075 3575 171
3185 3685 170
3786 4286 170
3782 4282 170
4308 4808 169
4314 4814 169
3828 4328 169
2768 3268 169
4326 4826 168
3523 4023 168
2885 3385 168
4123 4623 167
772 1272 167
4187 4687 167
640 1140 167
4245 4745 166
2513 3013 166
1461 1961 166
3117 3617 165
1246 1746 165
4305 4805 163
3092 3592 163
2996 3496 163
3479 3979 162
953 1453 162
4161 4661 161
3223 3723 161
4047 4547 161
1478 1978 160
3514 4014 160
3741 4241 160
3300 3800 160
2241 2741 160
4254 4754 159
2945 3445 158
3693 4193 158
4295 4795 157
3368 3868 157
3534 4034 157
2411 2911 157
1393 1893 157
3986 4486 156
2065 2565 156
3914 4414 156
411 911 155
2234 2734 155
3970 4470 155
3432 3932 154
4142 4642 154
3175 3675 154
3808 4308 154
4121 4621 154
4221 4721 153
4318 4818 153
4299 4799 153
4174 4674 152
4328 4828 152
4282 4782 152
3805 4305 151
4030 4530 150
4330 4830 150
1231 1731 149
3842 4342 149
3927 4427 149
4339 4839 148
3959 4459 147
2805 3305 146
4152 4652 146
4337 4837 145
14 514 145
3268 3768 144
4029 4529 144
3837 4337 144
4308 4808 144
3073 3573 144
3433 3933 144
4303 4803 144
105 605 143
925 1425 143
4196 4696 143
4275 4775 143
3040 3540 142
3826 4326 142
4282 4782 141
4107 4607 141
4156 4656 140
4239 4739 140
4091 4591 139
3994 4494 139
405 905 139
2998 3498 139
3887 4387 139
4177 4677 139
2957 3457 139
3770 4270 139
3940 4440 138
1866 2366 138
4345 4845 138
460 960 138
4273 4773 138
4235 4735 138
3589 4089 138
2785 3285 137
4060 4560 137
1248 1748 137
3605 4105 137
3957 4457 137
3099 3599 136
4351 4851 135
4246 4746 135
4274 4774 135
3195 3695 135
4248 4748 135
4170 4670 135
4062 4562 132
2116 2616 132
4141 4641 131
3981 4481 131
4112 4612 130
4169 4669 130
4339 4839 130
1794 2294 129
1161 1661 129
3806 4306 129
929 1429 129
2909 3409 129
4347 4847 128
4150 4650 128
2588 3088 128
3937 4437 128
1431 1931 128
4000 4500 128
2586 3086 127
4296 4796 127
3881 4381 127
4070 4570 126
4078 4578 126
2572 3072 126
4128 4628 125
3428 3928 125
4173 4673 124
3496 3996 124
4320 4820 124
2359 2859 124
3941 4441 124
1921 2421 124
1685 2185 124
2547 3047 124
2044 2544 123
4243 4743 123
4126 4626 123
4076 4576 122
3383 3883 122
2473 2973 122
2824 3324 122
4368 4868 121
1882 2382 121
3125 3625 121
2100 2600 121
3949 4449 120
3925 4425 120
4092 4592 119
3076 3576 119
2284 2784 119
3537 4037 119
4310 4810 118
4377 4877 118
2811 3311 118
878 1378 118
76 576 117
3803 4303 116
1437 1937 116
2645 3145 115
2318 2818 115
3673 4173 115
4383 4883 114
4341 4841 113
3854 4354 112
4378 4878 112
4301 4801 112
3490 3990 111
3700 4200 111
3023 3523 111
4102 4602 110
4209 4709 110
1485 1985 110
37 537 110
1166 1666 110
1960 2460 110
935 1435 110
4201 4701 109
4041 4541 109
3502 4002 109
2651 3151 109
150 650 109
4301 4801 108
3983 4483 108
409 909 108
2630 3130 108
4078 4578 107
4177 4677 107
2939 3439 107
4312 4812 107
1082 1582 107
2921 3421 107
3646 4146 106
3625 4125 106
3665 4165 106
4299 4799 106
3402 3902 105
1737 2237 105
1550 2050 105
4290 4790 104
4312 4812 104
4107 4607 104
4121 4621 103
2157 2657 103
3653 4153 103
877 1377 103
3161 3661 103
3403 3903 103
4098 4598 102
3746 4246 102
4273 4773 102
4363 4863 102
3387 3887 101
2701 3201 101
3696 4196 101
2304 2804 101
1314 1814 101
4326 4826 100
4393 4893 100
3357 3857 100
2545 3045 100
3931 4431 100
3845 4345 100
4370 4870 99
4293 4793 99
4102 4602 99
4200 4700 99
4331 4831 99
3993 4493 98
1430 1930 98
1654 2154 98
4317 4817 98
2794 3294 98
3694 4194 97
3464 3964 97
3847 4347 97
4146 4646 96
4342 4842 96
3945 4445 96
2882 3382 96
4197 4697 96
3991 4491 96
4340 4840 96
4135 4635 95
1780 2280 95
3625 4125 95
1431 1931 95
4370 4870 95
4391 4891 94
2749 3249 94
4396 4896 94
4228 4728 94
4387 4887 94
4353 4853 94
675 1175 94
11 511 93
3958 4458 93
2414 2914 93
3895 4395 92
874 1374 92
4201 4701 91
3788 4288 91
4347 4847 91
4382 4882 90
1212 1712 90
3603 4103 90
4376 4876 90
4273 4773 89
4317 4817 89
2867 3367 89
3200 3700 88
4409 4909 82
4277 4777 88
3689 4189 88
3865 4365 87
4187 4687 87
4176 4676 87
4176 4676 87
3861 4361 87
4369 4869 86
4253 4753 86
4066 4566 86
4166 4666 86
4181 4681 86
3134 3634 86
2241 2741 86
3189 3689 85
2576 3076 85
3715 4215 85
4337 4837 85
4003 4503 85
4399 4899 85
3486 3986 84
3991 4491 84
4376 4876 84
3959 4459 84
4220 4720 84
4373 4873 84
4328 4828 83
4385 4885 83
3958 4458 83
4262 4762 83
841 1341 83
2974 3474 83
3372 3872 82
4372 4872 82
2962 3462 82
4403 4903 82
3315 3815 81
2818 3318 81
4250 4750 81
2603 3103 81
4282 4782 81
3216 3716 81
3670 4170 80
4290 4790 80
3690 4190 80
2204 2704 79
4172 4672 78
3543 4043 78
2867 3367 78
714 1214 78
3063 3563 77
4345 4845 77
1098 1598 76
3467 3967 76
4153 4653 76
2851 3351 76
4089 4589 76
4065 4565 76
2157 2657 75
4404 4904 75
3839 4339 75
4396 4896 75
3163 3663 75
4226 4726 75
4420 4920 64
3713 4213 75
3616 4116 75
3282 3782 75
1161 1661 75
4264 4764 75
4409 4909 74
3397 3897 74
4425 4925 56
3986 4486 73
3946 4446 73
1974 2474 72
4423 4923 59
2553 3053 71
3096 3596 70
4154 4654 70
4336 4836 70
4292 4792 70
3030 3530 69
4006 4506 69
4381 4881 69
4406 4906 69
1753 2253 69
4398 4898 68
1893 2393 68
3634 4134 68
4188 4688 68
245 745 68
3037 3537 68
2132 2632 68
4132 4632 67
778 1278 67
1632 2132 67
4037 4537 66
4137 4637 66
437 937 66
4426 4926 54
4432 4932 46
4397 4897 65
3708 4208 65
4323 4823 65
4381 4881 64
1085 1585 63
4358 4858 63
4393 4893 63
4057 4557 62
4372 4872 62
293 793 62
4309 4809 62
2574 3074 61
2852 3352 61
2617 3117 61
2996 3496 61
3865 4365 61
4314 4814 60
4310 4810 60
4409 4909 60
4103 4603 60
4355 4855 60
3549 4049 60
4202 4702 60
4038 4538 60
3121 3621 59
4206 4706 59
4180 4680 59
2813 3313 58
3319 3819 57
3933 4433 57
4142 4642 57
2597 3097 57
4090 4590 57
4168 4668 57
3946 4446 57
3976 4476 56
1606 2106 56
4143 4643 56
2422 2922 56
4097 4597 56
4238 4738 56
4368 4868 56
3489 3989 55
4432 4932 46
4005 4505 55
3369 3869 54
3657 4157 54
4357 4857 54
4388 4888 54
3207 3707 53
4419 4919 53
4437 4937 39
4410 4910 52
3360 3860 52
3325 3825 52
2966 3466 50
4405 4905 50
3808 4308 50
4363 4863 50
4285 4785 50
3494 3994 50
4332 4832 49
4056 4556 49
4348 4848 49
4256 4756 49
3788 4288 49
2530 3030 49
1315 1815 49
3257 3757 49
4401 4901 49
1638 2138 48
4263 4763 48
4363 4863 48
4438 4938 38
4450 4950 25
4308 4808 48
4355 4855 47
2990 3490 46
4229 4729 46
739 1239 46
4444 4944 31
3381 3881 46
4284 4784 45
4424 4924 45
4392 4892 44
1342 1842 44
1765 2265 44
3917 4417 44
4449 4949 26
4443 4943 32
3178 3678 44
2709 3209 44
2731 3231 44
1959 2459 43
3699 4199 43
2224 2724 43
4449 4949 26
4455 4955 20
2221 2721 42
4432 4932 42
4313 4813 42
768 1268 42
4440 4940 36
2699 3199 41
4368 4868 41
4232 4732 41
3540 4040 41
4429 4929 41
4395 4895 40
4059 4559 40
2824 3324 40
4434 4934 40
4396 4896 40
4454 4954 21
1325 1825 40
4459 4959 16
3700 4200 39
4412 4912 39
1520 2020 39
4356 4856 39
3863 4363 39
4311 4811 39
3830 4330 38
3497 3997 38
4423 4923 37
4289 4789 37
4248 4748 36
4459 4959 16
2263 2763 36
4432 4932 36
4130 4630 36
4444 4944 31
3111 3611 36
4427 4927 35
4436 4936 35
4229 4729 35
3718 4218 34
3211 3711 34
2343 2843 34
2738 3238 34
4364 4864 34
4280 4780 34
2843 3343 33
3499 3999 33
934 1434 33
4347 4847 33
2618 3118 33
4346 4846 33
4432 4932 32
4283 4783 32
3903 4403 31
500 1000 31
1069 1569 31
4455 4955 20
4467 4967 10
4373 4873 31
3103 3603 31
4296 4796 31
3008 3508 31
4404 4904 31
4122 4622 30
4381 4881 30
4468 4968 10
3620 4120 30
2011 2511 30
2136 2636 30
4178 4678 29
4440 4940 29
2503 3003 29
4356 4856 29
3109 3609 29
3594 4094 29
4404 4904 29
3113 3613 28
4356 4856 28
4420 4920 28
3915 4415 28
391 891 28
3362 3862 27
2121 2621 26
4140 4640 26
3788 4288 25
3874 4374 25
3836 4336 25
4454 4954 21
4365 4865 25
4397 4897 25
3917 4417 24
617 1117 24
4299 4799 24
4149 4649 24
4402 4902 23
1070 1570 23
4421 4921 23
4462 4962 14
4207 4707 22
4463 4963 13
4333 4833 22
3850 4350 22
4400 4900 22
4463 4963 13
3980 4480 21
4442 4942 21
3150 3650 21
4477 4977 5
2783 3283 21
3449 3949 21
4447 4947 20
4401 4901 20
4460 4960 16
4301 4801 20
4211 4711 19
3481 3981 19
4234 4734 19
4399 4899 18
3635 4135 18
4264 4764 18
4190 4690 18
105 605 18
4268 4768 18
871 1371 18
4124 4624 18
4475 4975 6
927 1427 17
4468 4968 10
4200 4700 17
580 1080 17
4457 4957 17
4453 4953 17
4463 4963 13
4446 4946 16
3711 4211 16
4411 4911 16
4437 4937 16
4467 4967 10
4340 4840 15
4478 4978 4
4355 4855 15
156 656 14
4481 4981 3
4340 4840 13
3966 4466 13
183 683 13
3842 4342 13
4481 4981 3
4432 4932 12
4457 4957 12
3210 3710 12
4265 4765 12
4094 4594 12
4241 4741 11
4476 4976 5
4444 4944 11
1741 2241 11
43 543 11
4482 4982 3
4131 4631 10
3359 3859 10
4027 4527 10
4078 4578 10
4413 4913 10
136 636 10
4001 4501 9
4430 4930 9
4445 4945 9
1231 1731 9
4467 4967 8
4481 4981 3
4384 4884 8
4490 4990 1
3213 3713 7
4391 4891 7
4173 4673 7
4180 4680 7
4378 4878 7
4484 4984 2
4451 4951 6
3306 3806 6
4479 4979 4
4468 4968 6
4375 4875 6
4436 4936 6
4483 4983 2
4455 4955 5
3714 4214 5
2721 3221 5
4482 4982 3
4064 4564 5
2917 3417 5
2292 2792 5
2699 3199 5
4358 4858 5
4444 4944 5
2511 3011 4
2256 2756 4
193 693 4
4393 4893 4
4459 4959 4
4474 4974 4
3413 3913 4
4204 4704 4
3876 4376 4
1379 1879 3
4457 4957 3
3061 3561 3
4468 4968 3
3708 4208 3
4495 4995 0
4496 4996 0
4456 4956 2
4016 4516 2
4495 4995 0
4460 4960 2
3184 3684 1
4498 4998 0
4498 4998 0
4494 4994 0
4463 4963 1
4480 4980 1
4786 5000 0
4511 5000 0
4955 5000 0
4928 5000 0
4986 5000 0
4503 5000 0
4818 5000 0
4844 5000 0
4975 5000 0
4539 5000 0
4501 5000 0
4842 5000 0
4800 5000 0
4736 5000 0
4839 5000 0
4749 5000 0
4999 5000 0
4972 5000 0
4675 5000 0
4832 5000 0
4669 5000 0
4985 5000 0
4816 5000 0
4581 5000 0
4807 5000 0
4520 5000 0
4972 5000 0
4899 5000 0
4584 5000 0
4869 5000 0
4592 5000 0
4833 5000 0
4505 5000 0
4518 5000 0
4561 5000 0
4897 5000 0
4925 5000 0
4990 5000 0
4970 5000 0
4520 5000 0
4541 5000 0
4970 5000 0
4990 5000 0
4879 5000 0
4692 5000 0
4627 5000 0
4596 5000 0
4647 5000 0
4961 5000 0
4590 5000 0
4645 5000 0
4695 5000 0
4499 4999 0
4534 5000 0
4674 5000 0
4661 5000 0
4530 5000 0
4813 5000 0
4977 5000 0
4838 5000 0
4760 5000 0
4667 5000 0
4932 5000 0
4681 5000 0
4828 5000 0
4508 5000 0
4798 5000 0
4608 5000 0
4619 5000 0
4875 5000 0
4918 5000 0
4629 5000 0
4883 5000 0
4843 5000 0
4708 5000 0
4995 5000 0
4758 5000 0
4817 5000 0
3849 4349 0
4709 5000 0
4618 5000 0
4832 5000 0
4967 5000 0
4993 5000 0
4588 5000 0
4862 5000 0
4874 5000 0
4620 5000 0
4612 5000 0
4800 5000 0
4659 5000 0
4608 5000 0
4824 5000 0
4596 5000 0
4772 5000 0
4624 5000 0
4610 5000 0
4895 5000 0
4538 5000 0
4999 5000 0
4712 5000 0
4664 5000 0
4555 5000 0
4998 5000 0
4919 5000 0
4965 5000 0
4555 5000 0
4965 5000 0
4799 5000 0
4542 5000 0
4511 5000 0
4929 5000 0
4992 5000 0
4653 5000 0
4760 5000 0
4787 5000 0
4909 5000 0
4913 5000 0
4937 5000 0
4672 5000 0
4784 5000 0
4684 5000 0
4958 5000 0
4742 5000 0
4586 5000 0
4746 5000 0
4780 5000 0
4878 5000 0
4885 5000 0
4590 5000 0
4942 5000 0
4741 5000 0
4499 4999 0
4490 4990 0
4806 5000 0
4934 5000 0
4768 5000 0
4996 5000 0
4747 5000 0
4588 5000 0
4930 5000 0
4884 5000 0
4880 5000 0
4622 5000 0
4587 5000 0
4897 5000 0
4682 5000 0
4720 5000 0
4810 5000 0
4819 5000 0
4733 5000 0
4731 5000 0
4603 5000 0
4973 5000 0
4917 5000 0
4623 5000 0
4905 5000 0
4917 5000 0
4765 5000 0
4598 5000 0
4946 5000 0
4987 5000 0
4666 5000 0
4853 5000 0
4615 5000 0
4594 5000 0
4530 5000 0
4666 5000 0
4949 5000 0
4710 5000 0
4500 5000 0
4915 5000 0
4916 5000 0
4703 5000 0
4529 5000 0
4557 5000 0
4553 5000 0
4992 5000 0
4537 5000 0
5000 5000 0
4720 5000 0
4785 5000 0
4648 5000 0
4628 5000 0
4658 5000 0
4634 5000 0
4939 5000 0
4804 5000 0
4832 5000 0
4830 5000 0
4747 5000 0
4903 5000 0
4794 5000 0
4531 5000 0
4679 5000 0
4836 5000 0
4723 5000 0
4901 5000 0
4520 5000 0
4999 5000 0
4763 5000 0
4696 5000 0
4786 5000 0
4689 5000 0
4980 5000 0
4947 5000 0
4939 5000 0
4855 5000 0
4813 5000 0
4890 5000 0
4983 5000 0
4987 5000 0
4604 5000 0
4623 5000 0
4917 5000 0
4600 5000 0
4578 5000 0
4773 5000 0
4556 5000 0
4582 5000 0
4969 5000 0
4677 5000 0
4962 5000 0
4787 5000 0
4946 5000 0
4759 5000 0
4940 5000 0
4564 5000 0
4557 5000 0
4553 5000 0
4580 5000 0
4766 5000 0
4524 5000 0
4679 5000 0
4595 5000 0
4792 5000 0
4515 5000 0
4866 5000 0
4499 4999 0
4979 5000 0
4705 5000 0
4526 5000 0
4554 5000 0
4689 5000 0
4977 5000 0
4978 5000 0
4614 5000 0
4682 5000 0
4600 5000 0
4572 5000 0
4969 5000 0
4916 5000 0
4579 5000 0
4539 5000 0
4719 5000 0
4906 5000 0
4563 5000 0
4910 5000 0
4815 5000 0
4578 5000 0
4736 5000 0
4830 5000 0
4740 5000 0
4646 5000 0
4616 5000 0
4869 5000 0
4703 5000 0
4786 5000 0
4572 5000 0
4984 5000 0
4896 5000 0
4927 5000 0
4540 5000 0
4840 5000 0
4652 5000 0
4637 5000 0
4832 5000 0
4569 5000 0
4925 5000 0
4808 5000 0
4634 5000 0
4943 5000 0
4733 5000 0
4832 5000 0
4723 5000 0
4975 5000 0
4810 5000 0
4561 5000 0
4602 5000 0
4786 5000 0
4997 5000 0
4935 5000 0
4949 5000 0
4744 5000 0
4899 5000 0
4652 5000 0
4992 5000 0
4675 5000 0
4576 5000 0
4908 5000 0
4954 5000 0
4896 5000 0
4969 5000 0
4715 5000 0
4697 5000 0
4658 5000 0
4651 5000 0
4947 5000 0
4661 5000 0
4581 5000 0
4828 5000 0
4986 5000 0
4530 5000 0
4672 5000 0
4784 5000 0
4769 5000 0
4514 5000 0
4713 5000 0
4612 5000 0
4594 5000 0
4677 5000 0
4596 5000 0
4596 5000 0
4995 5000 0
4876 5000 0
4654 5000 0
4977 5000 0
4755 5000 0
4947 5000 0
4897 5000 0
4651 5000 0
4760 5000 0
4675 5000 0
4673 5000 0
4808 5000 0
4613 5000 0
4852 5000 0
4710 5000 0
4812 5000 0
4763 5000 0
4863 5000 0
1600 2100 0
4656 5000 0
4738 5000 0
4504 5000 0
4526 5000 0
4702 5000 0
4850 5000 0
4819 5000 0
4764 5000 0
4627 5000 0
4845 5000 0
4649 5000 0
4828 5000 0
4622 5000 0
4616 5000 0
4624 5000 0
4788 5000 0
4563 5000 0
4677 5000 0
4798 5000 0
1623 2123 0
4551 5000 0
4514 5000 0
4856 5000 0
4532 5000 0
4548 5000 0
4962 5000 0
4511 5000 0
4867 5000 0
4590 5000 0
4716 5000 0
4720 5000 0
4793 5000 0
4777 5000 0
4707 5000 0
4943 5000 0
4979 5000 0
4575 5000 0
4998 5000 0
4865 5000 0
4920 5000 0
4504 5000 0
4598 5000 0
4517 5000 0
4704 5000 0
4885 5000 0
4888 5000 0
4949 5000 0
4658 5000 0
4632 5000 0
4740 5000 0
4586 5000 0
4794 5000 0
4961 5000 0
4790 5000 0
4747 5000 0
4996 5000 0
4753 5000 0
4944 5000 0
4605 5000 0
4715 5000 0
4875 5000 0
4905 5000 0
4796 5000 0
4581 5000 0
4969 5000 0
4070 4570 0
4579 5000 0
4656 5000 0
4875 5000 0
4880 5000 0
4567 5000 0
4546 5000 0
4619 5000 0
4833 5000 0
4524 5000 0
4669 5000 0
4958 5000 0
4604 5000 0
4900 5000 0
4485 4985 0
4950 5000 0
4662 5000 0
4799 5000 0
4739 5000 0
4978 5000 0
4963 5000 0
4518 5000 0
4929 5000 0
4634 5000 0
4902 5000 0
4643 5000 0
4699 5000 0
4768 5000 0
4952 5000 0
4847 5000 0
4639 5000 0
4691 5000 0
4500 5000 0
4717 5000 0
4524 5000 0
4758 5000 0
4791 5000 0
4672 5000 0
4557 5000 0
4580 5000 0
4539 5000 0
4567 5000 0
4997 5000 0
4651 5000 0
4846 5000 0
4511 5000 0
4863 5000 0
4709 5000 0
4868 5000 0
4976 5000 0
4740 5000 0
4854 5000 0
4519 5000 0
4932 5000 0
4793 5000 0
4845 5000 0
4582 5000 0
4564 5000 0
4627 5000 0
4882 5000 0
4827 5000 0
4659 5000 0
4581 5000 0
4806 5000 0
4612 5000 0
4519 5000 0
4755 5000 0
4951 5000 0
4908 5000 0
4943 5000 0
4871 5000 0
4658 5000 0
4554 5000 0
4735 5000 0
4634 5000 0
4845 5000 0
4942 5000 0
4625 5000 0
4854 5000 0
4755 5000 0
4785 5000 0
4719 5000 0
4920 5000 0
4722 5000 0
4972 5000 0
4545 5000 0
4532 5000 0
4910 5000 0
4807 5000 0
4692 5000 0
4671 5000 0
4928 5000 0
4936 5000 0
4737 5000 0
4629 5000 0
4698 5000 0
4797 5000 0
4871 5000 0
4996 5000 0
4642 5000 0
4962 5000 0
4705 5000 0
4624 5000 0
4843 5000 0
4513 5000 0
4704 5000 0
4861 5000 0
4715 5000 0
4953 5000 0
4524 5000 0
4835 5000 0
4543 5000 0
4557 5000 0
4837 5000 0
4978 5000 0
