5000 1000 4.3589
9 9 978
26 26 963
22 22 956
19 19 953
1 1 945
46 46 943
50 50 937
6 6 937
37 37 932
9 9 931
69 69 925
74 74 924
5 5 921
16 16 918
32 32 915
63 63 912
42 42 909
12 12 908
44 44 908
77 77 907
77 77 905
82 82 904
62 62 903
1 1 896
57 57 894
36 36 891
98 98 888
14 14 884
111 111 882
14 14 882
10 10 878
13 13 877
6 6 877
29 29 876
62 62 875
51 51 874
31 31 874
4 4 873
41 41 873
16 16 871
45 45 864
51 51 864
51 51 863
11 11 861
65 65 861
125 125 860
77 77 857
65 65 857
24 24 857
41 41 856
107 107 856
3 3 855
35 35 854
83 83 853
125 125 853
124 124 852
32 32 852
75 75 852
44 44 852
119 119 852
32 32 851
101 101 849
68 68 843
82 82 843
106 106 842
7 7 841
63 63 840
111 111 840
124 124 839
120 120 834
131 131 834
90 90 834
37 37 833
49 49 831
147 147 830
79 79 830
8 8 829
34 34 827
11 11 826
5 5 825
41 41 821
48 48 820
95 95 818
70 70 817
82 82 817
18 18 817
24 24 817
48 48 816
183 183 816
38 38 813
169 169 813
142 142 813
153 153 812
128 128 811
126 126 810
133 133 810
98 98 810
61 61 809
131 131 809
20 20 809
166 166 809
118 118 809
168 168 808
38 38 808
10 10 808
188 188 808
118 118 805
156 156 805
11 11 805
45 45 804
192 192 804
174 174 802
151 151 802
136 136 801
77 77 799
139 139 799
112 112 798
46 46 798
26 26 796
11 11 796
122 122 791
169 169 790
99 99 789
192 192 787
184 184 787
29 29 786
126 126 785
177 177 785
70 70 785
165 165 785
52 52 785
139 139 784
46 46 783
17 17 783
82 82 783
94 94 782
49 49 782
99 99 781
195 195 779
147 147 779
2 2 778
174 174 778
64 64 777
219 219 775
190 190 775
133 133 773
127 127 772
47 47 772
80 80 772
110 110 771
16 16 770
116 116 768
14 14 767
12 12 767
36 36 767
179 179 766
62 62 766
27 27 765
220 220 765
139 139 765
209 209 764
199 199 764
40 40 763
107 107 761
155 155 760
125 125 760
205 205 759
137 137 759
44 44 759
24 24 759
94 94 758
79 79 757
93 93 756
168 168 755
3 3 754
13 13 753
120 120 752
243 243 751
133 133 750
165 165 750
7 7 749
24 24 747
72 72 746
78 78 745
46 46 742
217 217 742
195 195 742
156 156 741
26 26 741
178 178 741
140 140 741
110 110 740
134 134 739
230 230 738
141 141 738
250 250 738
237 237 737
133 133 737
261 261 737
78 78 736
203 203 736
39 39 736
174 174 735
111 111 735
74 74 734
211 211 734
174 174 734
162 162 734
180 180 733
185 185 732
213 213 732
221 221 731
13 13 729
66 66 727
88 88 726
182 182 725
239 239 724
54 54 721
223 223 721
96 96 721
130 130 720
28 28 719
34 34 719
1 1 718
138 138 717
97 97 716
81 81 716
110 110 716
153 153 715
3 3 714
176 176 713
56 56 713
40 40 712
202 202 712
104 104 712
145 145 712
157 157 712
142 142 711
178 178 711
215 215 710
39 39 710
239 239 709
98 98 707
34 34 707
96 96 706
55 55 704
98 98 703
260 260 702
155 155 702
292 292 702
160 160 701
112 112 700
145 145 700
44 44 700
165 165 700
265 265 699
263 263 697
128 128 696
106 106 696
6 6 696
126 126 696
146 146 696
258 258 695
198 198 694
222 222 693
161 161 692
107 107 692
18 18 691
137 137 690
146 146 690
100 100 690
295 295 689
308 308 689
236 236 689
302 302 689
93 93 688
17 17 687
41 41 686
309 309 685
214 214 685
138 138 685
143 143 683
16 16 683
145 145 682
302 302 682
153 153 681
315 315 680
44 44 680
104 104 680
64 64 679
50 50 679
242 242 678
316 316 678
117 117 678
178 178 677
289 289 677
43 43 676
167 167 675
57 57 675
287 287 674
154 154 673
50 50 672
48 48 671
259 259 671
77 77 670
256 256 668
171 171 668
326 326 667
316 316 667
78 78 667
79 79 666
289 289 665
293 293 665
303 303 664
39 39 664
150 150 663
190 190 662
111 111 662
10 10 662
34 34 662
296 296 660
172 172 660
165 165 660
156 156 659
284 284 659
155 155 659
44 44 659
237 237 658
135 135 658
301 301 658
279 279 657
297 297 657
234 234 656
49 49 655
171 171 654
323 323 654
123 123 654
183 183 654
255 255 654
82 82 650
205 205 650
121 121 650
280 280 650
187 187 649
196 196 649
71 71 649
329 329 649
230 230 649
176 176 649
139 139 649
174 174 648
312 312 648
6 6 648
249 249 648
70 70 648
220 220 646
89 89 646
225 225 645
120 120 645
253 253 645
118 118 644
295 295 644
18 18 644
122 122 643
31 31 643
330 330 643
7 7 643
175 175 642
306 306 642
214 214 642
57 57 642
269 269 642
124 124 641
18 18 641
206 206 640
139 139 640
312 312 639
123 123 639
341 341 639
250 250 638
111 111 638
150 150 637
335 335 637
332 332 636
333 333 636
54 54 636
233 233 635
238 238 635
211 211 634
294 294 634
116 116 634
317 317 634
113 113 633
280 280 633
173 173 632
86 86 632
247 247 632
351 351 632
273 273 632
95 95 631
271 271 630
281 281 629
354 354 629
166 166 629
322 322 629
131 131 628
234 234 628
97 97 627
228 228 627
98 98 627
201 201 627
354 354 626
358 358 626
365 365 625
168 168 625
279 279 624
154 154 624
223 223 623
354 354 623
282 282 623
247 247 623
281 281 623
41 41 622
367 367 622
63 63 621
36 36 621
214 214 620
258 258 619
221 221 619
96 96 619
186 186 618
246 246 618
355 355 617
269 269 616
339 339 615
145 145 615
254 254 614
26 26 614
305 305 613
200 200 613
231 231 611
354 354 610
358 358 610
283 283 610
331 331 610
72 72 609
151 151 609
217 217 608
249 249 608
133 133 608
23 23 608
317 317 607
160 160 607
333 333 606
198 198 605
274 274 605
376 376 605
154 154 604
392 392 603
109 109 602
145 145 602
300 300 601
179 179 601
296 296 600
142 142 600
367 367 600
100 100 600
293 293 599
386 386 599
298 298 599
143 143 598
104 104 598
173 173 598
167 167 598
50 50 598
341 341 597
225 225 596
128 128 596
79 79 596
233 233 595
344 344 595
154 154 595
189 189 595
346 346 595
341 341 594
254 254 594
2 2 593
161 161 592
291 291 592
313 313 592
261 261 591
310 310 591
401 401 591
106 106 590
259 259 590
126 126 589
294 294 589
404 404 588
211 211 588
183 183 586
401 401 586
346 346 585
77 77 585
206 206 585
318 318 585
244 244 585
149 149 585
411 411 584
304 304 584
173 173 584
285 285 583
302 302 583
97 97 583
140 140 583
65 65 582
27 27 582
359 359 582
90 90 582
96 96 582
203 203 580
151 151 580
171 171 579
284 284 579
331 331 578
197 197 578
180 180 577
39 39 577
415 415 577
207 207 576
281 281 576
339 339 575
146 146 575
151 151 575
330 330 574
417 417 574
399 399 573
320 320 572
412 412 571
377 377 571
174 174 571
354 354 570
393 393 570
345 345 570
328 328 569
201 201 569
229 229 569
21 21 569
158 158 568
133 133 567
274 274 567
196 196 565
335 335 565
102 102 564
124 124 564
153 153 564
167 167 563
11 11 563
267 267 562
376 376 561
233 233 561
269 269 561
154 154 560
351 351 560
129 129 559
25 25 559
344 344 559
105 105 559
228 228 559
301 301 558
140 140 558
82 82 557
324 324 557
285 285 557
193 193 556
421 421 556
253 253 556
310 310 555
41 41 555
255 255 555
443 443 555
356 356 554
264 264 554
135 135 554
373 373 554
381 381 554
97 97 554
63 63 553
142 142 553
200 200 553
99 99 552
193 193 552
171 171 551
423 423 551
395 395 551
399 399 551
342 342 550
421 421 550
212 212 550
261 261 550
183 183 549
331 331 549
4 4 549
418 418 548
90 90 548
263 263 548
60 60 548
360 360 548
242 242 547
390 390 546
368 368 546
142 142 546
129 129 546
357 357 546
408 408 545
290 290 545
168 168 545
100 100 545
240 240 544
414 414 544
258 258 544
329 329 543
243 243 543
258 258 543
28 28 543
454 454 543
453 453 543
295 295 542
83 83 542
138 138 542
167 167 542
354 354 542
414 414 542
396 396 541
328 328 541
337 337 540
67 67 540
418 418 540
64 64 540
13 13 540
229 229 539
242 242 539
368 368 539
230 230 539
45 45 539
327 327 539
349 349 538
74 74 538
297 297 538
14 14 538
419 419 538
343 343 537
110 110 537
279 279 537
115 115 537
166 166 537
411 411 536
315 315 536
359 359 536
392 392 536
25 25 536
38 38 535
326 326 535
244 244 535
33 33 535
47 47 534
38 38 534
109 109 534
246 246 533
343 343 533
114 114 533
241 241 533
331 331 532
42 42 532
110 110 532
34 34 532
199 199 532
265 265 531
462 462 531
286 286 530
424 424 530
441 441 530
180 180 530
365 365 530
90 90 530
74 74 530
77 77 529
219 219 529
211 211 529
405 405 529
159 159 528
80 80 528
310 310 528
306 306 527
468 468 526
344 344 526
182 182 526
471 471 525
252 252 525
271 271 525
104 104 525
172 172 525
75 75 524
361 361 523
453 453 523
340 340 523
266 266 523
339 339 523
233 233 522
15 15 522
143 143 521
449 449 521
66 66 521
167 167 520
173 173 519
211 211 519
337 337 519
370 370 518
26 26 518
476 476 518
383 383 517
200 200 516
350 350 516
483 483 516
400 400 515
336 336 515
136 136 515
237 237 514
446 446 514
202 202 514
197 197 514
89 89 513
380 380 513
353 353 513
404 404 513
172 172 512
447 447 512
458 458 512
439 439 512
185 185 512
174 174 512
306 306 512
331 331 512
318 318 512
404 404 511
336 336 511
325 325 510
277 277 510
293 293 510
145 145 509
345 345 509
302 302 509
456 456 508
429 429 508
24 24 508
261 261 508
46 46 507
291 291 507
330 330 506
83 83 506
466 466 506
376 376 506
481 481 505
187 187 505
122 122 505
87 87 504
11 11 504
478 478 504
421 421 503
57 57 503
471 471 503
443 443 502
471 471 502
199 199 502
137 137 502
484 484 501
445 445 501
214 214 501
247 247 501
88 88 501
354 354 500
323 323 500
78 78 500
160 160 500
230 230 500
3 3 500
12 12 499
448 448 499
80 80 498
468 468 498
345 345 498
458 458 498
152 152 497
166 166 497
458 458 497
287 287 497
211 211 496
136 136 496
256 256 495
227 227 495
43 43 495
422 422 495
233 233 494
147 147 494
217 217 494
103 103 494
497 497 494
13 13 494
431 431 493
421 421 493
424 424 492
436 436 492
459 459 492
442 442 492
100 100 492
362 362 492
255 255 492
41 41 491
397 397 491
457 457 490
272 272 490
94 94 490
302 302 490
475 475 489
140 140 489
445 445 488
157 157 488
373 373 488
291 291 488
424 424 487
370 370 487
252 252 487
11 11 487
184 184 487
457 457 486
162 162 486
202 202 486
125 125 486
463 463 485
331 331 485
61 61 484
401 401 484
167 167 484
313 313 483
389 389 483
33 33 483
412 412 483
83 83 483
405 405 482
24 24 482
99 99 482
164 164 482
203 203 481
194 194 481
291 291 480
145 145 479
443 443 479
493 493 479
262 262 478
80 80 478
236 236 478
322 322 478
321 321 477
299 299 477
195 195 477
413 413 476
343 343 476
338 338 476
336 336 475
31 31 475
347 347 475
387 387 475
85 85 474
494 494 474
520 520 474
420 420 474
171 171 473
209 209 473
281 281 473
36 36 473
240 240 473
238 238 472
111 111 472
272 272 472
467 467 472
398 398 471
503 503 471
5 5 471
300 300 470
97 97 470
10 10 470
511 511 469
79 79 469
75 75 467
249 249 467
139 139 467
437 437 467
198 198 466
501 501 466
326 326 465
163 163 465
527 527 465
25 25 464
367 367 464
466 466 463
200 200 463
212 212 463
497 497 463
346 346 463
272 272 463
433 433 462
238 238 462
399 399 462
197 197 461
477 477 461
167 167 461
170 170 461
44 44 461
355 355 461
445 445 460
398 398 460
395 395 460
218 218 460
197 197 459
108 108 458
405 405 458
339 339 457
269 269 457
460 460 457
435 435 457
465 465 457
479 479 456
444 444 456
520 520 455
78 78 455
197 197 455
518 518 455
275 275 455
189 189 454
95 95 454
335 335 454
26 26 453
136 136 453
154 154 453
190 190 452
42 42 452
504 504 452
168 168 451
423 423 451
541 541 451
519 519 451
308 308 450
46 46 450
491 491 450
304 304 450
167 167 450
418 418 449
140 140 449
8 8 448
421 421 448
94 94 448
375 375 448
170 170 448
272 272 448
455 455 448
234 234 447
290 290 447
17 17 447
76 76 447
25 25 447
341 341 447
96 96 446
126 126 446
61 61 446
310 310 446
417 417 446
317 317 446
9 9 445
307 307 445
283 283 444
113 113 444
292 292 444
312 312 444
233 233 443
539 539 443
44 44 443
497 497 443
102 102 443
167 167 442
56 56 442
347 347 442
439 439 442
423 423 442
425 425 441
541 541 441
523 523 441
288 288 441
138 138 441
465 465 441
431 431 441
139 139 440
291 291 440
464 464 440
234 234 440
248 248 440
305 305 439
327 327 439
379 379 439
299 299 438
526 526 438
237 237 438
349 349 438
440 440 437
171 171 437
517 517 437
327 327 437
453 453 437
557 557 437
523 523 437
368 368 437
130 130 437
407 407 436
560 560 436
306 306 436
72 72 436
12 12 436
333 333 436
323 323 435
84 84 435
318 318 435
401 401 435
126 126 434
520 520 434
76 76 434
512 512 434
523 523 434
121 121 434
136 136 433
494 494 433
536 536 433
238 238 433
331 331 433
20 20 433
205 205 433
430 430 433
254 254 432
274 274 432
443 443 432
446 446 432
206 206 431
459 459 431
374 374 431
338 338 431
353 353 430
316 316 430
405 405 429
546 546 429
23 23 429
490 490 429
440 440 428
462 462 428
487 487 428
196 196 427
398 398 427
118 118 427
99 99 427
167 167 427
551 551 427
290 290 426
549 549 425
186 186 425
41 41 425
70 70 425
489 489 425
319 319 425
499 499 425
375 375 425
370 370 424
432 432 424
454 454 424
317 317 424
301 301 424
358 358 424
496 496 424
58 58 424
495 495 424
481 481 423
355 355 423
354 354 423
355 355 422
564 564 422
256 256 422
313 313 421
386 386 421
323 323 421
327 327 421
115 115 421
167 167 420
512 512 420
234 234 420
431 431 420
380 380 419
13 13 419
376 376 418
465 465 418
375 375 418
167 167 418
265 265 418
519 519 418
219 219 417
135 135 417
442 442 417
475 475 417
411 411 416
416 416 416
193 193 416
351 351 416
127 127 415
337 337 415
482 482 415
36 36 415
496 496 414
213 213 413
419 419 413
320 320 413
492 492 413
62 62 413
388 388 413
487 487 412
81 81 412
587 587 412
241 241 412
155 155 412
552 552 412
292 292 412
346 346 411
279 279 411
7 7 411
117 117 411
372 372 411
488 488 410
100 100 410
322 322 410
362 362 409
124 124 409
310 310 408
324 324 408
533 533 408
192 192 408
36 36 407
334 334 407
478 478 407
387 387 407
323 323 407
502 502 407
230 230 406
530 530 406
173 173 406
203 203 405
325 325 405
355 355 405
287 287 405
224 224 404
547 547 404
150 150 404
401 401 403
96 96 403
337 337 403
376 376 403
21 21 403
102 102 402
542 542 402
593 593 402
144 144 402
235 235 402
387 387 402
327 327 401
554 554 401
172 172 401
392 392 401
540 540 401
534 534 400
586 586 400
537 537 400
153 153 400
410 410 400
534 534 400
495 495 400
382 382 400
430 430 400
566 566 400
292 292 400
252 252 399
531 531 399
292 292 399
105 105 399
261 261 399
3 3 399
536 536 399
504 504 399
511 511 398
572 572 398
284 284 398
298 298 398
468 468 398
77 77 398
238 238 397
274 274 397
116 116 396
559 559 396
429 429 396
106 106 396
466 466 396
334 334 396
59 59 396
538 538 396
4 4 396
555 555 395
578 578 395
156 156 395
583 583 395
447 447 395
435 435 395
307 307 394
401 401 394
208 208 394
293 293 394
27 27 394
318 318 394
38 38 394
417 417 394
355 355 393
69 69 392
375 375 392
294 294 392
529 529 392
513 513 392
188 188 392
298 298 392
73 73 392
247 247 392
466 466 392
483 483 391
109 109 391
429 429 391
481 481 391
504 504 390
399 399 390
483 483 390
506 506 390
579 579 389
578 578 389
486 486 389
137 137 389
51 51 389
552 552 388
594 594 388
70 70 388
78 78 388
127 127 388
251 251 387
23 23 387
198 198 387
423 423 387
551 551 386
285 285 386
81 81 386
6 6 385
241 241 385
254 254 385
271 271 385
30 30 384
337 337 384
565 565 384
414 414 384
557 557 384
480 480 383
306 306 383
29 29 383
6 6 383
564 564 383
467 467 383
552 552 383
547 547 383
484 484 382
150 150 382
346 346 381
519 519 381
259 259 381
274 274 381
3 3 381
112 112 381
277 277 381
79 79 380
162 162 380
31 31 380
172 172 380
581 581 380
147 147 380
96 96 380
222 222 379
146 146 379
607 607 378
519 519 378
520 520 378
431 431 378
559 559 378
309 309 377
413 413 377
506 506 377
16 16 376
615 615 376
463 463 376
264 264 375
253 253 375
17 17 375
565 565 375
337 337 375
422 422 374
612 612 374
624 624 374
447 447 374
362 362 373
424 424 373
542 542 373
540 540 373
587 587 373
470 470 373
533 533 372
38 38 372
518 518 372
471 471 372
506 506 372
20 20 372
584 584 371
580 580 371
320 320 371
386 386 371
502 502 371
222 222 371
248 248 370
462 462 370
436 436 370
313 313 370
438 438 370
264 264 370
199 199 370
484 484 370
359 359 370
575 575 370
127 127 370
9 9 369
628 628 369
530 530 369
552 552 369
215 215 369
199 199 369
278 278 369
160 160 368
199 199 367
388 388 367
208 208 366
408 408 366
548 548 366
519 519 366
128 128 366
468 468 365
215 215 365
188 188 365
54 54 365
240 240 364
145 145 364
280 280 364
272 272 364
608 608 364
37 37 363
188 188 363
574 574 363
547 547 363
485 485 363
542 542 362
107 107 362
250 250 362
604 604 362
369 369 362
336 336 362
552 552 362
578 578 362
258 258 362
345 345 362
544 544 361
2 2 361
557 557 361
607 607 361
219 219 361
411 411 361
352 352 361
148 148 360
389 389 360
634 634 360
31 31 360
261 261 359
574 574 359
7 7 359
621 621 357
351 351 357
114 114 357
83 83 357
28 28 356
469 469 356
58 58 356
608 608 356
72 72 356
500 500 356
504 504 356
470 470 356
149 149 355
344 344 355
28 28 355
238 238 355
348 348 355
559 559 354
603 603 354
642 642 354
360 360 354
56 56 354
3 3 353
429 429 353
159 159 353
129 129 353
587 587 353
305 305 352
291 291 352
15 15 352
547 547 352
596 596 352
536 536 352
555 555 352
298 298 351
257 257 351
222 222 351
496 496 351
199 199 350
642 642 350
522 522 350
391 391 350
595 595 350
20 20 350
567 567 350
490 490 350
584 584 350
3 3 349
3 3 349
633 633 349
556 556 349
339 339 349
541 541 348
143 143 348
307 307 348
8 8 348
184 184 348
266 266 348
258 258 348
297 297 347
538 538 347
397 397 347
476 476 347
208 208 347
528 528 346
646 646 346
478 478 345
113 113 345
226 226 345
329 329 345
478 478 345
481 481 345
318 318 345
218 218 345
612 612 344
608 608 344
409 409 344
148 148 344
475 475 343
472 472 343
71 71 342
383 383 342
290 290 342
415 415 342
239 239 342
547 547 341
113 113 341
386 386 341
275 275 340
79 79 340
166 166 339
447 447 339
568 568 339
599 599 339
336 336 339
556 556 338
378 378 338
604 604 338
298 298 338
463 463 338
399 399 338
224 224 338
572 572 337
486 486 337
250 250 337
385 385 336
353 353 336
240 240 336
475 475 336
288 288 336
238 238 336
590 590 336
142 142 335
382 382 334
461 461 334
557 557 334
385 385 334
398 398 334
552 552 334
222 222 334
116 116 334
95 95 334
365 365 333
560 560 333
428 428 333
574 574 333
620 620 332
183 183 332
385 385 332
613 613 332
643 643 332
518 518 332
195 195 332
246 246 332
614 614 331
561 561 331
450 450 331
113 113 331
83 83 331
129 129 331
274 274 331
339 339 330
608 608 330
174 174 330
583 583 330
662 662 330
474 474 330
662 662 330
469 469 330
613 613 330
650 650 330
596 596 330
527 527 329
613 613 329
532 532 329
372 372 329
405 405 328
1 1 328
93 93 328
57 57 328
317 317 328
466 466 328
340 340 328
458 458 327
630 630 327
386 386 327
616 616 326
507 507 326
392 392 326
586 586 326
61 61 326
293 293 325
431 431 325
596 596 325
580 580 325
403 403 325
648 648 324
559 559 324
630 630 324
269 269 324
555 555 324
111 111 324
582 582 323
276 276 323
554 554 323
489 489 323
156 156 323
644 644 323
185 185 322
623 623 322
590 590 322
276 276 322
527 527 322
466 466 322
615 615 321
539 539 320
276 276 320
64 64 320
611 611 320
598 598 320
673 673 319
572 572 319
319 319 319
608 608 319
437 437 319
129 129 319
413 413 318
437 437 318
473 473 318
519 519 318
71 71 318
583 583 317
616 616 317
380 380 317
319 319 317
477 477 317
679 679 317
51 51 316
649 649 316
669 669 316
503 503 316
141 141 315
477 477 315
596 596 315
600 600 315
402 402 315
371 371 315
572 572 314
557 557 314
649 649 314
625 625 314
672 672 314
145 145 314
521 521 313
51 51 312
608 608 312
657 657 312
349 349 312
617 617 312
443 443 312
638 638 311
622 622 311
154 154 311
479 479 311
403 403 311
420 420 311
294 294 311
281 281 311
306 306 310
503 503 310
28 28 310
485 485 310
102 102 310
82 82 310
397 397 310
642 642 310
535 535 309
307 307 309
590 590 309
651 651 309
517 517 309
2 2 309
660 660 309
442 442 309
248 248 309
660 660 309
649 649 309
403 403 309
422 422 308
611 611 308
371 371 308
499 499 308
157 157 308
683 683 308
130 130 307
344 344 307
641 641 307
664 664 306
551 551 306
501 501 306
100 100 306
174 174 305
635 635 305
53 53 305
582 582 304
632 632 304
469 469 303
248 248 303
609 609 303
685 685 303
43 43 303
220 220 303
98 98 303
451 451 303
673 673 302
356 356 302
580 580 302
489 489 302
695 695 302
344 344 302
118 118 302
612 612 301
511 511 301
241 241 301
670 670 301
246 246 301
206 206 300
548 548 300
2 2 300
619 619 300
225 225 300
169 169 299
606 606 299
658 658 299
697 697 299
442 442 299
585 585 298
561 561 298
152 152 298
453 453 298
11 11 298
581 581 298
640 640 298
669 669 298
489 489 297
663 663 297
482 482 297
349 349 296
105 105 296
280 280 296
674 674 296
300 300 296
625 625 296
356 356 296
304 304 296
160 160 295
49 49 295
571 571 295
401 401 295
481 481 294
296 296 294
655 655 294
398 398 294
242 242 294
276 276 294
644 644 294
507 507 294
151 151 294
414 414 294
386 386 294
615 615 293
207 207 293
605 605 293
437 437 293
324 324 293
186 186 292
188 188 292
136 136 292
700 700 295
448 448 291
633 633 291
466 466 291
688 688 291
584 584 291
410 410 290
356 356 290
548 548 290
354 354 290
223 223 290
630 630 290
391 391 289
442 442 289
399 399 289
632 632 289
655 655 288
454 454 288
172 172 288
589 589 287
369 369 287
669 669 287
581 581 286
325 325 286
278 278 286
571 571 286
418 418 286
7 7 286
501 501 285
97 97 285
664 664 285
448 448 285
573 573 285
700 700 291
663 663 284
61 61 284
539 539 284
510 510 284
535 535 284
194 194 283
228 228 283
138 138 283
649 649 283
644 644 283
678 678 283
459 459 283
342 342 283
405 405 282
700 700 294
685 685 282
515 515 281
652 652 281
354 354 281
225 225 281
501 501 281
17 17 281
700 700 296
675 675 280
558 558 280
700 700 298
700 700 298
700 700 281
518 518 280
524 524 280
180 180 279
320 320 279
26 26 279
21 21 279
559 559 279
700 700 282
341 341 279
414 414 279
222 222 278
597 597 278
488 488 278
568 568 278
686 686 278
503 503 277
601 601 277
646 646 277
51 51 277
218 218 277
698 698 277
409 409 277
700 700 293
571 571 276
665 665 276
77 77 276
302 302 276
222 222 276
37 37 276
205 205 276
34 34 276
244 244 276
664 664 275
611 611 275
618 618 275
700 700 292
616 616 275
415 415 275
700 700 299
258 258 275
579 579 274
536 536 274
467 467 274
690 690 274
369 369 274
11 11 274
667 667 274
631 631 274
579 579 273
358 358 273
700 700 295
460 460 272
699 699 272
456 456 272
700 700 294
696 696 272
669 669 272
81 81 271
314 314 271
334 334 271
210 210 271
357 357 271
285 285 271
577 577 270
591 591 270
339 339 270
226 226 270
184 184 270
53 53 270
319 319 269
333 333 269
173 173 269
619 619 269
698 698 269
644 644 269
700 700 273
195 195 268
519 519 268
326 326 268
627 627 268
598 598 267
618 618 267
190 190 267
442 442 266
433 433 266
525 525 266
446 446 265
150 150 265
652 652 265
648 648 265
320 320 265
559 559 264
468 468 264
40 40 264
700 700 295
610 610 264
47 47 263
498 498 263
157 157 263
582 582 263
291 291 263
511 511 262
318 318 262
689 689 262
623 623 262
508 508 262
604 604 262
644 644 261
700 700 272
650 650 260
562 562 260
160 160 260
605 605 260
558 558 259
238 238 259
171 171 259
677 677 259
215 215 259
321 321 259
675 675 259
501 501 259
652 652 258
517 517 258
602 602 258
280 280 258
532 532 258
465 465 258
618 618 257
341 341 257
180 180 257
587 587 257
700 700 276
187 187 257
654 654 256
416 416 256
673 673 256
351 351 256
523 523 256
668 668 256
306 306 256
668 668 256
486 486 255
61 61 255
207 207 255
528 528 255
74 74 255
556 556 255
522 522 255
121 121 255
513 513 255
595 595 254
660 660 254
700 700 279
294 294 254
608 608 254
444 444 253
547 547 253
58 58 253
389 389 253
607 607 253
547 547 253
84 84 253
83 83 252
425 425 252
118 118 252
88 88 252
433 433 252
66 66 252
206 206 252
700 700 285
487 487 251
236 236 251
425 425 251
442 442 251
583 583 251
545 545 251
398 398 251
377 377 251
449 449 251
518 518 251
604 604 251
700 700 257
573 573 251
700 700 260
360 360 250
612 612 250
67 67 249
565 565 249
405 405 249
700 700 254
700 700 263
408 408 249
230 230 249
700 700 281
587 587 249
544 544 249
633 633 248
700 700 272
246 246 248
440 440 248
700 700 257
700 700 276
289 289 248
73 73 248
475 475 248
257 257 248
632 632 248
407 407 247
442 442 247
566 566 247
360 360 247
523 523 247
49 49 247
663 663 247
300 300 247
302 302 246
608 608 246
157 157 246
700 700 247
645 645 246
389 389 246
181 181 245
546 546 245
575 575 245
700 700 260
578 578 244
591 591 244
385 385 244
696 696 244
594 594 244
700 700 269
700 700 285
538 538 244
641 641 244
700 700 253
700 700 279
652 652 243
696 696 243
700 700 285
449 449 242
379 379 242
561 561 242
540 540 242
232 232 242
566 566 242
164 164 242
622 622 242
435 435 242
690 690 242
439 439 241
72 72 241
618 618 241
650 650 240
424 424 240
311 311 240
685 685 240
572 572 240
270 270 240
160 160 240
653 653 240
693 693 240
692 692 240
284 284 240
47 47 239
564 564 239
605 605 239
382 382 239
497 497 239
544 544 239
478 478 238
610 610 238
621 621 238
475 475 238
592 592 238
338 338 238
486 486 238
482 482 238
695 695 238
62 62 237
700 700 287
700 700 291
689 689 237
487 487 237
422 422 237
533 533 237
424 424 236
575 575 236
700 700 255
492 492 236
420 420 236
577 577 236
700 700 282
700 700 237
512 512 235
700 700 282
122 122 235
482 482 235
313 313 235
392 392 235
689 689 235
104 104 235
593 593 235
93 93 234
452 452 234
630 630 234
244 244 234
637 637 234
700 700 248
619 619 233
546 546 233
34 34 233
497 497 233
52 52 233
700 700 241
700 700 273
678 678 233
597 597 232
442 442 232
72 72 232
324 324 232
35 35 232
111 111 232
700 700 289
311 311 232
700 700 236
700 700 269
382 382 231
276 276 231
614 614 231
120 120 231
235 235 231
589 589 231
416 416 231
700 700 242
502 502 230
88 88 230
623 623 230
526 526 230
456 456 230
269 269 230
58 58 230
700 700 254
72 72 229
667 667 229
128 128 229
639 639 229
532 532 229
257 257 229
415 415 229
700 700 251
91 91 229
700 700 272
433 433 228
81 81 228
523 523 228
121 121 228
307 307 227
654 654 227
700 700 247
661 661 227
276 276 227
457 457 227
700 700 274
99 99 227
221 221 227
354 354 227
351 351 227
639 639 227
695 695 227
93 93 226
589 589 226
446 446 226
459 459 226
387 387 226
453 453 226
700 700 240
700 700 276
393 393 225
272 272 225
135 135 225
351 351 225
587 587 225
498 498 225
291 291 225
584 584 225
40 40 225
672 672 225
327 327 224
504 504 224
472 472 224
459 459 224
700 700 259
517 517 224
663 663 223
655 655 223
669 669 223
597 597 223
413 413 222
687 687 222
381 381 222
513 513 222
700 700 225
416 416 222
343 343 222
643 643 222
678 678 222
455 455 222
211 211 221
557 557 221
169 169 221
559 559 221
700 700 287
700 700 226
68 68 220
700 700 255
581 581 220
640 640 220
502 502 219
281 281 219
226 226 219
678 678 219
439 439 219
539 539 218
598 598 218
332 332 218
700 700 248
700 700 292
700 700 227
673 673 218
609 609 217
123 123 217
612 612 217
7 7 217
195 195 217
567 567 216
354 354 216
700 700 268
278 278 216
700 700 222
210 210 216
405 405 216
641 641 216
626 626 216
429 429 215
615 615 215
506 506 215
628 628 215
602 602 215
529 529 215
559 559 214
456 456 214
94 94 214
700 700 287
364 364 214
700 700 253
220 220 213
113 113 213
700 700 229
195 195 213
22 22 213
700 700 263
700 700 258
700 700 265
98 98 213
220 220 213
658 658 213
632 632 212
403 403 212
403 403 212
681 681 212
434 434 211
334 334 211
647 647 211
658 658 211
667 667 211
184 184 211
202 202 211
110 110 211
700 700 223
92 92 210
226 226 210
430 430 210
44 44 210
653 653 210
490 490 210
33 33 210
568 568 209
678 678 209
700 700 292
700 700 252
283 283 209
554 554 209
700 700 277
698 698 209
700 700 225
46 46 209
700 700 248
301 301 208
575 575 208
700 700 249
649 649 208
570 570 208
700 700 284
480 480 208
700 700 237
673 673 208
700 700 231
528 528 208
425 425 208
428 428 207
608 608 207
413 413 207
270 270 207
700 700 208
579 579 207
550 550 206
700 700 283
151 151 206
255 255 206
165 165 206
1 1 206
587 587 206
700 700 212
225 225 205
565 565 205
390 390 205
420 420 205
700 700 294
62 62 205
51 51 205
559 559 205
627 627 205
100 100 205
700 700 271
576 576 205
381 381 204
622 622 204
522 522 204
596 596 204
700 700 283
700 700 283
700 700 296
700 700 217
628 628 203
662 662 202
531 531 202
700 700 299
460 460 202
700 700 227
157 157 202
700 700 293
158 158 202
700 700 248
700 700 216
51 51 201
700 700 264
117 117 201
366 366 201
490 490 200
269 269 200
686 686 200
63 63 200
470 470 200
307 307 200
484 484 199
190 190 199
700 700 256
420 420 199
449 449 199
422 422 199
41 41 199
700 700 284
366 366 199
563 563 199
335 335 198
121 121 198
700 700 280
149 149 198
29 29 198
382 382 197
499 499 197
700 700 264
700 700 198
686 686 197
450 450 197
673 673 196
178 178 196
700 700 226
559 559 196
700 700 271
700 700 259
200 200 195
309 309 195
616 616 194
689 689 194
700 700 293
111 111 194
313 313 193
341 341 193
179 179 193
700 700 199
433 433 193
700 700 226
700 700 222
700 700 234
700 700 219
647 647 193
41 41 193
460 460 193
21 21 193
50 50 193
700 700 253
219 219 192
582 582 192
402 402 192
519 519 192
700 700 216
693 693 192
242 242 192
674 674 192
114 114 192
535 535 192
345 345 191
700 700 248
700 700 245
67 67 191
700 700 259
570 570 191
538 538 191
39 39 190
700 700 220
700 700 198
700 700 293
180 180 190
700 700 275
319 319 190
463 463 190
517 517 190
478 478 189
30 30 189
505 505 189
311 311 189
700 700 258
606 606 189
339 339 189
501 501 189
700 700 272
159 159 188
551 551 188
649 649 188
75 75 188
260 260 188
700 700 231
700 700 198
700 700 292
297 297 187
512 512 187
700 700 257
700 700 265
692 692 187
86 86 187
700 700 239
66 66 186
700 700 278
544 544 186
700 700 280
343 343 186
352 352 186
593 593 186
536 536 186
494 494 186
123 123 186
541 541 186
534 534 186
693 693 186
700 700 235
202 202 186
243 243 185
689 689 185
700 700 299
370 370 185
700 700 249
569 569 185
700 700 189
68 68 185
216 216 184
273 273 184
185 185 184
700 700 237
700 700 267
642 642 184
62 62 184
700 700 224
700 700 231
523 523 183
700 700 297
700 700 286
484 484 183
538 538 183
585 585 183
700 700 276
591 591 182
700 700 220
71 71 182
388 388 182
700 700 270
700 700 249
402 402 181
679 679 181
218 218 181
4 4 181
344 344 181
505 505 181
368 368 181
700 700 268
524 524 181
636 636 180
700 700 297
700 700 261
196 196 180
121 121 180
607 607 180
543 543 180
620 620 180
631 631 180
336 336 180
700 700 280
700 700 273
700 700 222
596 596 179
671 671 179
80 80 179
412 412 179
693 693 178
700 700 267
700 700 287
355 355 178
700 700 226
700 700 196
429 429 178
344 344 178
45 45 178
127 127 178
258 258 178
700 700 267
700 700 233
700 700 189
390 390 177
700 700 289
554 554 177
700 700 278
490 490 177
700 700 249
700 700 246
700 700 292
320 320 177
597 597 177
587 587 176
654 654 176
617 617 176
674 674 176
700 700 297
700 700 296
597 597 175
667 667 175
700 700 297
119 119 175
700 700 292
364 364 174
700 700 188
511 511 174
700 700 231
62 62 174
640 640 174
599 599 174
493 493 174
431 431 174
218 218 173
700 700 268
169 169 173
570 570 173
227 227 173
621 621 173
498 498 172
700 700 236
462 462 172
304 304 172
161 161 172
582 582 172
395 395 172
700 700 222
700 700 217
58 58 172
696 696 172
700 700 299
672 672 171
628 628 171
448 448 171
700 700 176
700 700 217
595 595 171
700 700 296
25 25 171
90 90 170
631 631 170
700 700 235
295 295 170
428 428 170
700 700 296
618 618 170
700 700 170
676 676 170
698 698 170
700 700 231
682 682 169
700 700 273
700 700 274
697 697 169
700 700 171
389 389 169
700 700 291
568 568 169
533 533 169
700 700 291
700 700 296
700 700 286
258 258 168
655 655 168
392 392 168
700 700 185
401 401 168
700 700 197
662 662 168
460 460 168
679 679 167
700 700 243
339 339 167
604 604 167
585 585 167
700 700 206
700 700 235
598 598 166
700 700 195
700 700 222
700 700 172
165 165 166
700 700 204
553 553 166
666 666 166
700 700 264
140 140 166
651 651 165
541 541 165
700 700 273
700 700 294
700 700 219
606 606 165
408 408 165
700 700 288
135 135 165
636 636 165
428 428 165
198 198 164
700 700 198
319 319 164
528 528 164
650 650 164
700 700 276
700 700 256
672 672 163
591 591 163
124 124 163
140 140 163
604 604 163
225 225 162
700 700 217
700 700 287
549 549 162
700 700 201
614 614 162
700 700 227
419 419 162
539 539 161
700 700 261
453 453 161
692 692 161
700 700 272
525 525 161
521 521 161
700 700 286
700 700 184
363 363 161
700 700 266
459 459 161
693 693 161
700 700 234
615 615 161
262 262 161
700 700 198
700 700 213
700 700 255
700 700 169
68 68 160
700 700 259
676 676 160
700 700 275
644 644 159
98 98 159
492 492 159
196 196 159
367 367 159
637 637 159
700 700 169
345 345 159
648 648 159
47 47 159
451 451 159
40 40 159
668 668 159
700 700 249
700 700 280
77 77 158
361 361 158
514 514 158
467 467 158
246 246 158
472 472 158
316 316 158
234 234 158
286 286 157
700 700 271
700 700 247
483 483 157
486 486 157
68 68 157
668 668 157
336 336 157
458 458 157
658 658 157
700 700 256
700 700 185
700 700 271
639 639 156
700 700 239
395 395 156
116 116 156
700 700 271
245 245 156
414 414 156
355 355 156
497 497 155
32 32 155
700 700 220
459 459 155
700 700 236
700 700 208
394 394 155
700 700 213
658 658 155
395 395 155
700 700 191
528 528 154
368 368 154
1 1 154
700 700 223
322 322 154
237 237 154
700 700 274
700 700 291
700 700 258
700 700 227
396 396 153
619 619 153
623 623 153
553 553 153
277 277 153
159 159 152
344 344 152
700 700 226
700 700 269
382 382 152
202 202 152
501 501 151
700 700 231
649 649 151
133 133 151
700 700 152
700 700 185
700 700 224
700 700 267
700 700 219
84 84 151
69 69 151
622 622 151
593 593 151
495 495 150
35 35 150
349 349 150
504 504 150
658 658 150
594 594 150
570 570 149
700 700 194
700 700 294
700 700 243
399 399 149
700 700 242
205 205 149
700 700 297
597 597 149
40 40 149
67 67 148
700 700 195
700 700 272
700 700 229
403 403 148
700 700 299
546 546 148
700 700 239
700 700 244
272 272 148
700 700 283
26 26 148
274 274 148
700 700 243
700 700 255
593 593 147
617 617 147
504 504 147
700 700 266
298 298 147
700 700 163
557 557 147
700 700 291
687 687 147
546 546 147
73 73 147
700 700 296
700 700 275
700 700 183
700 700 225
700 700 284
700 700 161
21 21 146
316 316 146
692 692 146
493 493 145
538 538 145
700 700 164
240 240 145
700 700 205
250 250 145
612 612 145
665 665 145
329 329 145
700 700 174
700 700 171
531 531 144
632 632 144
700 700 295
700 700 278
614 614 144
599 599 144
700 700 290
588 588 143
700 700 215
700 700 297
679 679 143
700 700 281
625 625 142
622 622 142
479 479 142
184 184 142
67 67 142
700 700 187
34 34 142
700 700 198
368 368 142
700 700 262
15 15 141
612 612 141
700 700 263
700 700 256
515 515 141
700 700 297
17 17 141
700 700 288
700 700 296
672 672 141
469 469 141
700 700 183
700 700 273
700 700 295
440 440 140
186 186 140
634 634 140
313 313 140
649 649 140
223 223 140
700 700 179
700 700 277
588 588 140
695 695 139
700 700 264
700 700 157
638 638 139
632 632 139
700 700 207
700 700 293
645 645 139
418 418 139
637 637 138
327 327 138
37 37 138
700 700 256
390 390 138
700 700 230
438 438 138
700 700 258
700 700 206
673 673 138
661 661 138
700 700 208
55 55 138
249 249 138
6 6 137
700 700 235
694 694 137
700 700 189
700 700 241
393 393 137
57 57 137
700 700 249
200 200 137
415 415 137
700 700 188
399 399 137
700 700 296
227 227 136
593 593 136
700 700 282
408 408 136
23 23 136
449 449 136
700 700 173
694 694 136
659 659 136
456 456 135
700 700 159
700 700 248
104 104 135
593 593 135
700 700 195
700 700 230
123 123 135
700 700 189
700 700 216
700 700 152
392 392 135
700 700 239
700 700 227
700 700 260
700 700 277
699 699 135
591 591 134
700 700 139
377 377 134
700 700 175
700 700 291
694 694 134
172 172 134
632 632 134
340 340 134
383 383 133
686 686 133
677 677 133
700 700 298
545 545 133
642 642 133
680 680 133
700 700 275
700 700 203
700 700 289
539 539 133
556 556 132
700 700 268
39 39 132
700 700 274
700 700 254
442 442 132
700 700 289
700 700 162
250 250 131
544 544 131
700 700 173
346 346 131
655 655 131
353 353 131
700 700 169
459 459 130
700 700 273
443 443 130
700 700 181
270 270 130
563 563 130
700 700 167
700 700 199
700 700 265
349 349 130
547 547 129
578 578 129
455 455 129
73 73 129
700 700 174
696 696 129
700 700 193
567 567 129
668 668 128
143 143 128
700 700 222
435 435 128
700 700 273
700 700 228
700 700 243
106 106 127
165 165 127
700 700 262
700 700 206
700 700 150
700 700 177
700 700 260
538 538 127
700 700 232
471 471 126
655 655 126
700 700 190
700 700 209
700 700 139
700 700 279
697 697 126
700 700 177
491 491 126
149 149 126
478 478 126
449 449 126
646 646 126
700 700 132
143 143 125
468 468 125
700 700 132
700 700 267
523 523 125
700 700 186
453 453 124
673 673 124
551 551 124
700 700 246
700 700 179
360 360 124
252 252 124
9 9 124
700 700 230
700 700 277
700 700 232
52 52 124
413 413 123
112 112 123
667 667 123
700 700 280
371 371 123
700 700 210
484 484 123
700 700 142
700 700 279
700 700 265
700 700 150
32 32 122
700 700 171
700 700 169
700 700 165
700 700 298
700 700 277
700 700 253
154 154 121
700 700 210
700 700 249
403 403 121
268 268 121
370 370 121
193 193 121
454 454 121
249 249 121
700 700 213
700 700 142
284 284 121
238 238 121
606 606 120
557 557 120
413 413 120
228 228 120
305 305 120
700 700 287
376 376 120
700 700 257
612 612 120
550 550 120
700 700 148
700 700 198
149 149 120
562 562 119
700 700 272
700 700 280
636 636 119
700 700 212
700 700 180
605 605 119
414 414 119
700 700 213
390 390 119
700 700 267
191 191 118
327 327 118
516 516 118
367 367 118
700 700 132
700 700 212
439 439 118
559 559 118
560 560 117
373 373 117
700 700 191
452 452 117
700 700 169
700 700 265
652 652 117
170 170 117
640 640 117
684 684 117
700 700 199
301 301 116
700 700 279
455 455 116
700 700 260
700 700 154
700 700 240
579 579 116
579 579 116
700 700 298
98 98 115
700 700 228
91 91 115
255 255 114
647 647 114
142 142 114
412 412 114
700 700 226
145 145 114
700 700 260
700 700 189
537 537 114
700 700 123
383 383 114
517 517 114
439 439 114
675 675 114
108 108 113
700 700 199
156 156 113
700 700 207
679 679 113
55 55 113
700 700 143
617 617 113
583 583 113
536 536 113
193 193 113
700 700 296
700 700 211
397 397 112
700 700 142
700 700 250
623 623 112
700 700 221
700 700 181
700 700 244
551 551 112
700 700 245
185 185 112
700 700 277
700 700 207
700 700 151
700 700 146
700 700 190
700 700 116
517 517 111
700 700 270
700 700 203
700 700 198
79 79 111
700 700 163
574 574 111
595 595 111
673 673 111
309 309 111
427 427 110
37 37 110
196 196 110
700 700 228
700 700 226
700 700 250
700 700 235
378 378 110
700 700 215
700 700 298
271 271 110
700 700 226
700 700 154
700 700 224
700 700 113
55 55 109
700 700 170
591 591 109
700 700 159
441 441 109
700 700 246
317 317 109
220 220 109
700 700 230
23 23 109
700 700 109
636 636 108
700 700 138
700 700 120
700 700 143
700 700 214
580 580 108
700 700 280
567 567 108
439 439 107
70 70 107
700 700 179
443 443 107
700 700 237
686 686 107
695 695 107
564 564 107
631 631 107
377 377 107
700 700 167
559 559 107
392 392 107
593 593 106
700 700 290
700 700 262
700 700 161
520 520 106
700 700 154
700 700 154
700 700 128
229 229 105
700 700 164
700 700 233
700 700 202
700 700 251
293 293 105
700 700 287
442 442 105
501 501 104
700 700 267
700 700 221
232 232 104
395 395 104
700 700 113
442 442 103
593 593 103
210 210 103
700 700 280
700 700 204
691 691 103
567 567 103
322 322 103
700 700 233
13 13 103
700 700 118
631 631 103
700 700 208
700 700 193
700 700 105
129 129 102
700 700 157
700 700 281
700 700 279
700 700 221
700 700 222
330 330 102
6 6 102
151 151 101
650 650 101
595 595 101
700 700 105
11 11 101
700 700 203
492 492 101
665 665 101
651 651 101
700 700 212
562 562 101
700 700 124
473 473 101
700 700 173
700 700 273
523 523 100
547 547 100
700 700 112
642 642 100
20 20 100
700 700 267
286 286 100
700 700 265
148 148 100
700 700 279
143 143 100
385 385 100
609 609 99
270 270 99
700 700 256
700 700 282
510 510 99
700 700 199
631 631 99
367 367 99
700 700 175
272 272 99
592 592 98
380 380 98
168 168 98
700 700 162
700 700 260
33 33 98
10 10 98
122 122 98
331 331 98
700 700 114
700 700 231
700 700 293
114 114 97
700 700 198
700 700 191
700 700 280
700 700 291
111 111 97
614 614 97
700 700 169
272 272 97
700 700 264
700 700 106
700 700 159
700 700 179
700 700 285
514 514 97
652 652 96
602 602 96
657 657 96
700 700 272
682 682 96
697 697 96
700 700 110
700 700 288
700 700 146
310 310 96
700 700 193
700 700 267
700 700 168
496 496 96
700 700 195
700 700 265
700 700 123
75 75 95
381 381 95
512 512 95
11 11 95
699 699 95
632 632 95
409 409 95
700 700 208
405 405 95
700 700 240
674 674 94
700 700 285
700 700 101
377 377 94
352 352 94
650 650 94
408 408 93
700 700 263
700 700 218
700 700 193
603 603 93
700 700 261
298 298 93
700 700 252
700 700 268
700 700 264
700 700 178
700 700 291
676 676 92
623 623 92
618 618 92
700 700 266
491 491 91
146 146 91
45 45 91
700 700 133
418 418 91
538 538 91
700 700 285
689 689 91
700 700 165
700 700 146
700 700 241
700 700 227
601 601 91
462 462 91
397 397 91
700 700 259
407 407 91
324 324 91
700 700 240
700 700 90
433 433 90
700 700 235
343 343 90
700 700 284
700 700 164
700 700 131
581 581 90
547 547 89
700 700 273
600 600 89
106 106 89
700 700 173
90 90 89
329 329 89
542 542 89
700 700 248
700 700 120
700 700 266
700 700 138
265 265 89
700 700 249
700 700 194
633 633 88
677 677 88
297 297 88
506 506 88
700 700 298
700 700 217
700 700 244
700 700 159
700 700 175
700 700 224
700 700 285
700 700 279
700 700 205
700 700 196
700 700 210
581 581 87
409 409 87
700 700 216
364 364 87
623 623 87
700 700 172
512 512 87
57 57 87
249 249 87
697 697 87
442 442 87
700 700 273
700 700 230
700 700 206
700 700 292
651 651 86
390 390 86
700 700 199
334 334 86
700 700 288
700 700 121
503 503 86
321 321 86
700 700 299
700 700 223
700 700 265
134 134 85
700 700 185
91 91 85
700 700 278
700 700 273
700 700 228
114 114 85
406 406 85
700 700 130
700 700 237
700 700 113
32 32 84
700 700 278
480 480 84
700 700 179
637 637 84
337 337 84
352 352 84
146 146 84
700 700 149
700 700 230
537 537 83
700 700 144
700 700 266
700 700 185
19 19 83
172 172 83
700 700 225
700 700 248
541 541 83
636 636 83
684 684 82
475 475 82
330 330 82
550 550 82
700 700 254
233 233 82
700 700 165
546 546 82
700 700 206
395 395 82
239 239 82
675 675 82
700 700 291
700 700 140
700 700 167
332 332 81
700 700 285
475 475 81
700 700 296
700 700 248
700 700 217
700 700 223
700 700 199
700 700 295
700 700 225
120 120 80
313 313 80
700 700 235
700 700 110
508 508 79
700 700 102
700 700 188
686 686 79
433 433 79
700 700 220
700 700 80
700 700 284
700 700 261
700 700 293
700 700 291
447 447 78
700 700 90
351 351 78
692 692 78
700 700 295
664 664 78
590 590 78
700 700 273
476 476 78
700 700 151
700 700 136
700 700 127
633 633 77
700 700 286
700 700 218
700 700 254
700 700 233
700 700 208
700 700 170
700 700 279
700 700 216
700 700 86
700 700 216
700 700 151
71 71 76
648 648 76
473 473 76
657 657 76
700 700 83
630 630 76
700 700 148
195 195 76
700 700 288
700 700 92
700 700 236
663 663 75
700 700 183
623 623 75
700 700 238
165 165 75
700 700 139
700 700 83
105 105 74
518 518 74
700 700 139
700 700 179
613 613 74
700 700 252
700 700 299
639 639 74
283 283 73
502 502 73
700 700 234
469 469 73
700 700 212
662 662 73
700 700 261
700 700 281
55 55 72
524 524 72
700 700 291
546 546 72
700 700 84
700 700 292
670 670 72
700 700 201
473 473 72
534 534 72
700 700 178
265 265 71
527 527 71
700 700 203
218 218 71
700 700 227
700 700 290
700 700 255
526 526 71
700 700 261
700 700 269
700 700 183
615 615 71
700 700 270
700 700 258
700 700 123
700 700 142
422 422 71
700 700 191
520 520 70
188 188 70
700 700 97
700 700 278
360 360 70
507 507 70
700 700 240
193 193 70
679 679 70
700 700 154
673 673 70
351 351 70
402 402 70
700 700 213
211 211 69
700 700 201
700 700 297
628 628 69
700 700 254
700 700 237
60 60 69
700 700 183
700 700 281
558 558 69
700 700 170
597 597 69
700 700 98
700 700 295
89 89 68
698 698 68
242 242 68
292 292 68
700 700 299
700 700 225
700 700 291
700 700 104
419 419 67
230 230 67
416 416 67
700 700 273
623 623 67
700 700 265
146 146 67
371 371 67
45 45 67
700 700 70
535 535 67
700 700 196
394 394 66
700 700 167
700 700 276
700 700 192
118 118 66
467 467 66
69 69 66
217 217 66
596 596 66
589 589 66
700 700 209
700 700 180
628 628 65
700 700 231
310 310 65
700 700 282
700 700 69
700 700 293
356 356 65
700 700 297
700 700 255
555 555 64
700 700 114
700 700 270
536 536 64
315 315 64
700 700 223
700 700 294
105 105 64
561 561 63
700 700 292
626 626 63
700 700 261
384 384 63
273 273 63
700 700 187
700 700 259
700 700 288
700 700 295
212 212 63
700 700 299
291 291 63
700 700 297
700 700 62
700 700 262
682 682 62
190 190 62
700 700 135
220 220 62
700 700 175
700 700 294
700 700 116
700 700 259
700 700 109
700 700 201
700 700 170
427 427 62
700 700 262
700 700 100
700 700 95
684 684 61
609 609 61
700 700 148
700 700 245
700 700 292
108 108 61
700 700 295
204 204 61
700 700 286
700 700 210
45 45 61
429 429 61
700 700 292
695 695 61
700 700 258
700 700 288
700 700 274
602 602 60
648 648 60
448 448 60
700 700 271
700 700 294
700 700 85
700 700 224
700 700 99
700 700 146
668 668 60
700 700 146
700 700 200
700 700 289
700 700 288
218 218 59
700 700 71
166 166 59
700 700 213
700 700 229
624 624 58
229 229 58
700 700 194
700 700 173
677 677 58
122 122 58
175 175 58
700 700 210
240 240 58
700 700 287
560 560 58
700 700 285
438 438 57
700 700 299
700 700 244
700 700 100
353 353 57
700 700 281
700 700 259
616 616 57
700 700 266
93 93 57
700 700 298
2 2 57
700 700 296
700 700 96
452 452 57
403 403 57
390 390 57
561 561 57
700 700 281
694 694 56
171 171 56
700 700 165
700 700 102
700 700 137
664 664 56
700 700 220
700 700 282
700 700 265
686 686 56
700 700 284
700 700 181
700 700 168
630 630 56
700 700 199
700 700 209
500 500 56
665 665 56
700 700 257
241 241 55
700 700 204
77 77 55
700 700 273
697 697 55
700 700 290
353 353 55
700 700 277
207 207 55
700 700 269
697 697 55
700 700 223
700 700 254
700 700 297
221 221 55
500 500 55
700 700 234
700 700 282
700 700 189
380 380 54
700 700 160
700 700 292
700 700 278
680 680 54
700 700 117
625 625 54
700 700 62
642 642 54
700 700 213
434 434 54
486 486 54
700 700 297
700 700 205
293 293 53
700 700 213
700 700 203
700 700 294
700 700 280
130 130 53
700 700 295
700 700 266
700 700 273
700 700 258
141 141 53
700 700 198
346 346 52
700 700 119
700 700 135
573 573 52
187 187 52
700 700 274
277 277 52
700 700 271
700 700 128
616 616 52
580 580 52
62 62 52
700 700 173
365 365 51
700 700 211
87 87 51
642 642 51
332 332 51
350 350 51
700 700 251
700 700 219
700 700 251
644 644 51
700 700 231
84 84 51
561 561 51
476 476 51
57 57 51
700 700 292
700 700 111
179 179 51
700 700 287
508 508 51
671 671 51
513 513 51
700 700 260
700 700 250
700 700 186
432 432 50
162 162 50
486 486 50
502 502 50
515 515 50
666 666 50
700 700 81
110 110 50
700 700 262
700 700 50
242 242 50
700 700 280
700 700 282
700 700 284
510 510 50
273 273 50
700 700 231
700 700 251
31 31 49
700 700 259
558 558 49
700 700 232
700 700 227
700 700 208
569 569 49
531 531 49
700 700 192
700 700 265
700 700 57
684 684 49
700 700 77
700 700 175
700 700 273
659 659 48
578 578 48
700 700 296
700 700 76
700 700 289
247 247 48
700 700 190
700 700 150
700 700 291
700 700 297
364 364 47
344 344 47
700 700 79
700 700 252
700 700 261
700 700 174
189 189 46
515 515 46
700 700 279
700 700 289
700 700 189
308 308 46
700 700 248
576 576 46
335 335 46
700 700 220
680 680 46
375 375 45
219 219 45
558 558 45
549 549 45
329 329 45
510 510 45
700 700 130
700 700 287
700 700 77
373 373 44
516 516 44
700 700 168
359 359 44
416 416 44
586 586 44
157 157 44
700 700 96
700 700 155
700 700 291
700 700 44
700 700 226
271 271 43
700 700 69
700 700 183
667 667 43
700 700 219
45 45 43
515 515 43
700 700 237
700 700 292
700 700 68
253 253 43
233 233 43
700 700 232
700 700 232
700 700 106
700 700 284
700 700 106
659 659 42
554 554 42
700 700 266
700 700 209
700 700 127
607 607 42
700 700 50
700 700 107
700 700 282
700 700 171
700 700 172
700 700 272
234 234 41
700 700 231
700 700 286
430 430 41
644 644 41
700 700 148
700 700 85
332 332 41
700 700 181
325 325 41
292 292 41
700 700 255
700 700 227
12 12 41
700 700 241
585 585 41
700 700 101
700 700 84
700 700 261
700 700 51
700 700 259
700 700 245
700 700 297
700 700 286
700 700 290
700 700 127
700 700 273
700 700 200
700 700 172
700 700 292
700 700 258
700 700 268
700 700 120
700 700 48
700 700 284
24 24 40
700 700 289
700 700 293
65 65 39
700 700 163
700 700 67
325 325 39
700 700 292
696 696 39
700 700 194
700 700 128
585 585 39
668 668 39
295 295 39
700 700 278
700 700 155
700 700 191
700 700 220
700 700 210
700 700 170
700 700 268
700 700 267
700 700 151
700 700 235
659 659 39
700 700 192
700 700 102
700 700 190
664 664 38
700 700 146
700 700 107
700 700 257
477 477 38
700 700 295
689 689 38
700 700 220
700 700 286
503 503 37
700 700 61
700 700 104
585 585 37
693 693 37
700 700 80
700 700 60
23 23 37
700 700 238
700 700 278
572 572 37
700 700 273
221 221 37
700 700 275
615 615 37
700 700 109
700 700 160
45 45 37
164 164 37
539 539 36
700 700 151
700 700 287
174 174 36
256 256 36
319 319 36
692 692 36
656 656 36
700 700 265
654 654 36
700 700 258
288 288 36
430 430 36
700 700 95
644 644 36
700 700 299
700 700 281
365 365 36
700 700 291
700 700 108
678 678 36
700 700 94
164 164 35
616 616 35
413 413 35
700 700 225
700 700 162
482 482 35
700 700 276
700 700 261
689 689 35
700 700 276
700 700 231
700 700 223
700 700 205
700 700 255
288 288 35
700 700 270
246 246 35
700 700 263
479 479 34
700 700 295
700 700 293
700 700 284
33 33 34
106 106 34
700 700 220
588 588 34
700 700 157
700 700 290
398 398 34
700 700 163
700 700 285
171 171 34
700 700 274
661 661 34
700 700 189
700 700 255
700 700 282
508 508 33
700 700 247
700 700 290
700 700 49
700 700 293
700 700 264
410 410 33
700 700 279
700 700 56
664 664 33
408 408 33
540 540 33
700 700 270
700 700 247
175 175 32
700 700 254
700 700 249
700 700 276
625 625 32
487 487 32
700 700 252
700 700 116
700 700 293
700 700 263
700 700 295
700 700 150
169 169 32
700 700 271
485 485 32
700 700 221
700 700 187
4 4 31
700 700 292
553 553 31
636 636 31
700 700 191
494 494 31
625 625 31
300 300 31
611 611 31
700 700 293
700 700 172
700 700 236
700 700 288
700 700 291
399 399 31
700 700 263
390 390 31
700 700 130
58 58 31
700 700 295
433 433 30
393 393 30
477 477 30
700 700 115
413 413 30
700 700 230
700 700 238
700 700 270
700 700 194
700 700 296
446 446 30
700 700 236
229 229 30
452 452 30
446 446 30
629 629 30
520 520 30
398 398 30
611 611 30
388 388 29
169 169 29
700 700 223
700 700 244
572 572 29
700 700 293
302 302 29
700 700 171
700 700 241
700 700 236
700 700 200
700 700 68
700 700 258
19 19 29
700 700 244
700 700 105
700 700 147
700 700 107
700 700 297
697 697 28
489 489 28
700 700 294
700 700 40
700 700 274
700 700 288
700 700 275
700 700 262
700 700 48
700 700 224
700 700 270
283 283 28
700 700 226
75 75 28
700 700 282
700 700 252
700 700 99
700 700 256
620 620 28
696 696 28
700 700 107
628 628 28
700 700 213
204 204 27
565 565 27
700 700 281
700 700 132
700 700 38
700 700 31
700 700 219
700 700 79
700 700 274
700 700 115
700 700 155
700 700 279
700 700 288
700 700 176
645 645 27
236 236 26
700 700 207
338 338 26
433 433 26
700 700 112
566 566 26
700 700 249
513 513 26
700 700 30
700 700 153
700 700 92
700 700 295
700 700 136
700 700 196
700 700 232
592 592 26
700 700 275
700 700 214
700 700 294
524 524 26
467 467 26
700 700 240
700 700 274
700 700 282
700 700 264
225 225 25
700 700 289
700 700 296
700 700 262
447 447 25
700 700 192
446 446 25
571 571 25
190 190 25
323 323 25
700 700 25
700 700 96
523 523 24
700 700 226
700 700 38
700 700 91
700 700 58
700 700 231
700 700 162
129 129 24
700 700 295
320 320 24
700 700 279
700 700 237
144 144 24
648 648 24
700 700 245
484 484 24
700 700 284
700 700 226
700 700 178
700 700 55
700 700 276
700 700 261
504 504 23
395 395 23
629 629 23
46 46 23
700 700 295
340 340 23
700 700 245
700 700 299
656 656 23
700 700 220
700 700 41
700 700 129
700 700 260
700 700 253
700 700 274
700 700 260
700 700 294
700 700 188
700 700 298
700 700 274
700 700 265
700 700 87
700 700 49
700 700 293
700 700 245
73 73 22
700 700 285
229 229 22
700 700 32
700 700 224
554 554 22
700 700 295
700 700 181
413 413 22
700 700 270
700 700 285
700 700 288
700 700 75
700 700 279
700 700 288
700 700 168
700 700 281
700 700 149
700 700 283
156 156 22
700 700 285
700 700 261
700 700 286
624 624 21
700 700 205
700 700 248
670 670 21
349 349 21
700 700 219
700 700 269
700 700 290
700 700 252
545 545 21
700 700 82
275 275 21
700 700 278
700 700 295
700 700 274
700 700 297
700 700 294
672 672 20
700 700 42
700 700 124
700 700 267
700 700 239
700 700 234
700 700 289
700 700 262
700 700 253
700 700 296
700 700 295
700 700 299
700 700 217
242 242 19
700 700 298
700 700 272
700 700 236
700 700 291
700 700 282
700 700 162
700 700 256
700 700 293
700 700 299
700 700 287
438 438 19
700 700 296
700 700 157
700 700 202
700 700 277
700 700 299
700 700 258
465 465 19
700 700 291
700 700 225
700 700 248
468 468 19
700 700 194
556 556 19
700 700 163
700 700 183
700 700 168
700 700 57
593 593 18
636 636 18
700 700 211
700 700 221
700 700 294
700 700 291
700 700 111
614 614 18
10 10 18
400 400 18
700 700 20
51 51 18
700 700 21
700 700 280
425 425 18
246 246 18
644 644 18
450 450 17
700 700 92
647 647 17
700 700 297
700 700 69
700 700 160
700 700 288
541 541 17
676 676 17
700 700 117
700 700 250
462 462 17
700 700 233
700 700 271
700 700 280
700 700 166
566 566 17
197 197 17
700 700 20
700 700 87
700 700 293
700 700 118
699 699 16
286 286 16
700 700 275
498 498 16
700 700 253
700 700 231
229 229 16
700 700 299
700 700 278
700 700 218
700 700 269
700 700 212
699 699 16
700 700 247
315 315 16
700 700 181
700 700 117
700 700 287
700 700 264
700 700 252
700 700 299
700 700 208
700 700 296
343 343 15
700 700 282
687 687 15
345 345 15
88 88 15
700 700 37
185 185 15
700 700 217
29 29 15
693 693 15
700 700 272
700 700 87
609 609 15
700 700 255
700 700 282
700 700 293
700 700 70
700 700 48
42 42 15
422 422 15
700 700 209
235 235 15
573 573 15
700 700 107
599 599 14
700 700 271
700 700 294
700 700 244
700 700 274
466 466 14
700 700 85
700 700 286
700 700 209
700 700 55
419 419 14
700 700 144
700 700 53
700 700 124
214 214 14
700 700 261
700 700 284
700 700 266
700 700 192
700 700 273
700 700 271
700 700 118
451 451 13
700 700 265
700 700 274
700 700 245
700 700 228
700 700 299
700 700 289
700 700 272
700 700 122
700 700 34
700 700 195
700 700 298
700 700 291
693 693 13
700 700 151
700 700 148
154 154 13
700 700 296
229 229 13
700 700 292
700 700 299
700 700 213
383 383 13
482 482 13
700 700 217
700 700 275
700 700 252
503 503 12
18 18 12
700 700 288
700 700 279
663 663 12
643 643 12
361 361 12
700 700 86
700 700 297
698 698 12
700 700 232
387 387 12
700 700 187
700 700 144
700 700 267
700 700 299
700 700 243
700 700 194
663 663 12
201 201 12
700 700 252
165 165 12
700 700 292
162 162 11
700 700 75
700 700 298
700 700 177
700 700 297
663 663 11
700 700 268
698 698 11
700 700 117
555 555 11
700 700 127
700 700 225
700 700 299
139 139 11
700 700 299
615 615 11
429 429 11
390 390 11
700 700 88
700 700 17
700 700 285
700 700 57
646 646 10
700 700 141
700 700 267
700 700 282
700 700 119
700 700 271
700 700 277
658 658 10
700 700 189
673 673 10
53 53 10
331 331 10
93 93 10
700 700 222
700 700 221
700 700 266
178 178 9
700 700 211
104 104 9
244 244 9
511 511 9
700 700 47
700 700 261
700 700 188
700 700 94
700 700 253
700 700 267
700 700 294
659 659 9
566 566 9
47 47 9
700 700 297
700 700 298
700 700 231
499 499 9
700 700 291
700 700 31
540 540 9
656 656 9
526 526 9
700 700 296
700 700 272
700 700 277
473 473 9
526 526 9
700 700 84
411 411 9
694 694 9
700 700 299
700 700 280
700 700 268
700 700 209
700 700 242
700 700 277
700 700 216
471 471 8
435 435 8
700 700 99
700 700 221
700 700 10
700 700 223
700 700 292
700 700 293
700 700 188
700 700 243
669 669 8
72 72 8
700 700 273
700 700 285
700 700 283
700 700 278
700 700 252
700 700 173
592 592 8
700 700 278
700 700 299
359 359 7
571 571 7
700 700 178
686 686 7
700 700 287
700 700 296
700 700 291
700 700 28
584 584 7
700 700 247
378 378 7
637 637 7
700 700 292
700 700 271
700 700 121
200 200 7
700 700 224
700 700 295
700 700 283
700 700 298
700 700 129
656 656 7
9 9 7
700 700 115
307 307 7
700 700 267
700 700 253
700 700 213
268 268 6
700 700 280
700 700 188
700 700 286
700 700 285
700 700 194
494 494 6
700 700 274
118 118 6
700 700 291
700 700 294
700 700 257
700 700 219
414 414 6
700 700 298
700 700 297
700 700 235
700 700 275
700 700 294
700 700 261
700 700 229
700 700 279
700 700 296
700 700 262
700 700 93
680 680 5
700 700 76
52 52 5
700 700 186
700 700 237
700 700 291
700 700 295
700 700 284
700 700 165
213 213 5
700 700 293
700 700 298
700 700 220
700 700 197
700 700 296
700 700 179
700 700 294
700 700 268
700 700 260
700 700 267
700 700 116
700 700 278
700 700 254
622 622 5
700 700 136
700 700 207
700 700 14
700 700 295
307 307 5
700 700 284
700 700 287
700 700 263
700 700 288
700 700 234
700 700 190
700 700 281
700 700 237
700 700 221
700 700 291
700 700 256
700 700 279
700 700 264
700 700 296
700 700 192
700 700 176
700 700 166
700 700 281
241 241 4
658 658 4
700 700 278
166 166 4
700 700 288
700 700 68
171 171 4
700 700 258
348 348 4
700 700 275
700 700 293
700 700 294
429 429 4
700 700 296
700 700 238
700 700 273
700 700 290
700 700 119
700 700 299
700 700 182
700 700 299
700 700 294
700 700 299
700 700 274
700 700 294
700 700 189
700 700 299
700 700 207
700 700 179
700 700 283
700 700 293
700 700 99
700 700 280
700 700 179
647 647 3
700 700 179
700 700 102
700 700 290
600 600 3
700 700 286
700 700 154
700 700 298
559 559 3
698 698 3
700 700 88
700 700 155
700 700 248
700 700 159
700 700 295
700 700 199
700 700 137
700 700 176
700 700 289
700 700 284
197 197 2
700 700 294
700 700 262
700 700 266
700 700 199
700 700 296
138 138 2
700 700 273
700 700 259
700 700 295
700 700 194
700 700 60
700 700 287
365 365 2
541 541 2
188 188 2
700 700 166
470 470 2
700 700 148
700 700 298
700 700 276
700 700 273
700 700 299
700 700 244
125 125 1
700 700 295
504 504 1
700 700 295
700 700 298
700 700 230
700 700 296
570 570 1
700 700 293
700 700 25
700 700 297
700 700 295
700 700 294
462 462 1
700 700 298
700 700 163
700 700 297
700 700 17
700 700 237
700 700 293
700 700 13
700 700 201
700 700 299
700 700 276
700 700 180
700 700 228
700 700 299
700 700 300
700 700 285
700 700 253
700 700 262
700 700 84
700 700 46
700 700 300
700 700 299
600 600 0
700 700 298
700 700 292
593 593 0
700 700 299
700 700 234
700 700 298
700 700 299
700 700 289
700 700 213
700 700 297
700 700 268
700 700 297
700 700 276
700 700 261
700 700 299
607 607 0
700 700 297
700 700 26
700 700 292
700 700 297
700 700 299
700 700 262
700 700 299
653 653 0
700 700 299
700 700 297
700 700 295
