100 100 4.3589
5 5 90
7 7 81
2 2 78
4 4 71
23 23 59
26 26 54
31 31 47
23 23 59
31 31 47
37 37 39
14 14 60
22 22 57
32 32 46
10 10 56
4 4 54
47 47 28
39 39 37
4 4 50
38 38 38
16 16 49
37 37 39
28 28 47
47 47 28
10 10 46
12 12 44
46 46 29
51 51 24
35 35 42
22 22 41
42 42 33
53 53 22
52 52 23
1 1 37
1 1 36
44 44 31
4 4 33
6 6 32
4 4 30
63 63 13
1 1 29
2 2 28
31 31 28
63 63 13
40 40 25
10 10 23
54 54 21
70 70 9
70 70 9
69 69 9
44 44 20
70 70 9
41 41 18
70 70 9
42 42 17
70 70 9
31 31 15
70 70 9
36 36 15
66 66 11
70 70 9
70 70 9
59 59 12
57 57 11
37 37 11
11 11 10
70 70 9
20 20 9
70 70 9
70 70 9
54 54 7
70 70 7
25 25 6
51 51 6
70 70 9
70 70 9
70 70 9
70 70 9
70 70 9
70 70 9
70 70 9
42 42 4
61 61 4
70 70 9
70 70 9
37 37 4
70 70 9
56 56 2
34 34 2
25 25 2
70 70 9
70 70 9
61 61 2
70 70 6
70 70 9
70 70 9
70 70 9
11 11 1
70 70 9
70 70 9
70 70 0
