5000 100 4.3589
11 1 98
11 1 97
12 2 96
11 1 95
13 3 94
15 5 90
13 3 93
12 2 93
14 4 92
12 2 92
16 6 88
15 5 90
15 5 90
13 3 91
17 7 86
14 4 91
18 8 84
12 2 91
15 5 90
14 4 90
18 8 84
14 4 89
17 7 86
11 1 89
12 2 89
13 3 89
16 6 88
15 5 89
12 2 89
19 9 82
19 9 82
16 6 88
20 10 81
14 4 88
17 7 86
21 11 79
14 4 87
13 3 87
21 11 79
11 1 87
13 3 87
15 5 87
22 12 77
16 6 87
18 8 84
13 3 86
14 4 86
15 5 86
12 2 86
23 13 75
20 10 81
17 7 85
19 9 82
19 9 82
11 1 85
19 9 82
12 2 85
20 10 81
18 8 84
16 6 85
20 10 81
24 14 73
11 1 84
19 9 82
25 15 72
25 15 72
20 10 81
20 10 81
26 16 70
13 3 83
21 11 79
17 7 83
20 10 81
23 13 75
26 16 70
19 9 82
16 6 82
12 2 82
21 11 79
16 6 82
16 6 81
27 17 68
24 14 73
16 6 81
24 14 73
21 11 79
17 7 81
15 5 81
24 14 73
26 16 70
26 16 70
19 9 81
18 8 81
11 1 81
16 6 80
22 12 77
16 6 80
22 12 77
22 12 77
27 17 68
12 2 80
25 15 72
16 6 80
13 3 80
20 10 79
16 6 79
21 11 79
29 19 65
25 15 72
12 2 79
11 1 79
23 13 75
21 11 79
23 13 75
18 8 79
12 2 79
18 8 79
17 7 79
12 2 78
17 7 78
27 17 68
21 11 78
30 20 64
28 18 67
14 4 78
24 14 73
25 15 72
29 19 65
32 22 60
28 18 67
15 5 77
31 21 62
13 3 77
14 4 77
14 4 77
17 7 77
11 1 77
14 4 77
25 15 72
26 16 70
23 13 75
18 8 77
27 17 68
22 12 77
15 5 77
25 15 72
31 21 62
24 14 73
13 3 76
24 14 73
15 5 76
26 16 70
14 4 76
12 2 76
29 19 65
21 11 76
25 15 72
18 8 76
15 5 76
18 8 75
34 24 57
17 7 75
23 13 75
13 3 75
26 16 70
26 16 70
16 6 75
28 18 67
31 21 62
24 14 73
20 10 75
14 4 75
33 23 59
18 8 75
30 20 64
25 15 72
13 3 75
19 9 74
17 7 74
25 15 72
26 16 70
29 19 65
14 4 74
25 15 72
29 19 65
20 10 74
31 21 62
18 8 73
32 22 60
24 14 73
26 16 70
21 11 73
24 14 73
22 12 73
27 17 68
19 9 73
18 8 73
13 3 73
24 14 73
34 24 57
31 21 62
37 27 53
19 9 72
35 25 56
11 1 72
15 5 72
14 4 72
36 26 54
33 23 59
18 8 72
28 18 67
17 7 72
34 24 57
32 22 60
22 12 72
18 8 72
11 1 72
16 6 72
26 16 70
37 27 53
16 6 72
37 27 53
22 12 71
17 7 71
13 3 71
32 22 60
17 7 71
28 18 67
12 2 71
31 21 62
26 16 70
22 12 71
35 25 56
29 19 65
28 18 67
22 12 71
13 3 71
13 3 71
26 16 70
30 20 64
35 25 56
37 27 53
25 15 70
39 29 50
24 14 70
31 21 62
35 25 56
29 19 65
18 8 70
18 8 70
36 26 54
31 21 62
22 12 70
22 12 70
22 12 70
39 29 50
34 24 57
38 28 51
24 14 69
28 18 67
38 28 51
11 1 69
21 11 69
25 15 69
30 20 64
18 8 69
19 9 69
40 30 49
22 12 69
21 11 69
11 1 68
33 23 59
29 19 65
12 2 68
34 24 57
32 22 60
12 2 68
20 10 68
16 6 68
14 4 68
18 8 68
33 23 59
32 22 60
40 30 49
30 20 64
20 10 68
32 22 60
11 1 68
32 22 60
27 17 68
17 7 68
35 25 56
36 26 54
15 5 67
32 22 60
13 3 67
33 23 59
13 3 67
23 13 67
33 23 59
36 26 54
41 31 47
39 29 50
33 23 59
28 18 67
19 9 67
12 2 66
41 31 47
25 15 66
19 9 66
13 3 66
40 30 49
22 12 66
20 10 66
39 29 50
33 23 59
29 19 65
30 20 64
30 20 64
23 13 66
30 20 64
35 25 56
15 5 66
13 3 66
27 17 66
27 17 66
21 11 66
41 31 47
23 13 65
14 4 65
13 3 65
43 33 44
28 18 65
24 14 65
29 19 65
38 28 51
16 6 65
23 13 65
44 34 43
38 28 51
19 9 65
44 34 43
33 23 59
42 32 46
14 4 65
30 20 64
34 24 57
28 18 65
22 12 65
12 2 65
41 31 47
17 7 64
31 21 62
24 14 64
11 1 64
43 33 44
27 17 64
35 25 56
43 33 44
19 9 64
45 35 42
16 6 64
14 4 64
28 18 64
15 5 64
38 28 51
17 7 64
33 23 59
45 35 42
26 16 64
36 26 54
23 13 63
12 2 63
26 16 63
21 11 63
31 21 62
18 8 63
20 10 63
18 8 63
33 23 59
23 13 63
27 17 63
26 16 63
46 36 40
35 25 56
39 29 50
30 20 63
24 14 63
36 26 54
42 32 46
14 4 62
43 33 44
25 15 62
29 19 62
23 13 62
39 29 50
47 37 39
38 28 51
41 31 47
28 18 62
37 27 53
24 14 62
34 24 57
44 34 43
39 29 50
15 5 62
39 29 50
40 30 49
11 1 62
16 6 62
31 21 62
22 12 62
47 37 39
46 36 40
42 32 46
32 22 60
31 21 62
24 14 62
12 2 62
26 16 62
46 36 40
47 37 39
23 13 61
12 2 61
30 20 61
45 35 42
33 23 59
29 19 61
20 10 61
30 20 61
18 8 61
42 32 46
41 31 47
16 6 61
40 30 49
29 19 61
29 19 61
42 32 46
23 13 61
16 6 61
48 38 38
32 22 60
37 27 53
13 3 61
41 31 47
46 36 40
12 2 61
15 5 61
33 23 59
17 7 60
40 30 49
34 24 57
26 16 60
37 27 53
44 34 43
23 13 60
44 34 43
32 22 60
41 31 47
15 5 60
49 39 37
49 39 37
17 7 60
42 32 46
41 31 47
11 1 60
25 15 60
49 39 37
46 36 40
32 22 60
23 13 60
29 19 60
19 9 60
33 23 59
46 36 40
34 24 57
19 9 59
42 32 46
45 35 42
28 18 59
25 15 59
45 35 42
45 35 42
18 8 59
15 5 59
37 27 53
40 30 49
37 27 53
37 27 53
39 29 50
38 28 51
37 27 53
31 21 59
34 24 57
16 6 59
46 36 40
33 23 59
40 30 49
50 40 36
21 11 58
12 2 58
49 39 37
44 34 43
31 21 58
35 25 56
38 28 51
47 37 39
23 13 58
30 20 58
27 17 58
47 37 39
18 8 58
37 27 53
25 15 58
17 7 58
13 3 58
46 36 40
42 32 46
15 5 58
51 41 34
50 40 36
30 20 57
13 3 57
35 25 56
43 33 44
31 21 57
41 31 47
48 38 38
41 31 47
24 14 57
20 10 57
45 35 42
30 20 57
25 15 57
36 26 54
37 27 53
32 22 57
32 22 57
43 33 44
19 9 57
34 24 57
47 37 39
36 26 54
19 9 57
32 22 57
50 40 36
41 31 47
44 34 43
22 12 57
27 17 57
49 39 37
18 8 57
43 33 44
31 21 57
25 15 57
46 36 40
47 37 39
31 21 57
50 40 36
33 23 56
49 39 37
42 32 46
47 37 39
13 3 56
34 24 56
13 3 56
52 42 33
24 14 56
14 4 56
49 39 37
49 39 37
40 30 49
49 39 37
20 10 56
53 43 32
35 25 56
15 5 56
26 16 56
12 2 56
36 26 54
45 35 42
13 3 56
44 34 43
37 27 53
11 1 56
23 13 56
37 27 53
16 6 56
19 9 56
51 41 34
33 23 56
53 43 32
49 39 37
22 12 55
28 18 55
27 17 55
30 20 55
43 33 44
47 37 39
11 1 55
37 27 53
19 9 55
53 43 32
22 12 55
25 15 55
53 43 32
31 21 55
18 8 55
44 34 43
12 2 55
49 39 37
28 18 55
40 30 49
33 23 55
16 6 54
13 3 54
46 36 40
52 42 33
15 5 54
28 18 54
21 11 54
17 7 54
45 35 42
47 37 39
17 7 54
16 6 54
36 26 54
32 22 54
41 31 47
35 25 54
45 35 42
48 38 38
45 35 42
34 24 54
14 4 54
11 1 54
27 17 54
19 9 54
49 39 37
17 7 54
18 8 53
56 46 29
19 9 53
53 43 32
26 16 53
32 22 53
44 34 43
39 29 50
16 6 53
46 36 40
14 4 53
23 13 53
45 35 42
23 13 53
21 11 53
43 33 44
45 35 42
19 9 53
56 46 29
40 30 49
45 35 42
11 1 53
40 30 49
29 19 53
53 43 32
42 32 46
24 14 53
32 22 52
57 47 28
37 27 52
29 19 52
54 44 31
45 35 42
30 20 52
57 47 28
42 32 46
55 45 30
55 45 30
52 42 33
28 18 52
57 47 28
36 26 52
25 15 52
40 30 49
18 8 52
25 15 52
39 29 50
43 33 44
34 24 52
26 16 52
28 18 52
54 44 31
41 31 47
41 31 47
44 34 43
11 1 52
42 32 46
50 40 36
20 10 51
14 4 51
58 48 27
40 30 49
14 4 51
44 34 43
18 8 51
47 37 39
48 38 38
16 6 51
57 47 28
58 48 27
18 8 51
57 47 28
39 29 50
54 44 31
13 3 51
50 40 36
39 29 50
36 26 51
49 39 37
48 38 38
53 43 32
46 36 40
19 9 51
16 6 51
15 5 51
31 21 51
49 39 37
26 16 51
50 40 36
48 38 38
36 26 50
42 32 46
22 12 50
47 37 39
25 15 50
57 47 28
48 38 38
34 24 50
47 37 39
53 43 32
58 48 27
40 30 49
19 9 50
21 11 50
41 31 47
46 36 40
45 35 42
16 6 50
53 43 32
52 42 33
23 13 50
18 8 50
24 14 50
12 2 49
58 48 27
43 33 44
40 30 49
40 30 49
52 42 33
41 31 47
51 41 34
21 11 49
15 5 49
28 18 49
43 33 44
59 49 26
44 34 43
57 47 28
26 16 49
15 5 49
51 41 34
56 46 29
15 5 49
25 15 49
49 39 37
41 31 47
55 45 30
14 4 49
57 47 28
59 49 26
30 20 49
36 26 49
54 44 31
47 37 39
29 19 49
59 49 26
55 45 30
56 46 29
11 1 49
50 40 36
45 35 42
32 22 49
50 40 36
42 32 46
15 5 49
51 41 34
48 38 38
58 48 27
43 33 44
47 37 39
30 20 49
27 17 49
47 37 39
60 50 25
45 35 42
43 33 44
19 9 48
61 51 24
53 43 32
32 22 48
18 8 48
37 27 48
22 12 48
21 11 48
16 6 48
57 47 28
61 51 24
37 27 48
54 44 31
19 9 48
57 47 28
28 18 48
57 47 28
49 39 37
25 15 48
45 35 42
11 1 48
57 47 28
56 46 29
46 36 40
30 20 47
20 10 47
39 29 47
24 14 47
47 37 39
46 36 40
42 32 46
36 26 47
11 1 47
62 52 23
33 23 47
51 41 34
26 16 47
43 33 44
47 37 39
16 6 47
23 13 47
18 8 47
29 19 47
59 49 26
60 50 25
61 51 24
16 6 47
25 15 47
46 36 40
45 35 42
31 21 47
47 37 39
29 19 47
23 13 47
29 19 47
26 16 46
58 48 27
41 31 46
26 16 46
42 32 46
46 36 40
21 11 46
46 36 40
17 7 46
14 4 46
48 38 38
34 24 46
61 51 24
14 4 46
20 10 46
42 32 46
33 23 46
19 9 46
39 29 46
49 39 37
12 2 46
48 38 38
58 48 27
22 12 46
15 5 46
30 20 46
18 8 46
14 4 46
30 20 45
64 54 21
39 29 45
57 47 28
18 8 45
62 52 23
32 22 45
43 33 44
50 40 36
40 30 45
31 21 45
15 5 45
54 44 31
13 3 45
35 25 45
59 49 26
38 28 45
14 4 45
52 42 33
20 10 45
55 45 30
50 40 36
62 52 23
37 27 45
59 49 26
54 44 31
48 38 38
59 49 26
64 54 21
39 29 45
20 10 45
26 16 45
53 43 32
63 53 22
62 52 23
23 13 45
19 9 45
39 29 45
50 40 36
14 4 45
46 36 40
57 47 28
24 14 44
29 19 44
48 38 38
55 45 30
56 46 29
63 53 22
38 28 44
19 9 44
65 55 20
24 14 44
63 53 22
59 49 26
18 8 44
26 16 44
14 4 44
26 16 44
31 21 44
45 35 42
43 33 44
65 55 20
37 27 44
29 19 44
43 33 44
32 22 44
33 23 44
33 23 44
42 32 44
29 19 44
64 54 21
54 44 31
38 28 44
64 54 21
20 10 44
61 51 24
55 45 30
53 43 32
36 26 44
30 20 44
65 55 20
36 26 44
52 42 33
12 2 44
26 16 44
58 48 27
25 15 44
59 49 26
41 31 44
22 12 44
23 13 44
11 1 43
60 50 25
56 46 29
64 54 21
61 51 24
11 1 43
61 51 24
61 51 24
63 53 22
59 49 26
65 55 20
55 45 30
21 11 43
46 36 40
57 47 28
40 30 43
50 40 36
47 37 39
31 21 43
31 21 43
66 56 19
64 54 21
31 21 43
12 2 43
38 28 43
40 30 43
53 43 32
42 32 43
61 51 24
21 11 43
66 56 19
53 43 32
31 21 43
56 46 29
45 35 42
22 12 43
34 24 43
64 54 21
46 36 40
52 42 33
65 55 20
32 22 43
60 50 25
61 51 24
54 44 31
43 33 43
23 13 43
39 29 43
63 53 22
46 36 40
61 51 24
45 35 42
38 28 42
36 26 42
34 24 42
39 29 42
45 35 42
54 44 31
18 8 42
65 55 20
62 52 23
48 38 38
18 8 42
55 45 30
56 46 29
33 23 42
26 16 42
26 16 42
30 20 42
42 32 42
50 40 36
18 8 42
18 8 42
31 21 42
46 36 40
17 7 42
53 43 32
46 36 40
51 41 34
47 37 39
27 17 42
65 55 20
48 38 38
51 41 34
27 17 42
41 31 42
11 1 42
40 30 42
58 48 27
17 7 42
39 29 42
55 45 30
42 32 42
12 2 41
28 18 41
64 54 21
34 24 41
36 26 41
68 58 17
25 15 41
29 19 41
61 51 24
39 29 41
47 37 39
62 52 23
48 38 38
37 27 41
59 49 26
64 54 21
38 28 41
68 58 17
36 26 41
50 40 36
43 33 41
47 37 39
64 54 21
52 42 33
55 45 30
67 57 18
65 55 20
43 33 41
31 21 41
32 22 41
62 52 23
31 21 41
51 41 34
16 6 41
21 11 41
28 18 41
50 40 36
51 41 34
15 5 41
64 54 21
48 38 38
56 46 29
65 55 20
63 53 22
61 51 24
22 12 40
68 58 17
56 46 29
64 54 21
17 7 40
37 27 40
32 22 40
40 30 40
68 58 17
56 46 29
45 35 40
34 24 40
65 55 20
65 55 20
41 31 40
59 49 26
60 50 25
48 38 38
63 53 22
65 55 20
63 53 22
56 46 29
63 53 22
64 54 21
66 56 19
67 57 18
48 38 38
63 53 22
36 26 40
27 17 40
63 53 22
27 17 40
22 12 40
22 12 40
30 20 40
57 47 28
13 3 40
42 32 40
19 9 40
65 55 20
41 31 40
69 59 16
11 1 40
43 33 40
12 2 39
50 40 36
38 28 39
60 50 25
19 9 39
65 55 20
19 9 39
54 44 31
46 36 39
63 53 22
42 32 39
47 37 39
52 42 33
68 58 17
52 42 33
69 59 16
20 10 39
48 38 38
29 19 39
23 13 39
47 37 39
26 16 39
68 58 17
43 33 39
54 44 31
58 48 27
42 32 39
69 59 16
51 41 34
25 15 39
58 48 27
38 28 39
59 49 26
52 42 33
39 29 39
65 55 20
63 53 22
16 6 39
20 10 39
39 29 39
17 7 39
43 33 39
57 47 28
62 52 23
61 51 24
62 52 23
68 58 17
12 2 38
31 21 38
64 54 21
41 31 38
67 57 18
38 28 38
51 41 34
66 56 19
66 56 19
14 4 38
42 32 38
39 29 38
61 51 24
24 14 38
63 53 22
13 3 38
27 17 38
56 46 29
23 13 38
33 23 38
41 31 38
44 34 38
45 35 38
21 11 38
31 21 38
53 43 32
69 59 16
67 57 18
13 3 38
34 24 38
50 40 36
14 4 38
65 55 20
66 56 19
40 30 38
71 61 15
41 31 38
70 60 16
51 41 34
40 30 38
15 5 38
64 54 21
59 49 26
63 53 22
70 60 16
48 38 38
61 51 24
19 9 38
53 43 32
52 42 33
64 54 21
15 5 37
22 12 37
35 25 37
17 7 37
60 50 25
36 26 37
65 55 20
57 47 28
48 38 37
55 45 30
61 51 24
62 52 23
20 10 37
63 53 22
19 9 37
68 58 17
45 35 37
40 30 37
64 54 21
57 47 28
51 41 34
66 56 19
65 55 20
15 5 37
72 62 14
70 60 16
37 27 37
49 39 37
65 55 20
35 25 37
66 56 19
67 57 18
55 45 30
45 35 37
65 55 20
63 53 22
33 23 37
20 10 37
37 27 37
41 31 37
19 9 37
50 40 36
65 55 20
15 5 37
25 15 37
72 62 14
23 13 37
71 61 15
65 55 20
51 41 34
62 52 23
54 44 31
65 55 20
61 51 24
47 37 36
18 8 36
38 28 36
61 51 24
44 34 36
47 37 36
71 61 15
46 36 36
70 60 16
68 58 17
68 58 17
21 11 36
39 29 36
12 2 36
22 12 36
73 63 13
30 20 36
48 38 36
17 7 36
40 30 36
50 40 36
73 63 13
71 61 15
37 27 36
25 15 36
34 24 36
26 16 36
36 26 36
36 26 36
39 29 36
29 19 36
23 13 36
49 39 36
73 63 13
30 20 36
53 43 32
63 53 22
53 43 32
32 22 36
54 44 31
58 48 27
31 21 36
42 32 36
49 39 36
68 58 17
50 40 36
53 43 32
22 12 36
47 37 36
66 56 19
58 48 27
32 22 35
44 34 35
41 31 35
49 39 35
20 10 35
40 30 35
57 47 28
67 57 18
43 33 35
21 11 35
49 39 35
47 37 35
30 20 35
73 63 13
33 23 35
24 14 35
53 43 32
20 10 35
24 14 35
23 13 35
73 63 13
49 39 35
18 8 35
41 31 35
34 24 35
56 46 29
20 10 35
67 57 18
55 45 30
63 53 22
74 64 12
27 17 35
54 44 31
65 55 20
28 18 35
70 60 16
58 48 27
46 36 35
24 14 35
60 50 25
25 15 35
65 55 20
22 12 35
70 60 16
20 10 35
62 52 23
48 38 34
27 17 34
70 60 16
16 6 34
72 62 14
31 21 34
57 47 28
53 43 32
17 7 34
74 64 12
67 57 18
14 4 34
71 61 15
68 58 17
61 51 24
68 58 17
64 54 21
69 59 16
12 2 34
73 63 13
73 63 13
49 39 34
47 37 34
66 56 19
61 51 24
31 21 34
54 44 31
48 38 34
69 59 16
59 49 26
49 39 34
48 38 34
75 65 12
60 50 25
52 42 33
73 63 13
45 35 34
53 43 32
64 54 21
13 3 34
72 62 14
70 60 16
62 52 23
74 64 12
24 14 34
19 9 34
40 30 34
61 51 24
35 25 33
44 34 33
24 14 33
56 46 29
60 50 25
36 26 33
41 31 33
35 25 33
43 33 33
46 36 33
69 59 16
14 4 33
39 29 33
19 9 33
27 17 33
29 19 33
70 60 16
39 29 33
38 28 33
71 61 15
69 59 16
35 25 33
50 40 33
50 40 33
74 64 12
56 46 29
72 62 14
24 14 33
74 64 12
57 47 28
52 42 33
68 58 17
72 62 14
75 65 12
76 66 11
38 28 33
29 19 33
60 50 25
32 22 33
12 2 33
28 18 33
39 29 33
58 48 27
32 22 33
37 27 33
58 48 27
66 56 19
70 60 16
45 35 33
63 53 22
58 48 27
48 38 32
47 37 32
63 53 22
58 48 27
53 43 32
59 49 26
12 2 32
30 20 32
32 22 32
14 4 32
38 28 32
56 46 29
46 36 32
69 59 16
68 58 17
72 62 14
63 53 22
65 55 20
50 40 32
39 29 32
32 22 32
11 1 32
56 46 29
51 41 32
57 47 28
28 18 32
74 64 12
75 65 12
53 43 32
56 46 29
75 65 12
54 44 31
33 23 32
27 17 32
13 3 32
65 55 20
59 49 26
59 49 26
50 40 32
36 26 32
54 44 31
52 42 32
44 34 32
28 18 32
22 12 32
54 44 31
76 66 11
11 1 32
24 14 32
72 62 14
36 26 31
69 59 16
52 42 31
73 63 13
35 25 31
57 47 28
53 43 31
37 27 31
56 46 29
74 64 12
62 52 23
55 45 30
68 58 17
70 60 16
64 54 21
76 66 11
44 34 31
54 44 31
54 44 31
37 27 31
57 47 28
58 48 27
28 18 31
16 6 31
34 24 31
21 11 31
55 45 30
66 56 19
50 40 31
74 64 12
61 51 24
47 37 31
60 50 25
55 45 30
36 26 31
52 42 31
62 52 23
73 63 13
41 31 31
19 9 31
24 14 31
72 62 14
61 51 24
71 61 15
20 10 31
73 63 13
39 29 31
71 61 15
71 61 15
39 29 31
64 54 21
17 7 31
71 61 15
63 53 22
70 60 16
70 60 16
31 21 31
58 48 27
59 49 26
56 46 29
69 59 16
68 58 17
58 48 27
46 36 31
17 7 31
68 58 17
70 60 16
37 27 31
73 63 13
75 65 12
14 4 31
61 51 24
30 20 31
77 67 10
68 58 17
48 38 30
36 26 30
37 27 30
47 37 30
46 36 30
15 5 30
32 22 30
59 49 26
14 4 30
18 8 30
79 69 9
27 17 30
48 38 30
23 13 30
78 68 10
34 24 30
27 17 30
77 67 10
75 65 12
34 24 30
65 55 20
41 31 30
63 53 22
66 56 19
72 62 14
66 56 19
29 19 30
79 69 9
23 13 30
18 8 30
52 42 30
46 36 30
42 32 30
78 68 10
53 43 30
32 22 30
37 27 30
78 68 10
46 36 30
70 60 16
61 51 24
79 69 9
57 47 28
74 64 12
54 44 30
15 5 30
78 68 10
11 1 30
19 9 30
26 16 30
38 28 29
70 60 16
15 5 29
57 47 28
74 64 12
37 27 29
39 29 29
62 52 23
70 60 16
72 62 14
38 28 29
63 53 22
60 50 25
42 32 29
48 38 29
46 36 29
51 41 29
71 61 15
13 3 29
60 50 25
64 54 21
43 33 29
30 20 29
34 24 29
64 54 21
62 52 23
51 41 29
66 56 19
73 63 13
12 2 29
77 67 10
21 11 29
74 64 12
60 50 25
34 24 29
54 44 29
44 34 29
62 52 23
55 45 29
79 69 9
72 62 14
39 29 29
45 35 29
31 21 29
40 30 29
30 20 29
50 40 29
78 68 10
35 25 29
54 44 29
20 10 29
61 51 24
78 68 10
17 7 29
80 70 9
66 56 19
56 46 29
63 53 22
21 11 29
37 27 29
18 8 29
70 60 16
15 5 28
21 11 28
70 60 16
28 18 28
37 27 28
47 37 28
31 21 28
30 20 28
26 16 28
66 56 19
78 68 10
41 31 28
59 49 26
81 71 8
42 32 28
33 23 28
74 64 12
65 55 20
81 71 8
23 13 28
45 35 28
65 55 20
66 56 19
78 68 10
31 21 28
68 58 17
58 48 27
46 36 28
76 66 11
14 4 28
67 57 18
17 7 28
49 39 28
41 31 28
28 18 28
63 53 22
51 41 28
16 6 28
76 66 11
80 70 9
51 41 28
62 52 23
75 65 12
74 64 12
69 59 16
25 15 28
29 19 28
72 62 14
31 21 28
25 15 28
67 57 18
60 50 25
62 52 23
80 70 9
61 51 24
31 21 28
42 32 28
75 65 12
65 55 20
55 45 28
36 26 28
47 37 28
70 60 16
44 34 28
41 31 28
26 16 28
67 57 18
60 50 25
56 46 27
46 36 27
12 2 27
32 22 27
64 54 21
81 71 8
70 60 16
66 56 19
75 65 12
80 70 9
79 69 9
47 37 27
81 71 8
68 58 17
48 38 27
77 67 10
51 41 27
31 21 27
31 21 27
60 50 25
74 64 12
70 60 16
66 56 19
27 17 27
36 26 27
64 54 21
21 11 27
57 47 27
54 44 27
74 64 12
30 20 27
47 37 27
80 70 9
59 49 26
62 52 23
76 66 11
79 69 9
50 40 27
78 68 10
41 31 27
25 15 27
75 65 12
45 35 27
26 16 27
31 21 27
70 60 16
76 66 11
76 66 11
79 69 9
61 51 24
66 56 19
79 69 9
77 67 10
19 9 27
73 63 13
64 54 21
28 18 27
66 56 19
64 54 21
32 22 27
46 36 27
29 19 27
72 62 14
43 33 27
71 61 15
53 43 27
38 28 27
68 58 17
30 20 27
77 67 10
17 7 27
58 48 27
72 62 14
30 20 26
28 18 26
73 63 13
21 11 26
62 52 23
61 51 24
48 38 26
70 60 16
73 63 13
79 69 9
79 69 9
64 54 21
83 73 7
21 11 26
81 71 8
67 57 18
69 59 16
34 24 26
76 66 11
47 37 26
57 47 26
78 68 10
20 10 26
55 45 26
11 1 26
83 73 7
74 64 12
39 29 26
63 53 22
53 43 26
83 73 7
70 60 16
30 20 26
77 67 10
54 44 26
24 14 26
35 25 26
76 66 11
78 68 10
81 71 8
52 42 26
71 61 15
79 69 9
25 15 26
30 20 26
51 41 26
19 9 26
40 30 26
80 70 9
61 51 24
41 31 26
20 10 26
43 33 26
41 31 26
21 11 26
74 64 12
63 53 22
13 3 25
80 70 9
83 73 7
22 12 25
33 23 25
81 71 8
67 57 18
61 51 24
66 56 19
79 69 9
67 57 18
15 5 25
50 40 25
30 20 25
83 73 7
61 51 24
52 42 25
70 60 16
75 65 12
24 14 25
83 73 7
62 52 23
52 42 25
83 73 7
82 72 7
72 62 14
12 2 25
58 48 25
20 10 25
37 27 25
60 50 25
63 53 22
78 68 10
69 59 16
27 17 25
60 50 25
64 54 21
41 31 25
66 56 19
71 61 15
55 45 25
41 31 25
72 62 14
19 9 25
66 56 19
69 59 16
77 67 10
22 12 25
50 40 25
43 33 25
37 27 25
55 45 25
43 33 25
82 72 7
77 67 10
84 74 6
55 45 25
21 11 25
49 39 25
58 48 25
77 67 10
46 36 25
78 68 10
57 47 25
31 21 25
82 72 7
42 32 25
59 49 25
81 71 8
42 32 25
23 13 25
83 73 7
52 42 25
81 71 8
66 56 19
36 26 25
74 64 12
47 37 25
46 36 25
61 51 24
63 53 22
46 36 24
77 67 10
83 73 7
32 22 24
63 53 22
12 2 24
11 1 24
56 46 24
50 40 24
76 66 11
79 69 9
57 47 24
40 30 24
80 70 9
46 36 24
62 52 23
68 58 17
80 70 9
81 71 8
63 53 22
77 67 10
11 1 24
71 61 15
67 57 18
73 63 13
50 40 24
24 14 24
33 23 24
49 39 24
42 32 24
80 70 9
62 52 23
49 39 24
32 22 24
74 64 12
76 66 11
84 74 6
39 29 24
17 7 24
36 26 24
25 15 24
14 4 24
18 8 24
85 75 6
30 20 24
66 56 19
15 5 24
20 10 24
78 68 10
73 63 13
49 39 24
84 74 6
69 59 16
57 47 24
79 69 9
62 52 23
72 62 14
68 58 17
40 30 24
47 37 24
78 68 10
73 63 13
57 47 23
34 24 23
61 51 23
86 76 5
62 52 23
47 37 23
83 73 7
16 6 23
61 51 23
45 35 23
25 15 23
79 69 9
86 76 5
56 46 23
13 3 23
82 72 7
56 46 23
50 40 23
75 65 12
86 76 5
84 74 6
19 9 23
83 73 7
78 68 10
78 68 10
81 71 8
51 41 23
73 63 13
58 48 23
79 69 9
71 61 15
23 13 23
82 72 7
78 68 10
38 28 23
42 32 23
76 66 11
80 70 9
81 71 8
42 32 23
34 24 23
78 68 10
69 59 16
78 68 10
46 36 23
42 32 23
85 75 6
72 62 14
67 57 18
67 57 18
48 38 23
81 71 8
79 69 9
73 63 13
85 75 6
50 40 23
73 63 13
61 51 23
43 33 23
65 55 20
60 50 23
72 62 14
84 74 6
34 24 23
67 57 18
18 8 23
31 21 23
17 7 23
77 67 10
72 62 14
60 50 22
80 70 9
37 27 22
34 24 22
86 76 5
78 68 10
62 52 22
81 71 8
75 65 12
66 56 19
34 24 22
71 61 15
87 77 5
83 73 7
69 59 16
53 43 22
46 36 22
81 71 8
21 11 22
30 20 22
44 34 22
42 32 22
62 52 22
16 6 22
37 27 22
76 66 11
81 71 8
28 18 22
81 71 8
83 73 7
58 48 22
28 18 22
52 42 22
47 37 22
55 45 22
21 11 22
82 72 7
43 33 22
80 70 9
87 77 5
83 73 7
78 68 10
78 68 10
82 72 7
59 49 22
78 68 10
44 34 22
67 57 18
58 48 22
16 6 22
67 57 18
76 66 11
65 55 20
84 74 6
45 35 22
38 28 22
24 14 22
83 73 7
64 54 21
72 62 14
52 42 22
75 65 12
60 50 22
86 76 5
81 71 8
54 44 22
75 65 12
55 45 22
11 1 22
62 52 22
85 75 6
56 46 22
70 60 16
25 15 22
82 72 7
85 75 6
87 77 5
63 53 21
86 76 5
76 66 11
14 4 21
87 77 5
86 76 5
33 23 21
49 39 21
83 73 7
88 78 4
43 33 21
15 5 21
60 50 21
77 67 10
87 77 5
49 39 21
34 24 21
48 38 21
44 34 21
67 57 18
81 71 8
62 52 21
64 54 21
45 35 21
88 78 4
38 28 21
38 28 21
87 77 5
86 76 5
87 77 5
79 69 9
66 56 19
70 60 16
85 75 6
37 27 21
35 25 21
65 55 20
61 51 21
25 15 21
12 2 21
88 78 4
77 67 10
73 63 13
18 8 21
41 31 21
65 55 20
79 69 9
36 26 21
36 26 21
22 12 21
87 77 5
70 60 16
40 30 21
84 74 6
84 74 6
60 50 21
80 70 9
33 23 21
16 6 21
46 36 21
29 19 21
78 68 10
49 39 21
57 47 21
25 15 21
76 66 11
58 48 21
14 4 21
36 26 21
77 67 10
72 62 14
20 10 21
86 76 5
65 55 20
31 21 21
59 49 21
41 31 21
19 9 21
87 77 5
75 65 12
47 37 21
82 72 7
85 75 6
86 76 5
18 8 21
67 57 18
65 55 20
64 54 21
65 55 20
57 47 21
89 79 4
73 63 13
64 54 20
41 31 20
75 65 12
35 25 20
73 63 13
15 5 20
83 73 7
24 14 20
43 33 20
70 60 16
87 77 5
58 48 20
86 76 5
86 76 5
65 55 20
81 71 8
32 22 20
57 47 20
22 12 20
59 49 20
25 15 20
88 78 4
46 36 20
82 72 7
56 46 20
47 37 20
79 69 9
17 7 20
45 35 20
44 34 20
52 42 20
79 69 9
60 50 20
73 63 13
85 75 6
76 66 11
74 64 12
38 28 20
49 39 20
82 72 7
60 50 20
73 63 13
18 8 20
82 72 7
11 1 20
70 60 16
82 72 7
76 66 11
51 41 20
77 67 10
78 68 10
71 61 15
74 64 12
85 75 6
89 79 4
85 75 6
61 51 20
88 78 4
80 70 9
80 70 9
81 71 8
34 24 20
60 50 20
15 5 20
53 43 20
37 27 20
70 60 16
71 61 15
83 73 7
75 65 12
27 17 20
75 65 12
30 20 19
26 16 19
23 13 19
60 50 19
17 7 19
69 59 16
38 28 19
78 68 10
45 35 19
84 74 6
72 62 14
57 47 19
27 17 19
54 44 19
45 35 19
73 63 13
67 57 18
30 20 19
82 72 7
80 70 9
73 63 13
38 28 19
73 63 13
44 34 19
76 66 11
28 18 19
48 38 19
55 45 19
59 49 19
37 27 19
30 20 19
63 53 19
44 34 19
61 51 19
63 53 19
37 27 19
83 73 7
88 78 4
86 76 5
71 61 15
65 55 19
82 72 7
65 55 19
20 10 19
87 77 5
65 55 19
21 11 19
84 74 6
26 16 19
65 55 19
69 59 16
41 31 19
47 37 19
11 1 19
53 43 19
79 69 9
41 31 19
34 24 19
87 77 5
46 36 19
45 35 19
88 78 4
74 64 12
82 72 7
51 41 19
27 17 19
90 80 4
29 19 19
72 62 14
50 40 19
41 31 19
55 45 19
77 67 10
66 56 19
80 70 9
22 12 18
56 46 18
72 62 14
86 76 5
86 76 5
67 57 18
73 63 13
46 36 18
76 66 11
86 76 5
34 24 18
87 77 5
87 77 5
84 74 6
66 56 18
59 49 18
67 57 18
83 73 7
83 73 7
79 69 9
74 64 12
61 51 18
89 79 4
65 55 18
56 46 18
40 30 18
88 78 4
71 61 15
88 78 4
16 6 18
78 68 10
43 33 18
66 56 18
89 79 4
74 64 12
45 35 18
73 63 13
51 41 18
67 57 18
68 58 17
86 76 5
89 79 4
88 78 4
62 52 18
44 34 18
71 61 15
77 67 10
64 54 18
90 80 4
84 74 6
79 69 9
14 4 18
85 75 6
56 46 18
74 64 12
58 48 18
25 15 18
87 77 5
19 9 18
86 76 5
31 21 18
75 65 12
77 67 10
19 9 18
69 59 16
28 18 18
14 4 18
22 12 18
72 62 14
64 54 18
53 43 18
81 71 8
79 69 9
88 78 4
91 81 3
55 45 18
48 38 18
82 72 7
73 63 13
50 40 18
88 78 4
83 73 7
45 35 17
27 17 17
36 26 17
89 79 4
47 37 17
31 21 17
74 64 12
81 71 8
27 17 17
31 21 17
42 32 17
20 10 17
77 67 10
31 21 17
58 48 17
59 49 17
58 48 17
62 52 17
45 35 17
28 18 17
88 78 4
30 20 17
12 2 17
70 60 16
35 25 17
90 80 4
25 15 17
70 60 16
76 66 11
47 37 17
72 62 14
16 6 17
44 34 17
36 26 17
89 79 4
58 48 17
81 71 8
43 33 17
11 1 17
78 68 10
78 68 10
31 21 17
22 12 17
91 81 3
32 22 17
67 57 17
86 76 5
84 74 6
79 69 9
37 27 17
73 63 13
91 81 3
11 1 17
26 16 17
79 69 9
65 55 17
83 73 7
91 81 3
78 68 10
40 30 17
82 72 7
12 2 17
18 8 17
67 57 17
59 49 17
62 52 17
90 80 4
57 47 17
81 71 8
84 74 6
56 46 17
79 69 9
82 72 7
35 25 17
87 77 5
86 76 5
44 34 17
80 70 9
79 69 9
88 78 4
37 27 17
83 73 7
66 56 17
85 75 6
84 74 6
71 61 15
89 79 4
40 30 17
23 13 17
92 82 3
50 40 17
33 23 17
81 71 8
88 78 4
90 80 4
69 59 16
72 62 14
90 80 4
63 53 16
77 67 10
76 66 11
34 24 16
82 72 7
82 72 7
83 73 7
76 66 11
71 61 15
31 21 16
91 81 3
67 57 16
58 48 16
53 43 16
20 10 16
87 77 5
89 79 4
92 82 3
49 39 16
74 64 12
55 45 16
17 7 16
93 83 2
44 34 16
34 24 16
90 80 4
31 21 16
24 14 16
34 24 16
47 37 16
26 16 16
76 66 11
23 13 16
23 13 16
48 38 16
80 70 9
35 25 16
64 54 16
74 64 12
47 37 16
92 82 3
17 7 16
89 79 4
23 13 16
90 80 4
85 75 6
73 63 13
86 76 5
83 73 7
77 67 10
66 56 16
84 74 6
80 70 9
91 81 3
34 24 16
76 66 11
67 57 16
72 62 14
74 64 12
85 75 6
70 60 16
71 61 15
88 78 4
64 54 16
77 67 10
86 76 5
83 73 7
14 4 16
76 66 11
56 46 16
70 60 16
54 44 16
42 32 16
14 4 16
75 65 12
36 26 16
92 82 3
90 80 4
90 80 4
46 36 16
73 63 13
84 74 6
14 4 16
91 81 3
92 82 3
90 80 4
80 70 9
72 62 14
51 41 15
34 24 15
30 20 15
92 82 3
92 82 3
87 77 5
69 59 15
21 11 15
14 4 15
78 68 10
22 12 15
69 59 15
94 84 2
94 84 2
74 64 12
89 79 4
89 79 4
30 20 15
59 49 15
60 50 15
33 23 15
73 63 13
78 68 10
13 3 15
64 54 15
77 67 10
71 61 15
42 32 15
88 78 4
70 60 15
33 23 15
71 61 15
62 52 15
34 24 15
30 20 15
79 69 9
65 55 15
16 6 15
84 74 6
51 41 15
25 15 15
74 64 12
21 11 15
61 51 15
36 26 15
40 30 15
83 73 7
55 45 15
91 81 3
75 65 12
86 76 5
43 33 15
56 46 15
50 40 15
78 68 10
26 16 15
76 66 11
88 78 4
76 66 11
72 62 14
68 58 15
77 67 10
12 2 15
21 11 15
78 68 10
81 71 8
40 30 15
83 73 7
79 69 9
78 68 10
49 39 15
48 38 15
17 7 15
75 65 12
71 61 15
31 21 15
93 83 2
57 47 15
85 75 6
91 81 3
90 80 4
30 20 15
32 22 15
69 59 15
84 74 6
48 38 15
93 83 2
75 65 12
83 73 7
26 16 15
87 77 5
57 47 15
50 40 15
94 84 2
83 73 7
35 25 15
79 69 9
84 74 6
91 81 3
13 3 14
92 82 3
92 82 3
76 66 11
11 1 14
45 35 14
66 56 14
27 17 14
86 76 5
95 85 2
87 77 5
42 32 14
38 28 14
79 69 9
84 74 6
77 67 10
92 82 3
89 79 4
79 69 9
74 64 12
11 1 14
73 63 13
72 62 14
91 81 3
71 61 14
80 70 9
88 78 4
29 19 14
86 76 5
72 62 14
42 32 14
41 31 14
83 73 7
74 64 12
62 52 14
68 58 14
52 42 14
86 76 5
52 42 14
86 76 5
26 16 14
70 60 14
83 73 7
12 2 14
89 79 4
76 66 11
43 33 14
88 78 4
87 77 5
81 71 8
92 82 3
79 69 9
40 30 14
84 74 6
79 69 9
11 1 14
24 14 14
85 75 6
94 84 2
43 33 14
87 77 5
16 6 14
22 12 14
92 82 3
56 46 14
63 53 14
59 49 14
94 84 2
69 59 14
94 84 2
78 68 10
33 23 14
77 67 10
32 22 14
84 74 6
65 55 14
93 83 2
50 40 14
36 26 14
71 61 14
79 69 9
84 74 6
69 59 13
11 1 13
65 55 13
85 75 6
59 49 13
79 69 9
49 39 13
96 86 1
85 75 6
85 75 6
71 61 13
71 61 13
95 85 2
93 83 2
67 57 13
85 75 6
63 53 13
67 57 13
90 80 4
69 59 13
67 57 13
44 34 13
82 72 7
74 64 12
64 54 13
31 21 13
92 82 3
94 84 2
80 70 9
61 51 13
87 77 5
95 85 2
20 10 13
91 81 3
71 61 13
75 65 12
41 31 13
92 82 3
67 57 13
56 46 13
88 78 4
40 30 13
52 42 13
83 73 7
79 69 9
70 60 13
76 66 11
66 56 13
79 69 9
54 44 13
24 14 13
55 45 13
29 19 13
56 46 13
92 82 3
96 86 1
25 15 13
76 66 11
79 69 9
29 19 13
45 35 13
62 52 13
62 52 13
49 39 13
34 24 13
87 77 5
55 45 13
96 86 1
96 86 1
68 58 13
87 77 5
83 73 7
80 70 9
76 66 11
78 68 10
76 66 11
90 80 4
67 57 13
75 65 12
89 79 4
51 41 13
17 7 13
44 34 13
52 42 13
58 48 13
61 51 13
94 84 2
90 80 4
63 53 13
96 86 1
84 74 6
69 59 13
46 36 13
62 52 13
78 68 10
95 85 2
92 82 3
46 36 13
70 60 13
81 71 8
84 74 6
87 77 5
93 83 2
91 81 3
86 76 5
35 25 13
63 53 13
44 34 13
66 56 13
23 13 13
20 10 13
34 24 13
96 86 1
75 65 12
91 81 3
33 23 13
59 49 12
78 68 10
70 60 12
56 46 12
75 65 12
67 57 12
96 86 1
64 54 12
97 87 1
90 80 4
92 82 3
57 47 12
67 57 12
92 82 3
64 54 12
79 69 9
76 66 11
21 11 12
53 43 12
26 16 12
84 74 6
64 54 12
85 75 6
69 59 12
82 72 7
93 83 2
92 82 3
89 79 4
35 25 12
69 59 12
93 83 2
12 2 12
29 19 12
73 63 12
92 82 3
87 77 5
48 38 12
83 73 7
28 18 12
86 76 5
79 69 9
65 55 12
58 48 12
83 73 7
78 68 10
84 74 6
97 87 1
94 84 2
36 26 12
29 19 12
82 72 7
93 83 2
95 85 2
77 67 10
91 81 3
92 82 3
55 45 12
29 19 12
91 81 3
43 33 12
14 4 12
94 84 2
72 62 12
59 49 12
49 39 12
56 46 12
88 78 4
64 54 12
84 74 6
92 82 3
62 52 12
84 74 6
71 61 12
93 83 2
13 3 12
84 74 6
21 11 12
90 80 4
86 76 5
77 67 10
11 1 12
17 7 12
74 64 12
54 44 12
91 81 3
83 73 7
95 85 2
12 2 12
51 41 12
58 48 12
27 17 12
94 84 2
74 64 12
96 86 1
71 61 12
43 33 12
86 76 5
83 73 7
94 84 2
89 79 4
97 87 1
90 80 4
30 20 12
80 70 9
97 87 1
73 63 12
88 78 4
79 69 9
15 5 12
64 54 12
91 81 3
30 20 12
56 46 12
34 24 12
66 56 12
84 74 6
62 52 11
66 56 11
97 87 1
75 65 11
35 25 11
67 57 11
98 88 1
77 67 10
87 77 5
94 84 2
27 17 11
96 86 1
92 82 3
61 51 11
72 62 11
46 36 11
75 65 11
49 39 11
32 22 11
56 46 11
65 55 11
80 70 9
88 78 4
76 66 11
39 29 11
87 77 5
60 50 11
90 80 4
70 60 11
56 46 11
91 81 3
39 29 11
93 83 2
88 78 4
28 18 11
42 32 11
50 40 11
31 21 11
95 85 2
54 44 11
46 36 11
96 86 1
92 82 3
73 63 11
83 73 7
83 73 7
67 57 11
70 60 11
78 68 10
97 87 1
91 81 3
19 9 11
97 87 1
96 86 1
95 85 2
64 54 11
90 80 4
80 70 9
63 53 11
64 54 11
26 16 11
64 54 11
95 85 2
81 71 8
91 81 3
35 25 11
22 12 11
77 67 10
56 46 11
74 64 11
85 75 6
98 88 1
55 45 11
77 67 10
94 84 2
96 86 1
88 78 4
96 86 1
61 51 11
73 63 11
18 8 11
40 30 11
94 84 2
96 86 1
95 85 2
68 58 11
51 41 11
77 67 10
77 67 10
71 61 11
79 69 9
95 85 2
72 62 11
91 81 3
25 15 11
73 63 11
92 82 3
95 85 2
43 33 11
93 83 2
22 12 11
37 27 11
50 40 11
55 45 11
90 80 4
66 56 11
48 38 11
96 86 1
52 42 10
72 62 10
46 36 10
64 54 10
90 80 4
67 57 10
79 69 9
58 48 10
96 86 1
64 54 10
49 39 10
38 28 10
92 82 3
99 89 1
86 76 5
70 60 10
90 80 4
71 61 10
93 83 2
12 2 10
32 22 10
87 77 5
95 85 2
31 21 10
99 89 1
56 46 10
99 89 1
90 80 4
52 42 10
64 54 10
59 49 10
91 81 3
99 89 1
88 78 4
98 88 1
46 36 10
19 9 10
96 86 1
95 85 2
35 25 10
54 44 10
66 56 10
69 59 10
52 42 10
95 85 2
99 89 1
78 68 10
48 38 10
59 49 10
92 82 3
52 42 10
50 40 10
91 81 3
96 86 1
82 72 7
94 84 2
99 89 1
75 65 10
92 82 3
21 11 10
25 15 10
86 76 5
71 61 10
86 76 5
48 38 10
61 51 10
97 87 1
86 76 5
50 40 10
99 89 1
76 66 10
95 85 2
88 78 4
48 38 10
89 79 4
83 73 7
55 45 10
89 79 4
86 76 5
99 89 1
80 70 9
48 38 10
72 62 10
81 71 8
99 89 1
69 59 10
94 84 2
56 46 10
87 77 5
76 66 10
82 72 7
99 89 1
95 85 2
91 81 3
95 85 2
83 73 7
95 85 2
37 27 10
40 30 10
48 38 10
98 88 1
67 57 10
64 54 10
89 79 4
82 72 7
23 13 10
99 89 1
97 87 1
67 57 10
95 85 2
70 60 10
98 88 1
90 80 4
57 47 9
99 89 1
52 42 9
98 88 1
84 74 6
99 89 1
30 20 9
93 83 2
97 87 1
74 64 9
70 60 9
98 88 1
88 78 4
69 59 9
81 71 8
83 73 7
93 83 2
86 76 5
89 79 4
99 89 1
77 67 9
47 37 9
63 53 9
93 83 2
96 86 1
67 57 9
96 86 1
47 37 9
45 35 9
44 34 9
99 89 1
94 84 2
91 81 3
97 87 1
38 28 9
45 35 9
75 65 9
66 56 9
95 85 2
34 24 9
65 55 9
92 82 3
98 88 1
58 48 9
95 85 2
78 68 9
88 78 4
51 41 9
95 85 2
32 22 9
94 84 2
87 77 5
79 69 9
94 84 2
54 44 9
98 88 1
100 90 1
26 16 9
64 54 9
89 79 4
100 90 1
81 71 8
99 89 1
65 55 9
98 88 1
93 83 2
68 58 9
99 89 1
13 3 9
37 27 9
100 90 1
71 61 9
93 83 2
81 71 8
54 44 9
96 86 1
100 90 1
64 54 9
98 88 1
95 85 2
97 87 1
84 74 6
69 59 9
69 59 9
99 89 1
36 26 9
99 89 1
87 77 5
64 54 9
56 46 9
70 60 9
59 49 9
99 89 1
78 68 9
99 89 1
75 65 9
75 65 9
85 75 6
62 52 9
51 41 9
12 2 9
99 89 1
53 43 9
25 15 9
98 88 1
64 54 9
95 85 2
27 17 9
15 5 9
72 62 9
48 38 9
98 88 1
22 12 9
57 47 9
60 50 9
75 65 9
99 89 1
68 58 8
96 86 1
81 71 8
97 87 1
97 87 1
92 82 3
11 1 8
59 49 8
50 40 8
83 73 7
94 84 2
65 55 8
49 39 8
40 30 8
94 84 2
21 11 8
13 3 8
95 85 2
97 87 1
85 75 6
69 59 8
100 90 1
66 56 8
94 84 2
85 75 6
98 88 1
99 89 1
101 91 0
23 13 8
61 51 8
69 59 8
37 27 8
51 41 8
94 84 2
80 70 8
17 7 8
97 87 1
94 84 2
65 55 8
94 84 2
83 73 7
53 43 8
77 67 8
61 51 8
95 85 2
96 86 1
18 8 8
49 39 8
95 85 2
48 38 8
62 52 8
58 48 8
99 89 1
91 81 3
92 82 3
57 47 8
85 75 6
100 90 1
99 89 1
76 66 8
61 51 8
56 46 8
101 91 0
71 61 8
73 63 8
100 90 1
99 89 1
94 84 2
11 1 8
76 66 8
42 32 8
69 59 8
61 51 8
99 89 1
94 84 2
94 84 2
96 86 1
34 24 8
81 71 8
99 89 1
29 19 8
101 91 0
101 91 0
66 56 8
46 36 8
29 19 8
20 10 8
92 82 3
86 76 5
69 59 8
74 64 8
68 58 8
23 13 8
69 59 8
91 81 3
81 71 8
101 91 0
83 73 7
82 72 7
58 48 8
61 51 8
93 83 2
12 2 8
101 91 0
85 75 6
77 67 8
57 47 8
66 56 8
42 32 8
11 1 8
100 90 1
92 82 3
77 67 8
84 74 6
100 90 1
84 74 6
96 86 1
101 91 0
52 42 8
19 9 8
94 84 2
61 51 8
87 77 5
91 81 3
98 88 1
98 88 1
99 89 1
38 28 8
86 76 5
87 77 5
53 43 8
35 25 7
97 87 1
72 62 7
26 16 7
78 68 7
101 91 0
99 89 1
100 90 1
101 91 0
33 23 7
88 78 4
81 71 7
54 44 7
63 53 7
100 90 1
73 63 7
101 91 0
92 82 3
90 80 4
101 91 0
72 62 7
91 81 3
65 55 7
84 74 6
70 60 7
39 29 7
60 50 7
77 67 7
100 90 1
90 80 4
79 69 7
102 92 0
83 73 7
89 79 4
102 92 0
36 26 7
94 84 2
72 62 7
73 63 7
72 62 7
96 86 1
35 25 7
51 41 7
23 13 7
73 63 7
102 92 0
87 77 5
95 85 2
33 23 7
100 90 1
66 56 7
33 23 7
90 80 4
60 50 7
34 24 7
100 90 1
88 78 4
58 48 7
14 4 7
69 59 7
72 62 7
100 90 1
60 50 7
102 92 0
40 30 7
55 45 7
24 14 7
83 73 7
93 83 2
85 75 6
89 79 4
42 32 7
99 89 1
92 82 3
62 52 7
61 51 7
88 78 4
80 70 7
85 75 6
37 27 7
102 92 0
89 79 4
74 64 7
102 92 0
85 75 6
96 86 1
36 26 7
44 34 7
84 74 6
90 80 4
90 80 4
100 90 1
98 88 1
96 86 1
85 75 6
49 39 7
78 68 7
43 33 7
34 24 7
83 73 7
88 78 4
101 91 0
11 1 7
101 91 0
67 57 7
28 18 7
92 82 3
87 77 5
75 65 7
79 69 7
100 90 1
60 50 7
63 53 7
58 48 7
52 42 7
18 8 7
45 35 7
59 49 7
99 89 1
28 18 7
32 22 7
96 86 1
53 43 7
64 54 7
86 76 5
92 82 3
98 88 1
97 87 1
91 81 3
95 85 2
39 29 6
73 63 6
98 88 1
87 77 5
92 82 3
60 50 6
72 62 6
102 92 0
90 80 4
86 76 5
63 53 6
89 79 4
93 83 2
93 83 2
91 81 3
68 58 6
95 85 2
103 93 0
39 29 6
99 89 1
98 88 1
88 78 4
23 13 6
98 88 1
58 48 6
78 68 6
73 63 6
96 86 1
51 41 6
95 85 2
100 90 1
61 51 6
30 20 6
92 82 3
71 61 6
40 30 6
99 89 1
40 30 6
50 40 6
99 89 1
99 89 1
85 75 6
87 77 5
66 56 6
52 42 6
70 60 6
31 21 6
97 87 1
99 89 1
100 90 1
92 82 3
79 69 6
95 85 2
101 91 0
79 69 6
101 91 0
97 87 1
33 23 6
49 39 6
78 68 6
39 29 6
101 91 0
14 4 6
50 40 6
99 89 1
22 12 6
31 21 6
70 60 6
62 52 6
63 53 6
103 93 0
80 70 6
103 93 0
89 79 4
85 75 6
12 2 6
60 50 6
35 25 6
43 33 6
101 91 0
66 56 6
96 86 1
97 87 1
98 88 1
93 83 2
64 54 6
95 85 2
38 28 6
83 73 6
67 57 6
95 85 2
97 87 1
81 71 6
87 77 5
61 51 6
59 49 6
94 84 2
96 86 1
103 93 0
100 90 1
81 71 6
55 45 6
37 27 6
44 34 6
81 71 6
29 19 6
101 91 0
98 88 1
101 91 0
90 80 4
31 21 6
103 93 0
19 9 6
95 85 2
76 66 6
39 29 6
55 45 6
95 85 2
14 4 6
57 47 6
89 79 4
47 37 6
87 77 5
102 92 0
61 51 6
102 92 0
58 48 6
99 89 1
43 33 6
79 69 6
103 93 0
101 91 0
103 93 0
80 70 6
98 88 1
100 90 1
92 82 3
100 90 1
72 62 6
103 93 0
100 90 1
103 93 0
89 79 4
104 94 0
87 77 5
97 87 1
66 56 5
98 88 1
46 36 5
45 35 5
70 60 5
73 63 5
103 93 0
91 81 3
100 90 1
103 93 0
103 93 0
71 61 5
82 72 5
73 63 5
31 21 5
102 92 0
77 67 5
33 23 5
104 94 0
104 94 0
14 4 5
72 62 5
83 73 5
104 94 0
72 62 5
86 76 5
103 93 0
86 76 5
64 54 5
102 92 0
94 84 2
101 91 0
68 58 5
86 76 5
103 93 0
80 70 5
96 86 1
15 5 5
101 91 0
68 58 5
22 12 5
78 68 5
65 55 5
101 91 0
25 15 5
99 89 1
80 70 5
101 91 0
94 84 2
89 79 4
46 36 5
104 94 0
101 91 0
96 86 1
89 79 4
66 56 5
87 77 5
76 66 5
40 30 5
73 63 5
86 76 5
92 82 3
100 90 1
20 10 5
53 43 5
101 91 0
93 83 2
81 71 5
73 63 5
104 94 0
88 78 4
36 26 5
57 47 5
56 46 5
28 18 5
97 87 1
93 83 2
48 38 5
101 91 0
99 89 1
55 45 5
86 76 5
102 92 0
94 84 2
70 60 5
84 74 5
11 1 5
96 86 1
14 4 5
88 78 4
70 60 5
93 83 2
84 74 5
102 92 0
46 36 5
94 84 2
93 83 2
39 29 5
98 88 1
29 19 5
103 93 0
94 84 2
54 44 5
104 94 0
104 94 0
94 84 2
100 90 1
83 73 5
91 81 3
89 79 4
23 13 5
87 77 5
82 72 5
65 55 5
18 8 5
94 84 2
22 12 5
77 67 5
77 67 5
71 61 5
20 10 5
101 91 0
62 52 5
100 90 1
103 93 0
104 94 0
61 51 5
104 94 0
98 88 1
102 92 0
93 83 2
27 17 5
104 94 0
99 89 1
79 69 4
49 39 4
27 17 4
31 21 4
104 94 0
29 19 4
27 17 4
86 76 4
74 64 4
39 29 4
95 85 2
104 94 0
105 95 0
61 51 4
98 88 1
95 85 2
92 82 3
100 90 1
99 89 1
76 66 4
104 94 0
23 13 4
100 90 1
87 77 4
15 5 4
45 35 4
92 82 3
88 78 4
39 29 4
21 11 4
40 30 4
65 55 4
104 94 0
80 70 4
87 77 4
80 70 4
54 44 4
65 55 4
95 85 2
49 39 4
61 51 4
79 69 4
55 45 4
100 90 1
102 92 0
102 92 0
58 48 4
97 87 1
71 61 4
58 48 4
77 67 4
68 58 4
99 89 1
98 88 1
18 8 4
104 94 0
40 30 4
100 90 1
89 79 4
33 23 4
91 81 3
56 46 4
12 2 4
105 95 0
81 71 4
105 95 0
66 56 4
58 48 4
90 80 4
105 95 0
100 90 1
36 26 4
83 73 4
26 16 4
103 93 0
102 92 0
82 72 4
79 69 4
102 92 0
103 93 0
101 91 0
39 29 4
59 49 4
70 60 4
35 25 4
92 82 3
101 91 0
72 62 4
104 94 0
95 85 2
92 82 3
103 93 0
84 74 4
70 60 4
75 65 4
59 49 4
71 61 4
95 85 2
66 56 4
96 86 1
56 46 4
66 56 4
45 35 4
33 23 4
44 34 4
100 90 1
104 94 0
101 91 0
90 80 4
84 74 4
105 95 0
91 81 3
87 77 4
87 77 4
48 38 4
104 94 0
86 76 4
94 84 2
86 76 4
88 78 4
103 93 0
59 49 4
21 11 4
103 93 0
83 73 4
52 42 4
101 91 0
103 93 0
104 94 0
23 13 4
97 87 1
94 84 2
105 95 0
77 67 4
33 23 4
92 82 3
89 79 4
93 83 2
97 87 1
81 71 4
101 91 0
102 92 0
89 79 4
94 84 2
58 48 4
95 85 2
50 40 4
96 86 1
79 69 4
73 63 4
30 20 4
76 66 4
84 74 4
105 95 0
103 93 0
25 15 3
87 77 3
98 88 1
26 16 3
100 90 1
13 3 3
83 73 3
106 96 0
104 94 0
92 82 3
50 40 3
62 52 3
82 72 3
104 94 0
51 41 3
103 93 0
103 93 0
83 73 3
60 50 3
66 56 3
96 86 1
66 56 3
35 25 3
42 32 3
83 73 3
81 71 3
31 21 3
78 68 3
104 94 0
33 23 3
92 82 3
58 48 3
106 96 0
103 93 0
103 93 0
84 74 3
70 60 3
16 6 3
27 17 3
106 96 0
28 18 3
99 89 1
50 40 3
34 24 3
92 82 3
27 17 3
49 39 3
98 88 1
94 84 2
62 52 3
106 96 0
85 75 3
38 28 3
105 95 0
83 73 3
102 92 0
106 96 0
35 25 3
91 81 3
105 95 0
102 92 0
49 39 3
101 91 0
88 78 3
105 95 0
95 85 2
58 48 3
84 74 3
82 72 3
100 90 1
50 40 3
24 14 3
106 96 0
63 53 3
78 68 3
43 33 3
79 69 3
105 95 0
80 70 3
104 94 0
103 93 0
105 95 0
20 10 3
23 13 3
92 82 3
62 52 3
101 91 0
15 5 3
91 81 3
85 75 3
95 85 2
102 92 0
100 90 1
100 90 1
102 92 0
102 92 0
96 86 1
21 11 3
101 91 0
81 71 3
92 82 3
102 92 0
84 74 3
100 90 1
102 92 0
93 83 2
56 46 3
97 87 1
86 76 3
53 43 3
87 77 3
105 95 0
58 48 3
96 86 1
61 51 3
106 96 0
106 96 0
95 85 2
93 83 2
82 72 3
73 63 3
105 95 0
68 58 3
106 96 0
97 87 1
102 92 0
98 88 1
102 92 0
104 94 0
106 96 0
44 34 3
102 92 0
37 27 3
106 96 0
81 71 3
71 61 3
68 58 3
76 66 3
105 95 0
93 83 2
101 91 0
80 70 3
78 68 3
62 52 3
105 95 0
106 96 0
106 96 0
65 55 3
41 31 3
96 86 1
106 96 0
90 80 3
98 88 1
105 95 0
58 48 3
91 81 3
76 66 3
99 89 1
11 1 3
107 97 0
85 75 2
45 35 2
70 60 2
85 75 2
106 96 0
107 97 0
97 87 1
56 46 2
103 93 0
38 28 2
104 94 0
97 87 1
17 7 2
93 83 2
33 23 2
98 88 1
105 95 0
84 74 2
105 95 0
102 92 0
100 90 1
107 97 0
99 89 1
96 86 1
83 73 2
98 88 1
84 74 2
46 36 2
101 91 0
105 95 0
81 71 2
26 16 2
99 89 1
83 73 2
94 84 2
38 28 2
107 97 0
92 82 2
69 59 2
80 70 2
16 6 2
85 75 2
99 89 1
73 63 2
31 21 2
98 88 1
106 96 0
48 38 2
78 68 2
56 46 2
80 70 2
73 63 2
86 76 2
107 97 0
13 3 2
94 84 2
103 93 0
103 93 0
107 97 0
34 24 2
29 19 2
107 97 0
97 87 1
107 97 0
106 96 0
65 55 2
101 91 0
95 85 2
52 42 2
48 38 2
94 84 2
105 95 0
106 96 0
107 97 0
44 34 2
12 2 2
104 94 0
32 22 2
21 11 2
39 29 2
46 36 2
81 71 2
81 71 2
104 94 0
93 83 2
59 49 2
38 28 2
107 97 0
104 94 0
68 58 2
105 95 0
35 25 2
79 69 2
100 90 1
35 25 2
58 48 2
86 76 2
77 67 2
81 71 2
31 21 2
24 14 2
35 25 2
97 87 1
25 15 2
90 80 2
101 91 0
91 81 2
81 71 2
85 75 2
12 2 2
104 94 0
106 96 0
106 96 0
103 93 0
92 82 2
92 82 2
81 71 2
102 92 0
103 93 0
56 46 2
34 24 2
97 87 1
18 8 2
106 96 0
86 76 2
100 90 1
75 65 2
14 4 2
93 83 2
102 92 0
69 59 2
101 91 0
74 64 2
102 92 0
65 55 2
53 43 2
77 67 2
106 96 0
102 92 0
63 53 2
93 83 2
24 14 2
99 89 1
99 89 1
104 94 0
57 47 2
72 62 2
50 40 2
86 76 2
103 93 0
99 89 1
67 57 2
98 88 1
68 58 2
30 20 2
106 96 0
100 90 1
95 85 2
88 78 2
106 96 0
102 92 0
106 96 0
49 39 2
106 96 0
102 92 0
95 85 2
71 61 2
106 96 0
102 92 0
95 85 2
104 94 0
36 26 2
78 68 2
97 87 1
108 98 0
94 84 1
108 98 0
92 82 1
26 16 1
37 27 1
91 81 1
108 98 0
104 94 0
74 64 1
106 96 0
80 70 1
58 48 1
32 22 1
108 98 0
108 98 0
84 74 1
92 82 1
20 10 1
93 83 1
47 37 1
104 94 0
48 38 1
105 95 0
103 93 0
108 98 0
53 43 1
108 98 0
104 94 0
107 97 0
101 91 0
104 94 0
55 45 1
74 64 1
108 98 0
107 97 0
79 69 1
108 98 0
103 93 0
100 90 1
39 29 1
108 98 0
107 97 0
104 94 0
57 47 1
95 85 1
89 79 1
21 11 1
24 14 1
84 74 1
78 68 1
105 95 0
23 13 1
64 54 1
52 42 1
75 65 1
91 81 1
102 92 0
20 10 1
89 79 1
69 59 1
34 24 1
106 96 0
105 95 0
107 97 0
106 96 0
35 25 1
52 42 1
74 64 1
68 58 1
20 10 1
87 77 1
51 41 1
90 80 1
59 49 1
35 25 1
100 90 1
58 48 1
108 98 0
106 96 0
108 98 0
107 97 0
102 92 0
103 93 0
108 98 0
12 2 1
102 92 0
84 74 1
99 89 1
91 81 1
42 32 1
108 98 0
105 95 0
58 48 1
108 98 0
99 89 1
27 17 1
108 98 0
91 81 1
108 98 0
102 92 0
31 21 1
101 91 0
82 72 1
108 98 0
97 87 1
105 95 0
74 64 1
87 77 1
106 96 0
103 93 0
100 90 1
103 93 0
107 97 0
86 76 1
95 85 1
104 94 0
76 66 1
95 85 1
101 91 0
102 92 0
87 77 1
86 76 1
101 91 0
106 96 0
33 23 1
80 70 1
102 92 0
108 98 0
106 96 0
106 96 0
79 69 1
100 90 1
108 98 0
103 93 0
100 90 1
35 25 1
96 86 1
105 95 0
108 98 0
97 87 1
105 95 0
106 96 0
104 94 0
57 47 1
105 95 0
108 98 0
105 95 0
104 94 0
71 61 1
107 97 0
83 73 1
88 78 1
12 2 1
13 3 1
36 26 1
52 42 1
11 1 1
64 54 1
98 88 1
93 83 1
63 53 1
72 62 1
87 77 1
107 97 0
96 86 1
99 89 1
101 91 0
66 56 1
64 54 1
99 89 1
80 70 1
31 21 1
108 98 0
103 93 0
23 13 1
91 81 1
62 52 1
108 98 0
106 96 0
102 92 0
108 98 0
86 76 1
25 15 1
109 99 0
98 88 0
101 91 0
39 29 0
94 84 0
89 79 0
102 92 0
105 95 0
38 28 0
31 21 0
110 100 0
106 96 0
45 35 0
110 100 0
107 97 0
101 91 0
102 92 0
18 8 0
110 100 0
101 91 0
110 100 0
85 75 0
110 100 0
96 86 0
107 97 0
107 97 0
105 95 0
110 100 0
109 99 0
76 66 0
109 99 0
110 100 0
109 99 0
105 95 0
109 99 0
109 99 0
47 37 0
98 88 0
109 99 0
66 56 0
108 98 0
109 99 0
108 98 0
110 100 0
101 91 0
103 93 0
107 97 0
109 99 0
95 85 0
107 97 0
104 94 0
94 84 0
97 87 0
81 71 0
99 89 0
110 100 0
96 86 0
109 99 0
110 100 0
108 98 0
110 100 0
109 99 0
109 99 0
108 98 0
108 98 0
109 99 0
109 99 0
35 25 0
89 79 0
110 100 0
73 63 0
94 84 0
42 32 0
61 51 0
101 91 0
77 67 0
109 99 0
50 40 0
30 20 0
46 36 0
109 99 0
110 100 0
109 99 0
92 82 0
74 64 0
95 85 0
110 100 0
108 98 0
109 99 0
64 54 0
110 100 0
109 99 0
102 92 0
105 95 0
109 99 0
110 100 0
107 97 0
110 100 0
76 66 0
90 80 0
110 100 0
108 98 0
65 55 0
109 99 0
90 80 0
11 1 0
96 86 0
108 98 0
69 59 0
106 96 0
100 90 0
109 99 0
101 91 0
110 100 0
108 98 0
110 100 0
109 99 0
108 98 0
52 42 0
107 97 0
32 22 0
109 99 0
109 99 0
108 98 0
100 90 0
108 98 0
104 94 0
80 70 0
99 89 0
97 87 0
110 100 0
99 89 0
89 79 0
63 53 0
109 99 0
100 90 0
23 13 0
88 78 0
105 95 0
109 99 0
43 33 0
108 98 0
109 99 0
95 85 0
105 95 0
103 93 0
55 45 0
109 99 0
102 92 0
104 94 0
106 96 0
109 99 0
60 50 0
108 98 0
109 99 0
109 99 0
32 22 0
57 47 0
109 99 0
96 86 0
13 3 0
109 99 0
109 99 0
16 6 0
110 100 0
101 91 0
110 100 0
43 33 0
87 77 0
109 99 0
109 99 0
105 95 0
105 95 0
109 99 0
100 90 0
109 99 0
96 86 0
108 98 0
20 10 0
104 94 0
43 33 0
110 100 0
110 100 0
110 100 0
94 84 0
98 88 0
110 100 0
24 14 0
109 99 0
98 88 0
110 100 0
53 43 0
109 99 0
110 100 0
11 1 0
71 61 0
109 99 0
44 34 0
110 100 0
95 85 0
103 93 0
87 77 0
83 73 0
73 63 0
109 99 0
46 36 0
107 97 0
109 99 0
89 79 0
94 84 0
26 16 0
58 48 0
106 96 0
103 93 0
110 100 0
105 95 0
110 100 0
110 100 0
110 100 0
21 11 0
110 100 0
54 44 0
110 100 0
104 94 0
107 97 0
75 65 0
107 97 0
90 80 0
95 85 0
102 92 0
88 78 0
88 78 0
91 81 0
86 76 0
108 98 0
91 81 0
102 92 0
75 65 0
81 71 0
79 69 0
11 1 0
109 99 0
108 98 0
109 99 0
92 82 0
105 95 0
110 100 0
109 99 0
109 99 0
56 46 0
110 100 0
110 100 0
109 99 0
91 81 0
44 34 0
110 100 0
105 95 0
92 82 0
20 10 0
53 43 0
108 98 0
109 99 0
39 29 0
109 99 0
109 99 0
100 90 0
108 98 0
109 99 0
78 68 0
70 60 0
94 84 0
110 100 0
83 73 0
109 99 0
109 99 0
106 96 0
109 99 0
110 100 0
42 32 0
55 45 0
109 99 0
109 99 0
110 100 0
65 55 0
110 100 0
102 92 0
107 97 0
34 24 0
91 81 0
59 49 0
109 99 0
109 99 0
102 92 0
