500 100 4.3589
30 6 88
26 7 86
26 3 89
94 8 84
20 3 87
25 7 82
21 8 82
90 18 67
57 8 79
63 8 79
44 21 62
35 10 78
60 1 76
50 5 73
82 25 56
99 24 57
48 9 71
20 23 59
53 27 53
34 23 59
19 6 69
50 7 69
29 20 64
28 22 60
15 5 68
16 22 60
42 7 66
75 10 65
29 7 64
93 8 64
69 20 64
52 9 63
31 8 62
19 33 44
59 36 40
34 5 61
52 36 40
37 19 60
86 28 51
68 19 59
87 37 39
50 17 58
30 13 57
41 16 57
4 17 56
20 17 56
33 21 56
66 17 55
89 19 55
70 17 54
23 20 54
73 38 38
99 28 51
19 24 54
28 12 53
17 46 29
42 10 52
40 25 52
43 31 47
29 46 29
95 43 32
79 9 51
40 17 51
63 30 49
73 10 50
53 26 49
65 41 34
30 10 49
52 11 48
86 12 48
15 10 48
71 26 48
83 31 47
61 10 47
78 50 25
76 52 23
67 1 47
74 39 37
28 37 39
99 22 46
39 35 42
67 40 36
2 38 38
6 14 45
52 41 34
64 54 21
83 2 44
99 11 44
65 3 44
68 34 43
61 51 24
41 52 23
27 37 39
58 49 26
17 27 42
62 56 19
54 27 42
92 31 42
54 38 38
13 11 42
53 40 36
95 4 42
67 56 19
53 31 40
34 23 40
35 39 37
98 16 39
70 10 39
45 4 39
97 32 39
33 46 29
97 47 28
18 60 16
4 41 34
68 52 23
62 8 38
59 44 31
95 28 38
5 33 38
67 60 16
23 21 37
24 49 26
26 53 22
41 61 15
22 13 36
81 29 36
72 57 18
76 31 35
14 34 35
93 34 35
99 61 15
50 4 34
54 49 26
97 38 33
37 19 33
70 50 25
54 58 17
58 34 33
98 59 16
66 51 24
81 34 33
89 41 33
36 45 30
65 29 32
21 50 25
40 64 12
90 43 32
60 30 31
32 50 25
44 35 31
68 60 16
63 26 31
67 55 20
41 34 30
6 35 30
84 69 9
61 48 27
96 38 30
24 67 10
23 60 16
14 36 30
51 53 22
90 53 22
8 60 16
7 36 29
65 52 23
8 66 11
43 38 29
57 21 29
74 8 28
73 67 10
29 18 28
92 65 12
71 63 13
31 1 28
11 46 28
69 24 28
32 62 14
81 58 17
73 63 13
26 66 11
51 17 27
67 29 27
1 17 27
46 61 15
12 18 26
38 59 16
6 47 26
2 11 26
73 67 10
27 38 26
58 37 26
76 62 14
41 40 25
81 54 21
43 72 7
92 57 18
96 61 15
86 66 11
13 56 19
17 58 17
88 72 7
26 61 15
62 70 9
63 3 24
13 28 24
87 55 20
91 67 10
70 29 23
37 33 22
94 29 22
2 35 22
71 72 7
90 33 22
5 62 14
93 32 22
18 57 18
52 73 7
42 77 5
16 32 21
13 68 10
90 44 21
58 74 6
92 49 21
86 75 6
46 68 10
47 74 6
70 65 12
96 64 12
15 77 5
81 75 6
98 78 4
85 26 20
72 23 20
60 60 16
74 11 20
1 73 7
17 50 19
60 58 17
24 78 4
33 39 19
34 72 7
60 60 16
41 49 18
5 44 18
26 78 4
63 69 9
99 55 18
41 51 18
89 67 10
48 13 18
85 62 14
76 54 18
86 36 18
38 14 18
42 52 18
39 68 10
31 49 18
84 76 5
7 76 5
41 81 3
40 64 12
95 34 17
55 61 15
31 25 17
7 10 17
7 59 16
49 68 10
23 49 17
72 49 17
84 32 16
46 24 16
87 66 11
39 67 10
4 46 16
18 83 2
8 75 6
60 28 16
16 43 16
6 78 4
58 42 16
21 55 16
68 31 16
51 48 16
25 47 16
53 74 6
26 61 15
82 2 15
75 5 15
92 45 15
38 79 4
90 68 10
25 50 15
64 82 3
60 72 7
96 78 4
31 61 14
47 35 14
48 72 7
76 83 2
65 40 14
60 83 2
48 78 4
45 41 14
34 26 13
46 54 13
100 35 13
64 61 13
23 82 3
42 23 13
9 84 2
9 83 2
27 49 13
49 46 13
75 13 13
9 76 5
44 64 12
48 86 1
7 46 12
92 20 12
6 69 9
26 59 12
78 73 7
14 87 1
64 5 12
94 35 12
6 47 12
83 31 12
59 83 2
87 82 3
44 81 3
78 79 4
99 22 11
75 77 5
79 77 5
50 36 11
96 55 11
43 88 1
76 84 2
87 34 11
5 81 3
32 11 10
34 79 4
3 80 4
100 87 1
19 45 10
31 7 10
53 63 10
74 53 10
25 48 10
82 5 10
1 68 9
88 74 6
27 57 9
34 83 2
48 63 9
96 70 9
67 84 2
46 13 9
13 36 9
73 83 2
22 73 7
42 59 9
68 15 9
60 88 1
93 36 8
45 81 3
44 46 8
71 88 1
41 89 1
65 90 1
9 87 1
96 60 7
59 91 0
9 2 7
71 9 7
54 7 7
70 70 7
32 42 7
71 89 1
51 48 6
12 72 6
44 77 5
52 91 0
40 49 6
57 10 6
82 19 5
94 7 5
9 81 3
94 85 2
76 52 5
63 93 0
32 75 5
91 8 5
97 62 5
46 7 5
60 84 2
66 90 1
60 89 1
52 22 5
50 79 4
40 94 0
25 57 4
73 57 4
91 93 0
85 66 4
67 66 4
4 59 4
46 74 4
35 17 4
60 69 4
83 64 4
8 59 4
33 92 0
41 66 3
52 96 0
35 77 3
79 38 3
45 79 3
8 94 0
16 50 3
37 52 3
43 6 3
4 84 2
44 87 1
35 96 0
34 90 1
17 91 0
46 58 3
77 10 3
8 94 0
87 39 3
37 3 3
97 20 3
58 91 0
71 95 0
6 63 3
77 95 0
65 94 0
52 97 0
40 29 2
14 17 2
67 91 0
29 43 2
33 93 0
99 70 2
32 60 2
98 80 2
9 52 2
9 51 2
89 56 2
43 68 2
70 39 1
12 35 1
41 98 0
92 74 1
22 14 1
49 82 1
47 17 1
100 65 1
88 97 0
100 25 1
51 84 1
65 66 1
63 10 1
95 93 0
44 72 1
74 79 1
80 57 1
77 88 1
67 93 0
39 97 0
7 98 0
45 99 0
12 82 0
45 94 0
27 100 0
73 98 0
12 95 0
23 65 0
12 100 0
12 52 0
36 92 0
9 98 0
26 97 0
52 99 0
53 87 0
34 56 0
75 38 0
12 96 0
81 94 0
73 99 0
75 99 0
78 100 0
90 99 0
71 100 0
21 99 0
56 92 0
26 100 0
5 99 0
