500 100 4.3589
13 3 94
11 1 92
17 7 86
16 6 88
17 7 86
18 8 84
22 12 77
16 6 86
16 6 83
22 12 77
16 6 82
28 18 67
26 16 70
22 12 77
21 11 79
22 12 77
17 7 78
24 14 73
31 21 62
15 5 75
27 17 68
23 13 74
27 17 68
17 7 72
32 22 60
36 26 54
15 5 70
33 23 59
23 13 67
43 33 44
14 4 66
30 20 64
34 24 57
31 21 62
30 20 64
39 29 50
41 31 47
21 11 64
34 24 57
21 11 63
46 36 40
32 22 60
47 37 39
26 16 62
26 16 61
24 14 61
41 31 47
28 18 60
25 15 60
16 6 60
33 23 59
45 35 42
41 31 47
31 21 59
38 28 51
31 21 57
19 9 56
35 25 56
51 41 34
18 8 55
40 30 49
25 15 54
43 33 44
32 22 54
29 19 54
11 1 53
45 35 42
11 1 53
45 35 42
45 35 42
43 33 44
14 4 52
32 22 52
51 41 34
57 47 28
56 46 29
51 41 34
55 45 30
42 32 46
21 11 50
48 38 38
56 46 29
39 29 49
54 44 31
54 44 31
47 37 39
53 43 32
38 28 49
45 35 42
33 23 48
31 21 47
54 44 31
60 50 25
27 17 46
23 13 46
54 44 31
29 19 46
50 40 36
62 52 23
50 40 36
54 44 31
42 32 45
14 4 44
11 1 44
36 26 44
45 35 42
35 25 44
38 28 43
57 47 28
48 38 38
47 37 39
56 46 29
62 52 23
51 41 34
44 34 42
59 49 26
46 36 40
31 21 41
14 4 40
27 17 40
31 21 40
57 47 28
49 39 37
63 53 22
15 5 40
31 21 40
68 58 17
42 32 39
23 13 39
60 50 25
45 35 39
50 40 36
60 50 25
38 28 38
71 61 15
31 21 38
58 48 27
61 51 24
42 32 38
55 45 30
48 38 38
13 3 38
42 32 38
32 22 37
52 42 33
14 4 37
34 24 36
32 22 35
19 9 35
63 53 22
44 34 35
73 63 13
59 49 26
64 54 21
53 43 32
14 4 33
55 45 30
36 26 33
16 6 33
44 34 32
31 21 32
38 28 32
13 3 32
43 33 32
21 11 32
51 41 32
57 47 28
11 1 32
67 57 18
74 64 12
55 45 30
66 56 19
20 10 31
28 18 31
46 36 30
65 55 20
77 67 10
32 22 30
50 40 30
77 67 10
21 11 29
70 60 16
69 59 16
59 49 26
34 24 28
66 56 19
74 64 12
63 53 22
24 14 28
72 62 14
60 50 25
64 54 21
72 62 14
49 39 27
81 71 8
65 55 20
62 52 23
61 51 24
35 25 26
32 22 26
68 58 17
78 68 10
64 54 21
75 65 12
47 37 26
20 10 26
39 29 25
69 59 16
12 2 25
37 27 25
52 42 25
82 72 7
41 31 25
78 68 10
60 50 25
38 28 25
15 5 25
33 23 24
18 8 24
19 9 24
17 7 24
78 68 10
73 63 13
27 17 23
52 42 23
31 21 23
28 18 23
69 59 16
59 49 23
29 19 23
86 76 5
76 66 11
43 33 23
87 77 5
58 48 22
71 61 15
41 31 22
82 72 7
69 59 16
29 19 21
55 45 21
67 57 18
79 69 9
70 60 16
88 78 4
80 70 9
32 22 20
78 68 10
28 18 20
43 33 19
42 32 19
81 71 8
68 58 17
80 70 9
26 16 19
71 61 15
68 58 17
88 78 4
59 49 18
57 47 18
82 72 7
31 21 18
91 81 3
63 53 17
34 24 17
92 82 3
91 81 3
24 14 17
91 81 3
38 28 17
41 31 16
81 71 8
81 71 8
68 58 16
71 61 15
84 74 6
39 29 16
12 2 16
91 81 3
12 2 15
83 73 7
12 2 15
89 79 4
39 29 15
18 8 15
60 50 15
66 56 15
83 73 7
40 30 15
67 57 14
64 54 14
95 85 2
74 64 12
37 27 14
92 82 3
88 78 4
75 65 12
47 37 14
81 71 8
27 17 13
17 7 13
66 56 13
92 82 3
94 84 2
82 72 7
68 58 13
94 84 2
95 85 2
62 52 12
92 82 3
93 83 2
11 1 12
80 70 9
33 23 12
94 84 2
95 85 2
48 38 12
89 79 4
93 83 2
84 74 6
87 77 5
56 46 11
27 17 11
32 22 11
96 86 1
66 56 11
48 38 11
14 4 11
65 55 11
86 76 5
80 70 9
95 85 2
59 49 10
80 70 9
18 8 10
94 84 2
55 45 10
51 41 10
85 75 6
67 57 10
83 73 7
100 90 1
28 18 9
100 90 1
11 1 9
87 77 5
25 15 9
71 61 9
70 60 8
12 2 8
93 83 2
83 73 7
79 69 8
25 15 8
76 66 8
59 49 8
71 61 8
100 90 1
95 85 2
101 91 0
74 64 8
30 20 8
69 59 8
69 59 7
102 92 0
96 86 1
90 80 4
92 82 3
76 66 7
102 92 0
97 87 1
96 86 1
46 36 7
67 57 7
102 92 0
86 76 5
65 55 7
101 91 0
84 74 6
51 41 6
101 91 0
84 74 6
100 90 1
20 10 6
103 93 0
40 30 6
85 75 6
102 92 0
103 93 0
43 33 6
35 25 6
53 43 6
103 93 0
69 59 6
102 92 0
104 94 0
102 92 0
95 85 2
98 88 1
17 7 5
24 14 5
84 74 5
103 93 0
34 24 5
79 69 5
41 31 5
87 77 4
89 79 4
71 61 4
103 93 0
97 87 1
94 84 2
105 95 0
42 32 4
101 91 0
82 72 4
20 10 4
102 92 0
28 18 4
104 94 0
102 92 0
84 74 4
81 71 3
104 94 0
106 96 0
82 72 3
105 95 0
88 78 3
69 59 3
78 68 3
26 16 3
90 80 3
102 92 0
92 82 3
100 90 1
88 78 2
104 94 0
97 87 1
98 88 1
84 74 2
21 11 2
107 97 0
44 34 2
107 97 0
103 93 0
106 96 0
48 38 2
69 59 2
66 56 2
93 83 2
75 65 2
107 97 0
15 5 1
108 98 0
46 36 1
107 97 0
108 98 0
77 67 1
101 91 0
93 83 1
91 81 1
108 98 0
59 49 1
55 45 1
73 63 1
104 94 0
35 25 1
93 83 1
94 84 1
95 85 1
105 95 0
68 58 1
82 72 1
75 65 1
66 56 1
109 99 0
81 71 0
91 81 0
109 99 0
110 100 0
107 97 0
60 50 0
34 24 0
70 60 0
109 99 0
75 65 0
102 92 0
105 95 0
109 99 0
108 98 0
108 98 0
99 89 0
56 46 0
93 83 0
83 73 0
98 88 0
94 84 0
110 100 0
60 50 0
79 69 0
