100 100 4.3589
1 4 90
1 5 83
17 12 77
15 12 77
21 18 67
13 20 64
11 2 77
28 24 57
30 27 53
23 32 46
40 34 43
30 29 50
11 8 57
34 29 50
14 8 54
17 21 53
51 47 28
21 23 48
36 32 45
51 58 17
52 42 33
17 7 37
51 52 23
39 46 29
47 44 31
49 49 26
54 57 18
17 9 31
72 63 13
27 35 30
30 33 30
4 6 27
76 71 8
66 68 10
65 72 7
44 35 26
71 69 9
40 49 25
42 48 25
64 70 9
22 29 23
1 3 22
73 68 10
28 35 21
65 70 9
62 66 11
61 71 8
71 72 7
30 24 19
1 4 17
48 57 17
79 69 9
38 48 16
49 42 16
88 80 4
67 74 6
75 75 6
36 40 15
36 32 14
48 51 14
13 15 12
35 40 12
33 27 11
64 59 11
20 25 11
82 82 3
72 69 9
89 85 2
83 88 1
90 93 0
89 91 0
84 81 3
96 92 0
85 77 5
40 45 5
69 73 5
70 73 5
42 50 5
34 30 4
62 53 4
85 94 0
61 59 3
90 93 0
95 91 0
67 76 3
53 53 3
70 74 3
102 94 0
88 78 2
92 97 0
84 89 1
74 70 1
96 98 0
78 86 1
47 53 1
56 60 1
96 95 0
97 96 0
54 64 0
105 100 0
