100 100 4.3589
28 6 86
74 16 70
28 4 77
60 10 75
89 16 70
66 15 71
81 6 69
17 22 60
80 7 65
61 10 63
81 31 47
81 33 44
14 10 61
50 23 59
43 1 59
94 20 57
79 37 39
87 25 53
63 31 47
46 52 23
3 23 45
79 48 27
3 13 42
72 22 42
75 47 28
29 43 32
43 27 40
68 52 23
14 38 38
58 22 38
66 20 38
60 57 18
91 56 19
75 68 10
23 16 30
48 60 16
14 42 28
77 72 7
39 17 26
56 39 25
9 36 23
19 49 23
92 13 23
90 45 22
29 28 21
17 67 10
23 23 20
52 66 11
21 77 5
44 25 18
50 19 17
62 44 17
29 39 17
13 56 17
20 75 6
64 32 16
39 32 15
94 57 13
55 53 12
34 68 10
99 75 6
92 76 5
60 83 2
38 42 9
20 78 4
69 68 8
72 71 8
65 72 7
36 83 2
67 47 7
88 32 7
82 79 4
65 19 7
100 14 6
8 87 1
69 52 5
74 91 0
70 90 1
58 95 0
36 46 4
96 93 0
52 60 4
99 95 0
69 43 4
70 17 2
83 81 2
33 48 2
21 98 0
88 75 1
60 92 0
73 45 1
29 96 0
71 99 0
58 100 0
37 100 0
87 97 0
19 100 0
47 89 0
45 31 0
41 77 0
