100 100 4.3589
13 5 82
9 4 78
24 21 62
17 24 57
1 8 75
10 1 73
36 31 47
26 27 53
16 25 54
45 39 37
15 17 50
13 23 46
28 19 44
22 20 43
16 19 39
31 39 37
34 31 38
7 11 38
50 52 23
11 1 36
67 58 17
21 13 35
59 58 17
58 64 12
24 26 34
40 35 33
37 30 32
44 39 31
54 56 19
42 49 26
62 66 11
14 15 27
66 57 18
2 5 25
45 48 25
52 53 22
15 14 24
73 66 11
40 47 23
77 74 6
2 2 22
68 69 9
19 9 20
73 79 4
4 4 17
67 64 12
72 63 13
70 79 4
76 76 5
74 70 9
76 77 5
70 72 7
21 25 13
23 22 11
78 81 3
73 79 4
14 11 11
66 64 10
20 16 10
51 58 10
82 86 1
92 82 3
70 67 9
52 43 8
65 70 8
77 75 6
83 76 5
48 38 7
73 83 2
91 87 1
32 34 5
94 90 1
102 95 0
68 62 4
97 94 0
85 79 3
49 53 3
85 91 0
82 82 3
31 36 3
91 88 1
27 23 3
30 31 2
48 45 2
92 92 0
59 65 2
60 51 2
103 95 0
30 40 1
42 51 1
88 96 0
81 78 1
100 96 0
106 98 0
7 12 0
100 94 0
108 100 0
92 93 0
86 83 0
82 74 0
