5000 1000 4.3589
6 106 862
15 115 861
33 133 858
34 134 856
33 133 848
30 130 847
49 149 847
1 101 842
33 133 836
26 126 828
34 134 822
52 152 820
9 109 819
42 142 812
62 162 810
19 119 806
44 144 806
63 163 804
85 185 799
23 123 795
60 160 792
104 204 791
47 147 791
79 179 791
86 186 790
95 195 787
88 188 787
89 189 786
70 170 784
6 106 784
109 209 782
87 187 780
33 133 779
114 214 775
109 209 774
81 181 772
30 130 772
96 196 771
59 159 770
71 171 769
110 210 768
38 138 767
87 187 766
96 196 765
54 154 765
26 126 764
116 216 763
98 198 762
2 102 762
48 148 761
77 177 761
33 133 757
82 182 757
62 162 757
68 168 755
76 176 755
129 229 754
58 158 754
16 116 752
147 247 750
15 115 749
123 223 748
116 216 746
152 252 745
154 254 744
79 179 743
50 150 743
106 206 743
142 242 741
63 163 740
7 107 739
25 125 737
79 179 737
19 119 736
49 149 736
64 164 735
159 259 735
10 110 732
111 211 732
112 212 731
86 186 726
100 200 725
111 211 725
67 167 724
6 106 721
36 136 719
52 152 719
131 231 718
121 221 716
75 175 716
115 215 715
97 197 714
6 106 714
152 252 714
117 217 713
59 159 713
46 146 712
30 130 712
167 267 711
3 103 710
73 173 709
182 282 708
159 259 708
62 162 708
119 219 707
122 222 703
53 153 702
97 197 702
106 206 702
193 293 701
128 228 701
17 117 699
117 217 698
1 101 697
87 187 697
203 303 696
52 152 696
127 227 696
123 223 694
97 197 692
60 160 692
98 198 691
71 171 690
77 177 690
42 142 690
81 181 687
207 307 685
103 203 685
183 283 684
61 161 684
43 143 683
111 211 682
157 257 681
204 304 680
85 185 679
157 257 679
153 253 679
161 261 679
99 199 678
103 203 677
58 158 675
187 287 672
32 132 672
197 297 672
157 257 672
171 271 672
224 324 671
80 180 671
217 317 670
10 110 669
67 167 669
215 315 668
185 285 668
176 276 666
127 227 666
216 316 666
184 284 665
132 232 664
20 120 664
172 272 664
127 227 663
202 302 663
55 155 663
174 274 662
235 335 662
60 160 662
169 269 661
178 278 661
206 306 660
191 291 660
41 141 659
92 192 659
56 156 658
34 134 657
187 287 657
28 128 656
154 254 656
191 291 655
222 322 654
200 300 654
202 302 652
76 176 652
20 120 651
11 111 651
208 308 650
5 105 650
59 159 650
132 232 649
197 297 649
218 318 648
211 311 648
1 101 648
238 338 647
188 288 646
222 322 645
236 336 644
22 122 644
97 197 642
38 138 642
27 127 641
211 311 639
169 269 639
166 266 639
101 201 639
185 285 639
57 157 638
238 338 638
28 128 638
40 140 637
223 323 637
190 290 636
153 253 635
12 112 635
227 327 635
129 229 635
80 180 633
248 348 633
198 298 632
184 284 632
160 260 630
40 140 629
205 305 627
227 327 627
235 335 626
25 125 625
76 176 625
116 216 625
197 297 624
11 111 624
119 219 623
247 347 622
19 119 622
192 292 622
70 170 622
169 269 622
215 315 622
95 195 621
75 175 621
43 143 620
179 279 619
280 380 619
120 220 618
58 158 617
3 103 616
41 141 616
236 336 615
145 245 615
80 180 614
147 247 612
105 205 611
142 242 611
218 318 610
231 331 610
272 372 610
96 196 609
291 391 607
12 112 607
249 349 606
221 321 605
157 257 605
49 149 605
104 204 604
126 226 604
162 262 604
263 363 603
281 381 603
163 263 603
110 210 602
208 308 602
50 150 602
133 233 602
204 304 602
74 174 601
290 390 601
164 264 601
145 245 600
145 245 600
150 250 599
258 358 598
270 370 597
188 288 597
159 259 597
83 183 596
150 250 595
213 313 594
236 336 594
189 289 593
222 322 593
16 116 592
140 240 592
57 157 591
126 226 591
169 269 591
3 103 591
305 405 590
189 289 590
174 274 590
162 262 589
205 305 588
144 244 587
36 136 587
127 227 587
125 225 587
251 351 586
153 253 585
216 316 585
262 362 585
22 122 584
286 386 583
47 147 583
96 196 582
229 329 581
75 175 581
307 407 581
8 108 580
297 397 580
95 195 578
4 104 578
62 162 578
85 185 577
244 344 576
317 417 576
235 335 575
187 287 573
271 371 572
151 251 572
69 169 572
96 196 571
207 307 571
228 328 570
190 290 570
130 230 569
208 308 569
103 203 569
319 419 568
227 327 568
184 284 568
96 196 568
197 297 566
322 422 566
289 389 565
187 287 565
149 249 565
233 333 564
68 168 564
115 215 562
26 126 562
223 323 562
261 361 562
284 384 562
86 186 561
319 419 561
20 120 560
35 135 559
48 148 559
261 361 559
185 285 559
124 224 558
28 128 558
85 185 558
35 135 557
139 239 557
160 260 557
327 427 557
130 230 556
77 177 556
157 257 555
230 330 555
335 435 554
105 205 554
21 121 554
246 346 553
272 372 553
54 154 553
82 182 552
201 301 552
191 291 551
68 168 550
342 442 550
240 340 550
331 431 549
22 122 549
72 172 548
191 291 548
170 270 547
144 244 546
36 136 546
220 320 546
225 325 546
21 121 545
61 161 545
292 392 544
222 322 543
233 333 543
307 407 543
145 245 542
16 116 542
94 194 542
227 327 539
224 324 539
37 137 539
246 346 539
261 361 538
355 455 538
342 442 538
139 239 538
334 434 538
331 431 537
231 331 537
197 297 535
278 378 533
42 142 533
150 250 532
6 106 531
216 316 531
298 398 530
360 460 530
81 181 530
217 317 530
238 338 530
90 190 529
11 111 528
301 401 528
11 111 528
355 455 527
255 355 527
307 407 527
326 426 527
66 166 526
37 137 526
275 375 526
55 155 525
25 125 525
174 274 525
126 226 524
277 377 524
280 380 523
71 171 523
13 113 523
200 300 522
12 112 522
284 384 522
279 379 521
353 453 520
110 210 520
303 403 520
367 467 520
13 113 519
321 421 519
181 281 519
70 170 519
198 298 518
325 425 518
172 272 518
303 403 518
22 122 518
156 256 517
335 435 517
286 386 517
111 211 516
374 474 516
286 386 516
293 393 515
89 189 515
17 117 515
110 210 514
296 396 513
342 442 513
264 364 513
201 301 511
187 287 511
319 419 511
174 274 511
226 326 510
308 408 510
138 238 508
39 139 507
279 379 507
124 224 507
193 293 507
47 147 507
74 174 506
148 248 506
350 450 506
31 131 505
91 191 505
161 261 505
200 300 505
344 444 505
34 134 505
334 434 505
328 428 505
222 322 505
175 275 505
190 290 505
143 243 504
148 248 504
267 367 503
96 196 503
325 425 503
334 434 503
225 325 503
201 301 501
87 187 501
387 487 501
62 162 501
397 497 501
398 498 501
208 308 499
353 453 499
269 369 499
282 382 499
348 448 498
19 119 497
85 185 497
156 256 497
341 441 497
192 292 496
184 284 496
200 300 495
278 378 495
111 211 495
346 446 495
391 491 494
205 305 494
207 307 494
364 464 494
63 163 493
315 415 493
349 449 493
339 439 493
340 440 492
304 404 492
187 287 492
373 473 492
264 364 491
30 130 491
152 252 491
165 265 491
269 369 491
77 177 491
175 275 491
277 377 489
359 459 488
140 240 487
194 294 487
307 407 487
387 487 487
222 322 486
133 233 486
139 239 486
315 415 485
278 378 485
2 102 485
262 362 485
271 371 484
265 365 484
100 200 484
312 412 483
353 453 483
415 515 483
403 503 482
249 349 482
392 492 482
162 262 481
36 136 481
272 372 481
370 470 481
291 391 481
250 350 481
357 457 481
393 493 480
151 251 480
47 147 480
123 223 480
362 462 480
375 475 479
395 495 479
93 193 479
214 314 478
305 405 478
284 384 477
413 513 477
46 146 477
150 250 476
275 375 475
213 313 475
329 429 475
203 303 475
308 408 475
115 215 475
421 521 475
258 358 474
397 497 474
388 488 473
213 313 472
328 428 472
47 147 472
387 487 471
142 242 471
391 491 471
356 456 470
302 402 469
344 444 468
314 414 468
261 361 468
320 420 466
359 459 466
94 194 465
175 275 465
90 190 464
51 151 464
359 459 463
177 277 463
429 529 463
59 159 463
148 248 463
44 144 463
206 306 463
296 396 462
28 128 462
79 179 462
366 466 462
324 424 462
330 430 461
359 459 461
121 221 461
19 119 460
435 535 460
419 519 459
261 361 459
159 259 458
307 407 458
32 132 458
268 368 458
254 354 457
437 537 457
409 509 457
270 370 457
441 541 456
334 434 456
312 412 456
297 397 454
98 198 454
441 541 454
365 465 453
12 112 453
368 468 452
248 348 452
407 507 452
231 331 452
323 423 451
168 268 451
46 146 451
156 256 451
376 476 450
435 535 450
109 209 449
83 183 448
242 342 448
140 240 448
167 267 448
129 229 448
398 498 448
199 299 448
68 168 447
20 120 447
73 173 447
446 546 446
71 171 446
53 153 446
399 499 446
386 486 446
336 436 445
30 130 445
243 343 444
219 319 444
393 493 444
283 383 444
292 392 443
90 190 443
252 352 443
154 254 443
429 529 443
290 390 442
220 320 442
211 311 442
356 456 441
417 517 440
392 492 440
132 232 440
188 288 440
123 223 440
452 552 440
175 275 439
182 282 439
432 532 438
359 459 438
97 197 438
220 320 438
291 391 438
223 323 437
409 509 436
304 404 436
435 535 436
285 385 436
62 162 436
290 390 436
307 407 435
373 473 435
188 288 435
391 491 435
385 485 434
256 356 434
334 434 434
358 458 433
192 292 433
90 190 433
332 432 432
42 142 432
73 173 432
384 484 432
320 420 432
65 165 432
183 283 432
337 437 431
101 201 431
325 425 431
430 530 431
300 400 430
342 442 430
91 191 430
354 454 430
44 144 429
324 424 429
207 307 429
65 165 428
209 309 428
441 541 427
159 259 427
328 428 427
147 247 426
291 391 426
239 339 426
290 390 426
33 133 425
259 359 425
361 461 425
235 335 424
447 547 424
206 306 424
208 308 424
409 509 424
88 188 423
423 523 423
92 192 423
143 243 422
19 119 422
296 396 422
185 285 422
452 552 422
242 342 421
348 448 421
280 380 420
65 165 420
181 281 420
333 433 420
383 483 419
378 478 419
329 429 419
220 320 418
87 187 418
374 474 418
64 164 418
352 452 418
380 480 417
418 518 417
240 340 416
395 495 416
395 495 416
458 558 415
399 499 415
269 369 415
105 205 414
399 499 414
78 178 414
311 411 414
399 499 414
424 524 413
346 446 413
341 441 413
394 494 413
17 117 412
471 571 412
181 281 412
432 532 412
107 207 412
219 319 412
325 425 411
333 433 411
451 551 411
185 285 411
329 429 411
79 179 410
217 317 410
260 360 410
210 310 409
399 499 409
293 393 409
405 505 409
204 304 409
186 286 409
487 587 409
436 536 408
180 280 408
279 379 408
50 150 408
105 205 407
322 422 407
469 569 405
168 268 405
484 584 405
351 451 405
14 114 405
476 576 404
383 483 404
5 105 404
188 288 403
260 360 403
174 274 403
79 179 403
489 589 402
191 291 402
495 595 402
250 350 402
368 468 402
128 228 401
316 416 401
447 547 400
464 564 400
40 140 400
455 555 400
312 412 399
266 366 399
285 385 399
483 583 399
265 365 399
261 361 398
452 552 398
454 554 398
412 512 398
446 546 398
375 475 398
285 385 397
453 553 397
463 563 396
418 518 396
237 337 396
264 364 396
329 429 395
106 206 395
422 522 394
458 558 394
168 268 394
178 278 394
261 361 394
85 185 393
494 594 393
235 335 393
426 526 393
310 410 393
64 164 393
471 571 393
469 569 393
37 137 393
208 308 391
1 101 391
490 590 390
93 193 390
43 143 390
263 363 390
506 606 390
429 529 390
274 374 389
287 387 389
395 495 389
87 187 389
74 174 389
215 315 388
351 451 388
277 377 387
475 575 386
295 395 386
466 566 386
79 179 386
293 393 386
72 172 386
171 271 385
241 341 385
414 514 385
369 469 385
399 499 384
470 570 384
249 349 384
406 506 384
501 601 384
385 485 383
499 599 383
435 535 383
505 605 383
91 191 383
241 341 382
496 596 382
450 550 382
494 594 382
367 467 382
366 466 381
205 305 381
202 302 381
346 446 381
279 379 381
425 525 380
85 185 380
424 524 380
137 237 380
284 384 379
305 405 379
468 568 379
82 182 379
114 214 379
473 573 379
110 210 379
165 265 378
521 621 378
482 582 378
163 263 378
507 607 378
511 611 377
517 617 377
27 127 377
477 577 377
345 445 377
163 263 377
180 280 377
26 126 377
344 444 376
245 345 376
338 438 376
410 510 376
108 208 375
78 178 375
458 558 375
496 596 375
480 580 374
249 349 374
407 507 373
315 415 373
190 290 373
64 164 373
62 162 373
299 399 373
76 176 373
407 507 373
190 290 372
382 482 372
324 424 372
17 117 371
292 392 371
158 258 371
355 455 371
424 524 371
471 571 371
388 488 370
275 375 370
373 473 370
504 604 370
496 596 369
508 608 369
313 413 369
304 404 369
250 350 368
333 433 368
273 373 368
517 617 368
253 353 368
374 474 367
125 225 367
22 122 366
235 335 366
227 327 366
349 449 366
120 220 365
321 421 364
522 622 364
192 292 364
500 600 363
54 154 363
499 599 363
65 165 363
417 517 363
368 468 363
286 386 363
125 225 363
116 216 363
318 418 363
129 229 362
203 303 362
504 604 362
471 571 362
158 258 362
45 145 362
445 545 362
491 591 361
31 131 361
464 564 361
158 258 361
328 428 361
49 149 360
118 218 360
202 302 360
340 440 360
490 590 360
342 442 360
412 512 360
190 290 359
187 287 358
469 569 358
361 461 358
243 343 358
65 165 357
204 304 357
339 439 357
438 538 357
84 184 357
488 588 356
537 637 356
311 411 356
173 273 356
398 498 356
460 560 356
536 636 355
306 406 355
242 342 355
537 637 354
40 140 354
379 479 354
280 380 353
315 415 353
398 498 353
115 215 353
530 630 353
407 507 353
3 103 352
142 242 352
248 348 352
265 365 352
540 640 351
269 369 351
172 272 351
478 578 351
487 587 351
514 614 350
22 122 350
332 432 350
465 565 350
60 160 350
518 618 349
4 104 349
126 226 349
332 432 348
37 137 348
466 566 348
526 626 347
108 208 347
508 608 347
454 554 347
505 605 346
383 483 346
58 158 346
421 521 346
159 259 346
309 409 345
292 392 345
336 436 345
235 335 345
421 521 345
400 500 345
525 625 345
522 622 344
510 610 344
362 462 344
353 453 344
68 168 344
186 286 344
48 148 343
447 547 343
116 216 343
262 362 343
508 608 343
189 289 342
401 501 342
121 221 342
440 540 342
356 456 341
415 515 341
187 287 341
356 456 341
88 188 341
363 463 341
485 585 340
94 194 340
372 472 340
304 404 340
414 514 339
168 268 339
519 619 339
64 164 338
173 273 338
286 386 338
474 574 338
546 646 338
359 459 338
437 537 337
145 245 337
338 438 337
352 452 337
138 238 337
342 442 336
471 571 336
302 402 336
490 590 336
536 636 336
285 385 336
294 394 335
184 284 335
130 230 335
195 295 334
137 237 334
217 317 334
389 489 334
281 381 334
545 645 334
406 506 334
418 518 333
145 245 333
8 108 333
542 642 332
412 512 332
543 643 332
444 544 332
342 442 332
282 382 332
557 657 332
477 577 332
55 155 331
389 489 331
407 507 331
320 420 331
462 562 331
344 444 331
328 428 331
502 602 331
150 250 330
494 594 330
284 384 330
321 421 330
124 224 330
416 516 330
222 322 330
514 614 330
466 566 330
268 368 329
435 535 329
323 423 329
95 195 329
116 216 329
381 481 329
469 569 329
3 103 329
525 625 328
143 243 328
231 331 328
365 465 328
456 556 328
42 142 328
14 114 327
82 182 327
355 455 327
368 468 327
335 435 327
480 580 327
460 560 327
97 197 326
343 443 326
430 530 326
183 283 326
415 515 326
450 550 326
261 361 325
554 654 325
519 619 325
279 379 325
110 210 325
212 312 325
475 575 324
554 654 324
11 111 324
556 656 324
232 332 323
24 124 323
567 667 323
247 347 323
511 611 322
443 543 322
495 595 321
255 355 321
177 277 321
454 554 321
134 234 320
47 147 320
266 366 320
483 583 320
350 450 320
412 512 320
306 406 320
539 639 320
191 291 320
363 463 320
25 125 320
183 283 320
435 535 320
166 266 320
147 247 319
52 152 319
245 345 319
59 159 319
573 673 318
233 333 318
86 186 318
443 543 317
386 486 317
531 631 317
120 220 317
12 112 316
51 151 316
526 626 316
542 642 316
392 492 315
167 267 315
228 328 315
249 349 315
470 570 315
566 666 314
401 501 314
486 586 314
279 379 314
72 172 314
414 514 314
210 310 314
497 597 313
162 262 313
332 432 312
315 415 312
312 412 312
184 284 312
430 530 312
542 642 312
173 273 312
229 329 312
570 670 312
92 192 312
338 438 312
400 500 311
564 664 311
147 247 311
550 650 310
286 386 310
498 598 310
521 621 310
401 501 310
492 592 310
581 681 310
567 667 310
516 616 310
19 119 309
356 456 309
407 507 308
553 653 308
570 670 308
113 213 308
420 520 308
548 648 308
471 571 306
290 390 306
466 566 306
182 282 306
435 535 305
225 325 305
122 222 305
277 377 305
417 517 305
109 209 305
24 124 305
244 344 304
339 439 304
532 632 304
67 167 304
533 633 303
428 528 303
103 203 303
537 637 303
15 115 303
228 328 302
422 522 302
353 453 302
379 479 302
469 569 302
286 386 302
496 596 301
526 626 301
301 401 301
347 447 301
424 524 301
253 353 300
147 247 300
596 696 300
598 698 300
88 188 300
145 245 300
327 427 300
589 689 299
105 205 299
98 198 299
258 358 299
535 635 299
358 458 298
567 667 298
507 607 298
333 433 298
588 688 297
376 476 297
98 198 297
154 254 296
294 394 296
404 504 296
397 497 296
417 517 295
528 628 295
128 228 294
575 675 294
547 647 294
134 234 294
555 655 294
349 449 293
198 298 293
464 564 293
566 666 293
533 633 293
404 504 293
259 359 292
414 514 292
241 341 292
550 650 292
590 690 291
424 524 291
518 618 291
465 565 291
419 519 291
572 672 290
469 569 290
372 472 290
557 657 290
606 706 290
348 448 290
206 306 290
80 180 289
38 138 289
590 690 289
369 469 289
555 655 289
608 708 289
407 507 289
375 475 289
595 695 289
599 699 288
237 337 288
37 137 288
322 422 288
509 609 288
556 656 288
161 261 287
504 604 287
126 226 287
352 452 287
248 348 287
317 417 287
458 558 287
577 677 286
154 254 286
501 601 286
440 540 286
440 540 285
527 627 285
378 478 285
263 363 285
428 528 285
111 211 285
432 532 284
226 326 284
32 132 284
447 547 283
96 196 283
579 679 283
602 702 283
584 684 283
194 294 283
282 382 282
279 379 282
606 706 282
553 653 282
246 346 281
322 422 281
499 599 281
533 633 281
8 108 281
572 672 281
134 234 281
81 181 281
551 651 281
227 327 281
493 593 280
432 532 280
365 465 280
317 417 280
126 226 280
308 408 280
563 663 279
536 636 279
442 542 279
491 591 279
613 713 279
407 507 279
504 604 278
572 672 278
206 306 278
353 453 277
488 588 277
410 510 277
265 365 277
159 259 277
376 476 277
616 716 276
355 455 276
553 653 276
63 163 276
564 664 276
345 445 276
82 182 276
364 464 276
603 703 275
516 616 275
116 216 275
327 427 275
48 148 275
390 490 275
280 380 275
468 568 275
158 258 274
49 149 274
488 588 274
479 579 274
609 709 274
605 705 274
437 537 274
544 644 274
213 313 274
237 337 274
429 529 274
327 427 273
612 712 273
284 384 273
586 686 273
72 172 273
353 453 273
597 697 273
469 569 273
429 529 273
580 680 272
251 351 272
582 682 272
529 629 272
463 563 272
258 358 272
509 609 272
556 656 272
223 323 271
479 579 271
397 497 271
560 660 270
549 649 270
381 481 270
186 286 270
524 624 269
604 704 269
622 722 269
624 724 269
576 676 269
371 471 268
266 366 268
241 341 268
361 461 268
458 558 268
360 460 268
332 432 268
611 711 268
183 283 268
483 583 268
319 419 268
279 379 267
148 248 267
45 145 267
398 498 267
72 172 267
109 209 266
489 589 266
360 460 266
506 606 266
510 610 266
618 718 266
522 622 266
623 723 266
498 598 266
255 355 266
90 190 265
234 334 265
599 699 264
506 606 264
455 555 264
348 448 264
430 530 264
176 276 264
606 706 264
545 645 263
211 311 263
248 348 263
280 380 263
184 284 263
625 725 262
463 563 262
419 519 262
571 671 262
144 244 262
409 509 262
49 149 261
502 602 260
187 287 260
570 670 260
566 666 260
503 603 260
122 222 260
388 488 260
159 259 260
308 408 259
517 617 259
337 437 259
353 453 259
613 713 259
291 391 259
384 484 259
197 297 259
266 366 258
268 368 258
483 583 258
275 375 258
146 246 257
506 606 257
112 212 257
611 711 257
564 664 257
111 211 257
641 741 257
595 695 257
50 150 256
424 524 256
212 312 256
543 643 256
98 198 255
488 588 255
554 654 255
532 632 255
208 308 255
233 333 255
345 445 255
611 711 255
526 626 254
430 530 254
327 427 254
290 390 254
612 712 254
545 645 254
580 680 254
631 731 254
612 712 253
366 466 253
613 713 253
131 231 253
555 655 253
584 684 253
616 716 252
48 148 252
498 598 252
534 634 252
506 606 252
6 106 251
617 717 251
261 361 251
547 647 251
238 338 251
436 536 251
247 347 251
343 443 251
437 537 250
109 209 250
162 262 250
32 132 250
580 680 250
527 627 250
571 671 250
631 731 249
469 569 249
639 739 249
411 511 249
245 345 249
580 680 249
198 298 249
3 103 249
443 543 249
568 668 249
70 170 248
515 615 248
638 738 248
98 198 248
417 517 248
565 665 248
599 699 247
467 567 247
168 268 247
330 430 247
652 752 247
521 621 247
543 643 246
648 748 246
397 497 246
592 692 246
280 380 246
17 117 246
113 213 245
248 348 245
580 680 245
38 138 245
621 721 245
119 219 245
482 582 245
510 610 244
587 687 244
588 688 244
633 733 244
502 602 244
187 287 244
119 219 244
400 500 244
59 159 243
20 120 243
634 734 243
453 553 243
124 224 243
317 417 243
314 414 243
385 485 243
619 719 243
457 557 242
232 332 242
649 749 242
464 564 242
260 360 242
210 310 242
379 479 242
210 310 242
354 454 242
56 156 242
602 702 241
5 105 241
633 733 241
167 267 241
592 692 240
399 499 240
536 636 240
296 396 240
462 562 240
446 546 240
230 330 240
13 113 240
263 363 239
280 380 239
548 648 239
574 674 239
328 428 239
43 143 239
607 707 239
648 748 238
479 579 238
660 760 238
312 412 238
185 285 238
661 761 238
159 259 238
170 270 238
437 537 238
559 659 238
358 458 237
619 719 237
105 205 237
233 333 237
571 671 237
579 679 237
277 377 236
590 690 236
467 567 236
543 643 236
329 429 235
218 318 235
498 598 235
128 228 235
295 395 234
407 507 234
419 519 234
186 286 234
607 707 234
135 235 233
555 655 233
51 151 233
573 673 233
169 269 233
231 331 233
390 490 233
146 246 233
249 349 233
560 660 232
205 305 232
538 638 232
343 443 232
520 620 232
495 595 232
647 747 232
654 754 232
652 752 232
604 704 231
288 388 231
483 583 231
509 609 231
512 612 231
12 112 231
530 630 230
188 288 229
644 744 229
480 580 229
605 705 229
1 101 229
508 608 229
630 730 229
144 244 228
543 643 228
173 273 228
184 284 228
253 353 228
11 111 228
45 145 228
420 520 228
130 230 228
613 713 228
622 722 227
328 428 227
31 131 227
55 155 227
535 635 227
590 690 227
324 424 226
317 417 226
363 463 226
528 628 226
222 322 226
42 142 226
557 657 226
538 638 226
597 697 226
609 709 226
668 768 226
143 243 226
514 614 226
610 710 226
642 742 225
217 317 225
349 449 225
270 370 225
30 130 225
86 186 225
607 707 225
605 705 224
448 548 224
540 640 224
203 303 224
649 749 224
625 725 223
72 172 223
629 729 223
325 425 223
659 759 223
323 423 223
583 683 223
675 775 223
367 467 223
251 351 222
231 331 222
448 548 222
179 279 222
590 690 222
187 287 222
600 700 222
104 204 221
585 685 221
413 513 221
499 599 221
244 344 220
489 589 220
661 761 220
512 612 220
180 280 220
675 775 219
226 326 219
330 430 218
633 733 218
114 214 218
355 455 218
126 226 218
621 721 218
173 273 218
357 457 217
195 295 217
562 662 217
587 687 217
668 768 217
644 744 217
140 240 217
650 750 217
466 566 217
596 696 217
424 524 217
244 344 217
261 361 216
598 698 216
583 683 215
277 377 215
413 513 215
452 552 215
595 695 215
374 474 215
476 576 215
513 613 215
315 415 214
589 689 214
462 562 214
266 366 214
602 702 214
399 499 214
399 499 214
54 154 214
143 243 213
112 212 213
600 700 213
462 562 213
673 773 213
261 361 213
573 673 213
449 549 213
469 569 213
627 727 213
195 295 213
63 163 213
665 765 213
371 471 212
607 707 212
518 618 212
673 773 212
383 483 212
670 770 212
675 775 212
517 617 212
494 594 211
658 758 211
282 382 211
424 524 211
118 218 211
680 780 211
562 662 211
63 163 210
67 167 210
672 772 210
102 202 210
659 759 210
469 569 210
124 224 210
479 579 210
549 649 210
646 746 209
324 424 209
329 429 209
67 167 209
591 691 208
214 314 208
447 547 208
569 669 208
631 731 208
386 486 208
542 642 208
106 206 208
681 781 208
227 327 208
569 669 207
372 472 207
611 711 207
133 233 207
667 767 207
237 337 207
174 274 207
584 684 207
503 603 207
485 585 206
319 419 206
629 729 206
653 753 205
678 778 205
606 706 205
8 108 205
310 410 205
685 785 205
605 705 204
34 134 204
440 540 204
451 551 204
517 617 204
646 746 204
105 205 204
691 791 204
362 462 204
616 716 204
562 662 203
446 546 203
270 370 203
10 110 203
638 738 203
648 748 203
307 407 203
584 684 203
590 690 203
605 705 203
193 293 203
63 163 203
494 594 203
501 601 202
632 732 202
697 797 202
433 533 202
281 381 202
658 758 202
387 487 202
174 274 202
691 791 202
663 763 202
589 689 201
562 662 201
464 564 201
546 646 200
431 531 200
581 681 200
610 710 200
442 542 200
673 773 200
148 248 200
110 210 200
487 587 199
514 614 199
5 105 199
38 138 199
679 779 199
33 133 199
480 580 198
404 504 198
387 487 198
242 342 198
467 567 198
372 472 198
530 630 198
459 559 198
673 773 198
428 528 198
142 242 198
574 674 197
573 673 197
29 129 197
404 504 197
487 587 197
294 394 197
440 540 197
690 790 196
245 345 196
158 258 196
508 608 196
93 193 196
329 429 196
595 695 195
384 484 195
511 611 195
270 370 195
589 689 195
313 413 195
675 775 195
238 338 195
516 616 194
185 285 194
644 744 194
654 754 194
603 703 194
538 638 194
618 718 194
373 473 194
683 783 194
411 511 194
701 801 194
353 453 194
610 710 193
152 252 193
588 688 193
688 788 193
642 742 193
660 760 193
552 652 193
632 732 193
528 628 192
114 214 192
379 479 192
136 236 192
252 352 192
628 728 192
94 194 192
330 430 192
328 428 192
359 459 191
402 502 191
658 758 191
55 155 191
232 332 191
677 777 191
634 734 191
461 561 191
691 791 191
62 162 190
435 535 190
236 336 190
619 719 190
661 761 190
598 698 189
174 274 189
239 339 189
439 539 189
692 792 189
408 508 189
80 180 189
578 678 189
401 501 189
696 796 189
378 478 188
573 673 188
686 786 188
123 223 187
196 296 187
244 344 187
607 707 187
346 446 187
593 693 187
623 723 187
697 797 187
552 652 187
685 785 187
581 681 186
410 510 186
583 683 186
452 552 186
125 225 186
274 374 186
583 683 186
657 757 186
513 613 186
384 484 186
59 159 186
75 175 185
73 173 185
694 794 185
233 333 185
702 802 184
133 233 184
339 439 184
430 530 184
342 442 184
714 814 184
572 672 184
690 790 183
588 688 183
421 521 183
559 659 183
657 757 183
7 107 183
484 584 183
529 629 183
503 603 183
298 398 182
696 796 182
477 577 182
337 437 182
285 385 182
586 686 182
483 583 182
513 613 181
499 599 181
391 491 181
630 730 181
423 523 181
694 794 181
439 539 181
683 783 181
338 438 181
567 667 180
719 819 180
604 704 180
683 783 180
483 583 179
686 786 179
688 788 179
656 756 179
487 587 179
76 176 179
63 163 179
392 492 178
296 396 178
380 480 178
327 427 178
695 795 178
660 760 178
519 619 177
67 167 177
217 317 177
248 348 177
704 804 177
515 615 177
661 761 177
301 401 177
101 201 177
165 265 177
22 122 176
600 700 176
332 432 176
579 679 176
708 808 176
490 590 176
166 266 176
646 746 176
667 767 176
540 640 176
602 702 175
375 475 175
711 811 175
422 522 175
378 478 175
236 336 175
648 748 175
597 697 175
663 763 175
672 772 175
392 492 174
663 763 174
348 448 174
387 487 174
667 767 174
677 777 174
318 418 174
485 585 173
482 582 173
596 696 173
659 759 173
660 760 173
632 732 173
269 369 173
536 636 173
262 362 173
68 168 172
373 473 172
265 365 172
572 672 172
484 584 172
551 651 172
579 679 172
54 154 172
173 273 172
726 826 171
700 800 171
32 132 171
525 625 171
81 181 171
634 734 171
693 793 171
465 565 170
452 552 170
711 811 170
127 227 170
660 760 170
520 620 170
390 490 170
623 723 170
413 513 169
365 465 169
700 800 169
357 457 169
533 633 169
687 787 169
433 533 169
468 568 169
225 325 169
70 170 168
242 342 168
518 618 168
455 555 168
715 815 168
13 113 168
11 111 168
551 651 168
588 688 168
730 830 168
151 251 167
244 344 167
649 749 167
36 136 167
232 332 167
282 382 167
193 293 167
642 742 167
524 624 167
543 643 166
405 505 166
523 623 166
431 531 166
602 702 166
684 784 165
624 724 165
25 125 165
693 793 165
588 688 164
551 651 164
229 329 164
217 317 164
506 606 164
734 834 164
552 652 164
211 311 164
106 206 164
725 825 164
552 652 164
558 658 163
204 304 163
192 292 163
332 432 163
709 809 163
695 795 163
481 581 163
485 585 162
447 547 162
373 473 162
574 674 162
423 523 162
646 746 161
465 565 161
360 460 161
629 729 161
501 601 161
671 771 161
276 376 161
644 744 161
646 746 161
424 524 161
692 792 160
511 611 160
730 830 160
584 684 160
184 284 160
660 760 160
712 812 160
290 390 160
160 260 160
233 333 160
372 472 160
555 655 159
351 451 159
621 721 159
298 398 159
670 770 158
147 247 158
544 644 158
623 723 158
707 807 158
551 651 158
388 488 158
293 393 158
410 510 158
741 841 158
721 821 157
369 469 157
169 269 157
499 599 157
107 207 157
531 631 157
730 830 157
656 756 157
712 812 157
698 798 157
174 274 157
360 460 156
555 655 156
294 394 156
411 511 156
187 287 156
655 755 156
547 647 156
485 585 156
676 776 156
605 705 156
730 830 155
162 262 155
540 640 155
632 732 155
573 673 155
266 366 155
114 214 155
710 810 155
374 474 155
259 359 155
423 523 155
633 733 155
741 841 154
671 771 154
682 782 154
636 736 154
579 679 154
221 321 154
740 840 154
309 409 154
507 607 153
568 668 153
714 814 153
576 676 153
646 746 153
544 644 153
557 657 153
49 149 152
509 609 152
420 520 152
93 193 152
304 404 152
224 324 152
672 772 152
581 681 152
602 702 152
394 494 152
657 757 152
209 309 152
690 790 152
149 249 151
636 736 151
233 333 151
714 814 151
581 681 151
665 765 151
606 706 151
218 318 151
721 821 151
524 624 150
719 819 150
612 712 150
287 387 150
653 753 150
353 453 149
498 598 149
699 799 149
295 395 149
554 654 149
74 174 149
698 798 149
575 675 149
207 307 149
198 298 149
671 771 148
721 821 148
677 777 148
740 840 148
128 228 148
750 850 148
561 661 148
149 249 147
445 545 147
134 234 147
396 496 147
505 605 147
677 777 147
507 607 147
94 194 147
723 823 147
299 399 146
631 731 146
641 741 146
560 660 146
652 752 146
575 675 146
728 828 146
20 120 145
319 419 145
447 547 145
683 783 145
716 816 145
727 827 145
686 786 145
401 501 145
734 834 145
110 210 145
750 850 145
152 252 144
433 533 144
550 650 144
359 459 144
707 807 144
28 128 144
631 731 143
576 676 143
525 625 143
361 461 143
700 800 143
608 708 143
515 615 143
679 779 143
720 820 143
155 255 143
472 572 142
718 818 142
448 548 142
6 106 142
540 640 142
370 470 142
616 716 142
409 509 142
505 605 141
96 196 141
607 707 141
436 536 141
725 825 141
739 839 141
239 339 141
602 702 141
719 819 141
285 385 141
11 111 141
562 662 141
754 854 141
728 828 141
662 762 140
313 413 140
723 823 140
681 781 140
576 676 140
744 844 140
377 477 140
730 830 140
686 786 140
74 174 140
636 736 140
231 331 139
128 228 139
163 263 139
561 661 139
473 573 139
699 799 139
697 797 139
468 568 139
640 740 139
638 738 139
426 526 139
673 773 138
626 726 138
559 659 138
143 243 138
676 776 138
415 515 138
759 859 138
565 665 137
64 164 137
751 851 137
680 780 137
705 805 137
341 441 137
425 525 137
710 810 137
584 684 137
465 565 137
560 660 136
412 512 136
611 711 136
687 787 136
278 378 135
685 785 135
244 344 135
759 859 135
107 207 135
519 619 135
620 720 134
748 848 134
112 212 134
252 352 134
758 858 134
391 491 134
177 277 134
573 673 134
248 348 134
675 775 134
748 848 134
744 844 133
455 555 133
455 555 133
129 229 133
49 149 133
748 848 133
648 748 133
754 854 133
753 853 133
608 708 132
767 867 132
103 203 132
695 795 132
759 859 132
762 862 132
766 866 132
709 809 132
217 317 132
610 710 132
68 168 132
588 688 131
68 168 131
560 660 131
655 755 131
53 153 131
296 396 130
541 641 130
714 814 130
454 554 130
434 534 130
723 823 130
629 729 130
749 849 129
640 740 129
562 662 129
730 830 129
486 586 129
56 156 128
649 749 128
622 722 128
466 566 128
759 859 128
657 757 128
56 156 128
757 857 128
10 110 128
744 844 128
33 133 128
552 652 127
675 775 127
736 836 127
485 585 127
673 773 127
661 761 127
11 111 127
671 771 127
379 479 127
690 790 127
690 790 126
580 680 126
767 867 126
586 686 126
685 785 126
672 772 126
747 847 126
26 126 126
723 823 125
611 711 125
676 776 125
594 694 125
78 178 125
625 725 125
425 525 125
719 819 125
303 403 125
198 298 125
632 732 125
554 654 125
738 838 124
341 441 124
716 816 124
752 852 124
558 658 124
287 387 124
729 829 124
587 687 124
345 445 124
504 604 123
711 811 123
431 531 123
753 853 123
647 747 123
560 660 123
728 828 123
283 383 123
681 781 123
590 690 123
539 639 123
346 446 123
609 709 123
482 582 123
309 409 122
476 576 122
511 611 122
680 780 122
700 800 122
537 637 122
569 669 122
626 726 122
720 820 122
594 694 122
666 766 122
80 180 122
539 639 122
695 795 122
627 727 122
242 342 121
755 855 121
726 826 121
515 615 121
547 647 121
698 798 121
597 697 121
410 510 121
212 312 120
676 776 120
101 201 120
611 711 120
645 745 120
317 417 120
605 705 120
732 832 119
779 879 119
590 690 119
584 684 119
747 847 119
332 432 119
650 750 119
748 848 119
122 222 119
672 772 119
503 603 119
119 219 119
687 787 119
380 480 118
99 199 118
309 409 118
689 789 118
235 335 118
717 817 118
1 101 118
550 650 118
778 878 118
473 573 118
158 258 117
758 858 117
776 876 117
718 818 117
747 847 117
730 830 117
773 873 117
142 242 117
776 876 117
637 737 116
775 875 116
370 470 116
145 245 116
718 818 116
675 775 116
410 510 116
659 759 116
688 788 116
288 388 116
774 874 116
197 297 116
549 649 116
671 771 116
663 763 116
783 883 115
696 796 115
726 826 115
730 830 115
521 621 115
753 853 115
746 846 115
725 825 115
368 468 115
726 826 115
757 857 115
744 844 114
729 829 114
653 753 114
757 857 114
668 768 114
252 352 114
564 664 114
742 842 113
468 568 113
720 820 113
575 675 113
704 804 113
129 229 113
691 791 113
543 643 113
700 800 113
262 362 112
618 718 112
661 761 112
780 880 112
635 735 112
752 852 112
204 304 112
780 880 112
610 710 112
692 792 112
497 597 112
762 862 112
760 860 112
2 102 111
767 867 111
710 810 111
730 830 111
758 858 111
727 827 111
706 806 111
741 841 111
662 762 111
456 556 110
763 863 110
508 608 110
666 766 110
721 821 110
550 650 110
329 429 110
592 692 110
765 865 110
717 817 110
407 507 110
603 703 110
775 875 110
412 512 110
647 747 110
540 640 109
253 353 109
621 721 109
623 723 109
584 684 109
479 579 109
789 889 109
39 139 109
721 821 109
265 365 108
585 685 108
698 798 108
427 527 108
199 299 108
688 788 108
432 532 108
769 869 108
448 548 108
687 787 108
506 606 108
721 821 108
217 317 108
575 675 108
661 761 107
600 700 107
792 892 107
582 682 107
476 576 107
434 534 107
589 689 107
194 294 107
776 876 107
575 675 106
786 886 106
424 524 106
619 719 106
783 883 106
403 503 106
776 876 106
592 692 106
519 619 106
557 657 106
314 414 106
699 799 105
711 811 105
101 201 105
545 645 105
784 884 105
785 885 105
398 498 105
28 128 105
218 318 105
773 873 105
172 272 104
595 695 104
596 696 104
404 504 104
579 679 104
334 434 104
449 549 104
557 657 104
510 610 104
624 724 104
752 852 103
691 791 103
443 543 103
780 880 103
585 685 103
721 821 103
227 327 103
222 322 103
159 259 103
692 792 103
517 617 103
598 698 103
795 895 103
744 844 103
210 310 103
627 727 103
363 463 102
685 785 102
563 663 102
230 330 102
643 743 102
366 466 102
572 672 102
726 826 102
634 734 102
761 861 102
632 732 102
254 354 102
159 259 101
647 747 101
741 841 101
787 887 101
345 445 101
745 845 101
362 462 101
782 882 101
270 370 101
126 226 101
278 378 101
559 659 101
535 635 100
176 276 100
742 842 100
369 469 100
780 880 99
740 840 99
773 873 99
169 269 99
580 680 99
121 221 99
732 832 99
758 858 99
196 296 99
751 851 99
796 896 99
31 131 99
329 429 99
239 339 99
781 881 98
714 814 98
679 779 98
113 213 98
761 861 98
780 880 98
788 888 98
771 871 98
604 704 98
625 725 98
331 431 98
709 809 98
768 868 97
343 443 97
791 891 97
782 882 97
621 721 97
743 843 97
222 322 97
739 839 97
516 616 97
523 623 97
520 620 96
332 432 96
240 340 96
423 523 96
793 893 96
554 654 96
405 505 96
693 793 96
698 798 96
663 763 96
644 744 96
681 781 96
748 848 96
553 653 96
741 841 95
58 158 95
59 159 95
345 445 95
159 259 95
797 897 95
578 678 95
714 814 95
390 490 95
767 867 95
695 795 95
728 828 95
510 610 95
632 732 95
429 529 95
404 504 95
379 479 95
684 784 94
369 469 94
603 703 94
61 161 94
789 889 94
545 645 94
710 810 94
529 629 94
327 427 94
572 672 94
750 850 94
682 782 94
407 507 94
192 292 94
747 847 94
800 900 94
303 403 94
107 207 94
699 799 93
785 885 93
797 897 93
663 763 93
731 831 93
514 614 93
396 496 93
27 127 93
687 787 92
624 724 92
807 907 86
303 403 92
723 823 92
726 826 92
353 453 92
226 326 92
382 482 92
571 671 92
352 452 92
712 812 92
395 495 92
109 209 92
590 690 91
745 845 91
716 816 91
553 653 91
673 773 91
742 842 91
710 810 91
315 415 91
107 207 91
779 879 91
366 466 91
588 688 91
492 592 91
25 125 91
588 688 91
697 797 91
696 796 91
546 646 91
747 847 91
525 625 91
570 670 91
747 847 90
680 780 90
99 199 90
574 674 90
296 396 90
762 862 90
95 195 90
242 342 90
775 875 90
507 607 90
182 282 89
774 874 89
151 251 89
652 752 89
736 836 89
719 819 89
704 804 89
729 829 89
726 826 89
702 802 89
20 120 89
115 215 89
716 816 88
748 848 88
606 706 88
705 805 88
747 847 88
642 742 88
248 348 88
368 468 88
664 764 88
710 810 88
472 572 88
758 858 88
641 741 88
650 750 88
644 744 88
762 862 88
476 576 87
762 862 87
342 442 87
718 818 87
514 614 87
773 873 87
731 831 87
668 768 87
807 907 86
785 885 86
456 556 86
242 342 86
739 839 86
799 899 86
544 644 86
268 368 86
138 238 86
327 427 86
404 504 86
484 584 86
766 866 86
3 103 86
798 898 86
704 804 85
689 789 85
568 668 85
611 711 85
529 629 85
669 769 85
150 250 85
417 517 84
814 914 73
660 760 84
485 585 84
800 900 84
116 216 84
285 385 84
713 813 84
147 247 84
689 789 84
390 490 84
363 463 83
519 619 83
540 640 83
798 898 83
797 897 83
524 624 83
725 825 83
449 549 83
359 459 83
651 751 83
779 879 83
763 863 83
406 506 83
733 833 83
757 857 82
553 653 82
758 858 82
589 689 82
397 497 82
800 900 82
482 582 82
714 814 82
322 422 82
749 849 82
718 818 81
801 901 81
10 110 81
599 699 81
344 444 81
739 839 81
568 668 81
773 873 81
623 723 81
383 483 81
532 632 81
713 813 81
504 604 81
754 854 81
310 410 81
487 587 80
784 884 80
549 649 80
670 770 80
757 857 80
740 840 80
762 862 80
233 333 80
780 880 80
704 804 80
770 870 80
208 308 80
188 288 80
720 820 80
191 291 80
203 303 80
800 900 80
748 848 80
549 649 79
794 894 79
314 414 79
790 890 79
379 479 79
815 915 72
741 841 79
753 853 79
564 664 79
695 795 79
127 227 79
714 814 79
385 485 79
762 862 78
666 766 78
815 915 72
613 713 78
711 811 78
795 895 77
734 834 77
528 628 77
425 525 77
816 916 70
820 920 64
537 637 77
821 921 62
433 533 77
655 755 77
735 835 76
80 180 76
191 291 76
466 566 76
720 820 76
707 807 76
600 700 76
652 752 76
255 355 76
813 913 75
819 919 65
760 860 76
785 885 76
685 785 76
709 809 76
671 771 76
760 860 76
128 228 75
776 876 75
672 772 75
76 176 75
360 460 75
812 912 75
233 333 75
573 673 75
337 437 75
689 789 74
515 615 74
821 921 62
120 220 74
805 905 74
108 208 74
198 298 74
371 471 74
349 449 74
403 503 74
677 777 74
814 914 73
673 773 74
806 906 73
17 117 73
813 913 73
309 409 73
511 611 73
726 826 73
622 722 73
740 840 73
507 607 73
737 837 73
569 669 73
510 610 73
478 578 73
717 817 72
727 827 72
575 675 72
432 532 72
516 616 72
786 886 72
621 721 72
104 204 72
805 905 72
825 925 56
827 927 53
641 741 72
249 349 72
747 847 72
559 659 71
817 917 68
737 837 71
790 890 71
812 912 71
308 408 71
226 326 71
329 429 71
807 907 71
539 639 71
826 926 54
42 142 71
762 862 71
482 582 71
794 894 71
454 554 71
106 206 71
352 452 71
586 686 70
557 657 70
768 868 70
691 791 70
565 665 70
691 791 70
802 902 70
817 917 68
753 853 70
127 227 70
819 919 65
822 922 60
698 798 69
568 668 69
216 316 69
450 550 69
501 601 69
821 921 62
754 854 69
347 447 69
300 400 69
709 809 69
650 750 69
798 898 68
758 858 68
796 896 68
78 178 68
473 573 68
634 734 68
827 927 53
65 165 68
660 760 68
425 525 68
800 900 67
713 813 67
122 222 67
390 490 67
734 834 67
220 320 67
767 867 67
710 810 67
93 193 67
746 846 67
675 775 66
815 915 66
715 815 66
255 355 66
694 794 66
798 898 66
640 740 66
425 525 66
763 863 66
764 864 66
738 838 66
666 766 66
376 476 66
787 887 66
138 238 66
598 698 66
185 285 66
734 834 65
828 928 51
348 448 65
333 433 65
240 340 65
807 907 65
750 850 65
753 853 65
801 901 65
320 420 65
798 898 65
489 589 65
805 905 65
703 803 65
357 457 65
501 601 65
183 283 64
613 713 64
173 273 64
508 608 64
211 311 64
51 151 64
158 258 64
209 309 64
827 927 53
597 697 64
683 783 64
787 887 64
759 859 64
193 293 64
792 892 64
776 876 64
497 597 64
583 683 64
818 918 63
472 572 63
781 881 63
807 907 63
258 358 63
795 895 63
771 871 63
425 525 63
271 371 63
828 928 51
646 746 63
738 838 63
446 546 63
390 490 63
208 308 63
706 806 62
822 922 60
644 744 62
778 878 62
813 913 62
787 887 62
759 859 62
759 859 62
439 539 62
751 851 62
653 753 62
189 289 62
384 484 62
769 869 62
509 609 62
784 884 62
445 545 62
820 920 62
571 671 62
161 261 61
180 280 61
741 841 61
560 660 61
349 449 61
275 375 61
769 869 61
816 916 61
47 147 61
645 745 61
425 525 61
60 160 61
805 905 61
519 619 61
760 860 61
163 263 61
834 934 43
771 871 61
320 420 60
836 936 40
813 913 60
719 819 60
540 640 60
652 752 60
774 874 60
493 593 60
36 136 60
766 866 59
593 693 59
781 881 59
258 358 59
805 905 59
763 863 59
381 481 59
763 863 59
781 881 58
375 475 58
471 571 58
805 905 58
816 916 58
630 730 58
736 836 58
556 656 58
554 654 58
356 456 58
249 349 58
730 830 58
509 609 58
19 119 58
370 470 58
741 841 57
688 788 57
403 503 57
603 703 57
278 378 57
602 702 57
817 917 57
293 393 57
513 613 57
663 763 57
343 443 56
551 651 56
820 920 56
677 777 56
606 706 56
38 138 56
261 361 56
330 430 56
316 416 56
58 158 56
592 692 56
685 785 56
789 889 55
838 938 38
237 337 55
649 749 55
215 315 55
535 635 55
728 828 55
150 250 55
790 890 55
783 883 55
643 743 55
576 676 55
56 156 55
160 260 55
565 665 54
246 346 54
666 766 54
838 938 38
680 780 54
655 755 54
117 217 54
613 713 54
739 839 54
763 863 54
613 713 54
202 302 54
506 606 54
137 237 54
312 412 53
822 922 53
769 869 53
54 154 53
663 763 53
440 540 53
803 903 53
574 674 53
683 783 53
825 925 53
315 415 52
846 946 29
428 528 52
829 929 50
644 744 52
463 563 52
686 786 52
510 610 52
845 945 30
790 890 52
744 844 52
845 945 30
64 164 52
597 697 52
798 898 52
762 862 51
753 853 51
258 358 51
648 748 51
7 107 51
555 655 51
12 112 51
315 415 51
828 928 51
809 909 51
711 811 51
761 861 51
834 934 43
84 184 51
801 901 50
828 928 50
707 807 50
705 805 50
291 391 50
327 427 50
682 782 50
836 936 40
512 612 50
454 554 50
672 772 50
521 621 50
823 923 49
449 549 49
824 924 49
744 844 49
612 712 49
819 919 49
366 466 49
794 894 49
845 945 30
738 838 49
761 861 49
678 778 49
834 934 43
590 690 48
494 594 48
846 946 29
337 437 48
775 875 48
800 900 48
849 949 26
783 883 48
30 130 48
778 878 48
739 839 48
834 934 43
705 805 48
498 598 48
842 942 33
316 416 47
820 920 47
848 948 27
736 836 47
72 172 47
474 574 47
848 948 27
844 944 31
844 944 31
292 392 46
158 258 46
807 907 46
799 899 46
161 261 46
849 949 26
52 152 46
844 944 31
753 853 46
106 206 46
622 722 46
478 578 46
834 934 43
730 830 46
682 782 46
138 238 46
748 848 45
638 738 45
587 687 45
785 885 45
763 863 45
789 889 45
854 954 21
491 591 45
137 237 44
763 863 44
603 703 44
472 572 44
774 874 44
647 747 44
779 879 44
815 915 44
825 925 44
40 140 44
716 816 44
522 622 44
68 168 44
615 715 44
850 950 25
473 573 44
817 917 44
684 784 44
42 142 44
333 433 44
606 706 44
801 901 44
807 907 44
223 323 43
601 701 43
840 940 36
647 747 43
818 918 43
814 914 43
110 210 43
703 803 43
462 562 43
687 787 43
617 717 43
616 716 43
714 814 43
822 922 43
852 952 23
624 724 42
151 251 42
637 737 42
610 710 42
844 944 31
803 903 42
188 288 42
797 897 42
841 941 34
830 930 42
856 956 19
708 808 42
283 383 42
846 946 29
29 129 42
27 127 42
541 641 42
622 722 42
783 883 41
853 953 22
654 754 41
823 923 41
750 850 41
759 859 41
722 822 41
9 109 41
583 683 41
186 286 41
835 935 41
778 878 41
855 955 20
699 799 41
708 808 41
761 861 41
815 915 41
842 942 33
342 442 40
738 838 40
158 258 40
857 957 18
451 551 40
620 720 40
681 781 40
678 778 40
786 886 39
399 499 39
860 960 16
166 266 39
756 856 39
775 875 39
242 342 39
660 760 39
406 506 39
795 895 39
808 908 39
686 786 39
701 801 39
102 202 39
823 923 39
744 844 39
98 198 39
860 960 16
818 918 39
625 725 38
857 957 18
714 814 38
197 297 38
406 506 38
686 786 38
415 515 38
615 715 38
232 332 38
729 829 38
394 494 38
860 960 16
644 744 38
825 925 38
686 786 38
826 926 38
633 733 37
830 930 37
518 618 37
838 938 37
252 352 37
284 384 37
218 318 37
856 956 19
826 926 37
691 791 37
692 792 37
778 878 37
92 192 37
811 911 37
37 137 37
458 558 37
840 940 36
708 808 37
848 948 27
762 862 37
449 549 37
826 926 37
857 957 18
680 780 36
211 311 36
754 854 36
12 112 36
750 850 36
488 588 36
848 948 27
653 753 36
828 928 36
289 389 36
861 961 15
537 637 36
786 886 36
721 821 36
498 598 36
843 943 32
418 518 35
643 743 35
608 708 35
858 958 17
650 750 35
858 958 17
803 903 35
851 951 24
793 893 35
787 887 35
791 891 35
499 599 35
860 960 16
665 765 34
834 934 34
785 885 34
266 366 34
731 831 34
723 823 34
429 529 34
555 655 34
829 929 34
856 956 19
820 920 34
866 966 11
676 776 33
636 736 33
828 928 33
491 591 33
853 953 22
862 962 14
503 603 33
840 940 33
782 882 33
804 904 33
560 660 33
745 845 33
831 931 33
370 470 32
673 773 32
834 934 32
377 477 32
864 964 12
829 929 32
219 319 32
345 445 32
852 952 23
458 558 32
749 849 32
755 855 32
244 344 31
630 730 31
467 567 31
520 620 31
617 717 31
274 374 31
603 703 31
370 470 31
840 940 31
815 915 31
750 850 31
788 888 31
727 827 31
539 639 31
512 612 31
307 407 31
151 251 30
764 864 30
837 937 30
724 824 30
215 315 30
843 943 30
819 919 30
669 769 30
829 929 30
866 966 11
528 628 30
55 155 30
153 253 30
862 962 14
101 201 30
533 633 30
765 865 29
695 795 29
803 903 29
483 583 29
844 944 29
735 835 29
854 954 21
612 712 29
869 969 9
866 966 11
754 854 29
491 591 29
867 967 10
821 921 29
827 927 29
514 614 29
819 919 29
372 472 29
221 321 29
464 564 29
480 580 29
857 957 18
718 818 28
644 744 28
836 936 28
591 691 28
747 847 28
865 965 12
831 931 28
836 936 28
864 964 12
544 644 28
702 802 28
328 428 28
739 839 28
527 627 28
154 254 27
589 689 27
478 578 27
795 895 27
862 962 14
736 836 27
643 743 27
554 654 27
856 956 19
664 764 27
799 899 27
432 532 27
842 942 27
858 958 17
821 921 27
839 939 26
815 915 26
695 795 26
360 460 26
480 580 26
451 551 26
642 742 26
865 965 12
219 319 26
227 327 26
691 791 26
679 779 26
872 972 7
635 735 26
793 893 26
359 459 26
177 277 26
608 708 26
234 334 26
853 953 22
800 900 26
406 506 26
390 490 25
806 906 25
839 939 25
404 504 25
864 964 12
508 608 25
632 732 25
862 962 14
699 799 25
862 962 14
678 778 25
869 969 9
869 969 9
522 622 25
862 962 14
852 952 23
758 858 25
221 321 25
768 868 25
872 972 7
465 565 25
376 476 25
299 399 25
814 914 25
853 953 22
806 906 24
565 665 24
789 889 24
790 890 24
123 223 24
786 886 24
341 441 24
862 962 14
438 538 24
439 539 24
534 634 24
686 786 24
748 848 24
778 878 24
705 805 24
54 154 24
843 943 24
384 484 24
876 976 5
282 382 23
377 477 23
793 893 23
871 971 8
643 743 23
807 907 23
649 749 23
808 908 23
457 557 23
710 810 23
874 974 6
856 956 19
527 627 23
615 715 23
832 932 23
749 849 23
835 935 23
174 274 23
745 845 23
659 759 23
786 886 23
544 644 22
718 818 22
797 897 22
813 913 22
163 263 22
133 233 22
695 795 22
844 944 22
80 180 22
525 625 22
877 977 5
784 884 22
493 593 22
837 937 22
46 146 22
640 740 22
197 297 21
862 962 14
834 934 21
186 286 21
105 205 21
878 978 4
876 976 5
659 759 21
541 641 21
860 960 16
303 403 21
876 976 5
730 830 21
343 443 21
219 319 21
771 871 21
768 868 21
391 491 21
736 836 21
198 298 21
852 952 21
128 228 21
717 817 21
630 730 20
304 404 20
761 861 20
733 833 20
297 397 20
857 957 18
878 978 4
791 891 20
876 976 5
873 973 7
861 961 15
669 769 20
810 910 20
392 492 20
748 848 20
437 537 20
50 150 20
796 896 20
456 556 20
748 848 19
795 895 19
760 860 19
361 461 19
876 976 5
21 121 19
879 979 4
365 465 19
820 920 19
386 486 19
801 901 19
879 979 4
818 918 19
805 905 19
869 969 9
842 942 19
257 357 19
832 932 19
852 952 18
754 854 18
792 892 18
675 775 18
498 598 18
259 359 18
665 765 18
867 967 10
241 341 18
870 970 9
881 981 3
422 522 18
662 762 18
404 504 18
880 980 4
878 978 4
256 356 18
872 972 7
807 907 18
869 969 9
84 184 18
353 453 18
865 965 12
275 375 18
656 756 18
785 885 18
863 963 13
370 470 18
607 707 17
637 737 17
854 954 17
834 934 17
710 810 17
864 964 12
877 977 5
747 847 17
446 546 17
857 957 17
811 911 17
811 911 17
819 919 17
784 884 17
743 843 17
814 914 17
761 861 17
414 514 17
878 978 4
555 655 17
547 647 17
540 640 17
799 899 17
570 670 17
525 625 17
799 899 17
876 976 5
595 695 17
868 968 10
439 539 17
337 437 17
795 895 16
43 143 16
853 953 16
865 965 12
683 783 16
874 974 6
861 961 15
838 938 16
841 941 16
869 969 9
687 787 16
543 643 16
817 917 16
427 527 16
780 880 16
876 976 5
240 340 16
883 983 2
827 927 16
256 356 16
817 917 16
516 616 15
805 905 15
883 983 2
829 929 15
225 325 15
851 951 15
802 902 15
791 891 15
855 955 15
850 950 15
871 971 8
867 967 10
668 768 14
562 662 14
791 891 14
633 733 14
880 980 4
862 962 14
787 887 14
858 958 14
814 914 14
845 945 14
517 617 14
872 972 7
328 428 14
831 931 14
871 971 8
841 941 14
874 974 6
41 141 13
886 986 1
871 971 8
864 964 12
848 948 13
461 561 13
794 894 13
871 971 8
396 496 13
292 392 13
646 746 13
356 456 13
872 972 7
816 916 13
773 873 13
881 981 3
66 166 13
877 977 5
884 984 2
845 945 12
316 416 12
842 942 12
775 875 12
884 984 2
846 946 12
727 827 12
868 968 10
772 872 12
845 945 12
237 337 12
829 929 12
220 320 12
556 656 12
847 947 12
134 234 12
722 822 12
39 139 12
546 646 12
354 454 11
879 979 4
825 925 11
888 988 1
887 987 1
389 489 11
197 297 11
879 979 4
881 981 3
885 985 2
887 987 1
858 958 11
518 618 11
628 728 11
529 629 11
665 765 11
752 852 11
886 986 1
528 628 11
888 988 1
677 777 11
580 680 11
852 952 11
145 245 11
775 875 11
886 986 1
834 934 10
852 952 10
649 749 10
718 818 10
713 813 10
871 971 8
816 916 10
849 949 10
821 921 10
641 741 10
180 280 10
701 801 10
794 894 10
869 969 9
887 987 1
863 963 10
724 824 10
444 544 10
889 989 1
584 684 9
760 860 9
889 989 1
866 966 9
883 983 2
737 837 9
870 970 9
851 951 9
849 949 9
856 956 9
743 843 9
355 455 9
832 932 9
885 985 2
484 584 8
882 982 3
652 752 8
852 952 8
858 958 8
688 788 8
884 984 2
833 933 8
178 278 8
768 868 8
788 888 8
90 190 8
200 300 8
846 946 8
890 990 1
434 534 8
866 966 8
832 932 8
819 919 8
690 790 8
891 991 0
393 493 8
413 513 8
840 940 7
800 900 7
892 992 0
151 251 7
880 980 4
886 986 1
331 431 7
797 897 7
801 901 7
888 988 1
423 523 7
881 981 3
494 594 7
459 559 7
878 978 4
2 102 7
889 989 1
888 988 1
313 413 7
874 974 6
867 967 7
874 974 6
274 374 7
849 949 7
677 777 7
206 306 7
888 988 1
883 983 2
886 986 1
384 484 6
892 992 0
892 992 0
866 966 6
801 901 6
855 955 6
858 958 6
341 441 6
265 365 6
765 865 6
596 696 6
688 788 6
730 830 6
640 740 6
678 778 6
588 688 6
891 991 0
890 990 1
848 948 6
882 982 3
636 736 6
889 989 1
887 987 1
882 982 3
513 613 5
762 862 5
808 908 5
886 986 1
850 950 5
93 193 5
818 918 5
822 922 5
834 934 5
893 993 0
793 893 5
893 993 0
454 554 5
820 920 5
50 150 5
385 485 5
653 753 5
839 939 5
455 555 5
448 548 5
677 777 5
865 965 5
876 976 5
894 994 0
635 735 4
783 883 4
859 959 4
895 995 0
781 881 4
232 332 4
846 946 4
742 842 4
879 979 4
250 350 4
312 412 4
874 974 4
895 995 0
303 403 4
431 531 4
753 853 4
880 980 4
552 652 4
889 989 1
888 988 1
883 983 2
314 414 4
888 988 1
875 975 4
867 967 4
894 994 0
871 971 3
896 996 0
342 442 3
718 818 3
884 984 2
884 984 2
888 988 1
878 978 3
657 757 3
885 985 2
894 994 0
350 450 3
894 994 0
456 556 3
732 832 3
896 996 0
858 958 3
215 315 3
492 592 3
868 968 3
234 334 2
726 826 2
770 870 2
847 947 2
872 972 2
46 146 2
896 996 0
564 664 2
32 132 2
894 994 0
489 589 2
890 990 1
746 846 2
589 689 2
402 502 2
894 994 0
793 893 2
887 987 1
792 892 2
812 912 2
847 947 2
341 441 2
897 997 0
879 979 2
843 943 2
896 996 0
861 961 2
469 569 2
361 461 1
856 956 1
870 970 1
438 538 1
897 997 0
475 575 1
544 644 1
849 949 1
803 903 1
217 317 1
639 739 1
894 994 0
847 947 1
775 875 1
895 995 0
858 958 1
832 932 1
875 975 1
888 988 1
810 910 1
78 178 1
889 989 1
679 779 1
898 998 0
898 998 0
890 990 1
875 975 1
947 1000 0
906 1000 0
967 1000 0
913 1000 0
929 1000 0
947 1000 0
914 1000 0
963 1000 0
1000 1000 0
920 1000 0
989 1000 0
912 1000 0
881 981 0
916 1000 0
910 1000 0
984 1000 0
903 1000 0
916 1000 0
899 999 0
911 1000 0
995 1000 0
904 1000 0
993 1000 0
945 1000 0
914 1000 0
934 1000 0
956 1000 0
931 1000 0
941 1000 0
953 1000 0
966 1000 0
991 1000 0
962 1000 0
904 1000 0
835 935 0
996 1000 0
973 1000 0
944 1000 0
909 1000 0
910 1000 0
945 1000 0
975 1000 0
982 1000 0
970 1000 0
931 1000 0
952 1000 0
926 1000 0
943 1000 0
898 998 0
904 1000 0
921 1000 0
158 258 0
924 1000 0
846 946 0
931 1000 0
975 1000 0
971 1000 0
999 1000 0
993 1000 0
980 1000 0
930 1000 0
974 1000 0
987 1000 0
972 1000 0
945 1000 0
999 1000 0
933 1000 0
924 1000 0
957 1000 0
918 1000 0
972 1000 0
990 1000 0
983 1000 0
974 1000 0
926 1000 0
927 1000 0
904 1000 0
976 1000 0
980 1000 0
935 1000 0
976 1000 0
981 1000 0
945 1000 0
923 1000 0
914 1000 0
970 1000 0
937 1000 0
986 1000 0
978 1000 0
994 1000 0
901 1000 0
977 1000 0
935 1000 0
912 1000 0
974 1000 0
657 757 0
976 1000 0
948 1000 0
902 1000 0
993 1000 0
952 1000 0
950 1000 0
176 276 0
539 639 0
962 1000 0
943 1000 0
996 1000 0
966 1000 0
996 1000 0
962 1000 0
997 1000 0
1000 1000 0
961 1000 0
886 986 0
939 1000 0
931 1000 0
929 1000 0
900 1000 0
955 1000 0
960 1000 0
903 1000 0
962 1000 0
954 1000 0
939 1000 0
900 1000 0
964 1000 0
955 1000 0
922 1000 0
924 1000 0
929 1000 0
913 1000 0
913 1000 0
950 1000 0
932 1000 0
951 1000 0
973 1000 0
909 1000 0
919 1000 0
955 1000 0
947 1000 0
998 1000 0
990 1000 0
951 1000 0
911 1000 0
938 1000 0
998 1000 0
972 1000 0
925 1000 0
940 1000 0
912 1000 0
965 1000 0
990 1000 0
933 1000 0
908 1000 0
950 1000 0
946 1000 0
967 1000 0
930 1000 0
977 1000 0
912 1000 0
926 1000 0
575 675 0
975 1000 0
979 1000 0
948 1000 0
978 1000 0
996 1000 0
905 1000 0
917 1000 0
912 1000 0
861 961 0
950 1000 0
900 1000 0
914 1000 0
914 1000 0
944 1000 0
959 1000 0
916 1000 0
969 1000 0
902 1000 0
962 1000 0
972 1000 0
968 1000 0
939 1000 0
970 1000 0
957 1000 0
908 1000 0
902 1000 0
931 1000 0
175 275 0
922 1000 0
994 1000 0
954 1000 0
905 1000 0
927 1000 0
979 1000 0
995 1000 0
930 1000 0
921 1000 0
952 1000 0
945 1000 0
969 1000 0
919 1000 0
945 1000 0
924 1000 0
971 1000 0
919 1000 0
915 1000 0
993 1000 0
941 1000 0
973 1000 0
947 1000 0
910 1000 0
1000 1000 0
994 1000 0
997 1000 0
994 1000 0
985 1000 0
922 1000 0
989 1000 0
959 1000 0
995 1000 0
1000 1000 0
895 995 0
952 1000 0
906 1000 0
963 1000 0
994 1000 0
932 1000 0
928 1000 0
998 1000 0
977 1000 0
912 1000 0
999 1000 0
984 1000 0
988 1000 0
981 1000 0
949 1000 0
932 1000 0
948 1000 0
944 1000 0
916 1000 0
911 1000 0
910 1000 0
913 1000 0
949 1000 0
948 1000 0
945 1000 0
913 1000 0
909 1000 0
923 1000 0
925 1000 0
979 1000 0
960 1000 0
977 1000 0
929 1000 0
966 1000 0
932 1000 0
922 1000 0
946 1000 0
901 1000 0
966 1000 0
905 1000 0
941 1000 0
967 1000 0
903 1000 0
933 1000 0
989 1000 0
935 1000 0
929 1000 0
995 1000 0
960 1000 0
899 999 0
923 1000 0
977 1000 0
924 1000 0
906 1000 0
955 1000 0
970 1000 0
900 1000 0
956 1000 0
987 1000 0
930 1000 0
928 1000 0
966 1000 0
986 1000 0
926 1000 0
926 1000 0
940 1000 0
901 1000 0
194 294 0
927 1000 0
939 1000 0
933 1000 0
985 1000 0
937 1000 0
908 1000 0
939 1000 0
950 1000 0
993 1000 0
928 1000 0
899 999 0
237 337 0
918 1000 0
961 1000 0
951 1000 0
985 1000 0
822 922 0
957 1000 0
997 1000 0
889 989 0
970 1000 0
974 1000 0
607 707 0
996 1000 0
997 1000 0
984 1000 0
993 1000 0
908 1000 0
958 1000 0
918 1000 0
969 1000 0
924 1000 0
904 1000 0
974 1000 0
891 991 0
881 981 0
937 1000 0
904 1000 0
951 1000 0
918 1000 0
929 1000 0
996 1000 0
957 1000 0
923 1000 0
919 1000 0
900 1000 0
904 1000 0
968 1000 0
998 1000 0
912 1000 0
936 1000 0
961 1000 0
901 1000 0
989 1000 0
969 1000 0
937 1000 0
927 1000 0
928 1000 0
933 1000 0
918 1000 0
958 1000 0
949 1000 0
957 1000 0
910 1000 0
989 1000 0
992 1000 0
992 1000 0
904 1000 0
377 477 0
928 1000 0
920 1000 0
916 1000 0
927 1000 0
837 937 0
897 997 0
913 1000 0
114 214 0
985 1000 0
911 1000 0
994 1000 0
974 1000 0
1000 1000 0
925 1000 0
911 1000 0
906 1000 0
901 1000 0
954 1000 0
895 995 0
902 1000 0
929 1000 0
973 1000 0
918 1000 0
952 1000 0
915 1000 0
941 1000 0
838 938 0
904 1000 0
942 1000 0
962 1000 0
919 1000 0
943 1000 0
918 1000 0
980 1000 0
963 1000 0
932 1000 0
944 1000 0
902 1000 0
961 1000 0
933 1000 0
985 1000 0
914 1000 0
833 933 0
919 1000 0
971 1000 0
946 1000 0
903 1000 0
900 1000 0
979 1000 0
924 1000 0
975 1000 0
918 1000 0
982 1000 0
975 1000 0
922 1000 0
972 1000 0
998 1000 0
889 989 0
914 1000 0
2 102 0
951 1000 0
1000 1000 0
913 1000 0
937 1000 0
949 1000 0
904 1000 0
947 1000 0
966 1000 0
921 1000 0
974 1000 0
944 1000 0
962 1000 0
938 1000 0
986 1000 0
945 1000 0
990 1000 0
954 1000 0
949 1000 0
941 1000 0
899 999 0
946 1000 0
987 1000 0
940 1000 0
860 960 0
958 1000 0
902 1000 0
989 1000 0
920 1000 0
935 1000 0
922 1000 0
954 1000 0
896 996 0
957 1000 0
981 1000 0
791 891 0
907 1000 0
944 1000 0
950 1000 0
903 1000 0
950 1000 0
944 1000 0
989 1000 0
925 1000 0
938 1000 0
974 1000 0
987 1000 0
979 1000 0
993 1000 0
988 1000 0
908 1000 0
996 1000 0
966 1000 0
958 1000 0
948 1000 0
974 1000 0
924 1000 0
958 1000 0
958 1000 0
940 1000 0
919 1000 0
956 1000 0
902 1000 0
999 1000 0
975 1000 0
905 1000 0
965 1000 0
56 156 0
914 1000 0
894 994 0
898 998 0
903 1000 0
930 1000 0
923 1000 0
961 1000 0
905 1000 0
974 1000 0
969 1000 0
991 1000 0
350 450 0
991 1000 0
953 1000 0
964 1000 0
865 965 0
906 1000 0
959 1000 0
958 1000 0
978 1000 0
983 1000 0
970 1000 0
906 1000 0
979 1000 0
990 1000 0
999 1000 0
970 1000 0
891 991 0
958 1000 0
912 1000 0
949 1000 0
918 1000 0
916 1000 0
999 1000 0
999 1000 0
927 1000 0
912 1000 0
974 1000 0
903 1000 0
978 1000 0
963 1000 0
940 1000 0
940 1000 0
934 1000 0
908 1000 0
971 1000 0
989 1000 0
946 1000 0
914 1000 0
984 1000 0
