500 100 4.3589
1 1 97
1 1 97
5 5 90
7 7 86
4 4 89
11 11 79
3 3 82
13 13 75
8 8 78
11 11 78
4 4 76
6 6 75
13 13 74
1 1 73
2 2 73
1 1 72
19 19 65
10 10 71
25 25 56
25 25 56
9 9 70
4 4 69
30 30 49
23 23 59
13 13 68
14 14 67
4 4 67
1 1 66
26 26 54
34 34 43
21 21 62
15 15 65
1 1 64
32 32 46
27 27 53
12 12 62
15 15 62
35 35 42
31 31 47
36 36 40
13 13 61
17 17 60
37 37 39
34 34 43
4 4 59
21 21 58
5 5 57
3 3 57
34 34 43
19 19 56
41 41 34
42 42 33
29 29 50
41 41 34
33 33 44
22 22 54
12 12 54
43 43 32
20 20 53
13 13 53
27 27 53
20 20 53
12 12 53
9 9 53
10 10 53
5 5 52
18 18 52
47 47 28
13 13 51
26 26 51
30 30 49
50 50 25
21 21 49
16 16 49
48 48 27
40 40 36
10 10 49
23 23 48
51 51 24
45 45 30
44 44 31
30 30 48
32 32 46
30 30 48
30 30 47
24 24 47
49 49 26
43 43 32
47 47 28
50 50 25
22 22 46
36 36 40
10 10 46
48 48 27
2 2 45
41 41 34
51 51 24
21 21 43
30 30 43
49 49 26
37 37 39
30 30 43
35 35 42
13 13 42
9 9 42
27 27 42
30 30 42
27 27 42
37 37 39
42 42 33
11 11 41
58 58 17
41 41 34
46 46 29
25 25 40
21 21 40
17 17 40
36 36 40
49 49 26
58 58 17
49 49 26
3 3 39
58 58 17
27 27 38
48 48 27
27 27 38
49 49 26
59 59 16
20 20 37
8 8 37
51 51 24
53 53 22
53 53 22
31 31 36
15 15 36
45 45 30
25 25 35
39 39 35
46 46 29
59 59 16
31 31 35
55 55 20
36 36 34
21 21 34
21 21 34
65 65 12
27 27 33
4 4 33
53 53 22
35 35 33
8 8 32
63 63 13
61 61 15
62 62 14
25 25 32
66 66 11
53 53 22
21 21 31
36 36 31
10 10 31
28 28 31
17 17 31
30 30 31
45 45 30
28 28 31
37 37 30
12 12 30
53 53 22
59 59 16
45 45 30
69 69 9
11 11 29
58 58 17
55 55 20
33 33 28
52 52 23
32 32 28
13 13 28
70 70 9
36 36 28
26 26 27
53 53 22
54 54 21
17 17 27
52 52 23
64 64 12
36 36 27
9 9 27
18 18 26
25 25 26
36 36 26
49 49 26
67 67 10
43 43 25
20 20 25
66 66 11
46 46 25
65 65 12
8 8 25
70 70 9
30 30 24
54 54 21
69 69 9
70 70 9
21 21 24
49 49 24
70 70 9
35 35 23
70 70 9
33 33 23
61 61 15
3 3 22
68 68 10
70 70 9
70 70 9
63 63 13
44 44 22
61 61 15
63 63 13
16 16 22
69 69 9
14 14 21
65 65 12
2 2 21
57 57 18
11 11 21
70 70 9
64 64 12
67 67 10
54 54 20
67 67 10
41 41 20
70 70 9
66 66 11
57 57 18
57 57 18
70 70 9
26 26 20
62 62 14
5 5 20
67 67 10
9 9 19
70 70 9
56 56 19
67 67 10
17 17 19
27 27 18
70 70 9
56 56 18
58 58 17
60 60 16
63 63 13
55 55 18
70 70 9
70 70 9
13 13 17
67 67 10
70 70 9
70 70 9
34 34 17
70 70 9
58 58 16
70 70 9
21 21 16
38 38 16
28 28 16
29 29 16
62 62 14
70 70 9
30 30 16
70 70 9
70 70 9
66 66 11
68 68 10
68 68 10
68 68 10
45 45 15
67 67 10
10 10 15
70 70 9
3 3 15
70 70 9
62 62 14
61 61 14
70 70 9
70 70 9
32 32 14
38 38 14
68 68 10
56 56 14
69 69 9
48 48 14
63 63 13
70 70 9
70 70 9
70 70 9
70 70 9
2 2 13
46 46 13
40 40 12
65 65 12
49 49 12
64 64 12
25 25 12
70 70 9
46 46 12
41 41 12
70 70 9
70 70 9
70 70 9
70 70 9
70 70 9
70 70 9
70 70 9
70 70 9
1 1 11
70 70 9
55 55 11
70 70 9
70 70 9
66 66 11
35 35 11
29 29 11
46 46 11
70 70 9
70 70 9
70 70 9
55 55 10
66 66 10
26 26 10
70 70 9
69 69 9
16 16 10
50 50 10
65 65 10
35 35 9
70 70 9
45 45 9
70 70 9
60 60 9
70 70 9
70 70 9
70 70 9
64 64 9
70 70 9
30 30 9
65 65 9
70 70 9
70 70 9
67 67 8
70 70 9
70 70 9
50 50 8
70 70 9
70 70 9
70 70 9
6 6 8
5 5 8
70 70 9
63 63 8
70 70 9
70 70 9
46 46 8
61 61 8
37 37 8
40 40 8
70 70 7
26 26 7
70 70 8
41 41 7
70 70 9
70 70 9
70 70 9
14 14 7
70 70 9
7 7 7
70 70 9
70 70 9
69 69 7
70 70 9
70 70 9
70 70 9
16 16 6
32 32 6
64 64 6
70 70 9
70 70 9
70 70 9
70 70 9
15 15 6
70 70 9
70 70 9
14 14 6
70 70 9
65 65 5
70 70 9
70 70 9
70 70 9
70 70 9
70 70 9
70 70 9
70 70 9
70 70 9
38 38 5
18 18 5
70 70 9
70 70 9
70 70 9
67 67 4
68 68 4
50 50 4
70 70 4
70 70 9
57 57 4
5 5 4
70 70 9
70 70 9
9 9 4
70 70 9
15 15 4
36 36 4
70 70 9
70 70 9
70 70 4
70 70 9
1 1 3
49 49 3
70 70 8
29 29 3
70 70 9
43 43 3
70 70 9
70 70 9
44 44 3
44 44 3
38 38 3
70 70 6
24 24 2
70 70 9
27 27 2
70 70 9
70 70 9
70 70 9
70 70 9
70 70 9
69 69 2
57 57 2
70 70 9
40 40 1
70 70 4
70 70 9
70 70 9
70 70 9
70 70 2
70 70 9
70 70 9
70 70 4
70 70 9
32 32 1
70 70 9
21 21 1
70 70 9
70 70 9
70 70 1
70 70 9
70 70 9
70 70 9
70 70 9
70 70 9
68 68 1
58 58 1
70 70 9
70 70 9
25 25 0
70 70 9
70 70 9
70 70 2
70 70 9
26 26 0
70 70 9
46 46 0
70 70 9
70 70 9
70 70 9
70 70 9
67 67 0
41 41 0
58 58 0
70 70 9
70 70 9
70 70 9
70 70 9
70 70 9
70 70 9
70 70 9
70 70 9
70 70 9
70 70 9
70 70 9
70 70 4
