500 100 4.3589
13 3 94
13 3 94
14 4 92
13 3 86
11 1 84
25 15 72
17 7 80
28 18 67
29 19 65
28 18 67
23 13 75
20 10 77
30 20 64
23 13 75
28 18 67
20 10 73
12 2 73
22 12 73
29 19 65
33 23 59
30 20 64
37 27 53
22 12 71
16 6 70
27 17 68
35 25 56
31 21 62
22 12 68
30 20 64
12 2 68
38 28 51
21 11 68
12 2 67
30 20 64
19 9 66
40 30 49
15 5 65
20 10 65
25 15 64
32 22 60
25 15 63
29 19 62
23 13 61
48 38 38
42 32 46
36 26 54
29 19 60
47 37 39
24 14 59
35 25 56
43 33 44
31 21 58
40 30 49
52 42 33
23 13 57
26 16 56
17 7 56
45 35 42
54 44 31
27 17 55
54 44 31
38 28 51
31 21 54
25 15 54
17 7 54
23 13 53
44 34 43
34 24 53
18 8 52
21 11 52
30 20 51
20 10 51
58 48 27
44 34 43
34 24 50
14 4 50
16 6 50
43 33 44
25 15 50
21 11 50
32 22 50
50 40 36
53 43 32
44 34 43
44 34 43
52 42 33
57 47 28
44 34 43
50 40 36
44 34 43
17 7 48
58 48 27
51 41 34
29 19 48
58 48 27
45 35 42
45 35 42
54 44 31
15 5 46
42 32 46
42 32 46
15 5 46
56 46 29
21 11 45
62 52 23
45 35 42
58 48 27
33 23 45
30 20 45
56 46 29
15 5 44
21 11 44
30 20 43
19 9 43
53 43 32
36 26 43
59 49 26
25 15 42
30 20 42
67 57 18
24 14 41
48 38 38
48 38 38
59 49 26
40 30 40
53 43 32
63 53 22
49 39 37
43 33 39
69 59 16
54 44 31
67 57 18
63 53 22
43 33 38
47 37 38
54 44 31
33 23 38
39 29 37
45 35 37
31 21 37
13 3 37
28 18 37
33 23 36
52 42 33
47 37 36
43 33 36
32 22 35
67 57 18
69 59 16
66 56 19
67 57 18
47 37 34
47 37 34
60 50 25
50 40 34
47 37 33
13 3 33
74 64 12
75 65 12
33 23 32
27 17 32
58 48 27
52 42 32
44 34 31
45 35 31
58 48 27
76 66 11
79 69 9
70 60 16
20 10 30
39 29 30
71 61 15
69 59 16
76 66 11
68 58 17
38 28 29
65 55 20
51 41 28
76 66 11
73 63 13
40 30 28
79 69 9
32 22 28
49 39 28
27 17 28
63 53 22
82 72 7
22 12 27
64 54 21
77 67 10
17 7 27
70 60 16
17 7 26
64 54 21
52 42 26
12 2 26
68 58 17
57 47 26
76 66 11
12 2 25
67 57 18
61 51 24
71 61 15
26 16 25
81 71 8
80 70 9
51 41 24
66 56 19
68 58 17
84 74 6
76 66 11
85 75 6
48 38 24
84 74 6
19 9 24
15 5 23
51 41 23
86 76 5
76 66 11
29 19 23
75 65 12
58 48 23
61 51 23
61 51 22
20 10 22
51 41 22
83 73 7
17 7 22
59 49 22
25 15 22
34 24 22
79 69 9
74 64 12
61 51 22
40 30 22
26 16 22
74 64 12
74 64 12
45 35 21
75 65 12
87 77 5
49 39 21
75 65 12
16 6 21
24 14 20
61 51 20
87 77 5
43 33 20
44 34 20
26 16 20
55 45 20
47 37 19
36 26 19
79 69 9
84 74 6
87 77 5
77 67 10
65 55 19
85 75 6
62 52 18
91 81 3
68 58 17
91 81 3
86 76 5
64 54 17
88 78 4
39 29 17
89 79 4
66 56 16
56 46 16
20 10 16
92 82 3
86 76 5
35 25 16
36 26 16
67 57 16
61 51 15
83 73 7
86 76 5
91 81 3
88 78 4
17 7 15
64 54 15
84 74 6
90 80 4
80 70 9
16 6 14
69 59 14
81 71 8
90 80 4
81 71 8
51 41 14
53 43 14
68 58 14
75 65 12
72 62 14
85 75 6
87 77 5
82 72 7
87 77 5
61 51 13
14 4 13
93 83 2
71 61 13
91 81 3
92 82 3
43 33 13
13 3 12
97 87 1
53 43 12
86 76 5
33 23 12
94 84 2
50 40 11
58 48 11
96 86 1
92 82 3
94 84 2
97 87 1
72 62 11
25 15 11
75 65 11
93 83 2
56 46 11
73 63 11
14 4 10
20 10 10
98 88 1
49 39 10
45 35 10
91 81 3
91 81 3
91 81 3
53 43 10
17 7 10
79 69 9
86 76 5
34 24 10
45 35 10
93 83 2
98 88 1
87 77 5
20 10 9
100 90 1
97 87 1
98 88 1
92 82 3
33 23 9
86 76 5
25 15 8
44 34 8
85 75 6
97 87 1
101 91 0
23 13 8
72 62 8
74 64 7
101 91 0
88 78 4
49 39 7
73 63 7
101 91 0
98 88 1
40 30 7
98 88 1
72 62 7
94 84 2
103 93 0
95 85 2
94 84 2
47 37 6
96 86 1
86 76 5
23 13 6
58 48 6
61 51 6
95 85 2
103 93 0
89 79 4
70 60 5
95 85 2
99 89 1
100 90 1
39 29 5
34 24 5
35 25 5
21 11 5
91 81 3
92 82 3
68 58 5
79 69 5
101 91 0
17 7 5
99 89 1
101 91 0
99 89 1
97 87 1
84 74 4
97 87 1
77 67 4
98 88 1
99 89 1
71 61 4
89 79 4
52 42 4
106 96 0
57 47 3
104 94 0
60 50 3
100 90 1
96 86 1
55 45 3
106 96 0
102 92 0
71 61 3
93 83 2
99 89 1
20 10 3
64 54 3
51 41 3
39 29 3
19 9 3
76 66 3
81 71 3
31 21 3
101 91 0
104 94 0
65 55 2
17 7 2
15 5 2
100 90 1
52 42 2
74 64 2
103 93 0
103 93 0
34 24 2
72 62 2
47 37 2
102 92 0
75 65 2
24 14 2
96 86 1
105 95 0
103 93 0
107 97 0
86 76 2
107 97 0
99 89 1
101 91 0
37 27 2
105 95 0
33 23 2
81 71 1
89 79 1
75 65 1
105 95 0
104 94 0
66 56 1
108 98 0
64 54 1
54 44 1
102 92 0
106 96 0
99 89 1
100 90 1
81 71 1
105 95 0
108 98 0
107 97 0
108 98 0
76 66 1
99 89 0
108 98 0
109 99 0
84 74 0
77 67 0
109 99 0
110 100 0
89 79 0
77 67 0
31 21 0
52 42 0
64 54 0
109 99 0
110 100 0
109 99 0
18 8 0
110 100 0
90 80 0
102 92 0
100 90 0
109 99 0
31 21 0
109 99 0
80 70 0
109 99 0
110 100 0
107 97 0
56 46 0
109 99 0
