5000 1000 4.3589
38 1 983
1 11 982
8 14 982
1 19 975
123 29 966
1 46 947
1 1 941
1 10 934
83 32 933
1 1 924
94 11 922
72 8 922
8 74 921
1 7 920
67 36 914
1 30 913
114 73 907
1 27 907
22 62 905
1 60 904
114 98 900
48 71 899
158 72 898
121 81 897
58 71 896
75 63 894
1 20 888
1 75 884
166 98 882
188 108 880
77 99 878
22 55 878
112 37 876
68 95 874
172 74 873
83 68 872
11 71 870
41 80 870
1 37 867
121 71 865
1 64 865
170 125 865
112 61 864
78 21 862
50 94 862
11 70 862
11 17 859
71 34 857
78 83 856
1 63 855
214 140 854
127 125 852
19 60 849
75 124 848
42 45 846
39 75 844
1 7 843
60 139 843
81 29 842
122 59 840
6 23 840
24 70 837
1 55 835
141 152 834
1 16 830
57 117 828
100 103 824
121 66 822
214 138 822
125 110 820
59 52 819
235 137 817
1 8 816
61 64 816
173 115 814
55 84 814
122 49 813
127 107 813
1 43 812
230 157 812
1 77 809
1 5 807
52 106 807
1 7 805
110 75 803
1 29 802
1 84 801
112 108 801
103 75 800
1 19 799
96 48 799
195 174 799
119 160 798
41 124 797
121 143 796
1 28 795
162 108 794
153 187 793
143 108 793
44 103 789
195 166 789
98 61 789
68 150 786
138 182 785
136 40 784
73 145 783
1 14 783
80 69 783
77 66 783
162 138 782
1 87 781
59 86 781
221 204 778
53 32 777
36 131 777
7 54 777
224 141 776
38 64 776
279 192 774
40 96 774
151 162 774
28 77 773
56 40 772
203 209 772
259 193 771
117 214 770
55 25 769
103 159 769
10 79 769
106 202 768
153 220 768
178 197 768
189 222 768
180 233 766
66 99 764
201 185 764
58 45 763
150 213 762
42 88 762
170 214 762
204 150 761
207 176 761
77 69 761
186 87 761
19 105 760
131 202 759
1 40 759
305 222 759
97 164 757
62 147 757
220 205 752
249 229 751
172 164 751
191 167 750
101 136 750
1 85 750
101 6 746
161 106 744
89 101 744
220 249 744
162 249 744
210 225 743
43 65 742
239 187 742
200 130 742
184 213 741
60 132 740
1 11 740
1 1 739
1 63 738
146 85 738
54 22 737
1 35 737
264 176 737
46 62 736
1 67 736
61 107 734
210 201 733
34 92 733
104 120 733
68 155 732
213 208 732
29 31 728
132 202 727
149 120 727
1 79 725
140 147 724
188 133 724
347 275 723
209 136 723
198 264 722
238 199 722
13 5 721
62 80 720
185 183 719
39 48 719
125 62 718
147 226 718
62 12 716
105 65 716
256 260 716
228 131 715
250 152 715
181 259 715
143 91 714
165 203 714
30 1 714
190 224 713
219 125 712
181 97 712
284 200 711
103 20 710
114 207 710
199 280 710
8 61 710
170 202 709
332 287 709
70 140 707
255 231 707
52 52 705
46 139 705
35 67 704
115 130 704
187 114 703
107 53 702
230 215 701
39 49 700
85 27 698
176 196 698
60 134 697
1 76 696
198 208 696
89 182 695
55 34 695
1 64 695
247 279 695
265 173 694
117 21 694
135 50 691
217 291 691
164 119 691
139 188 690
135 105 689
235 268 689
129 182 688
268 259 688
144 210 687
88 98 686
165 203 686
188 132 684
103 79 684
126 121 684
369 270 682
294 312 682
57 126 682
153 126 681
76 21 680
136 153 680
51 29 680
200 292 679
114 124 678
258 305 678
107 103 677
275 275 677
144 64 677
252 169 677
270 288 676
106 154 675
267 264 675
1 34 675
25 33 675
351 276 674
1 25 674
133 154 674
198 104 674
122 125 674
203 203 673
135 62 672
239 255 672
337 252 672
183 270 672
210 193 671
291 268 669
68 122 669
296 209 668
10 81 668
240 328 668
79 125 668
282 216 666
286 261 665
307 252 664
273 233 664
162 196 664
93 21 662
1 13 662
122 67 662
128 146 662
346 291 661
122 155 661
117 207 661
321 324 660
69 68 660
74 139 658
1 83 658
147 123 658
289 320 657
94 151 657
1 27 656
104 157 656
356 290 656
113 210 655
204 247 654
331 267 654
10 95 654
50 135 653
423 330 653
39 103 652
278 271 651
376 295 651
1 23 651
222 246 650
86 47 649
397 347 649
429 332 648
32 86 648
111 119 648
273 349 645
274 276 645
104 65 645
360 346 645
356 262 645
169 218 645
1 38 644
125 73 642
261 328 641
195 139 641
226 231 640
141 167 639
160 168 639
70 91 639
55 98 638
202 188 637
192 144 637
260 314 637
298 224 636
284 185 636
367 296 636
117 112 635
276 227 635
241 258 635
214 298 634
278 280 633
225 323 631
55 116 631
306 341 631
267 208 629
239 270 629
259 356 628
1 52 628
369 354 628
65 112 628
458 362 627
262 327 626
203 165 626
247 255 625
269 366 625
329 229 625
62 8 625
233 266 624
133 178 623
187 163 622
208 288 622
379 368 622
91 178 622
8 41 621
144 137 621
223 320 621
132 77 621
105 152 620
378 376 620
309 225 619
428 337 618
243 173 618
294 248 618
89 97 618
293 312 618
93 25 617
143 122 617
116 70 616
1 66 615
243 330 615
208 136 615
410 328 614
333 350 613
150 165 613
194 220 612
232 218 611
309 347 611
311 274 611
249 227 610
415 374 609
70 91 608
142 83 608
65 151 607
229 230 607
234 158 607
254 353 606
439 379 606
421 347 606
223 133 605
298 256 605
73 151 605
173 192 605
233 313 605
17 72 605
111 97 605
339 243 604
74 117 604
355 359 604
166 66 604
426 328 603
105 196 603
118 143 603
242 216 602
318 300 602
300 258 601
247 231 601
59 91 601
74 130 600
117 148 600
292 220 600
137 205 598
412 390 597
240 260 595
219 240 595
173 254 595
198 102 594
139 103 594
336 302 594
87 129 594
67 64 594
265 327 593
69 157 593
406 307 592
157 80 592
1 25 592
72 128 592
198 235 591
362 298 591
274 248 590
122 132 590
59 127 589
435 362 588
105 93 588
472 399 588
280 333 588
254 230 588
370 300 588
219 208 587
23 37 587
91 113 587
432 403 586
1 52 585
94 172 584
69 132 584
221 308 583
301 214 583
73 133 583
367 394 583
436 399 582
305 372 581
110 209 581
151 142 581
8 31 580
219 277 580
213 135 579
463 394 579
1 6 579
295 258 579
127 188 579
429 348 578
381 420 578
337 272 577
367 417 577
290 373 577
38 104 577
258 193 577
374 389 576
130 99 576
148 65 576
104 143 575
279 359 575
350 302 575
52 63 575
430 402 574
129 216 574
376 282 574
292 192 573
358 355 573
119 216 571
351 398 571
322 343 571
330 262 571
13 63 571
160 70 570
469 428 570
292 363 570
320 370 567
397 416 567
254 348 567
67 73 567
37 28 566
388 410 566
400 408 566
382 410 566
107 19 566
253 200 566
251 192 566
121 79 566
76 94 564
217 126 563
373 317 563
286 271 562
250 310 562
262 342 562
136 182 560
357 430 559
169 148 558
135 148 558
466 395 558
231 225 558
459 361 557
307 337 557
356 258 556
245 213 555
481 422 555
456 423 555
229 328 554
290 304 554
251 184 554
338 384 553
428 368 553
466 366 553
359 404 552
358 272 552
424 336 551
193 143 551
324 282 551
173 191 550
186 115 550
1 6 550
346 434 550
425 396 550
208 240 550
1 4 549
179 94 549
110 156 549
227 138 549
164 253 549
118 56 549
184 110 548
65 74 548
246 305 548
353 375 548
310 354 548
101 109 547
1 52 547
352 402 547
394 400 546
98 70 546
474 433 545
309 231 545
240 338 544
239 154 544
413 415 543
367 400 543
390 360 543
316 224 543
341 379 543
97 172 543
309 406 543
351 360 543
228 240 542
191 107 541
250 236 541
193 155 541
102 62 541
241 262 541
149 155 540
155 215 540
505 423 540
235 312 539
492 393 539
245 345 539
437 359 539
339 394 538
364 451 538
87 158 537
409 371 537
495 458 537
1 59 537
288 265 535
164 255 535
265 334 535
341 318 535
509 419 535
370 424 535
51 28 534
213 203 534
54 148 534
1 19 534
417 343 534
281 186 533
111 166 533
204 225 533
214 166 533
345 435 532
94 71 531
104 199 531
127 136 531
226 186 530
446 352 530
21 32 530
377 317 530
245 225 530
177 258 530
237 335 530
58 46 529
267 262 529
476 404 529
428 415 528
194 150 528
369 408 527
159 229 527
297 346 526
329 425 526
169 265 526
262 224 526
8 15 525
355 444 525
149 186 524
428 390 523
403 416 523
374 332 523
338 333 523
200 251 522
404 351 522
389 401 522
156 237 522
408 328 522
485 431 521
284 239 521
363 382 521
501 464 521
243 184 521
1 37 521
254 247 521
351 321 521
480 383 521
276 344 520
137 102 520
7 102 520
337 259 519
270 315 519
105 189 519
1 45 519
106 94 518
260 175 518
374 452 518
1 5 518
184 198 517
255 314 517
319 397 516
334 246 516
369 450 516
321 421 515
227 183 515
213 208 515
307 242 515
200 150 514
54 132 514
377 330 514
113 187 513
394 423 513
172 175 513
370 351 513
464 446 513
314 278 512
1 4 512
204 178 511
278 357 511
378 412 511
556 470 511
225 266 510
369 455 510
55 39 509
138 110 509
134 166 509
487 402 509
507 478 509
115 101 508
435 435 508
171 197 508
362 275 507
1 30 507
334 280 507
44 82 506
239 296 506
360 282 506
376 286 506
388 426 506
363 433 506
81 106 506
352 360 505
501 473 505
514 477 505
533 454 504
345 402 504
90 93 504
460 453 504
143 215 504
457 468 504
430 423 504
530 468 503
258 309 503
365 443 502
128 102 502
429 392 502
424 327 501
200 287 501
159 67 501
381 412 500
112 150 500
64 44 500
94 106 500
435 414 500
295 268 500
1 61 500
268 237 499
491 478 499
276 183 499
382 465 498
430 331 498
189 289 498
144 96 497
519 460 497
165 66 497
42 25 496
537 450 496
1 47 496
23 3 496
469 399 496
580 485 495
381 428 495
76 170 495
1 31 494
95 173 494
508 434 494
102 2 494
293 327 494
132 153 493
110 130 493
171 225 492
1 44 492
6 52 492
394 485 492
120 92 491
338 438 491
49 29 490
363 359 490
91 5 490
79 13 489
313 321 489
384 449 489
23 112 489
81 157 489
359 262 489
41 75 488
517 434 487
580 492 487
525 483 487
318 336 486
323 365 486
357 333 486
160 228 485
307 340 485
342 284 485
577 501 485
159 75 484
356 342 483
242 174 483
92 168 482
339 363 482
474 454 482
110 198 481
135 204 481
93 56 481
605 516 481
562 462 481
209 223 481
358 435 481
395 430 480
253 325 480
160 247 480
245 280 479
270 282 478
482 471 478
196 286 478
282 293 478
184 158 478
364 295 478
479 394 477
198 295 477
323 239 477
128 64 477
255 227 477
442 514 476
466 385 476
230 320 476
445 387 476
489 510 476
314 406 476
82 112 476
292 334 475
418 460 475
99 170 475
553 462 475
150 100 475
462 482 474
298 275 474
459 500 474
345 424 474
369 309 474
259 327 474
361 411 474
152 81 473
495 523 473
36 113 473
297 204 472
486 480 471
135 187 471
258 345 470
427 508 470
237 335 470
128 222 469
388 333 469
384 396 469
217 222 469
311 311 468
426 423 468
280 317 468
447 475 468
1 54 468
479 486 467
272 233 466
321 248 466
613 530 465
471 445 465
379 332 465
217 316 465
182 110 465
523 528 464
338 262 464
264 325 464
107 52 462
415 428 462
168 155 462
140 75 462
270 265 462
341 386 462
442 386 462
397 313 461
550 499 461
200 251 461
96 46 461
1 87 461
108 49 461
209 197 460
426 459 460
201 181 460
156 216 459
209 216 459
369 324 458
617 534 458
443 382 457
1 15 457
488 400 457
1 21 456
457 461 456
251 238 456
226 249 456
469 481 455
6 20 455
192 228 455
231 281 455
427 471 455
274 232 455
427 516 454
159 207 454
559 516 453
336 306 453
480 470 453
441 509 453
315 277 453
80 146 452
174 193 452
257 173 451
275 201 451
92 4 451
394 434 451
288 374 450
523 454 450
52 138 450
277 377 449
457 407 448
501 403 448
584 551 448
486 490 448
87 78 448
136 180 447
383 472 447
101 100 447
1 6 447
428 377 446
481 505 446
513 421 446
153 201 445
36 53 445
324 326 445
530 458 445
195 202 445
477 508 445
478 541 445
1 23 444
76 166 444
331 401 444
201 269 443
486 468 443
215 263 443
246 304 442
333 359 442
374 423 442
475 500 441
52 103 441
215 247 441
301 242 441
397 347 441
155 82 441
1 15 441
568 551 440
578 498 440
604 530 440
271 192 439
298 318 439
373 352 439
377 409 438
114 127 438
454 404 438
428 398 438
493 443 438
25 82 438
232 287 438
429 514 437
144 124 437
584 553 436
605 511 436
31 53 435
196 226 435
142 70 435
509 417 435
338 386 434
436 507 434
372 408 434
544 499 434
157 120 434
225 287 433
150 106 433
415 410 433
416 488 433
50 142 433
138 143 432
505 555 432
544 460 432
471 438 432
522 433 431
421 482 431
396 364 431
24 95 431
267 174 431
336 311 431
612 543 431
391 384 430
364 455 430
147 228 430
102 101 429
293 301 429
92 30 429
323 306 429
300 293 429
202 263 429
449 536 429
516 527 429
530 547 428
208 224 428
237 216 428
314 343 428
146 185 427
569 566 426
535 471 426
568 524 426
216 137 426
331 339 425
367 317 425
233 250 425
278 201 425
546 475 424
232 322 424
395 479 424
252 275 424
411 433 424
508 511 424
274 339 423
406 501 422
545 467 422
427 466 422
351 429 421
570 558 421
1 51 421
568 553 421
465 492 421
392 387 419
233 331 419
328 305 419
323 395 419
176 168 419
480 441 418
309 404 418
1 10 418
302 279 418
589 566 418
320 322 418
203 208 417
493 470 417
427 350 417
200 299 417
226 320 416
286 202 416
465 393 416
438 462 415
373 365 415
255 173 415
227 168 415
342 272 415
498 411 415
600 531 415
516 521 415
513 561 414
492 410 414
230 320 414
424 518 414
512 568 414
363 396 414
153 67 413
565 487 413
388 408 413
357 279 413
309 369 412
525 434 412
496 526 412
391 405 411
299 306 411
189 133 411
244 205 411
562 576 411
4 5 410
239 324 410
25 15 410
114 123 410
461 533 410
610 526 410
198 127 410
299 219 410
437 469 410
283 295 410
415 317 409
219 293 409
260 262 409
314 330 408
392 357 408
523 570 408
277 214 408
599 507 408
183 248 408
464 535 408
368 437 407
175 164 407
91 68 407
79 143 407
217 167 407
584 586 407
398 414 407
473 384 406
142 214 406
70 102 406
107 89 406
369 434 406
425 346 405
345 371 405
488 519 404
468 555 404
106 117 404
15 82 404
296 329 404
243 207 403
443 534 403
533 529 403
353 273 403
606 572 403
1 9 403
615 539 402
521 537 402
147 153 402
46 7 402
258 200 402
334 330 401
375 352 401
239 166 401
492 416 401
497 577 401
480 425 400
285 233 400
86 169 400
180 197 399
136 65 399
171 239 399
480 472 399
617 579 399
415 422 399
104 32 399
449 535 399
378 421 398
1 37 398
434 511 398
439 528 398
338 315 397
116 52 397
573 578 397
319 245 397
587 515 397
107 72 397
416 453 396
316 279 396
543 587 396
242 228 396
379 463 396
597 549 396
121 52 396
425 460 395
57 108 395
1 16 394
550 488 394
350 379 394
419 441 394
282 319 394
89 162 394
377 463 394
223 136 394
157 194 393
290 339 393
338 285 393
661 561 393
423 448 393
502 569 393
380 443 392
152 187 392
44 19 392
478 491 392
652 601 392
414 332 392
634 583 391
122 52 391
607 539 391
382 369 391
282 337 391
580 559 389
222 192 389
380 436 389
492 511 388
474 525 388
428 406 388
44 25 388
239 208 387
188 97 387
390 432 387
648 568 387
175 255 387
506 580 387
476 496 387
447 502 385
442 531 385
709 613 385
447 472 385
58 55 385
311 231 385
233 281 385
367 316 384
624 563 384
684 606 384
1 70 384
468 564 383
22 76 383
377 413 383
275 175 383
562 575 383
203 232 383
172 237 383
404 483 382
661 571 382
266 329 382
1 13 382
623 550 381
383 402 381
84 89 381
605 601 381
305 383 380
413 392 380
424 407 380
237 198 379
537 568 379
522 425 379
9 3 378
144 107 378
679 607 378
312 293 378
382 424 378
146 241 377
511 447 377
486 502 377
197 283 377
527 610 377
310 246 377
71 37 377
35 117 377
391 397 377
552 456 377
513 441 376
484 551 376
108 79 376
262 251 376
529 602 375
75 83 375
271 370 375
480 447 375
256 276 375
703 607 375
240 148 375
56 59 374
286 196 374
458 554 374
366 436 374
36 84 373
707 611 373
44 106 373
28 62 372
85 15 372
503 560 372
524 428 372
451 396 371
197 144 371
338 280 371
447 477 371
275 247 371
276 227 370
115 121 370
499 569 370
267 206 370
385 421 370
369 378 370
231 148 370
230 140 369
233 231 369
540 520 369
571 606 369
511 490 368
243 177 368
560 612 367
404 501 367
560 619 367
609 566 367
608 524 367
512 453 367
518 514 367
234 219 367
290 247 366
626 625 366
519 556 366
522 616 366
100 43 365
475 471 365
447 493 365
467 442 365
615 628 365
527 564 365
571 560 365
386 359 364
695 620 364
359 446 364
474 427 364
1 1 363
235 250 363
540 475 363
284 259 363
117 111 363
407 413 363
350 390 363
250 313 362
494 463 362
565 634 362
493 518 362
197 258 362
12 94 362
649 591 362
201 259 362
81 173 362
506 596 362
340 395 361
203 177 361
265 309 361
518 569 360
723 636 360
572 500 360
71 69 360
410 388 360
522 542 360
182 177 360
143 145 360
377 410 359
395 358 359
120 171 359
114 213 359
546 575 359
402 461 359
218 131 358
423 434 358
1 98 358
543 446 358
670 572 358
521 429 358
580 612 358
567 596 358
221 208 357
594 536 357
464 501 357
341 242 357
399 482 357
243 278 356
159 138 356
1 26 356
280 278 356
1 29 355
527 620 355
157 67 355
1 97 355
392 426 355
260 270 355
614 576 354
674 596 354
653 628 354
644 636 354
130 88 354
233 161 353
482 515 353
687 615 353
27 58 352
145 135 352
580 592 352
585 528 352
337 436 352
110 174 352
280 272 351
662 607 351
487 440 351
197 261 351
31 14 350
182 90 350
611 649 350
257 171 350
229 281 350
580 611 349
545 479 349
319 349 349
515 580 349
252 192 349
681 581 348
81 60 348
607 534 348
445 423 348
571 601 348
409 433 347
512 510 347
600 526 347
478 507 347
518 495 347
609 526 347
347 259 346
666 596 346
649 634 346
138 157 346
238 183 346
479 462 346
575 498 346
654 586 345
1 57 345
246 203 345
558 541 345
370 291 345
402 464 345
128 220 345
417 432 345
329 350 344
347 317 344
375 466 344
482 497 343
434 522 343
87 25 343
85 138 343
23 74 343
253 278 343
383 398 342
118 205 342
549 546 342
376 438 342
466 564 341
667 589 341
118 175 341
500 554 341
78 6 341
154 198 340
692 635 340
268 190 340
490 524 340
89 188 340
245 197 340
420 416 340
37 95 339
626 528 339
665 629 339
519 591 339
478 453 339
555 582 338
150 215 338
550 599 338
368 426 338
225 155 338
1 58 338
96 79 337
569 619 337
75 45 337
157 78 337
69 45 337
128 41 337
413 482 337
444 438 336
213 163 336
672 584 336
88 50 336
696 662 335
538 604 335
55 111 335
109 143 335
287 284 335
454 386 335
1 18 335
247 268 335
449 548 335
405 332 334
615 522 333
438 400 333
35 79 332
572 634 332
574 575 332
309 337 332
432 511 332
232 162 331
401 437 331
463 482 331
338 391 331
411 466 331
395 430 331
610 644 331
115 153 331
406 324 331
663 617 331
13 97 330
408 370 330
451 370 330
446 417 330
443 357 329
521 606 329
387 381 329
365 294 329
1 33 329
530 630 329
415 436 329
615 558 329
632 592 329
520 480 328
184 127 328
517 429 328
386 459 328
395 362 328
671 650 328
406 375 327
499 536 327
622 570 326
205 155 326
462 392 326
593 660 326
275 336 326
479 428 326
573 663 325
145 237 325
145 112 325
508 584 325
350 355 324
479 518 324
171 227 324
244 191 324
342 431 323
572 646 323
212 161 323
1 76 323
702 639 323
70 74 323
580 601 322
704 646 322
239 158 322
670 629 322
123 100 322
497 543 322
590 613 321
496 404 321
229 299 321
620 577 321
125 67 321
652 610 321
72 35 321
333 397 321
416 453 320
536 490 320
188 116 319
32 4 319
636 629 319
77 145 319
695 680 319
529 553 319
514 478 319
289 245 318
579 513 318
52 81 318
314 300 318
420 414 318
648 602 318
428 453 317
730 681 317
722 665 317
635 658 317
658 629 316
686 658 316
426 359 316
610 625 316
633 617 316
161 128 315
549 467 315
400 464 315
378 339 315
271 241 315
119 64 315
510 571 315
263 360 314
643 560 314
389 340 314
67 38 314
458 374 313
667 654 313
382 303 313
271 326 313
287 259 313
494 553 313
624 681 313
515 499 313
616 560 312
13 3 312
599 563 312
145 175 312
552 578 312
561 646 312
281 225 311
491 568 311
525 538 311
298 375 311
419 427 311
737 679 311
541 626 311
423 454 310
404 399 310
414 510 310
590 672 310
630 534 309
582 512 309
1 2 309
402 482 309
672 648 309
507 511 309
101 155 309
242 203 308
296 276 308
322 328 308
405 431 308
358 391 308
652 607 308
31 94 307
660 667 307
1 65 307
101 5 307
589 521 307
385 433 307
734 640 307
257 260 306
696 627 306
198 176 306
358 371 306
556 620 305
1 34 305
539 572 305
92 159 305
460 538 305
1 10 305
486 408 305
355 271 304
756 666 304
667 688 304
67 3 304
699 688 304
657 695 304
404 324 304
193 153 304
479 393 304
121 211 304
262 343 304
304 251 304
1 23 303
492 547 303
672 684 303
358 301 303
653 600 303
168 149 303
211 143 303
594 613 302
480 390 302
28 123 302
692 653 302
109 55 302
478 502 301
314 285 301
132 79 301
134 144 301
536 514 301
479 436 301
318 274 301
334 377 300
632 644 300
626 680 300
748 668 300
716 618 299
599 636 299
616 557 299
246 233 299
463 552 299
245 192 299
417 386 299
7 62 298
463 437 298
62 56 298
466 530 298
371 453 297
383 478 297
414 470 297
343 404 297
739 689 297
360 386 297
154 129 297
107 140 296
604 657 296
608 614 296
1 68 296
177 96 296
475 572 296
247 260 295
715 656 295
667 627 295
55 17 295
119 66 295
118 207 295
16 74 294
384 436 294
608 684 294
482 463 294
684 679 294
532 566 293
482 478 293
546 604 293
455 518 293
460 364 293
435 424 292
350 280 292
307 364 292
625 647 292
605 519 292
593 540 292
62 109 292
332 237 292
242 152 292
488 587 292
298 337 292
146 157 291
605 600 291
357 434 291
329 381 291
290 336 291
223 169 290
75 32 290
380 313 290
586 580 290
682 670 290
302 302 290
582 621 290
647 618 290
368 376 290
1 29 290
489 479 290
388 356 289
138 90 289
718 702 289
644 596 289
784 687 289
789 703 289
494 412 289
288 250 289
219 227 289
681 610 289
492 467 288
517 551 288
1 31 288
520 591 287
613 663 287
349 271 287
619 671 287
503 474 287
513 475 286
670 709 286
491 546 286
458 488 286
598 621 286
514 489 286
473 472 286
481 554 286
541 518 285
261 356 285
615 586 285
217 220 285
398 456 285
634 587 285
562 492 284
576 551 284
231 238 284
41 130 284
491 442 284
514 452 284
604 650 284
662 633 284
393 362 284
109 163 283
691 603 283
591 658 283
133 135 283
315 268 283
522 423 283
574 502 282
273 346 282
104 202 281
417 374 281
1 12 281
511 557 281
10 96 280
181 178 280
273 247 279
727 719 279
480 509 279
156 60 279
59 113 279
625 706 278
511 427 278
601 649 278
546 555 278
323 408 277
141 168 277
774 699 277
172 175 277
687 621 277
94 9 277
642 548 277
597 669 277
475 566 277
435 437 277
331 383 276
180 263 276
575 564 276
305 301 276
389 388 276
682 660 275
433 447 275
563 536 275
694 643 275
776 723 275
532 631 274
700 632 274
130 222 274
454 382 274
646 647 274
530 630 274
249 324 273
272 333 273
462 468 273
95 187 273
444 353 273
620 682 273
748 710 273
210 286 272
202 221 272
706 701 272
583 614 272
524 622 272
381 440 272
656 579 272
794 710 272
169 172 271
64 97 271
393 412 271
39 87 271
461 382 271
513 601 270
698 709 270
532 462 270
463 369 270
107 201 270
381 408 270
449 491 270
418 461 270
656 601 269
665 695 269
381 353 269
545 498 269
306 402 269
744 729 269
644 630 269
253 272 269
546 637 269
648 619 268
1 44 268
120 171 268
474 573 268
227 295 268
104 93 268
704 665 268
660 568 268
562 616 267
292 227 267
673 690 267
422 466 267
133 122 266
64 61 266
685 720 266
557 553 265
418 466 265
122 36 265
626 688 265
698 703 265
95 147 264
502 517 264
727 689 264
385 485 264
674 727 264
335 357 263
442 542 263
1 36 263
607 684 262
741 729 262
256 311 262
1 5 262
736 722 262
100 3 262
596 620 262
386 484 262
708 675 261
460 372 261
634 584 261
697 724 261
247 322 261
758 704 261
571 533 261
238 157 260
284 266 260
37 59 260
290 220 260
537 621 259
244 195 259
131 208 259
284 357 259
490 407 258
793 703 258
716 709 258
334 423 258
567 572 258
432 467 258
189 257 257
574 623 257
557 635 256
662 591 256
477 562 256
787 703 256
440 441 256
383 394 255
233 236 255
105 25 255
476 445 255
552 526 255
1 57 255
357 334 254
412 388 254
467 471 253
59 91 253
541 495 253
796 709 253
130 32 253
725 633 253
256 253 253
86 89 253
189 181 253
562 588 252
775 733 252
549 629 252
635 642 252
472 440 252
284 344 252
640 605 252
805 732 251
495 488 251
258 164 251
452 409 251
682 699 251
721 691 251
636 676 251
167 140 251
379 426 250
222 254 250
650 691 250
267 175 250
198 156 250
385 337 249
687 681 249
95 140 249
558 641 249
161 84 249
716 689 248
135 42 248
360 354 248
604 590 248
458 441 248
347 268 248
539 632 248
599 611 247
780 742 247
636 654 247
636 549 247
508 495 247
675 579 247
539 445 247
443 469 247
664 696 246
289 290 246
613 632 246
623 633 246
560 589 246
6 71 246
205 269 246
581 567 245
642 557 245
628 645 245
340 323 245
128 51 245
771 703 245
241 318 245
450 512 244
346 416 244
553 470 244
494 404 244
680 632 244
336 381 244
465 565 244
513 542 244
194 124 244
758 664 244
309 297 244
627 632 243
322 404 243
360 336 243
280 253 243
195 184 243
448 529 243
631 612 243
319 343 242
441 471 242
844 744 242
548 534 242
749 656 242
708 723 242
661 699 242
457 455 241
409 384 241
640 674 241
143 82 241
339 372 241
641 575 241
493 456 240
556 570 240
349 297 240
763 671 240
624 584 240
65 142 240
737 759 240
593 647 240
256 158 239
784 700 239
546 542 239
446 365 239
818 758 238
78 143 238
367 448 238
744 700 238
143 230 238
704 689 237
740 758 237
626 529 237
642 600 237
468 415 237
543 475 237
694 735 237
524 460 237
488 534 236
173 104 236
105 102 235
278 365 235
665 618 235
772 762 235
657 747 235
716 683 235
572 487 235
612 566 235
531 511 234
720 670 234
758 751 234
189 142 234
409 475 234
146 76 234
177 202 234
453 545 234
197 287 233
832 757 233
708 665 233
109 179 233
288 271 233
634 637 233
388 348 232
456 394 232
231 168 232
139 215 232
639 576 232
693 682 231
75 42 231
336 361 231
524 550 231
186 282 231
849 766 231
176 100 231
225 174 230
495 568 230
224 269 230
779 758 230
414 348 230
7 60 230
672 679 229
389 351 229
537 450 229
136 112 229
513 413 229
598 539 229
466 404 229
294 218 228
357 331 228
658 632 228
543 605 228
631 546 228
521 442 228
145 233 228
504 592 228
822 752 228
811 711 228
712 636 228
667 645 227
746 671 227
857 771 227
448 433 227
684 623 227
400 305 227
667 639 227
433 457 227
109 147 227
437 516 227
536 564 226
815 751 226
335 241 226
828 740 226
443 507 226
365 371 226
802 770 226
592 583 226
233 287 226
366 461 226
468 384 225
324 228 225
636 707 225
44 60 225
637 693 225
1 52 225
174 194 225
518 464 225
501 461 225
717 663 225
840 751 225
762 773 224
617 538 224
228 289 224
236 321 224
832 761 224
427 397 224
626 591 224
1 14 224
534 628 224
364 330 224
647 563 224
366 347 224
700 737 224
432 435 223
731 737 223
346 426 223
362 433 223
284 308 223
233 311 223
791 710 222
29 70 222
91 151 222
261 336 222
272 245 222
333 333 222
387 359 222
432 455 222
134 102 222
80 113 222
407 344 222
761 712 221
570 543 221
537 576 221
441 485 221
1 8 221
322 396 221
468 412 221
560 543 221
191 187 221
309 386 221
389 346 221
63 122 220
328 355 220
457 504 220
791 731 220
439 527 220
793 718 219
591 668 219
460 475 219
713 725 219
305 405 219
381 310 219
762 763 219
419 371 219
788 760 219
65 3 219
422 512 219
229 282 218
21 18 218
713 619 218
758 698 218
187 136 218
241 201 218
450 538 218
125 218 218
505 466 217
499 523 217
698 773 217
878 780 217
665 740 217
667 581 217
558 608 217
434 390 217
497 401 217
560 465 216
582 585 216
841 749 216
95 41 216
769 694 216
741 754 216
214 299 216
661 712 216
45 6 215
813 777 215
1 7 215
547 553 215
712 662 215
704 741 215
720 680 215
709 645 215
111 26 215
661 743 215
599 682 214
349 414 214
349 426 214
187 237 214
281 347 214
881 781 214
343 381 214
671 733 214
766 772 214
472 454 214
336 390 213
467 367 213
706 720 213
410 442 213
779 735 213
231 274 212
758 693 212
658 752 212
368 354 212
451 540 212
479 476 212
46 139 212
685 663 212
271 360 212
662 689 212
845 761 212
751 676 212
689 685 212
751 733 212
690 697 212
689 709 212
362 348 211
713 661 211
645 716 211
178 195 211
626 632 211
671 667 211
2 88 211
370 425 211
90 3 211
641 628 211
308 366 211
169 155 211
414 439 211
90 58 211
83 144 210
318 316 210
424 427 210
476 572 209
362 293 209
397 488 209
520 583 209
277 371 209
588 578 209
611 697 209
159 214 209
598 500 209
796 721 209
13 10 208
848 751 208
622 681 208
338 242 208
748 654 208
172 247 208
737 735 208
630 536 208
323 321 208
302 393 207
358 397 207
613 547 207
506 453 207
639 681 207
1 36 207
743 673 207
780 754 207
151 111 206
340 241 206
690 659 206
622 524 206
473 501 206
806 747 206
785 747 206
360 432 205
716 690 205
450 464 205
520 587 205
714 743 205
107 155 205
470 521 205
228 130 205
194 170 205
528 459 205
758 708 204
361 426 204
370 448 204
352 323 204
844 790 204
790 794 204
128 34 204
573 545 204
653 727 204
608 617 204
138 101 204
314 292 204
592 619 203
674 707 203
703 786 203
733 710 203
769 733 203
874 775 202
673 676 202
505 417 202
735 644 202
648 726 202
74 142 202
487 532 202
623 643 202
351 301 201
609 626 201
365 336 201
113 195 201
336 261 201
583 680 201
395 425 201
529 534 200
799 799 200
788 709 200
177 155 200
460 425 200
886 790 200
738 745 200
823 774 200
738 701 200
507 445 200
738 733 199
799 774 199
406 453 199
804 756 199
1 37 199
728 632 199
605 630 199
248 267 199
751 715 199
609 680 199
529 506 198
275 218 198
424 484 198
361 431 198
8 19 198
202 145 198
841 761 198
323 286 198
589 496 198
791 693 197
721 681 197
217 294 197
763 788 196
202 155 196
300 210 196
204 208 196
417 440 196
744 775 196
695 778 196
697 724 196
422 366 195
793 745 195
236 332 195
514 449 195
494 539 195
521 467 195
776 777 195
700 780 195
505 593 195
746 684 195
517 564 195
447 537 195
355 360 195
491 425 195
591 548 194
549 611 194
879 779 194
678 601 194
608 651 194
305 384 194
664 704 194
681 712 194
658 731 194
675 754 194
325 291 194
616 563 194
343 375 194
763 724 194
884 789 194
444 373 194
283 310 194
413 351 194
724 798 193
593 573 193
340 408 193
72 42 193
364 357 193
434 508 192
409 442 192
41 9 192
557 585 192
234 187 192
711 800 192
815 761 192
257 351 191
633 590 191
574 663 191
744 691 191
385 474 191
608 691 191
370 379 191
442 493 191
603 659 191
733 668 191
116 26 191
12 68 191
404 475 190
714 773 190
287 352 190
170 172 190
603 648 189
261 266 189
831 800 189
638 577 189
754 707 189
797 697 189
433 473 189
514 443 189
640 544 188
654 750 188
778 704 188
263 200 188
82 44 188
704 729 188
386 373 188
553 521 188
722 672 187
703 622 187
730 801 187
451 500 187
549 607 187
515 504 187
613 539 187
631 659 187
216 211 187
234 238 186
190 218 186
703 786 186
723 748 186
634 641 186
286 280 186
545 536 186
783 769 186
706 677 186
704 615 186
557 521 185
681 627 185
770 710 185
466 491 185
746 781 185
777 791 185
870 808 185
1 2 185
129 76 185
860 797 185
387 287 185
470 526 185
689 750 185
434 476 185
341 324 184
157 239 184
682 740 184
843 746 184
1 51 184
848 797 184
237 205 184
535 605 184
750 733 184
695 665 183
294 240 183
336 289 183
608 524 183
582 564 183
830 759 183
611 626 183
608 602 183
486 498 183
839 800 183
710 651 183
706 681 182
153 186 182
585 636 182
190 179 182
698 709 182
624 570 182
709 749 182
754 665 182
595 657 182
723 789 182
708 722 182
623 698 182
618 649 181
226 308 181
226 300 181
125 170 181
784 709 181
502 503 181
204 187 180
405 390 180
66 127 180
792 743 180
426 394 180
465 565 180
699 737 180
619 597 180
717 668 179
621 593 179
758 744 179
199 225 179
169 158 179
700 793 179
147 131 179
663 706 179
288 301 179
784 815 179
694 736 179
831 819 179
1 55 179
222 164 179
540 524 178
850 809 178
703 800 178
455 507 178
441 532 178
367 314 178
503 526 178
510 546 177
454 470 177
643 634 177
354 393 177
1 28 177
701 778 177
675 591 177
367 426 177
851 816 177
502 485 177
667 694 177
687 766 177
462 558 177
490 552 177
425 491 177
185 123 176
561 573 176
255 216 176
570 616 176
854 819 176
645 729 176
59 106 176
818 726 176
847 759 176
717 805 176
88 2 176
564 593 175
718 672 175
177 89 175
50 141 175
386 456 175
584 544 175
526 531 175
377 457 175
754 688 174
652 645 174
738 753 174
629 597 174
768 805 174
828 762 174
42 51 174
746 783 173
821 801 173
291 289 173
369 319 173
153 240 173
434 395 173
381 342 173
181 192 173
695 765 173
785 822 173
412 364 172
738 777 172
672 652 172
421 463 172
734 719 172
296 244 172
767 776 172
243 306 172
681 753 172
512 494 172
539 563 171
889 817 171
757 691 171
672 745 171
301 397 171
149 178 171
218 233 171
36 123 170
464 447 170
745 774 170
171 267 170
348 441 170
782 748 169
464 390 169
340 432 169
351 405 169
537 573 169
629 653 169
595 685 168
701 624 168
229 311 168
923 826 168
135 196 167
319 315 167
492 577 167
704 779 167
630 691 167
771 671 167
249 320 167
546 621 167
792 819 167
710 766 167
514 613 166
861 810 166
803 786 166
46 89 166
204 149 166
220 195 166
383 473 166
1 3 166
726 798 166
758 772 166
503 592 165
151 246 165
472 422 165
695 639 165
707 701 165
791 813 165
251 154 165
221 175 165
483 439 164
755 717 164
554 643 164
613 630 164
598 594 164
240 168 164
291 317 164
403 355 164
650 654 163
583 602 163
747 805 163
719 708 163
771 697 163
737 798 163
616 612 163
594 577 163
723 631 163
725 747 163
903 827 163
212 177 163
231 280 162
718 724 162
35 69 162
739 810 162
819 753 162
403 485 162
1 6 162
267 314 162
567 628 162
538 609 161
825 755 161
392 447 161
514 515 161
282 317 161
709 736 161
402 494 161
244 145 161
530 607 161
708 788 161
789 763 161
657 744 160
718 666 160
220 189 160
767 816 160
421 404 160
758 700 160
321 344 160
59 35 160
159 208 160
601 670 160
860 832 160
51 143 160
708 712 160
288 206 160
380 370 160
895 829 159
800 753 159
363 373 159
95 169 159
1 35 159
799 781 159
903 838 159
565 535 159
313 360 159
675 711 159
692 743 159
581 562 159
398 367 159
462 514 159
798 821 159
357 337 159
185 216 159
694 767 159
268 243 159
397 398 159
703 724 158
716 685 158
687 728 158
191 192 158
845 811 158
397 356 158
678 638 158
289 367 158
456 503 157
400 364 157
588 522 157
112 164 157
369 414 157
776 835 157
905 821 157
620 540 157
603 669 157
438 469 157
513 496 157
1 34 157
100 157 157
822 764 157
169 268 157
111 110 156
495 481 156
224 174 156
551 558 156
638 671 156
298 234 156
282 269 156
120 167 156
814 830 156
714 721 156
757 667 156
884 807 155
251 348 155
322 379 155
561 553 155
798 704 155
360 354 155
696 786 155
426 501 155
636 672 155
504 494 155
382 320 155
401 360 154
817 741 154
759 838 154
484 546 154
753 771 154
642 627 154
567 587 154
602 527 154
527 504 154
836 782 154
704 611 153
720 794 153
875 844 153
633 647 153
752 780 153
829 793 153
811 817 153
605 592 153
774 754 153
865 791 152
762 814 152
681 749 152
447 356 152
801 792 152
572 536 152
586 614 151
543 571 151
798 760 151
474 550 151
130 30 151
202 269 151
292 278 151
401 319 151
839 813 151
857 785 151
302 287 150
625 656 150
752 707 150
381 479 150
761 846 150
136 171 150
390 473 150
244 343 150
412 475 150
829 737 150
574 571 150
905 845 150
354 373 150
620 696 150
425 471 149
106 35 149
800 807 149
659 658 149
638 655 149
821 848 149
875 797 149
492 489 149
774 775 149
483 558 148
85 116 148
529 597 148
638 555 148
287 344 148
527 613 147
484 484 147
493 581 147
551 586 147
853 770 147
738 825 147
767 746 147
646 707 147
290 246 147
200 157 146
512 526 146
283 353 146
724 692 146
659 661 146
305 213 146
347 427 146
723 725 146
758 835 146
530 582 146
672 581 146
758 736 146
293 201 145
859 803 145
622 711 145
464 439 145
807 833 145
188 185 145
425 364 145
477 521 145
121 170 144
361 390 144
593 628 144
569 661 144
841 752 144
524 614 144
81 163 144
604 571 144
710 734 144
772 714 143
419 442 143
22 43 143
694 738 143
44 68 143
27 97 143
441 502 143
613 663 143
9 79 142
789 790 142
695 699 142
785 762 142
164 136 142
458 474 142
948 853 141
480 471 141
829 858 141
101 163 141
735 662 141
919 855 141
203 193 140
761 716 140
783 711 140
375 367 140
501 570 140
625 574 140
669 727 140
725 824 140
809 713 140
728 629 140
588 658 140
663 691 140
763 841 140
713 713 140
415 451 140
703 624 140
664 747 140
668 605 139
349 251 139
921 848 139
583 623 139
600 650 139
341 382 139
583 663 139
272 337 139
596 538 139
327 234 139
501 551 139
597 683 139
663 633 139
614 531 138
775 825 138
324 287 138
74 151 138
121 54 138
803 823 138
362 452 138
851 774 138
244 218 138
513 457 138
592 497 137
944 848 137
645 729 137
626 703 137
529 465 137
682 657 137
826 841 137
469 439 136
187 178 136
650 628 136
729 705 136
539 545 136
601 586 136
297 372 136
106 193 136
637 577 136
314 248 136
683 661 136
668 610 136
547 552 135
57 103 135
750 739 135
223 244 135
568 519 135
873 863 135
110 121 135
801 761 135
429 455 135
589 525 135
795 773 135
694 600 134
831 757 134
358 263 134
773 853 134
624 646 134
448 464 134
131 64 134
625 653 134
622 666 134
870 798 133
724 805 133
1 39 133
646 581 133
182 265 133
842 829 133
240 184 133
205 208 133
563 568 133
449 483 133
771 805 133
817 739 132
439 369 132
117 69 132
558 634 132
358 437 132
305 273 132
103 35 132
558 501 132
583 515 131
827 837 131
662 663 131
793 855 131
882 830 131
862 837 131
765 804 131
725 802 131
150 58 131
762 758 130
675 587 130
781 752 130
619 703 130
219 166 130
498 597 129
274 246 129
715 624 129
865 794 129
640 676 129
95 137 129
461 472 129
578 483 129
759 784 129
724 673 129
261 280 129
535 501 129
1 12 128
918 838 128
243 330 128
750 716 128
754 724 128
848 806 128
624 663 127
725 766 127
686 756 127
904 821 127
448 518 127
186 192 127
752 705 127
793 777 127
115 150 127
504 457 127
793 699 126
169 212 126
351 283 126
786 740 126
821 858 126
869 849 126
646 548 126
335 388 126
924 861 126
528 522 126
117 34 126
811 758 126
703 608 125
738 779 125
757 843 125
815 763 125
873 848 125
613 586 125
691 770 125
527 551 125
508 506 125
650 611 125
723 822 125
139 163 125
48 53 125
408 425 125
838 825 125
167 96 125
714 704 125
171 267 125
555 481 124
874 863 124
845 863 124
557 584 124
832 799 124
347 279 124
480 431 124
615 546 124
877 868 124
700 675 124
747 720 123
801 806 123
547 512 123
690 754 123
822 763 123
693 781 123
655 629 122
890 819 122
773 855 122
764 749 122
954 856 122
832 847 122
596 522 122
570 600 121
19 1 121
744 736 121
856 868 121
716 774 121
672 723 121
882 867 121
534 495 121
517 595 121
590 649 120
512 531 120
620 624 120
250 287 120
572 539 120
867 824 120
55 122 120
332 346 120
913 871 120
393 323 120
120 22 120
414 420 120
498 547 120
768 818 120
793 733 120
901 835 119
681 711 119
736 719 119
877 878 119
775 776 119
676 728 119
819 840 119
472 542 119
646 611 119
910 880 119
922 852 119
652 597 119
956 865 119
528 431 118
817 828 118
724 782 118
826 873 118
590 574 118
942 880 118
2 39 118
768 842 118
713 678 118
852 869 118
718 758 118
803 733 118
761 722 117
213 305 117
1 6 117
518 486 117
664 742 117
755 688 117
607 663 117
117 169 117
171 79 117
410 436 117
762 819 117
828 859 117
212 194 117
230 184 116
469 537 116
640 639 116
808 803 116
678 702 116
909 865 116
108 30 116
447 546 116
352 390 116
449 499 116
481 532 116
813 749 116
687 640 116
707 719 116
671 718 116
611 599 115
691 611 115
232 165 115
895 808 115
719 677 115
489 529 115
513 526 115
824 727 115
499 490 115
283 242 114
444 468 114
617 575 114
757 798 114
659 618 114
87 68 114
147 202 114
758 676 114
608 667 113
727 796 113
796 757 113
46 117 113
658 704 113
766 837 113
765 856 113
157 184 113
726 642 113
633 703 113
469 497 113
209 282 113
666 724 112
891 828 112
845 851 112
651 718 112
595 557 112
871 792 112
793 807 112
17 90 112
25 112 111
687 739 111
621 676 111
221 243 111
611 685 111
915 887 111
954 874 111
786 846 111
718 754 111
421 475 111
717 771 111
691 758 111
800 886 111
495 499 110
141 109 110
873 841 110
480 502 110
134 48 110
607 648 110
75 95 110
911 877 110
665 655 110
415 423 110
905 844 110
885 810 110
848 822 109
743 796 109
893 878 109
800 821 109
159 153 109
1 9 109
686 687 109
393 321 109
61 6 109
774 837 109
776 764 108
86 32 108
727 785 108
848 815 108
221 137 108
310 388 108
361 365 108
410 409 108
107 94 108
651 622 108
901 820 108
530 542 108
781 712 107
795 860 107
297 360 107
616 601 107
702 676 107
73 28 107
583 673 107
447 528 107
638 559 107
740 759 107
830 794 107
481 473 107
636 633 106
74 106 106
635 725 106
787 789 106
921 885 106
765 863 106
630 706 106
483 527 106
326 255 106
560 633 106
95 165 106
483 557 106
777 791 106
643 734 106
261 338 105
211 232 105
818 799 105
497 405 105
560 633 105
763 845 105
157 159 105
815 823 105
796 754 105
743 810 105
894 824 105
262 234 105
809 775 104
1 82 104
347 337 104
100 43 104
245 317 104
775 811 104
748 722 104
669 695 104
604 560 104
687 773 104
170 239 104
752 717 103
761 802 103
870 872 103
188 180 103
411 468 103
983 894 103
942 892 102
653 699 102
782 764 102
890 866 102
794 751 102
663 574 101
808 710 101
586 590 101
524 595 101
576 606 101
264 247 101
804 884 101
453 427 101
395 422 101
163 110 101
389 378 101
907 822 101
918 850 101
922 853 100
444 473 100
105 52 100
763 764 100
515 518 100
263 326 100
609 678 100
653 563 100
144 199 100
834 781 100
781 793 99
359 450 99
588 625 99
715 769 99
825 763 99
770 784 99
103 197 99
943 879 99
156 218 99
863 858 99
524 466 99
541 615 98
727 725 98
848 870 98
222 317 98
703 759 98
382 449 98
746 701 98
119 199 98
837 748 98
813 818 98
349 419 98
510 419 98
131 126 98
423 416 98
909 872 98
380 476 98
436 419 97
676 626 97
710 794 97
315 406 97
593 685 97
931 866 97
882 847 97
871 833 97
771 834 97
946 899 96
683 620 96
395 333 96
859 771 96
911 834 96
906 816 96
830 903 94
823 738 96
924 831 96
370 366 96
718 713 95
746 844 95
924 859 95
485 432 95
218 264 95
229 209 94
614 617 94
141 213 94
736 782 94
446 502 94
718 668 94
460 429 94
671 702 94
699 747 94
716 666 94
618 538 94
917 897 94
841 845 94
474 545 94
897 831 93
806 865 93
820 891 93
824 855 93
127 125 93
1 45 93
120 175 93
255 326 93
731 755 93
767 837 93
637 692 93
666 707 93
657 701 93
759 786 92
729 670 92
698 761 92
308 296 92
825 900 92
403 342 92
875 900 92
849 751 92
742 697 92
867 887 92
728 826 92
631 566 92
341 335 92
967 877 92
897 854 91
578 585 91
893 808 91
717 723 91
602 610 91
732 666 91
930 869 91
312 392 91
689 674 90
64 138 90
912 898 90
460 509 90
651 641 90
17 15 90
879 791 90
215 223 90
951 892 90
951 879 90
645 713 90
95 111 89
660 590 89
363 365 89
548 603 89
815 773 89
690 763 89
827 843 89
847 886 89
857 880 89
712 772 89
817 902 88
818 902 88
866 907 86
856 908 84
825 795 88
563 509 88
581 566 88
1005 907 86
175 225 88
806 861 88
915 869 88
340 318 88
86 59 88
806 895 88
76 25 88
962 874 88
655 647 88
841 909 82
648 706 88
810 885 88
772 672 88
848 846 88
536 634 87
935 894 87
555 622 87
792 821 87
814 885 87
673 692 87
809 907 86
888 861 87
768 861 87
651 635 87
774 813 87
371 456 87
638 706 86
878 904 86
552 455 86
622 667 86
366 305 86
845 860 86
250 297 86
554 528 86
159 85 86
334 263 86
912 818 86
896 805 86
374 316 85
577 520 85
666 667 85
189 282 85
862 799 85
869 842 85
518 595 85
404 470 85
697 797 85
548 647 85
530 561 85
37 95 85
888 914 73
583 596 84
296 208 84
478 520 84
763 784 84
811 858 84
777 820 84
857 806 84
583 485 84
688 614 84
716 694 84
598 589 83
95 195 83
385 382 83
837 893 83
391 364 83
773 705 83
604 596 83
793 805 83
703 748 83
971 885 83
882 806 82
292 344 82
655 622 82
831 893 82
885 907 82
999 906 82
267 363 82
647 549 82
239 236 82
1 29 82
863 905 82
851 813 82
955 909 82
798 715 81
824 901 81
334 387 81
613 668 81
541 475 81
716 628 81
497 428 81
922 864 81
760 784 81
800 827 80
910 860 80
853 873 80
755 770 80
823 800 80
688 672 80
553 612 80
915 890 80
960 896 80
262 243 80
444 469 79
477 451 79
224 294 79
500 527 79
745 710 79
831 904 79
541 597 79
459 478 79
789 803 79
866 863 79
815 905 79
932 859 79
130 152 79
187 199 78
719 808 78
871 895 78
906 834 78
878 885 78
320 259 78
552 545 78
474 529 78
494 566 78
512 481 78
894 824 78
630 655 77
598 606 77
410 503 77
575 491 77
215 211 77
819 903 77
323 409 77
865 876 77
828 826 77
450 460 77
401 387 77
889 903 77
913 891 77
990 901 77
113 203 77
649 720 77
691 749 76
570 642 76
918 859 76
826 865 76
792 819 76
755 835 76
197 190 76
990 891 76
867 804 76
782 839 76
667 657 76
987 895 76
255 322 76
800 834 75
104 38 75
572 492 75
124 184 75
529 627 75
949 896 75
693 680 75
590 566 75
889 904 75
825 919 65
888 816 75
96 63 74
69 77 74
446 407 74
140 206 74
691 757 74
711 623 74
833 797 74
472 470 74
855 835 74
723 775 74
881 891 73
710 690 73
770 844 73
711 775 73
519 517 73
473 567 73
669 748 73
858 907 73
831 903 73
226 314 73
709 687 73
854 806 73
272 306 73
254 242 73
682 688 73
823 888 73
919 828 73
819 781 73
799 846 73
923 851 73
121 118 72
718 754 72
23 86 72
847 888 72
899 844 72
929 911 72
351 420 72
425 437 72
906 891 72
966 896 72
532 579 72
760 680 71
859 874 71
259 357 71
910 903 71
819 764 71
866 877 71
240 290 71
799 899 71
409 509 71
835 757 70
875 797 70
798 898 70
723 685 70
837 923 59
715 724 70
1004 929 50
462 452 70
713 716 70
875 858 70
97 94 70
755 753 70
832 888 70
899 875 69
500 482 69
563 639 69
886 858 69
770 823 69
509 442 69
190 153 69
615 602 69
730 747 69
559 649 68
820 915 68
985 907 68
483 562 68
552 516 68
668 614 68
556 516 68
744 662 68
779 736 68
365 359 68
410 381 68
435 490 68
814 787 68
913 830 68
923 871 68
841 916 67
333 285 67
591 651 67
932 920 64
618 521 67
787 861 67
393 331 67
667 624 67
678 761 67
774 870 67
888 795 67
543 584 67
552 512 67
519 573 66
876 792 66
881 932 46
269 295 66
914 911 66
922 928 51
850 893 66
720 800 66
806 882 66
786 725 65
817 726 65
14 40 65
790 763 65
492 557 65
705 765 65
959 895 65
592 579 65
908 884 65
924 888 65
879 873 65
882 851 64
945 915 64
44 90 64
564 660 64
901 869 64
906 849 64
479 485 64
950 884 64
523 499 64
751 700 64
557 645 64
620 630 64
314 368 64
136 135 64
945 918 64
78 120 64
468 451 64
525 609 63
327 369 63
911 875 63
867 912 63
683 759 63
877 894 63
822 801 63
169 252 63
182 157 63
890 869 63
544 614 63
228 160 63
828 883 63
781 736 63
1 60 63
698 774 63
419 501 63
734 763 62
993 906 62
777 792 62
950 929 50
978 892 62
184 100 62
151 142 62
192 218 62
875 900 62
912 915 62
572 569 62
129 117 62
843 891 62
403 500 62
745 831 62
873 863 62
824 824 62
713 809 62
68 29 61
814 845 61
571 627 61
675 683 61
804 850 61
598 640 61
718 731 61
949 887 61
940 936 40
408 444 61
854 798 61
443 343 60
829 760 60
795 837 60
711 709 60
602 548 60
924 835 60
870 781 60
710 622 60
1 11 60
307 267 60
864 898 60
221 123 60
916 900 60
747 757 60
142 91 60
811 854 60
756 842 60
791 718 59
914 870 59
967 867 59
853 930 49
972 915 59
541 552 59
348 409 59
933 872 58
847 889 58
627 547 58
928 876 58
180 93 58
447 435 58
546 543 58
91 20 58
939 941 34
876 920 58
721 639 57
508 417 57
390 375 57
478 562 57
641 595 57
182 178 57
107 207 57
642 667 57
653 616 57
973 935 42
624 633 57
137 167 57
849 802 57
536 633 57
657 650 56
125 84 56
1020 929 50
944 855 56
546 489 56
988 890 56
925 872 56
693 603 56
234 282 56
390 390 56
876 857 56
570 635 56
932 890 56
825 889 55
526 444 55
958 917 55
430 415 55
965 925 55
413 442 55
941 939 37
120 100 55
422 412 55
861 894 55
867 780 55
981 894 55
927 884 55
1032 937 39
878 908 55
527 597 55
859 924 55
611 629 54
520 614 54
805 788 54
737 701 54
149 226 54
409 485 54
842 937 39
751 676 54
860 878 54
925 944 31
535 613 54
982 908 54
808 899 54
700 732 54
786 862 54
936 901 54
638 617 53
806 830 53
746 717 53
901 885 53
811 847 53
944 883 53
710 794 53
675 636 53
844 842 53
320 416 53
958 867 53
482 571 53
839 932 46
960 866 53
432 346 52
788 793 52
1016 940 36
538 628 52
319 414 52
828 888 52
706 627 52
838 853 52
905 907 52
856 862 52
848 899 52
868 929 50
1026 937 39
874 880 52
512 593 52
94 32 52
821 806 51
958 926 51
752 719 51
1007 943 32
926 914 51
568 535 51
908 884 51
1032 937 39
399 476 51
970 911 50
737 783 50
504 602 50
930 901 50
1 36 50
997 939 37
867 944 31
903 910 50
605 641 50
864 834 50
156 246 50
226 276 49
923 871 49
947 848 49
973 946 29
537 566 49
43 88 49
789 721 49
937 874 49
693 699 49
923 863 49
988 949 26
931 878 49
809 724 48
974 937 39
762 695 48
956 942 33
191 163 48
79 125 48
856 909 48
643 576 48
976 941 34
560 592 48
804 857 48
162 193 48
652 646 48
59 64 48
951 928 48
1002 915 48
344 343 47
275 197 47
799 761 47
900 855 47
600 599 47
92 153 47
322 325 47
929 891 47
943 935 42
356 391 47
605 692 47
806 846 47
820 854 47
836 891 47
953 861 47
311 245 47
170 231 47
242 160 46
683 599 46
712 808 46
837 830 46
1018 938 38
938 873 46
424 325 46
1011 932 46
755 795 46
706 668 46
713 615 46
849 754 46
991 950 25
875 871 46
924 921 46
659 654 46
525 618 45
469 481 45
876 950 25
885 807 45
1029 945 30
223 241 45
115 113 45
712 699 45
828 791 45
867 897 45
856 934 43
863 866 45
1 6 45
855 826 45
1 37 45
871 869 45
128 124 44
617 622 44
716 759 44
662 647 44
307 291 44
1025 926 44
344 340 44
658 730 44
818 808 44
969 905 44
585 611 43
976 938 38
539 636 43
723 642 43
844 905 43
393 381 43
1009 946 29
14 6 43
731 807 43
875 933 43
535 495 43
196 234 43
724 765 43
953 931 43
748 759 43
960 895 43
694 652 42
978 918 42
85 183 42
731 764 42
254 191 42
653 714 42
679 598 42
898 938 38
908 933 42
794 749 42
828 812 42
944 955 20
574 642 42
635 700 41
728 805 41
672 708 41
957 955 20
741 687 41
774 819 41
460 372 41
877 890 41
776 736 41
1022 937 39
325 343 41
777 806 41
79 123 41
694 785 41
846 774 41
885 886 41
924 829 41
279 292 41
886 873 41
777 874 41
815 808 40
932 951 24
560 461 40
564 593 40
750 716 40
744 818 40
583 634 40
921 874 40
727 644 40
936 881 40
722 643 40
749 791 40
1002 956 19
850 889 40
946 952 23
432 463 39
229 309 39
673 654 39
907 820 39
306 371 39
845 841 39
932 926 39
942 942 33
891 870 39
725 676 39
808 786 39
334 287 39
1045 949 26
482 519 39
309 367 39
1024 937 39
773 809 39
987 924 39
303 368 39
898 948 27
180 242 38
759 728 38
822 913 38
859 889 38
764 673 38
882 958 17
873 925 38
866 821 38
939 955 20
907 941 34
168 178 38
944 956 19
768 839 38
462 516 37
1051 952 23
812 736 37
950 869 37
160 169 37
966 926 37
908 873 37
862 851 37
654 660 37
768 775 37
386 467 37
1016 955 20
944 879 37
905 959 16
962 930 37
95 53 37
1 21 37
916 963 13
842 904 36
957 945 30
694 739 36
829 916 36
751 822 36
870 960 16
294 269 36
905 875 36
856 839 36
911 850 36
232 221 36
835 763 36
705 625 35
680 758 35
1045 955 20
703 722 35
870 808 35
793 865 35
832 772 35
920 957 18
743 826 35
941 931 35
501 554 35
538 445 35
786 825 35
879 945 30
869 938 35
998 954 21
633 542 35
822 872 34
1003 936 34
935 902 34
196 216 34
730 738 34
408 434 34
723 711 34
585 602 34
983 918 34
243 224 34
869 960 16
850 931 34
913 828 34
838 918 34
962 895 34
599 614 34
902 846 33
866 950 25
729 635 33
933 938 33
857 904 33
876 953 22
533 501 33
1 23 33
998 959 16
575 616 33
892 903 33
528 467 33
917 964 12
9 49 33
905 818 32
925 951 24
717 783 32
244 170 32
938 966 11
643 551 32
614 530 32
999 913 32
930 914 32
846 849 32
923 831 32
875 930 32
840 833 32
924 930 32
816 793 32
560 604 31
878 955 20
467 397 31
505 595 31
563 581 31
1043 968 10
924 957 18
941 881 31
61 1 31
978 880 31
188 166 31
440 482 31
913 838 31
933 917 31
985 949 26
818 758 31
263 173 30
485 385 30
752 749 30
338 388 30
433 462 30
193 266 30
859 959 16
734 783 30
221 241 30
789 857 30
822 795 30
645 563 30
241 143 30
561 621 30
879 818 30
974 912 30
1022 968 10
586 591 30
927 953 22
898 894 29
707 788 29
652 695 29
1020 964 12
865 934 29
371 462 29
421 519 29
890 830 29
884 958 17
100 177 29
929 965 12
581 615 29
513 466 29
868 924 29
880 892 29
833 918 29
1049 960 16
489 501 29
966 953 22
796 753 29
718 647 28
630 618 28
118 103 28
792 803 28
651 621 28
690 780 28
832 853 28
869 942 28
946 882 28
841 893 28
983 941 28
671 732 28
766 862 28
797 826 27
792 742 27
954 920 27
828 925 27
825 752 27
763 823 27
805 895 27
738 762 27
389 357 27
303 345 27
765 792 27
980 966 11
1006 953 22
588 559 27
880 964 12
835 845 27
992 942 27
1005 953 22
118 207 26
997 922 26
627 654 26
932 932 26
358 370 26
790 770 26
826 786 26
922 905 26
296 292 26
931 969 9
198 171 26
894 892 26
341 432 26
735 809 26
895 814 26
852 856 26
548 484 26
970 940 26
879 798 26
833 867 26
130 140 26
703 630 26
891 957 18
1003 962 14
999 950 25
751 806 26
955 903 25
903 864 25
836 836 25
625 692 25
650 655 25
353 370 25
937 964 12
380 445 25
913 968 10
842 869 25
476 561 25
862 859 25
320 401 25
813 809 25
991 968 10
864 927 25
952 914 25
1017 917 25
770 809 25
663 596 24
64 77 24
989 966 11
1001 909 24
783 800 24
981 890 24
813 768 24
814 765 24
977 946 24
820 902 24
1001 916 24
933 866 24
703 639 24
159 206 24
910 875 24
891 967 10
546 461 24
430 518 24
878 806 24
877 962 14
605 508 24
200 132 24
991 949 24
199 158 24
487 560 24
795 780 24
160 225 24
61 22 24
183 238 24
792 841 24
868 848 23
884 839 23
146 91 23
904 950 23
718 816 23
605 551 23
877 971 8
386 382 23
661 710 23
878 909 23
979 954 21
266 255 23
949 965 12
891 926 23
978 948 23
769 858 23
528 603 23
267 235 23
867 807 23
967 973 7
495 579 22
43 5 22
953 923 22
492 498 22
877 953 22
379 285 22
998 963 13
776 871 22
901 974 6
1043 971 8
857 907 22
142 178 22
949 961 15
549 604 22
953 916 22
326 382 22
952 890 21
622 665 21
888 975 6
806 800 21
914 870 21
809 738 21
964 888 21
995 939 21
1015 966 11
509 519 21
969 968 10
926 871 21
867 830 21
1009 963 13
998 898 21
817 733 21
539 500 21
926 882 21
871 819 21
1031 965 12
340 424 21
339 315 21
400 478 21
508 555 20
377 323 20
916 900 20
255 215 20
50 2 20
987 914 20
793 791 20
1028 964 12
105 52 20
441 535 20
881 849 20
953 947 20
951 948 20
729 673 20
175 96 20
1073 974 6
875 974 6
999 931 19
876 947 19
837 742 19
891 968 10
977 898 19
920 831 19
912 952 19
939 965 12
894 944 19
579 633 19
975 975 6
892 913 19
914 979 4
564 630 19
712 679 19
1017 937 19
723 747 19
732 686 18
940 871 18
938 953 18
875 959 16
1037 950 18
129 52 18
887 972 7
961 871 18
1012 981 3
609 644 18
739 837 18
942 974 6
784 816 18
933 963 13
941 945 18
649 696 18
994 930 18
858 958 17
651 597 17
876 905 17
883 973 7
898 955 17
644 667 17
662 681 17
883 978 4
216 191 17
848 760 17
575 566 17
18 101 17
946 955 17
453 464 17
171 192 17
795 873 17
556 644 17
822 809 17
897 826 16
354 444 16
539 609 16
811 903 16
869 863 16
599 586 16
940 941 16
918 981 3
964 918 16
524 550 16
1003 972 7
856 909 16
784 687 16
651 702 16
916 946 16
949 973 7
163 80 16
690 722 16
829 907 16
883 797 15
966 877 15
817 895 15
812 844 15
1022 956 15
974 975 6
1028 936 15
1033 984 2
856 766 15
1030 978 4
810 777 15
958 967 10
531 456 15
474 491 15
741 668 15
852 948 15
831 861 15
912 944 15
922 823 15
905 964 12
682 584 14
53 45 14
318 258 14
716 671 14
513 479 14
942 892 14
835 929 14
754 803 14
418 413 14
308 287 14
993 935 14
982 982 3
785 776 14
674 745 14
891 977 5
840 903 13
1001 986 1
917 901 13
865 787 13
1041 951 13
879 899 13
348 363 13
258 352 13
1016 965 12
805 859 13
639 608 13
765 680 13
977 917 13
1015 981 3
418 383 13
505 441 13
911 878 13
996 934 13
228 310 13
953 866 13
1048 971 8
938 985 2
1039 948 12
1040 972 7
877 906 12
969 965 12
923 983 2
1082 986 1
398 317 12
646 563 12
786 809 12
1061 984 2
1002 932 12
789 875 12
812 821 12
1059 969 9
455 485 12
924 984 2
7 89 12
938 905 12
922 873 12
835 782 12
854 798 11
894 893 11
735 711 11
717 758 11
467 388 11
1060 987 1
365 427 11
927 889 11
941 875 11
887 848 11
940 979 4
919 960 11
951 913 11
660 676 11
963 900 11
1066 969 9
704 717 11
870 938 11
985 897 10
932 850 10
987 984 2
1044 989 1
457 468 10
922 987 1
1054 985 2
1007 968 10
967 900 10
923 966 10
907 981 3
929 973 7
593 648 10
754 840 10
906 989 1
717 780 10
872 804 10
414 322 10
944 950 10
402 371 10
946 876 10
651 599 9
952 990 1
902 871 9
986 988 1
788 814 9
1072 986 1
885 983 2
1072 985 2
850 938 9
361 261 9
1087 987 1
993 987 1
1024 988 1
1001 913 9
1048 969 9
624 667 9
478 453 9
952 922 9
319 326 9
352 395 9
1043 955 9
985 989 1
1017 935 9
913 987 1
242 311 9
813 909 9
944 988 1
1076 983 2
1052 990 1
452 434 8
789 804 8
391 477 8
751 698 8
862 824 8
879 931 8
909 809 8
588 683 8
963 925 8
76 112 8
836 765 8
880 958 8
996 898 8
1089 991 0
996 925 8
1029 963 8
890 969 8
654 704 8
917 921 8
1006 933 8
1021 944 8
822 781 7
1074 985 2
563 650 7
800 707 7
1042 946 7
955 963 7
994 929 7
901 869 7
71 34 7
643 652 7
969 982 3
1054 974 6
758 776 7
373 360 7
797 871 7
728 816 7
194 206 7
650 679 7
970 968 7
935 921 7
162 203 7
807 857 7
998 972 7
950 962 7
906 975 6
902 892 7
1012 990 1
408 508 7
1039 970 6
1055 989 1
922 874 6
559 639 6
425 330 6
861 948 6
879 968 6
882 963 6
945 931 6
642 628 6
1074 976 5
694 657 6
978 958 6
655 653 6
996 966 6
986 993 0
942 985 2
935 928 6
474 559 6
930 992 0
946 977 5
96 55 6
395 443 6
890 831 5
824 746 5
884 984 2
941 975 5
992 989 1
908 981 3
855 946 5
806 873 5
1050 985 2
957 988 1
674 608 5
729 814 5
894 981 3
360 361 5
578 659 5
508 601 5
1018 951 5
936 971 5
1036 936 5
355 403 4
1022 986 1
485 485 4
715 671 4
1048 984 2
990 960 4
790 870 4
963 950 4
948 895 4
1 18 4
1078 989 1
1037 954 4
936 918 4
471 421 4
744 815 4
738 709 4
640 581 4
999 977 4
733 808 4
1047 992 0
14 105 4
45 87 4
798 793 4
956 993 0
951 969 4
923 981 3
969 901 4
636 697 4
560 570 4
630 686 4
1035 991 0
867 930 4
406 396 4
806 789 4
918 996 0
936 943 3
175 158 3
960 945 3
113 75 3
1036 995 0
139 163 3
889 962 3
598 658 3
778 876 3
884 798 3
1046 946 3
341 256 3
895 994 0
146 165 3
966 987 1
932 991 0
817 896 3
1008 996 0
1061 996 0
936 995 0
19 51 3
787 885 3
1064 990 1
889 854 3
613 699 3
888 933 3
691 740 3
305 362 3
892 978 3
1029 991 0
952 916 3
1029 995 0
837 887 3
881 936 3
738 814 3
717 713 3
954 971 2
49 69 2
996 915 2
830 857 2
925 992 0
1053 960 2
1010 949 2
1038 992 0
1003 985 2
464 559 2
909 992 0
907 990 1
979 995 0
1026 995 0
684 768 2
1017 986 1
969 981 2
992 959 2
568 602 2
745 773 2
965 885 2
932 950 2
815 726 2
696 611 2
873 967 2
686 621 2
756 759 2
1013 993 0
1015 996 0
901 849 2
1047 972 2
1024 982 2
918 997 0
911 997 0
458 539 2
743 745 2
842 939 2
1000 932 2
1047 986 1
344 360 1
994 979 1
897 943 1
1035 967 1
886 953 1
613 675 1
1023 998 0
921 983 1
810 761 1
896 979 1
896 981 1
687 724 1
1 5 1
709 643 1
1015 980 1
1035 965 1
1066 996 0
962 997 0
907 997 0
197 272 1
212 232 1
858 782 1
944 874 1
1086 995 0
1035 984 1
524 431 1
894 858 1
1044 964 1
1039 983 1
361 287 1
951 984 1
1036 996 0
623 534 1
1033 998 0
983 964 1
894 966 1
800 875 0
924 1000 0
812 884 0
1004 984 0
1026 968 0
163 154 0
985 995 0
1022 993 0
938 995 0
970 1000 0
1078 1000 0
969 999 0
1035 997 0
931 928 0
1003 999 0
918 908 0
912 900 0
1020 946 0
866 948 0
544 620 0
1051 999 0
1070 999 0
900 998 0
852 950 0
482 579 0
1081 1000 0
932 998 0
935 994 0
652 730 0
935 979 0
936 986 0
1034 989 0
1024 1000 0
236 324 0
1 66 0
1046 997 0
948 897 0
980 1000 0
901 990 0
884 978 0
