500 100 4.3589
6 16 70
2 12 77
7 17 68
9 19 65
7 17 68
17 27 53
8 18 67
7 17 68
18 28 51
13 23 59
21 31 47
15 25 56
18 28 51
13 23 59
4 14 65
11 21 62
21 31 47
26 36 40
13 23 59
11 21 60
4 14 60
21 31 47
27 37 39
22 32 46
17 27 53
15 25 56
7 17 56
33 43 32
34 44 31
16 26 53
26 36 40
4 14 53
9 19 53
21 31 47
31 41 34
7 17 51
12 22 51
14 24 51
12 22 51
6 16 51
13 23 50
33 43 32
36 46 29
38 48 27
23 33 44
38 48 27
26 36 40
19 29 48
7 17 48
28 38 38
20 30 46
7 17 46
1 11 46
5 15 45
35 45 30
39 49 26
39 49 26
32 42 33
46 56 19
40 50 25
15 25 42
40 50 25
38 48 27
33 43 32
16 26 41
46 56 19
28 38 38
48 58 17
4 14 40
42 52 23
49 59 16
39 49 26
4 14 39
43 53 22
44 54 21
41 51 24
46 56 19
42 52 23
45 55 20
51 61 15
22 32 38
51 61 15
15 25 38
37 47 28
8 18 38
46 56 19
24 34 37
46 56 19
47 57 18
38 48 27
40 50 25
44 54 21
6 16 37
8 18 36
40 50 25
36 46 29
19 29 35
13 23 35
50 60 16
44 54 21
45 55 20
20 30 35
54 64 12
6 16 34
42 52 23
25 35 33
53 63 13
21 31 33
19 29 33
21 31 32
53 63 13
11 21 32
29 39 31
39 49 26
36 46 29
54 64 12
50 60 16
2 12 30
20 30 30
50 60 16
56 66 11
50 60 16
22 32 30
12 22 30
8 18 30
45 55 20
36 46 29
59 69 9
49 59 16
38 48 27
57 67 10
26 36 28
42 52 23
3 13 28
41 51 24
5 15 27
5 15 27
56 66 11
13 23 27
58 68 10
42 52 23
9 19 27
26 36 27
63 73 7
32 42 26
13 23 26
1 11 26
11 21 26
57 67 10
19 29 25
31 41 25
61 71 8
44 54 21
42 52 23
7 17 24
39 49 24
31 41 24
51 61 15
40 50 23
21 31 23
47 57 18
3 13 23
55 65 12
20 30 23
46 56 19
52 62 14
62 72 7
44 54 21
34 44 22
38 48 22
66 76 5
54 64 12
32 42 21
63 73 7
35 45 21
52 62 14
35 45 21
56 66 11
41 51 21
39 49 21
39 49 21
69 79 4
69 79 4
54 64 12
52 62 14
43 53 20
40 50 20
51 61 15
41 51 19
58 68 10
47 57 18
54 64 12
53 63 13
47 57 18
44 54 19
53 63 13
63 73 7
66 76 5
38 48 19
14 24 18
60 70 9
64 74 6
46 56 18
2 12 18
10 20 18
59 69 9
69 79 4
9 19 17
61 71 8
54 64 12
26 36 17
58 68 10
40 50 17
60 70 9
18 28 17
40 50 17
60 70 9
46 56 17
38 48 17
71 81 3
51 61 15
45 55 16
14 24 16
73 83 2
63 73 7
61 71 8
59 69 9
63 73 7
56 66 11
49 59 15
44 54 15
46 56 15
68 78 4
73 83 2
17 27 15
59 69 9
65 75 6
75 85 2
71 81 3
73 83 2
56 66 11
55 65 12
71 81 3
76 86 1
58 68 10
57 67 10
71 81 3
47 57 13
13 23 13
35 45 13
65 75 6
40 50 12
50 60 12
7 17 12
38 48 12
65 75 6
5 15 12
56 66 11
26 36 11
66 76 5
27 37 11
54 64 11
72 82 3
44 54 11
78 88 1
76 86 1
46 56 11
29 39 11
51 61 11
69 79 4
6 16 11
63 73 7
45 55 10
63 73 7
57 67 10
11 21 10
22 32 10
66 76 5
59 69 9
69 79 4
74 84 2
72 82 3
62 72 7
73 83 2
78 88 1
65 75 6
4 14 9
18 28 9
72 82 3
56 66 9
77 87 1
65 75 6
62 72 7
36 46 9
13 23 9
73 83 2
47 57 9
25 35 9
65 75 6
80 90 1
73 83 2
75 85 2
78 88 1
32 42 8
35 45 8
79 89 1
47 57 8
71 81 3
79 89 1
1 11 8
13 23 7
82 92 0
75 85 2
60 70 7
42 52 7
15 25 7
64 74 6
82 92 0
13 23 7
25 35 7
75 85 2
78 88 1
79 89 1
33 43 7
67 77 5
73 83 2
58 68 6
75 85 2
72 82 3
82 92 0
76 86 1
76 86 1
79 89 1
77 87 1
44 54 5
33 43 5
82 92 0
81 91 0
37 47 5
34 44 5
66 76 5
30 40 5
55 65 4
79 89 1
83 93 0
65 75 4
85 95 0
13 23 4
48 58 4
83 93 0
82 92 0
83 93 0
79 89 1
31 41 4
49 59 4
42 52 4
72 82 3
66 76 3
83 93 0
85 95 0
84 94 0
54 64 3
86 96 0
41 51 3
22 32 3
77 87 1
84 94 0
56 66 3
82 92 0
38 48 3
82 92 0
48 58 3
76 86 1
68 78 3
76 86 1
68 78 3
59 69 2
83 93 0
32 42 2
87 97 0
83 93 0
84 94 0
82 92 0
87 97 0
85 95 0
22 32 2
87 97 0
19 29 2
79 89 1
85 95 0
86 96 0
84 94 0
85 95 0
70 80 2
75 85 2
78 88 1
85 95 0
79 89 1
80 90 1
12 22 1
84 94 0
24 34 1
83 93 0
59 69 1
33 43 1
77 87 1
64 74 1
64 74 1
86 96 0
83 93 0
42 52 1
81 91 0
46 56 1
88 98 0
17 27 1
8 18 1
82 92 0
80 90 1
84 94 0
69 79 1
81 91 0
83 93 0
85 95 0
88 98 0
91 100 0
97 100 0
93 100 0
94 100 0
96 100 0
100 100 0
89 99 0
90 100 0
99 100 0
94 100 0
99 100 0
98 100 0
96 100 0
86 96 0
90 100 0
88 98 0
90 100 0
94 100 0
67 77 0
66 76 0
94 100 0
31 41 0
83 93 0
93 100 0
100 100 0
89 99 0
92 100 0
28 38 0
95 100 0
63 73 0
98 100 0
95 100 0
99 100 0
91 100 0
99 100 0
92 100 0
97 100 0
96 100 0
95 100 0
93 100 0
89 99 0
95 100 0
72 82 0
99 100 0
84 94 0
94 100 0
97 100 0
98 100 0
87 97 0
35 45 0
99 100 0
77 87 0
97 100 0
87 97 0
24 34 0
100 100 0
92 100 0
98 100 0
98 100 0
95 100 0
96 100 0
91 100 0
97 100 0
97 100 0
97 100 0
91 100 0
96 100 0
95 100 0
93 100 0
99 100 0
91 100 0
98 100 0
94 100 0
94 100 0
94 100 0
99 100 0
