500 100 4.3589
6 6 88
5 5 90
5 5 89
10 10 81
9 9 82
6 6 85
8 8 84
1 1 83
10 10 81
12 12 77
10 10 81
2 2 81
11 11 79
16 16 70
4 4 79
6 6 78
6 6 77
1 1 77
5 5 77
14 14 73
3 3 75
22 22 60
25 25 56
19 19 65
2 2 73
12 12 72
17 17 68
13 13 71
11 11 70
29 29 50
17 17 68
6 6 69
12 12 69
29 29 50
4 4 67
13 13 67
16 16 66
22 22 60
26 26 54
11 11 65
1 1 64
3 3 64
8 8 64
28 28 51
5 5 63
14 14 62
29 29 50
17 17 60
12 12 60
23 23 59
6 6 59
5 5 59
29 29 50
11 11 59
32 32 46
33 33 44
2 2 58
32 32 46
39 39 37
8 8 57
1 1 56
41 41 34
42 42 33
13 13 56
32 32 46
36 36 40
27 27 53
13 13 55
44 44 31
36 36 40
30 30 49
35 35 42
20 20 52
47 47 28
35 35 42
23 23 52
14 14 52
41 41 34
32 32 46
27 27 51
46 46 29
26 26 50
43 43 32
11 11 50
39 39 37
37 37 39
28 28 48
33 33 44
14 14 47
23 23 47
21 21 47
53 53 22
14 14 46
22 22 45
4 4 45
54 54 21
44 44 31
34 34 43
49 49 26
11 11 44
13 13 44
49 49 26
32 32 44
37 37 39
4 4 43
32 32 43
31 31 43
25 25 43
33 33 41
24 24 41
21 21 40
52 52 23
60 60 16
36 36 39
46 46 29
42 42 33
43 43 32
8 8 38
46 46 29
61 61 15
23 23 37
9 9 37
26 26 37
56 56 19
11 11 36
63 63 13
55 55 20
34 34 35
65 65 12
2 2 34
64 64 12
61 61 15
43 43 32
64 64 12
15 15 33
33 33 33
29 29 33
53 53 22
54 54 21
33 33 33
45 45 30
32 32 32
47 47 28
58 58 17
62 62 14
63 63 13
8 8 31
66 66 11
30 30 31
55 55 20
43 43 31
41 41 31
65 65 12
63 63 13
55 55 20
48 48 27
28 28 30
64 64 12
44 44 30
62 62 14
62 62 14
22 22 29
6 6 29
52 52 23
41 41 28
24 24 28
20 20 28
55 55 20
46 46 28
70 70 9
46 46 28
68 68 10
62 62 14
17 17 27
16 16 27
56 56 19
42 42 26
46 46 26
39 39 26
36 36 26
6 6 25
67 67 10
56 56 19
64 64 12
36 36 25
70 70 9
69 69 9
17 17 25
57 57 18
58 58 17
51 51 24
21 21 24
59 59 16
25 25 24
41 41 24
33 33 24
21 21 24
44 44 23
17 17 23
42 42 23
12 12 23
59 59 16
58 58 17
6 6 23
33 33 23
69 69 9
23 23 23
70 70 9
61 61 15
70 70 9
19 19 22
65 65 12
70 70 9
70 70 9
68 68 10
32 32 21
70 70 9
56 56 19
2 2 21
12 12 21
33 33 21
46 46 21
70 70 9
39 39 20
70 70 9
63 63 13
36 36 20
70 70 9
70 70 9
24 24 20
3 3 19
63 63 13
28 28 19
11 11 19
41 41 19
70 70 9
30 30 19
19 19 19
70 70 9
70 70 9
63 63 13
12 12 18
46 46 18
12 12 18
28 28 18
55 55 18
70 70 9
52 52 18
70 70 9
35 35 18
56 56 18
70 70 9
53 53 18
70 70 9
55 55 17
64 64 12
70 70 9
70 70 9
70 70 9
18 18 17
25 25 17
69 69 9
70 70 9
70 70 9
51 51 16
32 32 16
41 41 16
70 70 9
70 70 9
13 13 15
68 68 10
30 30 15
70 70 9
70 70 9
43 43 15
68 68 10
70 70 9
24 24 15
70 70 9
52 52 15
68 68 10
3 3 14
62 62 14
70 70 9
70 70 9
70 70 9
49 49 14
36 36 13
68 68 10
70 70 9
47 47 13
70 70 9
67 67 10
30 30 13
70 70 9
43 43 12
70 70 9
70 70 9
43 43 12
43 43 12
70 70 9
66 66 11
70 70 9
45 45 11
25 25 11
64 64 11
26 26 11
68 68 10
70 70 9
38 38 11
14 14 11
67 67 10
36 36 10
21 21 10
70 70 9
51 51 10
70 70 9
11 11 10
70 70 9
64 64 10
22 22 10
58 58 10
41 41 10
70 70 9
70 70 9
69 69 9
45 45 10
70 70 9
49 49 9
70 70 9
47 47 9
66 66 9
69 69 9
22 22 9
37 37 9
1 1 9
60 60 9
70 70 9
70 70 9
70 70 9
70 70 9
58 58 9
68 68 8
70 70 9
70 70 9
70 70 9
47 47 8
70 70 9
70 70 9
70 70 9
51 51 8
5 5 8
25 25 8
28 28 8
70 70 9
66 66 8
70 70 9
70 70 9
7 7 8
13 13 7
1 1 7
70 70 9
70 70 9
17 17 7
70 70 9
70 70 9
1 1 7
32 32 7
27 27 7
70 70 9
57 57 7
30 30 7
39 39 6
43 43 6
70 70 9
70 70 9
34 34 6
70 70 9
70 70 7
61 61 5
70 70 9
70 70 9
70 70 9
70 70 9
57 57 5
70 70 9
45 45 5
44 44 4
70 70 9
70 70 9
70 70 9
59 59 4
13 13 4
59 59 4
70 70 9
1 1 4
69 69 4
70 70 9
54 54 4
70 70 9
70 70 5
70 70 9
70 70 9
55 55 3
38 38 3
54 54 3
58 58 3
70 70 9
70 70 9
70 70 9
70 70 9
50 50 3
47 47 3
70 70 9
55 55 3
70 70 9
70 70 9
43 43 3
70 70 9
61 61 3
70 70 9
21 21 2
37 37 2
52 52 2
70 70 9
70 70 9
70 70 9
52 52 2
6 6 2
70 70 9
70 70 9
70 70 3
70 70 9
37 37 2
40 40 2
70 70 9
19 19 2
70 70 9
28 28 1
67 67 1
18 18 1
70 70 9
70 70 9
70 70 9
70 70 9
70 70 9
1 1 1
58 58 1
70 70 9
70 70 9
70 70 9
70 70 9
70 70 9
70 70 9
70 70 9
70 70 9
70 70 9
70 70 9
3 3 1
56 56 1
39 39 1
70 70 9
65 65 0
70 70 9
70 70 9
52 52 0
70 70 9
70 70 9
70 70 9
70 70 9
70 70 9
70 70 7
70 70 9
70 70 9
70 70 9
70 70 9
70 70 7
68 68 0
70 70 9
70 70 1
54 54 0
70 70 9
70 70 9
70 70 9
70 70 9
70 70 1
70 70 9
70 70 9
70 70 7
70 70 9
65 65 0
70 70 9
70 70 9
70 70 9
70 70 9
65 65 0
70 70 9
70 70 9
70 70 9
70 70 9
