5000 100 4.3589
3 13 75
3 13 75
2 12 77
2 12 77
3 13 75
3 13 75
5 15 72
2 12 77
6 16 70
1 11 79
6 16 70
4 14 73
2 12 77
6 16 70
4 14 73
2 12 77
2 12 77
1 11 79
7 17 68
4 14 73
3 13 75
8 18 67
7 17 68
8 18 67
6 16 70
7 17 68
1 11 79
8 18 67
10 20 64
2 12 77
1 11 79
2 12 77
10 20 64
11 21 62
7 17 68
6 16 70
3 13 75
4 14 73
1 11 78
6 16 70
1 11 78
6 16 70
2 12 77
8 18 67
8 18 67
6 16 70
1 11 77
8 18 67
9 19 65
2 12 77
1 11 77
2 12 77
8 18 67
12 22 60
12 22 60
6 16 70
8 18 67
13 23 59
11 21 62
11 21 62
13 23 59
14 24 57
5 15 72
10 20 64
14 24 57
8 18 67
1 11 74
8 18 67
6 16 70
6 16 70
2 12 74
3 13 74
10 20 64
2 12 74
5 15 72
8 18 67
14 24 57
4 14 73
3 13 73
8 18 67
11 21 62
13 23 59
11 21 62
1 11 72
17 27 53
17 27 53
11 21 62
15 25 56
13 23 59
14 24 57
13 23 59
9 19 65
11 21 62
13 23 59
16 26 54
11 21 62
11 21 62
8 18 67
6 16 70
18 28 51
15 25 56
11 21 62
10 20 64
2 12 71
4 14 71
1 11 71
1 11 71
15 25 56
16 26 54
3 13 70
9 19 65
11 21 62
18 28 51
8 18 67
11 21 62
1 11 70
3 13 70
8 18 67
17 27 53
7 17 68
1 11 69
19 29 50
2 12 69
12 22 60
7 17 68
8 18 67
15 25 56
14 24 57
11 21 62
14 24 57
12 22 60
16 26 54
1 11 68
1 11 68
10 20 64
1 11 68
19 29 50
16 26 54
1 11 68
3 13 68
16 26 54
15 25 56
11 21 62
9 19 65
8 18 67
21 31 47
18 28 51
5 15 67
14 24 57
11 21 62
2 12 67
21 31 47
16 26 54
20 30 49
6 16 67
13 23 59
20 30 49
9 19 65
11 21 62
3 13 66
18 28 51
2 12 66
7 17 66
5 15 66
22 32 46
8 18 66
20 30 49
20 30 49
18 28 51
12 22 60
17 27 53
20 30 49
11 21 62
21 31 47
6 16 65
13 23 59
24 34 43
8 18 65
24 34 43
12 22 60
11 21 62
11 21 62
22 32 46
23 33 44
8 18 65
19 29 50
24 34 43
24 34 43
21 31 47
15 25 56
20 30 49
17 27 53
19 29 50
21 31 47
25 35 42
16 26 54
21 31 47
13 23 59
3 13 64
24 34 43
21 31 47
16 26 54
4 14 64
4 14 64
12 22 60
20 30 49
18 28 51
17 27 53
17 27 53
19 29 50
9 19 63
8 18 63
23 33 44
23 33 44
22 32 46
9 19 63
9 19 63
22 32 46
24 34 43
14 24 57
26 36 40
26 36 40
4 14 63
21 31 47
17 27 53
15 25 56
8 18 63
19 29 50
19 29 50
20 30 49
2 12 62
11 21 62
8 18 62
17 27 53
8 18 62
27 37 39
9 19 62
6 16 62
27 37 39
23 33 44
1 11 62
13 23 59
25 35 42
15 25 56
23 33 44
20 30 49
12 22 60
6 16 61
5 15 61
24 34 43
12 22 60
13 23 59
16 26 54
27 37 39
12 22 60
28 38 38
11 21 61
9 19 61
26 36 40
14 24 57
17 27 53
7 17 61
12 22 60
27 37 39
7 17 61
22 32 46
8 18 61
1 11 61
12 22 60
16 26 54
12 22 60
21 31 47
1 11 60
14 24 57
6 16 60
29 39 37
4 14 60
3 13 60
11 21 60
28 38 38
3 13 60
22 32 46
27 37 39
3 13 60
25 35 42
25 35 42
16 26 54
10 20 60
27 37 39
19 29 50
27 37 39
23 33 44
12 22 59
29 39 37
21 31 47
17 27 53
20 30 49
4 14 59
30 40 36
26 36 40
29 39 37
29 39 37
17 27 53
6 16 59
27 37 39
30 40 36
13 23 59
4 14 59
27 37 39
19 29 50
23 33 44
7 17 58
25 35 42
10 20 58
10 20 58
14 24 57
9 19 58
7 17 58
22 32 46
25 35 42
15 25 56
23 33 44
27 37 39
11 21 58
25 35 42
20 30 49
16 26 54
28 38 38
5 15 58
4 14 58
26 36 40
10 20 57
20 30 49
20 30 49
30 40 36
3 13 57
17 27 53
32 42 33
31 41 34
12 22 57
13 23 57
6 16 57
23 33 44
20 30 49
28 38 38
14 24 57
27 37 39
5 15 57
2 12 57
18 28 51
12 22 56
7 17 56
5 15 56
24 34 43
31 41 34
7 17 56
5 15 56
22 32 46
8 18 56
27 37 39
27 37 39
28 38 38
20 30 49
3 13 56
27 37 39
16 26 54
29 39 37
12 22 56
11 21 56
27 37 39
32 42 33
14 24 56
10 20 56
12 22 55
28 38 38
29 39 37
25 35 42
19 29 50
17 27 53
14 24 55
32 42 33
23 33 44
12 22 55
13 23 55
27 37 39
4 14 55
30 40 36
2 12 55
19 29 50
29 39 37
27 37 39
19 29 50
34 44 31
9 19 55
16 26 54
32 42 33
24 34 43
7 17 55
6 16 55
26 36 40
29 39 37
33 43 32
32 42 33
27 37 39
14 24 54
11 21 54
35 45 30
30 40 36
11 21 54
12 22 54
18 28 51
24 34 43
30 40 36
21 31 47
26 36 40
9 19 54
35 45 30
24 34 43
10 20 54
1 11 54
9 19 54
15 25 54
20 30 49
30 40 36
1 11 54
28 38 38
32 42 33
26 36 40
5 15 53
36 46 29
13 23 53
25 35 42
28 38 38
22 32 46
35 45 30
30 40 36
25 35 42
24 34 43
17 27 53
24 34 43
30 40 36
1 11 53
34 44 31
3 13 53
23 33 44
28 38 38
28 38 38
25 35 42
18 28 51
35 45 30
27 37 39
34 44 31
24 34 43
23 33 44
7 17 53
28 38 38
20 30 49
11 21 52
1 11 52
22 32 46
34 44 31
8 18 52
4 14 52
21 31 47
9 19 52
15 25 52
33 43 32
34 44 31
14 24 52
1 11 52
5 15 52
25 35 42
31 41 34
1 11 52
7 17 52
5 15 52
8 18 52
29 39 37
12 22 52
34 44 31
23 33 44
3 13 51
18 28 51
38 48 27
19 29 50
6 16 51
27 37 39
34 44 31
38 48 27
34 44 31
14 24 51
34 44 31
21 31 47
8 18 51
26 36 40
10 20 51
32 42 33
31 41 34
15 25 51
28 38 38
1 11 51
28 38 38
30 40 36
7 17 51
9 19 51
1 11 51
5 15 51
20 30 49
7 17 51
6 16 51
2 12 51
15 25 50
33 43 32
11 21 50
22 32 46
34 44 31
9 19 50
4 14 50
25 35 42
24 34 43
8 18 50
7 17 50
4 14 50
31 41 34
31 41 34
12 22 50
37 47 28
31 41 34
7 17 50
39 49 26
6 16 50
31 41 34
38 48 27
16 26 50
5 15 50
5 15 50
38 48 27
12 22 50
35 45 30
32 42 33
18 28 49
14 24 49
7 17 49
38 48 27
4 14 49
40 50 25
20 30 49
23 33 44
26 36 40
37 47 28
26 36 40
22 32 46
33 43 32
29 39 37
25 35 42
7 17 49
39 49 26
34 44 31
12 22 49
17 27 49
29 39 37
26 36 40
31 41 34
26 36 40
27 37 39
13 23 49
16 26 49
15 25 49
26 36 40
37 47 28
7 17 49
3 13 49
11 21 48
33 43 32
40 50 25
36 46 29
22 32 46
24 34 43
35 45 30
37 47 28
15 25 48
34 44 31
39 49 26
33 43 32
37 47 28
39 49 26
30 40 36
8 18 48
36 46 29
23 33 44
11 21 48
35 45 30
28 38 38
19 29 48
14 24 48
33 43 32
18 28 48
35 45 30
6 16 48
2 12 48
22 32 46
14 24 47
24 34 43
39 49 26
38 48 27
19 29 47
1 11 47
42 52 23
28 38 38
6 16 47
33 43 32
30 40 36
7 17 47
2 12 47
37 47 28
26 36 40
16 26 47
18 28 47
9 19 47
28 38 38
36 46 29
28 38 38
41 51 24
5 15 47
6 16 47
20 30 47
31 41 34
31 41 34
2 12 46
17 27 46
20 30 46
39 49 26
28 38 38
10 20 46
42 52 23
39 49 26
12 22 46
36 46 29
17 27 46
2 12 46
14 24 46
28 38 38
40 50 25
4 14 46
38 48 27
35 45 30
10 20 46
18 28 46
40 50 25
42 52 23
37 47 28
25 35 42
22 32 46
2 12 46
36 46 29
42 52 23
42 52 23
42 52 23
16 26 46
18 28 46
23 33 44
1 11 46
32 42 33
31 41 34
43 53 22
15 25 45
13 23 45
33 43 32
27 37 39
40 50 25
44 54 21
38 48 27
8 18 45
24 34 43
29 39 37
28 38 38
1 11 45
9 19 45
35 45 30
26 36 40
34 44 31
15 25 45
11 21 45
39 49 26
31 41 34
32 42 33
32 42 33
27 37 39
9 19 45
44 54 21
1 11 44
31 41 34
29 39 37
45 55 20
35 45 30
8 18 44
29 39 37
41 51 24
21 31 44
30 40 36
34 44 31
37 47 28
35 45 30
16 26 44
34 44 31
25 35 42
30 40 36
5 15 44
13 23 44
28 38 38
45 55 20
38 48 27
2 12 44
13 23 44
24 34 43
37 47 28
11 21 44
25 35 42
6 16 44
17 27 44
27 37 39
11 21 44
34 44 31
45 55 20
8 18 44
20 30 44
16 26 44
22 32 43
7 17 43
28 38 38
13 23 43
7 17 43
13 23 43
7 17 43
36 46 29
32 42 33
39 49 26
39 49 26
39 49 26
1 11 43
39 49 26
22 32 43
44 54 21
29 39 37
27 37 39
42 52 23
5 15 43
21 31 43
35 45 30
31 41 34
34 44 31
42 52 23
31 41 34
34 44 31
9 19 43
6 16 43
2 12 43
9 19 43
42 52 23
35 45 30
43 53 22
2 12 43
29 39 37
2 12 43
30 40 36
9 19 43
28 38 38
30 40 36
22 32 42
43 53 22
23 33 42
13 23 42
47 57 18
47 57 18
36 46 29
42 52 23
23 33 42
30 40 36
40 50 25
6 16 42
6 16 42
13 23 42
46 56 19
13 23 42
46 56 19
36 46 29
45 55 20
29 39 37
42 52 23
35 45 30
17 27 42
37 47 28
12 22 42
43 53 22
14 24 42
12 22 42
36 46 29
24 34 42
37 47 28
23 33 41
42 52 23
44 54 21
47 57 18
1 11 41
30 40 36
20 30 41
22 32 41
48 58 17
5 15 41
47 57 18
36 46 29
33 43 32
42 52 23
8 18 41
12 22 41
42 52 23
31 41 34
11 21 41
30 40 36
48 58 17
25 35 41
36 46 29
15 25 41
5 15 41
47 57 18
18 28 41
15 25 41
6 16 41
46 56 19
47 57 18
7 17 41
7 17 41
34 44 31
10 20 40
24 34 40
33 43 32
3 13 40
25 35 40
27 37 39
29 39 37
47 57 18
42 52 23
4 14 40
10 20 40
25 35 40
3 13 40
36 46 29
36 46 29
17 27 40
29 39 37
20 30 40
34 44 31
7 17 40
24 34 40
19 29 40
12 22 40
20 30 40
45 55 20
45 55 20
39 49 26
14 24 40
47 57 18
48 58 17
19 29 40
4 14 40
12 22 40
11 21 40
25 35 40
18 28 40
16 26 40
49 59 16
8 18 40
49 59 16
31 41 34
31 41 34
34 44 31
40 50 25
33 43 32
48 58 17
14 24 39
2 12 39
6 16 39
8 18 39
6 16 39
49 59 16
16 26 39
8 18 39
17 27 39
31 41 34
27 37 39
22 32 39
14 24 39
42 52 23
49 59 16
50 60 16
46 56 19
43 53 22
4 14 39
37 47 28
45 55 20
16 26 39
10 20 39
46 56 19
49 59 16
39 49 26
47 57 18
26 36 39
32 42 33
49 59 16
41 51 24
46 56 19
36 46 29
32 42 33
49 59 16
23 33 39
27 37 39
15 25 38
40 50 25
19 29 38
1 11 38
6 16 38
40 50 25
29 39 37
9 19 38
39 49 26
38 48 27
40 50 25
21 31 38
51 61 15
33 43 32
21 31 38
12 22 38
32 42 33
47 57 18
9 19 38
44 54 21
40 50 25
20 30 38
43 53 22
15 25 38
19 29 38
42 52 23
19 29 38
20 30 38
30 40 36
37 47 28
34 44 31
28 38 38
45 55 20
40 50 25
46 56 19
23 33 38
13 23 38
33 43 32
14 24 38
43 53 22
31 41 34
10 20 38
40 50 25
22 32 38
38 48 27
12 22 38
51 61 15
19 29 38
14 24 37
27 37 37
6 16 37
22 32 37
36 46 29
33 43 32
47 57 18
50 60 16
2 12 37
45 55 20
43 53 22
48 58 17
34 44 31
33 43 32
18 28 37
18 28 37
39 49 26
40 50 25
11 21 37
22 32 37
49 59 16
27 37 37
5 15 37
6 16 37
26 36 37
43 53 22
30 40 36
44 54 21
34 44 31
20 30 37
6 16 37
36 46 29
47 57 18
33 43 32
52 62 14
38 48 27
50 60 16
45 55 20
46 56 19
46 56 19
44 54 21
36 46 29
11 21 36
3 13 36
6 16 36
11 21 36
37 47 28
21 31 36
1 11 36
50 60 16
34 44 31
51 61 15
25 35 36
14 24 36
33 43 32
7 17 36
53 63 13
31 41 34
37 47 28
22 32 36
36 46 29
52 62 14
9 19 36
3 13 36
47 57 18
41 51 24
24 34 36
52 62 14
4 14 36
38 48 27
36 46 29
50 60 16
32 42 33
42 52 23
9 19 36
3 13 36
49 59 16
37 47 28
50 60 16
25 35 36
49 59 16
28 38 36
42 52 23
53 63 13
21 31 36
7 17 36
18 28 36
44 54 21
51 61 15
42 52 23
50 60 16
18 28 35
1 11 35
29 39 35
19 29 35
13 23 35
43 53 22
38 48 27
35 45 30
40 50 25
2 12 35
16 26 35
34 44 31
25 35 35
33 43 32
44 54 21
27 37 35
54 64 12
44 54 21
21 31 35
52 62 14
46 56 19
44 54 21
15 25 35
2 12 35
49 59 16
30 40 35
51 61 15
51 61 15
1 11 35
26 36 35
36 46 29
43 53 22
53 63 13
7 17 35
50 60 16
34 44 31
24 34 35
47 57 18
10 20 35
46 56 19
12 22 35
39 49 26
46 56 19
3 13 35
46 56 19
52 62 14
7 17 34
31 41 34
39 49 26
45 55 20
36 46 29
9 19 34
18 28 34
48 58 17
30 40 34
49 59 16
44 54 21
13 23 34
28 38 34
33 43 32
51 61 15
30 40 34
1 11 34
48 58 17
39 49 26
32 42 33
10 20 34
51 61 15
43 53 22
41 51 24
36 46 29
26 36 34
20 30 34
45 55 20
44 54 21
8 18 34
48 58 17
34 44 31
29 39 34
2 12 34
31 41 34
49 59 16
48 58 17
49 59 16
50 60 16
18 28 34
40 50 25
44 54 21
55 65 12
23 33 34
35 45 30
56 66 11
36 46 29
13 23 33
38 48 27
23 33 33
35 45 30
54 64 12
27 37 33
54 64 12
38 48 27
27 37 33
50 60 16
19 29 33
12 22 33
36 46 29
48 58 17
24 34 33
15 25 33
42 52 23
49 59 16
23 33 33
49 59 16
53 63 13
51 61 15
55 65 12
41 51 24
40 50 25
13 23 33
38 48 27
35 45 30
53 63 13
37 47 28
46 56 19
16 26 33
51 61 15
22 32 33
49 59 16
39 49 26
40 50 25
31 41 33
46 56 19
2 12 33
2 12 33
17 27 33
27 37 33
19 29 33
38 48 27
51 61 15
43 53 22
19 29 33
22 32 33
32 42 33
48 58 17
42 52 23
35 45 30
49 59 16
29 39 32
33 43 32
39 49 26
15 25 32
49 59 16
51 61 15
25 35 32
31 41 32
23 33 32
30 40 32
46 56 19
57 67 10
31 41 32
28 38 32
46 56 19
49 59 16
25 35 32
44 54 21
42 52 23
49 59 16
44 54 21
6 16 32
25 35 32
46 56 19
54 64 12
48 58 17
55 65 12
41 51 24
20 30 32
40 50 25
40 50 25
28 38 32
29 39 32
44 54 21
20 30 32
49 59 16
4 14 32
43 53 22
46 56 19
45 55 20
27 37 32
43 53 22
22 32 32
12 22 32
45 55 20
45 55 20
54 64 12
31 41 32
31 41 32
53 63 13
25 35 32
52 62 14
8 18 32
7 17 32
10 20 32
49 59 16
19 29 31
40 50 25
24 34 31
4 14 31
43 53 22
23 33 31
40 50 25
18 28 31
53 63 13
9 19 31
53 63 13
22 32 31
42 52 23
30 40 31
21 31 31
21 31 31
43 53 22
2 12 31
27 37 31
50 60 16
47 57 18
46 56 19
44 54 21
38 48 27
49 59 16
54 64 12
50 60 16
55 65 12
1 11 31
37 47 28
42 52 23
43 53 22
7 17 31
2 12 31
15 25 31
40 50 25
51 61 15
54 64 12
50 60 16
13 23 31
19 29 31
52 62 14
23 33 31
46 56 19
45 55 20
17 27 31
7 17 31
49 59 16
55 65 12
45 55 20
47 57 18
53 63 13
34 44 30
48 58 17
53 63 13
56 66 11
37 47 28
52 62 14
41 51 24
35 45 30
42 52 23
7 17 30
1 11 30
58 68 10
47 57 18
55 65 12
3 13 30
57 67 10
42 52 23
7 17 30
56 66 11
47 57 18
22 32 30
16 26 30
53 63 13
45 55 20
42 52 23
55 65 12
48 58 17
57 67 10
53 63 13
14 24 30
18 28 30
55 65 12
45 55 20
35 45 30
38 48 27
39 49 26
43 53 22
49 59 16
32 42 30
56 66 11
44 54 21
20 30 30
59 69 9
19 29 30
57 67 10
27 37 30
33 43 30
53 63 13
8 18 30
25 35 30
48 58 17
3 13 30
19 29 30
37 47 28
45 55 20
25 35 29
59 69 9
55 65 12
39 49 26
54 64 12
54 64 12
47 57 18
41 51 24
54 64 12
38 48 27
59 69 9
60 70 9
55 65 12
26 36 29
4 14 29
39 49 26
41 51 24
24 34 29
38 48 27
20 30 29
37 47 28
6 16 29
41 51 24
19 29 29
53 63 13
36 46 29
51 61 15
54 64 12
44 54 21
6 16 29
23 33 29
28 38 29
54 64 12
26 36 29
6 16 29
9 19 29
50 60 16
47 57 18
53 63 13
23 33 29
27 37 29
43 53 22
42 52 23
10 20 29
3 13 29
14 24 29
22 32 29
29 39 29
17 27 29
47 57 18
21 31 29
44 54 21
34 44 29
54 64 12
18 28 29
52 62 14
9 19 29
59 69 9
46 56 19
53 63 13
7 17 29
41 51 24
11 21 29
57 67 10
1 11 29
54 64 12
2 12 29
44 54 21
32 42 28
59 69 9
36 46 28
38 48 27
33 43 28
53 63 13
61 71 8
39 49 26
45 55 20
61 71 8
46 56 19
3 13 28
13 23 28
13 23 28
49 59 16
58 68 10
47 57 18
16 26 28
33 43 28
54 64 12
32 42 28
43 53 22
53 63 13
48 58 17
5 15 28
59 69 9
57 67 10
11 21 28
21 31 28
55 65 12
16 26 28
50 60 16
11 21 28
51 61 15
19 29 28
54 64 12
53 63 13
17 27 28
55 65 12
43 53 22
7 17 28
55 65 12
29 39 28
60 70 9
38 48 27
40 50 25
28 38 28
8 18 28
50 60 16
4 14 28
58 68 10
14 24 28
48 58 17
18 28 28
38 48 27
29 39 28
17 27 28
30 40 28
56 66 11
22 32 28
42 52 23
17 27 28
9 19 28
52 62 14
61 71 8
58 68 10
56 66 11
51 61 15
7 17 28
15 25 28
55 65 12
56 66 11
19 29 27
6 16 27
28 38 27
40 50 25
11 21 27
58 68 10
46 56 19
2 12 27
53 63 13
21 31 27
41 51 24
43 53 22
11 21 27
13 23 27
53 63 13
39 49 26
58 68 10
35 45 27
18 28 27
45 55 20
61 71 8
29 39 27
52 62 14
8 18 27
19 29 27
54 64 12
10 20 27
8 18 27
56 66 11
23 33 27
1 11 27
1 11 27
32 42 27
51 61 15
36 46 27
59 69 9
34 44 27
21 31 27
42 52 23
52 62 14
50 60 16
8 18 27
40 50 25
8 18 27
62 72 7
17 27 27
6 16 27
11 21 27
23 33 27
54 64 12
9 19 27
40 50 25
60 70 9
45 55 20
28 38 27
51 61 15
57 67 10
20 30 27
56 66 11
11 21 26
22 32 26
37 47 26
47 57 18
32 42 26
42 52 23
57 67 10
43 53 22
23 33 26
56 66 11
63 73 7
21 31 26
25 35 26
12 22 26
59 69 9
49 59 16
58 68 10
16 26 26
14 24 26
11 21 26
41 51 24
34 44 26
47 57 18
34 44 26
18 28 26
26 36 26
35 45 26
48 58 17
58 68 10
26 36 26
37 47 26
61 71 8
2 12 26
42 52 23
13 23 26
43 53 22
63 73 7
11 21 26
11 21 26
22 32 26
45 55 20
25 35 26
45 55 20
31 41 26
51 61 15
37 47 26
7 17 26
20 30 26
41 51 24
4 14 26
30 40 26
54 64 12
16 26 26
6 16 26
50 60 16
62 72 7
2 12 26
18 28 26
20 30 26
40 50 25
55 65 12
60 70 9
48 58 17
33 43 25
50 60 16
49 59 16
27 37 25
55 65 12
62 72 7
8 18 25
13 23 25
49 59 16
42 52 23
23 33 25
54 64 12
41 51 24
59 69 9
39 49 25
62 72 7
55 65 12
42 52 23
45 55 20
52 62 14
58 68 10
28 38 25
39 49 25
41 51 24
42 52 23
43 53 22
14 24 25
45 55 20
12 22 25
56 66 11
24 34 25
23 33 25
57 67 10
4 14 25
56 66 11
51 61 15
42 52 23
61 71 8
60 70 9
26 36 25
46 56 19
3 13 25
40 50 25
6 16 25
47 57 18
44 54 21
62 72 7
55 65 12
45 55 20
33 43 25
64 74 6
55 65 12
3 13 25
3 13 25
51 61 15
40 50 25
56 66 11
62 72 7
13 23 25
32 42 25
9 19 25
13 23 25
8 18 24
38 48 24
55 65 12
60 70 9
59 69 9
56 66 11
4 14 24
52 62 14
61 71 8
25 35 24
20 30 24
23 33 24
62 72 7
32 42 24
49 59 16
57 67 10
19 29 24
29 39 24
54 64 12
65 75 6
45 55 20
58 68 10
61 71 8
63 73 7
16 26 24
13 23 24
64 74 6
51 61 15
37 47 24
31 41 24
23 33 24
64 74 6
32 42 24
40 50 24
39 49 24
16 26 24
57 67 10
23 33 24
63 73 7
21 31 24
58 68 10
44 54 21
38 48 24
31 41 24
23 33 24
64 74 6
15 25 24
58 68 10
54 64 12
51 61 15
51 61 15
31 41 24
29 39 24
46 56 19
62 72 7
58 68 10
35 45 24
32 42 24
57 67 10
50 60 16
8 18 24
13 23 24
63 73 7
37 47 23
53 63 13
54 64 12
58 68 10
13 23 23
14 24 23
32 42 23
46 56 19
61 71 8
46 56 19
62 72 7
59 69 9
47 57 18
24 34 23
44 54 21
36 46 23
16 26 23
14 24 23
55 65 12
40 50 23
55 65 12
15 25 23
54 64 12
23 33 23
48 58 17
40 50 23
26 36 23
1 11 23
63 73 7
21 31 23
56 66 11
60 70 9
11 21 23
18 28 23
48 58 17
47 57 18
24 34 23
51 61 15
22 32 23
41 51 23
52 62 14
32 42 23
66 76 5
25 35 23
61 71 8
60 70 9
39 49 23
54 64 12
61 71 8
57 67 10
3 13 23
49 59 16
45 55 20
19 29 23
59 69 9
20 30 23
35 45 23
65 75 6
24 34 23
9 19 23
3 13 23
48 58 17
41 51 23
46 56 19
59 69 9
50 60 16
53 63 13
30 40 23
41 51 23
44 54 21
47 57 18
11 21 23
17 27 23
40 50 23
30 40 23
61 71 8
32 42 23
12 22 23
29 39 22
42 52 22
63 73 7
34 44 22
1 11 22
33 43 22
44 54 21
20 30 22
3 13 22
12 22 22
56 66 11
63 73 7
63 73 7
38 48 22
65 75 6
57 67 10
41 51 22
4 14 22
6 16 22
57 67 10
35 45 22
31 41 22
8 18 22
9 19 22
37 47 22
23 33 22
19 29 22
62 72 7
63 73 7
66 76 5
8 18 22
3 13 22
65 75 6
60 70 9
1 11 22
66 76 5
38 48 22
17 27 22
15 25 22
23 33 22
36 46 22
41 51 22
28 38 22
46 56 19
56 66 11
67 77 5
55 65 12
17 27 22
65 75 6
52 62 14
50 60 16
50 60 16
31 41 22
67 77 5
46 56 19
29 39 22
46 56 19
33 43 22
15 25 22
33 43 22
63 73 7
66 76 5
30 40 22
67 77 5
41 51 22
65 75 6
64 74 6
66 76 5
17 27 21
31 41 21
68 78 4
43 53 21
65 75 6
67 77 5
32 42 21
8 18 21
53 63 13
64 74 6
63 73 7
68 78 4
16 26 21
14 24 21
48 58 17
23 33 21
34 44 21
57 67 10
59 69 9
27 37 21
7 17 21
58 68 10
63 73 7
43 53 21
48 58 17
47 57 18
40 50 21
16 26 21
63 73 7
10 20 21
40 50 21
19 29 21
6 16 21
22 32 21
68 78 4
23 33 21
55 65 12
51 61 15
38 48 21
52 62 14
14 24 21
3 13 21
34 44 21
57 67 10
57 67 10
29 39 21
22 32 21
60 70 9
21 31 21
67 77 5
48 58 17
3 13 21
60 70 9
42 52 21
65 75 6
31 41 21
42 52 21
62 72 7
54 64 12
37 47 21
34 44 21
65 75 6
67 77 5
40 50 21
68 78 4
66 76 5
68 78 4
59 69 9
48 58 17
50 60 16
67 77 5
13 23 21
54 64 12
49 59 16
45 55 20
40 50 20
63 73 7
8 18 20
24 34 20
65 75 6
57 67 10
12 22 20
55 65 12
49 59 16
19 29 20
55 65 12
2 12 20
28 38 20
39 49 20
20 30 20
48 58 17
69 79 4
66 76 5
53 63 13
10 20 20
25 35 20
11 21 20
69 79 4
29 39 20
46 56 19
69 79 4
41 51 20
59 69 9
52 62 14
46 56 19
63 73 7
15 25 20
16 26 20
44 54 20
15 25 20
66 76 5
37 47 20
48 58 17
67 77 5
44 54 20
49 59 16
7 17 20
5 15 20
31 41 20
65 75 6
40 50 20
68 78 4
50 60 16
63 73 7
50 60 16
64 74 6
69 79 4
62 72 7
21 31 20
48 58 17
25 35 20
46 56 19
55 65 12
51 61 15
47 57 18
53 63 13
56 66 11
30 40 20
38 48 20
60 70 9
29 39 20
55 65 12
38 48 19
37 47 19
64 74 6
7 17 19
29 39 19
14 24 19
36 46 19
49 59 16
59 69 9
13 23 19
63 73 7
10 20 19
30 40 19
9 19 19
54 64 12
28 38 19
39 49 19
50 60 16
31 41 19
11 21 19
43 53 19
57 67 10
52 62 14
48 58 17
32 42 19
51 61 15
56 66 11
70 80 4
67 77 5
41 51 19
29 39 19
46 56 19
64 74 6
5 15 19
47 57 18
64 74 6
6 16 19
38 48 19
69 79 4
68 78 4
21 31 19
65 75 6
49 59 16
70 80 4
35 45 19
66 76 5
50 60 16
19 29 19
17 27 19
67 77 5
62 72 7
21 31 19
70 80 4
8 18 19
56 66 11
29 39 19
51 61 15
38 48 19
22 32 19
8 18 19
36 46 19
62 72 7
69 79 4
64 74 6
34 44 19
34 44 19
8 18 18
67 77 5
62 72 7
47 57 18
63 73 7
1 11 18
64 74 6
41 51 18
50 60 16
24 34 18
49 59 16
66 76 5
59 69 9
12 22 18
68 78 4
39 49 18
43 53 18
51 61 15
60 70 9
35 45 18
67 77 5
15 25 18
49 59 16
15 25 18
43 53 18
43 53 18
4 14 18
40 50 18
65 75 6
51 61 15
70 80 4
66 76 5
67 77 5
31 41 18
70 80 4
65 75 6
54 64 12
7 17 18
38 48 18
71 81 3
43 53 18
63 73 7
65 75 6
31 41 18
43 53 18
56 66 11
46 56 18
68 78 4
52 62 14
27 37 18
10 20 18
59 69 9
67 77 5
69 79 4
71 81 3
62 72 7
1 11 18
64 74 6
36 46 18
65 75 6
65 75 6
27 37 18
6 16 18
60 70 9
70 80 4
63 73 7
3 13 18
71 81 3
61 71 8
42 52 18
68 78 4
45 55 17
4 14 17
47 57 17
40 50 17
54 64 12
61 71 8
39 49 17
42 52 17
64 74 6
43 53 17
53 63 13
32 42 17
31 41 17
50 60 16
31 41 17
45 55 17
66 76 5
26 36 17
3 13 17
56 66 11
62 72 7
8 18 17
58 68 10
37 47 17
50 60 16
60 70 9
28 38 17
35 45 17
44 54 17
48 58 17
71 81 3
72 82 3
21 31 17
24 34 17
66 76 5
39 49 17
53 63 13
60 70 9
60 70 9
70 80 4
2 12 17
70 80 4
64 74 6
56 66 11
32 42 17
45 55 17
21 31 17
34 44 17
62 72 7
58 68 10
52 62 14
71 81 3
69 79 4
54 64 12
14 24 17
64 74 6
12 22 17
40 50 17
4 14 17
61 71 8
6 16 17
59 69 9
69 79 4
40 50 17
29 39 17
37 47 17
9 19 17
24 34 17
58 68 10
54 64 12
41 51 16
32 42 16
72 82 3
51 61 15
40 50 16
44 54 16
36 46 16
45 55 16
29 39 16
20 30 16
73 83 2
63 73 7
56 66 11
69 79 4
49 59 16
72 82 3
18 28 16
58 68 10
70 80 4
22 32 16
25 35 16
48 58 16
6 16 16
45 55 16
51 61 15
25 35 16
31 41 16
54 64 12
2 12 16
42 52 16
49 59 16
65 75 6
37 47 16
26 36 16
71 81 3
63 73 7
52 62 14
69 79 4
69 79 4
58 68 10
24 34 16
52 62 14
30 40 16
52 62 14
12 22 16
13 23 16
10 20 16
72 82 3
41 51 16
10 20 16
50 60 16
69 79 4
56 66 11
25 35 16
61 71 8
44 54 16
62 72 7
48 58 16
34 44 16
71 81 3
12 22 16
43 53 16
52 62 14
26 36 16
23 33 16
48 58 16
9 19 16
51 61 15
61 71 8
67 77 5
7 17 16
29 39 16
50 60 16
29 39 16
13 23 16
59 69 9
25 35 16
49 59 16
49 59 16
51 61 15
40 50 16
66 76 5
64 74 6
6 16 16
72 82 3
72 82 3
43 53 16
51 61 15
35 45 16
41 51 16
61 71 8
35 45 16
69 79 4
50 60 15
40 50 15
57 67 10
25 35 15
32 42 15
64 74 6
42 52 15
69 79 4
53 63 13
68 78 4
10 20 15
23 33 15
58 68 10
60 70 9
8 18 15
49 59 15
74 84 2
32 42 15
11 21 15
43 53 15
57 67 10
8 18 15
36 46 15
6 16 15
23 33 15
12 22 15
73 83 2
71 81 3
60 70 9
14 24 15
26 36 15
41 51 15
49 59 15
54 64 12
63 73 7
40 50 15
72 82 3
53 63 13
67 77 5
72 82 3
38 48 15
15 25 15
39 49 15
24 34 15
40 50 15
65 75 6
55 65 12
37 47 15
71 81 3
63 73 7
44 54 15
30 40 15
60 70 9
54 64 12
45 55 15
57 67 10
8 18 15
5 15 15
27 37 15
63 73 7
64 74 6
70 80 4
18 28 15
22 32 15
57 67 10
24 34 15
70 80 4
1 11 15
73 83 2
38 48 15
52 62 14
74 84 2
47 57 15
10 20 15
52 62 14
40 50 15
6 16 15
63 73 7
5 15 15
71 81 3
14 24 15
40 50 15
2 12 15
65 75 6
61 71 8
70 80 4
73 83 2
70 80 4
75 85 2
72 82 3
75 85 2
69 79 4
66 76 5
7 17 14
27 37 14
10 20 14
26 36 14
65 75 6
49 59 14
51 61 14
40 50 14
37 47 14
34 44 14
64 74 6
69 79 4
52 62 14
14 24 14
40 50 14
30 40 14
74 84 2
60 70 9
68 78 4
70 80 4
12 22 14
25 35 14
75 85 2
61 71 8
10 20 14
7 17 14
36 46 14
56 66 11
42 52 14
52 62 14
53 63 13
56 66 11
31 41 14
69 79 4
34 44 14
52 62 14
69 79 4
12 22 14
75 85 2
64 74 6
25 35 14
28 38 14
59 69 9
75 85 2
56 66 11
42 52 14
73 83 2
34 44 14
69 79 4
55 65 12
23 33 14
57 67 10
23 33 14
38 48 14
73 83 2
51 61 14
69 79 4
45 55 14
60 70 9
69 79 4
73 83 2
13 23 14
67 77 5
70 80 4
33 43 14
24 34 14
49 59 14
70 80 4
71 81 3
21 31 14
38 48 14
62 72 7
63 73 7
11 21 14
53 63 13
73 83 2
20 30 14
23 33 14
42 52 14
33 43 14
74 84 2
46 56 14
69 79 4
56 66 11
50 60 14
39 49 14
63 73 7
74 84 2
34 44 14
69 79 4
34 44 14
57 67 10
56 66 11
40 50 14
74 84 2
33 43 14
74 84 2
42 52 14
27 37 13
53 63 13
58 68 10
46 56 13
58 68 10
47 57 13
25 35 13
50 60 13
55 65 12
58 68 10
32 42 13
45 55 13
20 30 13
54 64 12
54 64 12
3 13 13
72 82 3
67 77 5
38 48 13
66 76 5
31 41 13
70 80 4
50 60 13
75 85 2
37 47 13
74 84 2
35 45 13
37 47 13
11 21 13
75 85 2
2 12 13
55 65 12
46 56 13
68 78 4
76 86 1
53 63 13
47 57 13
34 44 13
69 79 4
17 27 13
46 56 13
68 78 4
73 83 2
13 23 13
1 11 13
37 47 13
9 19 13
73 83 2
44 54 13
76 86 1
73 83 2
71 81 3
45 55 13
47 57 13
23 33 13
34 44 13
41 51 13
72 82 3
74 84 2
30 40 13
64 74 6
42 52 13
74 84 2
33 43 13
51 61 13
71 81 3
34 44 13
30 40 13
37 47 13
67 77 5
37 47 13
44 54 13
66 76 5
48 58 13
62 72 7
69 79 4
56 66 11
76 86 1
77 87 1
48 58 12
31 41 12
26 36 12
14 24 12
11 21 12
60 70 9
75 85 2
58 68 10
15 25 12
61 71 8
77 87 1
73 83 2
62 72 7
73 83 2
74 84 2
63 73 7
47 57 12
55 65 12
26 36 12
70 80 4
74 84 2
56 66 11
75 85 2
17 27 12
14 24 12
28 38 12
19 29 12
57 67 10
14 24 12
7 17 12
76 86 1
66 76 5
77 87 1
47 57 12
72 82 3
66 76 5
63 73 7
66 76 5
37 47 12
76 86 1
61 71 8
72 82 3
9 19 12
63 73 7
69 79 4
76 86 1
70 80 4
22 32 12
63 73 7
71 81 3
55 65 12
73 83 2
58 68 10
20 30 12
69 79 4
42 52 12
44 54 12
43 53 12
23 33 12
9 19 12
68 78 4
76 86 1
31 41 12
14 24 12
68 78 4
76 86 1
64 74 6
61 71 8
37 47 12
67 77 5
9 19 12
63 73 7
58 68 10
68 78 4
46 56 12
13 23 12
53 63 12
75 85 2
2 12 12
65 75 6
58 68 10
52 62 12
73 83 2
64 74 6
60 70 9
65 75 6
62 72 7
75 85 2
57 67 10
49 59 12
64 74 6
8 18 12
47 57 12
19 29 12
33 43 12
14 24 12
6 16 12
71 81 3
34 44 12
69 79 4
55 65 12
38 48 11
74 84 2
72 82 3
72 82 3
72 82 3
19 29 11
3 13 11
11 21 11
58 68 10
30 40 11
24 34 11
77 87 1
16 26 11
48 58 11
74 84 2
74 84 2
64 74 6
70 80 4
65 75 6
52 62 11
48 58 11
11 21 11
72 82 3
52 62 11
39 49 11
39 49 11
25 35 11
78 88 1
45 55 11
74 84 2
48 58 11
2 12 11
75 85 2
69 79 4
4 14 11
56 66 11
75 85 2
68 78 4
62 72 7
72 82 3
70 80 4
48 58 11
56 66 11
24 34 11
30 40 11
63 73 7
5 15 11
63 73 7
66 76 5
66 76 5
68 78 4
40 50 11
70 80 4
72 82 3
73 83 2
2 12 11
75 85 2
27 37 11
5 15 11
26 36 11
78 88 1
77 87 1
56 66 11
75 85 2
24 34 11
45 55 11
72 82 3
23 33 11
43 53 11
77 87 1
32 42 11
61 71 8
25 35 11
53 63 11
68 78 4
77 87 1
75 85 2
76 86 1
66 76 5
29 39 11
31 41 11
47 57 11
57 67 10
60 70 9
78 88 1
65 75 6
49 59 11
71 81 3
29 39 11
59 69 9
72 82 3
44 54 11
74 84 2
72 82 3
57 67 10
63 73 7
78 88 1
77 87 1
33 43 11
32 42 11
78 88 1
67 77 5
40 50 11
68 78 4
60 70 9
60 70 9
69 79 4
55 65 11
72 82 3
75 85 2
62 72 7
60 70 9
46 56 11
62 72 7
58 68 10
41 51 11
69 79 4
59 69 9
71 81 3
79 89 1
62 72 7
43 53 10
66 76 5
71 81 3
50 60 10
77 87 1
14 24 10
57 67 10
69 79 4
24 34 10
79 89 1
47 57 10
20 30 10
45 55 10
72 82 3
77 87 1
59 69 9
61 71 8
8 18 10
56 66 10
62 72 7
44 54 10
76 86 1
61 71 8
71 81 3
58 68 10
42 52 10
29 39 10
75 85 2
40 50 10
11 21 10
1 11 10
77 87 1
76 86 1
79 89 1
50 60 10
15 25 10
78 88 1
79 89 1
78 88 1
22 32 10
66 76 5
67 77 5
75 85 2
77 87 1
48 58 10
24 34 10
77 87 1
29 39 10
76 86 1
77 87 1
35 45 10
63 73 7
71 81 3
51 61 10
75 85 2
77 87 1
70 80 4
65 75 6
40 50 10
32 42 10
73 83 2
31 41 10
66 76 5
40 50 10
66 76 5
73 83 2
30 40 10
40 50 10
63 73 7
70 80 4
63 73 7
75 85 2
26 36 10
73 83 2
79 89 1
32 42 10
20 30 10
65 75 6
51 61 10
4 14 10
63 73 7
76 86 1
79 89 1
55 65 10
68 78 4
79 89 1
49 59 10
79 89 1
65 75 6
52 62 10
51 61 10
45 55 10
78 88 1
76 86 1
72 82 3
19 29 10
73 83 2
13 23 10
68 78 4
9 19 10
58 68 10
79 89 1
71 81 3
76 86 1
66 76 5
59 69 9
28 38 9
68 78 4
48 58 9
66 76 5
65 75 6
79 89 1
72 82 3
70 80 4
23 33 9
74 84 2
38 48 9
48 58 9
28 38 9
60 70 9
72 82 3
74 84 2
40 50 9
9 19 9
44 54 9
17 27 9
11 21 9
79 89 1
77 87 1
69 79 4
69 79 4
70 80 4
71 81 3
73 83 2
76 86 1
53 63 9
49 59 9
12 22 9
70 80 4
72 82 3
27 37 9
45 55 9
49 59 9
70 80 4
28 38 9
54 64 9
58 68 9
76 86 1
60 70 9
73 83 2
75 85 2
70 80 4
72 82 3
64 74 6
80 90 1
80 90 1
61 71 8
77 87 1
58 68 9
68 78 4
47 57 9
77 87 1
24 34 9
67 77 5
77 87 1
76 86 1
77 87 1
71 81 3
68 78 4
62 72 7
71 81 3
71 81 3
69 79 4
3 13 9
75 85 2
63 73 7
42 52 9
37 47 9
74 84 2
52 62 9
64 74 6
63 73 7
56 66 9
45 55 9
34 44 9
1 11 9
33 43 9
36 46 9
77 87 1
43 53 9
53 63 9
4 14 9
70 80 4
56 66 9
70 80 4
73 83 2
65 75 6
43 53 9
77 87 1
45 55 9
70 80 4
39 49 9
79 89 1
50 60 9
42 52 9
65 75 6
80 90 1
77 87 1
61 71 8
13 23 9
58 68 9
66 76 5
15 25 9
59 69 9
12 22 9
30 40 9
76 86 1
74 84 2
55 65 9
77 87 1
76 86 1
1 11 9
76 86 1
71 81 3
25 35 9
76 86 1
76 86 1
61 71 8
5 15 9
65 75 6
48 58 9
20 30 9
60 70 9
60 70 9
55 65 9
12 22 9
67 77 5
74 84 2
71 81 3
81 91 0
66 76 5
81 91 0
41 51 8
69 79 4
33 43 8
79 89 1
80 90 1
60 70 8
81 91 0
68 78 4
79 89 1
81 91 0
1 11 8
60 70 8
78 88 1
51 61 8
69 79 4
55 65 8
3 13 8
73 83 2
47 57 8
5 15 8
69 79 4
80 90 1
8 18 8
64 74 6
70 80 4
75 85 2
34 44 8
54 64 8
81 91 0
51 61 8
76 86 1
53 63 8
15 25 8
1 11 8
77 87 1
66 76 5
67 77 5
76 86 1
4 14 8
47 57 8
5 15 8
73 83 2
74 84 2
45 55 8
81 91 0
68 78 4
38 48 8
75 85 2
70 80 4
63 73 7
81 91 0
60 70 8
74 84 2
13 23 8
68 78 4
75 85 2
53 63 8
45 55 8
63 73 7
8 18 8
6 16 8
55 65 8
79 89 1
32 42 8
56 66 8
59 69 8
68 78 4
81 91 0
71 81 3
31 41 8
22 32 8
29 39 8
76 86 1
18 28 8
68 78 4
60 70 8
35 45 8
31 41 8
2 12 8
71 81 3
54 64 8
24 34 8
53 63 8
22 32 8
61 71 8
56 66 8
65 75 6
39 49 8
8 18 8
51 61 8
73 83 2
64 74 6
28 38 8
5 15 8
45 55 8
75 85 2
80 90 1
53 63 8
62 72 7
68 78 4
57 67 8
60 70 8
32 42 8
79 89 1
58 68 8
75 85 2
80 90 1
40 50 8
63 73 7
77 87 1
62 72 7
82 92 0
72 82 3
80 90 1
58 68 7
17 27 7
69 79 4
78 88 1
72 82 3
78 88 1
47 57 7
76 86 1
8 18 7
78 88 1
55 65 7
54 64 7
21 31 7
79 89 1
30 40 7
41 51 7
70 80 4
40 50 7
81 91 0
67 77 5
75 85 2
80 90 1
44 54 7
71 81 3
44 54 7
81 91 0
10 20 7
35 45 7
26 36 7
34 44 7
48 58 7
40 50 7
78 88 1
21 31 7
46 56 7
79 89 1
58 68 7
75 85 2
52 62 7
52 62 7
72 82 3
70 80 4
76 86 1
55 65 7
35 45 7
48 58 7
5 15 7
81 91 0
3 13 7
11 21 7
7 17 7
79 89 1
82 92 0
30 40 7
82 92 0
75 85 2
66 76 5
71 81 3
76 86 1
80 90 1
77 87 1
72 82 3
64 74 6
76 86 1
72 82 3
32 42 7
73 83 2
66 76 5
82 92 0
9 19 7
62 72 7
74 84 2
81 91 0
65 75 6
66 76 5
13 23 7
67 77 5
19 29 7
58 68 7
60 70 7
82 92 0
58 68 7
67 77 5
79 89 1
41 51 7
15 25 7
5 15 7
62 72 7
80 90 1
75 85 2
63 73 7
82 92 0
8 18 7
43 53 7
15 25 7
61 71 7
67 77 5
30 40 7
76 86 1
29 39 7
81 91 0
38 48 7
77 87 1
80 90 1
42 52 7
82 92 0
35 45 7
60 70 7
64 74 6
79 89 1
56 66 7
59 69 7
76 86 1
76 86 1
16 26 7
75 85 2
76 86 1
78 88 1
38 48 7
82 92 0
78 88 1
71 81 3
69 79 4
58 68 7
15 25 7
40 50 7
68 78 4
55 65 7
2 12 7
82 92 0
65 75 6
78 88 1
35 45 6
75 85 2
75 85 2
29 39 6
31 41 6
51 61 6
78 88 1
65 75 6
3 13 6
78 88 1
25 35 6
55 65 6
78 88 1
81 91 0
38 48 6
52 62 6
58 68 6
13 23 6
81 91 0
80 90 1
83 93 0
77 87 1
75 85 2
9 19 6
77 87 1
43 53 6
46 56 6
31 41 6
33 43 6
62 72 6
83 93 0
3 13 6
68 78 4
11 21 6
76 86 1
82 92 0
81 91 0
76 86 1
54 64 6
6 16 6
80 90 1
64 74 6
69 79 4
27 37 6
66 76 5
28 38 6
47 57 6
57 67 6
63 73 6
71 81 3
48 58 6
73 83 2
59 69 6
25 35 6
81 91 0
8 18 6
80 90 1
79 89 1
47 57 6
81 91 0
55 65 6
80 90 1
76 86 1
67 77 5
57 67 6
74 84 2
15 25 6
73 83 2
30 40 6
36 46 6
64 74 6
41 51 6
76 86 1
68 78 4
36 46 6
68 78 4
79 89 1
40 50 6
31 41 6
82 92 0
21 31 6
65 75 6
59 69 6
50 60 6
79 89 1
59 69 6
60 70 6
65 75 6
44 54 6
48 58 6
51 61 6
39 49 6
39 49 6
52 62 6
77 87 1
61 71 6
69 79 4
35 45 6
77 87 1
21 31 6
75 85 2
41 51 6
69 79 4
78 88 1
77 87 1
68 78 4
74 84 2
69 79 4
56 66 5
74 84 2
79 89 1
45 55 5
68 78 4
47 57 5
66 76 5
66 76 5
72 82 3
81 91 0
83 93 0
71 81 3
29 39 5
53 63 5
66 76 5
80 90 1
84 94 0
82 92 0
79 89 1
61 71 5
47 57 5
23 33 5
71 81 3
59 69 5
84 94 0
84 94 0
64 74 5
84 94 0
75 85 2
13 23 5
70 80 4
84 94 0
11 21 5
73 83 2
18 28 5
74 84 2
57 67 5
30 40 5
83 93 0
81 91 0
58 68 5
60 70 5
72 82 3
16 26 5
45 55 5
84 94 0
76 86 1
82 92 0
82 92 0
82 92 0
37 47 5
46 56 5
27 37 5
84 94 0
1 11 5
83 93 0
82 92 0
67 77 5
83 93 0
78 88 1
71 81 3
84 94 0
51 61 5
5 15 5
58 68 5
55 65 5
55 65 5
58 68 5
84 94 0
56 66 5
79 89 1
64 74 5
79 89 1
16 26 5
75 85 2
73 83 2
65 75 5
84 94 0
13 23 5
25 35 5
74 84 2
13 23 5
63 73 5
62 72 5
49 59 5
44 54 5
70 80 4
14 24 5
48 58 5
72 82 3
83 93 0
27 37 5
76 86 1
2 12 5
77 87 1
26 36 5
79 89 1
73 83 2
78 88 1
82 92 0
82 92 0
35 45 5
78 88 1
84 94 0
5 15 5
80 90 1
77 87 1
80 90 1
58 68 5
24 34 5
83 93 0
69 79 4
80 90 1
77 87 1
84 94 0
73 83 2
81 91 0
56 66 5
19 29 5
82 92 0
62 72 5
84 94 0
79 89 1
66 76 5
84 94 0
78 88 1
63 73 5
84 94 0
46 56 5
75 85 2
82 92 0
67 77 5
44 54 4
81 91 0
59 69 4
83 93 0
76 86 1
53 63 4
83 93 0
39 49 4
83 93 0
77 87 1
80 90 1
64 74 4
55 65 4
62 72 4
76 86 1
81 91 0
80 90 1
57 67 4
81 91 0
81 91 0
64 74 4
59 69 4
79 89 1
34 44 4
17 27 4
79 89 1
29 39 4
38 48 4
81 91 0
44 54 4
83 93 0
81 91 0
80 90 1
85 95 0
84 94 0
12 22 4
83 93 0
54 64 4
84 94 0
68 78 4
60 70 4
67 77 4
84 94 0
45 55 4
84 94 0
77 87 1
7 17 4
73 83 2
66 76 4
83 93 0
78 88 1
48 58 4
85 95 0
85 95 0
74 84 2
82 92 0
67 77 4
47 57 4
32 42 4
79 89 1
54 64 4
85 95 0
68 78 4
79 89 1
48 58 4
62 72 4
84 94 0
83 93 0
80 90 1
37 47 4
82 92 0
50 60 4
82 92 0
13 23 4
6 16 4
82 92 0
84 94 0
55 65 4
50 60 4
59 69 4
34 44 4
75 85 2
65 75 4
76 86 1
53 63 4
77 87 1
73 83 2
85 95 0
81 91 0
70 80 4
82 92 0
15 25 4
75 85 2
65 75 4
70 80 4
66 76 4
47 57 4
84 94 0
56 66 4
83 93 0
1 11 4
64 74 4
79 89 1
81 91 0
57 67 4
85 95 0
66 76 4
84 94 0
78 88 1
54 64 4
81 91 0
85 95 0
83 93 0
80 90 1
48 58 4
35 45 4
57 67 4
76 86 1
35 45 4
79 89 1
79 89 1
17 27 3
61 71 3
66 76 3
76 86 1
47 57 3
79 89 1
63 73 3
82 92 0
28 38 3
74 84 2
72 82 3
85 95 0
81 91 0
83 93 0
72 82 3
56 66 3
81 91 0
85 95 0
47 57 3
10 20 3
85 95 0
45 55 3
74 84 2
17 27 3
79 89 1
68 78 3
15 25 3
31 41 3
67 77 3
72 82 3
83 93 0
49 59 3
77 87 1
83 93 0
82 92 0
83 93 0
85 95 0
45 55 3
83 93 0
78 88 1
64 74 3
27 37 3
57 67 3
55 65 3
69 79 3
24 34 3
84 94 0
33 43 3
72 82 3
77 87 1
85 95 0
71 81 3
86 96 0
35 45 3
32 42 3
84 94 0
73 83 2
78 88 1
86 96 0
70 80 3
84 94 0
44 54 3
79 89 1
9 19 3
52 62 3
10 20 3
83 93 0
43 53 3
61 71 3
1 11 3
75 85 2
64 74 3
40 50 3
61 71 3
4 14 3
47 57 3
85 95 0
84 94 0
38 48 3
78 88 1
50 60 3
43 53 3
69 79 3
85 95 0
71 81 3
33 43 3
48 58 3
82 92 0
21 31 3
86 96 0
86 96 0
81 91 0
4 14 3
80 90 1
85 95 0
41 51 3
69 79 3
76 86 1
78 88 1
29 39 3
47 57 3
77 87 1
22 32 3
14 24 3
45 55 3
64 74 3
76 86 1
76 86 1
82 92 0
85 95 0
82 92 0
80 90 1
76 86 1
83 93 0
6 16 3
79 89 1
83 93 0
77 87 1
72 82 3
39 49 3
54 64 3
11 21 3
72 82 3
82 92 0
53 63 3
81 91 0
80 90 1
74 84 2
49 59 3
75 85 2
16 26 3
56 66 3
76 86 1
35 45 3
78 88 1
56 66 3
84 94 0
80 90 1
84 94 0
9 19 3
84 94 0
28 38 3
41 51 3
73 83 2
78 88 1
43 53 3
23 33 3
60 70 3
79 89 1
81 91 0
83 93 0
85 95 0
61 71 2
73 83 2
83 93 0
86 96 0
78 88 1
80 90 1
85 95 0
42 52 2
79 89 1
76 86 1
86 96 0
86 96 0
76 86 1
85 95 0
69 79 2
84 94 0
18 28 2
77 87 1
67 77 2
85 95 0
48 58 2
83 93 0
82 92 0
75 85 2
87 97 0
39 49 2
39 49 2
84 94 0
81 91 0
81 91 0
49 59 2
79 89 1
18 28 2
21 31 2
76 86 1
62 72 2
85 95 0
47 57 2
86 96 0
87 97 0
43 53 2
87 97 0
56 66 2
83 93 0
76 86 1
69 79 2
8 18 2
82 92 0
44 54 2
87 97 0
87 97 0
1 11 2
87 97 0
80 90 1
85 95 0
57 67 2
87 97 0
65 75 2
69 79 2
31 41 2
79 89 1
2 12 2
28 38 2
74 84 2
82 92 0
44 54 2
83 93 0
63 73 2
84 94 0
35 45 2
72 82 2
86 96 0
69 79 2
87 97 0
77 87 1
61 71 2
85 95 0
60 70 2
28 38 2
60 70 2
33 43 2
54 64 2
54 64 2
86 96 0
52 62 2
84 94 0
85 95 0
83 93 0
28 38 2
86 96 0
47 57 2
86 96 0
87 97 0
86 96 0
86 96 0
84 94 0
84 94 0
74 84 2
66 76 2
87 97 0
52 62 2
85 95 0
66 76 2
62 72 2
23 33 2
86 96 0
87 97 0
54 64 2
75 85 2
84 94 0
3 13 2
84 94 0
84 94 0
53 63 2
31 41 2
77 87 1
79 89 1
76 86 1
70 80 2
34 44 2
49 59 2
86 96 0
86 96 0
77 87 1
57 67 2
63 73 2
84 94 0
71 81 2
84 94 0
57 67 2
70 80 2
58 68 2
87 97 0
29 39 2
11 21 2
85 95 0
55 65 2
69 79 2
86 96 0
85 95 0
59 69 2
87 97 0
65 75 2
59 69 2
87 97 0
17 27 2
40 50 2
46 56 2
66 76 2
32 42 2
68 78 2
8 18 2
4 14 2
87 97 0
73 83 2
48 58 2
56 66 2
53 63 2
79 89 1
84 94 0
67 77 2
69 79 2
47 57 2
75 85 2
80 90 1
61 71 2
43 53 2
75 85 2
46 56 2
83 93 0
84 94 0
27 37 1
82 92 0
83 93 0
80 90 1
78 88 1
62 72 1
85 95 0
86 96 0
83 93 0
86 96 0
82 92 0
67 77 1
85 95 0
23 33 1
88 98 0
59 69 1
71 81 1
82 92 0
82 92 0
73 83 1
67 77 1
82 92 0
86 96 0
74 84 1
54 64 1
70 80 1
85 95 0
74 84 1
73 83 1
76 86 1
87 97 0
88 98 0
71 81 1
86 96 0
83 93 0
42 52 1
88 98 0
85 95 0
69 79 1
56 66 1
71 81 1
87 97 0
88 98 0
88 98 0
85 95 0
66 76 1
38 48 1
77 87 1
16 26 1
86 96 0
86 96 0
81 91 0
88 98 0
87 97 0
36 46 1
55 65 1
88 98 0
49 59 1
88 98 0
76 86 1
31 41 1
84 94 0
86 96 0
88 98 0
5 15 1
40 50 1
65 75 1
87 97 0
34 44 1
84 94 0
74 84 1
49 59 1
88 98 0
85 95 0
83 93 0
19 29 1
87 97 0
75 85 1
78 88 1
69 79 1
67 77 1
41 51 1
30 40 1
67 77 1
46 56 1
88 98 0
66 76 1
72 82 1
60 70 1
3 13 1
74 84 1
70 80 1
86 96 0
47 57 1
88 98 0
87 97 0
85 95 0
88 98 0
69 79 1
81 91 0
70 80 1
1 11 1
87 97 0
88 98 0
87 97 0
37 47 1
78 88 1
88 98 0
87 97 0
29 39 1
88 98 0
79 89 1
81 91 0
74 84 1
25 35 1
79 89 1
83 93 0
74 84 1
87 97 0
83 93 0
58 68 1
5 15 1
87 97 0
74 84 1
19 29 1
62 72 1
88 98 0
32 42 1
13 23 1
35 45 1
69 79 1
7 17 1
40 50 1
64 74 1
79 89 1
75 85 1
73 83 1
48 58 1
12 22 1
68 78 1
72 82 1
87 97 0
85 95 0
77 87 1
15 25 1
84 94 0
73 83 1
88 98 0
85 95 0
87 97 0
78 88 1
78 88 1
78 88 1
16 26 1
86 96 0
82 92 0
4 14 1
87 97 0
85 95 0
25 35 1
48 58 1
79 89 1
78 88 1
80 90 1
19 29 1
87 97 0
88 98 0
86 96 0
70 80 1
1 11 1
84 94 0
80 90 1
29 39 1
17 27 1
37 47 1
18 28 1
88 98 0
81 91 0
88 98 0
75 85 1
25 35 1
88 98 0
87 97 0
79 89 1
42 52 1
86 96 0
80 90 1
86 96 0
88 98 0
75 85 1
87 97 0
85 95 0
53 63 1
7 17 1
33 43 1
60 70 1
84 94 0
16 26 1
57 67 1
86 96 0
76 86 1
86 96 0
88 98 0
87 97 0
88 98 0
61 71 1
90 100 0
93 100 0
94 100 0
98 100 0
93 100 0
94 100 0
88 98 0
100 100 0
92 100 0
93 100 0
97 100 0
95 100 0
99 100 0
87 97 0
92 100 0
84 94 0
100 100 0
74 84 0
95 100 0
58 68 0
98 100 0
99 100 0
55 65 0
96 100 0
91 100 0
95 100 0
99 100 0
100 100 0
91 100 0
95 100 0
97 100 0
93 100 0
97 100 0
89 99 0
97 100 0
97 100 0
72 82 0
92 100 0
75 85 0
92 100 0
62 72 0
99 100 0
91 100 0
99 100 0
97 100 0
91 100 0
95 100 0
96 100 0
96 100 0
84 94 0
87 97 0
90 100 0
89 99 0
96 100 0
87 97 0
18 28 0
81 91 0
96 100 0
96 100 0
92 100 0
98 100 0
84 94 0
82 92 0
99 100 0
94 100 0
97 100 0
93 100 0
86 96 0
60 70 0
89 99 0
86 96 0
90 100 0
89 99 0
91 100 0
98 100 0
50 60 0
99 100 0
66 76 0
94 100 0
96 100 0
87 97 0
77 87 0
76 86 0
92 100 0
77 87 0
88 98 0
99 100 0
97 100 0
96 100 0
90 100 0
91 100 0
94 100 0
100 100 0
99 100 0
98 100 0
99 100 0
81 91 0
98 100 0
96 100 0
96 100 0
99 100 0
92 100 0
58 68 0
91 100 0
94 100 0
94 100 0
93 100 0
71 81 0
90 100 0
89 99 0
52 62 0
93 100 0
100 100 0
97 100 0
64 74 0
47 57 0
39 49 0
95 100 0
100 100 0
100 100 0
97 100 0
99 100 0
96 100 0
100 100 0
89 99 0
95 100 0
84 94 0
94 100 0
100 100 0
92 100 0
93 100 0
89 99 0
89 99 0
96 100 0
93 100 0
93 100 0
99 100 0
94 100 0
100 100 0
93 100 0
94 100 0
91 100 0
100 100 0
98 100 0
96 100 0
62 72 0
89 99 0
93 100 0
91 100 0
92 100 0
87 97 0
97 100 0
95 100 0
92 100 0
95 100 0
99 100 0
69 79 0
94 100 0
67 77 0
97 100 0
92 100 0
94 100 0
92 100 0
97 100 0
90 100 0
93 100 0
95 100 0
99 100 0
91 100 0
92 100 0
97 100 0
92 100 0
100 100 0
93 100 0
83 93 0
97 100 0
97 100 0
100 100 0
98 100 0
90 100 0
100 100 0
99 100 0
76 86 0
91 100 0
94 100 0
87 97 0
100 100 0
100 100 0
100 100 0
93 100 0
95 100 0
100 100 0
87 97 0
98 100 0
98 100 0
96 100 0
84 94 0
94 100 0
99 100 0
91 100 0
95 100 0
94 100 0
93 100 0
92 100 0
97 100 0
99 100 0
3 13 0
91 100 0
93 100 0
63 73 0
96 100 0
88 98 0
89 99 0
96 100 0
87 97 0
90 100 0
92 100 0
93 100 0
94 100 0
94 100 0
83 93 0
95 100 0
100 100 0
98 100 0
97 100 0
94 100 0
98 100 0
78 88 0
88 98 0
18 28 0
96 100 0
99 100 0
84 94 0
100 100 0
96 100 0
90 100 0
97 100 0
92 100 0
88 98 0
75 85 0
97 100 0
92 100 0
20 30 0
84 94 0
74 84 0
96 100 0
84 94 0
95 100 0
95 100 0
30 40 0
92 100 0
94 100 0
97 100 0
100 100 0
100 100 0
89 99 0
98 100 0
91 100 0
94 100 0
88 98 0
96 100 0
100 100 0
100 100 0
95 100 0
98 100 0
100 100 0
97 100 0
86 96 0
91 100 0
100 100 0
95 100 0
100 100 0
79 89 0
70 80 0
96 100 0
85 95 0
92 100 0
92 100 0
78 88 0
96 100 0
87 97 0
98 100 0
76 86 0
91 100 0
99 100 0
100 100 0
95 100 0
92 100 0
96 100 0
99 100 0
95 100 0
64 74 0
69 79 0
90 100 0
75 85 0
67 77 0
93 100 0
89 99 0
90 100 0
72 82 0
98 100 0
72 82 0
66 76 0
87 97 0
93 100 0
98 100 0
89 99 0
95 100 0
73 83 0
99 100 0
95 100 0
94 100 0
92 100 0
99 100 0
90 100 0
90 100 0
100 100 0
76 86 0
92 100 0
96 100 0
98 100 0
89 99 0
88 98 0
98 100 0
85 95 0
82 92 0
54 64 0
88 98 0
99 100 0
92 100 0
90 100 0
96 100 0
94 100 0
84 94 0
91 100 0
87 97 0
99 100 0
98 100 0
98 100 0
97 100 0
90 100 0
80 90 0
95 100 0
93 100 0
93 100 0
95 100 0
100 100 0
94 100 0
89 99 0
91 100 0
81 91 0
96 100 0
89 99 0
100 100 0
91 100 0
93 100 0
90 100 0
98 100 0
94 100 0
89 99 0
64 74 0
75 85 0
99 100 0
92 100 0
93 100 0
98 100 0
94 100 0
49 59 0
1 11 0
92 100 0
92 100 0
99 100 0
89 99 0
98 100 0
30 40 0
100 100 0
82 92 0
100 100 0
89 99 0
91 100 0
24 34 0
87 97 0
94 100 0
95 100 0
91 100 0
99 100 0
73 83 0
90 100 0
100 100 0
91 100 0
90 100 0
97 100 0
90 100 0
95 100 0
95 100 0
98 100 0
93 100 0
93 100 0
92 100 0
90 100 0
48 58 0
96 100 0
91 100 0
90 100 0
70 80 0
93 100 0
30 40 0
48 58 0
99 100 0
100 100 0
91 100 0
88 98 0
96 100 0
82 92 0
95 100 0
95 100 0
95 100 0
95 100 0
31 41 0
92 100 0
90 100 0
89 99 0
99 100 0
84 94 0
90 100 0
95 100 0
92 100 0
92 100 0
96 100 0
92 100 0
98 100 0
95 100 0
85 95 0
88 98 0
94 100 0
98 100 0
89 99 0
91 100 0
98 100 0
93 100 0
92 100 0
93 100 0
91 100 0
100 100 0
96 100 0
96 100 0
89 99 0
94 100 0
93 100 0
97 100 0
98 100 0
100 100 0
100 100 0
98 100 0
90 100 0
94 100 0
75 85 0
95 100 0
90 100 0
98 100 0
91 100 0
99 100 0
93 100 0
98 100 0
91 100 0
20 30 0
89 99 0
85 95 0
74 84 0
97 100 0
72 82 0
96 100 0
99 100 0
25 35 0
100 100 0
90 100 0
100 100 0
98 100 0
95 100 0
98 100 0
89 99 0
88 98 0
100 100 0
90 100 0
91 100 0
98 100 0
98 100 0
89 99 0
88 98 0
95 100 0
99 100 0
89 99 0
91 100 0
93 100 0
94 100 0
89 99 0
23 33 0
95 100 0
98 100 0
21 31 0
93 100 0
89 99 0
84 94 0
95 100 0
77 87 0
85 95 0
98 100 0
95 100 0
100 100 0
91 100 0
92 100 0
89 99 0
97 100 0
97 100 0
97 100 0
96 100 0
92 100 0
87 97 0
97 100 0
93 100 0
95 100 0
92 100 0
97 100 0
99 100 0
95 100 0
100 100 0
95 100 0
91 100 0
98 100 0
99 100 0
94 100 0
94 100 0
80 90 0
89 99 0
100 100 0
95 100 0
87 97 0
71 81 0
94 100 0
49 59 0
76 86 0
100 100 0
78 88 0
91 100 0
92 100 0
95 100 0
97 100 0
93 100 0
97 100 0
87 97 0
96 100 0
89 99 0
92 100 0
100 100 0
90 100 0
93 100 0
94 100 0
99 100 0
97 100 0
96 100 0
95 100 0
98 100 0
94 100 0
97 100 0
98 100 0
93 100 0
88 98 0
29 39 0
84 94 0
99 100 0
93 100 0
91 100 0
98 100 0
93 100 0
100 100 0
91 100 0
89 99 0
95 100 0
98 100 0
89 99 0
97 100 0
99 100 0
90 100 0
92 100 0
80 90 0
30 40 0
98 100 0
100 100 0
94 100 0
93 100 0
98 100 0
98 100 0
57 67 0
98 100 0
89 99 0
66 76 0
88 98 0
98 100 0
99 100 0
100 100 0
91 100 0
88 98 0
77 87 0
90 100 0
91 100 0
89 99 0
92 100 0
97 100 0
27 37 0
97 100 0
100 100 0
100 100 0
98 100 0
97 100 0
100 100 0
97 100 0
98 100 0
100 100 0
100 100 0
92 100 0
86 96 0
93 100 0
87 97 0
89 99 0
97 100 0
89 99 0
92 100 0
61 71 0
97 100 0
89 99 0
88 98 0
99 100 0
93 100 0
88 98 0
98 100 0
90 100 0
96 100 0
97 100 0
93 100 0
91 100 0
74 84 0
70 80 0
90 100 0
85 95 0
89 99 0
75 85 0
95 100 0
100 100 0
99 100 0
94 100 0
95 100 0
98 100 0
94 100 0
99 100 0
98 100 0
96 100 0
94 100 0
95 100 0
99 100 0
92 100 0
29 39 0
98 100 0
95 100 0
100 100 0
99 100 0
100 100 0
96 100 0
97 100 0
98 100 0
97 100 0
89 99 0
91 100 0
94 100 0
92 100 0
59 69 0
92 100 0
89 99 0
94 100 0
93 100 0
98 100 0
89 99 0
94 100 0
70 80 0
99 100 0
100 100 0
96 100 0
100 100 0
95 100 0
98 100 0
69 79 0
86 96 0
94 100 0
99 100 0
95 100 0
90 100 0
86 96 0
63 73 0
88 98 0
92 100 0
73 83 0
97 100 0
91 100 0
91 100 0
92 100 0
77 87 0
92 100 0
89 99 0
24 34 0
80 90 0
97 100 0
96 100 0
100 100 0
98 100 0
84 94 0
91 100 0
88 98 0
97 100 0
91 100 0
96 100 0
96 100 0
100 100 0
90 100 0
94 100 0
79 89 0
94 100 0
89 99 0
97 100 0
91 100 0
83 93 0
95 100 0
97 100 0
93 100 0
89 99 0
87 97 0
76 86 0
93 100 0
78 88 0
100 100 0
92 100 0
99 100 0
99 100 0
35 45 0
97 100 0
92 100 0
96 100 0
94 100 0
97 100 0
90 100 0
97 100 0
95 100 0
80 90 0
100 100 0
67 77 0
49 59 0
92 100 0
86 96 0
95 100 0
88 98 0
83 93 0
88 98 0
89 99 0
99 100 0
89 99 0
94 100 0
93 100 0
88 98 0
68 78 0
95 100 0
88 98 0
94 100 0
100 100 0
83 93 0
88 98 0
96 100 0
89 99 0
96 100 0
90 100 0
94 100 0
71 81 0
89 99 0
93 100 0
90 100 0
96 100 0
82 92 0
96 100 0
99 100 0
93 100 0
89 99 0
93 100 0
88 98 0
