5000 100 4.3589
1 1 98
1 1 97
1 1 96
1 1 95
10 1 95
11 1 95
8 3 94
6 4 92
1 2 94
1 2 93
6 5 90
1 4 92
6 2 93
1 4 92
10 3 93
1 2 92
1 6 88
11 1 92
1 6 88
3 1 92
1 1 92
1 2 92
2 6 88
1 1 90
1 6 88
7 7 86
3 6 88
1 6 88
14 5 89
1 5 89
1 1 89
3 8 84
1 6 88
7 11 79
2 8 84
6 3 88
14 6 88
11 8 84
10 8 84
1 5 87
1 6 87
2 4 87
2 10 81
1 5 87
6 2 87
3 9 82
10 5 86
1 9 82
1 2 86
13 12 77
21 13 75
8 3 86
1 10 81
9 9 82
1 11 79
4 9 82
10 13 75
5 7 85
5 14 73
1 9 82
11 3 85
15 14 73
1 1 85
2 5 84
11 15 72
6 2 84
4 14 73
10 7 84
3 10 81
8 9 82
12 12 77
7 7 84
9 8 84
3 8 84
10 2 83
4 14 73
16 9 82
2 6 83
15 7 83
1 11 79
10 8 83
4 14 73
1 2 82
14 16 70
9 17 68
8 1 82
17 10 81
6 1 82
9 9 82
1 8 82
26 16 70
17 12 77
11 12 77
8 9 81
1 2 81
4 5 81
1 1 81
5 7 81
4 9 81
16 14 73
22 18 67
4 9 80
1 7 80
1 6 80
12 18 67
16 8 80
9 6 80
9 12 77
19 19 65
11 2 80
7 13 75
12 2 79
1 2 79
16 7 79
1 5 79
17 13 75
6 3 79
15 6 79
8 10 79
18 8 79
12 16 70
5 3 79
9 11 78
1 1 78
21 18 67
15 18 67
3 3 78
4 4 78
22 21 62
26 20 64
30 21 62
9 15 72
5 4 78
16 8 78
7 11 78
2 2 78
27 21 62
9 6 78
12 12 77
18 11 77
14 17 68
11 2 77
25 21 62
16 6 77
4 4 77
24 22 60
22 14 73
18 14 73
3 12 77
22 13 75
10 1 77
7 15 72
10 8 76
2 12 76
11 7 76
5 9 76
1 5 76
1 4 76
13 18 67
8 4 76
1 11 76
1 4 76
25 22 60
11 7 76
18 11 76
19 16 70
1 3 76
17 16 70
1 1 75
17 8 75
17 11 75
8 15 72
20 22 60
14 6 75
14 5 75
14 6 75
9 16 70
1 4 74
12 11 74
8 5 74
28 24 57
6 16 70
12 6 74
1 3 74
1 4 74
12 8 74
25 22 60
28 25 56
25 24 57
15 9 74
14 23 59
16 11 74
22 17 68
16 10 74
31 24 57
16 13 73
2 4 73
10 17 68
9 16 70
1 3 73
20 22 60
3 5 73
6 14 73
2 10 73
3 7 73
9 11 73
11 10 73
30 26 54
13 13 72
6 16 70
21 16 70
14 13 72
4 13 72
22 26 54
19 20 64
19 15 72
1 2 72
9 2 72
15 19 65
24 22 60
1 3 72
20 13 72
21 11 72
28 22 60
21 20 64
14 10 71
21 17 68
23 28 51
22 17 68
1 1 71
20 24 57
9 13 71
22 17 68
23 21 62
13 17 68
11 16 70
1 6 70
11 3 70
12 18 67
30 29 50
6 14 70
16 7 70
27 21 62
13 4 70
1 1 70
27 20 64
13 20 64
36 26 54
7 4 70
1 9 70
30 20 64
10 15 70
6 8 70
23 13 70
21 27 53
5 2 70
23 16 70
1 4 69
15 25 56
15 22 60
26 22 60
13 22 60
5 4 69
16 11 69
31 22 60
1 2 69
6 7 69
11 7 69
27 30 49
20 25 56
15 18 67
27 23 59
28 21 62
10 16 68
27 18 67
28 28 51
14 15 68
4 13 68
29 19 65
24 30 49
11 14 68
16 15 68
30 27 53
20 17 68
26 28 51
26 27 53
30 21 62
15 11 68
23 21 62
24 21 62
19 29 50
22 12 67
7 1 67
7 1 67
6 15 67
5 10 67
1 6 67
36 31 47
14 6 67
27 21 62
9 8 67
8 8 67
4 6 67
33 30 49
5 5 67
19 11 67
27 20 64
11 11 66
16 7 66
34 25 56
29 30 49
19 22 60
10 19 65
4 8 66
7 2 66
33 28 51
1 4 66
1 4 66
15 25 56
32 32 46
12 16 66
22 15 66
3 12 66
27 27 53
1 1 66
2 11 66
29 29 50
21 13 66
21 25 56
42 33 44
32 29 50
12 5 65
25 24 57
29 30 49
13 8 65
36 26 54
37 27 53
26 19 65
33 26 54
22 30 49
6 9 65
22 18 65
17 18 65
18 23 59
18 16 65
1 1 65
7 7 65
11 7 65
9 9 65
1 11 65
26 22 60
36 30 49
1 7 64
20 10 64
11 1 64
18 25 56
3 4 64
7 11 64
15 23 59
33 29 50
30 23 59
4 1 64
41 31 47
22 12 64
19 13 64
3 7 64
14 8 64
11 17 64
16 15 64
16 16 64
11 12 64
33 31 47
8 14 64
22 23 59
11 12 64
24 17 63
45 35 42
7 16 63
18 28 51
8 17 63
30 36 40
3 2 63
1 2 63
6 14 63
19 11 63
33 28 51
32 28 51
13 9 63
4 13 63
31 35 42
23 17 63
12 2 63
1 8 63
17 25 56
27 24 57
35 31 47
34 28 51
19 25 56
8 12 62
15 19 62
23 33 44
11 5 62
30 21 62
18 21 62
33 25 56
8 18 62
41 31 47
15 10 62
16 13 62
31 31 47
38 35 42
18 20 62
26 32 46
28 35 42
27 21 62
15 12 62
7 9 62
21 14 62
32 34 43
14 5 62
22 31 47
8 12 62
10 18 62
21 24 57
34 35 42
1 3 61
15 12 61
30 20 61
38 35 42
36 31 47
42 38 38
33 27 53
8 1 61
37 38 38
18 9 61
25 33 44
45 35 42
32 23 59
30 29 50
30 27 53
22 15 61
36 27 53
1 2 61
35 28 51
17 9 61
18 25 56
34 30 49
30 20 61
33 32 46
31 23 59
28 38 38
34 28 51
22 22 60
19 22 60
17 19 60
29 30 49
13 15 60
36 26 54
12 17 60
3 12 60
30 36 40
14 22 60
23 32 46
35 26 54
29 37 39
4 5 60
26 36 40
6 16 60
29 36 40
2 1 60
33 32 46
11 15 60
21 31 47
32 32 46
25 30 49
20 25 56
2 4 59
28 37 39
9 11 59
33 35 42
37 27 53
37 32 46
40 30 49
34 32 46
6 10 59
5 6 59
21 25 56
3 7 59
14 15 59
34 37 39
19 13 59
29 22 59
10 6 59
23 32 46
31 27 53
18 13 59
9 9 59
46 37 39
1 7 59
27 29 50
24 17 58
12 18 58
1 3 58
18 9 58
33 26 54
28 32 46
26 24 57
34 31 47
36 38 38
19 9 58
35 26 54
22 23 58
1 4 58
5 13 58
22 28 51
29 38 38
33 40 36
36 34 43
29 39 37
43 35 42
31 21 58
6 12 58
41 39 37
15 24 57
29 35 42
1 3 58
21 17 58
7 5 58
32 35 42
30 27 53
32 33 44
30 40 36
21 19 57
17 18 57
31 32 46
31 23 57
14 5 57
8 5 57
15 23 57
15 14 57
16 23 57
24 33 44
25 27 53
13 10 57
20 16 57
21 30 49
13 9 57
32 23 57
45 35 42
19 22 57
35 35 42
29 25 56
8 5 57
26 24 57
48 39 37
27 36 40
1 3 57
9 3 57
37 29 50
1 2 57
34 35 42
34 34 43
1 2 57
19 14 57
28 34 43
41 39 37
1 1 57
26 34 43
19 12 57
22 18 57
33 26 54
35 31 47
20 20 56
12 4 56
44 43 32
34 42 33
46 36 40
45 38 38
33 31 47
16 26 54
15 21 56
28 33 44
15 11 56
6 12 56
6 14 56
34 25 56
7 11 56
13 14 56
23 13 56
7 8 56
18 22 56
3 7 55
21 27 53
43 43 32
48 39 37
4 10 55
39 31 47
1 3 55
24 27 53
12 19 55
23 33 44
1 1 55
35 39 37
14 22 55
22 17 55
1 10 55
33 33 44
16 25 55
21 31 47
9 17 55
29 34 43
19 15 55
8 11 55
13 19 55
22 13 55
33 43 32
25 17 55
29 29 50
11 11 55
29 34 43
12 9 54
18 19 54
31 37 39
37 37 39
27 23 54
42 36 40
50 44 31
13 18 54
40 30 49
21 12 54
30 27 53
31 25 54
44 39 37
21 13 54
32 25 54
34 40 36
15 10 54
50 44 31
19 28 51
29 28 51
24 26 54
29 36 40
11 8 53
30 32 46
27 28 51
40 33 44
1 2 53
1 7 53
36 44 31
50 40 36
34 25 53
37 38 38
21 16 53
18 14 53
12 5 53
11 5 53
40 46 29
18 14 53
1 2 53
6 10 53
39 37 39
38 43 32
19 26 53
45 45 30
42 32 46
38 41 34
34 43 32
32 27 53
37 31 47
52 42 33
36 35 42
39 43 32
9 3 52
41 35 42
35 44 31
40 33 44
46 37 39
13 4 52
7 13 52
21 24 52
7 9 52
3 5 52
15 12 52
17 12 52
49 43 32
2 5 52
24 26 52
44 46 29
54 46 29
16 9 52
26 30 49
44 38 38
10 5 52
34 42 33
19 26 52
27 34 43
34 27 52
24 34 43
45 41 34
4 9 51
8 17 51
33 23 51
45 46 29
38 36 40
16 16 51
31 22 51
44 48 27
21 13 51
49 46 29
1 4 51
20 17 51
23 31 47
12 10 51
13 10 51
18 9 51
17 22 51
31 38 38
44 40 36
32 30 49
36 28 51
43 38 38
31 30 49
20 15 51
46 40 36
22 20 51
1 2 51
44 40 36
10 10 51
30 30 49
38 39 37
28 32 46
46 43 32
51 46 29
27 30 49
1 5 50
4 5 50
16 9 50
46 38 38
51 47 28
44 43 32
29 21 50
12 15 50
34 34 43
10 8 50
3 10 50
37 44 31
12 4 50
14 14 50
3 2 50
41 32 46
30 36 40
20 16 50
9 16 50
20 22 50
9 2 50
48 48 27
36 26 50
52 43 32
37 31 47
39 48 27
19 27 50
49 40 36
16 22 50
47 40 36
26 24 50
39 49 26
19 24 50
10 5 50
33 34 43
34 38 38
37 41 34
17 7 50
28 36 40
57 49 26
10 13 49
47 47 28
10 10 49
15 13 49
6 13 49
21 14 49
24 21 49
12 11 49
36 44 31
35 30 49
10 15 49
6 13 49
25 19 49
49 46 29
43 39 37
39 42 33
31 25 49
17 26 49
7 14 49
26 33 44
25 22 49
13 4 49
58 48 27
1 3 49
14 8 49
29 24 49
56 50 25
22 29 49
34 36 40
23 13 49
9 4 49
53 49 26
34 33 44
17 27 49
9 5 48
27 36 40
23 13 48
29 25 48
1 2 48
26 16 48
26 32 46
44 40 36
16 21 48
42 40 36
45 50 25
22 29 48
39 33 44
17 14 48
29 29 48
20 20 48
43 48 27
23 16 48
17 9 48
48 38 38
19 25 48
41 50 25
8 8 48
39 43 32
18 25 48
8 17 48
43 47 28
36 34 43
39 35 42
49 42 33
56 49 26
48 39 37
12 10 47
20 14 47
26 24 47
61 52 23
37 27 47
12 2 47
47 48 27
4 14 47
30 28 47
42 43 32
48 51 24
32 24 47
11 11 47
39 44 31
47 40 36
44 52 23
15 18 47
32 36 40
37 31 47
58 48 27
43 47 28
33 41 34
15 14 47
1 6 47
31 34 43
6 9 47
12 12 47
37 37 39
57 49 26
21 20 47
26 35 42
40 43 32
53 51 24
46 44 31
48 39 37
35 39 37
10 13 47
34 25 47
11 8 47
16 10 47
14 9 47
19 19 46
47 40 36
51 51 24
12 14 46
20 14 46
10 10 46
55 45 30
15 24 46
40 42 33
26 36 40
56 53 22
40 46 29
45 42 33
36 41 34
7 3 46
57 48 27
23 19 46
24 27 46
55 51 24
1 9 46
44 46 29
42 46 29
1 10 46
28 34 43
46 43 32
34 26 46
1 2 46
31 33 44
46 43 32
30 29 46
27 20 46
32 41 34
22 18 46
24 19 46
54 49 26
39 41 34
19 12 46
2 9 46
42 40 36
1 6 46
32 42 33
29 19 45
59 54 21
22 20 45
44 42 33
41 49 26
53 52 23
46 41 34
39 32 45
36 31 45
33 25 45
29 29 45
41 37 39
35 45 30
40 35 42
44 35 42
44 48 27
55 52 23
32 27 45
41 32 45
28 19 45
49 44 31
16 11 45
32 33 44
44 46 29
33 31 45
36 43 32
30 21 45
44 39 37
9 10 45
36 45 30
53 54 21
44 39 37
11 3 45
51 41 34
31 37 39
8 12 45
39 35 42
48 45 30
51 50 25
9 11 44
21 13 44
8 3 44
34 24 44
31 31 44
32 38 38
12 13 44
52 42 33
27 24 44
52 43 32
5 3 44
57 55 20
1 2 44
30 27 44
38 41 34
28 21 44
42 50 25
32 35 42
63 53 22
42 37 39
42 47 28
46 39 37
63 54 21
44 51 24
28 34 43
35 41 34
33 37 39
26 35 42
40 30 44
22 13 44
51 52 23
24 26 44
13 16 44
39 48 27
22 21 44
5 15 44
57 52 23
57 51 24
52 43 32
30 22 43
53 54 21
44 53 22
41 32 43
1 5 43
46 47 28
25 22 43
7 2 43
17 16 43
42 45 30
1 4 43
38 34 43
33 39 37
14 10 43
37 46 29
46 53 22
57 51 24
32 39 37
47 37 39
6 3 43
56 56 19
21 31 43
39 46 29
10 7 43
1 9 43
4 9 43
20 18 43
12 8 43
39 45 30
23 13 43
62 54 21
32 38 38
26 18 42
41 49 26
35 32 42
39 31 42
1 2 42
60 56 19
36 39 37
35 30 42
13 19 42
54 44 31
50 41 34
28 26 42
8 3 42
49 42 33
1 4 42
6 10 42
50 52 23
18 26 42
24 23 42
40 39 37
7 5 42
65 57 18
41 39 37
2 8 42
63 55 20
1 4 42
1 4 42
37 37 39
44 38 38
49 46 29
52 49 26
56 51 24
11 14 42
29 38 38
17 11 42
34 40 36
59 52 23
3 3 42
23 30 42
46 39 37
29 33 42
44 34 42
39 41 34
23 17 42
6 13 42
29 37 39
14 13 41
7 16 41
49 58 17
27 32 41
53 52 23
16 14 41
57 56 19
54 48 27
29 37 39
22 23 41
33 24 41
43 52 23
25 26 41
49 39 37
20 17 41
47 39 37
39 46 29
48 40 36
21 20 41
22 26 41
38 43 32
1 5 41
1 7 41
55 57 18
35 35 41
1 1 41
59 54 21
23 20 41
53 46 29
63 56 19
18 13 41
33 26 41
64 57 18
46 43 32
53 49 26
43 51 24
55 47 28
32 32 41
10 17 41
19 22 41
46 44 31
58 56 19
55 47 28
20 28 40
17 15 40
50 57 18
44 40 36
38 31 40
52 49 26
24 28 40
40 49 26
36 35 40
13 11 40
10 11 40
52 46 29
20 15 40
8 3 40
41 49 26
69 59 16
14 11 40
24 18 40
65 56 19
1 2 40
7 17 40
50 49 26
47 56 19
43 50 25
51 45 30
35 42 33
46 52 23
10 1 40
56 58 17
46 42 33
25 24 40
47 56 19
1 3 40
16 24 40
37 46 29
7 16 40
45 44 31
11 7 40
46 40 36
49 54 21
49 58 17
28 24 40
60 56 19
53 53 22
18 25 40
11 19 40
42 45 30
64 56 19
46 52 23
1 1 40
52 58 17
47 49 26
23 26 40
51 58 17
47 56 19
12 14 40
13 22 40
53 50 25
59 56 19
29 23 40
42 36 39
31 25 39
21 13 39
32 28 39
4 11 39
33 30 39
30 23 39
38 40 36
1 4 39
24 28 39
61 60 16
48 56 19
60 55 20
52 49 26
35 34 39
31 31 39
56 51 24
10 8 39
15 13 39
48 56 19
48 52 23
8 2 39
63 58 17
34 31 39
48 55 20
45 36 39
1 3 39
29 23 39
58 60 16
46 48 27
37 33 39
31 41 34
39 37 39
53 51 24
12 12 39
43 40 36
17 24 39
24 29 39
31 22 39
66 60 16
53 53 22
58 52 23
46 47 28
46 55 20
41 38 38
16 22 39
34 42 33
54 51 24
48 41 34
43 34 39
6 9 39
29 21 39
52 55 20
3 11 39
30 36 39
20 14 39
22 16 39
4 12 38
31 24 38
44 51 24
65 57 18
32 37 38
9 19 38
3 8 38
55 51 24
27 27 38
40 48 27
50 43 32
23 32 38
39 38 38
48 48 27
17 21 38
44 49 26
59 50 25
1 6 38
16 26 38
50 47 28
40 44 31
39 38 38
52 52 23
26 19 38
38 28 38
31 21 38
50 53 22
52 58 17
4 10 38
7 14 38
52 44 31
68 59 16
53 53 22
57 50 25
25 31 38
26 34 38
13 18 38
28 35 38
39 30 38
20 29 38
5 12 38
58 55 20
57 53 22
49 39 37
52 55 20
48 58 17
1 6 38
52 56 19
13 10 38
39 36 38
27 29 38
48 48 27
56 48 27
41 45 30
50 60 16
43 34 37
61 52 23
51 57 18
34 25 37
21 22 37
54 49 26
51 49 26
61 57 18
36 35 37
12 11 37
61 62 14
38 47 28
32 27 37
24 20 37
12 15 37
59 52 23
71 61 15
24 17 37
57 51 24
4 2 37
28 19 37
62 53 22
49 42 33
14 10 37
9 8 37
15 20 37
31 27 37
54 46 29
38 48 27
7 6 37
47 48 27
57 51 24
48 42 33
32 34 37
52 56 19
50 41 34
48 45 30
10 1 37
37 44 31
54 48 27
51 59 16
4 1 37
49 57 18
6 16 36
12 2 36
39 36 36
24 17 36
71 62 14
47 43 32
58 61 15
59 60 16
1 11 36
13 11 36
56 55 20
37 36 36
56 60 16
62 55 20
37 42 33
51 56 19
59 57 18
52 57 18
22 29 36
41 51 24
55 63 13
3 5 36
15 24 36
43 52 23
30 23 36
50 58 17
27 17 36
38 45 30
44 49 26
53 55 20
43 40 36
56 51 24
14 22 36
4 5 36
57 47 28
6 14 36
48 56 19
57 60 16
59 62 14
8 5 36
23 29 36
25 29 36
39 31 36
64 54 21
71 61 15
64 55 20
8 3 36
15 14 36
46 50 25
49 48 27
50 43 32
53 63 13
60 51 24
18 27 36
33 25 36
52 62 14
62 62 14
22 12 35
55 56 19
9 18 35
12 3 35
28 22 35
6 7 35
9 3 35
67 62 14
55 62 14
8 5 35
36 41 34
27 32 35
27 22 35
39 42 33
39 46 29
38 42 33
13 17 35
39 42 33
33 31 35
5 15 35
52 45 30
22 24 35
44 44 31
36 42 33
1 2 35
26 26 35
59 51 24
46 41 34
27 23 35
61 52 23
40 37 35
25 23 35
48 55 20
21 11 35
64 62 14
40 39 35
38 36 35
42 36 35
8 11 35
68 58 17
42 48 27
63 64 12
34 24 35
1 8 35
46 54 21
43 42 33
54 63 13
50 45 30
34 31 35
55 48 27
24 28 35
7 6 34
3 11 34
66 65 12
72 64 12
55 57 18
53 50 25
35 38 34
21 20 34
51 51 24
52 44 31
64 55 20
35 34 34
1 3 34
26 31 34
11 4 34
27 18 34
50 60 16
54 63 13
14 8 34
68 63 13
48 51 24
23 20 34
50 57 18
13 9 34
34 28 34
30 28 34
24 22 34
1 8 34
16 24 34
58 54 21
67 59 16
16 14 34
49 58 17
51 47 28
44 46 29
53 44 31
62 54 21
16 6 34
56 63 13
58 64 12
49 58 17
23 24 34
64 60 16
62 54 21
25 21 34
36 34 34
22 21 34
20 30 34
49 43 32
59 63 13
17 16 34
27 28 33
53 49 26
20 18 33
47 49 26
62 66 11
76 66 11
43 49 26
22 31 33
6 3 33
73 64 12
40 32 33
63 63 13
45 43 32
50 51 24
64 63 13
41 34 33
8 12 33
65 59 16
23 24 33
12 18 33
1 4 33
42 48 27
65 66 11
48 46 29
50 56 19
54 48 27
29 25 33
1 6 33
69 59 16
31 36 33
53 59 16
15 19 33
58 58 17
14 5 33
46 42 33
55 49 26
24 25 33
28 18 33
43 44 31
15 11 33
30 20 33
66 66 11
55 64 12
60 63 13
7 13 33
58 57 18
65 57 18
74 65 12
54 50 25
3 5 33
63 62 14
27 24 32
56 60 16
38 40 32
61 64 12
51 53 22
55 59 16
26 24 32
21 20 32
49 43 32
36 27 32
57 59 16
67 60 16
29 36 32
35 36 32
52 52 23
63 61 15
9 6 32
68 60 16
30 21 32
65 67 10
59 60 16
21 26 32
8 8 32
8 3 32
27 37 32
57 61 15
61 56 19
59 67 10
53 62 14
68 66 11
1 6 32
20 19 32
19 18 32
53 54 21
23 30 32
9 16 32
36 39 32
67 58 17
40 49 26
9 18 32
53 45 30
71 62 14
18 19 32
36 40 32
64 67 10
59 53 22
43 51 24
55 52 23
13 17 32
58 48 27
39 47 28
49 50 25
38 29 32
14 7 32
50 59 16
1 2 31
25 22 31
17 24 31
57 57 18
52 59 16
2 1 31
70 65 12
48 49 26
38 48 27
9 3 31
1 3 31
61 62 14
15 10 31
44 52 23
24 20 31
12 4 31
5 15 31
67 58 17
59 51 24
10 12 31
69 67 10
54 51 24
54 64 12
7 9 31
62 65 12
60 64 12
28 36 31
41 50 25
55 65 12
45 42 31
64 55 20
65 68 10
58 64 12
31 25 31
26 19 31
48 49 26
49 49 26
23 24 31
67 65 12
22 32 31
60 60 16
10 13 31
43 42 31
35 26 31
43 52 23
55 59 16
54 44 31
19 13 31
62 62 14
18 17 31
38 43 31
50 60 16
39 32 31
68 64 12
53 63 13
1 7 31
26 17 31
12 15 31
62 61 15
44 39 31
58 59 16
2 11 30
40 30 30
59 67 10
45 54 21
18 8 30
58 50 25
76 66 11
63 60 16
27 25 30
51 57 18
67 64 12
53 63 13
3 8 30
23 17 30
53 63 13
41 33 30
7 2 30
64 63 13
14 24 30
56 55 20
28 22 30
61 62 14
59 62 14
14 11 30
34 41 30
58 60 16
43 33 30
74 67 10
65 58 17
24 27 30
27 28 30
16 10 30
21 16 30
51 56 19
52 58 17
30 28 30
51 44 30
56 54 21
22 27 30
17 22 30
6 8 30
50 60 16
44 49 26
71 62 14
41 33 30
56 52 23
60 65 12
14 6 30
48 40 30
52 57 18
59 56 19
65 57 18
45 55 20
59 52 23
23 18 29
60 52 23
57 58 17
72 62 14
56 49 26
42 44 29
17 7 29
41 43 29
66 57 18
29 23 29
71 67 10
48 45 29
47 57 18
2 6 29
35 26 29
65 70 9
52 55 20
64 54 21
49 52 23
61 54 21
50 45 29
17 17 29
37 40 29
54 54 21
12 13 29
70 68 10
11 15 29
64 55 20
36 27 29
55 45 29
62 64 12
44 44 29
1 6 29
56 65 12
30 35 29
68 68 10
25 32 29
19 22 29
10 19 29
55 55 20
60 61 15
29 21 29
61 60 16
52 54 21
69 60 16
63 58 17
66 69 9
59 60 16
76 66 11
57 59 16
48 49 26
58 64 12
20 13 29
27 24 29
48 51 24
26 27 29
65 62 14
40 31 29
45 54 21
26 25 29
78 69 9
41 50 25
22 25 29
62 62 14
71 67 10
40 48 27
27 33 28
44 50 25
26 36 28
36 37 28
37 32 28
34 37 28
46 39 28
39 31 28
60 50 25
58 48 27
51 48 27
59 51 24
2 8 28
22 25 28
47 42 28
13 18 28
60 59 16
44 41 28
62 65 12
63 57 18
15 14 28
27 32 28
72 69 9
9 9 28
79 70 9
55 61 15
58 53 22
21 27 28
44 38 28
42 37 28
28 33 28
37 42 28
44 38 28
49 48 27
37 30 28
4 1 28
44 41 28
70 66 11
57 48 27
43 49 26
73 63 13
31 32 28
57 62 14
59 68 10
57 63 13
73 71 8
31 29 28
68 58 17
54 53 22
48 51 24
61 62 14
56 52 23
60 61 15
1 6 28
16 19 28
68 66 11
41 40 27
19 22 27
12 14 27
47 41 27
21 24 27
31 24 27
46 50 25
73 68 10
28 22 27
29 33 27
24 17 27
26 27 27
74 67 10
33 28 27
15 15 27
71 63 13
35 29 27
72 66 11
34 40 27
43 45 27
74 69 9
27 36 27
76 69 9
55 59 16
64 56 19
56 49 26
61 54 21
21 27 27
38 30 27
66 70 9
14 24 27
57 47 27
43 35 27
60 69 9
8 1 27
2 10 27
15 18 27
35 39 27
46 46 27
76 71 8
53 52 23
11 17 27
68 64 12
2 5 27
53 56 19
58 48 27
19 17 27
52 54 21
78 69 9
73 67 10
62 69 9
28 32 27
48 44 27
56 60 16
22 30 27
39 48 27
55 63 13
74 72 7
68 59 16
43 49 26
63 62 14
72 65 12
51 51 24
44 36 26
63 63 13
61 52 23
50 50 25
64 62 14
49 52 23
70 67 10
9 16 26
69 66 11
49 55 20
46 51 24
48 52 23
28 36 26
71 71 8
52 62 14
12 9 26
71 63 13
15 5 26
65 61 15
34 37 26
25 34 26
52 43 26
70 71 8
9 9 26
68 61 15
47 52 23
44 36 26
52 45 26
44 47 26
8 11 26
52 46 26
57 57 18
40 48 26
6 12 26
56 63 13
44 46 26
61 66 11
49 45 26
9 12 26
69 69 9
8 8 26
63 60 16
49 49 26
72 69 9
65 56 19
44 36 26
62 69 9
37 27 26
34 28 26
64 60 16
1 4 26
47 43 26
15 7 26
66 71 8
17 11 26
36 31 26
73 67 10
33 26 26
70 67 10
68 72 7
38 44 25
50 52 23
46 37 25
64 72 7
20 19 25
63 66 11
71 64 12
64 74 6
81 73 7
17 10 25
52 62 14
53 62 14
66 56 19
46 40 25
66 59 16
37 27 25
60 63 13
66 73 7
59 68 10
75 67 10
63 69 9
54 57 18
10 18 25
28 36 25
66 71 8
62 64 12
56 66 11
78 74 6
78 74 6
10 14 25
65 72 7
38 45 25
58 58 17
70 72 7
19 10 25
46 56 19
70 60 16
45 54 21
25 18 25
65 62 14
69 63 13
32 40 25
67 68 10
61 67 10
6 11 25
35 35 25
64 57 18
64 72 7
58 59 16
1 2 25
37 29 25
51 59 16
39 49 25
57 51 24
54 56 19
6 5 25
81 72 7
75 71 8
15 7 25
55 54 21
72 74 6
43 40 25
14 22 25
72 65 12
41 51 24
14 5 25
21 16 25
62 60 16
62 72 7
59 63 13
29 28 25
78 68 10
66 69 9
16 21 24
38 40 24
70 68 10
41 32 24
52 46 24
1 9 24
49 52 23
67 59 16
10 17 24
13 16 24
1 4 24
54 61 15
59 67 10
59 64 12
49 44 24
58 61 15
4 9 24
62 66 11
61 63 13
80 74 6
6 8 24
30 40 24
1 10 24
18 16 24
10 9 24
22 13 24
7 15 24
53 60 16
72 74 6
71 69 9
32 28 24
61 63 13
21 31 24
54 61 15
36 29 24
49 45 24
64 71 8
61 55 20
25 21 24
35 26 24
49 57 18
61 70 9
70 72 7
80 70 9
52 42 24
50 40 24
59 58 17
49 42 24
47 49 24
67 74 6
55 54 21
43 53 22
48 40 24
55 57 18
48 57 18
61 58 17
55 56 19
1 3 24
30 37 24
25 32 24
13 12 24
3 3 24
29 21 24
74 65 12
67 59 16
41 37 24
83 74 6
34 44 24
35 36 24
5 13 24
50 45 24
73 73 7
65 63 13
67 61 15
13 5 24
64 62 14
66 61 15
65 73 7
68 63 13
42 37 23
23 16 23
54 62 14
46 45 23
71 71 8
51 47 23
14 24 23
56 54 21
64 63 13
50 51 23
73 64 12
22 22 23
38 40 23
63 73 7
64 63 13
65 68 10
71 69 9
84 74 6
43 44 23
45 36 23
67 57 18
69 75 6
65 55 20
45 39 23
66 71 8
69 60 16
29 37 23
57 64 12
4 4 23
42 35 23
60 67 10
66 68 10
76 72 7
64 55 20
31 28 23
58 57 18
5 5 23
75 70 9
32 39 23
16 15 23
26 24 23
61 61 15
45 50 23
67 64 12
19 27 23
26 23 23
57 58 17
56 60 16
38 45 23
78 72 7
51 52 23
13 11 23
52 51 23
28 37 23
48 42 23
32 32 23
77 76 5
66 67 10
66 71 8
39 33 22
36 34 22
70 61 15
69 68 10
79 73 7
44 52 22
12 2 22
35 45 22
8 4 22
36 44 22
52 58 17
32 28 22
70 70 9
48 50 22
86 77 5
12 9 22
49 54 21
36 28 22
58 56 19
71 61 15
65 61 15
65 70 9
54 62 14
5 1 22
76 74 6
71 61 15
73 71 8
49 59 16
6 9 22
33 31 22
83 77 5
42 50 22
82 77 5
65 68 10
68 60 16
16 10 22
18 15 22
23 27 22
48 38 22
83 76 5
14 4 22
68 75 6
46 53 22
51 57 18
63 72 7
41 43 22
19 14 22
56 57 18
16 18 22
59 62 14
68 65 12
32 25 22
64 70 9
75 65 12
83 74 6
66 59 16
69 69 9
59 52 22
58 64 12
1 1 22
73 77 5
72 74 6
52 58 17
67 66 11
78 77 5
30 27 22
34 42 22
35 38 22
49 42 22
14 20 22
30 37 22
50 47 22
46 44 21
36 35 21
73 67 10
69 78 4
75 78 4
51 51 21
73 69 9
32 35 21
18 13 21
58 64 12
44 44 21
35 34 21
36 33 21
65 61 15
52 48 21
69 73 7
53 51 21
17 16 21
73 66 11
81 73 7
48 55 20
80 75 6
36 41 21
62 60 16
69 62 14
49 54 21
24 34 21
1 1 21
64 62 14
63 64 12
77 72 7
50 54 21
67 64 12
70 68 10
55 59 16
32 32 21
67 75 6
39 41 21
70 68 10
11 17 21
45 46 21
36 37 21
57 61 15
44 40 21
59 62 14
59 49 21
34 38 21
19 21 21
64 57 18
42 43 21
13 8 21
60 52 21
71 73 7
30 39 21
42 35 21
51 55 20
23 21 21
86 76 5
72 66 11
1 3 21
68 70 9
33 40 21
43 44 21
47 50 21
71 63 13
75 65 12
47 54 21
30 40 21
31 21 21
15 15 21
58 48 21
13 12 21
72 63 13
12 2 21
63 67 10
58 53 21
29 27 21
62 58 17
61 51 20
47 49 20
62 72 7
2 12 20
20 10 20
23 19 20
34 37 20
37 42 20
60 55 20
50 55 20
63 69 9
75 79 4
23 28 20
78 70 9
30 39 20
28 23 20
87 78 4
3 7 20
57 47 20
56 53 20
15 20 20
86 79 4
13 12 20
46 49 20
2 10 20
78 71 8
19 13 20
71 76 5
66 72 7
8 1 20
46 41 20
54 63 13
56 58 17
41 36 20
55 58 17
20 26 20
75 72 7
74 72 7
45 46 20
65 59 16
1 3 20
38 45 20
10 2 20
24 16 20
1 3 20
76 67 10
59 54 20
53 60 16
43 50 20
73 73 7
55 54 20
9 15 20
41 35 20
53 45 20
25 35 20
46 53 20
80 74 6
78 78 4
56 57 18
63 69 9
55 64 12
58 49 20
45 54 20
76 72 7
56 63 13
55 60 16
20 23 20
51 41 20
81 72 7
63 62 14
29 29 19
72 62 14
68 69 9
15 9 19
47 47 19
17 20 19
34 32 19
44 47 19
65 55 19
29 26 19
10 7 19
74 78 4
16 26 19
40 43 19
67 61 15
75 68 10
49 46 19
1 2 19
88 78 4
22 32 19
1 8 19
73 70 9
65 60 16
59 49 19
83 80 4
65 56 19
80 71 8
13 23 19
85 78 4
53 48 19
62 65 12
34 28 19
46 41 19
77 79 4
42 46 19
29 33 19
77 75 6
60 51 19
14 11 19
50 59 16
71 72 7
44 40 19
70 62 14
42 49 19
26 36 19
57 64 12
67 69 9
30 34 19
72 67 10
53 62 14
65 61 15
9 8 19
51 49 19
75 68 10
81 78 4
61 61 15
58 65 12
59 68 10
53 54 19
72 77 5
82 74 6
57 55 19
70 76 5
1 8 18
63 66 11
33 33 18
15 6 18
50 47 18
35 29 18
75 80 4
56 48 18
1 2 18
73 72 7
70 65 12
25 35 18
56 55 18
54 46 18
63 68 10
65 63 13
74 79 4
75 66 11
71 78 4
37 28 18
45 38 18
55 59 16
55 63 13
47 42 18
1 2 18
66 64 12
56 52 18
79 76 5
70 68 10
77 71 8
67 63 13
67 76 5
40 34 18
42 42 18
72 66 11
82 73 7
67 76 5
84 74 6
30 31 18
70 75 6
77 78 4
63 58 17
52 50 18
24 21 18
76 70 9
70 71 8
41 48 18
79 75 6
9 11 18
46 36 18
64 63 13
53 47 18
75 78 4
66 73 7
43 52 18
61 64 12
58 58 17
59 60 16
22 29 18
70 79 4
64 56 18
77 81 3
30 35 18
84 78 4
9 1 18
20 28 18
73 77 5
29 28 18
79 74 6
68 69 9
1 10 18
81 77 5
73 67 10
66 66 11
64 72 7
66 74 6
54 62 14
67 66 11
59 51 18
79 78 4
59 67 10
63 64 12
52 60 16
74 67 10
64 54 18
66 74 6
84 80 4
65 65 12
62 71 8
74 82 3
36 35 17
81 72 7
13 22 17
1 2 17
1 6 17
16 20 17
56 64 12
48 55 17
75 82 3
62 70 9
57 57 17
37 44 17
16 26 17
68 68 10
30 38 17
76 79 4
75 75 6
21 17 17
50 49 17
44 42 17
47 53 17
39 46 17
71 74 6
78 74 6
39 44 17
65 75 6
76 68 10
35 35 17
50 51 17
62 54 17
64 59 16
77 72 7
48 58 17
50 42 17
54 44 17
16 22 17
36 30 17
28 32 17
57 49 17
66 56 17
54 60 16
62 55 17
58 56 17
23 30 17
30 25 17
58 68 10
72 77 5
73 79 4
75 68 10
70 66 11
71 77 5
20 15 17
28 33 17
1 4 17
73 75 6
44 49 17
77 77 5
54 50 17
34 40 17
11 15 17
53 56 17
78 70 9
5 6 17
36 37 17
39 44 17
9 13 17
19 12 17
18 20 17
73 66 11
74 82 3
76 70 9
82 81 3
2 1 17
77 79 4
68 67 10
39 30 17
78 77 5
65 74 6
30 40 17
59 51 17
53 55 17
37 45 17
58 60 16
17 26 17
13 19 17
42 51 17
76 69 9
60 60 16
92 82 3
71 68 10
77 70 9
51 55 16
80 81 3
70 80 4
76 80 4
72 62 14
58 55 16
60 62 14
32 23 16
79 77 5
49 50 16
81 75 6
80 76 5
68 78 4
46 52 16
58 57 16
62 66 11
42 43 16
62 71 8
75 74 6
49 47 16
58 60 16
70 78 4
53 55 16
88 83 2
76 83 2
83 78 4
23 31 16
59 62 14
60 65 12
40 39 16
79 72 7
27 19 16
38 30 16
86 76 5
78 79 4
50 42 16
82 78 4
78 78 4
80 82 3
37 41 16
28 34 16
64 66 11
79 80 4
82 77 5
66 75 6
53 43 16
48 39 16
45 54 16
63 60 16
2 1 16
21 24 16
85 78 4
69 71 8
77 78 4
55 63 13
10 1 16
64 74 6
63 71 8
87 79 4
68 77 5
59 68 10
71 70 9
67 76 5
49 59 16
70 63 13
69 66 11
47 39 16
79 81 3
75 82 3
19 15 16
69 68 10
71 62 14
85 83 2
76 79 4
42 47 16
44 46 16
64 67 10
16 10 16
77 69 9
33 24 15
90 84 2
51 60 15
76 76 5
73 69 9
3 12 15
29 36 15
49 54 15
1 2 15
54 60 15
77 81 3
52 42 15
70 72 7
2 12 15
27 32 15
88 84 2
62 72 7
38 40 15
68 77 5
59 56 15
31 27 15
69 73 7
42 39 15
85 81 3
84 75 6
42 51 15
59 52 15
39 29 15
64 56 15
51 47 15
77 76 5
77 83 2
67 77 5
83 76 5
60 64 12
45 37 15
32 28 15
21 19 15
59 62 14
21 23 15
62 65 12
7 15 15
86 84 2
75 84 2
18 25 15
70 70 9
75 68 10
65 61 15
57 48 15
69 64 12
51 49 15
81 76 5
55 60 15
83 83 2
60 57 15
48 40 15
80 76 5
62 68 10
8 16 15
76 84 2
49 39 15
62 72 7
64 73 7
2 2 15
27 19 15
74 82 3
74 68 10
72 76 5
73 76 5
74 75 6
79 78 4
50 57 15
68 76 5
78 75 6
15 7 15
82 84 2
46 51 15
61 70 9
65 59 15
89 84 2
59 64 12
60 58 15
63 71 8
77 84 2
59 60 15
70 71 8
71 64 12
88 84 2
15 24 15
45 54 15
22 12 15
78 83 2
68 58 15
28 30 14
84 84 2
70 79 4
46 56 14
8 16 14
86 82 3
5 7 14
18 27 14
76 81 3
75 84 2
82 77 5
70 66 11
35 40 14
38 35 14
6 7 14
48 51 14
68 76 5
11 6 14
16 22 14
73 78 4
51 45 14
75 65 12
59 54 14
59 55 14
85 80 4
91 85 2
68 61 14
31 26 14
83 82 3
80 85 2
66 73 7
61 62 14
22 29 14
18 15 14
17 9 14
60 55 14
81 84 2
48 42 14
16 25 14
43 43 14
23 28 14
89 82 3
72 65 12
67 75 6
22 25 14
60 67 10
80 70 9
31 26 14
59 68 10
74 68 10
83 81 3
72 63 13
80 77 5
41 51 14
42 39 14
26 28 14
84 79 4
69 76 5
1 4 14
45 36 14
58 61 14
46 47 14
77 78 4
86 79 4
53 52 14
42 34 14
91 83 2
77 80 4
1 7 14
3 2 14
2 6 14
53 47 14
30 39 14
85 75 6
65 56 14
77 82 3
54 63 13
77 78 4
71 79 4
63 70 9
89 85 2
77 75 6
67 72 7
77 79 4
83 81 3
83 85 2
77 82 3
60 66 11
80 73 7
92 83 2
23 16 14
16 15 14
54 44 14
1 3 14
79 79 4
32 32 13
78 68 10
46 40 13
23 16 13
86 81 3
65 69 9
15 11 13
81 80 4
76 86 1
70 74 6
76 86 1
35 26 13
78 85 2
78 83 2
4 8 13
50 48 13
38 42 13
71 74 6
71 81 3
19 15 13
35 45 13
75 76 5
32 22 13
32 28 13
24 23 13
52 62 13
51 42 13
94 84 2
76 69 9
83 81 3
75 81 3
86 80 4
49 55 13
17 20 13
83 86 1
7 11 13
72 72 7
73 81 3
1 3 13
48 48 13
66 70 9
35 37 13
91 81 3
71 77 5
71 69 9
79 80 4
56 53 13
20 19 13
6 5 13
8 1 13
44 44 13
33 41 13
56 63 13
92 85 2
72 63 13
81 83 2
72 77 5
79 71 8
59 56 13
88 81 3
80 83 2
96 86 1
16 22 13
64 72 7
45 37 13
78 79 4
23 18 13
41 35 13
79 85 2
14 16 13
67 67 10
76 74 6
39 38 13
7 15 13
54 49 13
79 79 4
53 61 13
66 63 13
34 29 13
25 33 13
15 16 13
30 22 13
79 86 1
75 81 3
34 25 13
11 4 13
40 33 13
18 13 13
72 74 6
21 14 13
74 81 3
79 75 6
1 5 13
78 87 1
86 81 3
41 41 12
47 46 12
84 84 2
2 8 12
58 48 12
19 25 12
82 84 2
66 71 8
87 81 3
43 40 12
76 81 3
71 73 7
61 70 9
29 33 12
71 81 3
76 80 4
36 36 12
23 26 12
19 27 12
39 39 12
69 74 6
53 63 12
95 87 1
79 73 7
77 67 10
33 24 12
34 43 12
82 76 5
70 79 4
49 51 12
47 43 12
78 75 6
90 81 3
55 62 12
50 59 12
22 24 12
64 65 12
82 86 1
77 84 2
77 86 1
59 61 12
56 48 12
88 85 2
30 27 12
8 9 12
76 81 3
62 60 12
57 66 11
10 15 12
65 55 12
75 85 2
74 76 5
59 64 12
84 85 2
32 36 12
47 54 12
48 42 12
45 35 12
44 38 12
48 47 12
69 60 12
58 60 12
76 81 3
77 83 2
54 57 12
12 8 12
70 74 6
85 79 4
68 75 6
56 51 12
75 79 4
62 66 11
54 56 12
63 64 12
15 25 12
36 42 12
4 8 12
85 82 3
25 24 12
64 61 12
89 81 3
90 85 2
28 28 12
1 2 12
67 66 11
68 76 5
77 77 5
80 74 6
80 71 8
94 84 2
83 74 6
81 79 4
84 85 2
45 50 12
78 87 1
84 83 2
55 48 12
63 69 9
78 71 8
84 77 5
56 63 11
66 58 11
44 36 11
1 1 11
67 59 11
88 81 3
87 82 3
79 87 1
19 24 11
58 50 11
88 84 2
95 85 2
54 59 11
88 86 1
8 1 11
70 65 11
78 85 2
97 88 1
89 86 1
65 59 11
58 68 10
78 74 6
78 86 1
82 80 4
84 86 1
62 59 11
55 49 11
37 39 11
52 44 11
24 17 11
12 21 11
68 58 11
73 79 4
37 42 11
90 82 3
61 56 11
81 75 6
61 61 11
40 50 11
83 74 6
40 31 11
79 83 2
20 12 11
32 40 11
45 54 11
80 81 3
57 49 11
66 76 5
68 74 6
91 88 1
86 87 1
79 84 2
79 74 6
84 77 5
85 79 4
63 72 7
35 28 11
83 74 6
85 86 1
90 85 2
82 83 2
73 78 4
18 11 11
29 35 11
27 24 11
89 79 4
72 82 3
74 74 6
78 77 5
77 80 4
59 51 11
67 72 7
30 21 11
47 47 11
53 48 11
39 42 11
86 85 2
71 77 5
81 88 1
69 75 6
79 84 2
65 64 11
20 16 11
10 20 11
82 74 6
73 72 7
51 61 11
57 61 11
50 53 11
3 13 11
91 84 2
81 88 1
51 48 11
83 85 2
81 83 2
70 73 7
7 8 10
51 58 10
61 58 10
45 54 10
10 7 10
85 84 2
70 70 9
56 58 10
89 89 1
79 88 1
32 32 10
5 10 10
70 72 7
67 59 10
82 89 1
89 79 4
98 89 1
83 85 2
34 33 10
58 67 10
77 85 2
76 70 9
74 67 10
44 43 10
75 73 7
52 56 10
70 76 5
68 59 10
48 50 10
79 89 1
95 88 1
81 85 2
76 74 6
52 56 10
41 32 10
90 84 2
40 48 10
62 71 8
80 78 4
28 32 10
46 56 10
9 4 10
62 60 10
45 43 10
54 47 10
28 37 10
71 71 8
61 65 10
96 88 1
56 56 10
28 21 10
55 53 10
54 56 10
7 15 10
64 74 6
41 51 10
3 2 10
79 86 1
55 58 10
87 82 3
76 82 3
48 40 10
80 87 1
25 17 10
65 73 7
74 72 7
27 20 10
28 38 10
30 32 10
64 58 10
96 86 1
29 30 10
64 62 10
78 84 2
43 53 10
81 82 3
93 87 1
67 63 10
29 34 10
86 76 5
69 65 10
41 41 10
45 41 10
9 13 10
78 69 9
47 52 10
28 28 10
57 51 10
1 6 10
76 84 2
80 72 7
65 64 10
84 86 1
62 68 10
65 67 10
77 86 1
87 85 2
37 41 10
45 45 10
87 89 1
33 43 10
82 88 1
51 52 10
43 41 10
37 41 10
77 84 2
83 78 4
7 14 10
75 84 2
81 75 6
86 89 1
86 87 1
82 75 6
99 89 1
44 34 9
38 31 9
96 87 1
79 80 4
17 8 9
76 68 9
17 23 9
38 33 9
30 26 9
94 89 1
39 42 9
80 70 9
1 2 9
64 59 9
78 85 2
15 15 9
12 5 9
16 7 9
36 39 9
68 75 6
69 76 5
87 84 2
42 50 9
41 46 9
54 57 9
76 86 1
20 20 9
38 41 9
9 11 9
64 62 9
98 90 1
73 80 4
85 86 1
67 70 9
75 83 2
78 85 2
51 50 9
66 63 9
94 85 2
83 79 4
9 6 9
91 84 2
19 10 9
13 22 9
51 46 9
91 85 2
61 69 9
85 90 1
66 67 9
97 90 1
88 78 4
70 79 4
65 70 9
72 67 9
83 78 4
50 49 9
50 44 9
78 87 1
96 90 1
92 85 2
88 80 4
53 56 9
38 40 9
20 23 9
26 31 9
6 16 9
63 57 9
38 35 9
89 90 1
62 52 9
56 61 9
62 55 9
55 48 9
35 30 9
78 87 1
23 28 9
27 37 9
72 81 3
1 2 9
1 4 9
57 64 9
50 52 9
64 59 9
74 84 2
76 80 4
37 47 9
11 11 9
56 66 9
77 86 1
60 55 9
59 62 9
27 35 9
83 78 4
54 47 9
25 28 9
99 89 1
14 10 9
60 57 9
92 85 2
14 21 9
57 55 8
85 85 2
32 42 8
75 82 3
62 69 8
85 78 4
98 89 1
82 89 1
76 76 5
85 79 4
44 37 8
87 88 1
68 78 4
58 61 8
46 45 8
59 57 8
25 26 8
54 49 8
65 68 8
88 88 1
70 76 5
6 9 8
87 87 1
52 61 8
8 13 8
97 91 0
21 25 8
22 13 8
84 88 1
95 88 1
41 49 8
57 66 8
12 4 8
37 42 8
69 59 8
86 91 0
41 31 8
99 91 0
73 68 8
70 70 8
89 88 1
53 53 8
86 84 2
74 81 3
48 47 8
83 87 1
63 63 8
99 91 0
69 59 8
42 43 8
44 40 8
88 80 4
54 61 8
86 88 1
1 4 8
76 86 1
49 39 8
54 51 8
44 54 8
84 91 0
65 63 8
92 86 1
71 81 3
51 41 8
36 32 8
83 84 2
71 77 5
92 83 2
48 45 8
79 74 6
1 2 8
85 91 0
85 88 1
42 35 8
82 77 5
93 87 1
7 17 8
84 78 4
64 74 6
65 67 8
86 78 4
89 81 3
34 39 8
85 81 3
95 91 0
87 81 3
64 62 8
4 6 8
50 49 8
54 46 8
76 80 4
78 74 6
55 65 8
34 29 8
56 48 8
19 24 8
76 69 8
99 89 1
15 7 8
24 25 8
87 91 0
79 86 1
91 86 1
74 67 8
90 91 0
60 64 8
20 12 8
1 4 8
51 54 8
22 20 8
83 87 1
83 77 5
63 53 8
20 10 8
29 28 8
76 78 4
94 88 1
83 77 5
32 39 8
13 18 8
75 71 7
86 92 0
84 84 2
86 91 0
90 82 3
82 88 1
42 41 7
53 59 7
90 85 2
31 23 7
93 87 1
95 92 0
41 47 7
83 86 1
1 11 7
59 58 7
84 85 2
84 90 1
19 23 7
66 76 5
72 77 5
17 10 7
77 79 4
61 69 7
91 91 0
65 73 7
24 15 7
82 90 1
26 29 7
88 85 2
51 60 7
66 61 7
76 77 5
97 90 1
11 8 7
101 91 0
74 76 5
56 63 7
88 88 1
89 80 4
89 80 4
76 81 3
82 86 1
68 77 5
59 60 7
34 40 7
53 51 7
101 92 0
91 81 3
77 70 7
83 85 2
56 66 7
96 90 1
27 32 7
83 80 4
75 73 7
73 69 7
62 69 7
13 16 7
12 19 7
80 80 4
19 14 7
60 63 7
10 17 7
3 5 7
79 88 1
57 55 7
8 15 7
99 89 1
69 79 4
64 65 7
61 68 7
71 61 7
41 35 7
57 56 7
85 89 1
101 91 0
87 80 4
87 80 4
48 49 7
70 64 7
57 57 7
83 83 2
73 81 3
82 88 1
26 35 7
97 88 1
83 89 1
49 41 7
22 32 7
69 61 7
82 91 0
19 18 7
96 89 1
80 74 6
93 90 1
93 91 0
75 66 7
67 73 7
72 80 4
64 60 7
1 5 7
81 74 6
101 91 0
29 32 7
69 73 7
42 45 7
17 7 7
26 25 7
58 60 7
74 82 3
60 64 7
91 90 1
78 71 7
95 92 0
97 90 1
60 51 7
85 82 3
72 78 4
82 77 5
93 92 0
36 27 7
70 69 7
46 51 7
87 89 1
13 7 7
84 75 6
83 88 1
57 48 7
49 48 6
33 31 6
94 92 0
89 79 4
85 88 1
84 93 0
35 38 6
93 83 2
83 81 3
88 93 0
63 70 6
89 89 1
74 66 6
67 58 6
100 92 0
12 16 6
89 90 1
86 91 0
50 56 6
100 91 0
97 89 1
33 37 6
41 49 6
91 89 1
57 56 6
97 90 1
90 89 1
44 40 6
82 79 4
96 88 1
70 79 4
93 88 1
20 21 6
95 92 0
84 93 0
47 44 6
95 88 1
101 93 0
1 10 6
92 91 0
92 91 0
86 90 1
68 75 6
24 14 6
83 90 1
52 61 6
101 91 0
35 34 6
33 25 6
50 47 6
1 9 6
94 92 0
40 49 6
33 28 6
64 60 6
84 74 6
92 84 2
101 93 0
92 85 2
44 54 6
48 50 6
71 80 4
45 45 6
88 82 3
1 7 6
43 49 6
53 54 6
43 43 6
6 12 6
87 87 1
88 84 2
60 55 6
70 74 6
98 91 0
91 87 1
61 60 6
4 11 6
80 76 5
15 10 6
87 91 0
57 65 6
82 75 6
91 93 0
91 85 2
96 92 0
70 60 6
72 74 6
89 81 3
89 81 3
21 17 6
56 62 6
1 3 6
42 52 6
54 63 6
83 84 2
97 87 1
69 72 6
95 92 0
64 60 6
72 71 6
40 47 6
94 88 1
89 85 2
97 87 1
36 34 6
54 51 6
30 21 6
23 27 6
83 89 1
52 51 6
71 70 6
85 93 0
97 89 1
84 78 4
78 87 1
19 23 6
78 85 2
54 49 6
96 92 0
92 93 0
43 52 6
94 91 0
44 51 6
83 87 1
15 10 6
95 93 0
89 82 3
4 8 6
80 83 2
75 68 6
101 92 0
74 80 4
35 27 6
89 83 2
89 93 0
83 89 1
94 85 2
90 93 0
88 89 1
51 60 6
41 41 6
99 92 0
2 10 6
54 62 6
73 74 6
41 38 6
28 28 6
88 91 0
65 69 5
62 55 5
50 47 5
82 79 4
93 93 0
97 90 1
56 62 5
25 26 5
79 86 1
82 92 0
44 47 5
69 79 4
78 71 5
37 29 5
28 30 5
69 79 4
51 58 5
30 34 5
87 90 1
72 81 3
42 50 5
101 94 0
74 78 4
93 94 0
44 44 5
23 18 5
52 55 5
87 90 1
63 72 5
77 69 5
52 55 5
24 30 5
74 83 2
26 35 5
76 84 2
95 93 0
53 57 5
89 94 0
80 89 1
62 52 5
15 11 5
52 54 5
70 76 5
98 94 0
71 68 5
98 94 0
41 36 5
65 71 5
95 90 1
86 81 3
87 90 1
85 84 2
74 66 5
70 77 5
69 66 5
72 77 5
77 87 1
100 90 1
60 64 5
84 92 0
78 71 5
87 92 0
87 91 0
30 33 5
1 3 5
34 32 5
86 82 3
82 81 3
33 28 5
86 92 0
95 86 1
78 78 4
76 82 3
66 56 5
98 93 0
70 60 5
58 57 5
55 47 5
45 52 5
14 18 5
79 84 2
41 51 5
87 94 0
77 74 5
12 4 5
61 66 5
71 73 5
44 52 5
69 75 5
14 24 5
83 75 5
92 92 0
9 12 5
31 40 5
38 30 5
93 88 1
50 49 5
77 70 5
90 92 0
77 76 5
65 62 5
102 94 0
63 70 5
72 80 4
102 92 0
89 85 2
84 94 0
76 74 5
40 34 5
67 69 5
79 86 1
64 61 5
95 94 0
94 92 0
85 75 5
86 88 1
84 93 0
94 94 0
78 77 5
66 75 5
78 78 4
15 6 5
58 63 5
93 90 1
67 64 5
99 93 0
43 33 5
87 92 0
75 81 3
84 81 3
88 91 0
87 79 4
73 72 5
73 74 5
77 82 3
26 27 5
91 93 0
87 88 1
47 38 5
83 73 5
52 47 5
77 74 5
84 92 0
82 76 5
48 42 5
70 76 5
82 86 1
63 61 5
16 6 5
43 47 5
97 94 0
28 32 5
48 48 5
87 79 4
84 93 0
44 53 5
48 53 5
80 90 1
87 94 0
73 79 4
40 45 5
78 88 1
83 88 1
64 70 5
62 60 5
72 77 5
12 7 5
86 94 0
98 92 0
28 25 5
100 94 0
29 25 5
18 20 4
68 75 4
98 95 0
95 92 0
87 79 4
90 95 0
90 90 1
84 86 1
72 71 4
89 95 0
98 95 0
97 89 1
79 81 3
87 95 0
83 90 1
79 84 2
59 51 4
85 92 0
59 66 4
76 73 4
79 84 2
76 76 4
84 83 2
57 67 4
1 4 4
73 81 3
8 4 4
85 94 0
98 95 0
82 72 4
91 93 0
83 82 3
74 81 3
5 4 4
92 90 1
79 85 2
74 81 3
96 89 1
99 90 1
73 72 4
81 84 2
13 11 4
100 94 0
90 92 0
8 9 4
65 55 4
56 49 4
78 88 1
82 91 0
86 94 0
29 39 4
93 94 0
83 84 2
51 61 4
96 93 0
81 80 4
93 91 0
18 12 4
53 56 4
10 17 4
31 41 4
91 86 1
48 43 4
48 57 4
78 69 4
31 38 4
88 95 0
92 89 1
94 84 2
92 93 0
61 69 4
80 70 4
99 94 0
47 45 4
85 94 0
80 83 2
93 92 0
99 90 1
49 42 4
76 85 2
75 79 4
102 93 0
79 83 2
2 12 4
77 84 2
7 10 4
56 52 4
89 89 1
95 86 1
84 92 0
54 56 4
55 61 4
12 2 4
93 87 1
56 54 4
33 25 4
93 95 0
86 94 0
43 36 4
86 93 0
70 78 4
42 50 4
84 92 0
103 94 0
45 45 4
29 22 4
60 50 4
68 58 4
100 93 0
81 77 4
90 89 1
91 94 0
65 62 4
85 95 0
44 44 4
75 73 4
77 85 2
74 78 4
74 82 3
83 85 2
100 95 0
84 79 4
64 56 4
64 57 4
86 95 0
89 83 2
98 92 0
76 83 2
77 85 2
49 57 4
22 32 4
88 91 0
48 54 4
93 93 0
57 61 4
66 56 4
98 88 1
33 35 4
37 40 4
55 64 4
65 61 4
92 94 0
89 81 3
63 55 4
65 57 4
85 91 0
105 95 0
91 85 2
81 74 4
74 76 4
88 90 1
89 91 0
98 88 1
99 91 0
96 91 0
78 84 2
95 90 1
99 93 0
82 82 3
58 51 3
99 96 0
89 84 2
47 46 3
91 96 0
93 96 0
81 85 2
65 56 3
87 92 0
63 56 3
84 90 1
68 62 3
52 45 3
48 44 3
44 53 3
44 54 3
86 89 1
87 94 0
88 92 0
79 80 3
86 92 0
29 28 3
44 46 3
99 91 0
80 88 1
86 96 0
87 92 0
87 83 2
87 95 0
78 84 2
77 79 3
51 52 3
68 58 3
62 68 3
10 3 3
29 29 3
16 8 3
33 39 3
85 76 3
84 92 0
86 95 0
14 6 3
79 82 3
77 81 3
88 91 0
3 10 3
54 50 3
103 95 0
89 96 0
85 93 0
75 76 3
99 89 1
41 40 3
100 94 0
29 22 3
87 93 0
38 37 3
96 95 0
86 96 0
43 52 3
105 96 0
89 83 2
81 76 3
60 50 3
78 77 3
15 19 3
66 76 3
80 89 1
71 66 3
64 68 3
79 87 1
81 81 3
100 91 0
88 96 0
92 88 1
38 47 3
95 95 0
98 93 0
97 94 0
88 93 0
71 75 3
75 76 3
47 46 3
95 90 1
72 66 3
80 76 3
59 66 3
60 65 3
49 41 3
73 83 2
97 95 0
82 76 3
79 74 3
80 88 1
83 85 2
101 91 0
23 14 3
72 80 3
90 89 1
83 75 3
8 15 3
89 94 0
85 84 2
73 82 3
58 55 3
89 80 3
93 94 0
69 75 3
102 93 0
78 76 3
42 47 3
89 87 1
83 75 3
97 94 0
90 92 0
83 86 1
98 94 0
106 96 0
86 86 1
15 17 3
91 90 1
36 37 3
87 92 0
53 47 3
76 78 3
72 81 3
73 80 3
90 85 2
94 96 0
100 96 0
52 55 3
76 81 3
93 94 0
24 29 3
92 92 0
72 75 3
63 62 3
88 93 0
68 70 3
68 70 3
98 88 1
60 67 3
71 70 3
86 95 0
76 67 3
71 73 3
56 65 3
2 5 3
81 79 3
98 96 0
49 45 3
74 84 2
81 90 1
87 94 0
44 42 2
43 37 2
102 96 0
94 96 0
70 80 2
100 91 0
75 82 2
95 90 1
86 89 1
102 97 0
90 89 1
92 91 0
93 83 2
58 64 2
28 38 2
82 92 0
83 76 2
100 95 0
64 69 2
92 95 0
99 91 0
19 15 2
83 84 2
93 96 0
81 73 2
98 95 0
27 35 2
57 48 2
81 89 1
89 79 2
98 89 1
95 87 1
102 94 0
102 95 0
93 96 0
1 4 2
95 91 0
88 95 0
82 83 2
107 97 0
86 91 0
86 77 2
90 96 0
107 97 0
90 94 0
24 25 2
78 83 2
99 91 0
85 91 0
96 97 0
10 8 2
37 47 2
87 95 0
98 96 0
68 64 2
97 91 0
76 82 2
66 65 2
97 97 0
84 75 2
94 91 0
97 93 0
88 93 0
101 96 0
96 90 1
84 80 2
87 96 0
87 91 0
49 58 2
94 97 0
7 6 2
71 71 2
106 97 0
79 89 1
85 84 2
105 97 0
97 87 1
70 74 2
83 91 0
62 59 2
96 97 0
78 86 1
85 90 1
80 71 2
79 74 2
88 92 0
6 15 2
84 89 1
79 76 2
53 48 2
83 75 2
88 92 0
38 46 2
100 91 0
43 51 2
59 61 2
84 92 0
84 93 0
88 95 0
97 95 0
62 62 2
58 58 2
72 75 2
56 60 2
91 92 0
72 81 2
82 87 1
1 1 2
83 86 1
101 95 0
74 82 2
83 74 2
87 97 0
21 21 2
66 60 2
20 13 2
30 40 2
77 68 2
74 82 2
105 96 0
39 41 2
105 96 0
64 67 2
80 87 1
55 62 2
56 65 2
51 50 2
86 88 1
97 97 0
96 96 0
95 97 0
16 13 2
72 81 2
50 56 2
70 73 2
93 96 0
100 97 0
87 94 0
91 96 0
94 97 0
92 91 0
91 90 1
44 34 2
91 93 0
87 81 2
79 87 1
90 89 1
69 66 2
54 54 2
92 96 0
59 57 2
93 90 1
100 97 0
85 88 1
101 96 0
88 90 1
94 84 2
9 18 2
107 97 0
77 67 2
90 95 0
94 96 0
82 73 2
97 95 0
98 96 0
85 91 0
64 66 2
46 39 2
98 91 0
33 30 2
101 94 0
90 97 0
94 96 0
78 87 1
57 58 2
56 66 2
63 69 2
74 79 2
81 85 2
102 97 0
67 65 2
32 24 2
76 78 2
99 98 0
81 85 1
107 97 0
92 86 1
79 70 1
92 87 1
12 4 1
66 72 1
81 81 1
87 94 0
96 86 1
93 84 1
87 95 0
84 79 1
88 93 0
105 98 0
57 52 1
82 91 0
48 40 1
95 92 0
84 82 1
85 85 1
108 98 0
98 93 0
101 97 0
87 94 0
95 92 0
87 94 0
27 22 1
83 90 1
47 53 1
98 97 0
88 97 0
81 88 1
75 67 1
8 6 1
89 97 0
10 5 1
97 96 0
20 30 1
71 65 1
105 97 0
102 93 0
54 47 1
105 97 0
83 88 1
87 93 0
74 74 1
87 96 0
11 16 1
85 81 1
89 98 0
81 85 1
84 85 1
18 22 1
87 97 0
56 52 1
67 76 1
105 97 0
97 90 1
28 35 1
67 59 1
95 88 1
38 37 1
83 89 1
90 91 0
52 53 1
64 55 1
54 58 1
96 98 0
95 96 0
100 95 0
49 46 1
98 97 0
41 32 1
64 74 1
100 92 0
47 56 1
84 83 1
88 98 0
86 96 0
91 97 0
94 89 1
95 98 0
93 98 0
88 90 1
94 97 0
93 94 0
53 59 1
80 74 1
108 98 0
97 93 0
11 12 1
59 62 1
85 94 0
1 5 1
72 72 1
100 96 0
91 82 1
90 97 0
46 56 1
88 87 1
64 68 1
48 50 1
86 92 0
75 83 1
83 80 1
87 94 0
96 93 0
74 74 1
93 92 0
71 79 1
100 93 0
91 93 0
72 66 1
98 92 0
87 91 0
78 84 1
88 92 0
97 88 1
44 43 1
63 61 1
90 80 1
73 75 1
82 79 1
77 85 1
106 98 0
88 95 0
76 86 1
88 96 0
88 98 0
94 96 0
83 91 0
22 21 1
98 95 0
72 82 1
21 17 1
16 8 1
91 96 0
92 90 1
93 97 0
91 97 0
34 42 1
43 53 1
100 97 0
21 24 1
94 96 0
99 93 0
93 90 1
93 96 0
87 93 0
71 69 1
55 55 1
105 95 0
77 78 1
96 94 0
96 88 1
102 96 0
80 81 1
100 91 0
83 73 1
47 45 1
103 96 0
76 86 1
93 85 1
67 57 1
83 85 1
96 98 0
99 98 0
44 41 1
37 32 1
30 32 1
95 96 0
105 97 0
94 92 0
70 74 1
81 81 1
103 98 0
67 66 1
100 95 0
103 96 0
56 49 1
41 46 1
96 98 0
87 95 0
83 84 1
58 49 1
68 77 1
37 31 1
99 92 0
80 78 1
94 97 0
40 35 1
93 89 1
34 36 1
65 57 1
78 75 1
76 68 1
81 79 1
63 59 1
90 97 0
107 97 0
18 8 1
94 91 0
70 78 1
89 94 0
93 95 0
98 90 1
81 91 0
103 94 0
100 91 0
92 97 0
19 23 1
58 68 1
100 95 0
46 52 1
91 90 1
83 92 0
83 75 1
62 68 1
98 93 0
94 93 0
86 93 0
95 96 0
101 98 0
104 95 0
23 18 0
79 89 0
104 97 0
33 29 0
42 45 0
82 79 0
4 10 0
89 99 0
107 97 0
101 91 0
92 99 0
104 100 0
104 96 0
9 10 0
101 100 0
53 62 0
99 96 0
65 73 0
74 66 0
89 82 0
15 22 0
36 43 0
84 90 0
93 99 0
105 99 0
107 99 0
94 99 0
86 90 0
85 86 0
107 99 0
98 91 0
28 21 0
104 99 0
49 58 0
47 49 0
98 100 0
61 56 0
91 100 0
76 67 0
95 92 0
90 92 0
104 98 0
108 99 0
103 99 0
18 28 0
97 99 0
99 99 0
102 100 0
94 90 0
48 50 0
37 43 0
57 60 0
104 95 0
101 100 0
95 88 0
105 99 0
89 96 0
90 97 0
84 93 0
106 98 0
104 100 0
107 98 0
94 99 0
79 80 0
103 99 0
88 96 0
101 99 0
81 89 0
26 17 0
102 99 0
92 91 0
15 25 0
98 97 0
99 91 0
91 93 0
98 99 0
88 92 0
96 89 0
9 1 0
102 94 0
93 99 0
98 99 0
93 88 0
57 65 0
90 99 0
108 100 0
104 98 0
85 78 0
107 98 0
12 9 0
49 50 0
34 41 0
15 17 0
61 64 0
89 99 0
15 10 0
97 99 0
98 100 0
106 100 0
110 100 0
94 92 0
87 95 0
26 21 0
89 82 0
18 8 0
109 100 0
87 89 0
95 98 0
107 97 0
88 95 0
94 96 0
81 89 0
17 13 0
86 96 0
88 97 0
90 88 0
99 99 0
89 95 0
103 99 0
94 100 0
93 99 0
107 100 0
83 93 0
98 95 0
98 98 0
92 99 0
37 29 0
106 98 0
71 73 0
102 100 0
43 39 0
105 99 0
96 90 0
93 99 0
107 99 0
61 67 0
109 99 0
59 64 0
82 81 0
47 40 0
80 79 0
100 95 0
91 100 0
83 89 0
105 97 0
3 4 0
97 98 0
79 88 0
29 19 0
97 99 0
86 88 0
29 33 0
102 99 0
100 92 0
94 92 0
101 96 0
98 89 0
95 98 0
109 99 0
56 60 0
90 100 0
105 99 0
94 99 0
92 85 0
83 93 0
95 92 0
80 85 0
80 88 0
97 94 0
105 99 0
88 97 0
100 91 0
74 75 0
28 37 0
75 73 0
104 99 0
101 100 0
100 96 0
58 61 0
70 72 0
103 100 0
48 53 0
86 79 0
19 11 0
93 99 0
86 80 0
95 93 0
77 76 0
109 100 0
102 98 0
85 92 0
97 98 0
95 98 0
107 100 0
65 57 0
94 100 0
92 90 0
76 79 0
99 100 0
105 99 0
106 96 0
93 98 0
104 95 0
92 100 0
100 99 0
101 100 0
86 84 0
86 96 0
88 84 0
91 99 0
73 74 0
105 97 0
99 96 0
66 73 0
107 97 0
102 99 0
49 44 0
93 98 0
24 24 0
106 99 0
100 98 0
16 7 0
94 100 0
55 63 0
85 88 0
95 100 0
105 99 0
102 99 0
101 100 0
105 96 0
94 100 0
110 100 0
101 98 0
62 66 0
90 98 0
87 97 0
96 100 0
78 84 0
50 40 0
83 79 0
98 92 0
93 91 0
87 79 0
95 95 0
108 100 0
51 57 0
105 97 0
100 99 0
89 96 0
93 94 0
97 99 0
61 63 0
91 86 0
87 97 0
91 99 0
79 79 0
85 83 0
94 85 0
76 80 0
108 100 0
97 100 0
94 100 0
107 97 0
25 27 0
45 46 0
1 4 0
102 95 0
62 60 0
50 44 0
102 99 0
62 65 0
100 100 0
105 99 0
107 98 0
104 99 0
68 63 0
40 34 0
105 100 0
96 88 0
89 92 0
97 91 0
104 100 0
95 97 0
84 94 0
94 100 0
95 94 0
68 72 0
102 99 0
92 98 0
97 100 0
101 99 0
25 24 0
77 77 0
90 91 0
99 89 0
85 76 0
99 99 0
100 98 0
107 100 0
98 97 0
86 87 0
