5000 5000 4.3589
17 17 4898
71 71 4845
90 90 4827
34 34 4804
118 118 4801
120 120 4786
51 51 4778
38 38 4776
214 214 4763
237 237 4756
200 200 4741
38 38 4726
289 289 4706
166 166 4705
202 202 4692
52 52 4684
271 271 4682
107 107 4679
202 202 4676
97 97 4667
190 190 4616
239 239 4600
370 370 4596
361 361 4593
268 268 4586
388 388 4559
304 304 4554
141 141 4553
179 179 4553
65 65 4549
106 106 4546
227 227 4544
157 157 4537
2 2 4534
191 191 4531
80 80 4526
53 53 4524
445 445 4521
417 417 4516
383 383 4503
488 488 4477
169 169 4460
40 40 4456
84 84 4450
268 268 4441
4 4 4427
500 500 4397
304 304 4384
343 343 4380
162 162 4372
269 269 4370
461 461 4363
456 456 4362
418 418 4362
599 599 4360
190 190 4353
251 251 4352
252 252 4326
664 664 4320
157 157 4319
501 501 4315
324 324 4313
353 353 4306
576 576 4297
170 170 4290
91 91 4276
661 661 4273
455 455 4254
97 97 4245
707 707 4243
651 651 4231
157 157 4225
587 587 4222
362 362 4218
155 155 4212
31 31 4207
550 550 4201
374 374 4192
308 308 4186
9 9 4181
167 167 4180
337 337 4178
300 300 4174
70 70 4172
144 144 4170
484 484 4166
574 574 4163
545 545 4158
186 186 4154
323 323 4152
640 640 4149
356 356 4149
50 50 4143
781 781 4141
653 653 4140
468 468 4139
781 781 4134
282 282 4128
6 6 4109
844 844 4092
335 335 4087
339 339 4081
801 801 4080
889 889 4079
230 230 4075
579 579 4061
297 297 4054
586 586 4053
566 566 4053
85 85 4040
75 75 4033
88 88 4031
902 902 4029
917 917 4015
425 425 4008
224 224 4005
448 448 3997
6 6 3995
344 344 3989
431 431 3989
504 504 3985
403 403 3982
190 190 3974
870 870 3968
187 187 3965
849 849 3964
823 823 3961
668 668 3960
747 747 3960
94 94 3958
960 960 3957
802 802 3954
739 739 3952
843 843 3930
429 429 3928
628 628 3923
551 551 3916
1067 1067 3916
750 750 3915
849 849 3914
436 436 3913
810 810 3913
93 93 3901
825 825 3896
760 760 3894
661 661 3889
568 568 3888
991 991 3885
355 355 3885
653 653 3885
606 606 3881
275 275 3876
77 77 3872
852 852 3870
179 179 3867
912 912 3864
1007 1007 3863
528 528 3860
850 850 3858
348 348 3858
974 974 3854
712 712 3850
119 119 3850
7 7 3841
838 838 3835
72 72 3834
888 888 3826
1116 1116 3823
592 592 3819
503 503 3818
674 674 3812
770 770 3806
461 461 3803
1056 1056 3802
834 834 3802
359 359 3799
663 663 3792
184 184 3791
1085 1085 3789
466 466 3777
349 349 3772
898 898 3764
379 379 3759
1032 1032 3758
1195 1195 3755
819 819 3751
1114 1114 3748
376 376 3740
206 206 3740
637 637 3738
574 574 3738
357 357 3736
816 816 3734
1199 1199 3726
319 319 3723
1029 1029 3719
736 736 3719
215 215 3714
77 77 3711
1214 1214 3699
479 479 3692
68 68 3690
106 106 3690
303 303 3686
386 386 3684
526 526 3683
146 146 3681
1309 1309 3678
692 692 3677
1156 1156 3676
39 39 3675
885 885 3666
821 821 3664
279 279 3659
463 463 3658
1279 1279 3649
708 708 3648
395 395 3648
522 522 3647
1030 1030 3641
446 446 3641
652 652 3634
1308 1308 3633
645 645 3631
157 157 3631
263 263 3627
242 242 3626
408 408 3619
1301 1301 3619
1085 1085 3618
1086 1086 3616
723 723 3614
831 831 3611
1112 1112 3605
676 676 3604
1258 1258 3588
259 259 3580
1220 1220 3577
910 910 3572
531 531 3572
726 726 3571
528 528 3570
1323 1323 3566
781 781 3565
1311 1311 3564
938 938 3559
929 929 3549
372 372 3549
830 830 3546
1015 1015 3539
1286 1286 3538
142 142 3536
514 514 3534
816 816 3533
153 153 3529
415 415 3526
58 58 3525
43 43 3520
38 38 3519
555 555 3518
231 231 3517
1355 1355 3517
1391 1391 3515
4 4 3511
1349 1349 3510
1075 1075 3509
1381 1381 3509
252 252 3502
461 461 3501
452 452 3500
80 80 3495
374 374 3495
809 809 3495
748 748 3493
141 141 3493
110 110 3492
70 70 3490
798 798 3487
82 82 3485
1277 1277 3483
219 219 3478
1024 1024 3475
268 268 3475
35 35 3473
1006 1006 3469
272 272 3466
511 511 3466
872 872 3462
1530 1530 3460
562 562 3460
24 24 3459
1399 1399 3457
1011 1011 3456
219 219 3454
593 593 3453
1097 1097 3453
734 734 3450
613 613 3449
1101 1101 3447
1410 1410 3445
1443 1443 3444
1181 1181 3441
1136 1136 3440
1527 1527 3433
751 751 3431
210 210 3430
92 92 3429
385 385 3427
834 834 3425
233 233 3421
938 938 3418
990 990 3417
505 505 3414
1048 1048 3413
37 37 3409
1549 1549 3408
1046 1046 3401
283 283 3397
471 471 3393
51 51 3383
920 920 3382
1117 1117 3380
1522 1522 3378
1317 1317 3375
1360 1360 3373
1111 1111 3371
1071 1071 3368
382 382 3366
218 218 3361
536 536 3358
1118 1118 3357
1353 1353 3357
1247 1247 3353
529 529 3352
456 456 3350
963 963 3349
1419 1419 3344
1576 1576 3343
1545 1545 3343
325 325 3340
325 325 3339
860 860 3337
1498 1498 3337
697 697 3335
1453 1453 3334
764 764 3333
310 310 3332
1208 1208 3332
1633 1633 3326
37 37 3326
732 732 3320
719 719 3318
1329 1329 3318
1586 1586 3316
267 267 3314
1093 1093 3313
1293 1293 3313
1057 1057 3311
1571 1571 3310
1200 1200 3306
248 248 3305
1359 1359 3303
682 682 3301
1091 1091 3301
939 939 3299
1697 1697 3299
476 476 3291
638 638 3290
678 678 3288
73 73 3285
583 583 3283
1155 1155 3282
718 718 3281
1551 1551 3277
1050 1050 3273
518 518 3270
90 90 3268
667 667 3260
1438 1438 3260
155 155 3257
1274 1274 3257
824 824 3256
290 290 3256
449 449 3255
749 749 3253
853 853 3252
1684 1684 3250
1253 1253 3250
1535 1535 3247
1038 1038 3246
1459 1459 3238
472 472 3237
1477 1477 3237
164 164 3233
1355 1355 3228
693 693 3224
1207 1207 3223
503 503 3220
897 897 3217
445 445 3215
219 219 3212
1639 1639 3211
1271 1271 3208
265 265 3206
1565 1565 3202
661 661 3197
1684 1684 3194
1454 1454 3191
1507 1507 3188
52 52 3187
107 107 3185
853 853 3185
1005 1005 3184
709 709 3184
628 628 3181
1520 1520 3181
1815 1815 3180
1023 1023 3178
1454 1454 3177
333 333 3177
336 336 3176
1803 1803 3174
469 469 3171
226 226 3171
1441 1441 3169
892 892 3168
1097 1097 3166
1575 1575 3164
1673 1673 3163
1418 1418 3157
1066 1066 3156
1415 1415 3154
521 521 3153
1625 1625 3148
1511 1511 3146
1511 1511 3145
89 89 3144
618 618 3142
1263 1263 3141
1302 1302 3141
552 552 3137
1750 1750 3136
563 563 3134
129 129 3134
623 623 3134
1822 1822 3133
736 736 3131
189 189 3130
1495 1495 3130
1861 1861 3128
1822 1822 3128
132 132 3128
1470 1470 3127
1003 1003 3124
487 487 3123
713 713 3122
294 294 3122
963 963 3117
1448 1448 3114
1852 1852 3108
600 600 3107
187 187 3107
1858 1858 3106
1354 1354 3104
105 105 3104
1124 1124 3101
1501 1501 3097
301 301 3097
1365 1365 3097
1218 1218 3096
493 493 3093
1637 1637 3093
851 851 3085
153 153 3083
1294 1294 3082
691 691 3081
655 655 3080
785 785 3076
823 823 3074
1087 1087 3068
683 683 3068
215 215 3067
155 155 3065
1726 1726 3065
765 765 3063
1753 1753 3063
1741 1741 3054
1361 1361 3054
1828 1828 3052
1070 1070 3051
1063 1063 3050
65 65 3049
1752 1752 3047
576 576 3042
906 906 3038
1525 1525 3036
312 312 3032
401 401 3032
1588 1588 3027
1428 1428 3025
1827 1827 3023
1503 1503 3022
1175 1175 3022
392 392 3019
1706 1706 3016
875 875 3015
1704 1704 3012
1312 1312 3009
1113 1113 3006
1505 1505 3005
1333 1333 3005
1386 1386 2999
1996 1996 2991
1756 1756 2990
1509 1509 2985
1178 1178 2985
1707 1707 2984
465 465 2981
1549 1549 2980
654 654 2979
801 801 2978
1706 1706 2975
1961 1961 2974
82 82 2973
2027 2027 2972
1093 1093 2969
981 981 2963
1718 1718 2961
978 978 2960
976 976 2959
1557 1557 2956
1351 1351 2956
1747 1747 2955
1182 1182 2955
1840 1840 2954
394 394 2953
400 400 2951
1567 1567 2950
707 707 2948
1952 1952 2946
1573 1573 2942
1250 1250 2940
1959 1959 2938
481 481 2935
571 571 2934
1533 1533 2933
2054 2054 2931
1496 1496 2930
1513 1513 2927
1892 1892 2925
2047 2047 2925
539 539 2924
925 925 2923
393 393 2921
359 359 2918
443 443 2916
29 29 2916
1105 1105 2915
149 149 2915
218 218 2915
178 178 2914
90 90 2913
945 945 2907
1097 1097 2906
1789 1789 2906
854 854 2906
1708 1708 2905
741 741 2901
342 342 2901
1499 1499 2898
1979 1979 2898
811 811 2896
1896 1896 2893
1545 1545 2889
541 541 2887
1548 1548 2881
1093 1093 2878
1911 1911 2876
1739 1739 2874
819 819 2873
1296 1296 2872
1692 1692 2872
1850 1850 2872
1330 1330 2872
901 901 2871
1028 1028 2871
1174 1174 2870
1614 1614 2869
779 779 2867
153 153 2866
1129 1129 2865
1346 1346 2864
435 435 2864
1271 1271 2864
1255 1255 2863
961 961 2862
2032 2032 2862
1106 1106 2861
1477 1477 2860
577 577 2858
1231 1231 2851
1377 1377 2848
1757 1757 2846
38 38 2845
325 325 2845
430 430 2841
1403 1403 2841
85 85 2841
468 468 2840
1985 1985 2837
1138 1138 2835
182 182 2835
1528 1528 2834
2158 2158 2831
978 978 2827
1558 1558 2827
1544 1544 2826
972 972 2824
1316 1316 2823
1024 1024 2822
712 712 2818
1064 1064 2817
1376 1376 2816
562 562 2816
592 592 2815
1751 1751 2814
804 804 2812
1473 1473 2810
1285 1285 2810
2056 2056 2806
2005 2005 2805
296 296 2804
2068 2068 2797
1608 1608 2795
2020 2020 2793
1584 1584 2792
1356 1356 2791
1939 1939 2791
2123 2123 2791
1701 1701 2790
370 370 2787
643 643 2782
481 481 2781
78 78 2779
1607 1607 2779
1916 1916 2776
1856 1856 2776
1028 1028 2771
165 165 2769
1305 1305 2767
1553 1553 2764
1642 1642 2764
515 515 2763
1030 1030 2763
831 831 2756
1538 1538 2756
393 393 2752
1629 1629 2751
1061 1061 2749
1877 1877 2748
1904 1904 2743
1061 1061 2742
1522 1522 2741
835 835 2741
1998 1998 2739
1229 1229 2735
1448 1448 2733
1440 1440 2733
1750 1750 2729
2060 2060 2727
1640 1640 2726
1404 1404 2725
1126 1126 2725
8 8 2716
347 347 2713
1275 1275 2703
1077 1077 2702
2287 2287 2700
764 764 2700
1594 1594 2699
1978 1978 2696
897 897 2694
453 453 2694
1566 1566 2692
1872 1872 2691
162 162 2690
2296 2296 2688
846 846 2688
1160 1160 2687
1199 1199 2683
1295 1295 2682
2164 2164 2681
1265 1265 2679
1463 1463 2679
1288 1288 2677
1309 1309 2676
144 144 2676
282 282 2672
2178 2178 2671
974 974 2669
1648 1648 2667
272 272 2666
460 460 2656
2211 2211 2656
386 386 2653
1143 1143 2653
1773 1773 2651
458 458 2650
1475 1475 2648
1831 1831 2647
2317 2317 2646
597 597 2645
2156 2156 2645
434 434 2634
2004 2004 2629
1112 1112 2628
919 919 2628
1928 1928 2627
2006 2006 2624
2089 2089 2623
800 800 2623
966 966 2623
1762 1762 2622
24 24 2617
1494 1494 2615
774 774 2614
2254 2254 2614
90 90 2613
1078 1078 2613
348 348 2611
539 539 2608
1926 1926 2607
944 944 2605
859 859 2603
246 246 2602
2171 2171 2597
174 174 2596
1908 1908 2595
2007 2007 2595
690 690 2590
930 930 2586
1335 1335 2584
2033 2033 2582
1463 1463 2582
819 819 2582
2249 2249 2581
1710 1710 2581
1649 1649 2579
465 465 2578
2017 2017 2578
33 33 2577
1090 1090 2577
197 197 2576
1547 1547 2575
1354 1354 2574
466 466 2574
2154 2154 2573
757 757 2573
563 563 2571
2248 2248 2567
850 850 2564
1233 1233 2564
782 782 2563
1666 1666 2562
910 910 2559
2381 2381 2557
2429 2429 2551
602 602 2546
2026 2026 2544
1013 1013 2543
2376 2376 2543
1875 1875 2542
1231 1231 2539
2321 2321 2534
1749 1749 2532
70 70 2532
1792 1792 2530
2411 2411 2530
1952 1952 2528
250 250 2528
1577 1577 2526
292 292 2520
818 818 2520
1921 1921 2519
1978 1978 2519
661 661 2518
1395 1395 2518
1918 1918 2516
1356 1356 2510
1334 1334 2509
1563 1563 2509
1035 1035 2506
2002 2002 2506
1022 1022 2504
1116 1116 2502
1218 1218 2502
629 629 2502
1863 1863 2501
2037 2037 2501
620 620 2499
1616 1616 2499
442 442 2495
1237 1237 2494
2488 2488 2494
802 802 2494
852 852 2492
976 976 2492
1990 1990 2491
1437 1437 2491
138 138 2489
1669 1669 2488
315 315 2482
2378 2378 2480
1837 1837 2479
1272 1272 2477
846 846 2475
2080 2080 2474
1767 1767 2474
443 443 2473
345 345 2473
1270 1270 2473
2384 2384 2471
1698 1698 2468
2012 2012 2466
2247 2247 2466
245 245 2466
2241 2241 2465
445 445 2465
2483 2483 2465
2219 2219 2464
2288 2288 2461
1503 1503 2459
1724 1724 2459
1288 1288 2456
1214 1214 2456
1468 1468 2455
452 452 2455
1878 1878 2454
1499 1499 2454
222 222 2453
681 681 2453
2127 2127 2452
1603 1603 2449
1763 1763 2448
1398 1398 2445
562 562 2445
1150 1150 2442
948 948 2441
1804 1804 2440
1701 1701 2439
1915 1915 2439
513 513 2438
1596 1596 2438
1684 1684 2437
1668 1668 2437
1427 1427 2436
1361 1361 2436
1735 1735 2435
1872 1872 2434
178 178 2433
1092 1092 2432
1998 1998 2430
2307 2307 2428
2322 2322 2427
1673 1673 2425
1752 1752 2422
2326 2326 2422
1879 1879 2420
837 837 2420
407 407 2420
1406 1406 2418
1414 1414 2418
1413 1413 2417
1979 1979 2417
2038 2038 2416
2503 2503 2415
2173 2173 2414
1419 1419 2414
1467 1467 2413
2457 2457 2413
2160 2160 2411
2071 2071 2410
1921 1921 2408
1543 1543 2404
1334 1334 2404
1526 1526 2403
1202 1202 2402
1087 1087 2400
2462 2462 2396
2462 2462 2395
756 756 2395
615 615 2394
2135 2135 2394
1948 1948 2392
2378 2378 2388
2337 2337 2388
519 519 2386
1729 1729 2385
1976 1976 2384
2520 2520 2380
523 523 2379
1692 1692 2378
507 507 2378
1282 1282 2377
1929 1929 2375
840 840 2374
2393 2393 2372
699 699 2372
1482 1482 2370
1043 1043 2370
1739 1739 2369
2300 2300 2367
722 722 2365
2279 2279 2365
2404 2404 2363
919 919 2361
993 993 2361
1354 1354 2360
2564 2564 2359
1312 1312 2359
2027 2027 2359
667 667 2357
2428 2428 2355
655 655 2355
1653 1653 2352
1795 1795 2351
1395 1395 2349
2420 2420 2348
2329 2329 2347
1160 1160 2347
270 270 2346
322 322 2345
1723 1723 2344
2162 2162 2344
2113 2113 2343
1442 1442 2343
1978 1978 2342
1230 1230 2341
1607 1607 2341
1489 1489 2340
416 416 2338
1764 1764 2337
2297 2297 2335
991 991 2335
480 480 2333
2166 2166 2328
356 356 2323
586 586 2323
1194 1194 2322
1617 1617 2319
2095 2095 2316
88 88 2310
2356 2356 2310
2445 2445 2310
344 344 2309
2470 2470 2309
1314 1314 2307
1717 1717 2306
2160 2160 2304
1130 1130 2303
1726 1726 2297
205 205 2295
1775 1775 2294
1918 1918 2292
560 560 2291
1754 1754 2290
2583 2583 2289
983 983 2289
2562 2562 2288
1623 1623 2287
2361 2361 2287
2640 2640 2284
598 598 2282
2025 2025 2281
1589 1589 2276
678 678 2273
1640 1640 2270
517 517 2270
877 877 2268
2172 2172 2267
2059 2059 2266
2345 2345 2266
2619 2619 2265
1609 1609 2265
1647 1647 2261
2357 2357 2259
690 690 2258
2730 2730 2258
2617 2617 2258
417 417 2257
1063 1063 2257
2386 2386 2252
2084 2084 2250
1682 1682 2249
2733 2733 2249
956 956 2248
1381 1381 2247
2129 2129 2246
1086 1086 2246
1726 1726 2244
2680 2680 2244
1435 1435 2244
1387 1387 2242
1642 1642 2241
2341 2341 2241
2379 2379 2241
1563 1563 2241
1989 1989 2241
329 329 2240
190 190 2239
2681 2681 2235
1270 1270 2235
2461 2461 2234
545 545 2234
2703 2703 2233
1467 1467 2233
2283 2283 2233
1938 1938 2231
1250 1250 2230
715 715 2229
1802 1802 2229
1039 1039 2223
2655 2655 2223
2356 2356 2222
1970 1970 2221
391 391 2221
204 204 2221
1259 1259 2220
1212 1212 2220
2094 2094 2219
677 677 2219
2171 2171 2218
1056 1056 2217
2081 2081 2217
2179 2179 2217
1798 1798 2216
1226 1226 2214
2251 2251 2213
1007 1007 2211
891 891 2211
1375 1375 2210
1618 1618 2208
625 625 2208
2532 2532 2205
1442 1442 2205
1019 1019 2204
2791 2791 2202
2133 2133 2199
1675 1675 2199
510 510 2197
2116 2116 2196
2584 2584 2194
1975 1975 2193
119 119 2193
2212 2212 2191
552 552 2189
1837 1837 2189
1514 1514 2186
125 125 2185
2235 2235 2181
149 149 2181
2624 2624 2181
1573 1573 2181
824 824 2180
650 650 2180
2102 2102 2180
2772 2772 2179
171 171 2177
2209 2209 2175
1234 1234 2175
2800 2800 2173
764 764 2172
1055 1055 2172
2284 2284 2171
2433 2433 2169
540 540 2168
1582 1582 2168
2728 2728 2163
2479 2479 2161
2080 2080 2161
2838 2838 2160
2754 2754 2160
2821 2821 2160
2212 2212 2159
1209 1209 2157
1850 1850 2157
1745 1745 2155
1927 1927 2155
1599 1599 2154
1077 1077 2154
1144 1144 2153
1382 1382 2152
613 613 2151
1693 1693 2151
385 385 2150
2690 2690 2149
2729 2729 2149
768 768 2148
2077 2077 2148
659 659 2147
2284 2284 2147
757 757 2145
866 866 2141
181 181 2138
1596 1596 2132
1838 1838 2131
1585 1585 2131
547 547 2129
1367 1367 2128
483 483 2128
390 390 2126
250 250 2125
1977 1977 2124
1939 1939 2124
2860 2860 2124
1491 1491 2124
1109 1109 2124
1777 1777 2123
2042 2042 2122
1060 1060 2122
19 19 2121
196 196 2121
2322 2322 2119
1765 1765 2117
2232 2232 2116
598 598 2115
2717 2717 2115
567 567 2115
2085 2085 2115
32 32 2113
2046 2046 2112
993 993 2112
1032 1032 2111
785 785 2108
1958 1958 2107
2691 2691 2107
1195 1195 2105
819 819 2104
2370 2370 2104
2804 2804 2104
580 580 2103
1983 1983 2103
942 942 2103
2763 2763 2102
2253 2253 2101
1372 1372 2101
226 226 2101
416 416 2101
1646 1646 2101
2296 2296 2100
2287 2287 2098
1514 1514 2097
2224 2224 2096
1486 1486 2095
1505 1505 2094
1201 1201 2092
817 817 2084
2773 2773 2081
2237 2237 2080
2141 2141 2080
2597 2597 2077
759 759 2076
1596 1596 2076
951 951 2075
2165 2165 2075
590 590 2070
2700 2700 2070
2842 2842 2070
1153 1153 2068
1689 1689 2067
2066 2066 2064
617 617 2064
2902 2902 2063
1275 1275 2063
811 811 2062
1795 1795 2061
1937 1937 2061
2461 2461 2059
1841 1841 2059
1182 1182 2055
2795 2795 2054
2631 2631 2052
153 153 2052
2521 2521 2051
1528 1528 2047
1125 1125 2046
766 766 2046
1312 1312 2045
2787 2787 2044
1879 1879 2043
1897 1897 2041
2132 2132 2040
612 612 2037
1762 1762 2036
312 312 2036
112 112 2036
918 918 2035
2657 2657 2035
1451 1451 2032
729 729 2032
2664 2664 2031
1626 1626 2030
343 343 2030
224 224 2029
2003 2003 2029
1649 1649 2028
1059 1059 2027
2006 2006 2025
2912 2912 2025
1352 1352 2024
1207 1207 2022
118 118 2019
1506 1506 2019
227 227 2019
734 734 2016
125 125 2015
1910 1910 2014
2915 2915 2012
2871 2871 2010
853 853 2010
987 987 2010
1570 1570 2010
1933 1933 2009
2223 2223 2007
2316 2316 2007
2510 2510 2007
1223 1223 2006
1142 1142 2005
325 325 2002
2401 2401 2001
2932 2932 2000
2451 2451 2000
659 659 1999
2797 2797 1998
313 313 1997
2860 2860 1997
1973 1973 1997
1640 1640 1991
2270 2270 1990
2208 2208 1988
40 40 1987
1616 1616 1986
2969 2969 1986
1499 1499 1984
1032 1032 1982
2716 2716 1981
2252 2252 1981
2181 2181 1981
2644 2644 1981
1564 1564 1978
2769 2769 1977
1514 1514 1975
2820 2820 1975
2872 2872 1972
1510 1510 1972
1618 1618 1969
2731 2731 1968
2986 2986 1967
417 417 1966
606 606 1965
2432 2432 1965
1858 1858 1964
2638 2638 1964
538 538 1964
134 134 1961
2090 2090 1960
2864 2864 1960
516 516 1956
2299 2299 1956
2353 2353 1956
2058 2058 1956
1948 1948 1954
886 886 1954
2387 2387 1953
1006 1006 1953
539 539 1952
1994 1994 1952
1579 1579 1950
965 965 1950
1961 1961 1949
1953 1953 1949
489 489 1947
1734 1734 1945
2225 2225 1945
1644 1644 1944
2702 2702 1943
2221 2221 1942
219 219 1942
229 229 1939
2261 2261 1938
2484 2484 1936
2498 2498 1936
251 251 1934
2397 2397 1934
454 454 1932
2430 2430 1932
1463 1463 1930
2592 2592 1930
905 905 1923
2117 2117 1923
2314 2314 1921
2513 2513 1920
2562 2562 1913
1437 1437 1912
765 765 1911
2249 2249 1910
1301 1301 1907
1171 1171 1906
2729 2729 1905
1604 1604 1904
8 8 1901
2506 2506 1899
1140 1140 1898
2749 2749 1895
386 386 1893
1457 1457 1890
1161 1161 1889
1479 1479 1888
2770 2770 1888
2101 2101 1887
679 679 1884
2939 2939 1883
2541 2541 1881
2530 2530 1880
2155 2155 1878
2170 2170 1878
1692 1692 1878
900 900 1876
1847 1847 1876
2084 2084 1875
122 122 1874
3073 3073 1874
1799 1799 1873
2635 2635 1870
2951 2951 1870
2785 2785 1870
722 722 1869
1824 1824 1869
1682 1682 1867
2153 2153 1867
1540 1540 1866
3085 3085 1865
3001 3001 1863
920 920 1862
2566 2566 1861
185 185 1861
2921 2921 1859
3083 3083 1858
1888 1888 1856
2264 2264 1854
590 590 1853
2836 2836 1853
521 521 1852
1467 1467 1852
1178 1178 1851
2777 2777 1849
1621 1621 1849
2836 2836 1848
822 822 1848
2244 2244 1845
1440 1440 1845
541 541 1844
2137 2137 1844
3111 3111 1843
2992 2992 1842
1719 1719 1841
2226 2226 1840
2352 2352 1839
2233 2233 1838
2612 2612 1838
1893 1893 1837
3123 3123 1837
1195 1195 1837
1447 1447 1835
2985 2985 1835
2083 2083 1833
696 696 1832
1780 1780 1831
1672 1672 1830
1266 1266 1829
1689 1689 1829
2080 2080 1828
2612 2612 1827
1224 1224 1825
2519 2519 1825
2765 2765 1825
2088 2088 1824
2294 2294 1823
1751 1751 1823
1813 1813 1822
1310 1310 1821
1601 1601 1820
950 950 1818
802 802 1818
274 274 1817
2458 2458 1816
759 759 1814
2325 2325 1812
3148 3148 1811
192 192 1811
305 305 1810
512 512 1808
683 683 1807
1150 1150 1806
815 815 1804
1993 1993 1803
1191 1191 1801
2660 2660 1801
3130 3130 1799
2545 2545 1798
3190 3190 1798
2651 2651 1798
374 374 1797
2962 2962 1796
844 844 1795
3175 3175 1791
2371 2371 1790
210 210 1790
1716 1716 1789
1693 1693 1789
1887 1887 1787
750 750 1786
2854 2854 1786
1465 1465 1785
671 671 1785
2560 2560 1785
1269 1269 1784
2249 2249 1784
1059 1059 1783
2874 2874 1783
1450 1450 1783
805 805 1783
1793 1793 1783
206 206 1783
3091 3091 1782
2887 2887 1782
3064 3064 1781
1422 1422 1781
3212 3212 1781
2769 2769 1780
2342 2342 1779
3064 3064 1779
1427 1427 1778
1463 1463 1777
3152 3152 1777
2786 2786 1776
2894 2894 1774
39 39 1773
1632 1632 1773
2214 2214 1770
2642 2642 1770
115 115 1769
186 186 1769
3109 3109 1769
3108 3108 1765
418 418 1763
465 465 1761
2191 2191 1761
1093 1093 1760
663 663 1760
1620 1620 1759
2726 2726 1759
275 275 1759
1592 1592 1759
2700 2700 1756
3117 3117 1755
706 706 1755
2929 2929 1753
1004 1004 1752
1111 1111 1752
2547 2547 1749
2957 2957 1747
3119 3119 1747
2762 2762 1745
47 47 1745
2372 2372 1744
506 506 1744
2449 2449 1744
1022 1022 1743
2033 2033 1743
2816 2816 1743
827 827 1742
2783 2783 1742
2526 2526 1742
1382 1382 1741
2886 2886 1741
1209 1209 1739
883 883 1738
1615 1615 1735
2338 2338 1734
2537 2537 1733
1676 1676 1731
2559 2559 1730
1180 1180 1726
1298 1298 1723
1703 1703 1723
182 182 1723
2668 2668 1722
309 309 1722
3126 3126 1720
1896 1896 1720
977 977 1720
1582 1582 1719
2743 2743 1718
2119 2119 1718
2008 2008 1718
2475 2475 1716
1952 1952 1715
2969 2969 1713
1017 1017 1713
2158 2158 1712
3193 3193 1711
537 537 1710
2288 2288 1710
414 414 1710
3027 3027 1708
1104 1104 1708
1240 1240 1708
1591 1591 1706
1270 1270 1705
800 800 1704
526 526 1701
831 831 1701
81 81 1701
398 398 1700
2980 2980 1700
3168 3168 1699
2463 2463 1699
843 843 1699
638 638 1698
2201 2201 1697
680 680 1694
2655 2655 1694
2295 2295 1692
437 437 1690
3095 3095 1690
2676 2676 1689
1603 1603 1688
2570 2570 1688
2469 2469 1688
1503 1503 1687
234 234 1687
3266 3266 1687
2771 2771 1686
3076 3076 1684
718 718 1684
1538 1538 1683
2347 2347 1680
3082 3082 1679
2695 2695 1678
2922 2922 1678
2696 2696 1677
2637 2637 1675
3143 3143 1672
1133 1133 1670
2969 2969 1670
3199 3199 1669
132 132 1668
2147 2147 1668
2753 2753 1667
442 442 1666
1655 1655 1665
2316 2316 1664
621 621 1663
2291 2291 1663
2329 2329 1662
709 709 1661
3157 3157 1661
2952 2952 1660
1101 1101 1659
753 753 1658
1481 1481 1657
3181 3181 1657
3064 3064 1657
3147 3147 1657
2803 2803 1657
2137 2137 1655
832 832 1654
2944 2944 1654
3220 3220 1653
536 536 1652
561 561 1651
261 261 1651
108 108 1650
199 199 1648
1492 1492 1646
678 678 1646
2071 2071 1646
2492 2492 1645
1072 1072 1644
1555 1555 1643
2856 2856 1643
1253 1253 1642
1799 1799 1638
2784 2784 1637
198 198 1634
2283 2283 1634
2462 2462 1634
822 822 1632
1919 1919 1632
1332 1332 1631
2856 2856 1631
2884 2884 1628
950 950 1626
2926 2926 1624
2647 2647 1624
2988 2988 1621
2589 2589 1620
2219 2219 1620
1273 1273 1619
3148 3148 1618
3376 3376 1617
3341 3341 1617
2468 2468 1616
3184 3184 1616
2515 2515 1616
3374 3374 1613
3227 3227 1613
2221 2221 1612
354 354 1611
2524 2524 1610
2102 2102 1610
1977 1977 1609
870 870 1607
2193 2193 1607
521 521 1605
1460 1460 1602
2616 2616 1602
205 205 1602
2095 2095 1599
2707 2707 1599
3333 3333 1599
3104 3104 1599
1904 1904 1598
61 61 1598
1071 1071 1597
471 471 1597
613 613 1596
3152 3152 1596
2741 2741 1594
29 29 1593
3028 3028 1593
1575 1575 1592
3111 3111 1592
1451 1451 1590
716 716 1590
2943 2943 1590
297 297 1590
3382 3382 1588
2680 2680 1587
1478 1478 1586
1004 1004 1585
2592 2592 1585
976 976 1585
2737 2737 1584
2085 2085 1584
310 310 1580
3037 3037 1580
2985 2985 1580
666 666 1580
2381 2381 1579
2811 2811 1579
957 957 1579
2998 2998 1579
3200 3200 1576
1760 1760 1576
1378 1378 1576
3424 3424 1575
213 213 1574
2894 2894 1573
2181 2181 1573
2554 2554 1573
170 170 1572
1163 1163 1572
2448 2448 1571
2806 2806 1569
2368 2368 1569
732 732 1568
3230 3230 1566
2576 2576 1566
2076 2076 1561
1058 1058 1561
2598 2598 1561
1492 1492 1558
1288 1288 1558
1502 1502 1555
2069 2069 1555
767 767 1554
242 242 1554
3273 3273 1553
916 916 1551
558 558 1551
1931 1931 1551
1296 1296 1551
966 966 1550
925 925 1549
2387 2387 1549
952 952 1547
203 203 1547
2541 2541 1547
1548 1548 1547
302 302 1546
2746 2746 1545
2548 2548 1545
3421 3421 1543
1914 1914 1543
1037 1037 1543
2990 2990 1543
2092 2092 1541
1756 1756 1541
2415 2415 1539
2082 2082 1539
3048 3048 1538
895 895 1538
2804 2804 1537
3012 3012 1537
2591 2591 1535
3029 3029 1535
2976 2976 1533
1085 1085 1532
2979 2979 1531
3377 3377 1530
3166 3166 1529
2136 2136 1528
1935 1935 1527
1408 1408 1527
2667 2667 1526
2764 2764 1526
2698 2698 1525
2859 2859 1522
2217 2217 1520
3439 3439 1519
1929 1929 1517
763 763 1515
705 705 1515
3132 3132 1514
270 270 1514
865 865 1513
827 827 1513
113 113 1512
737 737 1511
2482 2482 1510
3292 3292 1509
1799 1799 1508
499 499 1508
1493 1493 1508
2454 2454 1508
2719 2719 1507
2496 2496 1506
2607 2607 1506
2706 2706 1506
1169 1169 1506
1636 1636 1506
2805 2805 1506
2552 2552 1504
2150 2150 1504
569 569 1503
2367 2367 1502
2551 2551 1501
2070 2070 1501
2202 2202 1501
2132 2132 1500
439 439 1500
1146 1146 1498
1742 1742 1498
2807 2807 1498
1339 1339 1496
1690 1690 1496
3018 3018 1495
2820 2820 1495
1996 1996 1495
740 740 1494
3282 3282 1494
2193 2193 1494
3380 3380 1494
256 256 1493
1003 1003 1493
3114 3114 1492
2914 2914 1491
3397 3397 1491
575 575 1490
1107 1107 1488
2600 2600 1488
1685 1685 1488
600 600 1487
3496 3496 1485
3237 3237 1484
3066 3066 1482
1226 1226 1482
1729 1729 1482
536 536 1481
3278 3278 1480
3029 3029 1478
406 406 1477
992 992 1477
3384 3384 1476
2507 2507 1476
3017 3017 1475
3309 3309 1475
1952 1952 1475
37 37 1474
3201 3201 1473
3178 3178 1472
1850 1850 1469
3247 3247 1467
1554 1554 1467
3052 3052 1464
2569 2569 1464
359 359 1464
3402 3402 1462
2948 2948 1462
1220 1220 1460
2546 2546 1460
1445 1445 1460
1834 1834 1459
2359 2359 1459
1432 1432 1458
155 155 1457
1517 1517 1457
3446 3446 1457
295 295 1457
1211 1211 1456
2735 2735 1456
2689 2689 1456
1172 1172 1455
2236 2236 1454
3264 3264 1454
555 555 1454
1548 1548 1453
692 692 1453
266 266 1452
921 921 1452
2560 2560 1452
3257 3257 1451
1131 1131 1451
1317 1317 1450
2547 2547 1450
3105 3105 1450
2526 2526 1449
1852 1852 1449
1902 1902 1448
1300 1300 1448
3454 3454 1446
3350 3350 1445
1268 1268 1444
574 574 1443
2450 2450 1443
878 878 1439
3054 3054 1439
1623 1623 1439
1613 1613 1438
1416 1416 1438
2765 2765 1436
2766 2766 1436
2045 2045 1435
2388 2388 1435
3369 3369 1435
245 245 1431
2812 2812 1431
3159 3159 1430
2200 2200 1430
1161 1161 1429
304 304 1429
2186 2186 1428
2559 2559 1428
218 218 1427
2499 2499 1427
2635 2635 1426
1796 1796 1426
3500 3500 1471
3277 3277 1423
186 186 1422
11 11 1421
1691 1691 1420
3407 3407 1420
1891 1891 1420
3248 3248 1420
2767 2767 1419
2718 2718 1418
862 862 1418
3263 3263 1417
1501 1501 1417
2023 2023 1416
485 485 1415
2119 2119 1415
2861 2861 1415
2957 2957 1415
1193 1193 1413
3082 3082 1413
3311 3311 1413
2279 2279 1411
3080 3080 1410
482 482 1409
296 296 1408
2323 2323 1407
611 611 1406
25 25 1406
1779 1779 1404
317 317 1403
3220 3220 1402
2382 2382 1402
3500 3500 1473
3486 3486 1400
3155 3155 1400
3004 3004 1398
1295 1295 1395
3064 3064 1390
3500 3500 1444
2817 2817 1389
1136 1136 1388
1683 1683 1387
2646 2646 1386
273 273 1385
2707 2707 1384
1853 1853 1384
42 42 1383
1286 1286 1383
2239 2239 1383
2134 2134 1382
732 732 1382
3394 3394 1381
3498 3498 1378
8 8 1378
610 610 1378
1851 1851 1377
1570 1570 1376
1414 1414 1376
3047 3047 1376
3397 3397 1376
528 528 1373
3293 3293 1372
3205 3205 1369
2340 2340 1367
1874 1874 1367
3500 3500 1405
3192 3192 1365
1557 1557 1365
3134 3134 1364
57 57 1364
1084 1084 1364
2710 2710 1363
812 812 1360
2939 2939 1359
2727 2727 1357
2479 2479 1355
1874 1874 1355
216 216 1353
27 27 1351
3271 3271 1348
2069 2069 1348
3347 3347 1347
1717 1717 1346
1992 1992 1345
2046 2046 1345
1870 1870 1345
2383 2383 1344
3015 3015 1344
3500 3500 1498
2372 2372 1341
3086 3086 1341
503 503 1341
3437 3437 1340
1367 1367 1339
3500 3500 1347
3100 3100 1337
3065 3065 1333
2463 2463 1331
388 388 1330
2220 2220 1326
3160 3160 1323
846 846 1323
2673 2673 1323
2697 2697 1323
3500 3500 1473
2564 2564 1321
2699 2699 1319
2573 2573 1319
3393 3393 1319
2258 2258 1319
216 216 1318
3270 3270 1318
2590 2590 1317
2386 2386 1317
1342 1342 1316
2704 2704 1316
2273 2273 1314
2315 2315 1313
2503 2503 1313
1471 1471 1312
3500 3500 1463
2376 2376 1312
2951 2951 1311
2831 2831 1308
3412 3412 1306
1592 1592 1305
672 672 1303
2961 2961 1302
3053 3053 1301
2735 2735 1301
2978 2978 1300
454 454 1300
2115 2115 1300
2134 2134 1299
346 346 1298
3207 3207 1295
2849 2849 1295
3500 3500 1310
2861 2861 1293
1862 1862 1293
600 600 1291
3037 3037 1291
241 241 1290
3500 3500 1459
1343 1343 1289
1017 1017 1288
3372 3372 1287
617 617 1286
2257 2257 1286
2106 2106 1285
2930 2930 1284
2701 2701 1284
605 605 1284
3500 3500 1401
3001 3001 1283
2297 2297 1282
2521 2521 1282
3500 3500 1288
1692 1692 1281
2568 2568 1281
964 964 1281
2213 2213 1280
2128 2128 1279
1471 1471 1279
3500 3500 1349
77 77 1277
2587 2587 1277
2397 2397 1277
420 420 1276
1931 1931 1274
3500 3500 1367
3287 3287 1271
1423 1423 1271
3458 3458 1269
3285 3285 1268
3404 3404 1266
2012 2012 1265
1477 1477 1264
3500 3500 1296
3091 3091 1262
3500 3500 1422
1653 1653 1261
2775 2775 1261
3250 3250 1261
2596 2596 1259
3120 3120 1258
3415 3415 1258
3500 3500 1257
1673 1673 1256
1768 1768 1254
2092 2092 1254
1380 1380 1253
2712 2712 1252
3500 3500 1423
1880 1880 1251
3106 3106 1250
3407 3407 1249
2089 2089 1248
1579 1579 1248
3006 3006 1245
586 586 1244
3204 3204 1243
2793 2793 1243
3500 3500 1300
243 243 1242
3500 3500 1449
2272 2272 1241
1906 1906 1240
2832 2832 1238
2667 2667 1238
2111 2111 1237
3500 3500 1268
3169 3169 1233
3500 3500 1344
1840 1840 1232
2831 2831 1230
181 181 1227
2057 2057 1226
479 479 1225
1020 1020 1224
3500 3500 1475
1945 1945 1223
1132 1132 1218
3232 3232 1218
2619 2619 1218
2560 2560 1218
2982 2982 1217
3392 3392 1217
2883 2883 1215
2697 2697 1213
2517 2517 1212
3160 3160 1212
2608 2608 1211
2591 2591 1211
3304 3304 1211
2407 2407 1211
3500 3500 1337
3500 3500 1238
602 602 1208
1454 1454 1208
985 985 1208
2738 2738 1207
3064 3064 1207
2240 2240 1205
3258 3258 1205
2327 2327 1205
2630 2630 1204
802 802 1203
3500 3500 1382
2067 2067 1201
556 556 1200
953 953 1199
2864 2864 1196
3348 3348 1196
3364 3364 1195
926 926 1195
3500 3500 1421
2828 2828 1193
1492 1492 1189
1998 1998 1188
3229 3229 1188
2188 2188 1187
808 808 1186
643 643 1186
2516 2516 1186
1721 1721 1185
3500 3500 1352
1460 1460 1185
1369 1369 1184
3095 3095 1183
1668 1668 1183
2643 2643 1183
3500 3500 1264
3222 3222 1181
1610 1610 1180
3399 3399 1179
3202 3202 1179
3500 3500 1479
3415 3415 1178
3500 3500 1423
1313 1313 1177
3500 3500 1413
289 289 1175
1603 1603 1174
2946 2946 1172
2402 2402 1171
2074 2074 1171
3500 3500 1366
3500 3500 1341
1417 1417 1170
3290 3290 1169
3489 3489 1169
1577 1577 1169
2628 2628 1169
2053 2053 1169
1301 1301 1168
808 808 1167
1586 1586 1166
1288 1288 1166
1873 1873 1165
1263 1263 1165
3500 3500 1171
2808 2808 1165
3365 3365 1164
969 969 1162
2294 2294 1162
1744 1744 1161
1573 1573 1160
67 67 1159
3500 3500 1285
2661 2661 1158
2280 2280 1158
3365 3365 1157
94 94 1157
42 42 1156
3500 3500 1307
674 674 1151
2364 2364 1148
2556 2556 1148
1601 1601 1148
3500 3500 1316
968 968 1147
1520 1520 1146
1690 1690 1146
2588 2588 1144
3500 3500 1492
3500 3500 1424
1538 1538 1140
1340 1340 1140
1265 1265 1140
3055 3055 1137
2996 2996 1136
3500 3500 1365
1833 1833 1136
3500 3500 1254
390 390 1135
2769 2769 1135
3221 3221 1135
3500 3500 1292
3500 3500 1343
3500 3500 1208
686 686 1134
2240 2240 1133
3500 3500 1235
650 650 1132
3500 3500 1354
3033 3033 1131
3298 3298 1131
899 899 1130
3446 3446 1130
2273 2273 1130
3464 3464 1128
1198 1198 1127
1522 1522 1127
2364 2364 1127
3500 3500 1324
349 349 1126
666 666 1125
1214 1214 1125
3274 3274 1125
1182 1182 1125
3263 3263 1124
453 453 1124
3500 3500 1319
3249 3249 1124
2311 2311 1123
1012 1012 1123
499 499 1123
3500 3500 1499
3240 3240 1121
939 939 1120
3500 3500 1312
3500 3500 1288
2896 2896 1118
2637 2637 1117
3500 3500 1356
2860 2860 1117
3500 3500 1195
3214 3214 1116
2712 2712 1115
2521 2521 1114
3411 3411 1112
2527 2527 1112
1746 1746 1112
3500 3500 1229
3500 3500 1469
3399 3399 1108
2922 2922 1108
2994 2994 1107
813 813 1107
3348 3348 1106
3471 3471 1105
3301 3301 1105
3500 3500 1219
1928 1928 1104
2068 2068 1103
3335 3335 1101
3500 3500 1108
3500 3500 1411
1572 1572 1099
1624 1624 1098
1472 1472 1097
3059 3059 1095
347 347 1095
1104 1104 1095
2273 2273 1093
3500 3500 1398
928 928 1091
3500 3500 1413
1657 1657 1089
2794 2794 1089
2477 2477 1088
2617 2617 1087
3500 3500 1179
2455 2455 1086
3188 3188 1084
1293 1293 1084
1315 1315 1084
2759 2759 1083
2095 2095 1083
2454 2454 1082
867 867 1082
1293 1293 1082
3500 3500 1359
1173 1173 1081
3500 3500 1092
2883 2883 1080
3500 3500 1467
59 59 1079
3500 3500 1181
1320 1320 1079
3235 3235 1079
1908 1908 1079
1742 1742 1079
2913 2913 1078
2570 2570 1078
3180 3180 1077
2740 2740 1077
2942 2942 1077
359 359 1077
3307 3307 1076
3500 3500 1366
2918 2918 1073
3148 3148 1072
2431 2431 1072
3500 3500 1075
3500 3500 1207
3500 3500 1111
524 524 1069
2293 2293 1068
2279 2279 1067
3500 3500 1426
266 266 1065
571 571 1064
2687 2687 1064
3017 3017 1063
2593 2593 1063
3224 3224 1061
3388 3388 1059
991 991 1059
3500 3500 1445
3500 3500 1376
3193 3193 1058
2280 2280 1058
3416 3416 1057
2921 2921 1056
3500 3500 1166
3262 3262 1054
3454 3454 1054
3498 3498 1051
2203 2203 1050
2046 2046 1048
2650 2650 1048
3463 3463 1047
2240 2240 1047
3500 3500 1364
3500 3500 1389
1304 1304 1044
2869 2869 1043
1175 1175 1043
3273 3273 1043
2042 2042 1042
96 96 1042
3242 3242 1041
2544 2544 1040
2805 2805 1039
2050 2050 1039
3196 3196 1039
593 593 1039
3500 3500 1070
3500 3500 1150
797 797 1033
1461 1461 1033
3205 3205 1033
1570 1570 1033
3077 3077 1033
811 811 1033
3093 3093 1032
2977 2977 1031
2884 2884 1031
494 494 1030
3397 3397 1029
3500 3500 1434
1484 1484 1028
3315 3315 1028
3031 3031 1027
3500 3500 1453
3353 3353 1026
2594 2594 1025
2902 2902 1024
3500 3500 1344
447 447 1023
2947 2947 1023
2233 2233 1022
195 195 1022
3500 3500 1059
1551 1551 1021
3394 3394 1021
3500 3500 1439
2827 2827 1020
3500 3500 1128
2043 2043 1020
2724 2724 1019
1303 1303 1017
1959 1959 1017
1246 1246 1016
3500 3500 1322
3030 3030 1015
1432 1432 1015
3500 3500 1405
3092 3092 1013
3500 3500 1384
3500 3500 1267
3160 3160 1010
3500 3500 1358
949 949 1009
3495 3495 1008
3015 3015 1008
453 453 1008
3250 3250 1007
470 470 1006
402 402 1006
2373 2373 1006
403 403 1006
3500 3500 1109
2494 2494 1005
3500 3500 1414
441 441 1004
3500 3500 1437
2974 2974 1003
2123 2123 1002
2806 2806 1002
3500 3500 1132
3500 3500 1231
2272 2272 1001
3500 3500 1207
863 863 999
1079 1079 999
543 543 998
3397 3397 998
3367 3367 996
3099 3099 996
3453 3453 995
3500 3500 1239
1496 1496 992
1671 1671 992
1603 1603 992
3500 3500 1346
660 660 986
2309 2309 985
3470 3470 983
3500 3500 1226
76 76 980
1769 1769 980
1701 1701 979
3482 3482 979
3198 3198 978
2555 2555 977
3500 3500 1135
3500 3500 1008
3500 3500 1293
2001 2001 974
2387 2387 974
3500 3500 1031
920 920 973
2778 2778 973
3266 3266 972
1649 1649 971
2973 2973 971
3500 3500 1300
884 884 969
3069 3069 969
3500 3500 1195
563 563 968
2217 2217 968
3500 3500 972
3166 3166 968
2812 2812 968
1801 1801 968
2072 2072 967
3500 3500 1131
2349 2349 967
3409 3409 966
3500 3500 1010
422 422 966
3500 3500 1377
12 12 965
696 696 965
2805 2805 965
411 411 964
3500 3500 1079
2219 2219 964
659 659 964
3500 3500 1201
3500 3500 1421
3500 3500 1029
1684 1684 962
1503 1503 961
3273 3273 961
1605 1605 960
3500 3500 996
2853 2853 960
1249 1249 959
3500 3500 999
3500 3500 1240
2801 2801 958
2982 2982 958
3500 3500 1149
2761 2761 957
3144 3144 957
869 869 956
237 237 956
3500 3500 1130
3500 3500 1486
3166 3166 950
2727 2727 949
3500 3500 1258
1665 1665 948
3500 3500 1092
1701 1701 947
2037 2037 945
3353 3353 945
3500 3500 1413
699 699 945
2991 2991 944
1872 1872 943
3500 3500 1356
1541 1541 940
2788 2788 939
749 749 939
3500 3500 955
861 861 938
2674 2674 937
3048 3048 937
3500 3500 1218
1447 1447 935
2348 2348 933
1400 1400 933
2571 2571 933
3210 3210 932
1489 1489 932
1454 1454 932
3500 3500 1123
3079 3079 928
2356 2356 927
2263 2263 927
3500 3500 1311
3293 3293 926
3500 3500 946
369 369 925
440 440 925
2211 2211 925
2771 2771 924
839 839 923
2906 2906 923
2996 2996 922
1143 1143 921
3194 3194 921
2701 2701 920
2837 2837 917
3500 3500 1371
3500 3500 1478
913 913 916
2668 2668 916
576 576 915
3500 3500 1262
3208 3208 915
2399 2399 914
1489 1489 914
3500 3500 1406
3500 3500 1408
3434 3434 913
1291 1291 912
3500 3500 1373
3330 3330 912
2934 2934 911
3293 3293 910
3500 3500 1044
3500 3500 934
2061 2061 908
3500 3500 1416
3500 3500 1478
345 345 907
3079 3079 907
1742 1742 906
1388 1388 906
2091 2091 905
3500 3500 1018
3500 3500 1169
1177 1177 903
2640 2640 902
2334 2334 902
3500 3500 1396
2544 2544 902
3116 3116 902
2078 2078 901
2795 2795 899
2067 2067 898
50 50 898
3367 3367 898
3500 3500 1362
3302 3302 896
2719 2719 896
3500 3500 1381
2158 2158 894
1792 1792 893
2174 2174 893
3418 3418 893
756 756 892
2277 2277 891
3500 3500 942
3068 3068 889
1230 1230 889
3500 3500 1288
3500 3500 996
2858 2858 887
3500 3500 1301
2534 2534 887
2696 2696 886
3054 3054 885
3500 3500 1365
2499 2499 884
3108 3108 884
2685 2685 883
3500 3500 1058
1106 1106 882
3500 3500 1168
2520 2520 881
827 827 881
730 730 881
3500 3500 1398
3500 3500 1461
3091 3091 880
221 221 878
1348 1348 878
3500 3500 1387
3500 3500 880
3500 3500 989
2703 2703 877
2131 2131 874
1730 1730 874
3500 3500 1221
3317 3317 873
2671 2671 873
1124 1124 872
941 941 872
3483 3483 872
3077 3077 872
2963 2963 871
3021 3021 871
2663 2663 871
2936 2936 870
3500 3500 998
522 522 868
3500 3500 1386
3500 3500 1056
3500 3500 1409
3500 3500 1426
3140 3140 864
3500 3500 1136
2329 2329 862
2539 2539 861
1091 1091 860
302 302 860
3500 3500 891
3500 3500 1120
3500 3500 1024
3446 3446 857
2022 2022 857
2818 2818 857
2050 2050 855
1827 1827 854
3500 3500 1316
2576 2576 853
2435 2435 852
507 507 852
3500 3500 1222
3461 3461 852
86 86 849
3421 3421 849
2103 2103 849
3032 3032 848
1076 1076 848
1420 1420 848
3500 3500 978
3500 3500 1102
3500 3500 1469
3481 3481 844
3500 3500 1331
2473 2473 843
3500 3500 1353
1410 1410 842
771 771 842
3287 3287 841
2322 2322 841
3500 3500 1460
2595 2595 840
2691 2691 840
2882 2882 840
3307 3307 838
3500 3500 970
3500 3500 996
1965 1965 838
633 633 838
3500 3500 1437
2122 2122 837
936 936 837
2559 2559 836
3500 3500 1423
1940 1940 836
3500 3500 1059
48 48 836
3342 3342 835
3500 3500 1087
3500 3500 1193
2381 2381 831
3500 3500 1040
3500 3500 1400
724 724 827
2659 2659 827
214 214 827
3500 3500 1281
3500 3500 1307
1557 1557 823
3500 3500 1267
1760 1760 823
1396 1396 822
3500 3500 948
2619 2619 821
1237 1237 821
3138 3138 821
1577 1577 820
3127 3127 819
3500 3500 853
108 108 818
1928 1928 818
3500 3500 1171
631 631 817
3500 3500 1481
3242 3242 816
195 195 816
963 963 816
2284 2284 816
1352 1352 815
3500 3500 1477
3500 3500 1465
2667 2667 813
3500 3500 1114
2705 2705 812
2105 2105 811
3419 3419 811
3344 3344 811
1663 1663 811
3500 3500 1178
2297 2297 811
3500 3500 1436
3047 3047 809
3500 3500 1437
3500 3500 1134
2484 2484 808
3355 3355 807
3500 3500 1328
956 956 806
433 433 805
1131 1131 805
3500 3500 874
1306 1306 804
3500 3500 1491
2924 2924 803
3229 3229 801
1956 1956 801
2674 2674 799
2654 2654 799
1213 1213 797
3500 3500 1349
3492 3492 796
788 788 796
1280 1280 796
2459 2459 796
2667 2667 795
2152 2152 795
2578 2578 795
2010 2010 793
2698 2698 793
810 810 792
3101 3101 791
3500 3500 1277
2517 2517 791
3500 3500 806
1035 1035 789
3500 3500 1224
3500 3500 1422
3500 3500 1319
1246 1246 787
3208 3208 787
3500 3500 1423
1625 1625 787
3500 3500 1037
1219 1219 785
3443 3443 785
1638 1638 784
3500 3500 804
1962 1962 783
3500 3500 1142
2121 2121 782
1645 1645 782
3500 3500 1152
2985 2985 782
857 857 781
2647 2647 781
3500 3500 1399
929 929 777
3330 3330 777
3500 3500 1309
3037 3037 776
1928 1928 776
3500 3500 835
1447 1447 774
3500 3500 1043
2113 2113 774
2700 2700 774
3452 3452 772
3500 3500 795
2758 2758 769
2337 2337 769
1571 1571 768
3140 3140 768
3500 3500 1266
1049 1049 766
2575 2575 766
1075 1075 765
3500 3500 973
2533 2533 764
2098 2098 764
3071 3071 764
3296 3296 764
242 242 764
3500 3500 1294
47 47 763
3500 3500 1418
1733 1733 761
903 903 760
3500 3500 1363
3500 3500 1437
2285 2285 759
3500 3500 1362
2195 2195 757
3500 3500 913
1608 1608 756
3500 3500 1194
3500 3500 1478
3412 3412 754
1554 1554 752
3500 3500 1453
3319 3319 752
3500 3500 1089
1342 1342 751
3500 3500 1239
2732 2732 750
3037 3037 749
3500 3500 1199
3500 3500 1352
126 126 748
2090 2090 746
56 56 746
3500 3500 1363
3290 3290 746
3500 3500 1401
1600 1600 745
3500 3500 1207
2351 2351 744
1413 1413 744
3226 3226 744
2420 2420 744
142 142 743
3500 3500 1481
3446 3446 739
1739 1739 739
2057 2057 737
3500 3500 1339
3500 3500 1470
3500 3500 871
3500 3500 1303
2641 2641 734
1289 1289 733
3500 3500 1458
1107 1107 732
585 585 730
3500 3500 828
3500 3500 1286
3500 3500 1440
659 659 726
2814 2814 725
1666 1666 725
1828 1828 725
1891 1891 724
945 945 724
3500 3500 830
2592 2592 724
3500 3500 1241
3500 3500 1432
2087 2087 723
431 431 722
3500 3500 770
3172 3172 721
2412 2412 721
3500 3500 880
2937 2937 719
3268 3268 718
3500 3500 1405
2654 2654 718
3115 3115 717
3500 3500 1140
3500 3500 879
1385 1385 715
3418 3418 715
1922 1922 714
2018 2018 714
1253 1253 713
3500 3500 1244
3500 3500 1256
3500 3500 1300
2338 2338 712
905 905 711
3174 3174 710
1539 1539 709
3500 3500 902
3500 3500 1106
156 156 707
1277 1277 707
3500 3500 1092
1383 1383 707
3500 3500 1309
3500 3500 1339
3500 3500 979
948 948 704
2859 2859 704
1569 1569 703
3500 3500 799
2706 2706 702
3500 3500 1149
3500 3500 1343
1260 1260 700
418 418 699
2122 2122 698
3500 3500 990
1637 1637 698
3500 3500 756
1971 1971 697
1027 1027 697
1703 1703 697
493 493 696
3500 3500 1296
3500 3500 1417
965 965 695
2553 2553 693
2854 2854 692
3500 3500 1264
603 603 691
3500 3500 1442
3103 3103 690
2118 2118 690
3500 3500 715
2069 2069 690
683 683 689
3397 3397 689
3041 3041 688
3500 3500 1249
2057 2057 687
3313 3313 686
444 444 686
3500 3500 1043
3500 3500 1122
3340 3340 684
2609 2609 683
2326 2326 683
319 319 683
2639 2639 683
2153 2153 681
3500 3500 1433
2328 2328 679
2029 2029 679
3500 3500 1108
3457 3457 678
2163 2163 678
2311 2311 678
1060 1060 678
3500 3500 1393
3500 3500 1466
3500 3500 1368
2857 2857 677
3500 3500 1342
2523 2523 676
3500 3500 1384
3500 3500 1095
3500 3500 1165
3500 3500 1365
2918 2918 674
3500 3500 1308
2478 2478 673
3350 3350 673
2570 2570 672
3500 3500 1443
3500 3500 951
3245 3245 670
3500 3500 935
3388 3388 668
3500 3500 1375
3500 3500 1364
1693 1693 666
3500 3500 1389
3500 3500 1431
3500 3500 1244
3500 3500 1026
2055 2055 663
3268 3268 662
3500 3500 1144
3500 3500 823
3008 3008 660
3500 3500 910
3500 3500 1313
2880 2880 659
3500 3500 1259
2733 2733 658
3215 3215 658
3500 3500 1390
3500 3500 1343
3500 3500 1206
815 815 656
2688 2688 656
3500 3500 1390
2335 2335 656
2111 2111 654
3500 3500 1458
3500 3500 1247
3500 3500 1416
3204 3204 654
217 217 653
998 998 653
3500 3500 732
3500 3500 1437
3344 3344 651
3500 3500 954
3500 3500 1325
196 196 650
2108 2108 650
3500 3500 695
1135 1135 650
340 340 649
2820 2820 648
3167 3167 648
3500 3500 1283
613 613 648
3500 3500 668
1620 1620 647
3500 3500 1220
3500 3500 1498
3500 3500 1106
3500 3500 879
1628 1628 645
3500 3500 679
1584 1584 645
3020 3020 644
2905 2905 644
3500 3500 1414
3500 3500 956
3500 3500 752
3500 3500 1285
2970 2970 642
3500 3500 1149
2203 2203 642
2796 2796 639
3500 3500 1312
702 702 638
3500 3500 1425
3435 3435 636
3500 3500 737
2907 2907 636
2536 2536 635
1911 1911 635
2309 2309 635
3500 3500 810
3500 3500 1299
3156 3156 634
2643 2643 634
3072 3072 632
3500 3500 1343
3394 3394 630
1398 1398 630
3500 3500 718
3185 3185 629
3500 3500 1289
3456 3456 628
956 956 627
671 671 627
3453 3453 626
3500 3500 1013
3500 3500 962
3500 3500 1070
3500 3500 982
3500 3500 1481
1055 1055 623
592 592 623
3500 3500 713
2225 2225 622
3044 3044 621
3500 3500 967
2963 2963 620
3500 3500 1181
3500 3500 1375
3329 3329 619
3500 3500 1139
3073 3073 618
3500 3500 1320
2048 2048 617
683 683 617
2957 2957 617
3500 3500 809
3500 3500 807
3500 3500 831
683 683 612
3500 3500 1047
1736 1736 611
209 209 609
3263 3263 609
3500 3500 1423
3500 3500 646
3500 3500 1130
3500 3500 1209
2147 2147 606
2695 2695 606
3079 3079 605
371 371 604
3500 3500 1319
1355 1355 604
1918 1918 603
3500 3500 1056
2381 2381 602
626 626 602
3500 3500 1053
3500 3500 1010
3500 3500 876
3500 3500 719
3500 3500 1014
1292 1292 599
3500 3500 1036
3500 3500 604
3500 3500 1492
3500 3500 801
1643 1643 595
3500 3500 1370
3239 3239 595
3500 3500 825
3148 3148 594
3500 3500 679
3142 3142 594
1291 1291 593
3500 3500 779
1439 1439 593
3500 3500 1159
2112 2112 592
3500 3500 1342
3500 3500 677
3418 3418 590
1247 1247 590
1540 1540 589
1567 1567 588
3500 3500 891
1899 1899 587
2019 2019 587
3500 3500 930
1438 1438 586
2468 2468 586
1754 1754 585
3500 3500 730
3500 3500 1396
3500 3500 1366
3500 3500 675
3500 3500 773
3500 3500 909
3500 3500 726
3135 3135 578
1605 1605 577
3500 3500 1027
2950 2950 577
3337 3337 576
2791 2791 576
3500 3500 1259
3234 3234 574
504 504 574
3500 3500 1002
3500 3500 1153
1782 1782 573
1586 1586 572
2845 2845 572
2353 2353 572
3500 3500 845
1502 1502 571
1434 1434 571
1171 1171 570
206 206 570
2994 2994 569
1647 1647 569
3467 3467 569
2524 2524 569
2325 2325 568
1449 1449 567
2272 2272 567
3500 3500 1259
3099 3099 567
1971 1971 566
2397 2397 565
3431 3431 565
598 598 564
2437 2437 564
3500 3500 1439
2264 2264 564
1141 1141 563
555 555 563
2009 2009 562
3500 3500 664
2250 2250 562
3500 3500 1226
2339 2339 562
3500 3500 1366
2009 2009 561
3260 3260 561
1968 1968 561
3500 3500 1254
3500 3500 1137
3500 3500 784
3500 3500 970
408 408 559
3500 3500 1293
3016 3016 557
1244 1244 557
1549 1549 556
2715 2715 555
3500 3500 1160
159 159 554
3500 3500 674
2414 2414 553
3500 3500 1019
3500 3500 1193
3165 3165 551
2826 2826 551
3377 3377 551
3233 3233 551
3500 3500 752
3500 3500 1228
2313 2313 550
2843 2843 548
666 666 547
1259 1259 547
3500 3500 815
3500 3500 1398
3500 3500 608
3500 3500 1374
3500 3500 1436
3500 3500 1262
1992 1992 543
1989 1989 543
3500 3500 1420
3380 3380 543
3500 3500 1464
2808 2808 541
2869 2869 541
3500 3500 1434
279 279 540
3500 3500 841
2934 2934 540
2438 2438 539
3500 3500 698
3500 3500 1394
1338 1338 537
3500 3500 628
3500 3500 712
3458 3458 533
3500 3500 1033
1556 1556 533
1735 1735 532
3500 3500 1458
2603 2603 531
3500 3500 1375
1682 1682 530
3500 3500 1339
2618 2618 529
3114 3114 529
3500 3500 736
2911 2911 528
3500 3500 532
2757 2757 527
2736 2736 527
1254 1254 527
3500 3500 1387
3500 3500 895
3500 3500 1000
2398 2398 526
3360 3360 524
3500 3500 1303
1364 1364 524
532 532 523
3500 3500 1042
3500 3500 928
1099 1099 522
3500 3500 1355
457 457 520
2250 2250 519
1047 1047 519
3500 3500 1382
1399 1399 518
3500 3500 860
3500 3500 1066
3500 3500 755
1404 1404 516
3500 3500 1109
3500 3500 996
859 859 514
3450 3450 514
35 35 513
461 461 512
2256 2256 511
2760 2760 511
1965 1965 511
3500 3500 1484
3500 3500 884
3500 3500 1219
3500 3500 1224
1386 1386 509
3500 3500 548
2278 2278 507
3017 3017 506
3500 3500 709
3500 3500 1424
2144 2144 505
1490 1490 505
3500 3500 1490
888 888 505
2920 2920 505
781 781 504
416 416 504
3500 3500 783
2156 2156 504
3500 3500 592
3467 3467 503
705 705 503
3500 3500 1078
3500 3500 867
1701 1701 502
3500 3500 1355
3320 3320 501
3500 3500 1256
1341 1341 500
1563 1563 500
1885 1885 500
2714 2714 499
1343 1343 498
3473 3473 497
2023 2023 496
3500 3500 1425
3500 3500 1351
2871 2871 494
1116 1116 494
3252 3252 494
1958 1958 493
2068 2068 492
2795 2795 491
3372 3372 491
3500 3500 828
1247 1247 490
2684 2684 490
461 461 489
3001 3001 489
3500 3500 1471
3281 3281 487
1248 1248 487
2256 2256 485
3500 3500 1413
2279 2279 485
3500 3500 1155
3448 3448 484
3500 3500 892
956 956 483
1369 1369 483
3500 3500 549
2855 2855 483
3500 3500 1367
1071 1071 482
3500 3500 1249
2019 2019 481
2281 2281 481
3500 3500 1454
42 42 479
3500 3500 1040
2104 2104 479
3500 3500 715
3500 3500 1262
2828 2828 476
3311 3311 476
2545 2545 476
3500 3500 1000
3500 3500 1320
3500 3500 501
3500 3500 622
3500 3500 1061
3450 3450 471
3173 3173 471
3500 3500 1292
3500 3500 1385
2677 2677 470
3500 3500 594
3284 3284 468
3500 3500 1360
2811 2811 468
1256 1256 467
3500 3500 1048
3500 3500 569
1060 1060 467
2978 2978 467
3500 3500 1210
491 491 465
2842 2842 465
737 737 464
3500 3500 721
3387 3387 462
1376 1376 462
3500 3500 1475
1722 1722 461
2886 2886 461
3500 3500 1123
3500 3500 1351
3126 3126 458
3500 3500 922
3500 3500 665
3500 3500 1354
3500 3500 572
1154 1154 455
3500 3500 1153
624 624 454
3500 3500 855
3110 3110 452
1750 1750 451
2364 2364 450
2422 2422 450
3500 3500 929
3500 3500 755
2778 2778 448
3175 3175 448
2094 2094 448
3339 3339 447
3500 3500 1305
3500 3500 917
3500 3500 1485
3500 3500 1092
3500 3500 1098
3500 3500 1293
3136 3136 445
3128 3128 445
3500 3500 734
3500 3500 1415
1415 1415 444
3500 3500 1174
1548 1548 444
3500 3500 1425
3500 3500 1360
1700 1700 443
3500 3500 978
2878 2878 441
2156 2156 441
3047 3047 440
3500 3500 1388
3500 3500 665
3500 3500 1498
214 214 439
1811 1811 439
2840 2840 437
1024 1024 437
3500 3500 1434
3500 3500 1253
3500 3500 1425
2949 2949 436
826 826 435
2019 2019 434
2082 2082 434
3500 3500 1335
1275 1275 433
3224 3224 432
350 350 432
3500 3500 753
3500 3500 928
2492 2492 432
2654 2654 432
3500 3500 1347
1419 1419 431
3500 3500 979
2120 2120 428
3500 3500 1304
3500 3500 1495
3157 3157 427
3500 3500 1030
3215 3215 427
3500 3500 862
3500 3500 999
3087 3087 425
2313 2313 424
3500 3500 994
3500 3500 775
3500 3500 1495
3469 3469 423
1854 1854 423
2517 2517 423
1257 1257 422
913 913 422
156 156 422
1491 1491 421
3500 3500 968
3500 3500 953
3500 3500 748
1015 1015 419
2025 2025 418
3500 3500 437
3500 3500 1403
3500 3500 1023
3500 3500 723
3500 3500 565
3500 3500 1407
2774 2774 415
1681 1681 415
2513 2513 415
3500 3500 1316
3500 3500 1215
3500 3500 675
3392 3392 414
3500 3500 938
3500 3500 907
3500 3500 912
3500 3500 1484
3500 3500 1376
910 910 410
3500 3500 1434
3282 3282 409
2207 2207 409
1929 1929 409
2782 2782 408
3500 3500 1408
1451 1451 407
2262 2262 407
3500 3500 1032
2941 2941 407
972 972 407
3500 3500 623
756 756 406
1734 1734 405
3500 3500 1489
3500 3500 1205
3268 3268 404
1258 1258 403
1900 1900 403
3500 3500 694
3065 3065 402
3500 3500 1113
1424 1424 402
3500 3500 1476
2384 2384 401
1005 1005 401
245 245 401
2264 2264 400
3500 3500 1403
3500 3500 1467
3500 3500 956
2690 2690 399
3500 3500 1471
1437 1437 398
3080 3080 398
3500 3500 1356
627 627 397
3500 3500 859
3500 3500 1450
3500 3500 1390
3136 3136 394
3500 3500 924
3500 3500 1484
2272 2272 394
342 342 393
1328 1328 393
3500 3500 512
2987 2987 392
3500 3500 535
1070 1070 390
3500 3500 903
2637 2637 389
3500 3500 1496
3467 3467 388
3500 3500 787
3500 3500 1054
3500 3500 1005
3500 3500 1463
3500 3500 1358
3245 3245 387
3500 3500 1211
3500 3500 780
2304 2304 387
3500 3500 1203
1728 1728 386
3065 3065 386
3500 3500 864
3500 3500 932
2666 2666 384
743 743 384
1072 1072 383
1992 1992 383
3500 3500 1272
3500 3500 1020
3500 3500 1475
3500 3500 803
3500 3500 1414
3500 3500 836
3500 3500 876
3216 3216 379
2723 2723 379
3500 3500 387
2834 2834 379
780 780 379
3500 3500 1030
1980 1980 377
3500 3500 570
3500 3500 1243
3500 3500 543
3500 3500 1127
3500 3500 437
3500 3500 1429
2979 2979 374
3096 3096 373
3500 3500 933
3500 3500 1234
3500 3500 1151
3500 3500 785
3482 3482 371
2018 2018 370
2684 2684 369
3500 3500 852
3500 3500 1137
3229 3229 369
3500 3500 395
1227 1227 368
3500 3500 504
3500 3500 832
2631 2631 366
753 753 366
816 816 366
3500 3500 379
3500 3500 1121
2002 2002 365
3500 3500 664
3500 3500 756
32 32 364
374 374 364
1967 1967 364
1055 1055 363
3500 3500 1017
3500 3500 1366
2915 2915 363
3500 3500 444
2771 2771 362
3500 3500 461
804 804 361
3500 3500 1145
3500 3500 914
3500 3500 1495
3500 3500 1431
3500 3500 562
2487 2487 359
3500 3500 561
3500 3500 1280
3500 3500 1227
3500 3500 1285
3500 3500 1309
1201 1201 356
3500 3500 829
3500 3500 1391
3500 3500 375
7 7 355
2745 2745 355
3500 3500 516
3500 3500 538
517 517 354
3500 3500 1053
2437 2437 353
3500 3500 1006
3411 3411 352
3500 3500 893
2749 2749 351
3500 3500 530
2638 2638 351
3500 3500 1109
1910 1910 350
3500 3500 1451
3142 3142 350
657 657 349
3500 3500 635
3500 3500 1327
3500 3500 1436
3214 3214 347
3380 3380 347
3500 3500 638
3500 3500 1491
3500 3500 1214
110 110 345
3421 3421 345
3500 3500 1373
3500 3500 795
3500 3500 403
3500 3500 1460
3500 3500 1250
3500 3500 1161
3500 3500 1397
3500 3500 968
3500 3500 1097
3500 3500 1410
3500 3500 1465
2620 2620 340
3306 3306 340
3500 3500 1354
3500 3500 997
3500 3500 1260
3500 3500 857
1210 1210 339
2301 2301 339
3500 3500 1033
3500 3500 1002
144 144 338
1341 1341 338
3500 3500 1403
1968 1968 337
3500 3500 896
3500 3500 870
3500 3500 767
2219 2219 335
3500 3500 1474
3500 3500 948
3500 3500 761
2363 2363 334
3500 3500 1475
2543 2543 333
3500 3500 1221
3500 3500 1202
2937 2937 333
3500 3500 1253
3500 3500 818
3500 3500 1299
3500 3500 1327
3315 3315 332
3211 3211 332
849 849 332
2195 2195 331
3500 3500 1330
2103 2103 330
3401 3401 330
3500 3500 401
3500 3500 836
3500 3500 1287
3500 3500 603
3500 3500 759
2952 2952 328
2113 2113 328
3500 3500 967
905 905 327
3500 3500 1097
3500 3500 931
3500 3500 414
1364 1364 321
2015 2015 320
3500 3500 1471
3500 3500 1225
3500 3500 1335
3500 3500 1064
1328 1328 318
3500 3500 748
3397 3397 318
3500 3500 649
3244 3244 317
2160 2160 317
504 504 316
2283 2283 316
3500 3500 1306
3467 3467 314
1723 1723 314
3500 3500 985
3500 3500 1321
3421 3421 313
3500 3500 1156
3500 3500 523
3500 3500 1002
3500 3500 1494
3500 3500 919
3389 3389 311
3500 3500 1097
2805 2805 310
3500 3500 722
2583 2583 310
1944 1944 310
1346 1346 309
687 687 308
3500 3500 1421
3500 3500 1356
3500 3500 1475
2542 2542 307
3500 3500 725
3500 3500 640
3500 3500 1483
3500 3500 1309
3500 3500 1445
3072 3072 304
3500 3500 879
3500 3500 752
3500 3500 1182
3500 3500 1279
3500 3500 1235
130 130 302
3500 3500 866
2512 2512 301
3500 3500 1243
3500 3500 1258
3334 3334 300
2487 2487 300
3500 3500 1481
1902 1902 298
1793 1793 298
3500 3500 1125
3500 3500 1374
3500 3500 1373
1247 1247 296
3500 3500 1118
3500 3500 1013
2376 2376 294
3234 3234 294
3500 3500 1027
58 58 292
2739 2739 292
3500 3500 695
3500 3500 1147
3192 3192 290
3500 3500 512
3500 3500 839
3500 3500 396
3500 3500 1363
1408 1408 289
632 632 289
3500 3500 1458
2247 2247 288
3500 3500 913
3392 3392 287
2398 2398 287
3047 3047 286
3069 3069 285
1849 1849 284
2842 2842 284
2478 2478 284
3500 3500 689
2732 2732 283
3310 3310 282
3500 3500 1375
2827 2827 281
2898 2898 281
3500 3500 1414
2622 2622 280
160 160 280
3500 3500 1088
3055 3055 279
3500 3500 1359
3500 3500 625
2555 2555 279
2946 2946 279
2414 2414 278
3500 3500 972
3500 3500 1024
327 327 277
3290 3290 276
1055 1055 276
3500 3500 935
3500 3500 1462
3500 3500 653
3500 3500 1322
2121 2121 275
3500 3500 1159
3500 3500 1446
3332 3332 274
1572 1572 274
3500 3500 387
1244 1244 273
3500 3500 1484
3500 3500 1328
1145 1145 272
2459 2459 272
3500 3500 1301
3500 3500 1034
3475 3475 272
2099 2099 271
3500 3500 1331
154 154 271
2560 2560 271
3500 3500 1261
3500 3500 1135
3500 3500 684
3428 3428 270
683 683 269
2135 2135 269
3453 3453 268
3500 3500 1159
3500 3500 1456
3500 3500 655
3492 3492 268
1319 1319 267
3500 3500 811
3500 3500 1364
3500 3500 922
224 224 266
3500 3500 1136
3500 3500 1482
147 147 265
2703 2703 264
3500 3500 1263
2533 2533 264
2156 2156 264
3500 3500 1197
3048 3048 263
3500 3500 1216
3500 3500 535
3500 3500 1336
3500 3500 1117
3358 3358 262
3500 3500 1375
3500 3500 1459
1412 1412 262
1804 1804 261
3500 3500 1261
3500 3500 352
3500 3500 1293
3269 3269 261
2675 2675 260
3500 3500 1227
3500 3500 649
3173 3173 260
3500 3500 1445
46 46 259
3500 3500 1340
3500 3500 324
3500 3500 706
3500 3500 508
13 13 258
3500 3500 1176
3500 3500 1475
2583 2583 257
1415 1415 257
3500 3500 1446
506 506 256
3500 3500 293
3500 3500 633
3500 3500 1028
3250 3250 255
3500 3500 910
1789 1789 254
3500 3500 665
3500 3500 563
3500 3500 1133
3500 3500 409
3500 3500 1498
3500 3500 850
3500 3500 1448
629 629 251
3500 3500 660
3500 3500 466
3500 3500 1049
3500 3500 978
345 345 250
3500 3500 1026
2961 2961 249
3500 3500 647
3500 3500 277
2736 2736 249
3500 3500 1063
1682 1682 248
2863 2863 248
3500 3500 825
3500 3500 793
3097 3097 247
3500 3500 835
415 415 247
3500 3500 680
3500 3500 679
3500 3500 1384
3500 3500 1477
1675 1675 245
3500 3500 1104
3500 3500 1481
1715 1715 243
3500 3500 1410
3178 3178 242
3500 3500 668
3500 3500 1429
2253 2253 242
3500 3500 648
2807 2807 242
3500 3500 967
3500 3500 1195
2590 2590 240
183 183 240
3500 3500 1457
3500 3500 823
3500 3500 956
3500 3500 948
3500 3500 876
3500 3500 1461
722 722 238
449 449 237
3500 3500 421
3500 3500 926
2647 2647 236
3500 3500 634
3500 3500 1411
3500 3500 1101
3357 3357 235
3500 3500 1477
3500 3500 1075
1279 1279 234
3500 3500 1010
3500 3500 1040
439 439 233
3500 3500 1376
3500 3500 1357
3500 3500 947
3500 3500 840
3500 3500 1374
3500 3500 1430
3500 3500 942
3500 3500 1308
3500 3500 1297
3500 3500 1403
3076 3076 230
1553 1553 229
46 46 229
3500 3500 1334
3500 3500 511
3463 3463 228
3467 3467 228
3500 3500 1121
1374 1374 225
2875 2875 225
3500 3500 1335
3500 3500 356
3215 3215 224
3500 3500 835
936 936 224
2150 2150 223
3500 3500 277
1489 1489 222
2042 2042 222
1382 1382 221
3500 3500 1493
1604 1604 221
1682 1682 221
3500 3500 1251
3500 3500 996
3500 3500 1082
3500 3500 904
3500 3500 1153
3500 3500 1361
3042 3042 218
2312 2312 217
3500 3500 1440
147 147 217
2287 2287 216
3500 3500 1455
3234 3234 215
3500 3500 841
3500 3500 1136
3500 3500 1498
2125 2125 213
3500 3500 1477
3500 3500 868
3500 3500 627
1440 1440 212
3500 3500 556
3500 3500 973
759 759 211
758 758 211
2655 2655 211
3452 3452 210
1574 1574 210
699 699 208
3500 3500 1479
3500 3500 852
3500 3500 1488
3500 3500 1438
2981 2981 204
1827 1827 204
3436 3436 204
3500 3500 1130
3500 3500 1325
3500 3500 1497
3381 3381 203
3500 3500 1487
1277 1277 203
3500 3500 1458
2413 2413 203
3500 3500 461
3500 3500 1200
3500 3500 1376
3500 3500 960
3388 3388 200
3500 3500 1179
3500 3500 1254
3500 3500 1191
3500 3500 1077
3500 3500 1120
3500 3500 1481
3500 3500 749
3500 3500 767
3500 3500 665
3500 3500 1445
3500 3500 293
3500 3500 1374
3500 3500 887
3500 3500 766
3500 3500 780
2231 2231 194
3500 3500 1457
3500 3500 708
3439 3439 193
3500 3500 228
3500 3500 1080
3500 3500 1488
3500 3500 1302
3500 3500 261
3500 3500 1370
590 590 192
398 398 192
3500 3500 774
3500 3500 742
1582 1582 190
3500 3500 1479
1930 1930 190
3500 3500 1061
2071 2071 189
3500 3500 439
3500 3500 1180
862 862 188
3500 3500 854
3500 3500 686
3500 3500 667
3500 3500 922
1664 1664 187
759 759 187
3500 3500 1485
3500 3500 1181
3500 3500 1413
1825 1825 186
3500 3500 1204
3500 3500 220
3500 3500 1486
3500 3500 1188
3500 3500 540
3500 3500 943
3500 3500 356
311 311 185
3500 3500 837
3500 3500 1024
3027 3027 184
3500 3500 575
3388 3388 184
3500 3500 1255
1049 1049 183
3123 3123 183
3500 3500 1443
3500 3500 1415
3431 3431 182
3500 3500 554
2936 2936 182
2303 2303 182
3500 3500 1488
2185 2185 181
3500 3500 753
3500 3500 1265
3500 3500 1198
3500 3500 1234
2081 2081 180
3500 3500 1489
3500 3500 369
555 555 179
3500 3500 850
3500 3500 1423
3102 3102 178
3500 3500 951
3500 3500 811
2484 2484 177
3154 3154 176
3500 3500 1209
3500 3500 963
3500 3500 1281
3500 3500 1165
2985 2985 175
2639 2639 175
3500 3500 761
3500 3500 1317
3500 3500 707
2463 2463 173
2962 2962 173
3500 3500 1499
3500 3500 1486
3500 3500 671
3306 3306 172
2050 2050 172
3500 3500 1121
3500 3500 1498
2620 2620 171
3500 3500 1411
3500 3500 1069
3500 3500 1495
3500 3500 1447
3500 3500 1466
3500 3500 1015
710 710 168
3500 3500 668
3085 3085 167
3500 3500 767
3500 3500 1367
3053 3053 165
3500 3500 1267
3500 3500 573
970 970 165
3377 3377 164
3500 3500 831
3500 3500 1453
1768 1768 164
3500 3500 336
3500 3500 1120
2520 2520 163
459 459 162
2482 2482 162
874 874 162
1593 1593 162
2695 2695 161
3500 3500 772
42 42 161
1733 1733 161
3500 3500 844
3500 3500 1420
2716 2716 161
3500 3500 1167
3035 3035 160
3500 3500 1466
3500 3500 1470
3500 3500 1218
3500 3500 1401
3500 3500 1116
3093 3093 159
2135 2135 159
860 860 159
3500 3500 1112
3500 3500 506
3500 3500 583
3500 3500 1479
3500 3500 441
3500 3500 1236
2984 2984 158
3500 3500 1218
1531 1531 157
3500 3500 264
3500 3500 1430
3500 3500 1335
3500 3500 1302
3500 3500 1347
3464 3464 154
3500 3500 1463
3500 3500 1059
3037 3037 153
1954 1954 153
3322 3322 153
3500 3500 1287
3500 3500 1361
3500 3500 425
3500 3500 364
3500 3500 1154
3500 3500 1369
3500 3500 1474
3500 3500 1241
3385 3385 151
3500 3500 1314
710 710 151
1190 1190 151
841 841 151
2243 2243 150
3500 3500 985
3500 3500 1195
3500 3500 1092
332 332 150
339 339 150
3500 3500 308
3500 3500 875
92 92 149
3500 3500 233
2569 2569 148
3500 3500 1461
3500 3500 1473
3500 3500 829
3500 3500 738
3500 3500 955
2432 2432 147
3500 3500 1344
1002 1002 146
3500 3500 1464
3500 3500 177
3500 3500 1460
3500 3500 1444
3500 3500 1445
3500 3500 1147
3500 3500 477
2150 2150 144
2882 2882 144
3500 3500 410
3500 3500 1252
3240 3240 142
3500 3500 1301
2755 2755 141
3500 3500 1237
3500 3500 1452
3176 3176 140
3039 3039 140
3500 3500 1143
3500 3500 895
3500 3500 1229
3500 3500 1452
1413 1413 139
2132 2132 138
3500 3500 1485
1525 1525 138
3500 3500 1026
2459 2459 137
1505 1505 137
346 346 137
3500 3500 1211
2368 2368 136
2131 2131 136
800 800 135
3500 3500 420
3500 3500 1357
3500 3500 1199
3500 3500 348
3389 3389 134
3500 3500 1091
3500 3500 1490
3500 3500 569
3500 3500 1274
3500 3500 602
3500 3500 707
1097 1097 133
3500 3500 359
3500 3500 1396
3320 3320 131
3317 3317 131
3500 3500 1008
1816 1816 131
3500 3500 1326
2931 2931 129
3500 3500 1154
2144 2144 128
3500 3500 573
3500 3500 1159
3500 3500 1440
3500 3500 816
411 411 126
3500 3500 839
3500 3500 1433
3500 3500 1323
3500 3500 1289
3500 3500 1204
3379 3379 125
3500 3500 920
1347 1347 124
3500 3500 1111
432 432 124
3500 3500 1366
1753 1753 124
964 964 124
3500 3500 1423
3500 3500 1433
3029 3029 123
923 923 123
3500 3500 967
3500 3500 1460
3500 3500 697
1016 1016 122
3500 3500 1264
3500 3500 942
3500 3500 1096
697 697 120
3500 3500 1227
1108 1108 120
3500 3500 1267
3500 3500 1443
2632 2632 119
3500 3500 149
3494 3494 119
3500 3500 1207
2541 2541 117
3500 3500 1429
3248 3248 117
3500 3500 1449
3500 3500 590
3500 3500 1446
1075 1075 116
3500 3500 1044
3500 3500 1276
2950 2950 116
3500 3500 537
3138 3138 115
3214 3214 115
1295 1295 115
3500 3500 1128
3500 3500 1185
2484 2484 114
343 343 114
3500 3500 694
3500 3500 1494
3500 3500 728
3500 3500 766
3500 3500 1422
3500 3500 1384
3500 3500 1483
3500 3500 687
3500 3500 1456
58 58 113
530 530 112
3500 3500 1495
1508 1508 112
1424 1424 112
3500 3500 1206
3500 3500 1245
3500 3500 1423
1688 1688 111
3500 3500 1261
3500 3500 1333
3500 3500 1078
3500 3500 658
1954 1954 109
3500 3500 1223
3500 3500 1493
2348 2348 108
3500 3500 1455
3500 3500 1418
3500 3500 1471
3500 3500 858
523 523 107
1749 1749 107
3500 3500 1436
3500 3500 637
1381 1381 107
3500 3500 986
11 11 106
3500 3500 1353
803 803 105
3500 3500 1218
3500 3500 1225
3500 3500 1499
3500 3500 1428
3500 3500 229
3178 3178 103
3500 3500 219
3500 3500 750
3500 3500 1377
3500 3500 1478
37 37 102
3500 3500 537
3500 3500 962
3500 3500 1080
1937 1937 101
3500 3500 1488
3500 3500 1489
3500 3500 964
3500 3500 905
1229 1229 100
3500 3500 1467
3500 3500 1483
2720 2720 99
3500 3500 1499
3500 3500 1406
2690 2690 98
3500 3500 1226
3500 3500 1314
3477 3477 98
3500 3500 1495
3500 3500 1240
525 525 97
2320 2320 97
3500 3500 1421
3500 3500 525
3500 3500 759
3402 3402 97
3500 3500 1097
3500 3500 853
3500 3500 1127
3500 3500 1460
3500 3500 1492
3500 3500 876
3500 3500 1470
2623 2623 96
3500 3500 345
3500 3500 1416
3500 3500 1471
3500 3500 1164
3500 3500 484
3500 3500 247
3500 3500 1435
2409 2409 93
3500 3500 1086
3500 3500 1344
3500 3500 1487
3500 3500 1222
3500 3500 1144
3488 3488 92
3500 3500 1423
3500 3500 395
3500 3500 873
3500 3500 1448
3500 3500 776
3011 3011 92
3500 3500 1451
3500 3500 1442
2798 2798 91
3500 3500 1226
3500 3500 115
3500 3500 1443
3500 3500 565
3500 3500 790
3500 3500 480
732 732 88
3500 3500 1071
1818 1818 87
3500 3500 1446
3500 3500 174
3500 3500 1394
3500 3500 1439
3500 3500 1475
880 880 86
3500 3500 1264
696 696 86
3500 3500 492
3500 3500 1484
3500 3500 624
3132 3132 86
2091 2091 85
3500 3500 1498
3500 3500 1096
3500 3500 1481
3500 3500 1166
2702 2702 84
3500 3500 1251
3500 3500 344
3500 3500 1212
947 947 83
3500 3500 1470
3500 3500 541
3500 3500 1158
3078 3078 82
2501 2501 81
3500 3500 1431
3500 3500 1425
3500 3500 1106
724 724 81
3500 3500 1235
304 304 81
3500 3500 136
3500 3500 427
3500 3500 1470
908 908 80
483 483 80
3500 3500 1363
3500 3500 1458
3500 3500 1207
3500 3500 601
3500 3500 454
3500 3500 1367
3500 3500 370
3500 3500 334
3500 3500 1484
3500 3500 1424
1751 1751 78
2722 2722 78
3500 3500 1321
3500 3500 801
3500 3500 1263
2318 2318 77
3500 3500 1175
3500 3500 1241
3040 3040 76
3500 3500 1435
3500 3500 1222
3500 3500 1491
3500 3500 727
3500 3500 648
3500 3500 398
3483 3483 75
3500 3500 1174
3500 3500 1455
3500 3500 1447
3318 3318 75
3500 3500 1011
3500 3500 1236
3500 3500 1421
2745 2745 74
3500 3500 1275
683 683 73
3500 3500 120
3500 3500 1495
3500 3500 775
3500 3500 1443
3500 3500 336
3500 3500 737
522 522 72
3500 3500 1342
3500 3500 1165
3500 3500 1029
3500 3500 1264
3500 3500 890
3500 3500 254
3500 3500 1453
3500 3500 1368
3500 3500 1339
3500 3500 1430
3500 3500 1282
3500 3500 745
3500 3500 175
3500 3500 1432
2344 2344 70
3500 3500 1328
3500 3500 1423
3500 3500 1371
3500 3500 1463
3500 3500 578
3500 3500 1323
3500 3500 1313
3500 3500 117
3500 3500 909
3500 3500 1427
3500 3500 923
3500 3500 1394
3500 3500 1440
3500 3500 317
396 396 65
3500 3500 1075
3500 3500 1497
3500 3500 1005
3500 3500 1496
3500 3500 716
2604 2604 64
3500 3500 1454
3500 3500 1402
3500 3500 1496
3500 3500 1461
3500 3500 1404
3500 3500 761
3328 3328 62
3265 3265 62
3500 3500 1237
3500 3500 1365
3500 3500 864
3500 3500 452
3312 3312 60
1302 1302 60
3500 3500 1189
3500 3500 1310
3500 3500 1200
3101 3101 59
2616 2616 59
3308 3308 59
3500 3500 821
3500 3500 60
3500 3500 158
3500 3500 960
2993 2993 57
3500 3500 1364
3500 3500 1427
3500 3500 1451
3074 3074 56
2336 2336 56
3500 3500 1482
3500 3500 657
2003 2003 55
3500 3500 794
3500 3500 1328
654 654 53
3500 3500 1026
3500 3500 1288
729 729 52
3500 3500 1400
3500 3500 1482
3500 3500 1359
3500 3500 1366
2013 2013 51
3500 3500 1474
3500 3500 700
1212 1212 50
3500 3500 1338
3500 3500 392
3500 3500 1146
3500 3500 235
3500 3500 1166
2710 2710 49
2375 2375 49
3500 3500 1481
3237 3237 49
3500 3500 928
223 223 49
3500 3500 1234
3500 3500 1369
3500 3500 1410
3500 3500 678
3500 3500 1321
3500 3500 1493
3500 3500 1482
3500 3500 1376
3500 3500 1482
3015 3015 47
3500 3500 1296
3500 3500 1326
3500 3500 984
3500 3500 1343
355 355 46
3500 3500 818
3500 3500 1476
258 258 46
3500 3500 1050
3500 3500 928
3500 3500 779
2995 2995 46
3500 3500 1467
3500 3500 1376
3500 3500 1160
3500 3500 752
3500 3500 395
3500 3500 83
3500 3500 1493
3500 3500 1043
3500 3500 1083
3500 3500 165
2426 2426 44
3066 3066 44
1956 1956 44
2095 2095 44
3500 3500 1384
3500 3500 1192
3500 3500 1456
3500 3500 1163
3500 3500 1492
3500 3500 1359
3500 3500 1427
3500 3500 147
3500 3500 1444
321 321 42
3500 3500 1494
3500 3500 507
3500 3500 624
3500 3500 1356
3500 3500 692
3500 3500 1390
2246 2246 41
3500 3500 207
3500 3500 445
3500 3500 1372
3500 3500 1212
1984 1984 40
2947 2947 40
3500 3500 1491
3500 3500 1223
3500 3500 808
1103 1103 39
3500 3500 1430
3170 3170 39
3500 3500 1258
3500 3500 1485
3500 3500 1097
3500 3500 1456
3500 3500 1271
3500 3500 1495
3500 3500 1239
3500 3500 1441
3500 3500 562
2563 2563 35
3500 3500 740
1813 1813 34
3500 3500 1320
3500 3500 360
3500 3500 1365
3500 3500 1473
3366 3366 33
3500 3500 1097
3500 3500 390
3500 3500 1498
3500 3500 1079
3500 3500 1487
3500 3500 1191
3500 3500 1208
3500 3500 1499
2152 2152 31
3336 3336 31
3500 3500 1482
1695 1695 30
3500 3500 1294
3500 3500 564
3500 3500 656
3500 3500 1040
3500 3500 1345
3500 3500 841
3500 3500 1496
547 547 29
3500 3500 1425
1177 1177 29
3500 3500 552
3500 3500 1486
1595 1595 28
3500 3500 1332
3500 3500 1473
3500 3500 1436
3500 3500 949
3500 3500 678
3500 3500 1457
691 691 26
3500 3500 1467
3500 3500 1436
3500 3500 188
3500 3500 552
3500 3500 1202
3500 3500 1490
3500 3500 1228
3500 3500 1222
3500 3500 1492
690 690 24
3500 3500 1060
3500 3500 1491
2832 2832 24
3500 3500 1447
3500 3500 1441
3500 3500 1291
3500 3500 1363
3500 3500 1421
634 634 23
3500 3500 105
3500 3500 1494
3500 3500 1259
3353 3353 22
3500 3500 1006
3500 3500 1287
3500 3500 1236
3500 3500 318
3500 3500 1278
3500 3500 1491
3500 3500 1497
3500 3500 324
3500 3500 978
3329 3329 22
3500 3500 833
3500 3500 1479
3500 3500 1463
3500 3500 1450
188 188 20
3500 3500 1367
3492 3492 19
3500 3500 1117
2880 2880 19
3077 3077 19
3500 3500 328
3500 3500 104
3500 3500 1200
3500 3500 924
3500 3500 1495
3500 3500 282
3500 3500 1451
3500 3500 942
3500 3500 1325
3500 3500 1487
3500 3500 1394
3500 3500 544
3500 3500 240
3500 3500 1426
3500 3500 1392
3294 3294 17
3500 3500 1429
3500 3500 1424
3500 3500 1295
3500 3500 1498
3500 3500 651
3500 3500 834
3500 3500 1482
3500 3500 137
3500 3500 1068
3500 3500 1167
3500 3500 1497
3500 3500 1471
3500 3500 431
3500 3500 1343
3500 3500 1452
3500 3500 84
1987 1987 14
3500 3500 1499
3500 3500 1426
3500 3500 1474
3500 3500 488
3500 3500 529
3500 3500 1488
3023 3023 12
3431 3431 12
3500 3500 917
3500 3500 1478
3500 3500 1472
591 591 10
3500 3500 1440
3500 3500 1472
3500 3500 667
3500 3500 1279
3500 3500 1472
3500 3500 1353
3500 3500 1485
2389 2389 9
3500 3500 1374
3500 3500 1412
3500 3500 213
3500 3500 1423
3500 3500 1490
3148 3148 8
3500 3500 1480
3073 3073 7
3500 3500 479
3500 3500 765
3500 3500 365
3500 3500 1498
3500 3500 1485
3500 3500 1499
3500 3500 1484
3500 3500 1474
3500 3500 1488
3500 3500 1469
2571 2571 5
3500 3500 1490
3500 3500 1428
3500 3500 1243
3449 3449 5
3500 3500 1421
3500 3500 1449
3500 3500 1497
3500 3500 422
3500 3500 1445
2627 2627 4
3500 3500 115
3469 3469 4
3500 3500 1275
3500 3500 1440
3500 3500 1491
3454 3454 4
3500 3500 1497
3500 3500 958
3500 3500 1116
3500 3500 1354
3500 3500 1499
2971 2971 4
3500 3500 767
3500 3500 1184
3500 3500 1428
3500 3500 1496
3500 3500 1352
3500 3500 1499
3500 3500 1416
3500 3500 1359
3500 3500 1492
1268 1268 2
3500 3500 1393
2331 2331 2
3500 3500 1383
2727 2727 2
2164 2164 2
3500 3500 1485
3500 3500 1496
3500 3500 595
3500 3500 1456
3500 3500 1472
3500 3500 1413
70 70 1
3500 3500 1262
3500 3500 791
3500 3500 728
3500 3500 1475
3500 3500 1493
3500 3500 1491
3500 3500 1296
3500 3500 1048
3500 3500 1425
222 222 1
3500 3500 1498
3500 3500 1500
3500 3500 1447
3500 3500 1498
3500 3500 1494
3500 3500 1482
3500 3500 1393
3500 3500 1390
3500 3500 1497
3247 3247 0
3500 3500 1500
3500 3500 1477
3500 3500 1500
3500 3500 1483
3500 3500 1282
