5000 5000 4.3589
37 8 4909
2566 45 4883
4572 79 4881
3521 85 4842
1251 93 4765
669 144 4738
410 173 4737
4097 94 4730
3520 161 4718
136 140 4697
1809 124 4661
866 67 4654
2168 323 4649
3603 291 4643
2342 226 4607
551 198 4595
3307 158 4592
1135 279 4576
1374 340 4560
2888 300 4556
2058 45 4554
345 279 4554
2277 343 4544
4204 241 4543
4336 154 4533
136 170 4523
3335 217 4512
101 191 4490
562 144 4487
4143 150 4477
2552 176 4476
2231 104 4470
1713 50 4459
57 132 4453
3042 515 4450
2671 26 4440
901 261 4438
4211 296 4438
1739 331 4435
3415 91 4434
2993 74 4434
3853 330 4432
2883 545 4426
70 410 4422
1310 235 4419
1558 560 4414
3755 127 4413
466 282 4410
4271 256 4405
971 34 4378
2599 483 4378
4464 298 4371
3930 273 4356
2056 630 4349
4235 185 4349
2521 175 4340
886 92 4339
1555 315 4335
1819 490 4325
511 171 4302
919 649 4301
4010 438 4288
1876 481 4276
4664 375 4275
2697 245 4271
3290 204 4267
3101 570 4265
3090 450 4257
82 738 4240
4251 681 4238
2126 356 4237
2202 636 4230
1189 260 4229
3454 9 4215
1793 12 4208
2930 716 4206
865 704 4190
4848 90 4184
4474 281 4182
3616 724 4180
3109 314 4178
1940 723 4173
577 223 4161
2894 771 4151
3450 681 4150
1448 62 4149
3554 818 4140
2745 472 4124
4358 422 4122
1438 885 4108
2955 115 4104
415 127 4101
3410 429 4093
2954 78 4090
2075 832 4089
3407 101 4077
1544 167 4069
369 492 4061
874 389 4059
2726 48 4057
4693 452 4057
1341 147 4047
4934 586 4041
152 456 4039
2837 311 4031
2525 156 4027
395 395 4027
522 540 4027
1547 638 4017
619 180 3993
1321 876 3983
676 32 3982
1874 591 3977
2336 946 3973
4960 585 3971
3725 659 3968
988 561 3967
3695 813 3961
1914 708 3957
1441 80 3954
1155 1057 3936
3181 655 3936
1764 955 3934
3822 598 3932
2091 688 3928
3079 194 3924
3933 87 3920
1917 527 3919
1875 790 3917
1888 793 3912
84 482 3898
601 591 3898
3223 329 3892
4984 7 3889
864 496 3884
1108 703 3873
4934 193 3871
518 566 3867
1572 310 3862
617 675 3859
1867 508 3856
3283 254 3844
991 673 3839
1134 1118 3830
4101 1040 3827
1291 570 3826
4611 970 3821
3601 1091 3817
4163 49 3812
721 804 3807
10 1101 3805
2800 213 3804
3016 286 3794
612 310 3794
3903 1096 3791
650 651 3787
3584 906 3786
4773 1147 3785
2238 668 3784
4556 1024 3779
238 469 3775
3688 174 3775
4377 1177 3764
1189 829 3764
666 409 3763
3696 360 3760
3647 1157 3751
1800 23 3748
2194 320 3747
2062 348 3746
2233 277 3740
1388 1116 3728
2901 977 3728
4720 90 3724
4194 555 3722
1144 1184 3720
3438 584 3720
1385 75 3711
2304 372 3709
595 491 3700
3810 655 3699
108 1199 3699
3379 502 3696
2501 442 3694
1748 1072 3687
2788 594 3685
4540 1226 3683
3878 700 3682
2134 1144 3675
4983 536 3672
3671 1318 3667
1267 212 3666
2147 1330 3664
524 1115 3661
4207 475 3660
1585 1149 3660
833 405 3659
400 1185 3658
4925 1150 3658
3746 805 3653
2387 184 3649
327 618 3648
2607 100 3644
344 742 3641
3104 1272 3636
3747 93 3635
3836 364 3629
2941 1193 3624
3939 1298 3623
1874 392 3615
3163 1248 3612
3470 984 3604
1007 867 3600
797 311 3600
3893 766 3599
3635 1398 3596
3128 716 3590
2756 634 3585
596 1137 3585
1757 1252 3581
2016 1180 3580
4494 301 3579
2415 269 3577
3579 1075 3576
2029 656 3575
3154 2 3574
1781 1231 3570
87 618 3570
3253 370 3570
3682 623 3568
2132 1357 3559
598 568 3557
3066 293 3557
3400 95 3553
2635 988 3550
2516 718 3550
2948 1334 3548
72 1191 3547
4643 17 3543
744 488 3541
1935 232 3541
3024 234 3536
1380 1166 3531
138 1352 3531
3276 541 3528
2473 1455 3526
921 982 3525
4431 137 3525
2163 1204 3524
49 934 3524
2955 441 3524
1807 310 3519
4625 1119 3517
2735 5 3514
4505 24 3514
2744 653 3505
4550 1451 3501
680 1365 3501
2509 580 3497
2225 124 3497
19 254 3494
1272 105 3494
4511 21 3489
671 1168 3484
2593 620 3483
1654 1244 3483
2584 101 3478
4823 396 3472
3699 812 3470
732 601 3469
664 1051 3469
1896 1382 3465
2606 1229 3459
4336 135 3457
2676 545 3456
2352 1145 3451
4852 282 3451
904 125 3446
2594 45 3445
2375 405 3445
4424 1425 3444
1656 1117 3444
2092 1313 3441
481 1150 3439
3418 291 3439
3650 1319 3439
4755 667 3439
4538 1232 3436
1242 1298 3436
4459 96 3432
2258 1098 3432
861 412 3429
2829 1168 3428
1140 1239 3426
4136 422 3425
2063 1423 3424
1181 300 3424
3448 249 3420
3804 834 3416
181 987 3414
4360 861 3413
591 1057 3412
3244 283 3409
2904 762 3403
1636 634 3399
2496 935 3397
1371 1603 3396
1689 1478 3393
2299 201 3388
1832 681 3386
645 1050 3385
3416 630 3382
2857 860 3380
4639 669 3379
3970 934 3379
1689 792 3379
4038 1546 3379
4582 1142 3375
4932 1108 3373
539 1260 3371
778 1365 3368
71 1008 3367
3093 640 3365
2966 385 3362
3767 1460 3361
4370 387 3361
1542 1240 3360
4562 542 3358
2850 930 3356
3565 528 3354
4814 936 3353
3549 1365 3353
4224 651 3352
662 1364 3352
943 1472 3350
518 1089 3349
213 528 3349
3869 1318 3347
2556 310 3343
3497 168 3341
3655 1279 3339
4564 1302 3337
2844 838 3335
1257 1407 3333
541 929 3331
2980 977 3329
4637 1607 3329
1545 719 3328
708 1566 3323
338 1188 3322
3217 206 3321
4454 957 3316
466 516 3314
178 840 3313
1317 1182 3307
2937 924 3302
3440 773 3299
3346 70 3298
1681 639 3297
4071 651 3295
737 1323 3294
2321 883 3294
3073 133 3290
4192 678 3289
1119 1153 3288
3364 1407 3287
4306 552 3286
2016 353 3286
130 186 3284
2310 297 3283
736 1276 3281
4276 341 3280
810 1204 3279
1713 1380 3275
751 1396 3268
4046 494 3261
1394 1721 3260
565 994 3259
3997 579 3257
4605 465 3256
1263 862 3253
2229 1076 3253
143 1412 3252
2048 698 3252
1066 1298 3245
2722 1074 3244
1513 1121 3241
2768 1757 3241
2958 1313 3241
4879 1595 3239
3586 1002 3239
3128 790 3236
1502 1129 3235
2121 505 3229
3991 199 3227
2183 1402 3223
1496 884 3222
3971 1377 3222
49 87 3219
264 515 3211
4340 1601 3211
926 1457 3210
2637 1785 3204
3335 1610 3204
2241 780 3204
429 1763 3203
2273 704 3201
190 170 3199
1650 960 3198
3835 1335 3194
3759 1213 3193
195 1019 3190
2720 410 3189
2376 437 3189
4856 1230 3187
2990 1401 3184
3939 1335 3181
136 209 3178
964 345 3172
4366 1297 3172
2185 796 3171
4699 1038 3171
4406 1356 3170
862 998 3166
943 121 3166
174 263 3166
1591 743 3163
955 942 3162
750 420 3162
1109 468 3161
316 520 3160
1017 400 3155
2629 1743 3140
2861 1222 3139
2059 1098 3139
2421 1749 3136
3453 1856 3132
2515 114 3129
4883 1581 3129
1176 924 3127
944 1618 3126
1859 1594 3124
1130 92 3123
874 480 3121
3619 1642 3119
936 492 3119
1912 1047 3115
3526 1279 3114
1342 42 3112
868 1564 3112
4588 1734 3110
3506 687 3109
2454 1264 3105
275 1627 3101
402 1235 3099
3605 1234 3097
3456 140 3096
531 1210 3096
3713 1507 3095
4608 1331 3089
3556 1184 3086
2851 633 3086
2608 1880 3085
1047 477 3083
4660 1431 3083
2361 1150 3083
1632 784 3082
4038 1327 3080
4650 787 3080
703 1715 3075
4229 1884 3072
359 1924 3069
4122 1928 3069
2383 1830 3068
4423 1434 3067
2022 1497 3065
4533 40 3061
4527 222 3061
3650 1647 3061
4965 1935 3058
2329 1692 3058
1976 161 3058
1204 1697 3057
231 1085 3056
983 1604 3051
3789 1378 3051
635 419 3049
566 442 3049
1052 309 3047
981 1738 3047
2931 624 3041
1896 666 3041
607 1946 3038
4307 1093 3038
2052 385 3036
2444 38 3035
1045 878 3032
4197 75 3032
2790 1913 3031
1243 395 3031
1690 1418 3031
4243 770 3028
3032 1537 3027
3313 1108 3026
758 1446 3022
2870 1804 3021
4934 387 3018
1898 1860 3017
3104 206 3012
2833 845 3010
4511 1366 3009
2120 1605 3006
466 1083 3004
3996 1293 3003
4295 219 3003
4053 302 3002
2216 1447 3001
6 1152 3000
4678 677 2998
3419 485 2996
229 8 2993
3395 80 2993
1537 843 2993
569 1635 2991
4324 1399 2990
2168 1686 2988
579 1471 2988
762 692 2988
1184 1410 2987
240 975 2985
3043 694 2984
4235 1789 2983
2204 359 2982
689 733 2979
4964 1566 2978
520 102 2978
1748 1997 2977
2270 1116 2976
1954 872 2976
2846 888 2975
1355 1992 2972
1469 1304 2969
4832 1709 2964
3211 886 2961
4711 1367 2961
1792 1093 2958
1250 637 2958
3985 1921 2957
770 654 2957
105 1125 2957
2164 1842 2956
1797 124 2955
3699 1783 2953
3439 1645 2952
1830 1628 2948
1874 752 2946
1168 691 2944
2853 767 2943
4559 2003 2943
559 1936 2942
3733 1640 2942
2155 61 2940
4793 1449 2938
2648 1404 2935
490 1038 2932
3847 1214 2930
4093 1466 2930
2128 1056 2926
2280 1431 2925
4097 241 2925
3542 668 2924
137 2002 2923
2050 690 2922
2879 1716 2920
595 1740 2919
4505 2004 2912
4975 501 2910
907 1169 2902
3300 1705 2902
1409 306 2898
1626 1953 2897
1945 1077 2891
4058 678 2889
2356 1821 2889
653 1504 2889
2071 1626 2888
2113 1021 2886
4926 1525 2885
2307 1565 2884
1609 707 2884
2307 685 2883
4281 1512 2883
2044 124 2880
180 382 2879
1447 1856 2878
1440 1979 2875
778 59 2874
4821 1581 2873
4725 950 2870
2920 1786 2869
2546 63 2864
263 667 2860
566 1087 2860
2839 84 2859
772 1234 2852
4744 217 2851
4005 841 2849
771 329 2845
4942 901 2844
156 1006 2842
2594 1845 2839
1406 917 2838
1232 261 2838
3176 444 2837
3875 1919 2836
2054 1225 2836
3345 739 2835
3790 1031 2832
925 1608 2832
1890 1680 2824
1686 1959 2823
4596 1719 2823
1159 1689 2823
2006 2066 2823
4105 2033 2822
1131 1592 2822
590 807 2821
1902 1082 2820
759 1493 2819
1510 1380 2819
98 1193 2819
2185 992 2819
1467 334 2818
388 1457 2813
2535 674 2812
1147 1804 2811
4505 735 2810
4412 825 2810
440 46 2808
3089 1893 2807
382 1278 2807
331 1113 2804
4266 2121 2799
4230 237 2798
3721 1862 2793
3112 1245 2792
2889 2037 2790
1429 922 2790
1320 933 2789
2054 861 2788
4427 1855 2779
1927 342 2778
4926 769 2778
1677 1251 2778
2259 654 2777
2517 1093 2775
4006 1693 2773
4333 1075 2767
99 514 2767
2265 1901 2766
526 1830 2764
734 897 2763
2365 834 2752
656 1732 2750
3823 2005 2746
1452 1000 2745
4847 2242 2742
3669 1255 2740
1916 1375 2737
3267 1640 2735
1814 464 2733
4242 1696 2732
1864 1882 2731
3650 1847 2731
956 2256 2730
24 498 2724
2527 640 2723
1170 502 2723
1082 2084 2720
3870 196 2720
4444 1219 2717
1884 1187 2716
2140 567 2713
1953 1509 2713
744 510 2711
3878 2196 2708
4664 449 2706
4919 27 2705
1590 1026 2703
1808 618 2703
2085 860 2702
1522 1796 2701
2471 1902 2696
4626 643 2694
4158 1805 2694
34 210 2693
2642 1206 2693
3516 2259 2692
3568 532 2690
2167 1910 2690
30 1637 2684
4080 188 2683
1841 361 2675
3898 781 2675
3972 1426 2674
4067 2005 2667
3090 1589 2667
1998 1814 2665
551 2061 2665
4079 875 2663
3969 534 2661
3771 873 2658
219 618 2657
2667 1340 2653
1937 2257 2652
2155 2176 2650
4108 2191 2644
2051 665 2644
2451 597 2643
3824 627 2641
3818 1012 2640
2395 310 2639
1569 1830 2638
2559 1140 2638
113 1975 2634
3116 2213 2633
4431 2051 2630
1886 2151 2629
3587 1415 2629
1335 1486 2623
4424 1361 2623
1513 2074 2622
893 378 2621
369 2041 2620
4558 1141 2617
1205 1581 2616
386 1952 2614
928 1678 2612
1669 787 2611
3283 1902 2611
1867 1743 2610
2933 2076 2608
284 2033 2607
2637 978 2606
4285 1642 2605
3612 2005 2603
4202 88 2603
2683 1770 2602
2599 2227 2600
2280 1447 2598
2970 1251 2597
2680 1040 2594
2121 1269 2593
1872 1172 2590
2306 783 2590
1865 2262 2588
4607 2148 2583
4203 2164 2583
2128 2126 2578
2248 1815 2578
4558 701 2578
878 2014 2578
3013 1562 2576
3908 2045 2563
2902 2314 2562
2787 1463 2558
4885 1813 2557
1510 2262 2554
2854 1792 2554
1466 2395 2553
3946 1120 2552
909 2222 2551
4900 426 2549
2575 372 2548
2513 1129 2547
2903 2078 2547
3141 1881 2546
725 2395 2545
3850 1463 2543
2186 123 2542
4591 744 2539
691 2455 2539
691 941 2534
467 1356 2534
1088 446 2530
1112 165 2529
3738 1151 2529
4145 1353 2529
2653 1537 2526
3917 649 2526
2452 2055 2525
2136 170 2523
4205 2051 2521
1055 1201 2520
3683 1870 2516
4267 1985 2514
3626 1799 2513
4909 152 2509
2596 142 2508
4379 1930 2506
3703 1978 2505
3036 1748 2503
3955 1103 2503
2503 1280 2501
1282 952 2500
3183 1150 2498
4080 282 2498
2486 165 2497
4422 149 2493
1551 1851 2493
2670 2090 2492
1886 1840 2492
265 556 2492
1686 497 2491
728 1278 2490
1275 337 2489
4834 708 2489
4863 1190 2487
2519 543 2487
733 345 2484
3934 770 2484
1529 2089 2483
1696 1197 2482
174 2272 2481
2536 676 2480
1530 8 2480
4796 368 2480
106 1432 2475
3013 2402 2475
2830 546 2475
4158 1280 2473
38 1554 2469
2092 631 2468
1486 2455 2467
1981 1153 2466
3362 202 2464
846 2261 2463
1963 380 2461
358 1485 2460
2253 2074 2455
1491 2243 2454
1391 2346 2451
1810 1684 2451
1169 1188 2449
533 1591 2445
4807 1647 2444
925 891 2444
3774 1101 2442
4009 941 2440
469 68 2437
3378 2532 2436
2651 1646 2436
3746 802 2433
2721 2567 2432
4295 1270 2431
3625 1232 2431
2945 1266 2429
824 2479 2428
367 1449 2428
2239 634 2427
3497 2003 2426
3729 2199 2425
1746 157 2422
3878 1530 2421
2818 2093 2421
213 574 2420
2554 1962 2420
1180 500 2420
811 364 2419
1059 1271 2416
974 2333 2414
4137 1863 2412
177 1617 2412
1861 1236 2411
1659 1286 2411
1347 2163 2410
2084 1040 2409
2607 1779 2408
2891 1496 2407
2120 687 2406
2605 995 2406
4611 718 2401
1129 2578 2401
4312 215 2400
587 1921 2398
2192 2479 2398
488 460 2398
3062 1824 2398
4505 2571 2397
3984 2510 2397
1085 1199 2397
1265 1818 2394
30 2436 2394
1600 66 2391
1115 171 2388
3994 2455 2388
1374 1900 2387
1601 1581 2386
4077 2298 2386
4588 1359 2384
3031 112 2381
4591 1444 2381
1152 1839 2378
3431 1673 2376
209 1830 2375
1694 1357 2373
4720 1274 2372
3644 1460 2372
3376 1383 2371
4450 1415 2367
4005 1938 2367
4937 1728 2367
3418 1092 2366
4365 1063 2365
674 772 2364
4127 647 2364
3641 176 2362
529 1688 2360
3355 1987 2360
862 2486 2359
4695 1675 2358
1775 2279 2358
2585 2442 2357
1005 1118 2356
4513 758 2354
2692 2152 2353
1214 254 2353
3171 2038 2352
814 1830 2350
2220 1760 2350
2616 1659 2348
3554 2340 2347
2278 1521 2347
1765 972 2345
416 1191 2344
1387 2424 2344
2035 186 2344
349 2452 2344
1563 1918 2343
3404 70 2341
601 1988 2340
4112 1998 2340
487 1166 2339
4360 2378 2333
126 1090 2332
3582 2620 2331
4927 1878 2330
2459 919 2328
4227 1589 2326
1054 2437 2324
3843 1028 2323
2221 2545 2319
4053 2001 2315
3942 1978 2313
4392 1746 2313
1580 1219 2305
4070 2171 2302
3129 162 2299
2565 2379 2298
1798 2074 2298
3279 267 2297
139 266 2297
4904 1621 2295
4356 831 2294
1006 214 2292
1219 2341 2291
301 914 2291
2183 600 2290
4325 2243 2289
3028 1945 2280
1940 1512 2280
4882 329 2278
2061 2543 2278
4716 2166 2276
3430 2545 2275
3984 2058 2274
1737 1946 2272
2612 577 2272
4710 345 2271
4850 2358 2271
4776 180 2270
763 2037 2270
1634 2401 2267
1725 2598 2266
1741 1173 2265
1494 452 2264
3830 2389 2262
973 2251 2261
3283 1824 2260
456 250 2258
1919 2604 2256
4498 2685 2256
465 1472 2254
503 2654 2252
1121 514 2249
3148 2088 2247
1503 2202 2246
1038 122 2244
4463 2732 2242
4765 2175 2242
835 1234 2241
3498 2036 2240
4930 1110 2240
4080 1787 2239
309 907 2238
3120 402 2236
1666 1195 2235
4416 2231 2234
380 1765 2233
575 2622 2233
755 1635 2232
1502 2655 2230
3559 615 2229
3122 1815 2228
1833 2419 2227
3591 154 2226
3338 1055 2225
1107 2758 2224
4358 1264 2222
4878 1367 2222
3261 526 2219
3428 2309 2218
546 570 2218
2959 1579 2217
1373 584 2215
4967 1565 2213
3847 869 2211
3909 1586 2210
2125 990 2210
2939 2412 2209
4515 2036 2208
2263 1631 2208
4294 2666 2207
3812 133 2207
1861 2109 2204
344 1985 2202
3788 2755 2201
3163 1573 2198
2703 1950 2194
1517 1962 2193
1608 1793 2192
453 530 2189
982 1949 2186
805 436 2184
4468 2733 2182
1830 581 2180
1000 787 2178
266 2369 2174
3512 1796 2174
3314 1085 2172
2351 2070 2169
1496 994 2169
2745 2138 2168
4492 1247 2167
2149 1418 2167
2022 2578 2164
1823 164 2164
1012 775 2162
4728 2136 2158
1513 2084 2156
4780 2602 2155
2772 288 2154
4269 2463 2154
890 1447 2151
3040 2458 2151
4359 1612 2150
4799 2430 2147
326 1394 2146
1390 1865 2146
1091 618 2146
4614 2838 2144
4169 524 2144
3057 2186 2143
2829 1600 2142
3476 360 2140
3545 2652 2137
2098 253 2136
2136 2728 2132
1305 1164 2131
41 2206 2130
4740 790 2128
721 948 2127
524 15 2126
1582 2118 2121
366 1515 2121
82 1116 2121
1145 2328 2120
1855 2471 2120
4114 1235 2117
3182 2639 2116
3415 1111 2110
777 2615 2108
3590 2344 2103
2604 1060 2102
2903 451 2101
2075 2411 2101
1322 2012 2100
4560 681 2100
3413 1833 2099
4433 1900 2098
836 2181 2098
4647 2540 2097
641 2561 2096
663 2275 2096
2937 288 2095
4014 2570 2093
687 2149 2092
4368 1838 2092
4847 1902 2091
2869 585 2089
1351 1954 2089
92 403 2088
1060 2652 2087
1745 488 2087
2970 1117 2086
3525 1319 2083
2141 2312 2083
1275 867 2082
3213 2766 2081
4508 1020 2081
3678 2108 2080
3514 1812 2079
3966 2806 2079
1434 2160 2078
4309 2369 2078
2736 1094 2077
875 1785 2077
2975 2290 2076
3492 589 2074
3562 762 2071
3551 1946 2071
2806 1063 2071
858 166 2070
4210 2547 2067
2215 2300 2067
3999 1779 2066
4882 2379 2066
3414 2178 2065
292 1782 2065
4995 1928 2064
4688 1484 2064
1018 992 2060
834 2058 2059
1853 2481 2058
454 2167 2058
2580 2321 2055
3596 2680 2053
1373 1468 2048
3235 1022 2048
4775 2597 2047
1197 1879 2046
270 2453 2044
2182 691 2042
1956 2214 2042
495 1634 2041
6 998 2040
1363 1320 2039
3233 1705 2038
4209 1919 2038
2475 1989 2036
2527 1113 2034
3328 1418 2033
4808 2669 2031
117 1423 2030
1203 2093 2028
850 2008 2026
1894 2737 2026
1201 1724 2026
127 2872 2025
3356 2349 2025
2786 701 2023
2934 2164 2023
2630 112 2020
2909 1939 2019
3296 776 2018
3698 2925 2017
654 1804 2017
691 518 2014
396 2848 2014
2547 2102 2013
1929 1329 2012
4704 282 2011
4307 1018 2007
4369 2087 2006
3766 464 2005
2782 1781 2004
4284 2441 2002
3704 1411 2002
1594 2929 2002
139 66 2000
1993 1513 2000
4226 731 1997
1869 2242 1997
4440 2936 1997
360 2498 1997
3526 2850 1997
3299 978 1993
318 172 1991
4090 1807 1990
3736 7 1987
4872 1 1987
1345 2219 1987
1889 1977 1986
3339 1557 1986
4190 1984 1984
1160 855 1984
4551 2098 1984
1304 1329 1982
2264 265 1980
1406 650 1978
4430 2967 1977
1875 2469 1977
2267 2951 1975
2762 913 1973
534 2564 1968
952 1526 1968
4472 255 1968
1988 2784 1967
3956 1173 1967
1589 1413 1966
3507 2885 1966
3910 2088 1963
4723 768 1961
3869 1960 1959
3995 2912 1958
2549 1032 1957
4742 2949 1957
4903 2866 1956
24 522 1955
4883 2751 1955
577 13 1954
2925 1821 1954
137 1869 1953
3200 353 1953
1908 75 1951
2382 1788 1950
4408 1554 1949
18 3007 1948
766 445 1948
264 2485 1946
2838 2750 1946
2082 146 1945
2921 3040 1945
2978 340 1944
1454 2547 1944
4125 119 1944
2680 20 1944
4405 347 1943
4806 2534 1942
1735 331 1942
3552 521 1941
4585 1396 1941
4219 3046 1940
4082 1419 1939
2676 867 1937
4836 2868 1936
1314 2868 1936
170 2964 1933
2290 1787 1932
4103 5 1931
4861 2286 1930
2361 470 1929
2443 2287 1926
3541 2700 1925
4628 2170 1923
1425 2353 1922
3942 2677 1921
136 2755 1920
987 2885 1919
2584 87 1917
886 1681 1916
3147 959 1915
1055 790 1915
3621 2718 1915
1481 1205 1912
1162 2102 1911
2807 3004 1910
3813 1811 1909
3401 3060 1908
1442 2202 1906
2587 1947 1906
1191 193 1905
545 2577 1901
3767 1312 1898
2329 701 1898
1390 49 1897
439 2586 1896
1377 2812 1895
3471 1315 1894
1087 1776 1892
4001 1904 1890
4852 1149 1890
4690 168 1888
2222 2435 1887
4180 1455 1887
3188 2792 1887
3611 419 1885
2314 2048 1885
2084 1179 1884
2318 2567 1883
3573 1903 1883
77 2140 1883
1343 1681 1882
337 3026 1881
2461 53 1881
4275 579 1881
4926 665 1880
1157 2028 1879
2256 405 1878
1595 2668 1878
2511 1394 1878
240 2342 1876
4401 2290 1876
483 2579 1875
2832 1053 1875
2382 2294 1875
4382 2428 1874
2876 2261 1872
1529 1441 1872
3111 2108 1871
3856 2281 1870
3793 3080 1869
4958 1046 1866
423 1545 1866
3963 2641 1864
2538 2715 1863
2167 2982 1863
2516 626 1862
4094 374 1861
3975 2231 1860
4941 3132 1859
4766 1455 1859
4100 3107 1859
4077 902 1858
1284 601 1856
913 2538 1854
3569 565 1853
2327 1036 1853
690 2432 1852
862 1225 1852
2647 2390 1851
3732 1569 1849
3449 585 1848
1919 2380 1847
3931 2346 1846
1659 3033 1845
4406 1699 1844
1832 289 1843
2732 1584 1841
1307 2417 1840
1041 3158 1840
1447 2200 1838
4508 2983 1836
1607 3018 1835
3432 2595 1834
1359 1509 1832
3161 1404 1832
3464 2009 1831
4775 1736 1830
3345 2579 1829
1674 3069 1829
2222 2054 1828
4557 2627 1828
2859 1909 1828
1543 2264 1827
898 1980 1827
3669 2263 1827
3292 2658 1826
243 1556 1824
2238 2750 1823
930 2302 1823
1577 3093 1821
853 2941 1818
3944 2776 1818
2329 1665 1817
749 1214 1817
132 1810 1816
3865 2737 1816
2798 1876 1813
1432 2309 1813
4285 2087 1809
4352 2539 1809
4376 772 1809
2180 1914 1807
4646 3048 1804
2979 1703 1804
269 2258 1804
3967 1900 1803
3426 3126 1803
4235 2239 1800
3852 601 1799
6 1187 1798
258 2397 1798
2508 2433 1790
3340 1228 1790
446 1681 1789
4193 2710 1788
90 1549 1788
2302 1407 1785
959 1925 1785
1718 1720 1785
4027 2660 1784
4659 3199 1784
371 431 1784
3943 951 1783
1372 1757 1783
1972 2893 1783
4713 378 1783
3263 3042 1783
2057 911 1782
801 696 1781
2678 999 1780
3581 2395 1779
651 1168 1779
3736 2595 1778
3520 19 1778
4823 790 1778
754 2192 1777
1114 2519 1776
4690 2013 1776
4218 462 1776
4139 1890 1774
1415 83 1773
1744 2497 1769
1061 819 1769
1085 1340 1768
2804 3210 1766
4569 2804 1766
2628 2561 1766
1352 2948 1765
2434 1865 1765
1101 2817 1765
4565 2854 1765
338 2152 1763
1971 1107 1763
4916 3223 1763
4694 68 1762
3403 3122 1761
2167 1318 1761
531 2576 1761
3021 2812 1761
2612 786 1760
2332 2544 1759
2122 460 1758
2950 2609 1756
1260 3121 1755
3970 2642 1754
4949 2164 1753
3607 2215 1752
2652 1655 1752
4369 1689 1751
5000 2994 1749
1989 1732 1747
1917 3072 1747
2351 634 1746
2970 1475 1743
3870 2688 1743
1526 1412 1742
2738 1125 1741
3331 2408 1740
1788 2709 1739
3372 1944 1737
4322 2934 1737
3169 3095 1736
4468 956 1734
3958 2289 1734
4924 1094 1732
1488 1782 1730
3408 2770 1729
2187 1441 1728
4300 369 1727
3150 3192 1726
121 1184 1725
679 3256 1725
645 2572 1725
3257 285 1724
3948 1189 1721
1581 467 1720
1399 2297 1720
884 1596 1719
3225 2951 1718
2181 3110 1718
881 2314 1717
1688 583 1717
2141 1796 1716
2507 2055 1712
2007 2126 1710
2003 1659 1709
2538 275 1708
4426 2347 1707
275 1885 1706
1165 1091 1704
3944 3099 1704
293 2847 1702
1362 3184 1700
274 2189 1700
613 1310 1699
1535 2608 1699
1368 1327 1698
2539 2793 1698
1989 2129 1697
1951 1868 1697
1867 2164 1693
384 2564 1693
2798 894 1692
1847 2468 1692
1141 2509 1689
2599 1307 1689
2651 3189 1688
3593 2464 1688
2405 2454 1687
3518 3158 1686
1838 202 1686
20 3071 1686
4086 2460 1686
3070 2588 1685
2327 2743 1685
4920 2946 1684
40 429 1683
4839 2415 1683
1431 2756 1682
2865 499 1682
2947 492 1681
3133 1821 1681
984 2590 1680
4229 2106 1680
4099 2213 1677
3841 1905 1676
1181 1351 1676
1241 1327 1675
4373 828 1674
3299 827 1674
671 1411 1672
210 2030 1670
297 504 1669
1725 990 1668
1027 2035 1668
1451 2755 1667
451 1799 1667
377 1248 1666
3814 3203 1666
867 3197 1663
4483 83 1662
4638 1188 1660
669 1528 1660
3626 1592 1660
1450 3056 1657
1782 3303 1657
1265 2653 1655
734 2595 1655
3199 1420 1654
1307 2102 1653
1284 3316 1652
139 682 1649
3751 1812 1649
4043 3259 1648
2511 632 1646
168 605 1644
2709 3338 1642
4193 2707 1641
619 717 1640
2144 1743 1640
4695 3040 1639
922 2527 1638
3522 2788 1637
2062 2000 1636
4659 2870 1636
3936 2460 1635
2429 3340 1635
2848 2004 1634
2896 2921 1634
1465 1063 1634
3849 2985 1631
3044 2247 1630
318 2418 1627
4519 1661 1626
2136 2936 1626
1877 1295 1623
2432 1920 1621
1269 868 1619
4809 2443 1618
1934 3072 1618
1625 3349 1618
1617 3084 1616
4313 2324 1616
3077 3013 1615
2965 2686 1615
137 2108 1614
1288 1952 1613
2902 1690 1612
217 2490 1612
2158 3379 1611
4664 3074 1611
1833 1040 1609
4555 24 1609
981 364 1609
1063 1364 1608
2648 1653 1608
2659 1532 1607
3767 841 1604
2874 849 1604
1507 1599 1603
4057 727 1602
1570 1515 1602
4944 3372 1601
1578 1695 1600
2384 2250 1600
244 1490 1599
3120 546 1598
1437 975 1598
3799 2073 1596
2755 1296 1596
4801 2518 1594
751 3136 1593
1397 2335 1590
4597 3369 1588
4372 175 1587
4619 1262 1587
4764 3291 1586
3200 2487 1586
36 663 1586
1749 881 1586
946 3147 1583
1607 2296 1582
1269 1851 1582
2413 2157 1581
586 2435 1581
2103 530 1579
1641 1755 1579
336 1685 1578
1376 2753 1578
495 1004 1578
3668 3298 1577
916 3004 1576
139 2629 1575
2660 1346 1574
2056 2945 1574
473 2517 1573
4409 2918 1572
2107 3252 1572
1729 1129 1571
4103 1539 1570
4516 181 1570
4725 2041 1567
681 2678 1566
4110 3049 1566
1840 2857 1565
111 3266 1563
4993 2952 1563
2430 2084 1563
310 1855 1563
2877 1014 1562
1205 3251 1561
4040 2992 1558
625 3263 1558
1990 3054 1558
4902 968 1557
2673 262 1557
4093 3231 1557
1713 3418 1557
4928 2391 1556
1976 1648 1556
1895 1869 1556
1024 1482 1555
4822 2531 1555
1329 2187 1554
3775 2825 1552
4560 3137 1549
710 1353 1549
2195 1451 1548
1728 933 1548
3613 3275 1546
776 2323 1544
2807 54 1544
3405 785 1543
1367 1139 1543
1996 2097 1543
3672 1353 1539
3174 3363 1539
4525 1645 1537
1970 3110 1536
4209 458 1536
4622 3246 1535
3169 302 1534
2935 100 1534
1159 2497 1533
2 1092 1533
1062 421 1533
4748 2999 1531
132 3221 1531
2209 2511 1530
2857 3095 1530
4949 1991 1530
917 2144 1530
3059 1812 1529
2759 3360 1529
1154 3290 1529
3173 1635 1529
1873 3097 1528
1409 2662 1526
3926 2857 1525
1537 3206 1524
286 3429 1523
3017 1231 1523
3362 2360 1523
632 2755 1523
2067 2941 1522
3084 1367 1521
2025 2394 1521
720 3258 1520
3661 3364 1518
1843 2185 1518
351 1625 1518
4260 1842 1517
4201 216 1517
2221 2317 1516
1714 1977 1516
1747 830 1516
2091 2091 1515
1950 2963 1515
3569 2892 1515
2815 2403 1514
2333 183 1513
2781 2962 1512
2463 3221 1512
2305 2625 1510
2827 3011 1509
3253 1984 1509
1797 2304 1509
4958 2759 1509
529 2753 1507
1726 1186 1507
3647 2306 1507
67 3290 1504
3184 3047 1503
3466 3076 1503
3581 3027 1502
807 1611 1501
3117 2380 1498
2435 2217 1496
4992 3299 1496
1909 2934 1496
1320 2039 1495
888 998 1495
3946 2763 1493
1980 3166 1491
3975 2853 1491
4966 950 1491
2406 3240 1488
2924 1883 1486
231 3308 1485
740 1548 1484
2418 1849 1483
3091 949 1483
4575 2209 1483
3746 766 1481
1663 3453 1481
4916 3219 1479
652 422 1478
779 1363 1477
3150 2167 1477
2694 3496 1476
3778 2728 1476
4496 2587 1476
3472 1516 1474
884 218 1473
509 3279 1473
2718 101 1469
4999 1928 1468
2272 218 1466
2518 3458 1466
170 2293 1465
3079 2062 1464
2177 1817 1464
4615 635 1463
3903 2019 1463
997 2276 1461
246 2080 1461
1947 1788 1460
2501 1054 1457
2913 143 1457
145 2968 1456
2126 3381 1454
2698 1217 1454
318 348 1452
4060 1591 1452
4187 2677 1451
3529 1844 1451
77 914 1450
3565 3183 1449
3173 2749 1449
3944 2229 1449
118 2118 1448
847 2781 1447
742 3526 1446
202 3549 1446
4435 521 1446
674 1890 1446
3041 636 1446
2221 2127 1445
2079 2888 1445
4849 1234 1444
828 1528 1444
2481 2192 1444
1827 1076 1443
2082 1008 1443
4645 3261 1443
2219 1735 1442
1079 1624 1439
1751 3023 1439
249 438 1438
83 2736 1437
3275 1943 1435
4895 1706 1435
2222 2760 1433
419 2320 1433
1775 2702 1432
898 2703 1432
1447 2654 1431
3613 2884 1431
69 1261 1431
2222 1998 1429
3748 3252 1429
4326 2630 1428
2494 2269 1425
4821 3114 1425
2445 2460 1422
3724 1405 1422
3715 3128 1420
707 1898 1419
4363 2285 1419
3270 302 1419
1550 586 1419
1958 3519 1418
2282 1632 1417
1442 1701 1417
2579 1221 1417
1219 3305 1414
700 2066 1412
181 3328 1412
3458 3044 1412
1708 2266 1411
2057 2763 1409
1155 1813 1408
1452 2951 1406
3429 2411 1406
1072 2950 1406
3014 3287 1405
3469 3085 1405
3470 137 1404
1270 2906 1404
3171 2620 1404
4487 3488 1404
1621 2767 1403
2724 1220 1403
4088 3178 1402
2199 3005 1402
3675 2369 1401
4027 2202 1401
3202 1576 1401
1752 2396 1400
112 1828 1400
4138 502 1400
3022 821 1399
4104 1195 1399
2612 3324 1398
241 1350 1397
642 1927 1397
4082 2048 1395
429 1761 1394
552 2119 1393
2900 2633 1393
993 3215 1393
181 3311 1393
4513 378 1390
3260 1007 1390
2448 3057 1387
2010 2051 1385
2433 2895 1384
2170 251 1384
4077 1344 1383
2548 1574 1382
734 2539 1381
1976 2116 1380
158 3400 1380
4882 3480 1380
789 2223 1379
1955 1517 1378
27 1788 1378
4879 3578 1377
2512 2506 1377
3384 1178 1377
1836 3397 1377
3111 2671 1376
4630 2801 1376
3957 2434 1376
3625 1120 1374
4957 3313 1374
3321 2985 1371
2660 3468 1371
2829 3013 1371
2452 2390 1371
2700 2918 1370
2839 2509 1370
3533 325 1370
967 296 1369
1809 95 1367
2288 3183 1367
459 2169 1367
1537 3009 1365
4373 2059 1364
3788 3557 1364
870 559 1364
2861 1931 1363
3274 2809 1362
1022 1723 1361
3626 3545 1360
2392 3633 1359
68 3623 1355
1073 227 1355
2348 2548 1354
4081 915 1354
1510 1297 1353
4475 3352 1353
1127 3486 1352
1063 3258 1351
1142 3456 1351
305 1169 1350
3188 2875 1350
598 3339 1349
3535 3378 1349
3325 2207 1348
2131 1514 1348
3567 3166 1347
2915 3042 1347
1574 2935 1347
1741 3308 1347
505 2951 1347
4615 41 1346
3946 2391 1346
752 3190 1345
2948 3427 1345
4286 269 1340
4839 2859 1340
3471 1252 1340
3964 3602 1340
4947 422 1339
2192 456 1339
3152 1831 1339
3039 2848 1337
2713 1304 1337
4671 2643 1337
375 3004 1337
1262 2298 1336
1272 1921 1336
3977 206 1336
3625 3046 1335
2148 2335 1333
4796 1437 1333
2565 847 1332
832 1178 1331
1220 2301 1331
1551 3522 1330
180 815 1330
3615 1666 1329
1782 1709 1328
648 912 1328
805 2860 1328
2902 986 1327
1494 2031 1327
1088 3489 1327
787 2645 1326
2792 2840 1325
2447 1324 1325
894 2564 1325
606 121 1324
4288 2287 1324
2001 523 1323
4305 2725 1323
2751 2537 1322
3195 760 1320
3096 3434 1320
3631 341 1318
1926 195 1316
4036 2775 1314
3747 2785 1312
948 3226 1312
3219 3400 1310
1515 1725 1309
2355 3554 1307
382 3467 1307
328 1112 1307
2384 3437 1307
3495 2918 1306
17 1147 1306
2007 1275 1305
2680 2420 1303
1592 3002 1302
4179 152 1302
1335 2450 1301
3571 1019 1301
3620 134 1301
1929 3272 1300
3695 2680 1300
3678 3483 1299
567 3422 1298
3598 775 1297
3466 3701 1296
4236 2422 1295
969 3599 1294
1389 3636 1293
974 1434 1293
4961 2521 1292
3900 1379 1291
1394 3569 1291
4699 2532 1291
4091 2107 1288
2009 1180 1288
631 3548 1287
455 1481 1286
4282 3577 1285
970 2455 1285
4219 2570 1285
4002 3101 1283
83 2262 1282
3811 693 1282
3320 2956 1282
2895 3519 1282
4476 3293 1282
675 524 1281
2044 3195 1280
4378 2478 1279
3473 3190 1279
2931 1087 1278
1616 3136 1277
1286 1036 1275
3897 3702 1275
480 2365 1273
4481 3172 1273
4672 1987 1272
2902 1634 1271
2205 1909 1271
3862 228 1270
4192 2804 1268
4191 349 1268
3586 2770 1268
2716 1615 1268
4612 2893 1268
1698 2006 1267
2383 928 1267
1016 1777 1266
3046 1158 1266
2153 2152 1266
3802 3443 1265
3152 1200 1265
1093 3195 1265
2616 1790 1264
4380 1863 1263
1665 3010 1262
3513 1825 1262
1965 890 1262
4806 3198 1261
1720 2438 1261
4106 3584 1260
4787 396 1259
532 3244 1259
1835 3690 1258
1608 2646 1257
22 2948 1253
320 266 1253
1874 1545 1252
4417 2753 1250
1529 2585 1249
3964 3298 1249
4739 3554 1247
688 3200 1246
4868 1107 1245
91 2322 1245
3425 3023 1244
4977 1178 1244
634 2628 1244
755 3238 1244
3202 3392 1243
1092 3548 1243
2805 3486 1243
1923 3308 1243
4044 1543 1242
4390 2960 1242
3429 1029 1242
1374 2199 1241
3136 2541 1241
1855 3706 1239
1777 3310 1239
1371 2748 1239
799 3141 1238
1764 3679 1237
2993 1179 1236
4085 1119 1236
1078 2412 1236
2638 1664 1234
2093 598 1234
4691 1543 1230
4553 1293 1230
4813 1710 1229
3763 2084 1228
2021 469 1227
2040 1797 1227
3092 3715 1225
426 3674 1222
3643 3684 1221
2384 2736 1221
2192 2553 1220
1466 1541 1218
2098 786 1218
4495 1093 1217
3638 3314 1217
2706 1832 1216
2109 809 1216
3824 3238 1215
4607 1574 1215
1801 3408 1215
1753 3680 1214
2167 1420 1213
3090 2711 1213
3748 658 1211
4746 2792 1211
985 3411 1211
920 3487 1211
1142 3138 1211
1988 1197 1211
1421 2331 1210
3215 2319 1210
2952 3675 1209
3764 2347 1208
4852 2456 1207
4859 3739 1207
2281 2522 1207
2653 2928 1205
205 2831 1204
779 3034 1203
4168 2110 1203
815 2741 1203
3274 2944 1203
2939 3156 1202
1547 2132 1202
1262 1760 1201
3637 3454 1200
39 3178 1200
257 2829 1200
4995 3398 1200
4058 3058 1200
3604 3799 1199
252 2913 1199
3102 730 1198
1282 3753 1196
152 3591 1195
3164 2634 1195
2337 3787 1195
2316 2519 1194
131 1218 1194
1362 1590 1193
4429 2885 1193
574 655 1193
1213 1947 1193
3115 2572 1192
2440 1561 1191
609 1938 1190
713 3585 1190
3202 3601 1190
4009 3431 1189
2495 2944 1188
2158 1486 1187
2584 2501 1186
4310 2206 1185
880 3143 1183
3857 3408 1182
4514 2189 1181
2656 460 1180
966 765 1180
955 1203 1179
3579 2471 1179
1027 1078 1178
2389 3809 1176
202 3614 1175
4542 3591 1175
2618 3127 1174
1537 3473 1173
4999 3177 1172
1005 1657 1172
3920 3490 1171
2452 1925 1170
4340 3112 1169
4076 1726 1169
2014 630 1168
3100 1 1168
4846 3147 1167
4308 2673 1167
3551 3827 1167
974 2212 1164
2987 3119 1162
1221 3529 1162
291 3342 1162
1884 733 1161
4977 2212 1160
4516 1132 1160
729 3732 1160
1833 2690 1159
4686 939 1158
651 2711 1158
4059 1703 1158
4043 3494 1158
289 2124 1157
259 268 1157
3336 2612 1156
3453 456 1155
2674 1584 1155
4346 595 1155
4862 1746 1154
1426 644 1153
4649 1202 1153
3985 716 1152
1386 2227 1152
443 3666 1152
1447 2511 1151
175 2959 1151
1008 3182 1150
4237 297 1150
479 3024 1149
670 1407 1149
4675 2949 1148
356 3240 1148
2646 3308 1147
2049 1607 1145
908 55 1145
4070 2902 1145
381 1109 1142
4181 375 1142
2131 3658 1141
3646 2301 1141
1980 2646 1141
1943 1983 1141
1042 2083 1139
2773 1888 1139
3215 711 1139
1397 1024 1137
1657 1985 1137
342 1856 1136
277 2561 1135
1328 365 1134
3953 3167 1134
4211 3418 1132
2185 1881 1130
875 457 1128
1473 1068 1127
4322 2716 1126
4662 3437 1126
3308 991 1125
1326 3626 1125
654 1839 1125
1869 3549 1125
2819 3660 1123
4299 665 1123
1135 3861 1123
4302 2311 1122
3252 2134 1120
1615 3356 1120
553 1805 1120
2596 3319 1119
4612 2881 1119
4851 3072 1119
1694 3477 1117
677 2496 1115
2650 3810 1115
2391 3545 1115
322 3623 1115
4772 2819 1113
863 3736 1113
129 3149 1113
4256 3225 1113
3409 2791 1112
1804 3224 1112
2874 1955 1109
1965 3859 1108
2633 3057 1107
782 3730 1107
2587 1354 1107
3126 2442 1105
4998 3675 1104
524 231 1103
1349 1752 1103
1435 1377 1102
3999 2273 1101
2033 3543 1101
557 3864 1101
3368 3641 1101
4844 2735 1101
771 1108 1100
2500 1065 1100
3380 3612 1098
3117 2955 1098
150 3010 1098
358 3429 1098
4280 3267 1097
2170 1157 1095
1249 3325 1094
4780 3487 1092
3168 1514 1092
4367 3681 1092
1549 3604 1091
4469 3439 1089
1694 2663 1089
4863 733 1088
3096 3854 1088
1137 1871 1087
785 3540 1087
115 2931 1087
2489 1014 1086
3555 2309 1086
3838 1335 1086
273 2825 1085
1880 31 1085
2003 2939 1085
699 3532 1084
1942 794 1084
1796 2963 1083
2964 1488 1082
3458 941 1082
3789 3356 1082
671 434 1080
1900 1258 1080
3024 1960 1078
3167 956 1078
4781 1410 1077
3658 859 1076
137 3247 1075
2262 331 1075
1240 3620 1075
816 3733 1075
3911 3618 1074
4769 2182 1074
4103 442 1074
375 3329 1073
3183 151 1073
4661 1826 1071
421 3791 1071
310 3906 1069
276 623 1069
4241 3062 1068
1876 1705 1067
3015 3043 1063
460 3635 1063
4568 2768 1062
3059 1327 1062
2230 875 1062
302 3789 1061
2959 2679 1061
4825 995 1060
1322 3777 1059
3804 2818 1058
3204 695 1058
3074 2947 1057
4582 2295 1057
1127 236 1055
4595 3821 1055
1206 1117 1054
508 1661 1052
807 479 1052
639 1976 1051
1742 215 1051
2412 1585 1051
1424 3113 1050
2179 1567 1050
3538 2708 1050
3967 3392 1050
2230 2774 1049
148 1924 1049
2485 2921 1047
3549 1942 1047
3870 2937 1046
3659 2703 1046
675 1084 1045
2645 3001 1044
409 657 1043
1418 614 1043
3924 3171 1042
4734 1526 1041
276 2233 1041
4768 3503 1041
727 3216 1040
1748 1102 1039
1960 2964 1039
2080 3834 1039
1973 1547 1039
2108 3733 1038
2489 2602 1037
697 3574 1037
665 1070 1037
982 2269 1037
3822 3927 1036
2857 2407 1036
4681 3270 1035
3851 313 1034
3068 2609 1033
1781 3922 1033
2890 3479 1032
4978 1165 1031
2749 3812 1031
2807 543 1031
4895 3279 1030
1005 2901 1030
2052 2420 1030
1577 2414 1029
4314 1270 1028
4583 768 1028
3818 3899 1028
4787 3882 1028
4901 3835 1027
261 3912 1027
3578 2298 1027
1187 3387 1025
2531 1052 1022
1986 1479 1022
2289 2771 1021
4395 3146 1020
4367 1786 1020
1707 2642 1020
2186 542 1020
3053 2873 1020
3935 980 1019
2430 1708 1018
2150 3775 1018
3735 1037 1017
4195 887 1017
1425 1804 1016
3637 2506 1016
2533 3402 1016
238 725 1015
3214 3965 1013
1786 3906 1013
104 413 1013
3481 2516 1013
1588 2643 1012
3910 3375 1012
324 548 1011
1295 2113 1011
3117 1008 1011
4153 2076 1010
2196 776 1010
4458 2902 1009
2467 1616 1008
1597 3726 1008
4917 3842 1007
711 2300 1004
3596 1063 1003
3960 3916 1003
2961 1751 1002
722 3612 1001
1875 3562 999
830 2054 999
3645 1970 998
2683 3840 998
3748 521 997
4665 2283 996
3529 3784 996
774 3800 996
3133 3544 996
2415 1528 995
3140 1914 994
1513 3337 991
498 2854 990
2199 1743 989
4644 3914 988
2105 3621 988
2138 2969 988
324 1058 987
3115 3810 987
2269 1359 987
1162 1870 984
3433 1955 984
2210 3762 982
1337 1924 981
3694 3149 978
4705 2063 978
3296 254 976
4026 906 976
451 3609 976
708 1433 976
3530 3529 976
934 36 975
1635 1029 975
315 3715 974
2492 2058 971
4259 4019 970
4898 1625 969
2382 1256 969
772 291 967
4067 2449 967
1621 2671 967
3513 1057 966
4565 2132 965
271 3787 965
15 3292 964
1911 1799 964
4331 3831 964
870 3234 963
219 350 962
2980 3753 960
575 3414 958
2017 2993 956
2745 3318 955
546 656 954
3990 2023 954
16 2254 954
797 3331 953
373 3505 953
3326 1715 952
3481 3796 951
2035 3502 950
4475 3597 949
1696 3553 948
782 2132 947
4763 3858 945
755 3332 944
4084 906 944
2063 3597 942
4408 3406 942
3955 3479 941
560 3745 940
4607 3729 940
134 1486 940
2825 3288 938
71 947 936
781 3724 935
3068 3800 935
1414 2100 934
2010 1704 934
786 3294 933
1679 2899 933
2765 2445 932
2600 2459 932
4321 518 932
3036 746 931
3849 1585 931
1356 2712 931
4617 2025 930
2006 2201 929
2545 3935 928
3339 2276 928
3714 3983 926
1149 1770 926
1321 3512 925
3866 882 924
753 3412 923
3970 2269 922
2996 136 922
2294 3980 921
2501 2820 921
3885 1686 921
2640 3085 920
2714 1884 918
4968 3398 918
3306 897 917
952 1927 917
4105 2735 917
1222 1461 917
1728 406 916
2811 1093 915
529 2308 915
930 3330 915
1428 1531 914
3340 842 913
2744 4002 913
4410 3888 912
2228 2277 910
1594 3050 910
2853 1586 909
3408 3803 909
295 2181 908
486 1686 907
2573 305 906
2312 3643 906
2142 1012 906
3681 3247 905
4892 3262 905
1584 2510 904
4568 3887 904
497 3815 904
266 2283 903
2463 3515 901
4943 1040 901
1035 2659 901
4183 3099 901
1092 1237 900
3019 3944 900
4617 2957 900
3224 3665 899
353 3762 899
4502 2448 898
814 2091 898
3960 2121 897
856 3967 897
681 3854 896
1754 3872 895
1952 4034 895
1393 3062 894
2516 4027 894
3923 3519 893
2608 4081 891
601 3592 891
2471 3515 890
22 1562 890
4524 3474 890
2823 4034 890
2954 2603 890
419 4053 889
2094 2072 888
696 2621 887
206 2343 885
3121 1530 885
1561 1251 885
3251 3457 882
1016 1402 881
1699 912 881
1247 900 881
2360 2521 880
4284 3379 880
3503 3085 879
3307 321 879
2075 2542 879
1975 2555 879
2264 1793 878
1081 2356 876
3195 2032 876
298 625 876
3059 4059 876
1588 3714 875
3655 1937 875
2966 3435 875
2176 3809 873
4985 2781 872
1794 3069 872
4056 908 871
4700 3905 871
3709 3421 870
973 3834 870
4255 4061 868
1822 2681 867
3818 2383 865
3531 2994 865
3794 3622 865
1269 4010 864
269 3735 864
3325 3540 864
1987 4120 863
1089 2318 861
4737 2586 861
203 2472 861
2050 3048 858
1633 4084 857
1767 711 857
2418 3521 857
1493 3374 856
4840 2292 856
3038 3796 855
1143 345 855
886 3744 855
2322 2747 855
2657 2484 855
1672 1665 855
365 1856 854
4337 3010 854
2687 3351 854
3562 1103 853
3649 3005 853
2532 1562 853
2178 2111 850
126 3097 850
3649 1047 850
233 3497 850
3333 1625 849
2146 3935 849
95 4108 848
1466 4072 847
2649 2773 847
4633 18 847
1501 2691 846
1312 22 845
1785 1946 844
4206 3635 844
862 4028 844
621 3704 844
398 1282 843
2885 2160 843
4443 3755 842
2533 1488 841
1316 3167 841
869 3991 839
308 3626 838
2400 3948 838
1834 2034 837
2112 247 837
1305 1932 836
314 3790 835
980 1905 834
2728 138 834
769 1683 834
4659 470 833
2730 284 833
3400 2630 833
1471 3222 832
4474 2570 832
4715 3842 831
4846 3064 831
4780 813 831
2897 3111 831
4690 1456 830
713 3743 830
1931 3216 829
661 364 829
2891 3551 828
1475 1059 828
75 2229 827
3492 175 826
4991 2653 826
964 4044 826
3879 3633 826
904 3772 825
3074 1912 824
3383 2727 824
1913 1481 823
2799 4047 822
2193 3813 822
1518 1243 821
2648 1533 820
4083 1926 820
2419 597 819
342 3880 819
960 4155 819
2265 3011 819
1855 2400 818
2528 4109 818
63 3648 818
2144 3351 816
4050 434 816
664 1482 815
2234 3182 815
4506 3979 815
1383 2003 815
4264 4048 814
3417 509 814
3155 2369 814
160 3682 813
1039 4085 812
1454 2140 812
1099 3884 811
3609 3504 811
2685 3472 811
1982 3237 809
4426 631 809
329 2142 809
3660 3546 809
2378 3917 808
3191 3959 808
1756 2040 807
2396 1647 807
4363 2953 805
3359 1568 804
1703 2178 804
3878 2887 803
1959 758 803
1883 3765 802
2056 2878 801
64 1823 801
4968 4064 801
3831 1597 801
4693 3370 799
4289 4176 799
578 1711 797
4907 2065 796
4394 3847 795
1313 3633 795
4133 2365 793
2836 3568 793
1476 1464 792
1125 1761 791
4459 2522 791
1752 1173 790
1901 1386 789
2928 1645 789
1803 3355 788
994 3098 787
4929 2693 786
3824 958 786
2991 4013 785
3163 1468 785
4967 4077 784
4578 3494 784
836 4096 784
4714 4053 783
3033 2271 783
1763 3771 783
4827 1707 782
2893 2094 781
3957 3987 781
2773 3665 780
1342 3958 780
3967 3549 779
4773 204 779
4844 4099 778
1806 1299 776
2913 4086 776
906 3708 774
2798 3811 773
1080 3593 773
4286 3821 771
649 570 771
4158 3258 771
2835 4164 770
1162 2744 769
1128 1459 769
1399 3925 768
352 447 767
3316 3289 766
1834 2337 765
3417 3743 765
1491 80 765
776 1795 765
1452 97 764
3829 2822 764
1358 2061 763
4151 2038 761
2391 3945 761
4517 2469 761
2119 3951 760
1892 3481 760
2129 3676 759
1500 3274 759
1180 208 759
605 3231 759
3535 1522 759
1281 2765 759
945 3477 757
36 3228 756
4718 2121 756
1418 1493 755
1955 1143 755
3226 2243 755
1737 1378 754
1115 3649 754
3023 4163 753
1701 4161 752
2496 4190 752
1947 2464 750
3475 1830 750
547 1183 749
99 4085 748
3930 2047 748
1633 3512 748
3595 3255 748
3915 2132 747
4750 3813 747
4805 784 747
1329 2568 747
2340 2078 746
1291 3282 746
1854 2818 745
2025 3373 745
2449 4100 744
2632 1453 743
3648 3187 742
4303 2798 741
1745 3383 741
901 3817 740
1282 4039 739
2562 2982 739
4897 2835 738
2565 4112 738
4243 2460 738
4392 3290 737
264 612 737
1141 2891 737
1963 4230 735
3692 3772 734
4355 4103 734
4690 3692 733
3801 3776 732
2604 4211 731
3822 4262 731
4457 780 729
2993 187 729
1575 3293 728
1702 3736 728
4808 3354 728
3521 3851 727
1575 975 726
4584 110 726
4492 1230 725
624 3695 724
4384 3994 724
3800 3916 723
3325 4091 722
2766 2171 721
1117 2785 721
3922 1807 721
2875 3257 720
1800 3115 720
3582 3522 720
1316 4190 719
3238 3661 719
3014 3347 718
3598 3163 718
1928 3646 718
4277 1308 717
96 2726 717
1483 1626 717
2243 3903 717
4842 4224 716
810 1603 715
352 3719 714
4772 2920 713
2950 4194 711
936 2567 711
4295 3735 711
4446 3125 711
4938 3078 709
3813 1493 708
3050 751 708
874 3674 708
2620 3626 707
3699 1833 707
2577 4050 706
2844 3952 706
3560 969 706
1187 2647 706
3354 963 705
4022 2367 705
115 1048 705
4838 863 704
1716 2909 703
1949 198 703
827 3678 703
68 3848 702
2934 3838 702
2295 3979 702
4450 45 700
3242 268 700
764 2434 699
1944 2836 699
303 3002 698
2698 1459 698
2269 4263 698
2944 2994 697
236 1795 697
2659 232 696
722 4124 695
3774 3967 694
3375 2287 694
4438 502 694
1711 3548 694
555 707 693
4955 4106 693
2350 1113 693
4493 3464 692
2578 3152 691
3653 1395 690
3126 3828 690
400 3548 690
1256 515 689
4866 3604 689
4475 3914 689
4777 3354 689
3566 2190 688
3448 1412 688
4962 658 687
112 509 685
2548 2078 685
973 4279 685
3648 3526 684
941 3489 684
411 1309 684
1433 4244 683
189 2432 683
2069 3911 683
2927 3657 683
9 1082 682
2846 1534 681
2756 4066 681
3196 1409 680
3041 3475 679
674 3342 679
4144 1121 679
1183 3272 677
13 2510 676
666 4276 676
3516 2302 676
4978 4151 675
3398 17 673
4897 2322 673
1422 2047 673
3332 2338 673
4345 3885 672
4970 3479 671
4233 3951 670
1646 4316 669
453 1527 668
3656 3263 667
2755 3840 667
492 3928 666
3823 3863 666
333 3539 665
4296 3780 664
560 4261 663
1962 3715 663
3388 1484 663
2768 2617 663
2725 556 662
2350 2700 662
218 3644 660
500 2573 660
4090 2297 660
3506 2962 659
473 1787 658
1661 2800 658
1069 1785 658
3845 2491 657
4507 2213 655
2023 3398 654
472 739 654
1504 972 654
2350 1988 653
221 3243 653
908 3884 652
1973 2769 652
806 757 651
3758 2420 651
1900 2992 651
4711 3416 650
2024 975 649
4967 4037 648
3695 1216 647
3766 2124 645
937 1384 645
3472 2891 645
2441 3203 644
4660 409 644
125 277 643
1841 4154 643
2653 2354 642
3191 1449 641
3479 1927 641
2248 2007 641
2143 3865 641
376 4202 641
206 916 640
60 2057 640
4223 4356 639
2570 3914 639
1295 3030 639
2963 4217 639
1612 1780 639
1795 3662 639
3667 4072 638
1668 4008 637
366 2945 637
1825 3197 637
1323 3023 637
3865 3743 636
2230 3699 635
3052 2409 634
4140 2101 633
3206 3032 633
2517 3018 633
398 2100 631
3606 4152 631
4099 4041 631
1645 4148 631
3802 4340 630
67 4097 629
3206 3775 629
3752 553 629
3090 3208 629
2164 3352 629
3422 1797 629
1712 3573 627
4810 3607 627
151 3852 626
1848 3028 626
924 632 626
4510 3711 624
233 3483 624
3372 3540 623
20 3704 623
4154 1980 622
974 3572 620
23 3527 620
665 3765 620
2861 4283 620
4350 3759 619
2541 3792 618
1566 4145 618
2664 624 618
2567 911 617
23 4325 616
2352 2490 615
2161 3418 615
3859 4250 614
3310 662 614
1381 3940 614
2686 935 614
948 3453 613
2232 3117 613
3558 2470 612
3586 118 612
3848 4114 611
1695 4146 611
2167 216 610
377 180 610
3836 3435 610
2882 1167 609
2049 3974 608
4200 3966 608
3679 4300 608
111 1794 607
2648 3398 607
4369 2874 606
2491 4256 606
2207 4070 606
1277 4287 606
2582 3421 605
4551 3721 604
367 3189 604
1844 4344 602
1539 3713 600
1630 3661 600
1972 733 599
1443 2478 599
1647 4376 598
3118 3760 598
4542 4143 597
3715 4065 597
2539 3826 597
4008 3579 597
3420 3461 597
425 3094 596
2523 3976 594
736 3035 593
4606 1445 593
3913 4346 592
3928 3711 592
1590 4258 591
2715 3233 590
4069 3546 589
152 4101 589
2344 4118 589
4853 1406 589
4180 4004 588
193 3803 588
4010 2983 587
1970 4262 586
3705 4025 586
1300 2741 586
4070 2503 586
4032 1311 585
322 2986 584
4989 4356 584
1225 4063 583
616 3165 582
3338 324 582
4963 4178 581
964 4328 581
2472 4409 580
4639 3688 580
1941 3950 579
3051 4311 579
3098 1327 578
2041 2109 578
4522 1892 578
186 2624 578
266 650 577
2518 3644 577
629 3851 577
735 4156 576
3006 1878 576
1118 2560 576
70 2272 575
3172 3302 575
4572 3231 574
1322 4251 573
1223 3622 572
424 3708 571
831 4325 571
1914 1274 571
1126 3713 571
112 3307 570
48 2923 570
2786 2096 570
2480 3978 569
3586 1773 569
1622 4083 569
2362 4154 568
647 1492 568
812 4257 566
2834 652 565
2962 2083 565
15 3307 565
3325 3132 564
1344 4150 564
4799 3696 563
4510 2593 563
2717 4107 562
699 3701 562
1609 4334 562
2373 3466 562
2943 1173 562
423 1634 562
1772 4015 560
1869 1816 560
320 4357 559
3561 3773 558
2100 4288 558
2000 3806 556
4259 3545 554
3991 978 554
2832 4186 553
3910 1083 553
4508 1013 553
4824 795 552
517 3807 552
2931 1923 552
4282 3989 552
2044 2696 552
3470 4053 551
2156 3987 551
4879 2891 550
375 1344 550
2082 2912 550
2888 3262 550
2998 1773 550
4984 4353 549
4897 3503 548
4201 2866 548
2339 4217 548
2080 2952 547
423 2094 547
619 2461 547
4488 4061 546
1718 3384 546
3155 3225 546
3918 3870 546
2252 3065 546
2647 2423 545
1361 3439 545
4705 3470 545
839 1884 545
4275 4253 545
4504 4384 544
4638 911 544
530 2905 544
2413 2072 543
1823 635 543
1992 610 543
1064 4185 541
1423 283 540
4895 3714 540
1505 3066 539
3742 94 538
977 4014 537
928 3001 537
1909 4289 537
3971 3402 537
2665 2782 537
1190 4062 537
597 3367 537
4316 4368 537
1254 3451 534
24 4054 533
3460 1558 533
3178 2930 533
3363 3395 532
2657 2058 532
3230 3513 531
3957 461 531
758 4156 530
167 4119 530
1095 4408 530
4981 569 530
1900 2492 529
2778 974 527
3535 3220 526
2486 660 526
3349 4428 526
4592 2972 525
2730 3797 524
817 3985 524
351 4293 523
485 1507 521
1560 3009 521
21 4328 520
4874 4471 520
1669 4125 520
1502 1974 519
1011 3353 519
2443 4412 519
3132 2134 519
2921 3449 519
4038 1087 518
2598 1624 518
4243 2926 518
982 1702 518
4954 2388 517
3824 3029 516
532 4084 516
431 3182 516
2095 2493 516
833 4374 516
2227 3835 516
1536 1509 516
1208 4450 515
4027 4480 515
611 4017 515
4922 3946 515
3944 3462 514
3434 4472 514
4251 2303 514
2670 4078 514
3346 4424 514
1419 2536 513
699 101 512
3397 3103 511
3096 807 511
174 3624 511
1809 1007 510
1420 4315 510
2165 1804 509
964 3415 509
1636 4452 508
2892 2229 508
1235 4491 507
539 3431 506
4606 2343 506
2803 3665 505
1501 1071 505
909 2929 503
4853 843 503
4193 2015 502
177 3335 502
2604 1057 502
3646 3244 502
4649 2006 502
1079 3740 502
1262 706 501
353 2978 501
2952 3901 501
2530 847 500
2186 256 500
4844 2529 500
3371 4272 499
3843 847 499
927 4375 499
1183 4349 498
1875 746 497
3728 4312 497
619 2710 497
936 3703 497
3724 4313 496
3663 4485 496
3530 2935 496
4901 3803 495
1040 4264 494
1901 1946 494
74 4060 493
627 4360 493
776 3057 493
72 4152 493
3562 3485 492
660 4358 492
1256 4452 491
4930 2417 491
1624 274 490
2187 4431 489
901 2531 489
3112 2630 489
269 2052 489
1352 4183 488
553 3869 488
294 4461 488
3884 4185 488
2693 3141 486
2994 4146 486
3700 4090 486
1993 4253 486
2746 1090 485
4132 3804 485
4979 4428 484
4756 3741 484
3658 4322 484
4779 4367 482
4191 4425 482
3993 402 482
1633 4227 481
2780 3459 481
3719 2134 480
4790 3943 480
1172 4294 480
3287 1058 479
1462 2243 479
2720 4468 479
1780 4210 479
4592 4391 478
2665 2550 478
315 1161 477
377 3725 477
3941 4187 475
4320 2221 475
1257 4129 474
2802 4206 474
1361 1584 474
4318 4343 472
4562 3418 472
1627 4038 471
3418 2125 471
4994 4223 470
4723 4453 469
4156 4350 469
34 2020 468
1788 4037 468
1648 2626 467
4326 4128 467
4279 1987 467
1224 4278 467
2107 1722 467
1831 3217 467
2674 2070 467
3070 1935 466
4973 3642 466
136 3815 466
2160 4149 465
4540 4409 465
2403 215 464
3655 3875 463
3034 4249 463
2660 4129 462
1095 4391 462
1066 3071 461
1978 2462 460
4682 3731 460
1178 2793 460
2607 4511 459
4712 3019 459
4098 4019 457
1593 1815 457
3199 2479 457
161 4411 456
2667 3708 455
232 2898 455
280 4134 454
2386 4138 454
2224 4376 454
2895 4468 453
3537 3285 452
4602 3327 452
916 4285 451
496 3658 451
736 3881 451
2177 2801 451
1434 2571 449
2133 4424 448
1293 1774 447
1396 3752 447
2344 1549 446
3660 4498 445
3700 752 445
4233 4076 444
2532 3674 444
2200 586 444
1425 2354 443
1494 3806 443
2276 4273 442
4626 477 441
4896 4455 440
4594 2263 440
1154 1740 440
654 1108 440
3463 4230 439
1395 700 439
736 3831 438
1163 4195 438
676 1821 438
4419 4393 438
4725 1344 438
1938 3973 437
3879 3150 437
2062 4473 437
1118 4167 437
1667 4280 437
4341 902 437
4997 4478 436
4077 4350 435
3399 4040 435
4137 2583 434
4167 4352 434
3532 2517 434
882 2063 433
2119 2023 433
1981 4272 432
2650 2171 430
4762 4437 430
3247 4510 430
4635 3601 429
1374 4512 428
2872 4431 428
4592 1948 428
530 4352 427
1856 3691 427
2108 3100 427
1852 2631 426
4563 4480 426
1862 4480 425
2193 3283 425
4001 4071 424
3923 4541 424
1795 3939 423
2351 3112 423
2385 4145 422
614 4084 422
251 3209 421
1939 4241 421
3369 3913 421
1542 4025 420
2252 4237 420
2682 4504 420
68 4159 419
2510 1978 419
4651 3051 419
3739 4305 419
4016 2009 418
4589 2269 417
4517 4475 416
4579 1798 416
532 4440 416
3479 2617 416
3952 3664 416
3358 4435 416
1146 2787 416
1379 4130 414
4601 1903 414
789 1384 414
4588 3482 414
1708 983 413
884 4581 413
1231 4453 413
4647 4263 412
1055 692 412
1554 4436 411
1454 285 411
3445 2634 410
2065 4108 410
3112 1263 409
3589 3912 409
2545 4586 408
4194 4547 408
1144 3118 408
2795 4579 408
4247 4289 408
3115 2764 408
3748 1968 407
734 400 406
4614 2743 406
1441 4285 406
562 1867 406
3119 4576 405
2796 4058 404
4176 4581 404
3423 4464 404
4987 4568 402
3743 3832 402
76 4390 401
1117 4246 401
3056 726 401
2388 1770 400
1409 3887 400
1774 546 400
2888 2588 400
2174 4100 400
2822 1118 399
3873 3452 399
2871 4086 398
1858 3932 398
771 3286 397
2051 3865 396
3066 2827 396
878 4509 394
1618 4519 394
869 3418 394
2765 2910 393
912 3363 393
2666 4571 392
1135 2737 392
1439 3477 392
2402 357 391
634 4585 391
1604 4180 391
121 2819 390
3751 2728 390
3921 2036 390
4743 4332 390
1937 1311 390
4241 3247 390
3854 4004 390
3462 1222 389
3682 3985 389
3147 3343 389
4949 2251 389
1234 1389 389
2466 2876 389
565 1961 388
2499 4564 388
135 4522 387
2993 932 387
3641 4024 387
4993 3470 387
4766 4549 385
2292 4011 385
4835 2279 385
1958 4481 384
2157 3731 384
3700 1073 384
3811 2548 384
833 4530 383
2170 3223 383
3108 2733 382
2403 4406 381
17 3969 381
2533 3925 381
2301 4205 381
687 3177 381
3453 4584 381
2529 2532 380
4467 517 380
4975 4380 379
219 2720 379
267 4603 379
3342 4165 379
1476 4214 379
1214 3865 378
4615 4594 378
1454 433 378
1366 2695 378
730 3019 377
1793 4232 377
4206 4062 377
1826 4391 377
143 4621 377
909 2696 376
1666 2721 376
4455 2059 376
3972 2495 376
2445 4483 376
4138 3503 374
2181 1699 374
4701 4467 374
3088 3948 372
1504 2202 372
2383 4292 372
73 2137 371
239 4463 371
1808 2711 371
1176 4118 371
2598 3560 371
4785 1120 371
930 4601 370
1379 4527 370
2913 4614 370
139 2493 370
2905 4441 369
1658 3361 368
2671 1793 367
447 4299 367
4616 1342 367
3532 4106 367
4062 1878 367
2918 3743 366
1907 3341 366
4319 3975 365
2968 4011 365
3727 1942 365
2605 4095 365
967 2295 364
4788 4400 364
3903 3036 364
884 920 364
1184 3929 363
1646 2295 363
2026 4492 362
1348 3144 362
1572 498 362
651 3398 360
2115 4478 360
186 50 359
4798 4388 359
4224 3483 359
1386 3401 358
3531 4641 358
2111 3650 358
2826 4057 358
533 4445 357
103 4420 357
4511 2720 356
2751 3301 356
2575 1503 355
4201 4543 354
1450 4357 353
3748 4500 353
3073 577 352
1227 4266 352
1121 3200 352
49 3641 350
4536 2734 348
1449 1321 348
2886 199 347
3867 45 347
4095 2275 347
1678 3879 346
262 1721 346
4233 4591 346
2630 4203 345
3226 2146 345
4448 4295 345
888 4584 345
395 4604 344
3888 3620 344
242 3838 344
302 4426 344
3983 4150 344
119 4631 343
1352 4404 343
4790 4345 343
4652 2898 343
4120 4449 342
2236 539 342
601 4530 341
4410 4331 341
4654 4163 341
901 4407 340
4020 4414 340
2618 4353 338
298 4649 338
3665 4482 338
2504 4615 337
2300 192 337
3495 4440 337
3080 3954 337
4888 2091 337
4696 1343 336
3275 3014 336
3202 1183 336
1680 3863 336
4328 4554 336
262 3437 334
300 2042 334
4020 1469 334
2713 4422 334
4427 4270 333
3208 3020 332
2693 4373 332
3821 4321 332
2940 4542 332
385 2483 331
3838 4249 331
2433 460 331
3911 4475 331
229 3550 330
1200 3689 330
1657 4134 329
1644 3454 328
799 4340 328
4441 3999 328
2655 3945 328
3993 642 328
3429 3896 327
847 3847 327
4781 4499 326
4371 3775 326
593 741 326
716 4663 326
1916 4472 325
4281 4592 325
3760 3123 324
4917 3479 323
3002 3433 323
4440 4273 322
3806 4097 322
560 2150 322
3847 3635 322
748 1409 321
3734 4354 321
4763 4390 321
2060 1635 321
3951 4626 321
4534 4572 321
113 854 321
294 3376 320
4109 2828 320
1238 4107 319
1506 4192 319
159 3924 319
4161 1006 318
979 3881 318
170 1575 317
90 4264 317
681 244 317
2680 3668 317
3003 77 317
648 4416 316
2441 3004 315
4517 4648 315
2189 4483 315
4850 3632 314
4293 4473 314
948 4197 314
1923 4405 314
2345 2740 313
3763 4337 312
4702 4589 312
830 2816 312
2081 2825 312
2682 4229 311
4985 4516 311
2216 3234 311
3839 3173 310
4099 1515 310
3654 1550 310
1254 683 310
1672 1868 310
4503 4011 310
271 3979 309
1404 3383 309
3267 4360 308
1406 2962 308
2458 4502 308
2920 4146 307
3496 4553 307
2998 3321 306
1680 2832 306
2805 3429 306
1753 4607 305
2471 4680 304
2068 1320 304
2739 2860 304
1437 3242 303
3045 3830 303
3168 4641 302
2461 3475 302
2831 4285 301
1895 4570 301
4875 309 301
4232 2913 301
306 3293 301
87 3652 301
928 4498 301
1478 4261 300
3053 1475 300
708 4396 300
4459 3165 300
2170 3475 299
4920 4414 298
3103 2248 298
2278 4624 297
131 3713 297
1702 4055 297
1730 2962 297
3716 4281 295
2186 2025 295
735 3999 295
3814 1434 295
4220 552 294
1077 2737 293
1432 1155 293
3757 4414 292
2121 3306 292
4409 4487 292
4348 4042 291
2930 4687 291
1734 831 291
685 3404 291
3835 1593 291
2871 152 291
1794 3211 290
4387 2756 290
4065 4623 290
2894 3895 290
1152 2910 289
4195 3705 289
328 4656 289
413 894 288
3400 4469 288
4993 3141 288
286 4283 287
860 4707 287
793 4695 286
4344 4055 286
2558 3702 286
3320 876 285
4747 4285 285
3704 3763 285
631 148 285
2352 4205 284
1147 1307 284
232 3345 284
4533 2248 283
4401 4340 283
133 3918 282
2374 3514 282
2492 549 282
4559 3850 281
470 4355 281
2898 1102 281
870 1867 281
3298 1835 281
2679 3386 280
97 4619 279
3626 4332 279
4625 4461 279
4279 2329 278
4644 4535 278
2961 3882 277
1322 3916 277
2258 4014 277
853 4678 277
2677 4091 277
29 4366 277
3859 3483 277
915 4243 276
1925 3566 276
1534 2429 275
2613 2730 275
3631 171 275
2337 4658 274
1312 2337 274
4485 4719 274
328 3776 273
1883 4431 273
3806 4269 272
4845 858 272
2449 3555 272
98 4088 272
4642 3556 272
1079 1730 271
47 3325 271
3853 4414 271
3454 1732 271
3123 4557 271
709 3940 270
1569 2707 270
4646 3417 269
2297 4165 269
4196 458 269
4713 4329 269
899 4708 269
1028 2251 268
3305 1708 268
2150 1874 268
4022 3479 268
4468 4724 268
4862 4519 267
868 4557 267
3495 1568 267
169 4024 267
4497 4490 267
2916 4536 266
3246 2048 266
4948 4732 266
1509 4703 266
228 4111 265
2002 3290 265
3328 4354 265
572 4316 265
1924 426 265
1872 3731 264
4782 4038 264
3832 4719 264
2625 3708 264
3737 3451 262
1676 4505 262
3430 4576 261
4846 482 261
278 2109 260
1586 4390 260
4759 4626 260
595 3170 259
378 2606 259
4677 801 259
4642 2592 258
1498 4475 258
36 413 257
656 509 257
1760 2256 256
2567 3149 255
361 4560 254
80 4377 254
1844 3649 253
1257 4410 253
2734 791 253
1155 4370 253
2122 2880 252
4423 3762 252
1181 4306 251
1597 4457 250
1769 2259 250
1634 2708 250
1395 803 249
751 4454 249
1500 1358 249
4332 3268 249
2421 4427 248
4452 3374 248
993 4149 248
3322 1751 247
1974 1275 247
8 4400 247
1262 4609 246
2986 3820 246
1748 3045 246
2664 4460 246
4025 3285 245
4084 340 245
2297 4604 245
610 4571 245
2148 4467 244
1480 4176 243
3396 4614 243
3407 4162 243
4962 4406 243
3046 3152 242
3465 1582 242
3657 4353 242
2642 4530 242
1103 4652 242
4431 3753 241
4563 908 240
3405 4612 239
3665 4686 239
4034 4757 239
3928 4638 239
226 4199 239
854 4743 238
3216 513 238
4738 4644 238
4733 3938 237
665 2475 237
843 4362 237
2057 4506 237
2281 4107 236
782 4486 236
1088 4744 236
2954 4601 236
2196 2078 236
781 1767 234
4931 2799 234
90 3411 234
2792 4197 234
572 4496 234
1475 4693 234
2047 3014 232
3645 1585 232
1732 4587 231
3910 3708 231
3225 989 230
4224 4046 230
1864 3435 229
1906 662 229
4157 4759 229
1728 1255 229
4673 4380 229
3288 1252 229
4770 3576 229
4470 147 228
2554 4331 228
2560 2494 228
4610 411 228
2157 4237 227
2283 3692 227
1574 4124 227
2075 2935 227
4518 3968 227
866 4599 226
3530 2330 226
4177 4081 226
4827 3623 226
741 3113 225
1851 4737 225
3702 3333 225
2785 4714 224
4709 3331 223
3930 4765 222
2708 4575 221
2602 4494 221
2201 4324 221
3570 3517 221
3254 1996 220
1423 3365 220
499 2059 219
2205 4074 218
3352 2469 218
2913 3830 218
2309 4241 216
911 1781 216
3564 4669 215
343 2487 215
1563 4717 215
1819 3459 215
47 4609 215
3662 3329 215
1464 4383 215
1986 2726 215
2128 4622 215
534 3034 215
3247 1602 214
4455 3962 214
1795 4670 214
4368 1632 213
2926 4426 213
4600 775 213
1978 4291 213
3776 1273 212
3716 4749 212
43 4490 212
2512 3186 211
1074 1014 211
34 3997 210
382 4784 210
39 4624 209
4684 4597 208
3226 4731 208
3261 4444 208
4881 2123 207
805 683 207
65 3760 207
2919 3540 207
2104 4121 207
3106 3102 207
2812 695 206
768 1974 206
2213 3232 206
4300 4493 206
3741 4376 205
1628 3736 205
3650 2285 205
4378 3636 204
1283 3613 204
2446 4446 203
4835 2567 203
1325 4429 203
474 3360 203
2740 4748 202
518 3438 202
2689 3440 202
1809 4596 202
4019 2509 201
2696 1509 201
2172 2765 201
2090 4706 201
1851 2893 201
4073 4762 201
4345 249 201
830 3908 201
2843 3974 200
13 4539 200
3866 4663 199
4502 4551 199
3975 4568 199
2480 4609 198
2633 3752 197
4453 4755 196
2437 3762 196
218 3883 195
4231 512 195
4427 4580 195
971 3547 195
548 3658 194
2231 4804 194
4292 736 194
1675 3813 194
4944 1680 194
2968 4791 193
4993 4797 193
4550 3887 193
1957 4375 192
367 3259 192
2850 2472 192
33 4401 192
4691 3423 192
3046 699 192
2438 4667 192
1236 1962 191
4373 363 191
2487 2689 191
4928 2527 191
420 3496 191
3284 2729 191
4605 254 190
2667 3638 189
3067 2494 189
1276 2034 189
4978 2959 188
2935 2996 188
246 3482 187
4707 3265 187
154 4782 187
2360 3919 187
3499 4349 186
2639 3285 186
4193 4024 186
4078 3457 186
4110 4375 186
1158 2068 186
1450 4697 185
4823 2831 185
4053 2994 185
2558 3812 185
1653 4794 185
726 3508 184
660 3568 184
4411 3397 183
3494 2701 183
430 3106 183
3115 1984 182
1051 4682 182
540 4784 182
910 1054 182
4201 3964 180
2684 2172 179
733 4411 179
718 4809 179
557 1853 178
4258 1656 178
978 884 178
2476 4138 178
2833 4747 178
4888 2909 178
3191 1957 177
3961 4719 177
4870 4779 177
1983 3979 176
1073 4625 176
3280 4525 176
3887 2523 175
978 474 175
3802 4614 175
3763 4750 175
3345 292 173
4890 4031 173
1482 2856 173
4331 1560 173
974 965 173
4877 4632 173
154 4261 173
4478 4795 173
3473 4526 172
1042 4107 172
2896 1865 171
192 4664 171
2861 3706 169
2056 3839 169
639 4112 169
1485 4428 169
397 1695 168
2200 3082 168
3661 1751 168
3337 777 168
586 4408 168
2643 1048 167
4766 4483 167
2600 4789 167
1957 4608 167
3118 3229 166
2001 4810 166
2916 3618 166
4175 4540 166
2041 3540 166
1809 4419 166
2875 4772 165
4249 4673 164
4863 4828 164
126 4743 163
97 1971 163
4114 1827 163
3410 4661 163
2553 1334 162
4585 4834 162
55 4530 162
3873 3957 162
4282 4834 161
956 4564 161
3081 4543 161
330 961 160
3669 4836 160
2968 4694 160
1225 4654 160
1534 4672 160
2830 4255 160
3695 4834 159
2891 4651 159
4368 1197 159
4107 4780 158
508 4634 158
2092 2568 158
1829 51 158
2386 4429 158
983 3889 158
3819 1255 157
4830 3692 157
1654 2969 157
1541 3149 156
2590 4629 156
3139 3311 156
4287 4564 155
4877 4763 155
671 1739 154
2335 3525 154
3704 1555 154
1881 4796 153
609 3338 153
4734 4484 152
4339 2263 152
990 4555 152
3129 3831 152
3655 4713 152
157 4836 152
478 4609 151
556 4809 151
864 4760 151
2365 898 151
2625 2337 150
1866 4670 149
330 1609 149
2667 2310 149
954 4094 149
4994 4385 149
4826 3547 149
4805 1859 148
1697 4761 148
1955 3413 148
993 4787 148
801 4709 147
4700 2996 146
3747 4599 146
4732 4650 146
4762 4446 146
3615 3229 146
3806 2726 145
1311 2814 145
4369 4274 145
2201 805 145
4987 4683 144
3777 4522 144
3325 4049 144
1141 2412 144
3200 4684 144
4701 2973 144
3313 4029 143
3219 2372 143
3927 4337 143
2306 2827 143
4856 2909 142
5000 4732 141
2799 4645 141
434 3821 141
2591 3378 140
3943 506 140
4277 1578 140
2225 4687 139
2753 4822 139
2363 3805 139
400 4301 138
3582 4341 138
1025 4736 138
1151 4138 137
2636 3653 137
4290 4820 136
4570 3238 136
23 4704 136
1329 3999 135
1150 4788 135
4989 2945 135
1516 4852 135
2050 4826 135
2244 4401 134
4633 3356 134
2676 3524 134
2877 4763 133
451 3808 133
4693 4241 133
430 4268 133
1228 4493 133
3992 4460 132
3094 4810 132
1373 4628 132
263 4863 132
2527 4516 131
1965 4072 130
1371 4822 129
1814 3019 128
2162 4860 128
3068 4444 128
4827 3921 128
2021 4194 127
2841 1258 127
2945 4641 126
4303 3346 126
1716 4656 126
4576 4865 125
3113 3763 125
4242 1571 125
4780 4580 124
2001 4783 124
2804 1071 124
1 4270 123
429 1204 123
2570 4220 122
82 4515 122
784 4460 122
2815 1208 122
1126 4479 122
4001 3741 122
4551 4813 122
1040 4685 121
1301 4800 121
4951 4741 121
2731 2364 121
810 4469 121
3982 4848 120
2342 4407 120
50 3968 120
2298 2154 120
1541 2354 120
4824 3168 120
4864 4649 119
2632 3959 119
1269 4284 119
4965 1175 119
3567 4168 119
721 4481 119
3610 4217 119
3415 4507 119
3704 4836 119
3541 2200 119
2297 4224 118
2353 4341 117
3330 4665 117
4011 3621 116
703 2054 116
3303 4822 116
2883 3743 116
482 3721 116
1732 4546 116
2806 4758 115
185 1427 115
2332 4841 114
1894 4845 114
953 4827 114
3205 4261 114
4199 4721 113
4299 4234 113
3828 4781 113
782 4586 113
3083 1786 112
1906 3933 111
3237 4668 111
3346 4446 111
2487 3334 111
449 2333 111
374 162 110
3343 3537 110
3082 4560 110
3651 3859 109
2575 4796 109
927 4794 109
3253 4795 109
4285 2611 109
1501 2333 109
1437 3556 108
1359 1314 108
3448 4844 107
3288 4680 107
1497 4868 107
1509 4118 107
4944 4737 107
4601 3952 106
840 3780 106
784 4120 106
3304 729 106
1714 4462 106
863 4627 105
2395 4183 105
1111 4592 105
4309 4866 105
935 4638 105
4185 989 105
3682 4501 104
3745 3983 104
1717 4405 103
4873 4829 102
1495 4879 102
4210 4775 102
353 3925 102
1483 2793 102
3820 3801 102
1328 2054 102
76 4512 102
203 4394 101
818 4743 101
2011 4730 101
759 4510 101
2346 4690 101
1062 3969 100
4685 4464 100
3346 3895 100
268 4871 100
2758 4313 99
2250 2637 99
817 4727 98
707 3706 97
2395 4783 97
4360 4704 97
2918 4757 97
3358 4492 96
4043 4749 95
3449 4689 95
387 3681 94
3669 4777 94
539 4709 94
279 4868 94
1613 4520 93
3231 579 93
4972 3500 93
4487 4878 93
674 1630 93
4858 1248 93
1472 2939 92
2463 3395 92
760 4659 92
3618 3196 92
4218 4810 92
3378 4777 92
4977 1664 92
2683 3858 91
3392 4379 91
4949 3706 91
3959 4748 90
1438 4374 90
1245 4738 90
2435 4842 90
2295 798 90
3046 3623 90
1255 2217 89
1817 4403 89
1791 4293 89
3039 4816 89
3424 4843 89
666 4494 89
2513 4817 89
435 217 89
1142 3168 88
4841 4897 88
3361 4901 88
1952 376 88
4328 1859 87
1196 4770 87
1632 4526 87
3654 4663 87
3618 4904 86
2183 4767 86
3775 4682 86
4113 3705 86
4981 4131 85
476 228 85
2734 4721 85
1773 649 85
587 3905 85
3139 3756 84
198 1977 83
1645 4481 83
1419 4902 83
3272 4550 82
1636 4112 82
2722 4763 81
2346 1574 81
575 3967 81
1222 1396 81
372 3177 80
1836 4889 80
607 4822 80
1374 4649 80
875 4136 80
4362 4835 79
1747 4601 79
1831 4686 79
2516 302 79
1086 2886 79
2747 2517 78
1519 4622 78
3871 695 78
1921 4232 78
3229 269 78
4945 4706 78
181 4380 78
3961 1423 77
477 4303 77
4386 3903 77
793 4845 76
3236 4347 76
3536 2780 76
510 4695 76
2002 4920 64
2114 4275 75
100 4790 75
1156 4912 74
12 2184 73
2754 4126 73
261 4761 73
692 4720 73
3584 4550 72
888 4162 72
217 3799 72
479 4445 72
1229 4875 72
2032 4745 72
4702 4881 72
4494 4685 72
3479 4700 72
1542 4224 72
3485 4411 71
1480 4827 70
3133 816 70
4803 4850 70
1265 279 70
3829 4898 69
1014 1031 69
3235 4771 69
505 4618 69
3903 1311 69
2720 3717 68
3078 4914 68
1676 3607 68
2167 4567 68
3864 4900 68
3004 4288 67
108 4196 67
2446 4810 67
3071 4158 67
468 4633 67
4902 4906 67
4327 4887 67
2132 3932 66
4321 4694 66
4115 4919 65
4017 4474 66
132 212 66
4714 4116 65
1178 4512 65
1933 2727 65
4517 4864 64
2255 4467 64
4470 4911 64
2910 3470 64
4383 4507 63
3079 4902 63
1819 1930 63
2567 4238 63
1464 4733 63
4579 4814 63
4709 4084 62
1054 2536 62
4852 4683 62
2267 4753 62
2854 4772 61
4105 4504 61
3749 3453 61
1903 4869 61
1826 4756 61
1774 2093 60
1847 4900 60
70 1086 60
1576 4536 59
2364 3798 59
65 4915 59
4545 4940 36
528 4122 59
1893 2257 59
1014 4820 59
4820 4868 58
2501 4921 58
592 4564 58
3894 4779 58
3995 860 57
3035 4878 57
968 274 57
1852 4920 56
3912 3890 56
2962 4811 56
3636 4847 56
2487 1142 55
3303 2012 55
1205 3837 55
2615 1518 55
4584 4781 54
2445 1818 54
2584 525 54
886 4441 54
4916 4703 54
4458 4904 54
1781 277 54
2534 4397 53
4734 4849 53
3551 3178 53
3260 2266 52
1762 4907 52
3792 3912 52
1014 4791 52
4587 3149 52
2344 4858 52
3800 597 51
3900 4838 51
2247 4633 51
1705 4601 51
2392 4908 51
1633 3209 51
2295 4927 51
2552 4928 50
4273 4926 50
128 3437 50
434 4758 50
2224 4743 49
626 4595 49
3561 4877 49
2401 4650 49
4256 4800 49
2667 683 48
1500 4808 48
2014 4314 48
4360 1961 48
4249 1230 47
1282 1652 47
2701 4657 47
2391 3501 47
4764 4802 46
4743 2068 46
571 4835 46
4006 4510 46
2575 2822 46
1556 4850 45
1431 4739 45
1758 2871 45
238 384 45
1062 1810 44
2419 3294 44
599 3881 44
3522 4427 43
4968 1929 43
1717 2749 42
3783 4207 42
363 2936 42
4593 4716 42
1501 4862 41
1743 4944 31
4232 4742 41
1383 73 41
1933 4945 30
2251 4948 27
958 3741 40
4 2155 40
3171 4905 39
1284 4406 39
3520 4532 39
3648 4820 39
3025 86 39
2144 1376 39
2019 345 38
4433 4531 38
2520 4851 38
4749 1311 38
1859 4584 37
2659 982 37
492 4917 37
1359 4905 36
2145 3762 36
4673 4208 36
4325 4930 35
4471 4853 35
1500 4639 35
500 4549 35
1205 3826 34
2644 4951 24
3771 343 34
92 2070 34
2303 4823 33
532 4953 22
1821 2790 33
2019 4960 16
4183 4764 33
2587 4857 33
2582 4533 32
2304 4964 12
3438 4133 32
1228 4944 31
3498 4841 32
4572 4917 31
2948 4856 31
4122 85 31
47 4929 31
697 4926 31
756 4938 30
4318 3973 30
4326 4641 30
1286 4743 30
1424 4856 30
1339 4487 30
693 4852 30
3952 4769 30
2142 4748 29
2747 4807 29
744 4709 29
1883 4961 15
691 4122 29
4509 4956 19
2644 4910 29
913 730 28
2164 4945 28
4262 4959 16
2009 372 28
345 4935 28
3682 4921 27
3424 4921 27
1735 1425 27
3856 4476 26
3750 4788 26
4246 4302 26
1363 4918 25
4144 2672 25
77 4863 25
1107 4857 25
3742 3214 25
1374 2909 24
3404 4236 24
3479 3839 24
4243 3726 23
652 4918 23
1306 4948 23
3990 3159 23
3534 4613 23
2346 4953 22
478 4833 22
3667 4950 22
3640 4965 12
4900 4951 22
2639 3980 22
3771 4826 22
4447 4976 5
4135 1781 21
2824 4867 21
2885 115 20
4924 4876 20
3715 3532 20
2051 4977 5
3145 516 20
438 4140 20
4363 2499 20
1860 3431 20
4753 1446 19
1666 4225 19
777 4980 4
1233 4439 19
1770 4716 19
179 4977 5
3422 4932 19
2219 3271 18
247 4484 18
540 4978 4
4102 3303 18
1972 4859 17
188 4256 17
3883 4840 17
3588 4951 17
4062 4920 17
3122 4854 16
545 3594 16
124 4886 16
3063 4962 14
3970 4121 16
4945 2676 16
1876 3591 16
3493 4970 9
3499 2982 15
4250 3914 15
1652 4854 15
1764 3243 15
142 4984 2
2403 3273 14
2172 4962 14
935 4975 6
1487 4985 2
4738 4889 14
374 4937 13
2007 3711 13
171 4547 13
3787 4411 13
1668 4934 13
1384 4011 13
1769 3967 13
3530 4981 3
1920 4975 6
1304 4951 12
2716 4875 12
4689 4775 12
1561 4088 12
807 1748 12
4674 4859 12
3958 4325 11
4045 4857 11
2864 4987 1
3229 4856 11
1835 4760 11
4538 3806 11
4202 4245 10
1071 3621 10
2331 1888 10
1474 3667 10
2847 4593 10
3009 4803 10
478 4489 10
3865 4731 10
2499 4644 9
1839 4799 9
4393 4793 9
2679 4906 9
1410 4960 9
403 2301 9
1000 4978 4
566 4455 9
2534 4643 9
4898 4682 8
2818 4909 8
969 2159 8
664 4091 8
775 4588 8
2622 4467 8
3503 1274 7
239 4527 7
344 880 7
2312 4985 2
3316 4981 3
3587 4989 1
2520 4984 2
3753 4993 0
4363 4872 6
3339 4944 6
723 3073 6
3880 4827 6
1824 4869 6
4765 4927 5
3831 4658 5
1647 4950 5
1753 4963 5
1515 4993 0
1953 4978 4
1595 4970 4
4904 4973 4
4007 4916 4
61 4568 4
1541 4051 4
1133 3893 4
3704 4954 4
2229 4895 3
2344 4996 0
1541 4852 3
4587 4570 3
4240 4792 3
280 4993 0
1592 4972 2
1969 3364 2
687 3983 2
2645 4860 2
547 4994 0
956 4897 1
34 4994 0
1458 4995 0
409 2859 1
4110 4965 1
4685 4994 0
484 1330 0
3994 4899 0
4897 5000 0
334 3662 0
2110 4999 0
192 3815 0
2247 1880 0
3524 5000 0
3025 5000 0
2474 4993 0
