5000 5000 4.3589
578 78 4890
525 25 4872
647 147 4836
574 74 4831
548 48 4801
680 180 4798
703 203 4778
598 98 4771
703 203 4756
643 143 4735
764 264 4718
532 32 4708
510 10 4697
695 195 4663
554 54 4651
785 285 4635
571 71 4615
606 106 4610
785 285 4573
546 46 4566
836 336 4565
787 287 4543
637 137 4511
563 63 4493
586 86 4485
904 404 4483
705 205 4462
567 67 4457
621 121 4453
699 199 4438
917 417 4437
585 85 4432
1009 509 4430
564 64 4405
934 434 4405
766 266 4401
700 200 4400
882 382 4382
1124 624 4371
706 206 4364
730 230 4325
585 85 4322
1088 588 4296
516 16 4291
805 305 4278
900 400 4277
1133 633 4275
1145 645 4274
1176 676 4271
517 17 4265
1036 536 4241
758 258 4232
1083 583 4207
1063 563 4201
742 242 4189
708 208 4173
798 298 4167
574 74 4167
885 385 4159
811 311 4152
1310 810 4136
594 94 4134
1124 624 4132
730 230 4130
1047 547 4129
1091 591 4123
615 115 4120
1113 613 4110
1145 645 4104
553 53 4104
786 286 4103
508 8 4090
1254 754 4085
1003 503 4084
550 50 4078
613 113 4077
662 162 4075
916 416 4072
1274 774 4064
1139 639 4059
502 2 4056
925 425 4055
1422 922 4051
1425 925 4051
1111 611 4046
1058 558 4027
1153 653 4019
939 439 4010
896 396 4008
1350 850 4007
1013 513 4006
1248 748 4004
1054 554 4004
760 260 4004
582 82 4000
1365 865 3999
508 8 3996
1056 556 3996
1474 974 3994
837 337 3992
617 117 3989
1412 912 3983
1278 778 3980
1416 916 3979
1399 899 3976
766 266 3965
893 393 3964
1300 800 3963
1145 645 3962
952 452 3961
621 121 3960
1015 515 3959
943 443 3954
686 186 3954
554 54 3949
1492 992 3945
943 443 3943
1444 944 3942
912 412 3938
1088 588 3899
1411 911 3899
750 250 3898
971 471 3893
1009 509 3892
1471 971 3884
1260 760 3879
1108 608 3874
697 197 3874
721 221 3871
1610 1110 3871
1444 944 3868
715 215 3861
1101 601 3855
1265 765 3851
1215 715 3848
1245 745 3832
1343 843 3824
591 91 3824
508 8 3822
1575 1075 3821
552 52 3813
1366 866 3812
781 281 3810
1436 936 3808
1395 895 3791
677 177 3789
955 455 3786
1259 759 3782
1137 637 3781
529 29 3781
885 385 3780
1016 516 3772
838 338 3772
1071 571 3770
1009 509 3770
1238 738 3769
1655 1155 3769
1692 1192 3768
810 310 3765
1229 729 3756
1673 1173 3755
672 172 3752
1245 745 3740
1087 587 3739
1068 568 3737
567 67 3736
1421 921 3731
1170 670 3731
1447 947 3729
904 404 3728
1740 1240 3727
733 233 3720
1476 976 3718
1399 899 3714
1487 987 3712
654 154 3708
1133 633 3706
622 122 3698
1011 511 3696
1213 713 3695
1509 1009 3693
1607 1107 3688
719 219 3682
1115 615 3679
1472 972 3674
632 132 3670
814 314 3664
1431 931 3664
1632 1132 3646
1187 687 3642
705 205 3639
1652 1152 3639
1230 730 3635
1080 580 3631
724 224 3631
612 112 3629
1345 845 3629
1807 1307 3625
1632 1132 3602
1188 688 3598
1423 923 3596
564 64 3592
618 118 3587
1071 571 3583
638 138 3583
1388 888 3583
525 25 3574
1163 663 3569
1551 1051 3566
1235 735 3565
1780 1280 3551
1292 792 3546
1787 1287 3545
1921 1421 3542
1794 1294 3542
846 346 3542
1015 515 3537
998 498 3536
1335 835 3535
1264 764 3535
1072 572 3530
679 179 3523
1570 1070 3522
1610 1110 3522
655 155 3518
1916 1416 3518
795 295 3515
1778 1278 3515
682 182 3510
1459 959 3506
685 185 3505
1991 1491 3500
1971 1471 3494
1344 844 3492
1101 601 3488
1896 1396 3484
1687 1187 3482
1717 1217 3477
1681 1181 3476
1034 534 3476
1904 1404 3476
575 75 3475
1703 1203 3473
1874 1374 3470
1243 743 3461
726 226 3457
599 99 3453
987 487 3451
623 123 3447
1887 1387 3445
970 470 3442
1469 969 3438
763 263 3437
1317 817 3437
1536 1036 3436
1394 894 3434
1280 780 3433
673 173 3433
523 23 3430
1469 969 3428
828 328 3424
1249 749 3422
1707 1207 3416
720 220 3414
1987 1487 3409
923 423 3405
1481 981 3404
574 74 3398
1660 1160 3394
1839 1339 3394
604 104 3391
1989 1489 3389
1389 889 3386
2059 1559 3384
787 287 3383
1538 1038 3381
1902 1402 3380
1747 1247 3380
1875 1375 3376
1736 1236 3374
1239 739 3374
1259 759 3373
2116 1616 3372
1170 670 3367
689 189 3366
1654 1154 3359
1416 916 3358
1235 735 3354
1088 588 3349
2132 1632 3348
901 401 3348
1359 859 3346
848 348 3346
1479 979 3344
857 357 3339
1829 1329 3339
876 376 3338
791 291 3338
1227 727 3333
1146 646 3330
1497 997 3329
1509 1009 3327
1283 783 3327
2012 1512 3327
1403 903 3326
2048 1548 3326
1653 1153 3325
1760 1260 3325
582 82 3321
1401 901 3320
1366 866 3316
981 481 3314
1736 1236 3313
1438 938 3307
1834 1334 3304
2056 1556 3300
587 87 3298
2145 1645 3296
1436 936 3293
1297 797 3284
1183 683 3284
1759 1259 3284
1922 1422 3283
1322 822 3282
1392 892 3281
804 304 3278
1492 992 3276
761 261 3275
1709 1209 3274
1882 1382 3272
509 9 3272
1578 1078 3272
1874 1374 3272
1018 518 3267
1431 931 3266
2169 1669 3265
1952 1452 3264
1849 1349 3262
1440 940 3259
1156 656 3257
2220 1720 3256
658 158 3256
1262 762 3250
1665 1165 3249
1528 1028 3244
1795 1295 3244
1834 1334 3241
1458 958 3241
622 122 3238
1135 635 3237
599 99 3236
1771 1271 3235
863 363 3234
1153 653 3234
785 285 3233
1140 640 3224
912 412 3223
1869 1369 3221
2195 1695 3221
1121 621 3208
2221 1721 3207
1365 865 3207
1064 564 3205
2257 1757 3199
1636 1136 3198
690 190 3197
1258 758 3194
510 10 3191
1398 898 3188
1247 747 3187
647 147 3184
536 36 3183
1476 976 3183
1189 689 3181
596 96 3178
1357 857 3169
1374 874 3168
1369 869 3168
653 153 3166
821 321 3162
918 418 3161
1696 1196 3161
1894 1394 3159
680 180 3157
661 161 3155
872 372 3155
2064 1564 3155
1079 579 3152
1637 1137 3151
2222 1722 3148
1139 639 3146
1969 1469 3145
1346 846 3142
625 125 3141
1786 1286 3132
1677 1177 3132
1607 1107 3129
1337 837 3129
2196 1696 3129
1314 814 3125
1526 1026 3123
1806 1306 3121
2154 1654 3119
1176 676 3117
958 458 3113
515 15 3111
1252 752 3111
1601 1101 3108
1663 1163 3108
1862 1362 3106
1558 1058 3106
1819 1319 3105
650 150 3105
1639 1139 3105
1679 1179 3102
805 305 3101
1155 655 3093
1757 1257 3090
2290 1790 3086
2266 1766 3081
1107 607 3080
2389 1889 3078
1139 639 3074
1159 659 3073
731 231 3060
2401 1901 3053
1368 868 3053
2136 1636 3053
2354 1854 3049
2012 1512 3045
2159 1659 3040
1217 717 3040
2200 1700 3040
751 251 3037
1955 1455 3036
975 475 3036
1422 922 3035
1214 714 3034
2160 1660 3033
787 287 3029
610 110 3029
600 100 3029
1751 1251 3029
2321 1821 3026
811 311 3023
897 397 3023
750 250 3021
2372 1872 3016
2069 1569 3014
1526 1026 3014
1382 882 3010
2133 1633 3009
2459 1959 3009
2175 1675 3009
1135 635 3005
1447 947 3004
733 233 3004
748 248 3004
1489 989 3003
2468 1968 3002
2199 1699 2995
2380 1880 2994
2199 1699 2994
1751 1251 2992
604 104 2992
1654 1154 2991
2016 1516 2989
1179 679 2988
2183 1683 2988
2395 1895 2988
2131 1631 2986
1510 1010 2985
2292 1792 2977
1494 994 2974
1141 641 2970
1649 1149 2970
1718 1218 2969
1504 1004 2967
1942 1442 2966
1763 1263 2965
1532 1032 2962
2413 1913 2957
663 163 2955
1963 1463 2952
1351 851 2952
1336 836 2952
2130 1630 2951
2346 1846 2951
2204 1704 2950
2155 1655 2949
1368 868 2939
1410 910 2939
2477 1977 2938
698 198 2935
2383 1883 2932
2024 1524 2932
1170 670 2930
1792 1292 2930
2302 1802 2928
2188 1688 2928
1949 1449 2928
970 470 2928
589 89 2927
1296 796 2926
1957 1457 2925
1922 1422 2924
1409 909 2924
605 105 2924
1636 1136 2922
1579 1079 2917
2020 1520 2915
1880 1380 2909
935 435 2908
2510 2010 2905
2348 1848 2902
1081 581 2898
1847 1347 2898
2374 1874 2898
2192 1692 2897
908 408 2893
1382 882 2891
1452 952 2891
1823 1323 2890
1951 1451 2890
2102 1602 2883
710 210 2879
1569 1069 2875
615 115 2874
1336 836 2873
2418 1918 2870
2110 1610 2869
2069 1569 2868
591 91 2866
2234 1734 2865
1784 1284 2862
2046 1546 2858
515 15 2854
2438 1938 2852
2466 1966 2850
2245 1745 2850
1620 1120 2850
618 118 2846
911 411 2845
2313 1813 2843
1591 1091 2841
2569 2069 2838
2136 1636 2835
1685 1185 2832
2179 1679 2830
1250 750 2829
857 357 2829
756 256 2827
2406 1906 2826
804 304 2824
534 34 2821
1198 698 2820
1657 1157 2818
2114 1614 2817
2120 1620 2816
2359 1859 2814
2579 2079 2814
1843 1343 2814
1397 897 2813
2095 1595 2812
998 498 2808
817 317 2806
2548 2048 2803
1200 700 2802
2234 1734 2801
793 293 2801
2344 1844 2801
1189 689 2800
2394 1894 2798
1843 1343 2797
1480 980 2797
1840 1340 2792
2055 1555 2792
1511 1011 2791
1524 1024 2791
2511 2011 2790
2291 1791 2790
1528 1028 2789
2158 1658 2788
2206 1706 2787
1426 926 2785
938 438 2784
729 229 2784
2166 1666 2782
971 471 2780
1341 841 2776
2165 1665 2774
699 199 2774
2699 2199 2773
1704 1204 2769
1685 1185 2767
2059 1559 2766
2477 1977 2763
937 437 2759
1366 866 2758
1581 1081 2756
1116 616 2754
1680 1180 2754
1205 705 2749
2199 1699 2749
906 406 2747
643 143 2746
1851 1351 2745
2459 1959 2744
2217 1717 2742
2409 1909 2740
2666 2166 2740
2362 1862 2739
1512 1012 2738
1724 1224 2734
1845 1345 2734
581 81 2734
550 50 2734
1748 1248 2732
1327 827 2730
588 88 2730
808 308 2726
807 307 2725
644 144 2721
1802 1302 2718
1776 1276 2717
2511 2011 2717
1351 851 2715
531 31 2714
1658 1158 2713
2317 1817 2711
2224 1724 2711
2456 1956 2710
1806 1306 2710
1689 1189 2709
2767 2267 2708
2531 2031 2707
1315 815 2704
1130 630 2703
2528 2028 2701
2772 2272 2700
1530 1030 2700
2323 1823 2700
2086 1586 2700
2042 1542 2698
684 184 2694
1488 988 2689
1545 1045 2687
2107 1607 2685
1818 1318 2682
2721 2221 2678
1546 1046 2678
600 100 2675
2422 1922 2674
1117 617 2673
1606 1106 2669
645 145 2669
2191 1691 2664
1970 1470 2663
2044 1544 2662
2495 1995 2660
760 260 2659
2117 1617 2657
1041 541 2656
658 158 2655
2196 1696 2655
2280 1780 2654
1807 1307 2653
2768 2268 2651
1708 1208 2649
2629 2129 2646
1499 999 2645
1488 988 2645
2244 1744 2644
2726 2226 2641
1735 1235 2641
1191 691 2639
1618 1118 2634
2623 2123 2631
1743 1243 2631
2477 1977 2630
1573 1073 2630
1929 1429 2630
1875 1375 2629
2436 1936 2628
1232 732 2626
2706 2206 2624
2259 1759 2620
2763 2263 2617
2822 2322 2617
2706 2206 2614
2794 2294 2612
2621 2121 2609
2319 1819 2609
2648 2148 2607
1350 850 2603
2280 1780 2600
2526 2026 2600
2821 2321 2600
1028 528 2599
1324 824 2598
1355 855 2597
1362 862 2595
1525 1025 2588
2302 1802 2588
937 437 2587
1622 1122 2587
1334 834 2586
1615 1115 2585
2811 2311 2585
2834 2334 2583
2913 2413 2582
2437 1937 2581
2214 1714 2581
964 464 2578
750 250 2576
1959 1459 2574
2530 2030 2570
2445 1945 2570
1542 1042 2568
2500 2000 2567
2389 1889 2563
1077 577 2562
810 310 2561
2370 1870 2561
1899 1399 2561
1737 1237 2560
1536 1036 2557
957 457 2554
606 106 2552
2093 1593 2552
2041 1541 2551
1914 1414 2551
2029 1529 2550
2649 2149 2549
2604 2104 2546
1373 873 2543
1235 735 2541
2561 2061 2541
2716 2216 2538
1539 1039 2534
1706 1206 2533
2697 2197 2533
594 94 2529
1096 596 2527
2676 2176 2523
2094 1594 2520
2260 1760 2519
1575 1075 2519
2871 2371 2517
2964 2464 2517
2352 1852 2514
1691 1191 2513
2411 1911 2513
1051 551 2511
2388 1888 2511
2362 1862 2511
1452 952 2510
2591 2091 2509
2464 1964 2505
2831 2331 2504
1894 1394 2503
1864 1364 2499
1612 1112 2498
845 345 2494
1513 1013 2493
1176 676 2491
2369 1869 2491
991 491 2488
1662 1162 2486
2246 1746 2485
2557 2057 2483
692 192 2483
2338 1838 2481
1264 764 2480
2174 1674 2479
2297 1797 2479
1468 968 2478
2651 2151 2476
568 68 2469
1518 1018 2469
1720 1220 2468
1417 917 2468
2104 1604 2468
915 415 2467
2494 1994 2467
2640 2140 2465
1048 548 2465
1351 851 2464
1084 584 2463
2945 2445 2462
1046 546 2461
2154 1654 2461
1800 1300 2458
2893 2393 2457
1207 707 2456
1412 912 2456
785 285 2455
813 313 2455
2424 1924 2453
1238 738 2449
2819 2319 2448
2863 2363 2447
2827 2327 2446
1653 1153 2444
809 309 2443
942 442 2440
1334 834 2440
1059 559 2438
1559 1059 2438
1127 627 2437
1132 632 2432
1285 785 2432
1473 973 2430
574 74 2428
2299 1799 2428
625 125 2428
3058 2558 2423
925 425 2421
1158 658 2421
712 212 2421
2754 2254 2417
1446 946 2416
1831 1331 2413
2645 2145 2409
2306 1806 2407
2785 2285 2406
1434 934 2405
713 213 2404
2870 2370 2400
1897 1397 2400
2803 2303 2396
2622 2122 2395
1778 1278 2394
2695 2195 2391
2139 1639 2391
2614 2114 2390
1825 1325 2389
1728 1228 2388
584 84 2385
2149 1649 2385
931 431 2385
2892 2392 2382
3087 2587 2381
1228 728 2380
1037 537 2379
2021 1521 2373
2867 2367 2369
1614 1114 2365
1369 869 2363
671 171 2363
2377 1877 2359
1617 1117 2358
2079 1579 2358
2991 2491 2356
2375 1875 2352
2547 2047 2351
2149 1649 2349
1640 1140 2348
2022 1522 2347
822 322 2346
2540 2040 2345
1635 1135 2344
2086 1586 2342
1002 502 2341
818 318 2341
2158 1658 2340
666 166 2340
2767 2267 2338
1790 1290 2338
2053 1553 2336
1061 561 2336
3128 2628 2333
2958 2458 2333
1832 1332 2333
2990 2490 2332
2848 2348 2331
2358 1858 2331
1733 1233 2328
1521 1021 2328
2915 2415 2327
924 424 2327
1457 957 2327
2960 2460 2326
3020 2520 2324
2359 1859 2323
1412 912 2319
3111 2611 2318
3145 2645 2318
1737 1237 2315
849 349 2314
1463 963 2314
2342 1842 2314
3015 2515 2314
2395 1895 2307
1743 1243 2304
2939 2439 2301
2810 2310 2300
1350 850 2298
2615 2115 2298
2712 2212 2297
2316 1816 2296
2468 1968 2295
1372 872 2295
3001 2501 2293
843 343 2292
1493 993 2291
965 465 2289
3103 2603 2288
3071 2571 2286
1873 1373 2286
2697 2197 2285
2861 2361 2281
1090 590 2277
3207 2707 2277
2418 1918 2277
2725 2225 2275
956 456 2275
1938 1438 2272
863 363 2270
3093 2593 2270
1402 902 2269
2579 2079 2269
729 229 2266
1993 1493 2266
2811 2311 2266
1201 701 2266
2508 2008 2265
2075 1575 2265
3152 2652 2263
759 259 2261
1437 937 2261
2794 2294 2260
2121 1621 2258
2792 2292 2257
795 295 2256
1813 1313 2255
2098 1598 2255
1266 766 2254
1130 630 2254
2055 1555 2253
2530 2030 2252
2033 1533 2251
2004 1504 2250
1518 1018 2250
553 53 2250
2313 1813 2248
1170 670 2248
2745 2245 2247
2150 1650 2246
2368 1868 2246
1229 729 2244
2459 1959 2243
759 259 2243
831 331 2242
2258 1758 2240
2872 2372 2239
2374 1874 2239
550 50 2237
2732 2232 2237
1686 1186 2235
2341 1841 2233
1763 1263 2232
2809 2309 2231
1068 568 2231
652 152 2230
3045 2545 2230
2999 2499 2229
1823 1323 2228
524 24 2227
2789 2289 2226
2961 2461 2225
1873 1373 2225
2560 2060 2224
3211 2711 2224
2934 2434 2221
833 333 2221
1574 1074 2220
3126 2626 2216
3139 2639 2214
3117 2617 2213
1587 1087 2210
2943 2443 2209
1742 1242 2209
532 32 2208
1081 581 2208
2925 2425 2203
3142 2642 2203
2549 2049 2202
1806 1306 2200
2555 2055 2199
2579 2079 2199
1986 1486 2198
1807 1307 2195
2922 2422 2191
2075 1575 2191
3017 2517 2190
1959 1459 2189
2795 2295 2189
2639 2139 2188
967 467 2184
3224 2724 2183
2160 1660 2182
3172 2672 2180
554 54 2180
2084 1584 2179
1825 1325 2178
2625 2125 2178
1905 1405 2178
670 170 2177
622 122 2176
2564 2064 2175
3077 2577 2174
1250 750 2174
687 187 2173
1243 743 2171
2414 1914 2171
739 239 2170
1625 1125 2169
2780 2280 2169
2690 2190 2165
2494 1994 2164
2447 1947 2164
2592 2092 2163
3322 2822 2163
1505 1005 2161
1832 1332 2161
3200 2700 2160
1168 668 2159
1120 620 2158
1879 1379 2155
2717 2217 2155
1171 671 2154
3296 2796 2154
2746 2246 2153
3096 2596 2153
3129 2629 2152
2267 1767 2152
2773 2273 2150
2892 2392 2150
2116 1616 2149
1723 1223 2148
2590 2090 2145
2027 1527 2142
511 11 2140
3144 2644 2140
1627 1127 2139
726 226 2139
1015 515 2138
1342 842 2137
1197 697 2136
3060 2560 2136
1587 1087 2135
2634 2134 2133
2656 2156 2133
2253 1753 2133
1119 619 2130
834 334 2128
1037 537 2127
2380 1880 2126
1072 572 2124
3229 2729 2124
660 160 2122
1836 1336 2121
1621 1121 2120
3004 2504 2120
1612 1112 2120
1373 873 2120
1886 1386 2119
1373 873 2119
2512 2012 2119
2220 1720 2119
1356 856 2116
589 89 2116
867 367 2115
1404 904 2112
1315 815 2110
2742 2242 2108
1953 1453 2107
3133 2633 2106
3062 2562 2105
2349 1849 2105
809 309 2102
2682 2182 2099
2224 1724 2098
1962 1462 2098
1197 697 2097
3397 2897 2096
700 200 2096
2842 2342 2096
2108 1608 2094
2764 2264 2094
1708 1208 2094
3045 2545 2093
2579 2079 2092
3023 2523 2092
1668 1168 2090
2397 1897 2089
2830 2330 2089
797 297 2089
3185 2685 2088
3115 2615 2088
1986 1486 2087
3120 2620 2085
1911 1411 2085
2029 1529 2080
789 289 2080
1257 757 2078
938 438 2078
2582 2082 2077
1590 1090 2077
1013 513 2075
1247 747 2074
2965 2465 2074
2294 1794 2071
1865 1365 2070
2514 2014 2070
1307 807 2070
775 275 2070
1144 644 2069
2533 2033 2068
2281 1781 2067
1963 1463 2067
3431 2931 2067
1410 910 2067
1337 837 2066
3008 2508 2063
1996 1496 2063
3273 2773 2062
1987 1487 2062
3001 2501 2057
1562 1062 2057
3416 2916 2054
3024 2524 2054
1173 673 2054
1225 725 2054
2804 2304 2052
2970 2470 2052
1178 678 2052
1587 1087 2052
945 445 2050
1176 676 2050
1319 819 2049
1994 1494 2049
2542 2042 2047
1114 614 2046
2860 2360 2045
2349 1849 2042
1780 1280 2042
3119 2619 2041
1358 858 2041
2150 1650 2041
2814 2314 2040
2200 1700 2039
1635 1135 2038
3239 2739 2038
2913 2413 2035
1944 1444 2034
866 366 2032
1705 1205 2031
3162 2662 2031
3330 2830 2029
1099 599 2029
1424 924 2028
2632 2132 2025
1156 656 2025
1149 649 2024
3076 2576 2024
2235 1735 2022
1378 878 2021
1419 919 2020
3263 2763 2020
2071 1571 2016
3461 2961 2015
3041 2541 2014
2990 2490 2013
2718 2218 2012
2907 2407 2012
1121 621 2010
2365 1865 2009
1577 1077 2009
1177 677 2008
566 66 2008
3040 2540 2008
831 331 2007
1414 914 2006
3188 2688 2005
3453 2953 2002
2609 2109 2000
1754 1254 2000
2810 2310 1999
2080 1580 1994
1622 1122 1992
781 281 1991
2482 1982 1991
1725 1225 1991
2747 2247 1990
3395 2895 1989
1682 1182 1988
2816 2316 1987
1973 1473 1984
3495 2995 1982
1074 574 1981
2909 2409 1981
3292 2792 1981
2120 1620 1980
1490 990 1979
3506 3006 1977
1626 1126 1977
2947 2447 1976
3068 2568 1975
2665 2165 1974
664 164 1973
2191 1691 1973
1307 807 1973
1257 757 1972
3198 2698 1972
2489 1989 1972
789 289 1971
2284 1784 1971
607 107 1971
3177 2677 1970
2559 2059 1969
1271 771 1969
2294 1794 1968
3293 2793 1966
2814 2314 1965
1421 921 1965
921 421 1965
3103 2603 1964
2745 2245 1963
3268 2768 1961
3468 2968 1960
1788 1288 1960
2577 2077 1959
2559 2059 1957
3296 2796 1955
824 324 1955
3147 2647 1952
2218 1718 1951
3065 2565 1950
1551 1051 1948
3161 2661 1948
3253 2753 1948
1462 962 1948
1326 826 1947
3085 2585 1946
2826 2326 1946
2480 1980 1944
2426 1926 1944
1230 730 1943
2047 1547 1943
2716 2216 1942
2698 2198 1941
1099 599 1941
3327 2827 1940
3103 2603 1939
2304 1804 1939
1282 782 1939
2732 2232 1939
1605 1105 1937
747 247 1936
1262 762 1935
2640 2140 1934
2303 1803 1933
2342 1842 1933
2828 2328 1932
1623 1123 1931
1616 1116 1931
891 391 1931
1398 898 1927
3511 3011 1927
1324 824 1927
2727 2227 1924
1246 746 1924
2698 2198 1924
3572 3072 1923
3299 2799 1922
2701 2201 1920
2770 2270 1920
2104 1604 1919
1364 864 1919
2920 2420 1918
2894 2394 1918
2907 2407 1918
2303 1803 1916
2084 1584 1916
1979 1479 1916
2767 2267 1913
2683 2183 1910
2383 1883 1910
724 224 1909
2864 2364 1907
2163 1663 1907
2486 1986 1907
2637 2137 1906
1372 872 1905
1036 536 1904
3007 2507 1904
1104 604 1903
1917 1417 1902
2316 1816 1902
3240 2740 1902
985 485 1901
940 440 1900
943 443 1900
3045 2545 1899
3376 2876 1898
2906 2406 1898
1089 589 1898
2215 1715 1896
2690 2190 1895
3052 2552 1895
568 68 1893
3203 2703 1893
1714 1214 1892
2342 1842 1892
3518 3018 1890
2954 2454 1889
2501 2001 1889
2398 1898 1888
3520 3020 1887
2223 1723 1887
3578 3078 1885
938 438 1885
1192 692 1883
2703 2203 1882
1227 727 1882
1571 1071 1881
1257 757 1881
1833 1333 1879
2423 1923 1878
2988 2488 1877
1283 783 1877
2207 1707 1875
2417 1917 1875
2732 2232 1871
1795 1295 1871
2937 2437 1871
3224 2724 1870
3247 2747 1869
3454 2954 1869
1349 849 1867
3597 3097 1863
1239 739 1861
3472 2972 1860
840 340 1860
883 383 1858
1937 1437 1856
1822 1322 1856
3601 3101 1855
2898 2398 1855
2483 1983 1853
3544 3044 1852
2400 1900 1850
3393 2893 1848
3183 2683 1845
2768 2268 1845
2680 2180 1844
2925 2425 1842
2858 2358 1841
3000 2500 1840
2291 1791 1840
1877 1377 1839
1039 539 1838
2995 2495 1836
1248 748 1832
1794 1294 1831
2782 2282 1831
3195 2695 1829
943 443 1829
3323 2823 1828
1593 1093 1826
3510 3010 1822
3447 2947 1820
1547 1047 1820
3420 2920 1817
3126 2626 1817
592 92 1817
1753 1253 1817
3170 2670 1816
2862 2362 1813
2081 1581 1811
1635 1135 1808
1645 1145 1808
3221 2721 1808
3320 2820 1806
3269 2769 1806
3327 2827 1805
3467 2967 1804
1283 783 1803
3474 2974 1803
2937 2437 1801
1008 508 1801
2569 2069 1800
3166 2666 1798
2146 1646 1797
3276 2776 1797
2864 2364 1796
3675 3175 1794
660 160 1794
2723 2223 1794
3411 2911 1793
3421 2921 1792
2028 1528 1792
3246 2746 1792
1446 946 1791
2160 1660 1791
3153 2653 1791
1215 715 1791
3298 2798 1791
2205 1705 1789
769 269 1788
807 307 1788
1076 576 1787
1805 1305 1787
2474 1974 1787
3112 2612 1787
1793 1293 1787
3438 2938 1785
668 168 1785
1654 1154 1784
1174 674 1780
1611 1111 1780
644 144 1780
3210 2710 1780
2539 2039 1779
656 156 1778
1676 1176 1777
1566 1066 1777
3214 2714 1774
3239 2739 1773
920 420 1772
1721 1221 1771
3088 2588 1770
2995 2495 1770
2657 2157 1770
2710 2210 1770
3408 2908 1769
3418 2918 1769
2155 1655 1769
3002 2502 1769
3125 2625 1768
978 478 1766
3689 3189 1765
723 223 1764
3388 2888 1764
3323 2823 1763
2763 2263 1763
1842 1342 1763
2063 1563 1762
3390 2890 1761
994 494 1760
2833 2333 1760
2022 1522 1759
2030 1530 1757
1196 696 1756
2640 2140 1756
1838 1338 1755
3149 2649 1752
676 176 1752
2433 1933 1751
1966 1466 1751
3664 3164 1750
3144 2644 1750
1721 1221 1749
658 158 1749
3219 2719 1748
1368 868 1747
2669 2169 1747
992 492 1747
2844 2344 1746
2434 1934 1745
2418 1918 1744
3188 2688 1744
3351 2851 1742
1764 1264 1739
2748 2248 1739
1128 628 1737
1646 1146 1736
3477 2977 1735
1055 555 1735
1442 942 1734
1340 840 1733
1304 804 1732
2431 1931 1730
2279 1779 1729
3249 2749 1728
3651 3151 1727
741 241 1727
1988 1488 1727
3628 3128 1725
2159 1659 1724
985 485 1724
3546 3046 1722
882 382 1720
1838 1338 1719
1221 721 1718
2130 1630 1718
3699 3199 1718
3179 2679 1717
3032 2532 1717
3767 3267 1717
2060 1560 1717
3615 3115 1716
3754 3254 1712
528 28 1711
2595 2095 1710
853 353 1708
3517 3017 1708
2299 1799 1708
1041 541 1707
1828 1328 1706
3541 3041 1705
2021 1521 1704
1791 1291 1702
2422 1922 1701
3777 3277 1701
1850 1350 1698
536 36 1698
3234 2734 1698
3556 3056 1698
2379 1879 1697
1173 673 1696
2436 1936 1693
998 498 1690
624 124 1688
1966 1466 1687
3247 2747 1687
3409 2909 1685
1726 1226 1685
731 231 1683
3567 3067 1681
3761 3261 1681
3284 2784 1680
2054 1554 1680
1538 1038 1679
2403 1903 1678
1519 1019 1678
3516 3016 1676
3735 3235 1676
1119 619 1675
2210 1710 1675
3180 2680 1674
3480 2980 1672
3460 2960 1670
1411 911 1670
3539 3039 1670
3369 2869 1668
2542 2042 1667
3427 2927 1667
1894 1394 1666
3674 3174 1665
1544 1044 1665
3613 3113 1664
3092 2592 1663
3352 2852 1663
3321 2821 1662
1920 1420 1661
851 351 1657
1294 794 1657
3517 3017 1657
3814 3314 1656
2858 2358 1656
2640 2140 1656
3773 3273 1655
1499 999 1655
3765 3265 1653
2243 1743 1653
1354 854 1650
3773 3273 1649
2706 2206 1648
2753 2253 1648
2345 1845 1647
1771 1271 1647
3315 2815 1646
697 197 1644
2815 2315 1643
3836 3336 1643
3267 2767 1641
3319 2819 1640
3327 2827 1639
3470 2970 1638
3738 3238 1638
3453 2953 1637
2013 1513 1634
2376 1876 1631
3004 2504 1630
1503 1003 1630
3076 2576 1629
1332 832 1629
3250 2750 1629
3850 3350 1628
3068 2568 1628
3159 2659 1625
687 187 1624
2215 1715 1624
3810 3310 1623
3504 3004 1623
3655 3155 1623
3012 2512 1623
3507 3007 1622
1373 873 1621
3554 3054 1620
2262 1762 1620
3855 3355 1619
1628 1128 1618
2208 1708 1618
2365 1865 1618
2522 2022 1618
1560 1060 1617
3793 3293 1616
3565 3065 1613
2755 2255 1611
2915 2415 1610
3094 2594 1607
2518 2018 1606
2043 1543 1604
2591 2091 1604
1045 545 1604
3689 3189 1604
1035 535 1604
2657 2157 1602
619 119 1601
3128 2628 1600
3048 2548 1600
1623 1123 1600
1655 1155 1599
2358 1858 1599
3900 3400 1599
3789 3289 1595
3655 3155 1594
2276 1776 1594
2958 2458 1591
3272 2772 1591
2451 1951 1590
3038 2538 1590
3903 3403 1590
2351 1851 1588
2014 1514 1586
533 33 1583
1298 798 1583
1343 843 1582
3683 3183 1581
3406 2906 1581
922 422 1581
3668 3168 1581
2006 1506 1579
3176 2676 1579
1505 1005 1579
2809 2309 1579
2707 2207 1578
3387 2887 1578
2359 1859 1577
2587 2087 1576
586 86 1574
3015 2515 1573
3327 2827 1571
1274 774 1570
1488 988 1569
3383 2883 1569
3617 3117 1567
1799 1299 1566
2619 2119 1566
528 28 1565
1766 1266 1563
1365 865 1562
2664 2164 1560
3318 2818 1557
3766 3266 1557
1817 1317 1557
1546 1046 1556
951 451 1554
1894 1394 1553
2503 2003 1553
2624 2124 1552
3591 3091 1551
668 168 1551
3897 3397 1550
854 354 1549
515 15 1548
3127 2627 1547
3547 3047 1545
3331 2831 1544
2651 2151 1543
3538 3038 1541
562 62 1541
1176 676 1539
1467 967 1539
3809 3309 1539
2067 1567 1538
3119 2619 1538
1057 557 1537
3055 2555 1537
3680 3180 1536
1407 907 1536
568 68 1535
3674 3174 1532
2084 1584 1530
2820 2320 1530
1142 642 1530
805 305 1529
2442 1942 1526
3345 2845 1525
3889 3389 1525
2538 2038 1524
2952 2452 1522
2782 2282 1521
2521 2021 1519
1636 1136 1519
3017 2517 1519
3870 3370 1519
2754 2254 1516
2231 1731 1516
3558 3058 1515
1583 1083 1515
854 354 1514
2062 1562 1514
2002 1502 1513
873 373 1513
838 338 1511
1722 1222 1510
2597 2097 1510
3433 2933 1507
2174 1674 1506
3616 3116 1506
3726 3226 1506
1647 1147 1505
1220 720 1505
2625 2125 1504
1962 1462 1504
2731 2231 1503
3137 2637 1503
2171 1671 1502
2998 2498 1502
2925 2425 1501
665 165 1500
3730 3230 1498
835 335 1498
3689 3189 1497
674 174 1494
3729 3229 1492
1383 883 1491
1095 595 1491
3554 3054 1491
597 97 1490
3803 3303 1488
3277 2777 1488
2113 1613 1488
3977 3477 1488
3772 3272 1488
3205 2705 1486
3341 2841 1485
3248 2748 1485
2509 2009 1485
2141 1641 1485
3166 2666 1483
3468 2968 1482
542 42 1481
3841 3341 1481
2507 2007 1481
3800 3300 1480
2284 1784 1479
2675 2175 1478
2687 2187 1478
2056 1556 1478
3450 2950 1476
3754 3254 1476
1709 1209 1475
2910 2410 1474
2216 1716 1474
517 17 1473
1882 1382 1472
3643 3143 1471
3890 3390 1471
2464 1964 1470
3356 2856 1470
2902 2402 1468
3352 2852 1467
3812 3312 1467
2737 2237 1466
2878 2378 1466
1400 900 1464
3914 3414 1464
2902 2402 1463
3763 3263 1463
3388 2888 1463
3748 3248 1462
2193 1693 1461
2595 2095 1461
3336 2836 1460
2561 2061 1459
4017 3517 1458
2910 2410 1457
2376 1876 1457
3137 2637 1456
3233 2733 1454
3529 3029 1453
2711 2211 1451
1530 1030 1451
2963 2463 1450
2460 1960 1448
1840 1340 1447
955 455 1445
2657 2157 1443
3851 3351 1442
1281 781 1441
2955 2455 1440
3688 3188 1439
1060 560 1439
2940 2440 1439
1787 1287 1438
3356 2856 1438
2663 2163 1438
2440 1940 1436
1904 1404 1435
1763 1263 1435
1105 605 1435
3965 3465 1434
3427 2927 1434
1920 1420 1430
1751 1251 1429
3519 3019 1429
3138 2638 1429
1071 571 1426
834 334 1426
2548 2048 1424
2542 2042 1423
2573 2073 1423
2739 2239 1421
2027 1527 1420
2707 2207 1419
3879 3379 1418
2742 2242 1417
2342 1842 1415
2721 2221 1415
1405 905 1414
2910 2410 1413
3229 2729 1413
1766 1266 1412
3752 3252 1409
2431 1931 1409
3201 2701 1408
541 41 1407
3936 3436 1406
3508 3008 1404
4084 3584 1404
2788 2288 1404
3003 2503 1401
2948 2448 1400
3752 3252 1398
3928 3428 1398
597 97 1397
3567 3067 1397
1987 1487 1396
2598 2098 1396
1524 1024 1395
3926 3426 1394
1004 504 1393
2931 2431 1393
1701 1201 1393
1524 1024 1391
3125 2625 1391
973 473 1391
3892 3392 1390
956 456 1388
3108 2608 1387
3667 3167 1386
2893 2393 1385
3004 2504 1385
3083 2583 1384
4032 3532 1384
3875 3375 1381
2856 2356 1379
3444 2944 1378
2937 2437 1377
3976 3476 1377
3959 3459 1376
3843 3343 1375
3456 2956 1374
3718 3218 1374
1529 1029 1373
2899 2399 1372
3730 3230 1372
3939 3439 1371
3747 3247 1371
1234 734 1371
4042 3542 1371
873 373 1370
2184 1684 1369
3650 3150 1369
3886 3386 1368
1756 1256 1368
1178 678 1368
2530 2030 1368
3173 2673 1367
2083 1583 1366
3791 3291 1364
882 382 1360
4117 3617 1360
797 297 1359
3972 3472 1359
3436 2936 1358
3244 2744 1357
3753 3253 1356
2679 2179 1355
3383 2883 1354
3788 3288 1352
3505 3005 1352
2895 2395 1352
2796 2296 1351
693 193 1351
2069 1569 1349
3208 2708 1347
2386 1886 1346
2950 2450 1346
1772 1272 1343
2042 1542 1343
3193 2693 1342
3979 3479 1342
3569 3069 1341
3875 3375 1341
2926 2426 1341
2035 1535 1338
3867 3367 1338
3720 3220 1338
1559 1059 1337
3905 3405 1337
839 339 1336
1819 1319 1336
1189 689 1335
1097 597 1334
1720 1220 1334
1663 1163 1334
2410 1910 1333
1636 1136 1333
3807 3307 1333
3413 2913 1333
1423 923 1332
667 167 1331
2715 2215 1330
4030 3530 1330
3411 2911 1330
2494 1994 1329
2639 2139 1328
2638 2138 1327
4038 3538 1327
815 315 1325
1720 1220 1325
3493 2993 1324
3594 3094 1323
547 47 1323
2135 1635 1322
3173 2673 1322
3913 3413 1319
2814 2314 1319
768 268 1318
4011 3511 1318
4054 3554 1317
2407 1907 1316
557 57 1316
2936 2436 1314
3644 3144 1313
3979 3479 1313
2857 2357 1313
3686 3186 1312
3252 2752 1310
1309 809 1310
657 157 1307
1089 589 1306
4185 3685 1304
2743 2243 1304
2998 2498 1303
3230 2730 1302
1586 1086 1302
2721 2221 1302
4015 3515 1301
3960 3460 1301
2499 1999 1300
4181 3681 1298
3594 3094 1296
3989 3489 1296
540 40 1295
3820 3320 1295
4097 3597 1295
2108 1608 1294
4191 3691 1294
2604 2104 1294
804 304 1292
2874 2374 1292
2986 2486 1290
3635 3135 1290
3559 3059 1290
4210 3710 1289
3363 2863 1289
1538 1038 1289
2078 1578 1288
2058 1558 1288
2234 1734 1286
2669 2169 1284
3273 2773 1284
3029 2529 1283
4070 3570 1283
3744 3244 1281
2497 1997 1281
2974 2474 1281
3525 3025 1279
3249 2749 1279
4008 3508 1278
3959 3459 1278
3375 2875 1277
789 289 1277
3915 3415 1276
975 475 1276
3055 2555 1276
2971 2471 1276
3608 3108 1276
1520 1020 1275
4192 3692 1272
1321 821 1271
4196 3696 1270
2868 2368 1270
3302 2802 1269
2354 1854 1269
2533 2033 1268
3942 3442 1268
3909 3409 1268
1363 863 1268
2821 2321 1267
2537 2037 1266
916 416 1264
3129 2629 1264
2325 1825 1264
2037 1537 1263
3417 2917 1263
2041 1541 1261
941 441 1261
2996 2496 1261
4144 3644 1258
3420 2920 1257
2869 2369 1257
4232 3732 1256
2377 1877 1255
1778 1278 1253
2055 1555 1253
1014 514 1253
2697 2197 1252
2009 1509 1251
2395 1895 1251
732 232 1250
840 340 1249
3869 3369 1249
3332 2832 1249
2137 1637 1248
2831 2331 1248
1144 644 1248
3957 3457 1248
3853 3353 1247
3987 3487 1247
3715 3215 1247
883 383 1245
3609 3109 1243
2608 2108 1242
2002 1502 1241
4048 3548 1239
4259 3759 1237
4104 3604 1236
2957 2457 1236
2687 2187 1233
4216 3716 1233
2026 1526 1233
1938 1438 1233
2066 1566 1233
4202 3702 1229
3548 3048 1229
4122 3622 1228
4040 3540 1227
2153 1653 1226
4093 3593 1225
2680 2180 1224
3888 3388 1224
2356 1856 1223
3743 3243 1223
3818 3318 1221
3955 3455 1220
1722 1222 1220
3304 2804 1220
1290 790 1220
3823 3323 1220
3906 3406 1220
3643 3143 1218
1265 765 1217
3933 3433 1214
4058 3558 1214
3954 3454 1213
3393 2893 1213
3594 3094 1212
1080 580 1212
1334 834 1211
1104 604 1211
1525 1025 1208
2295 1795 1208
2958 2458 1208
2940 2440 1208
3921 3421 1205
3777 3277 1205
864 364 1204
3053 2553 1203
4091 3591 1203
3496 2996 1202
738 238 1202
3418 2918 1201
3622 3122 1201
1543 1043 1201
4177 3677 1200
3429 2929 1200
2060 1560 1198
2421 1921 1197
1600 1100 1195
2838 2338 1195
2893 2393 1193
3798 3298 1192
2024 1524 1191
3466 2966 1191
3831 3331 1191
2803 2303 1189
3074 2574 1189
1930 1430 1189
4211 3711 1188
1745 1245 1188
1765 1265 1187
2917 2417 1186
3572 3072 1186
4188 3688 1186
4029 3529 1185
3923 3423 1185
2812 2312 1185
4059 3559 1185
2416 1916 1185
2939 2439 1183
4011 3511 1180
1983 1483 1180
4244 3744 1179
4015 3515 1178
2374 1874 1178
2336 1836 1178
2393 1893 1178
1198 698 1177
1961 1461 1177
3378 2878 1177
4067 3567 1177
2431 1931 1176
3946 3446 1175
3657 3157 1174
4237 3737 1172
4082 3582 1172
4169 3669 1172
4172 3672 1171
4075 3575 1171
4121 3621 1170
1517 1017 1170
3861 3361 1170
2656 2156 1169
2503 2003 1168
3770 3270 1168
2241 1741 1168
1966 1466 1167
1781 1281 1165
1184 684 1164
2365 1865 1163
786 286 1162
3577 3077 1160
2703 2203 1160
2565 2065 1160
3429 2929 1159
2197 1697 1159
885 385 1158
3063 2563 1158
2468 1968 1156
2815 2315 1155
4095 3595 1155
3490 2990 1150
4245 3745 1149
3179 2679 1149
3821 3321 1148
3386 2886 1148
1761 1261 1147
1448 948 1147
2568 2068 1145
2665 2165 1145
2290 1790 1144
3617 3117 1144
2613 2113 1142
851 351 1142
1059 559 1141
3723 3223 1141
3134 2634 1141
727 227 1140
3204 2704 1140
2700 2200 1140
4302 3802 1139
1624 1124 1139
3262 2762 1138
1366 866 1136
4202 3702 1136
4049 3549 1135
3954 3454 1135
4339 3839 1133
1348 848 1133
3900 3400 1133
2474 1974 1132
1512 1012 1131
3306 2806 1129
3517 3017 1127
712 212 1127
1836 1336 1126
3281 2781 1126
3535 3035 1125
3150 2650 1125
2974 2474 1123
3873 3373 1123
2253 1753 1122
600 100 1122
2694 2194 1121
3974 3474 1121
2426 1926 1119
3720 3220 1119
1225 725 1119
1694 1194 1118
841 341 1116
3677 3177 1116
3644 3144 1116
1912 1412 1115
1582 1082 1114
1463 963 1114
3170 2670 1114
2502 2002 1113
4340 3840 1112
3790 3290 1112
4070 3570 1111
3152 2652 1109
4373 3873 1109
2252 1752 1108
2819 2319 1108
1765 1265 1108
2704 2204 1107
3308 2808 1107
1589 1089 1105
3220 2720 1103
2835 2335 1102
2676 2176 1102
2254 1754 1102
4169 3669 1102
3852 3352 1102
3294 2794 1101
1492 992 1101
1261 761 1101
4001 3501 1101
4271 3771 1100
4169 3669 1100
3558 3058 1099
3911 3411 1099
3793 3293 1098
2369 1869 1098
2694 2194 1097
3680 3180 1097
1401 901 1097
2154 1654 1094
2117 1617 1093
4017 3517 1092
3756 3256 1092
3737 3237 1091
4107 3607 1091
3420 2920 1090
3561 3061 1090
1687 1187 1090
1811 1311 1089
3472 2972 1089
2052 1552 1088
3214 2714 1087
1756 1256 1087
3124 2624 1087
2269 1769 1087
2646 2146 1086
849 349 1086
2417 1917 1085
3435 2935 1085
3770 3270 1085
1571 1071 1084
2233 1733 1082
3608 3108 1081
4084 3584 1080
2469 1969 1080
4417 3917 1080
3059 2559 1080
4287 3787 1080
4013 3513 1080
4325 3825 1075
3160 2660 1074
1553 1053 1074
2791 2291 1073
3735 3235 1073
3853 3353 1073
2828 2328 1070
3479 2979 1070
3015 2515 1070
3775 3275 1070
3576 3076 1070
3969 3469 1069
1550 1050 1065
3341 2841 1065
4071 3571 1065
4359 3859 1065
3861 3361 1065
4172 3672 1063
1397 897 1063
2420 1920 1062
3343 2843 1062
4216 3716 1061
1645 1145 1061
4204 3704 1061
4152 3652 1061
4388 3888 1060
3076 2576 1060
3335 2835 1059
1722 1222 1058
3696 3196 1057
721 221 1056
1749 1249 1055
1043 543 1055
1912 1412 1054
4408 3908 1052
2151 1651 1052
3931 3431 1052
4016 3516 1051
2366 1866 1050
4338 3838 1050
881 381 1049
4432 3932 1049
2107 1607 1049
4173 3673 1049
4082 3582 1049
4085 3585 1048
3597 3097 1046
3734 3234 1045
961 461 1044
3990 3490 1043
4103 3603 1041
3762 3262 1041
1646 1146 1040
749 249 1039
1726 1226 1038
3961 3461 1037
3705 3205 1037
841 341 1036
4190 3690 1036
4089 3589 1036
1079 579 1035
621 121 1035
1631 1131 1035
3939 3439 1033
3264 2764 1033
946 446 1033
2127 1627 1033
2448 1948 1033
3765 3265 1032
4125 3625 1032
1617 1117 1032
4212 3712 1032
1365 865 1029
3882 3382 1028
2197 1697 1028
2418 1918 1028
749 249 1028
4340 3840 1027
3682 3182 1026
3821 3321 1026
3741 3241 1025
3657 3157 1023
1873 1373 1023
765 265 1023
1077 577 1022
4022 3522 1022
3471 2971 1021
2856 2356 1020
2013 1513 1019
568 68 1019
4040 3540 1016
2919 2419 1016
4288 3788 1014
4401 3901 1014
4158 3658 1014
4419 3919 1014
4090 3590 1013
4076 3576 1013
1020 520 1010
2824 2324 1010
3487 2987 1009
2997 2497 1008
3108 2608 1004
4274 3774 1004
4244 3744 1003
3754 3254 1002
942 442 1002
4085 3585 1001
1161 661 1001
3990 3490 998
1717 1217 998
606 106 997
3886 3386 997
4281 3781 997
1388 888 996
3876 3376 995
4431 3931 995
690 190 994
3121 2621 993
4011 3511 992
4330 3830 992
3955 3455 990
2424 1924 988
4252 3752 987
784 284 987
4385 3885 987
915 415 986
4144 3644 985
4244 3744 985
4367 3867 984
2936 2436 983
506 6 982
3528 3028 982
3967 3467 982
4468 3968 982
3838 3338 982
4365 3865 982
3977 3477 981
4253 3753 981
3949 3449 981
2863 2363 980
4381 3881 980
3262 2762 980
3642 3142 980
4414 3914 977
4416 3916 977
3927 3427 976
4305 3805 976
2991 2491 975
3861 3361 974
3658 3158 974
4203 3703 972
4421 3921 971
3565 3065 970
2533 2033 969
3741 3241 966
1948 1448 965
2393 1893 964
3632 3132 964
1575 1075 963
3859 3359 963
4312 3812 961
3327 2827 961
3968 3468 961
961 461 960
2216 1716 960
1534 1034 960
4256 3756 959
3168 2668 959
3642 3142 958
4047 3547 958
2476 1976 958
4532 4032 957
3140 2640 957
3240 2740 957
4151 3651 956
2980 2480 955
4325 3825 955
2291 1791 954
619 119 953
2992 2492 953
1272 772 953
2300 1800 953
2002 1502 952
678 178 950
1003 503 949
3154 2654 949
2595 2095 948
2211 1711 947
3995 3495 947
1380 880 947
3728 3228 947
1349 849 947
4286 3786 946
2285 1785 945
2496 1996 944
4246 3746 944
3789 3289 943
1856 1356 943
1729 1229 941
4058 3558 941
2248 1748 940
3747 3247 937
1402 902 936
3816 3316 934
1685 1185 934
2393 1893 933
4152 3652 933
4496 3996 933
3398 2898 931
4393 3893 931
3076 2576 931
3064 2564 930
4416 3916 929
3884 3384 929
2810 2310 928
1400 900 927
1400 900 926
1430 930 926
4131 3631 924
3021 2521 923
1807 1307 923
2074 1574 923
4491 3991 922
1250 750 921
1343 843 920
1822 1322 918
3979 3479 917
4236 3736 915
1037 537 915
4527 4027 914
4502 4002 914
2945 2445 914
3728 3228 914
1169 669 913
984 484 913
3572 3072 911
3293 2793 911
3623 3123 911
3858 3358 910
757 257 910
2230 1730 909
2673 2173 909
2589 2089 909
4297 3797 908
3372 2872 908
2134 1634 907
2272 1772 907
2035 1535 906
4557 4057 905
1847 1347 905
1409 909 905
2318 1818 904
4318 3818 903
4583 4083 902
1118 618 902
3769 3269 901
4394 3894 901
3468 2968 900
2679 2179 900
4323 3823 900
4252 3752 899
4222 3722 899
2993 2493 899
3145 2645 899
3437 2937 898
3167 2667 898
4597 4097 897
3459 2959 897
1012 512 896
4211 3711 896
4315 3815 896
4493 3993 896
3232 2732 896
3969 3469 895
3669 3169 895
3397 2897 895
3853 3353 893
1920 1420 892
4427 3927 892
1169 669 892
1115 615 891
2615 2115 891
1684 1184 891
2613 2113 890
3528 3028 890
4448 3948 890
2369 1869 888
3339 2839 886
4585 4085 886
2984 2484 886
4258 3758 886
4104 3604 886
884 384 885
4256 3756 884
3360 2860 883
1304 804 883
4468 3968 882
3322 2822 882
4586 4086 882
3474 2974 882
3534 3034 882
3956 3456 881
3908 3408 880
1353 853 880
4395 3895 880
2006 1506 880
1693 1193 879
4356 3856 879
522 22 879
4296 3796 879
1281 781 878
2284 1784 877
4300 3800 877
4332 3832 877
4457 3957 877
2746 2246 876
2262 1762 876
666 166 875
2202 1702 875
4463 3963 874
2208 1708 874
4156 3656 873
4465 3965 873
733 233 873
3312 2812 873
4608 4108 872
4572 4072 871
4041 3541 871
1752 1252 871
3312 2812 871
2017 1517 871
4013 3513 871
2706 2206 870
2176 1676 870
2880 2380 870
3796 3296 870
4166 3666 870
1934 1434 869
4355 3855 869
1851 1351 869
2789 2289 867
4472 3972 866
1593 1093 866
3799 3299 865
2022 1522 864
880 380 863
3067 2567 863
3054 2554 862
4066 3566 862
1140 640 862
1878 1378 862
2090 1590 861
3870 3370 860
4091 3591 859
2305 1805 858
4232 3732 858
4012 3512 857
1860 1360 857
1947 1447 857
2954 2454 856
4215 3715 855
3287 2787 855
3397 2897 855
3438 2938 854
2984 2484 854
3132 2632 852
1610 1110 851
4089 3589 850
2708 2208 848
3709 3209 848
4273 3773 847
3391 2891 847
4048 3548 845
4361 3861 845
4633 4133 845
1872 1372 844
3217 2717 844
3961 3461 844
1931 1431 843
3608 3108 843
4196 3696 843
2734 2234 841
2926 2426 841
3042 2542 839
955 455 839
2783 2283 839
1404 904 838
1922 1422 838
1613 1113 838
3340 2840 837
3811 3311 837
2678 2178 837
1198 698 836
4459 3959 834
4147 3647 833
4647 4147 833
4457 3957 832
1175 675 832
1173 673 832
4629 4129 832
2660 2160 831
2686 2186 830
3870 3370 830
3969 3469 829
1177 677 829
4172 3672 828
1499 999 828
4011 3511 827
4207 3707 827
4293 3793 826
2673 2173 826
3853 3353 826
1732 1232 825
4441 3941 824
3454 2954 822
4488 3988 822
3007 2507 821
2939 2439 821
2856 2356 820
2846 2346 820
3336 2836 819
4627 4127 819
3292 2792 818
1541 1041 817
2551 2051 817
3758 3258 817
2884 2384 816
4498 3998 815
3952 3452 815
2071 1571 815
4005 3505 814
1399 899 814
3411 2911 813
2580 2080 813
3411 2911 812
4134 3634 812
1103 603 811
4115 3615 811
4467 3967 811
3204 2704 811
2336 1836 811
3576 3076 810
898 398 809
3610 3110 808
3650 3150 808
3621 3121 807
3681 3181 806
4090 3590 806
4530 4030 805
4241 3741 805
4620 4120 805
3918 3418 805
4169 3669 804
3117 2617 804
4299 3799 803
4680 4180 803
3952 3452 803
3381 2881 801
4343 3843 801
4633 4133 800
1579 1079 800
3750 3250 799
3373 2873 798
4262 3762 798
4130 3630 797
2347 1847 797
2036 1536 796
3677 3177 796
3742 3242 796
2340 1840 796
4271 3771 796
4138 3638 795
4096 3596 795
2560 2060 795
1826 1326 795
2303 1803 794
4405 3905 792
2843 2343 792
4332 3832 792
3969 3469 791
4465 3965 791
4264 3764 790
1907 1407 790
1326 826 790
2576 2076 788
3548 3048 788
1448 948 787
4111 3611 787
4393 3893 787
1236 736 787
1901 1401 786
3171 2671 786
2996 2496 786
2266 1766 785
4197 3697 784
1946 1446 784
4454 3954 784
4361 3861 784
1607 1107 783
4527 4027 782
3785 3285 782
988 488 781
1815 1315 781
1846 1346 781
2868 2368 780
4103 3603 780
3762 3262 778
2396 1896 777
4185 3685 776
1002 502 775
2252 1752 775
1648 1148 774
2572 2072 774
3004 2504 774
3898 3398 773
3407 2907 773
3477 2977 773
2942 2442 773
1533 1033 773
3552 3052 772
4486 3986 772
957 457 771
756 256 771
2540 2040 771
3896 3396 771
2308 1808 770
2309 1809 770
3815 3315 769
1996 1496 769
2507 2007 769
3784 3284 768
4653 4153 768
4445 3945 768
3640 3140 767
4521 4021 766
3355 2855 766
4598 4098 766
4553 4053 766
4661 4161 766
4472 3972 765
2858 2358 765
4406 3906 765
4708 4208 762
2393 1893 762
2725 2225 762
3415 2915 762
4670 4170 761
3383 2883 760
4707 4207 758
4115 3615 758
1542 1042 757
4419 3919 757
2873 2373 757
3570 3070 757
4332 3832 755
3235 2735 755
1437 937 755
1940 1440 754
929 429 752
984 484 752
4574 4074 752
3696 3196 752
3917 3417 751
3074 2574 751
1625 1125 751
2927 2427 750
4608 4108 749
2651 2151 749
4466 3966 748
2561 2061 748
3967 3467 748
3951 3451 747
3478 2978 747
3823 3323 745
2679 2179 745
3610 3110 743
2576 2076 743
1276 776 743
4364 3864 741
3428 2928 741
4067 3567 741
2905 2405 740
4635 4135 739
1806 1306 739
1966 1466 739
4680 4180 737
3083 2583 737
3131 2631 736
4160 3660 736
3745 3245 736
2553 2053 736
3888 3388 735
3788 3288 735
2039 1539 734
3527 3027 733
1544 1044 733
4353 3853 732
2902 2402 731
3269 2769 730
2118 1618 730
909 409 729
4249 3749 729
1346 846 728
2382 1882 728
4668 4168 728
3365 2865 727
3817 3317 727
3070 2570 726
3617 3117 726
4366 3866 726
4647 4147 725
3912 3412 724
510 10 724
4772 4272 724
4618 4118 724
3450 2950 723
1459 959 722
4767 4267 722
3504 3004 721
4436 3936 720
3459 2959 720
4571 4071 719
4694 4194 717
4282 3782 716
965 465 716
4610 4110 715
3701 3201 715
3993 3493 715
4468 3968 714
3098 2598 714
2191 1691 714
1693 1193 714
1625 1125 714
4728 4228 713
4319 3819 712
833 333 711
4645 4145 711
4714 4214 711
1615 1115 711
1231 731 711
4072 3572 710
4003 3503 709
4696 4196 708
3320 2820 708
3289 2789 708
3715 3215 707
3145 2645 706
931 431 705
4670 4170 705
1695 1195 705
4377 3877 703
2816 2316 703
1417 917 703
4672 4172 703
3771 3271 703
2592 2092 703
4194 3694 701
3258 2758 701
945 445 700
4530 4030 700
4775 4275 699
3654 3154 698
4374 3874 698
3923 3423 698
3376 2876 698
2688 2188 697
2686 2186 697
4402 3902 696
2851 2351 696
4068 3568 696
2071 1571 695
4453 3953 695
893 393 695
4666 4166 693
720 220 693
1458 958 693
1318 818 692
3355 2855 692
4687 4187 692
2079 1579 692
1448 948 691
4231 3731 690
4432 3932 689
1422 922 689
1567 1067 688
1581 1081 687
4630 4130 686
4409 3909 686
4327 3827 686
4221 3721 685
4268 3768 685
4701 4201 685
4713 4213 685
3193 2693 685
4488 3988 684
4063 3563 684
542 42 684
4126 3626 684
4737 4237 684
997 497 684
4727 4227 684
2238 1738 684
4769 4269 682
3514 3014 682
3362 2862 681
4653 4153 681
4428 3928 680
4540 4040 680
2560 2060 679
2919 2419 678
2889 2389 677
1517 1017 677
4715 4215 677
4808 4308 676
1123 623 675
4058 3558 673
4451 3951 673
3472 2972 672
1144 644 672
4771 4271 672
4657 4157 669
2084 1584 669
3635 3135 669
4117 3617 667
4803 4303 667
1929 1429 666
1766 1266 666
2374 1874 666
2751 2251 665
3736 3236 664
4676 4176 664
2467 1967 662
2711 2211 662
3670 3170 661
1653 1153 660
1634 1134 660
4307 3807 660
3240 2740 659
3381 2881 659
3521 3021 659
4801 4301 659
4315 3815 658
3252 2752 658
1409 909 658
4646 4146 658
4817 4317 658
2732 2232 657
2444 1944 657
4427 3927 655
888 388 654
2211 1711 654
4832 4332 653
3358 2858 653
3191 2691 652
3840 3340 652
3998 3498 651
2675 2175 650
3859 3359 650
3216 2716 649
3710 3210 647
4825 4325 647
2510 2010 646
4741 4241 645
4495 3995 643
3584 3084 643
3719 3219 643
4584 4084 641
4501 4001 640
4485 3985 639
4039 3539 639
2325 1825 638
4659 4159 638
1564 1064 638
4297 3797 638
1416 916 636
3109 2609 636
4231 3731 636
3028 2528 635
1791 1291 635
4113 3613 633
4689 4189 631
2141 1641 630
1955 1455 629
3964 3464 628
4226 3726 628
1698 1198 628
3593 3093 626
4510 4010 626
4797 4297 626
4215 3715 625
4555 4055 625
4180 3680 624
1892 1392 624
3852 3352 624
3314 2814 623
1319 819 623
3064 2564 621
2241 1741 621
3039 2539 620
4253 3753 620
4850 4350 620
4725 4225 619
3809 3309 618
2957 2457 617
1448 948 617
4302 3802 617
4218 3718 617
4477 3977 616
2571 2071 615
3089 2589 614
3902 3402 614
4682 4182 614
4851 4351 613
4262 3762 613
2527 2027 612
3003 2503 612
2038 1538 610
1178 678 610
1258 758 610
4576 4076 610
3686 3186 610
596 96 609
1600 1100 609
3038 2538 608
4552 4052 607
4880 4380 607
1088 588 607
1330 830 607
1800 1300 606
3929 3429 606
3303 2803 605
4517 4017 604
4456 3956 604
2341 1841 604
788 288 603
679 179 602
4575 4075 602
3767 3267 602
4796 4296 602
3422 2922 601
518 18 600
2152 1652 599
4828 4328 599
3927 3427 598
3955 3455 598
1502 1002 597
2570 2070 596
3023 2523 596
4523 4023 595
3638 3138 595
1626 1126 595
4414 3914 595
4272 3772 595
4373 3873 594
735 235 594
1033 533 593
4100 3600 593
959 459 593
3579 3079 593
3152 2652 593
2246 1746 592
4073 3573 592
4803 4303 592
3906 3406 592
4565 4065 591
4564 4064 591
4168 3668 591
4601 4101 590
1937 1437 590
3454 2954 589
4013 3513 589
1560 1060 589
4223 3723 587
2497 1997 587
4704 4204 586
3431 2931 586
3928 3428 585
3423 2923 585
2937 2437 585
4674 4174 585
4657 4157 585
2855 2355 584
3356 2856 584
639 139 583
789 289 583
4806 4306 582
3953 3453 581
4753 4253 580
1973 1473 578
3726 3226 577
3320 2820 576
4320 3820 576
4060 3560 576
4844 4344 576
4358 3858 576
3545 3045 576
3747 3247 574
4349 3849 574
4105 3605 573
4765 4265 572
4680 4180 572
4532 4032 571
4430 3930 571
4216 3716 571
4539 4039 570
1591 1091 570
3972 3472 570
4207 3707 569
3503 3003 568
4096 3596 568
3501 3001 568
4489 3989 568
4150 3650 568
4851 4351 568
2290 1790 568
3683 3183 567
2068 1568 566
1185 685 566
2993 2493 565
3677 3177 564
4782 4282 564
4907 4407 564
4846 4346 563
3427 2927 562
3566 3066 561
1240 740 561
4906 4406 561
3840 3340 561
4636 4136 561
4808 4308 560
3126 2626 559
4156 3656 559
4044 3544 558
1739 1239 558
4857 4357 557
3491 2991 557
3344 2844 556
4840 4340 556
4579 4079 555
2191 1691 554
1938 1438 553
3368 2868 553
4294 3794 553
4939 4439 552
1935 1435 552
4372 3872 551
2682 2182 551
4283 3783 551
4188 3688 551
4213 3713 550
4414 3914 550
3240 2740 549
3650 3150 549
2777 2277 548
4146 3646 548
1827 1327 547
4214 3714 547
3492 2992 546
3512 3012 546
1060 560 545
2875 2375 544
3207 2707 544
2783 2283 544
4065 3565 543
1650 1150 543
831 331 542
4925 4425 540
747 247 539
4648 4148 539
2587 2087 538
2569 2069 538
4828 4328 537
3313 2813 537
4189 3689 537
4052 3552 536
2507 2007 535
2397 1897 535
2538 2038 534
3948 3448 534
1299 799 534
697 197 534
3622 3122 533
4152 3652 533
4451 3951 532
3794 3294 531
4090 3590 531
4726 4226 530
619 119 530
3193 2693 529
2342 1842 529
3090 2590 529
2322 1822 529
3172 2672 528
4702 4202 528
4395 3895 528
4541 4041 528
936 436 528
4757 4257 527
3290 2790 527
4918 4418 527
818 318 527
3329 2829 526
2844 2344 525
3556 3056 525
1823 1323 525
4476 3976 525
2299 1799 525
771 271 525
3800 3300 523
2927 2427 522
4138 3638 522
796 296 521
1853 1353 521
3784 3284 521
2025 1525 520
1489 989 520
3720 3220 519
4931 4431 519
3378 2878 518
4532 4032 518
943 443 517
2821 2321 517
4813 4313 517
1692 1192 517
3126 2626 516
4814 4314 516
4922 4422 516
2996 2496 516
3580 3080 515
4378 3878 515
3608 3108 513
4352 3852 513
1137 637 513
3997 3497 512
824 324 512
978 478 511
4769 4269 511
2835 2335 510
1856 1356 510
4513 4013 510
4612 4112 510
4969 4469 510
4769 4269 509
4571 4071 509
4716 4216 509
4816 4316 508
4091 3591 508
2342 1842 507
4813 4313 507
1571 1071 506
2012 1512 504
3392 2892 502
4209 3709 502
4575 4075 501
3576 3076 501
1898 1398 500
3679 3179 499
1094 594 499
4889 4389 499
4642 4142 498
3952 3452 498
882 382 498
3551 3051 497
4708 4208 497
4856 4356 496
2285 1785 496
4990 4490 495
2741 2241 495
4994 4494 494
4625 4125 493
4694 4194 492
1421 921 492
4832 4332 492
4027 3527 492
1927 1427 492
3743 3243 492
4488 3988 491
4400 3900 490
4229 3729 490
1319 819 490
4732 4232 489
4452 3952 489
4745 4245 489
4924 4424 488
1021 521 488
4351 3851 487
2881 2381 487
4754 4254 487
3702 3202 487
4434 3934 486
4796 4296 485
4793 4293 485
4682 4182 485
1516 1016 485
4968 4468 484
2193 1693 484
3160 2660 484
2947 2447 484
3966 3466 483
4955 4455 482
3023 2523 481
1885 1385 481
2304 1804 481
738 238 480
4026 3526 480
4940 4440 480
832 332 480
2317 1817 479
4691 4191 479
4738 4238 478
4938 4438 477
4669 4169 477
4942 4442 477
4980 4480 476
4346 3846 476
3242 2742 476
858 358 476
4915 4415 476
4255 3755 475
1945 1445 475
669 169 475
2960 2460 474
4337 3837 474
4239 3739 474
2403 1903 473
4697 4197 473
4689 4189 473
4928 4428 472
4945 4445 472
4035 3535 471
4483 3983 470
4707 4207 470
4639 4139 469
4078 3578 468
2139 1639 468
4749 4249 467
4430 3930 466
3249 2749 466
3983 3483 466
3256 2756 465
5004 4504 465
3400 2900 465
3513 3013 464
3910 3410 464
565 65 463
898 398 463
5021 4521 462
1202 702 462
3120 2620 462
4695 4195 462
4467 3967 462
4975 4475 462
4036 3536 461
4857 4357 461
4698 4198 461
1845 1345 461
4591 4091 460
1288 788 460
1406 906 459
3197 2697 459
2596 2096 458
4841 4341 457
2820 2320 457
4727 4227 457
5029 4529 457
2686 2186 456
746 246 456
4298 3798 456
4594 4094 456
4718 4218 454
4818 4318 454
3676 3176 454
4148 3648 454
4254 3754 453
4788 4288 453
4254 3754 452
1177 677 452
2726 2226 452
958 458 451
4684 4184 450
3062 2562 450
4426 3926 450
4066 3566 450
2293 1793 450
4922 4422 449
2646 2146 448
4321 3821 448
3517 3017 448
1516 1016 447
4357 3857 447
4812 4312 446
3829 3329 446
4162 3662 445
3932 3432 445
4846 4346 444
4887 4387 444
3497 2997 444
3915 3415 444
911 411 443
3922 3422 442
4917 4417 442
3334 2834 442
4503 4003 441
4582 4082 440
3842 3342 440
4511 4011 438
4253 3753 437
4739 4239 436
4749 4249 436
2317 1817 436
1869 1369 436
588 88 436
3067 2567 436
3032 2532 435
2669 2169 434
4908 4408 434
2707 2207 434
1466 966 434
5001 4501 433
4995 4495 433
4949 4449 433
4965 4465 432
4698 4198 432
3865 3365 432
4619 4119 432
3487 2987 432
3388 2888 432
4973 4473 431
1153 653 431
1429 929 430
3915 3415 430
2119 1619 428
4894 4394 428
5050 4550 428
4841 4341 427
4891 4391 426
1771 1271 426
4519 4019 426
4841 4341 426
4124 3624 426
1596 1096 425
4845 4345 424
3953 3453 424
1832 1332 424
2103 1603 424
3867 3367 424
4888 4388 424
5067 4567 423
2608 2108 423
4097 3597 423
3612 3112 423
4368 3868 423
3682 3182 422
4726 4226 421
3513 3013 421
5057 4557 421
4729 4229 420
820 320 420
2466 1966 419
5078 4578 419
4421 3921 419
5020 4520 419
4333 3833 419
1580 1080 418
4148 3648 417
745 245 417
5018 4518 416
4817 4317 416
526 26 415
4420 3920 415
5058 4558 415
562 62 415
4496 3996 415
4766 4266 414
3630 3130 414
4020 3520 413
4100 3600 413
4174 3674 413
2695 2195 412
1686 1186 412
2948 2448 412
4684 4184 412
4925 4425 412
3221 2721 411
4699 4199 411
2481 1981 410
3567 3067 410
4384 3884 410
673 173 409
2664 2164 408
4210 3710 408
2211 1711 407
3605 3105 406
4659 4159 406
4157 3657 405
4572 4072 405
1859 1359 405
5048 4548 405
4675 4175 405
4423 3923 404
4878 4378 403
1807 1307 403
2136 1636 402
4636 4136 402
1381 881 402
5019 4519 402
5047 4547 402
4085 3585 401
4600 4100 401
4174 3674 401
2667 2167 401
4378 3878 401
1316 816 401
4832 4332 401
5052 4552 401
4173 3673 400
4805 4305 400
5040 4540 400
1368 868 400
1856 1356 399
1171 671 399
4285 3785 399
4864 4364 398
4995 4495 398
2092 1592 397
4723 4223 397
4875 4375 397
4038 3538 396
2946 2446 396
4516 4016 396
1159 659 396
4935 4435 396
4729 4229 395
3670 3170 395
4572 4072 394
3589 3089 394
1483 983 394
4712 4212 394
4751 4251 393
4704 4204 393
4219 3719 393
756 256 393
4878 4378 393
4359 3859 393
4591 4091 392
4782 4282 392
5005 4505 392
4991 4491 392
4887 4387 391
4674 4174 391
4658 4158 391
4972 4472 390
3192 2692 390
3451 2951 389
4976 4476 388
3337 2837 387
5105 4605 387
3583 3083 387
4068 3568 386
4913 4413 386
4970 4470 384
2831 2331 384
4776 4276 384
1296 796 383
5015 4515 383
1571 1071 383
636 136 383
3416 2916 382
3750 3250 381
1131 631 381
4534 4034 380
4402 3902 380
4627 4127 380
5018 4518 380
4803 4303 380
4470 3970 379
3806 3306 379
3093 2593 378
5110 4610 378
679 179 378
5080 4580 378
2347 1847 378
4321 3821 376
4563 4063 376
3210 2710 376
4785 4285 375
4644 4144 374
3448 2948 374
4520 4020 373
5066 4566 373
5035 4535 372
3866 3366 371
4377 3877 371
5047 4547 371
4938 4438 370
3584 3084 369
1063 563 369
3338 2838 369
2644 2144 368
2008 1508 366
4251 3751 366
4473 3973 365
3777 3277 364
4270 3770 364
3032 2532 364
4944 4444 364
4185 3685 363
3996 3496 363
4204 3704 363
5049 4549 362
5035 4535 361
4678 4178 361
4481 3981 359
4057 3557 359
3672 3172 358
1661 1161 357
3587 3087 356
4770 4270 356
4288 3788 356
1477 977 355
4613 4113 355
4802 4302 355
1346 846 355
2282 1782 354
5132 4632 354
2878 2378 354
5137 4637 354
4469 3969 354
5020 4520 353
3816 3316 353
3907 3407 352
4679 4179 352
4277 3777 352
4509 4009 350
2570 2070 349
596 96 349
4443 3943 349
4678 4178 348
4994 4494 348
4544 4044 347
1550 1050 347
4448 3948 347
4279 3779 347
3788 3288 346
1877 1377 346
1274 774 345
4457 3957 345
1773 1273 345
3146 2646 345
4997 4497 345
4761 4261 345
4583 4083 345
4660 4160 345
4616 4116 344
4959 4459 344
2413 1913 343
4300 3800 343
2323 1823 342
4582 4082 342
3074 2574 341
1043 543 341
2763 2263 340
2101 1601 340
1734 1234 340
2465 1965 339
2699 2199 339
3779 3279 339
4055 3555 339
4683 4183 338
3842 3342 337
4750 4250 337
4400 3900 337
2852 2352 337
3804 3304 336
3222 2722 335
3962 3462 335
4333 3833 334
4849 4349 334
5105 4605 334
2687 2187 334
4950 4450 333
2832 2332 333
4659 4159 333
1467 967 333
2631 2131 332
1894 1394 332
5133 4633 332
2289 1789 332
4875 4375 332
3876 3376 332
4875 4375 332
2945 2445 331
3626 3126 331
4982 4482 330
4015 3515 330
2520 2020 330
3875 3375 330
3339 2839 329
1066 566 328
4968 4468 328
5155 4655 328
4729 4229 327
5065 4565 327
4943 4443 326
4462 3962 326
1474 974 326
4699 4199 326
5148 4648 326
2952 2452 325
5103 4603 325
1723 1223 325
5009 4509 325
2871 2371 324
2293 1793 323
3987 3487 323
4767 4267 323
3801 3301 323
5023 4523 323
3835 3335 322
4408 3908 322
2504 2004 322
3812 3312 321
4670 4170 321
4041 3541 320
3588 3088 320
4102 3602 320
1748 1248 320
5117 4617 318
4901 4401 318
4002 3502 318
4405 3905 317
4252 3752 317
3068 2568 316
3522 3022 316
5086 4586 316
4763 4263 315
4161 3661 315
2712 2212 314
5093 4593 314
4229 3729 314
2196 1696 314
4825 4325 314
4901 4401 314
4942 4442 314
2081 1581 314
4637 4137 312
3102 2602 312
5175 4675 312
4080 3580 312
3726 3226 312
3233 2733 311
5128 4628 310
4801 4301 310
3715 3215 309
5149 4649 309
3591 3091 309
2811 2311 309
4284 3784 308
4990 4490 308
3454 2954 308
5083 4583 307
3528 3028 307
2086 1586 306
1724 1224 306
4520 4020 306
2895 2395 306
2118 1618 305
3165 2665 305
4292 3792 305
2425 1925 304
4948 4448 304
3048 2548 304
4231 3731 303
5037 4537 303
1923 1423 301
4979 4479 301
4999 4499 301
4899 4399 301
4969 4469 301
3305 2805 300
5121 4621 300
5121 4621 300
5186 4686 299
3468 2968 299
4432 3932 299
5087 4587 298
3317 2817 298
3023 2523 298
4953 4453 298
2100 1600 298
3633 3133 298
5005 4505 297
3226 2726 297
1753 1253 297
4729 4229 296
4691 4191 296
5014 4514 295
5033 4533 295
4827 4327 295
4800 4300 295
3475 2975 295
1472 972 295
3857 3357 291
2095 1595 291
4173 3673 291
1183 683 291
4806 4306 291
4284 3784 290
1900 1400 290
4701 4201 289
4899 4399 289
3671 3171 289
4815 4315 288
2434 1934 288
1388 888 287
5002 4502 287
4249 3749 286
4514 4014 286
5163 4663 285
4900 4400 285
4532 4032 285
4335 3835 285
4540 4040 284
5032 4532 284
3733 3233 283
4061 3561 283
1143 643 283
4778 4278 283
5015 4515 282
4802 4302 282
1899 1399 282
4121 3621 282
5214 4714 281
3530 3030 281
4710 4210 281
2690 2190 279
5081 4581 278
4865 4365 278
2847 2347 277
2743 2243 275
4215 3715 275
5075 4575 274
5146 4646 274
4466 3966 274
1975 1475 272
5139 4639 272
4630 4130 272
3936 3436 272
1629 1129 272
5062 4562 272
4072 3572 271
3719 3219 271
5176 4676 271
4831 4331 271
1285 785 271
4248 3748 271
4864 4364 269
2809 2309 269
2442 1942 268
3947 3447 268
4395 3895 268
5057 4557 267
5205 4705 267
4824 4324 267
2561 2061 267
4597 4097 267
2212 1712 267
4288 3788 266
4793 4293 266
5001 4501 266
3505 3005 265
4427 3927 265
5072 4572 265
4055 3555 265
4880 4380 263
4806 4306 263
4840 4340 263
4134 3634 262
5120 4620 262
5226 4726 262
5129 4629 262
4283 3783 261
4715 4215 261
1357 857 259
4803 4303 259
5204 4704 258
5233 4733 258
1872 1372 257
2194 1694 257
2070 1570 256
2390 1890 256
5232 4732 256
5077 4577 256
2613 2113 256
2106 1606 255
599 99 255
5037 4537 254
4054 3554 254
4095 3595 254
5012 4512 252
820 320 252
5096 4596 252
4888 4388 252
5204 4704 251
4881 4381 251
5103 4603 251
4440 3940 249
4476 3976 249
5080 4580 249
5091 4591 249
2131 1631 248
3160 2660 248
3566 3066 248
4204 3704 247
4999 4499 247
4628 4128 247
5081 4581 246
4046 3546 246
3129 2629 246
5084 4584 246
2284 1784 245
5212 4712 244
4265 3765 244
3942 3442 244
1134 634 244
4877 4377 243
3482 2982 243
3371 2871 243
4346 3846 243
5040 4540 243
5212 4712 241
5193 4693 241
4552 4052 241
4954 4454 240
3303 2803 240
3230 2730 238
3377 2877 238
4154 3654 238
3801 3301 237
3693 3193 237
2195 1695 236
4251 3751 235
5042 4542 235
3568 3068 235
5093 4593 233
3376 2876 232
4651 4151 230
5153 4653 230
5141 4641 229
1343 843 229
1868 1368 229
4655 4155 228
3688 3188 228
5178 4678 228
3627 3127 228
1582 1082 228
5111 4611 228
2514 2014 228
4139 3639 228
5126 4626 227
3923 3423 227
4986 4486 227
5193 4693 227
4345 3845 226
5265 4765 226
4997 4497 226
5227 4727 226
2835 2335 226
5095 4595 225
4486 3986 225
4655 4155 225
5153 4653 224
5224 4724 224
2490 1990 223
4378 3878 223
890 390 222
2932 2432 222
1679 1179 221
5155 4655 221
4986 4486 221
1885 1385 220
4321 3821 220
1934 1434 220
5015 4515 220
4883 4383 219
5188 4688 219
1492 992 219
4399 3899 218
2963 2463 218
4082 3582 218
2465 1965 218
779 279 218
4982 4482 217
4947 4447 217
1506 1006 216
3191 2691 216
4586 4086 216
3247 2747 215
5261 4761 215
3882 3382 215
4582 4082 215
5100 4600 215
4747 4247 214
5142 4642 214
4532 4032 214
2111 1611 213
2205 1705 212
5225 4725 210
2175 1675 210
3887 3387 209
3889 3389 209
3987 3487 209
5079 4579 208
5025 4525 208
5280 4780 207
4846 4346 207
2399 1899 207
4799 4299 207
5279 4779 207
4484 3984 206
5231 4731 206
3929 3429 206
3642 3142 206
4144 3644 205
4870 4370 205
4502 4002 204
4609 4109 204
4739 4239 204
4613 4113 204
2525 2025 204
3362 2862 204
4276 3776 204
3567 3067 203
2724 2224 202
4296 3796 202
4743 4243 202
5211 4711 202
4884 4384 202
1193 693 202
4787 4287 202
529 29 201
5150 4650 201
4974 4474 200
4489 3989 199
5192 4692 199
5230 4730 199
1003 503 199
5294 4794 199
4388 3888 198
5069 4569 198
3762 3262 197
2501 2001 197
2614 2114 197
1105 605 197
1945 1445 196
4595 4095 196
4568 4068 196
4398 3898 195
5156 4656 195
4962 4462 195
5208 4708 194
4287 3787 194
4241 3741 194
4736 4236 194
2322 1822 194
2755 2255 192
3085 2585 192
4862 4362 192
5305 4805 192
4777 4277 191
4020 3520 191
3024 2524 191
1960 1460 190
4669 4169 190
4687 4187 190
5068 4568 190
4979 4479 190
865 365 189
4666 4166 189
4977 4477 188
5152 4652 188
4571 4071 188
4747 4247 188
885 385 188
4779 4279 187
2665 2165 186
4916 4416 186
2263 1763 186
4903 4403 186
4305 3805 186
4257 3757 186
4252 3752 185
4950 4450 185
5296 4796 185
927 427 184
4401 3901 184
5314 4814 183
4887 4387 183
5239 4739 182
5290 4790 182
4505 4005 182
4264 3764 182
2972 2472 181
5056 4556 181
5075 4575 180
2403 1903 180
2064 1564 180
5164 4664 180
1990 1490 179
4854 4354 179
4487 3987 179
5192 4692 177
5302 4802 177
2196 1696 177
1845 1345 177
5287 4787 176
5285 4785 176
4815 4315 175
961 461 175
4986 4486 175
3543 3043 175
4507 4007 174
2356 1856 174
4244 3744 173
5201 4701 173
4479 3979 172
4650 4150 171
2198 1698 171
4937 4437 170
4636 4136 170
4945 4445 170
5084 4584 169
5317 4817 169
4615 4115 169
5266 4766 169
4536 4036 168
3867 3367 168
5256 4756 168
4548 4048 168
4495 3995 167
1987 1487 166
1122 622 166
5321 4821 166
4586 4086 166
1915 1415 165
5041 4541 165
4608 4108 165
3220 2720 165
3170 2670 165
4877 4377 165
4682 4182 165
886 386 164
5305 4805 164
5301 4801 163
2985 2485 163
1566 1066 163
4869 4369 162
5259 4759 162
2672 2172 161
1284 784 160
5062 4562 160
5207 4707 160
5172 4672 160
2159 1659 160
4777 4277 159
4853 4353 159
5340 4840 158
4738 4238 158
664 164 158
554 54 157
3397 2897 157
3654 3154 157
1305 805 157
5262 4762 157
4859 4359 156
5210 4710 156
5336 4836 156
4579 4079 156
3776 3276 155
5228 4728 155
4886 4386 155
4261 3761 155
5313 4813 154
5083 4583 154
2068 1568 154
4877 4377 154
5234 4734 153
4254 3754 152
2890 2390 151
4572 4072 151
5195 4695 150
5138 4638 150
5291 4791 150
1818 1318 150
4709 4209 149
3321 2821 149
757 257 149
5009 4509 149
4725 4225 149
5268 4768 148
4641 4141 148
4768 4268 148
5260 4760 147
4895 4395 147
4721 4221 147
3164 2664 147
4651 4151 147
1153 653 146
1926 1426 146
2026 1526 145
4822 4322 145
5210 4710 145
3975 3475 145
4432 3932 144
3197 2697 144
5351 4851 144
793 293 143
1685 1185 143
4602 4102 143
4165 3665 143
3583 3083 143
5192 4692 142
5113 4613 142
5326 4826 142
5318 4818 142
5041 4541 142
3741 3241 141
5302 4802 141
4187 3687 141
2528 2028 141
4643 4143 141
4105 3605 140
5256 4756 140
5191 4691 140
5186 4686 140
3196 2696 139
4954 4454 139
4539 4039 139
4542 4042 138
5356 4856 137
4340 3840 137
5333 4833 137
4210 3710 137
5346 4846 137
3513 3013 137
5362 4862 136
4254 3754 136
3897 3397 136
4946 4446 136
4404 3904 136
5247 4747 135
5357 4857 135
4797 4297 134
2355 1855 134
4656 4156 134
5283 4783 133
4950 4450 133
4362 3862 133
5269 4769 132
4864 4364 132
5230 4730 132
5159 4659 132
5355 4855 131
2410 1910 130
1996 1496 130
5334 4834 129
5295 4795 129
5080 4580 129
5179 4679 129
5342 4842 128
3007 2507 128
5288 4788 128
2412 1912 127
2695 2195 126
5218 4718 126
5188 4688 126
2654 2154 125
5198 4698 125
1938 1438 125
2640 2140 125
5002 4502 125
5315 4815 125
4973 4473 125
5193 4693 124
5352 4852 124
793 293 124
5232 4732 124
5105 4605 124
2800 2300 124
5086 4586 124
2035 1535 124
4900 4400 123
4767 4267 123
1060 560 123
4716 4216 122
5208 4708 121
3281 2781 121
2575 2075 121
4362 3862 121
4920 4420 121
3872 3372 121
5121 4621 121
5113 4613 120
4715 4215 120
2349 1849 119
877 377 119
5338 4838 117
5288 4788 117
4804 4304 117
1182 682 117
4379 3879 116
4761 4261 116
5326 4826 116
5088 4588 116
4439 3939 115
841 341 115
4752 4252 115
5201 4701 114
4039 3539 114
5145 4645 113
5096 4596 113
5261 4761 113
4964 4464 113
3087 2587 113
2756 2256 113
5231 4731 113
5266 4766 112
4798 4298 112
4954 4454 112
5222 4722 112
4980 4480 111
5242 4742 111
5323 4823 111
5382 4882 111
3889 3389 111
5188 4688 111
5194 4694 111
3956 3456 111
3396 2896 111
5283 4783 110
5285 4785 110
5287 4787 110
888 388 109
5162 4662 109
5086 4586 109
3719 3219 108
5046 4546 108
5152 4652 108
2946 2446 108
3896 3396 107
5169 4669 107
5357 4857 107
5264 4764 107
5369 4869 107
4172 3672 107
5124 4624 107
718 218 106
5379 4879 106
5378 4878 106
5325 4825 106
5334 4834 106
3914 3414 106
4242 3742 105
3347 2847 104
3706 3206 104
3653 3153 104
4931 4431 104
2107 1607 104
4035 3535 104
5124 4624 103
4205 3705 103
4627 4127 103
4697 4197 102
4466 3966 102
4356 3856 102
5075 4575 102
3855 3355 101
5161 4661 101
5278 4778 101
1547 1047 101
4063 3563 101
5355 4855 101
5334 4834 100
5107 4607 100
5193 4693 100
5084 4584 99
5391 4891 99
4697 4197 99
3951 3451 99
4555 4055 98
5380 4880 98
899 399 97
1242 742 97
4669 4169 97
5136 4636 97
3855 3355 97
5296 4796 97
3649 3149 97
4684 4184 95
5385 4885 95
5241 4741 95
5285 4785 95
2958 2458 94
4570 4070 94
4721 4221 94
5100 4600 94
2226 1726 94
4920 4420 94
5171 4671 93
4808 4308 93
4685 4185 93
5300 4800 92
3697 3197 92
5215 4715 92
4616 4116 92
1877 1377 92
5105 4605 92
5341 4841 92
5053 4553 92
3920 3420 92
3174 2674 92
2883 2383 91
5351 4851 91
5272 4772 91
5362 4862 91
5311 4811 91
5408 4908 84
5374 4874 90
898 398 90
4898 4398 90
4597 4097 90
5378 4878 90
4812 4312 90
5372 4872 89
3282 2782 89
3657 3157 89
4690 4190 89
4014 3514 88
4605 4105 88
3826 3326 87
4633 4133 87
3850 3350 87
2615 2115 86
3587 3087 86
4641 4141 86
3095 2595 86
1654 1154 85
5225 4725 85
5239 4739 85
5289 4789 85
5086 4586 85
4211 3711 84
685 185 84
5369 4869 84
3177 2677 84
4205 3705 84
4863 4363 84
5264 4764 84
5022 4522 84
5297 4797 84
5166 4666 84
5190 4690 84
2013 1513 84
4201 3701 83
5104 4604 83
5209 4709 83
4271 3771 83
1257 757 83
959 459 83
5364 4864 82
4146 3646 82
5385 4885 82
5307 4807 82
1418 918 81
3131 2631 81
5304 4804 80
3832 3332 80
4865 4365 80
3549 3049 79
1574 1074 79
1565 1065 79
4434 3934 79
5193 4693 79
5385 4885 78
5394 4894 78
5250 4750 78
5015 4515 78
5293 4793 78
4618 4118 77
5248 4748 77
2505 2005 77
3959 3459 77
4730 4230 76
4514 4014 76
4945 4445 76
1750 1250 76
4568 4068 75
3317 2817 75
5418 4918 67
5302 4802 75
5408 4908 75
772 272 75
4177 3677 75
1093 593 74
5120 4620 74
5378 4878 74
2953 2453 73
3121 2621 73
4830 4330 73
4903 4403 72
5421 4921 62
4697 4197 72
866 366 72
5349 4849 71
1962 1462 71
5168 4668 71
2437 1937 70
5396 4896 70
5002 4502 70
5417 4917 68
546 46 69
5291 4791 69
5406 4906 69
5011 4511 69
5338 4838 69
5423 4923 59
2740 2240 68
3430 2930 68
5338 4838 68
5304 4804 67
4609 4109 67
4117 3617 67
1923 1423 66
2488 1988 66
5422 4922 60
1789 1289 65
5415 4915 65
4046 3546 65
5360 4860 65
870 370 65
4298 3798 65
4859 4359 64
5183 4683 64
5329 4829 64
3318 2818 64
4249 3749 63
4495 3995 63
5031 4531 63
5275 4775 63
5393 4893 63
5362 4862 63
5428 4928 51
4805 4305 62
4829 4329 62
4827 4327 62
5043 4543 61
5030 4530 61
4986 4486 61
2806 2306 61
4501 4001 61
5346 4846 61
3281 2781 60
4448 3948 60
5036 4536 60
5378 4878 60
2337 1837 60
4978 4478 59
2420 1920 59
4704 4204 59
5183 4683 58
4748 4248 58
5334 4834 57
5437 4937 39
2178 1678 57
4001 3501 57
2367 1867 57
5363 4863 57
5354 4854 56
4100 3600 56
4221 3721 56
2612 2112 56
1440 940 56
2987 2487 55
3929 3429 55
5031 4531 55
1035 535 54
3686 3186 54
4767 4267 54
4378 3878 54
4690 4190 54
5235 4735 54
5176 4676 54
2600 2100 54
4338 3838 54
3528 3028 53
4889 4389 53
4333 3833 53
5014 4514 53
4958 4458 53
5422 4922 53
5393 4893 53
5439 4939 37
4427 3927 52
5246 4746 52
3830 3330 52
3553 3053 51
4482 3982 51
5237 4737 51
5328 4828 51
535 35 51
1696 1196 50
5297 4797 50
3054 2554 50
5232 4732 50
4036 3536 50
5000 4500 49
2138 1638 49
5307 4807 48
5412 4912 48
5410 4910 48
3943 3443 47
3752 3252 47
5429 4929 47
5444 4944 31
3569 3069 46
5425 4925 46
4650 4150 46
5344 4844 46
5204 4704 46
5139 4639 46
4791 4291 46
5401 4901 46
3857 3357 45
5234 4734 45
804 304 45
1112 612 45
5005 4505 45
5428 4928 45
3452 2952 45
1848 1348 44
5389 4889 44
5291 4791 44
4730 4230 44
2751 2251 43
2486 1986 43
5152 4652 43
5100 4600 42
5304 4804 42
5249 4749 42
5280 4780 42
5416 4916 42
749 249 42
5222 4722 41
5269 4769 41
1966 1466 41
2514 2014 41
5175 4675 40
4710 4210 40
4729 4229 39
5322 4822 39
5422 4922 39
5031 4531 39
5209 4709 39
5324 4824 38
5366 4866 37
5288 4788 37
5201 4701 37
4943 4443 37
5172 4672 37
5459 4959 16
5230 4730 36
3551 3051 36
5361 4861 36
3721 3221 36
5427 4927 36
5451 4951 24
5067 4567 36
4895 4395 36
4463 3963 36
5180 4680 36
4909 4409 35
2909 2409 35
3866 3366 34
1304 804 34
5404 4904 34
5464 4964 12
5451 4951 24
5409 4909 34
5382 4882 34
5210 4710 33
4510 4010 33
5387 4887 33
5411 4911 33
1844 1344 33
5449 4949 26
5462 4962 14
4434 3934 33
5373 4873 33
2526 2026 32
5354 4854 32
5210 4710 32
5463 4963 13
3836 3336 31
5338 4838 31
5170 4670 31
5456 4956 19
5457 4957 18
4334 3834 31
5225 4725 31
4924 4424 30
5327 4827 30
5396 4896 30
5459 4959 16
4246 3746 30
3723 3223 30
5380 4880 30
1180 680 30
1339 839 29
5321 4821 29
5417 4917 29
2286 1786 29
2431 1931 29
5437 4937 29
4119 3619 29
3678 3178 29
4629 4129 28
5225 4725 28
4129 3629 28
3362 2862 28
5306 4806 28
5417 4917 28
5421 4921 28
3847 3347 27
5385 4885 27
3885 3385 27
5464 4964 12
5448 4948 26
5342 4842 26
5322 4822 26
1156 656 26
5406 4906 25
5150 4650 25
5463 4963 13
5429 4929 25
5388 4888 25
5418 4918 25
5465 4965 12
5389 4889 25
5354 4854 25
5337 4837 24
5437 4937 24
5467 4967 10
4620 4120 24
4607 4107 24
4687 4187 24
5180 4680 24
5340 4840 24
5385 4885 24
2167 1667 24
5457 4957 18
5470 4970 9
5245 4745 23
5458 4958 17
3672 3172 23
884 384 22
5288 4788 22
5076 4576 22
4968 4468 22
989 489 21
5248 4748 21
5384 4884 21
5360 4860 21
1223 723 21
902 402 21
4179 3679 21
5466 4966 11
5371 4871 20
4883 4383 20
4852 4352 20
4060 3560 20
4693 4193 20
5039 4539 20
1670 1170 19
5471 4971 8
3063 2563 19
5237 4737 19
5450 4950 19
4978 4478 19
5479 4979 4
5449 4949 18
5325 4825 18
3996 3496 18
5000 4500 17
5464 4964 12
2954 2454 17
5303 4803 17
5403 4903 17
5424 4924 16
5481 4981 3
3745 3245 16
5473 4973 7
4741 4241 16
5136 4636 16
5474 4974 6
5416 4916 16
4938 4438 16
5209 4709 15
5483 4983 2
2876 2376 15
4225 3725 15
5441 4941 15
5208 4708 15
5451 4951 15
2063 1563 15
4837 4337 14
5399 4899 14
4660 4160 14
1535 1035 14
3469 2969 14
5212 4712 14
3220 2720 14
5482 4982 3
4872 4372 14
4645 4145 14
5263 4763 14
4859 4359 14
5452 4952 14
3264 2764 13
4961 4461 13
5031 4531 13
3805 3305 13
5357 4857 13
4841 4341 13
5465 4965 12
5454 4954 12
2101 1601 12
4921 4421 12
5181 4681 12
5485 4985 2
5408 4908 11
5475 4975 6
5487 4987 1
5486 4986 1
5397 4897 10
5457 4957 10
3546 3046 10
5344 4844 10
5463 4963 10
5346 4846 9
5357 4857 9
5147 4647 9
5426 4926 9
5224 4724 9
5477 4977 5
5484 4984 2
5083 4583 8
5361 4861 8
5427 4927 7
5274 4774 7
5434 4934 7
4704 4204 7
1631 1131 7
4763 4263 7
5162 4662 7
5430 4930 6
5164 4664 6
1444 944 6
5487 4987 1
5388 4888 6
5407 4907 5
5403 4903 5
5471 4971 5
5436 4936 5
782 282 5
5492 4992 0
5456 4956 4
5012 4512 4
5481 4981 3
5361 4861 4
3448 2948 4
4398 3898 3
5457 4957 3
5230 4730 3
5042 4542 3
5491 4991 0
5284 4784 3
5471 4971 3
4041 3541 3
5477 4977 2
5477 4977 2
5476 4976 2
5487 4987 1
1420 920 2
1038 538 2
5499 4999 0
5500 5000 0
5414 4914 0
3066 2566 0
5180 4680 0
5142 4642 0
1365 865 0
5499 4999 0
5472 4972 0
