5000 1000 4.3589
108 17 977
76 1 968
42 6 960
58 43 954
1 44 937
53 40 931
21 28 922
23 42 919
1 6 917
119 75 915
46 23 907
1 12 906
43 53 903
1 64 901
59 66 901
1 25 898
1 67 896
76 50 895
19 80 893
1 1 889
70 105 886
83 73 884
39 85 884
1 32 884
27 12 883
3 51 882
122 58 880
108 69 880
87 65 878
1 40 877
126 104 876
116 69 876
135 74 875
89 108 873
39 92 871
70 56 867
40 72 866
7 14 866
1 10 866
179 115 866
32 57 864
20 75 861
1 75 860
109 14 860
1 21 860
62 127 859
131 67 858
36 57 858
87 34 856
117 125 856
132 45 856
94 95 856
1 10 855
82 138 853
44 48 852
1 52 852
40 30 852
4 10 851
44 57 849
161 79 848
127 84 847
100 19 847
102 105 842
134 137 841
173 134 841
1 69 839
1 8 838
109 50 837
120 86 837
72 147 835
162 160 833
105 42 832
51 128 830
108 143 830
131 140 829
23 5 827
87 172 826
103 24 824
53 18 822
44 32 822
1 56 820
236 155 819
5 7 819
68 146 817
220 167 817
58 131 816
170 98 815
52 1 813
139 61 812
167 185 811
148 147 808
1 69 808
85 84 808
126 32 807
117 51 806
103 94 806
14 72 805
1 49 804
60 36 804
86 87 803
165 162 803
192 146 801
119 126 798
134 95 798
154 156 798
138 187 796
102 100 796
1 61 795
104 67 794
78 118 794
168 125 793
111 159 792
166 85 790
180 100 789
199 194 789
113 45 788
105 176 788
255 168 787
39 134 787
214 174 784
57 11 784
189 185 783
50 21 780
178 180 780
99 109 779
5 1 779
60 153 778
251 176 777
160 119 776
127 177 775
289 219 775
170 171 775
1 11 774
205 222 774
271 188 772
224 144 772
10 47 771
201 126 770
85 26 768
154 123 768
113 116 768
53 97 767
1 62 767
1 39 767
283 188 767
102 184 765
99 78 764
56 81 764
130 221 764
1 27 763
240 228 763
19 99 762
116 73 762
119 155 761
1 37 760
179 193 760
176 231 759
203 108 759
138 218 758
14 22 758
109 193 756
154 55 755
68 45 755
89 78 755
119 81 754
99 34 754
160 116 754
1 11 753
152 236 751
236 204 751
45 78 750
171 152 749
188 112 747
190 169 747
1 3 747
114 99 745
260 165 745
274 248 744
150 135 744
75 121 743
349 249 741
149 141 741
239 234 741
145 154 738
327 247 737
251 246 737
94 186 736
174 226 736
17 37 734
40 29 734
1 75 734
160 72 733
175 228 733
208 192 731
333 265 731
88 139 730
304 204 730
288 228 729
1 1 729
181 133 727
239 221 727
130 137 727
93 64 726
191 187 726
247 159 724
124 85 724
79 138 723
92 102 723
318 246 722
160 247 720
151 212 720
1 28 719
242 164 718
110 28 716
291 236 715
351 272 715
177 177 713
110 168 708
161 159 708
1 28 708
132 111 708
222 244 708
272 249 706
1 78 706
201 247 706
1 34 705
75 35 705
149 71 705
151 55 705
8 23 704
319 280 702
180 214 701
159 111 700
138 212 700
196 283 699
239 216 698
229 267 697
24 102 697
366 286 697
10 24 696
336 247 696
234 138 694
34 123 693
15 41 692
176 191 691
23 47 691
147 66 691
165 253 691
308 283 690
315 282 689
17 29 689
75 42 689
1 73 689
283 281 689
236 230 688
22 51 688
181 184 688
160 78 688
96 77 687
148 184 687
52 37 687
84 65 686
191 104 685
116 190 684
63 36 684
28 78 684
306 288 683
179 274 683
278 187 683
206 271 682
310 241 682
245 241 681
87 135 681
116 54 681
210 223 680
115 123 679
274 255 678
226 321 678
71 1 678
41 98 678
191 207 675
288 252 674
195 157 674
293 231 673
296 321 672
299 285 672
32 41 671
1 35 671
238 189 670
1 20 669
15 25 669
78 90 669
316 252 668
350 259 668
1 65 668
1 47 667
1 29 666
330 233 665
116 38 664
205 296 663
182 240 663
198 197 662
23 36 661
246 238 661
162 67 660
212 298 660
308 299 660
271 233 659
39 129 659
273 253 659
103 21 659
271 273 658
260 280 658
337 273 658
331 248 657
188 228 657
73 5 656
290 266 656
158 87 656
1 15 655
262 166 655
208 186 654
58 105 654
261 222 654
274 258 654
322 320 654
267 179 654
227 282 653
288 297 653
372 277 653
254 224 653
117 184 653
138 73 653
15 104 653
136 196 653
10 32 653
84 166 652
72 22 652
71 92 651
159 62 651
197 273 651
234 236 650
1 24 650
290 239 649
147 55 648
302 210 648
1 16 647
1 36 647
190 265 647
1 42 646
309 333 646
211 260 645
93 146 645
119 98 644
86 131 644
230 284 644
135 106 643
267 175 643
9 11 643
426 340 642
224 183 641
213 145 640
223 228 639
4 51 639
48 4 639
403 331 637
103 81 637
262 228 636
386 306 635
162 104 635
200 294 634
55 128 634
212 215 634
413 352 634
428 332 633
248 283 632
361 327 632
290 309 631
109 31 631
69 161 630
181 185 630
171 186 630
219 255 630
214 280 628
264 325 628
432 367 628
102 70 627
322 275 626
45 26 626
375 353 625
321 331 625
80 165 625
68 55 624
328 236 623
288 296 623
376 349 622
20 95 622
379 356 622
291 242 620
254 160 619
282 262 618
252 261 618
470 377 618
255 178 617
278 260 617
158 150 617
153 168 616
284 326 615
380 307 614
273 272 614
174 163 614
268 365 613
425 352 613
47 25 613
108 193 613
69 52 613
123 129 612
332 380 611
270 224 611
214 204 609
322 387 609
136 126 609
232 133 609
274 305 608
453 386 608
47 91 607
88 61 607
40 24 607
272 338 606
261 230 606
372 292 606
306 220 606
398 305 605
441 395 604
320 284 603
220 275 602
270 259 602
372 377 602
151 99 601
278 259 601
250 290 601
184 119 599
396 304 599
154 60 598
124 55 598
275 253 597
328 396 597
92 136 597
22 109 597
86 136 596
43 112 596
470 383 596
306 355 596
193 109 596
272 255 595
387 321 595
121 151 595
352 320 595
1 8 594
305 404 594
307 272 594
95 14 593
382 323 593
280 232 593
279 350 593
72 71 593
379 284 592
300 374 592
310 397 592
401 340 592
83 17 591
84 160 591
329 341 591
225 253 591
31 123 590
232 198 590
430 405 590
192 221 589
313 239 589
255 235 589
64 63 588
1 21 588
83 149 588
58 123 587
152 95 586
119 214 586
216 167 586
305 353 585
315 229 584
306 271 584
90 9 584
372 323 584
242 316 584
306 219 583
282 338 583
457 380 583
91 141 581
450 418 581
307 220 581
225 156 580
443 358 579
237 213 579
354 401 578
151 147 578
4 9 577
390 382 576
382 318 576
306 327 576
1 27 576
217 131 576
243 209 576
342 258 575
198 108 575
226 205 575
295 374 574
306 324 573
236 141 573
453 406 572
187 286 572
218 275 572
191 155 571
280 197 571
524 424 571
154 92 571
73 51 570
478 392 570
333 360 570
215 269 569
139 75 569
177 213 568
99 94 567
357 417 567
97 135 566
388 303 566
1 20 566
295 224 566
1 60 566
168 182 565
50 52 565
82 160 565
1 23 564
162 234 564
190 136 564
227 193 562
117 21 562
338 332 562
435 337 562
184 175 561
307 315 561
213 290 561
369 381 561
400 310 560
133 149 558
313 401 558
1 41 558
294 350 558
295 343 557
432 428 557
62 69 557
240 206 556
94 154 556
283 193 556
297 338 555
367 419 554
391 347 554
103 81 553
224 232 552
457 379 552
248 240 552
265 319 551
262 359 551
18 13 551
6 88 551
1 24 551
342 338 551
412 331 550
45 30 550
327 230 549
103 127 549
356 302 549
269 285 549
373 427 549
411 422 549
354 318 548
92 86 548
439 370 548
1 62 548
308 325 548
428 400 548
496 426 547
189 137 547
419 442 547
378 351 547
370 287 547
286 217 546
375 409 546
12 27 546
254 239 546
176 210 544
266 207 544
1 46 544
413 411 544
31 32 544
191 157 543
309 244 543
529 429 543
40 125 543
273 275 542
296 249 542
43 32 542
412 352 542
210 170 541
1 61 541
282 258 541
165 250 540
319 233 540
101 126 540
64 107 539
453 430 539
319 323 538
70 133 538
233 272 537
438 424 537
140 100 536
372 342 536
461 370 535
381 329 535
191 116 535
345 442 534
418 384 533
2 79 533
251 210 533
376 289 533
178 228 532
360 439 532
1 57 532
324 278 531
1 38 531
229 265 531
278 212 531
277 183 531
303 241 531
394 354 531
394 429 530
28 42 530
410 335 530
346 294 529
143 228 529
351 372 528
349 349 528
379 401 528
405 406 528
104 24 527
451 422 527
180 175 527
220 226 526
143 71 525
189 221 525
309 338 525
15 114 524
488 467 524
384 467 523
307 308 523
526 452 523
161 195 523
560 460 522
112 24 522
122 119 522
431 447 522
247 304 521
193 250 521
376 375 521
1 45 521
55 88 521
521 468 520
281 289 520
239 164 520
21 32 520
452 448 520
481 381 519
144 58 519
313 279 519
144 53 519
302 264 519
271 194 519
396 473 518
249 170 518
281 370 518
1 59 518
371 273 518
438 466 518
361 444 517
284 318 517
175 203 516
164 228 516
305 375 516
243 271 516
135 76 516
5 66 516
1 32 515
366 439 515
302 351 514
415 403 514
201 222 514
381 441 514
433 417 513
528 464 513
346 399 513
191 179 513
244 248 512
569 473 512
326 414 512
119 218 511
46 118 511
548 463 510
395 449 509
418 405 508
91 104 508
224 173 508
144 212 508
354 400 507
144 62 507
533 459 507
332 339 506
193 228 506
246 223 506
322 266 506
52 89 506
137 183 506
346 404 505
153 207 505
300 322 505
327 355 505
219 204 505
250 278 505
357 442 505
266 185 504
370 303 504
347 258 504
30 65 503
132 78 503
494 447 503
141 226 503
431 422 502
324 291 502
494 407 502
259 168 502
1 28 502
435 353 501
166 235 501
317 341 501
274 355 501
279 261 500
258 171 500
235 252 500
323 351 499
274 236 499
459 429 499
125 209 498
412 377 498
471 458 498
536 500 498
486 472 497
413 483 497
199 202 496
512 474 496
199 174 496
359 456 496
400 498 495
128 196 495
509 431 495
364 415 495
169 135 495
399 341 495
26 53 494
375 469 494
244 203 494
401 476 494
457 425 494
368 315 493
379 427 492
195 117 492
328 395 492
142 76 492
344 406 491
151 134 490
502 411 490
1 3 490
328 279 490
194 110 489
257 179 489
12 75 489
132 115 489
195 266 489
145 180 488
322 412 488
370 350 487
288 299 487
103 102 487
132 197 486
454 483 486
123 107 486
445 502 485
243 185 485
400 382 485
318 399 485
278 297 484
364 286 484
278 277 483
245 182 483
230 312 482
67 78 482
355 382 482
181 276 482
97 195 482
96 129 481
249 208 481
566 498 481
384 323 481
132 41 481
412 373 481
332 359 480
96 148 480
458 496 480
211 269 479
426 373 479
186 161 479
267 272 478
337 387 478
120 60 477
455 419 477
75 90 477
497 471 477
582 521 476
370 375 476
430 498 476
1 10 476
243 185 476
340 380 475
297 213 475
250 236 475
372 399 474
36 26 474
144 55 474
515 521 474
347 391 473
86 121 473
337 375 473
1 42 473
319 269 473
226 230 472
107 79 472
434 414 472
272 198 472
119 143 472
398 372 472
411 377 472
14 38 471
516 528 471
118 147 471
1 10 470
51 7 470
334 397 470
195 147 470
388 453 469
328 235 469
338 368 469
419 446 469
137 142 468
328 324 468
281 242 468
581 526 468
442 365 468
465 377 468
290 311 468
398 338 468
180 117 467
110 96 467
313 244 467
413 431 467
411 381 467
271 297 467
341 354 467
349 328 467
408 366 466
477 500 466
340 282 466
410 490 465
367 272 465
47 57 465
444 492 464
359 421 464
356 298 463
409 384 462
352 367 461
341 394 461
124 159 461
286 222 460
283 347 460
493 448 460
455 413 460
377 317 460
411 335 459
239 197 459
104 56 458
7 83 458
539 514 458
595 511 458
1 56 457
406 488 457
397 475 456
1 24 456
18 53 456
411 388 455
65 89 455
630 533 455
73 165 455
363 309 455
130 207 455
159 225 455
513 486 454
509 545 454
226 179 453
476 542 453
261 334 453
112 161 453
514 463 452
125 224 452
93 139 452
319 385 452
608 528 451
396 424 451
33 106 451
46 127 450
387 336 450
434 528 450
443 407 450
117 47 449
389 489 449
106 113 449
240 214 448
1 82 448
476 427 448
396 464 448
454 547 447
122 31 446
432 474 446
213 289 446
164 109 446
149 212 445
310 273 445
64 141 445
79 50 444
301 370 444
359 357 444
172 260 444
199 195 443
413 328 443
625 538 443
510 432 442
178 213 442
590 522 442
520 440 442
87 11 442
591 503 441
172 208 441
123 179 441
212 304 441
152 87 440
334 413 440
254 213 440
340 322 440
437 342 440
217 247 439
319 364 439
1 45 439
598 506 439
268 267 439
393 484 439
607 537 438
154 80 438
290 198 437
1 21 437
301 396 437
572 518 437
289 216 436
1 56 436
347 275 436
389 482 436
417 323 436
154 232 435
123 117 435
228 199 435
359 443 434
566 535 434
423 334 434
548 488 434
238 332 433
226 233 433
82 23 433
317 382 433
244 320 433
1 33 431
601 553 431
100 42 431
202 146 431
83 109 430
440 439 430
422 496 430
12 32 429
406 395 429
188 238 429
527 475 429
459 449 429
272 315 429
568 547 428
502 569 428
413 370 428
299 302 427
185 101 427
141 217 427
1 25 426
452 456 426
366 387 426
214 212 425
126 70 425
89 70 425
246 312 425
235 332 424
490 469 424
553 467 424
362 433 424
393 368 423
486 547 423
533 548 423
535 547 423
381 460 423
122 108 422
636 550 422
191 272 422
135 204 421
414 446 421
278 312 421
533 520 420
60 1 420
428 404 420
484 465 420
409 496 420
120 30 420
501 501 420
301 334 420
371 371 419
299 203 419
250 220 418
657 561 417
397 458 417
280 374 416
442 376 416
272 270 416
200 281 416
225 199 416
535 549 416
549 545 416
259 228 415
654 581 415
173 115 415
340 323 415
105 14 414
608 545 414
185 126 413
136 63 413
568 530 413
222 304 413
455 505 412
356 370 412
271 342 412
601 518 411
196 238 411
272 314 411
210 122 411
578 528 411
115 215 411
204 258 411
549 521 410
229 310 410
627 542 410
463 376 409
545 462 409
1 32 409
127 216 409
309 369 408
306 268 408
483 417 407
112 146 407
175 192 407
95 137 406
400 392 406
130 78 406
330 234 406
438 467 406
290 250 405
401 304 405
411 404 405
312 376 405
1 3 404
429 359 404
1 64 404
388 381 404
428 435 404
442 482 404
289 380 404
157 57 403
375 438 403
87 179 403
254 283 403
521 499 402
372 344 402
630 554 402
106 182 402
383 403 402
614 578 401
470 503 401
372 440 401
128 164 401
163 141 401
466 521 401
94 167 401
60 95 401
493 524 401
119 48 401
490 585 400
281 341 400
444 470 400
372 320 400
248 202 400
76 174 400
681 586 400
254 286 399
455 436 399
483 499 399
395 387 399
208 229 398
469 390 398
234 204 398
4 18 398
441 538 397
435 494 397
204 203 397
556 473 397
84 119 396
542 473 396
156 143 396
547 522 395
211 283 395
286 310 395
223 265 395
582 530 394
509 530 394
123 39 394
55 116 394
562 560 393
394 346 393
150 101 393
175 100 393
328 303 391
191 137 391
21 44 390
500 469 390
449 532 390
357 290 390
367 357 390
483 544 390
351 252 389
624 559 389
281 210 389
341 430 388
438 368 388
591 597 388
462 508 387
526 587 387
396 453 387
340 248 386
447 453 386
142 67 385
518 428 385
213 237 385
387 447 385
301 365 384
107 15 384
476 377 384
623 553 384
472 385 384
530 570 384
455 414 383
660 600 383
56 15 382
470 423 382
455 543 382
473 523 382
576 525 381
519 448 381
511 592 380
459 362 380
293 302 380
395 446 380
637 547 380
303 326 380
1 7 379
127 122 379
179 258 379
216 212 379
18 24 379
186 243 379
431 386 379
380 329 378
648 612 378
271 369 378
406 379 378
72 53 378
560 498 378
607 575 377
667 617 377
635 567 377
336 296 377
495 480 377
230 256 377
77 63 377
557 527 377
230 160 376
43 51 376
37 62 376
33 25 376
324 251 376
455 502 376
676 609 375
447 525 375
207 157 375
134 174 375
395 487 375
595 504 375
219 310 375
351 396 375
281 239 375
630 581 374
444 500 374
535 446 374
259 347 374
593 557 373
60 128 373
472 402 373
470 548 373
63 68 373
425 353 373
40 120 373
384 457 372
373 348 372
620 557 372
108 81 372
666 606 372
486 394 371
450 530 371
195 238 371
521 464 371
512 552 371
464 371 370
33 85 370
316 291 370
582 526 370
354 408 369
314 345 369
371 462 369
423 365 369
300 267 369
490 440 369
332 318 369
174 189 368
722 622 368
231 196 368
439 480 368
560 579 368
185 267 368
44 83 367
445 360 367
70 25 367
207 280 366
455 523 366
112 107 366
589 592 366
149 193 366
569 601 365
308 213 365
459 421 365
440 428 365
82 9 365
486 496 365
287 377 364
337 303 364
386 328 364
20 80 363
546 501 363
195 285 363
277 268 363
281 355 363
538 496 363
288 222 363
571 626 362
87 56 362
595 500 362
474 541 362
326 373 361
533 551 361
648 567 361
411 322 361
639 588 361
193 130 361
612 611 361
566 598 360
130 51 360
418 378 360
557 576 360
494 523 360
2 61 360
470 528 360
140 218 359
545 468 359
568 634 359
90 57 359
378 424 359
517 524 358
450 457 358
602 549 358
546 601 358
577 569 358
259 214 357
440 510 357
391 355 357
104 44 357
565 589 357
517 435 357
733 634 357
278 357 357
129 50 357
596 559 357
100 190 356
404 313 356
143 54 356
317 368 356
519 458 356
230 207 356
541 596 355
420 442 355
265 290 355
538 619 354
539 609 354
445 390 354
677 582 354
609 574 354
641 569 353
479 433 353
503 416 353
489 534 353
292 352 353
551 541 353
181 109 353
189 171 353
334 302 352
638 602 352
83 159 352
471 434 352
268 284 352
594 594 352
452 537 351
261 291 351
399 343 351
545 586 351
62 153 350
209 142 350
602 545 350
365 376 350
529 598 350
681 632 350
150 166 349
523 597 349
490 504 349
496 585 348
365 299 348
300 283 348
565 612 348
609 570 348
284 239 347
669 626 347
671 646 346
479 384 345
143 183 345
66 39 345
511 445 345
361 282 345
624 568 345
558 618 345
614 547 345
313 295 344
730 645 344
527 544 344
272 295 344
406 405 344
348 388 343
393 405 343
275 277 342
286 218 342
334 348 342
325 299 342
395 406 342
526 438 342
200 154 342
190 258 341
389 415 341
561 578 341
377 416 341
312 261 341
627 589 340
606 577 340
511 527 340
682 625 340
596 591 340
400 404 340
461 497 340
537 491 339
412 366 339
501 580 339
703 659 339
580 641 339
246 192 339
396 472 339
29 88 339
390 443 339
144 119 339
670 649 339
640 584 338
463 391 338
472 504 338
618 606 338
597 555 338
381 423 338
599 539 338
215 249 337
558 651 337
590 653 337
399 374 337
587 568 337
571 641 336
648 548 336
159 191 336
509 599 336
608 616 336
2 42 335
117 124 335
721 634 335
1 23 335
94 77 335
291 235 335
600 653 334
386 477 333
675 604 333
228 244 333
27 64 333
241 258 333
142 219 333
468 508 332
623 545 332
77 48 332
159 128 332
1 31 332
105 131 332
354 353 332
1 52 332
289 276 332
616 579 332
719 622 332
454 395 332
691 606 332
1 60 331
250 338 331
280 263 331
593 645 330
219 171 330
487 479 330
228 244 330
390 297 330
26 79 330
244 272 329
389 359 329
351 305 329
551 630 329
229 206 329
536 560 329
215 255 329
687 655 329
546 522 328
439 349 328
166 188 328
246 187 328
581 539 328
100 32 328
576 535 327
559 576 327
25 43 327
374 276 327
69 125 327
595 565 327
560 464 327
374 377 327
355 373 327
251 268 327
298 317 327
418 328 326
294 367 326
521 487 326
622 655 326
220 205 326
639 607 325
651 663 325
584 619 325
486 521 325
584 555 324
450 489 324
591 636 324
161 222 324
712 616 323
415 357 323
217 202 323
222 242 323
5 11 323
500 515 323
557 632 323
507 532 323
589 676 323
213 233 322
372 418 322
633 614 322
95 180 322
622 610 322
636 665 322
1 38 321
132 180 321
486 449 321
573 664 321
32 61 321
1 11 321
594 590 321
549 560 321
212 126 320
1 64 320
505 415 320
464 406 320
399 408 319
278 220 319
584 676 319
361 420 319
136 163 319
303 231 319
353 343 319
585 538 319
207 139 318
55 94 318
556 650 318
512 573 317
679 613 317
528 438 317
456 427 317
654 576 316
665 604 316
166 189 316
562 540 316
501 594 316
465 525 315
369 399 315
103 7 315
320 291 315
357 306 315
435 350 315
481 530 315
401 452 315
333 372 315
419 345 315
730 642 314
146 161 314
360 299 314
173 141 314
228 219 314
436 534 314
413 401 313
183 178 313
495 531 313
447 367 313
644 657 313
120 188 313
411 327 313
79 179 313
137 181 312
200 128 312
152 233 312
135 224 312
724 630 312
435 408 312
378 374 312
1 67 311
576 587 311
330 409 311
265 299 311
640 604 310
419 351 310
358 415 310
204 210 310
575 607 310
244 179 310
521 516 310
596 618 310
555 546 309
267 355 308
515 430 308
558 570 308
284 250 308
492 511 308
785 688 308
353 453 307
604 679 307
569 580 307
613 587 307
375 400 307
201 162 307
73 133 307
429 492 307
400 476 307
206 292 307
642 662 306
540 547 306
703 683 306
312 376 306
1 34 306
541 512 305
185 92 305
472 412 305
634 683 305
26 125 305
238 292 305
360 418 305
677 692 305
305 401 305
167 236 305
569 519 304
1 63 304
689 596 304
625 619 304
408 342 304
620 641 304
340 281 304
327 259 303
593 658 303
402 466 303
599 687 303
327 415 303
257 221 303
255 296 303
606 576 303
608 640 302
514 545 302
516 528 302
652 631 302
644 585 302
363 337 302
527 445 302
323 285 302
505 605 301
53 46 301
348 353 301
429 417 301
417 399 301
501 525 301
652 568 301
583 593 300
637 642 300
319 355 299
372 350 298
425 504 298
390 482 298
176 164 298
172 145 298
667 688 298
734 665 297
705 632 297
495 511 297
437 476 297
42 5 297
600 646 297
106 151 297
583 579 297
612 616 297
650 647 297
711 681 296
397 336 296
48 21 296
748 692 296
764 703 296
693 607 296
174 161 295
382 373 295
355 329 295
544 576 295
155 74 295
26 75 295
613 657 295
250 221 295
294 224 294
190 175 294
309 409 294
496 590 294
467 427 294
569 546 293
468 439 293
661 593 293
379 318 293
331 392 293
527 451 293
368 355 293
529 584 293
478 529 293
213 266 293
205 213 292
234 161 292
471 480 292
281 339 292
553 492 292
256 289 292
273 238 292
235 177 291
523 460 291
415 378 291
196 280 291
20 4 290
390 445 290
221 311 290
581 677 290
360 404 290
618 666 290
214 254 290
408 334 290
656 689 290
166 162 290
167 69 290
168 68 290
177 262 289
192 218 289
516 603 289
338 250 289
740 692 289
353 432 289
404 356 289
326 354 289
671 599 288
712 631 288
35 68 288
759 673 288
606 569 288
515 587 288
663 648 288
568 586 288
300 311 287
543 595 287
572 506 287
441 373 287
283 358 287
384 431 287
1 52 287
563 581 286
737 682 286
700 697 286
275 334 286
241 174 286
285 301 286
1 9 286
214 215 285
585 649 285
641 601 285
95 113 285
220 221 285
183 86 285
344 315 284
583 622 284
180 81 284
669 710 284
67 88 284
794 701 284
445 522 284
342 424 284
638 662 283
359 418 283
22 38 283
296 236 283
363 422 283
490 444 283
179 100 283
238 192 283
595 645 283
625 704 283
684 627 283
489 509 282
170 108 282
598 537 282
664 631 282
621 595 282
704 642 282
99 20 282
640 552 281
572 560 281
227 253 281
275 320 281
475 410 281
496 526 281
518 469 281
532 466 280
366 282 280
271 345 279
676 620 279
545 547 279
724 683 279
146 146 278
319 331 278
494 434 277
361 373 277
650 714 277
101 128 277
316 327 277
311 386 277
410 352 277
537 536 277
333 335 277
393 430 276
639 690 276
521 567 276
59 46 276
416 434 276
163 204 275
571 481 275
768 705 275
454 527 274
485 550 274
512 508 274
659 641 274
740 723 274
376 283 273
609 642 273
1 70 273
658 674 273
738 641 273
794 709 272
57 6 272
452 467 272
713 654 272
472 494 271
401 403 271
538 446 271
223 303 271
762 687 271
576 627 271
453 458 271
318 407 270
322 236 270
611 573 270
563 593 270
502 570 270
33 117 270
647 566 270
573 569 270
653 601 270
255 313 269
675 699 269
418 509 269
137 71 269
361 458 269
723 712 269
429 449 269
613 614 269
495 513 269
118 153 268
400 386 268
513 456 268
588 520 267
630 722 267
399 381 267
373 394 267
624 701 266
690 656 266
379 435 266
635 568 266
571 638 266
68 76 266
508 551 265
190 199 265
333 235 265
419 319 265
574 619 265
542 496 265
637 595 265
28 36 265
546 615 265
124 75 265
622 651 264
698 630 264
161 205 264
595 609 264
642 721 264
767 706 264
668 687 264
375 475 264
599 519 264
250 301 264
774 735 263
449 397 263
415 410 263
702 680 263
4 50 263
514 467 263
360 376 263
425 396 263
416 422 263
751 713 263
604 527 263
470 523 263
297 267 262
566 470 262
29 114 262
170 188 262
368 376 261
250 296 261
166 244 261
236 217 261
292 375 261
394 385 261
187 126 260
578 554 260
155 206 260
328 387 260
721 703 260
72 42 260
112 155 260
476 510 259
639 599 259
263 350 259
551 637 258
689 606 258
442 476 258
776 700 258
210 196 258
658 584 258
1 13 258
555 532 257
598 611 257
535 482 257
810 710 257
295 271 257
774 720 257
298 380 257
624 624 257
73 20 257
392 359 257
146 118 256
615 680 256
1 3 256
517 597 256
453 413 256
366 454 256
666 715 256
415 367 256
627 615 255
46 84 255
129 59 255
269 294 254
548 619 254
402 485 254
689 733 254
633 640 254
528 621 254
487 571 253
559 639 253
664 585 253
328 236 253
580 635 253
1 34 253
685 600 253
352 308 253
549 516 252
562 500 252
85 132 252
432 425 252
199 244 252
200 240 252
150 164 251
63 163 251
370 401 251
729 643 251
301 206 251
178 139 251
637 698 251
424 408 251
511 495 251
640 639 250
811 743 250
7 104 250
676 703 249
512 492 249
541 580 249
582 591 249
599 632 249
130 172 248
657 682 248
549 488 248
493 453 248
611 693 248
742 731 248
733 658 247
806 717 247
578 656 247
589 643 247
96 107 247
134 62 247
1 3 247
710 705 246
192 257 246
219 302 246
430 499 246
530 516 246
218 281 246
666 746 246
613 615 245
136 148 245
302 398 245
741 696 245
564 607 245
572 603 245
181 246 244
557 504 244
772 723 244
1 7 244
563 522 244
544 528 244
253 273 244
248 157 244
615 621 244
671 721 243
724 698 243
154 102 243
122 92 243
384 371 243
82 49 243
511 564 243
625 690 243
623 560 243
63 54 243
413 434 242
153 74 242
602 534 242
730 670 242
71 166 241
360 436 241
486 465 241
188 126 241
664 702 241
469 465 240
443 433 240
509 519 240
571 556 240
192 218 240
45 127 240
681 732 240
613 699 240
580 629 239
760 713 239
333 343 239
799 734 239
58 59 239
361 422 238
550 623 238
594 608 238
432 443 238
472 445 238
226 276 237
787 688 237
599 699 237
701 669 237
148 65 237
580 613 237
274 323 237
471 470 236
115 88 236
78 125 236
774 746 235
606 695 235
672 668 235
474 559 234
451 359 234
112 193 234
706 684 234
541 453 234
106 138 234
658 699 234
498 547 234
177 147 233
785 744 233
430 476 233
533 572 233
42 138 233
129 121 233
609 662 233
319 255 233
681 731 233
725 695 233
267 358 233
654 673 233
684 704 233
152 122 233
286 312 233
490 460 232
638 654 232
676 719 232
495 409 232
663 748 232
626 606 231
457 411 231
162 120 231
188 171 231
294 337 231
649 748 231
380 285 231
274 240 231
155 186 230
713 622 230
338 372 230
504 559 230
491 509 230
746 708 230
244 304 230
401 498 229
692 746 229
452 407 229
540 614 229
85 47 229
466 412 229
728 683 229
251 235 229
567 518 229
331 366 228
124 137 228
341 352 228
801 734 228
72 138 228
439 376 228
580 485 228
353 393 228
544 555 227
604 534 227
170 229 227
727 709 226
627 716 226
255 287 226
181 245 226
729 669 226
653 681 226
337 394 226
746 703 225
780 729 225
730 727 225
571 557 225
403 485 225
691 768 225
279 353 225
570 532 224
449 461 224
558 649 224
801 748 224
645 691 224
592 579 224
174 238 224
399 481 224
63 89 224
202 282 223
192 182 223
521 599 223
703 768 223
128 149 223
494 558 223
649 687 223
411 343 222
458 476 222
389 450 222
674 585 222
747 751 222
685 629 222
440 475 221
684 671 221
488 468 221
405 423 221
470 431 221
770 762 221
419 468 221
727 725 220
451 399 220
428 464 220
239 160 220
424 345 220
739 674 220
714 615 220
648 739 219
110 34 219
1 6 219
715 775 219
1 57 219
603 693 219
739 773 219
817 748 218
587 590 218
226 240 218
626 685 218
791 692 218
331 262 218
808 726 218
789 714 218
650 692 218
483 511 218
836 755 218
530 522 217
407 450 217
394 309 217
90 172 217
183 237 217
81 61 217
203 281 217
393 372 217
530 442 217
516 554 216
790 732 216
428 388 216
327 241 216
633 709 216
95 87 216
636 646 216
693 749 216
540 452 215
587 656 215
622 663 215
186 241 215
424 437 215
660 732 215
665 700 215
316 329 215
211 228 214
660 656 214
835 779 214
124 176 214
121 33 214
536 570 214
609 674 214
674 643 214
241 225 214
540 564 214
385 298 214
815 779 214
533 482 214
670 770 214
242 342 213
843 782 213
819 719 213
838 752 213
701 711 213
49 123 213
632 614 212
104 190 212
550 576 212
591 568 212
1 37 211
618 671 211
436 340 211
576 558 211
610 608 211
652 614 211
667 764 210
711 687 210
273 262 210
778 788 209
719 723 209
732 764 209
427 340 209
757 778 209
843 751 209
635 681 209
644 575 209
258 213 209
667 755 208
749 667 208
709 728 208
419 484 208
843 754 208
567 513 208
213 289 208
756 691 207
148 99 207
663 633 207
379 428 207
69 7 207
179 119 207
828 752 207
354 430 206
623 595 206
706 723 206
726 740 206
765 787 206
295 394 206
374 354 206
183 258 205
343 390 205
626 556 205
593 611 205
609 554 205
724 684 205
504 470 204
823 738 204
830 771 204
143 191 203
801 740 203
129 113 203
673 767 203
553 642 203
576 663 203
564 590 203
269 303 203
875 784 203
155 240 203
316 283 203
503 412 202
642 737 202
714 665 202
421 422 201
689 689 201
751 714 201
463 454 201
588 687 201
794 776 201
715 686 201
418 428 201
817 768 201
750 766 201
811 718 200
492 546 200
686 699 200
371 340 200
521 588 200
622 718 200
515 465 200
1 14 200
318 316 199
311 239 199
701 664 199
777 693 198
875 777 198
840 801 198
474 569 198
704 614 198
470 462 198
630 671 198
722 752 198
723 750 198
778 697 198
408 476 198
737 639 197
857 770 197
619 662 197
292 197 197
477 528 196
436 531 196
566 607 196
735 636 196
650 567 196
858 803 196
742 673 196
1 43 196
334 423 196
683 618 196
591 673 195
222 283 195
285 325 195
797 701 195
376 355 195
107 116 195
662 616 195
670 770 195
575 510 195
430 405 195
693 734 195
844 792 195
678 711 195
552 556 194
828 798 194
687 762 194
728 766 194
573 555 194
429 370 194
847 749 194
337 385 194
556 518 194
714 717 193
346 301 193
464 452 193
127 48 193
250 278 193
1 48 193
456 426 193
669 664 193
629 713 193
417 489 193
100 29 193
194 146 193
763 749 193
608 519 193
652 699 193
727 749 193
651 554 193
197 216 193
568 604 192
437 402 192
273 315 192
599 696 192
441 513 192
713 674 192
679 636 192
731 759 192
533 489 192
382 363 191
722 803 191
820 766 191
80 79 191
312 275 191
449 426 191
655 637 191
41 118 191
426 414 191
283 245 191
742 791 190
709 797 190
622 604 190
551 495 190
149 205 190
760 795 190
679 708 189
605 510 189
566 497 189
703 801 189
308 239 189
444 389 189
507 462 189
782 723 189
643 743 189
657 599 189
553 572 189
241 171 189
235 283 188
661 562 188
662 757 188
310 395 188
561 634 187
683 760 187
397 309 187
348 255 187
678 730 187
711 622 187
421 435 187
721 806 187
694 637 186
1 15 186
55 45 186
288 263 186
649 632 186
848 756 186
739 776 185
1 16 185
530 473 185
566 493 185
686 730 185
203 269 185
120 67 185
684 708 185
213 212 185
557 459 184
659 677 184
340 335 184
256 245 184
143 159 184
646 726 184
676 752 184
705 778 184
552 560 183
586 645 183
546 564 183
855 759 183
770 734 183
573 623 182
761 666 182
352 325 182
332 380 182
461 476 182
227 274 182
589 587 182
53 63 182
769 763 182
818 781 182
674 612 182
108 31 181
472 520 181
687 752 181
1 75 181
1 33 180
142 64 180
536 577 180
493 405 180
876 795 180
493 455 180
681 586 180
457 391 180
710 720 179
716 729 179
546 538 179
708 699 179
717 744 179
245 278 179
1 13 178
675 685 178
669 693 178
397 441 178
87 26 178
513 612 178
78 71 178
732 772 178
529 537 177
65 157 177
746 819 177
329 373 177
909 810 177
565 515 177
763 798 177
124 170 177
737 659 176
481 555 176
783 818 176
825 774 176
70 89 176
628 538 176
663 651 176
665 619 176
88 134 176
479 379 176
727 780 176
679 627 176
722 799 175
685 651 175
168 114 175
731 802 175
314 414 175
499 588 175
108 204 174
510 536 174
2 43 174
815 805 174
665 625 174
737 722 174
762 774 174
780 825 174
675 712 174
333 268 174
667 728 174
229 231 173
832 776 173
682 608 173
63 11 173
890 811 173
633 719 173
441 407 173
584 544 172
538 477 172
403 374 172
763 736 172
245 205 172
443 485 172
465 509 172
894 799 172
893 823 172
519 452 171
563 507 171
790 720 171
724 669 171
738 643 171
63 160 171
108 207 171
1 4 170
699 750 170
739 701 170
226 257 170
237 244 170
273 199 170
617 607 170
684 626 170
706 670 170
719 678 170
164 152 170
700 780 170
293 312 170
839 776 169
124 125 169
625 565 168
857 789 168
488 418 168
704 635 168
40 112 168
799 772 168
702 680 167
626 692 167
740 640 167
736 770 167
412 346 167
763 672 167
718 749 166
375 327 166
813 731 166
638 588 166
633 671 166
733 742 166
197 207 166
1 22 166
737 760 166
843 813 166
22 10 166
704 666 166
223 319 165
802 709 165
763 666 165
455 413 165
616 688 165
641 720 165
689 729 165
792 790 165
122 59 165
692 688 164
327 290 164
255 315 164
650 720 164
385 292 164
837 805 164
670 747 164
732 753 164
590 678 163
773 737 163
878 786 163
747 819 163
186 253 163
568 664 163
299 271 163
1 3 163
611 659 162
131 58 162
860 827 162
793 697 162
525 507 162
562 465 162
39 53 162
766 816 162
403 375 161
816 751 161
775 826 161
871 802 161
747 767 161
616 579 161
432 399 161
457 385 161
444 539 161
113 16 161
310 358 161
771 804 160
58 68 160
1 50 160
134 197 160
812 778 160
622 627 160
200 173 160
629 538 160
651 750 160
553 593 160
783 771 160
690 768 159
894 832 159
781 718 159
211 198 159
536 514 159
675 693 159
66 121 159
407 495 159
135 222 159
461 406 159
597 612 159
146 203 159
661 759 159
495 487 158
655 733 158
766 693 158
626 607 158
536 636 158
838 823 158
644 700 158
205 246 158
718 651 158
566 626 157
310 268 157
679 752 157
719 656 156
780 756 156
208 209 156
867 791 156
893 797 156
748 739 156
3 65 156
753 816 156
252 271 156
815 743 156
47 104 155
821 736 155
851 835 155
798 837 155
294 392 155
366 377 155
749 763 155
575 493 155
765 741 154
742 795 154
474 567 154
811 797 154
792 799 154
249 327 154
708 791 154
744 724 154
739 750 154
898 840 154
759 661 154
743 789 154
751 771 154
70 137 153
571 487 153
859 793 153
372 280 153
478 497 153
141 53 153
505 578 153
794 835 153
485 463 153
529 490 153
444 465 153
594 686 152
385 467 152
484 537 152
614 543 152
554 517 152
677 638 152
857 820 152
785 758 152
582 673 152
728 774 152
914 846 152
801 823 152
812 845 151
162 237 151
847 802 151
733 789 151
799 787 151
664 612 151
63 72 151
748 798 151
784 786 151
513 505 150
574 537 150
49 145 150
506 584 150
672 658 150
808 743 150
206 297 150
609 641 150
771 824 150
849 795 150
793 847 150
417 442 150
863 825 150
122 88 150
666 754 149
683 754 149
810 770 149
714 769 149
456 533 149
768 718 149
519 518 149
427 401 149
733 729 149
775 768 148
473 521 148
772 794 148
30 42 148
117 104 148
194 199 148
714 748 148
757 685 147
252 162 147
479 579 147
290 332 147
1 44 147
426 517 147
1 8 147
856 764 147
382 404 147
131 115 147
930 845 147
300 353 146
407 464 146
436 339 146
767 848 146
173 229 146
738 824 146
125 89 146
753 656 146
384 380 146
649 574 146
509 544 145
533 433 145
635 547 145
833 804 145
335 400 145
727 703 145
653 751 145
601 601 145
858 803 144
766 831 144
343 427 144
825 815 144
175 186 144
266 219 144
705 716 144
741 779 144
712 669 144
415 453 144
813 780 144
830 734 143
799 746 143
747 733 143
594 590 143
213 225 143
789 698 142
380 443 142
554 653 142
496 417 142
850 814 142
618 690 142
680 625 142
782 760 142
723 632 142
209 245 142
386 354 142
65 25 142
264 186 142
482 577 142
621 603 142
802 855 141
748 788 141
814 855 141
70 128 141
848 761 141
731 787 141
522 552 141
723 771 141
519 480 141
506 505 141
833 783 141
824 807 140
705 746 140
853 842 140
186 141 140
878 856 140
666 617 140
778 769 140
254 306 140
116 183 139
301 278 139
744 760 139
522 578 139
449 383 139
69 101 139
825 777 139
551 457 139
91 94 139
174 250 139
813 820 139
482 435 139
55 35 139
646 636 139
617 692 139
697 773 139
471 516 138
903 809 138
766 706 138
584 537 138
667 767 138
837 805 138
655 614 138
593 633 138
615 679 137
140 187 137
748 730 137
699 718 137
767 853 137
800 711 137
616 707 137
216 186 137
163 162 137
365 373 137
682 651 137
531 553 137
715 732 137
248 162 137
362 439 136
176 217 136
749 695 136
98 30 136
692 671 136
276 284 136
447 391 136
578 481 136
781 757 136
810 710 136
573 534 136
771 742 136
630 569 136
688 679 135
697 711 135
741 722 135
718 734 135
554 496 135
649 678 135
637 724 135
256 322 135
236 165 135
786 722 135
801 848 135
672 591 135
866 861 135
234 148 134
718 818 134
418 401 134
636 684 134
668 695 134
637 560 134
649 707 134
756 848 134
633 654 134
384 290 134
679 693 134
391 484 134
688 710 133
532 552 133
745 787 133
670 616 133
638 694 133
566 636 133
454 461 133
762 796 133
467 515 133
110 107 133
700 754 133
810 772 133
714 741 132
687 643 132
386 338 132
76 17 132
657 740 132
268 281 132
876 828 132
363 400 132
643 637 132
751 833 132
774 791 132
389 429 132
777 742 132
851 775 132
624 543 132
952 866 132
592 503 132
591 536 131
584 484 131
706 671 131
400 453 131
718 736 131
884 852 131
694 729 131
818 804 131
174 90 130
721 758 130
647 644 130
602 699 130
678 615 130
466 384 130
113 159 130
808 782 130
443 398 130
767 737 130
940 866 129
708 791 129
821 838 129
742 706 129
599 542 129
872 793 129
629 581 129
266 257 129
615 571 129
36 7 129
155 250 129
62 80 128
686 682 128
672 653 128
788 835 128
694 648 128
800 777 128
750 806 128
746 806 128
422 465 128
747 831 128
73 162 128
615 603 128
174 208 128
869 808 128
562 504 128
161 158 128
770 858 127
240 302 127
734 815 127
389 454 127
441 526 127
243 214 127
598 639 127
782 727 127
296 339 126
760 721 126
173 247 126
343 432 126
251 340 126
804 848 126
842 772 126
483 506 126
803 871 126
842 792 126
647 671 126
291 307 126
656 664 126
43 69 125
575 609 125
847 779 125
745 701 125
912 850 125
905 871 125
822 851 125
853 844 125
752 717 125
372 448 125
687 730 124
567 553 124
824 849 124
429 523 124
579 576 124
867 873 124
712 640 124
621 653 124
348 255 124
127 93 124
747 782 124
483 531 124
495 424 123
262 248 123
789 848 123
473 552 123
683 743 123
180 183 123
209 305 123
144 134 123
566 500 123
738 727 123
467 392 123
708 626 123
346 402 123
784 805 123
391 370 123
876 864 122
726 695 122
810 821 122
781 726 122
759 817 122
482 490 122
725 677 122
823 867 122
843 821 122
640 649 121
620 656 121
773 677 121
300 220 121
671 665 121
901 814 121
268 331 121
940 877 121
650 661 121
869 808 120
877 833 120
54 148 120
465 466 120
456 434 120
589 675 120
704 737 120
340 306 120
842 837 120
706 612 120
797 767 120
641 622 119
468 387 119
741 716 119
791 841 119
6 62 119
838 880 119
777 844 119
109 74 119
890 806 119
611 604 119
759 831 119
562 540 119
430 369 119
145 142 118
56 111 118
731 653 118
917 862 118
630 549 118
949 869 118
421 495 117
737 791 117
704 726 117
749 820 117
462 370 117
800 830 117
913 878 117
472 507 117
671 755 117
437 443 117
769 791 117
341 298 116
466 565 116
722 633 116
926 879 116
754 832 116
960 869 116
959 861 116
793 714 116
680 676 116
777 876 115
838 872 115
260 302 115
922 832 115
886 786 115
934 881 115
25 65 115
590 673 115
778 853 115
799 883 115
301 366 115
765 864 115
336 365 114
677 662 114
233 327 114
202 205 114
805 836 114
775 799 114
644 727 114
443 379 114
635 621 114
302 348 114
506 528 114
956 880 114
750 700 114
951 854 114
194 196 114
907 839 114
776 774 114
633 544 113
315 367 113
876 862 113
341 307 113
811 843 113
642 678 113
767 804 113
596 550 113
441 413 112
887 817 112
331 259 111
796 873 111
872 878 111
942 886 111
189 107 111
192 106 111
715 749 111
797 703 110
722 749 110
552 645 110
761 790 110
309 244 110
763 849 110
494 438 110
579 675 110
713 651 109
758 769 109
828 880 109
845 751 109
712 731 109
675 714 109
617 613 109
110 65 109
165 80 109
429 438 108
559 543 108
207 299 108
840 835 108
874 876 108
816 874 108
461 484 108
776 821 108
509 451 108
618 692 108
619 556 107
165 102 107
903 886 107
512 470 107
934 885 107
755 706 107
569 573 107
840 762 107
728 774 107
705 780 107
73 152 107
187 239 106
823 878 106
342 383 106
674 598 106
782 800 106
764 724 106
694 769 106
830 831 106
844 807 106
431 513 106
621 695 106
945 863 106
862 786 106
863 831 105
807 752 105
859 763 105
182 87 105
173 92 105
869 831 105
109 182 105
910 819 105
592 688 105
264 315 105
870 783 105
514 476 104
244 289 104
344 366 104
671 639 104
512 451 104
577 513 104
650 622 104
830 867 104
875 847 104
533 497 104
7 23 104
633 564 104
502 406 103
389 338 103
3 46 103
297 280 103
761 803 103
267 194 103
641 617 103
813 882 103
590 666 103
911 839 103
284 282 103
141 98 102
879 849 102
732 791 102
773 816 102
90 91 102
909 870 102
734 682 102
810 766 102
912 847 102
375 336 101
941 847 101
780 869 101
830 889 101
859 895 101
611 684 101
921 888 101
954 893 101
879 788 101
663 761 101
836 805 101
773 864 100
655 668 100
497 507 100
850 888 100
832 889 100
736 658 100
602 605 100
371 315 100
864 808 99
856 765 99
743 680 99
804 832 99
171 115 99
939 897 99
671 758 99
845 788 99
601 632 99
694 739 99
911 869 99
693 784 99
688 727 99
683 748 99
208 279 99
128 39 98
768 802 98
376 295 98
538 444 98
22 38 98
957 899 98
751 826 98
896 812 98
851 892 98
739 639 98
630 631 98
694 742 98
204 278 97
507 531 97
868 778 97
682 677 97
1 40 97
882 889 97
721 687 97
719 737 97
188 139 97
85 146 97
915 877 97
257 323 97
527 443 96
930 844 96
563 584 96
706 779 96
625 694 96
281 276 96
796 851 95
834 835 95
911 891 95
799 808 95
935 892 95
775 809 95
811 738 95
70 54 95
846 899 95
517 472 95
988 893 95
710 803 94
354 286 94
150 69 94
732 670 94
400 386 94
701 763 94
495 569 94
676 693 94
544 518 94
743 774 93
1 32 93
932 850 93
563 493 93
753 768 93
755 787 93
971 884 93
752 758 93
274 232 93
814 903 93
791 846 93
574 624 93
749 714 93
430 353 93
950 867 92
773 871 92
231 257 92
668 710 92
890 855 92
315 415 92
870 820 92
883 804 92
217 197 92
95 81 91
255 331 91
333 237 91
324 258 91
774 786 91
673 694 90
829 867 90
302 334 90
877 808 90
873 890 90
426 406 90
816 863 90
796 822 90
535 444 90
569 556 90
492 512 89
845 825 89
558 552 89
75 110 89
876 885 89
814 897 89
342 288 89
855 829 89
926 853 89
332 301 89
757 844 89
845 891 89
730 827 89
693 752 89
799 705 89
26 88 89
886 797 89
816 736 89
910 902 89
564 574 89
226 210 89
843 902 88
660 701 88
716 791 88
719 748 88
633 665 88
753 700 88
849 888 88
829 801 88
290 372 88
248 256 88
946 895 88
209 168 88
329 302 88
538 609 88
896 817 87
625 552 87
445 426 87
798 818 87
828 892 87
553 618 87
595 684 87
788 865 87
458 418 87
929 875 87
790 875 87
997 903 86
935 847 86
675 731 86
607 566 86
201 132 86
726 771 86
906 851 86
666 659 86
900 895 85
801 863 85
757 848 85
618 641 85
893 910 81
887 844 85
908 839 85
278 267 85
257 326 85
844 890 85
764 831 85
889 901 84
96 156 84
674 647 84
116 41 84
809 758 84
467 522 84
807 790 84
389 329 84
756 745 84
913 833 84
870 789 84
885 893 83
861 842 83
644 721 83
389 370 83
706 650 83
886 822 83
415 442 83
844 894 83
822 755 83
406 361 83
593 665 83
811 722 83
896 891 83
831 780 83
710 801 83
791 713 82
67 66 82
924 894 82
653 597 82
324 331 82
590 508 82
827 911 79
865 906 82
86 110 82
749 794 82
450 514 82
567 605 82
901 886 82
440 489 82
868 895 82
126 195 82
235 326 82
765 740 82
478 565 82
388 410 82
805 777 82
844 912 77
831 799 82
895 846 81
415 333 81
879 910 81
935 880 81
753 826 81
853 878 81
30 43 81
849 912 77
717 810 80
920 900 80
474 455 80
397 333 80
196 292 80
745 807 80
642 680 80
454 440 79
673 653 79
658 578 79
806 801 79
459 368 79
708 693 79
938 874 79
374 396 79
408 402 79
709 803 79
457 525 78
223 126 78
803 805 78
738 812 78
820 831 78
899 802 78
747 703 78
435 428 78
572 668 78
164 166 78
321 382 78
872 908 78
616 711 77
274 293 77
190 104 77
905 820 77
66 141 77
873 812 77
374 455 77
427 526 77
506 587 77
190 216 77
914 868 77
889 813 77
226 169 77
439 498 77
961 877 76
671 767 76
894 890 76
621 551 76
192 255 76
833 783 76
468 404 76
846 889 76
375 329 76
226 258 76
374 412 76
964 911 76
171 170 76
774 798 76
875 851 75
776 818 75
863 868 75
901 919 65
756 792 75
1 23 75
51 82 75
315 346 75
784 849 75
551 483 75
76 34 75
731 823 75
804 862 74
406 501 74
430 494 74
258 292 74
595 595 74
885 898 74
873 924 57
113 139 74
372 425 74
879 878 74
757 831 74
332 254 74
685 785 74
749 811 74
747 684 73
516 437 73
992 920 64
263 212 73
332 393 73
834 834 73
831 895 73
943 854 73
869 851 73
818 879 73
922 836 73
565 535 73
774 708 72
836 865 72
658 593 72
811 836 72
7 88 72
842 863 72
424 357 72
546 576 72
751 686 72
569 669 72
920 853 72
945 905 72
839 849 72
717 698 72
841 905 72
506 420 72
446 503 72
829 750 71
832 869 71
735 668 71
870 905 71
452 487 71
161 108 71
907 830 71
533 597 71
798 889 71
785 785 70
439 369 70
791 824 70
722 722 70
702 780 70
876 789 70
261 236 70
1 75 70
542 636 70
735 783 70
831 834 70
250 325 70
487 584 70
392 338 70
109 196 70
742 681 70
337 341 70
750 753 70
926 851 69
774 674 69
571 514 69
930 930 49
218 240 69
835 838 69
533 549 69
172 105 69
676 692 69
321 302 69
553 645 69
627 532 69
885 854 69
710 700 69
520 461 69
720 676 68
458 495 68
629 639 68
890 838 68
50 115 68
143 45 68
846 882 68
499 489 68
634 690 68
191 275 68
416 363 68
578 520 68
889 920 64
662 579 67
604 673 67
631 631 67
851 814 67
888 932 46
721 762 67
889 868 67
971 928 51
586 532 67
933 904 67
366 413 67
823 860 67
740 817 67
888 912 67
240 273 67
840 789 67
637 693 66
135 89 66
789 862 66
946 862 66
862 855 66
386 405 66
649 674 66
845 878 66
423 497 66
839 901 66
670 593 66
701 669 66
695 786 65
991 925 56
911 925 56
734 667 65
23 101 65
745 839 65
641 667 65
936 932 46
714 792 65
310 386 65
778 788 65
287 322 65
592 522 65
843 747 65
628 607 65
995 901 65
291 288 65
799 836 64
305 379 64
417 362 64
981 903 64
876 895 64
820 886 64
240 155 64
807 834 63
128 207 63
751 821 63
852 805 63
782 724 63
443 535 63
883 832 63
146 210 63
585 581 63
838 766 63
939 923 59
875 806 63
842 826 63
244 317 63
461 560 63
649 745 63
168 174 63
804 811 63
843 851 63
995 921 62
664 616 63
467 407 62
682 750 62
690 790 62
479 534 62
922 829 62
871 815 62
100 99 62
904 929 50
753 794 62
733 800 62
711 688 62
847 778 62
889 849 62
272 347 62
152 212 62
983 937 39
738 780 62
526 527 61
729 810 61
387 357 61
769 735 61
9 32 61
332 364 61
938 888 61
398 393 61
1019 921 61
796 890 61
583 528 61
229 164 61
452 456 61
306 385 61
897 894 61
811 881 61
835 843 61
681 704 61
793 740 61
786 804 61
897 878 60
569 655 60
70 62 60
918 854 60
844 908 60
908 840 60
486 498 60
910 916 60
864 840 60
890 923 59
799 714 60
381 474 59
426 470 59
314 361 59
814 905 59
760 834 59
1 40 59
340 426 59
723 750 59
804 820 59
295 386 59
927 882 59
714 644 59
601 669 59
606 700 59
738 655 59
663 723 58
974 930 49
776 796 58
628 630 58
592 678 58
104 154 58
857 840 58
311 308 58
7 16 58
983 894 58
790 827 58
360 320 58
868 815 58
904 833 58
526 521 58
788 759 58
434 375 57
615 690 57
780 727 57
931 869 57
873 936 40
641 546 57
923 902 57
584 498 57
912 893 57
794 770 57
659 751 57
220 183 57
914 887 57
566 593 57
738 806 57
352 323 57
206 172 57
275 336 56
698 788 56
492 510 56
597 598 56
762 809 56
964 937 39
944 912 56
623 551 56
482 446 56
897 850 56
954 939 37
857 912 56
171 154 56
850 765 56
792 871 56
189 209 56
1032 932 46
865 808 56
853 771 56
393 459 55
530 504 55
586 683 55
697 779 55
321 342 55
838 864 55
752 687 55
1 62 55
702 671 55
831 927 53
902 853 55
834 872 55
1 4 54
993 940 36
662 597 54
631 666 54
594 634 54
761 702 54
886 938 38
641 645 54
596 644 54
249 228 54
996 912 54
955 907 54
814 909 54
419 459 54
859 777 54
834 934 43
830 794 53
27 64 53
612 654 53
750 748 53
779 846 53
626 568 53
635 679 53
113 41 53
785 852 53
156 58 53
630 688 53
850 945 30
1014 935 42
360 275 53
930 877 53
124 65 53
982 920 52
881 839 52
856 941 34
479 461 52
308 401 52
484 440 52
816 809 52
873 856 52
846 939 37
825 841 52
1001 902 52
337 361 52
983 927 52
942 870 52
949 903 52
518 433 52
957 913 52
839 869 51
858 822 51
476 576 51
203 250 51
39 121 51
880 871 51
874 948 27
390 450 51
937 934 43
763 750 51
982 948 27
495 397 51
796 830 51
643 545 51
334 382 51
820 917 50
912 815 50
899 915 50
750 830 50
727 771 50
1011 935 42
1 7 50
584 658 50
124 82 50
959 860 50
636 544 50
896 923 50
714 687 50
358 351 50
880 943 32
835 809 50
164 264 50
925 886 49
309 350 49
611 645 49
911 886 49
835 907 49
1030 947 28
88 54 49
482 543 49
519 524 49
683 773 49
742 691 49
541 491 48
479 401 48
593 634 48
307 373 48
891 858 48
563 643 48
143 55 48
815 799 48
740 656 48
229 222 48
957 914 48
194 131 48
697 663 48
902 935 42
839 887 48
993 949 26
84 154 48
741 694 48
715 806 48
870 787 47
397 368 47
337 316 47
754 709 47
836 932 46
342 376 47
790 862 47
522 506 47
989 929 47
276 321 47
1004 931 47
286 293 47
841 771 47
811 906 47
634 591 47
164 262 47
929 878 46
872 902 46
567 588 46
261 327 46
957 922 46
887 847 46
691 675 46
642 716 46
131 193 46
797 794 46
486 387 46
1027 942 33
842 753 46
541 482 46
848 914 46
769 855 46
335 239 46
841 858 46
487 469 46
869 810 46
869 825 46
808 826 46
599 690 46
844 913 45
896 926 45
881 877 45
465 398 45
725 781 45
662 735 45
711 630 45
508 582 45
524 564 45
932 888 45
650 612 45
112 148 45
1003 919 45
555 640 45
936 898 44
634 644 44
668 735 44
923 883 44
930 932 44
654 640 44
943 846 44
624 603 44
874 796 44
783 836 44
900 934 43
1005 930 44
539 524 44
554 504 44
743 814 44
799 742 44
644 573 44
970 922 44
581 591 43
454 378 43
638 595 43
855 954 21
677 604 43
978 926 43
424 355 43
872 942 33
954 875 43
604 564 43
904 913 43
868 900 43
612 526 43
239 157 43
888 856 43
576 542 43
219 250 43
994 947 28
679 661 43
55 95 43
253 332 42
398 322 42
27 78 42
822 915 42
146 73 42
633 676 42
972 901 42
145 115 42
610 667 42
829 884 42
403 454 42
1027 940 36
240 333 42
534 513 42
189 225 41
881 858 41
465 391 41
742 808 41
919 868 41
689 711 41
943 913 41
836 891 41
959 889 41
965 898 41
707 763 41
288 242 41
859 905 41
761 817 41
815 854 41
777 862 41
430 330 41
624 535 41
979 911 41
793 730 41
943 856 41
800 861 41
685 600 40
870 889 40
823 765 40
581 490 40
964 932 40
769 681 40
938 956 19
428 432 40
802 751 40
517 510 40
965 877 40
596 515 40
483 450 40
864 879 39
380 415 39
640 571 39
415 355 39
980 955 20
621 668 39
989 899 39
396 335 39
900 940 36
921 929 39
705 747 39
759 726 39
115 177 39
878 858 39
865 868 39
709 627 39
506 502 39
259 295 39
943 960 16
990 892 38
784 777 38
908 895 38
818 824 38
770 838 38
413 365 38
745 716 38
1006 947 28
836 925 38
906 857 38
799 833 38
933 838 38
675 650 38
617 577 37
496 405 37
269 249 37
609 608 37
845 859 37
607 663 37
223 308 37
730 771 37
503 593 37
876 938 37
903 819 37
701 745 37
923 844 37
935 950 25
567 502 37
910 924 37
659 592 37
950 872 37
983 925 37
796 865 37
933 934 37
308 248 37
820 892 37
475 467 37
846 909 36
510 593 36
779 749 36
629 626 36
947 939 36
887 958 17
1 36 36
880 810 36
843 892 36
900 846 36
791 810 36
843 913 36
846 873 36
936 941 34
492 444 36
533 603 36
848 926 35
797 811 35
1045 950 25
998 911 35
859 859 35
741 825 35
731 780 35
1038 944 31
595 543 35
861 904 35
507 449 35
34 133 35
491 447 34
914 963 13
729 707 34
661 632 34
987 948 27
1020 924 34
850 888 34
802 901 34
712 642 34
624 651 34
997 923 34
412 443 34
854 836 34
851 914 34
902 958 17
846 934 34
837 803 34
530 447 33
937 964 12
904 898 33
924 882 33
523 491 33
930 859 33
242 252 33
982 943 32
539 627 33
51 150 33
1020 956 19
695 689 33
960 927 33
723 712 33
700 699 33
486 562 33
552 494 32
515 471 32
635 554 32
579 583 32
881 882 32
920 896 32
685 629 32
573 646 32
481 448 32
850 896 32
910 958 17
1042 960 16
167 233 32
881 939 32
64 96 32
939 952 23
341 308 32
953 909 32
894 941 31
453 534 31
1012 941 31
392 389 31
147 89 31
875 956 19
932 958 17
971 914 31
877 871 31
675 576 31
1028 955 20
331 411 31
624 641 31
468 420 31
703 756 31
786 762 30
769 787 30
694 760 30
774 867 30
913 832 30
693 691 30
523 461 30
540 563 30
554 454 30
906 880 30
136 226 30
1 18 30
530 620 30
966 931 29
897 808 29
656 728 29
780 694 29
868 968 10
507 604 29
629 606 29
1045 955 20
924 839 29
690 769 29
874 959 16
964 914 29
403 421 29
783 863 29
1037 965 12
840 940 29
901 879 29
65 144 28
40 45 28
580 494 28
803 706 28
783 880 28
982 968 10
505 566 28
512 526 28
1041 959 16
1013 965 12
881 937 28
909 874 28
1018 954 21
678 622 28
864 792 28
690 683 28
555 614 28
350 340 28
943 941 28
709 630 28
179 161 27
777 761 27
363 325 27
565 612 27
195 131 27
567 607 27
534 528 27
984 944 27
874 896 27
1067 970 9
680 621 27
834 892 27
947 934 27
58 42 27
864 838 27
420 398 27
799 892 27
948 951 24
861 916 27
970 906 27
996 902 27
912 949 26
745 751 26
329 337 26
814 799 26
864 885 26
196 276 26
274 211 26
985 966 11
894 950 25
502 461 26
846 886 26
853 906 26
744 786 26
720 676 26
905 913 26
566 579 26
921 872 26
69 66 26
985 962 14
1056 971 8
507 576 25
1000 960 16
703 606 25
875 926 25
919 942 25
873 856 25
150 240 25
964 890 25
997 937 25
225 147 25
975 954 21
966 927 25
413 505 25
886 965 12
901 928 25
786 863 25
842 763 25
803 789 25
682 612 25
872 859 25
154 143 25
899 907 25
851 940 25
822 877 25
1006 971 8
135 104 24
885 937 24
1002 973 7
1052 969 9
12 11 24
745 699 24
938 907 24
895 885 24
186 157 24
1037 944 24
641 706 24
943 884 24
394 383 24
873 945 24
610 668 24
856 937 24
590 651 24
797 785 24
1013 970 9
673 703 23
886 902 23
1042 961 15
676 753 23
665 714 23
826 827 23
990 943 23
572 596 23
966 948 23
516 484 23
733 733 23
418 471 23
732 769 23
185 238 22
789 838 22
844 922 22
489 571 22
1043 959 16
169 70 22
856 927 22
779 799 22
1026 952 22
1006 966 11
393 444 22
644 731 22
286 331 22
1044 964 12
421 359 22
917 977 5
250 304 22
892 893 22
909 949 22
669 753 22
960 867 22
696 617 22
899 928 21
977 959 16
944 964 12
615 635 21
787 853 21
82 153 21
755 831 21
968 969 9
281 286 21
662 682 21
921 909 21
398 467 21
511 416 21
907 972 7
628 653 21
905 928 20
959 965 12
960 976 5
448 503 20
1005 947 20
563 658 20
854 824 20
1020 924 20
766 841 20
673 655 20
1062 977 5
849 920 20
197 245 20
972 957 18
886 885 20
803 780 20
90 70 19
799 881 19
559 657 19
992 947 19
946 949 19
358 295 19
947 976 5
721 704 19
912 973 7
337 326 19
929 873 19
972 908 19
426 333 19
704 734 19
905 960 16
1013 939 19
802 767 19
944 974 6
231 204 19
879 782 18
816 792 18
272 240 18
1002 955 18
304 289 18
975 883 18
437 471 18
854 791 18
765 832 18
700 661 18
46 50 18
881 980 4
971 955 18
852 872 18
530 528 18
610 673 18
1030 942 18
877 961 15
812 897 18
950 960 16
901 969 9
857 881 18
870 853 18
716 773 17
591 678 17
587 597 17
863 850 17
858 798 17
879 955 17
787 710 17
958 888 17
946 967 10
994 935 17
947 973 7
572 544 17
512 568 17
965 967 10
1050 951 17
550 464 17
1 74 16
794 874 16
488 471 16
954 975 6
813 906 16
448 460 16
1067 979 4
905 924 16
778 718 16
969 982 3
1044 973 7
525 524 16
1035 947 16
878 877 16
905 965 12
1042 961 15
337 348 16
289 225 16
944 969 9
136 192 16
500 426 16
702 791 16
1009 960 16
922 846 16
242 254 15
928 916 15
412 488 15
887 884 15
770 870 15
1009 941 15
1054 971 8
759 774 15
939 930 15
707 769 15
943 899 15
888 983 2
539 562 15
516 601 15
100 44 15
801 749 15
1006 983 2
879 976 5
192 136 15
930 875 15
380 415 15
12 94 15
661 575 15
133 74 14
1005 954 14
889 939 14
944 956 14
692 710 14
956 941 14
572 659 14
848 845 14
834 740 14
845 813 14
359 324 14
709 714 14
903 918 14
902 806 14
859 917 14
1008 919 14
1027 958 14
1036 956 14
612 666 14
924 936 14
566 581 13
973 944 13
942 986 1
683 685 13
1 77 13
874 879 13
957 969 9
878 894 13
926 981 3
886 843 13
151 218 13
982 974 6
679 608 13
898 936 13
865 933 13
936 843 13
1014 919 13
992 919 12
943 975 6
1010 958 12
961 985 2
618 718 12
778 840 12
819 863 12
932 986 1
798 787 12
593 505 12
982 955 12
1056 956 12
997 934 12
689 773 12
450 455 12
1016 979 4
476 436 12
913 855 12
580 517 11
797 873 11
931 954 11
771 803 11
759 692 11
964 988 1
872 961 11
890 948 11
900 881 11
884 971 8
76 133 11
743 684 11
1020 986 1
191 283 11
1079 983 2
991 984 2
505 443 11
1007 977 5
656 637 11
890 988 1
1055 986 1
1032 987 1
784 740 11
1037 945 11
1053 987 1
1 45 11
173 137 11
942 986 1
907 942 11
864 851 11
941 965 10
1021 950 10
1065 970 9
932 963 10
939 982 3
796 788 10
356 447 10
1038 943 10
747 738 10
35 133 10
817 896 10
958 987 1
1063 982 3
867 918 10
354 262 10
1047 979 4
1019 961 10
989 986 1
1077 988 1
831 837 10
736 771 10
925 912 10
974 944 10
1004 967 10
862 834 9
990 909 9
908 983 2
947 937 9
974 987 1
895 943 9
415 419 9
975 985 2
384 348 9
1006 949 9
935 971 8
803 831 9
521 597 9
251 163 9
954 959 9
729 699 9
173 144 9
897 812 9
811 778 9
1028 957 9
994 903 9
650 746 9
728 703 9
754 716 9
75 112 8
309 401 8
950 977 5
990 948 8
924 972 7
889 940 8
941 958 8
926 974 6
310 314 8
981 983 2
970 979 4
757 789 8
485 475 8
602 640 8
951 963 8
975 984 2
482 560 8
1053 975 6
923 889 8
1020 961 8
1040 982 3
916 971 7
824 916 7
873 963 7
610 562 7
80 30 7
930 963 7
1036 936 7
845 792 7
419 345 7
1055 991 0
776 792 7
838 888 7
388 322 7
858 898 7
377 332 7
950 934 7
1070 990 1
857 896 7
897 797 7
550 626 7
961 886 7
976 984 2
991 991 0
827 727 7
894 943 7
979 993 0
622 609 6
290 243 6
326 292 6
885 848 6
842 837 6
1059 970 6
1024 992 0
943 858 6
1009 952 6
163 209 6
949 989 1
1079 993 0
505 428 6
869 938 6
715 773 6
879 975 6
1012 919 6
991 993 0
841 873 6
703 685 6
1041 963 6
886 863 6
1046 983 2
512 414 6
894 960 6
956 986 1
845 943 6
95 119 6
532 551 5
496 434 5
1035 994 0
958 985 2
285 244 5
812 885 5
1044 990 1
932 981 3
75 41 5
922 994 0
908 981 3
938 976 5
965 991 0
901 979 4
811 733 5
964 981 3
1027 945 5
110 137 5
908 978 4
905 808 4
1059 993 0
993 989 1
412 333 4
516 587 4
876 951 4
520 458 4
408 357 4
887 983 2
880 951 4
188 120 4
964 992 0
554 576 4
886 972 4
1026 950 4
915 961 4
1 74 4
583 629 4
900 828 4
851 773 4
737 802 4
1009 991 0
965 981 3
650 717 4
1066 987 1
1043 949 4
799 847 4
950 995 0
969 990 1
1054 970 3
934 899 3
896 988 1
699 644 3
913 973 3
1047 990 1
924 975 3
1050 980 3
1000 984 2
43 34 3
628 649 3
794 873 3
941 968 3
849 758 3
942 969 3
639 696 3
907 953 3
214 175 3
847 940 3
1026 969 3
948 994 0
926 991 0
738 828 3
1009 994 0
1064 990 1
955 926 3
1043 974 3
659 701 3
1018 995 0
736 819 3
744 748 3
973 884 3
1004 920 2
976 932 2
1013 967 2
372 413 2
856 845 2
714 656 2
389 308 2
880 864 2
1089 997 0
942 972 2
1079 993 0
703 693 2
968 978 2
1016 990 1
816 904 2
923 997 0
333 421 2
1021 982 2
473 542 2
957 988 1
1086 994 0
948 998 0
932 997 0
661 586 1
1013 994 0
928 894 1
879 978 1
1012 996 0
885 949 1
935 861 1
1042 967 1
1015 966 1
1044 995 0
1065 998 0
934 997 0
999 960 1
317 228 1
958 991 0
317 221 1
946 977 1
1043 968 1
611 601 1
781 812 1
980 967 1
1034 989 1
692 768 1
920 998 0
982 922 1
862 946 1
892 970 1
1074 978 1
893 829 1
1003 977 1
507 582 1
967 924 1
984 996 0
995 997 0
934 988 0
1041 999 0
908 997 0
948 999 0
618 564 0
911 980 0
30 4 0
1035 953 0
1069 993 0
432 378 0
1065 992 0
1068 999 0
1049 1000 0
906 999 0
976 956 0
928 996 0
968 894 0
984 999 0
1003 909 0
1076 993 0
948 1000 0
968 970 0
929 973 0
1058 999 0
993 960 0
761 733 0
914 1000 0
908 999 0
913 1000 0
808 805 0
