1000 100 4.3589
14 4 92
15 5 88
12 2 88
15 5 87
15 5 86
22 12 77
25 15 72
25 15 72
15 5 80
11 1 80
15 5 79
11 1 78
29 19 65
19 9 77
22 12 77
12 2 77
18 8 76
12 2 75
26 16 70
21 11 74
22 12 74
12 2 74
31 21 62
26 16 70
31 21 62
11 1 73
32 22 60
30 20 64
16 6 72
20 10 72
37 27 53
37 27 53
35 25 56
23 13 69
12 2 69
38 28 51
13 3 69
23 13 69
23 13 69
21 11 68
17 7 68
20 10 68
33 23 59
28 18 67
34 24 57
12 2 67
38 28 51
17 7 66
35 25 56
38 28 51
40 30 49
27 17 66
41 31 47
39 29 50
36 26 54
13 3 65
25 15 65
21 11 64
45 35 42
35 25 56
14 4 64
23 13 63
46 36 40
46 36 40
27 17 62
32 22 60
17 7 62
40 30 49
21 11 62
33 23 59
34 24 57
12 2 61
40 30 49
46 36 40
20 10 61
22 12 61
24 14 61
38 28 51
18 8 60
26 16 59
41 31 47
28 18 58
31 21 58
47 37 39
40 30 49
28 18 57
15 5 57
24 14 57
20 10 57
15 5 57
31 21 57
51 41 34
21 11 56
34 24 56
37 27 53
51 41 34
16 6 56
27 17 56
49 39 37
22 12 56
42 32 46
47 37 39
14 4 55
13 3 55
19 9 55
12 2 55
41 31 47
39 29 50
53 43 32
37 27 53
41 31 47
55 45 30
15 5 54
55 45 30
28 18 53
28 18 53
55 45 30
37 27 53
30 20 53
23 13 52
21 11 52
11 1 52
48 38 38
33 23 52
50 40 36
30 20 51
47 37 39
54 44 31
56 46 29
44 34 43
33 23 51
23 13 50
54 44 31
47 37 39
47 37 39
18 8 50
35 25 50
49 39 37
53 43 32
27 17 49
26 16 49
31 21 49
27 17 49
42 32 46
50 40 36
19 9 49
53 43 32
52 42 33
53 43 32
25 15 49
53 43 32
27 17 48
39 29 48
32 22 48
43 33 44
11 1 48
26 16 48
28 18 48
45 35 42
51 41 34
32 22 47
59 49 26
60 50 25
38 28 47
37 27 47
45 35 42
28 18 46
55 45 30
12 2 46
15 5 46
51 41 34
28 18 45
50 40 36
29 19 45
31 21 45
35 25 45
57 47 28
46 36 40
20 10 44
62 52 23
63 53 22
49 39 37
46 36 40
20 10 43
50 40 36
39 29 43
13 3 43
40 30 43
20 10 42
54 44 31
16 6 42
42 32 42
45 35 41
51 41 34
18 8 41
30 20 41
20 10 41
37 27 41
51 41 34
52 42 33
33 23 41
45 35 41
33 23 40
69 59 16
35 25 40
24 14 40
45 35 40
68 58 17
30 20 40
54 44 31
64 54 21
62 52 23
49 39 37
50 40 36
66 56 19
56 46 29
15 5 39
43 33 39
64 54 21
43 33 39
52 42 33
50 40 36
59 49 26
27 17 38
20 10 38
34 24 38
12 2 38
21 11 38
16 6 38
61 51 24
30 20 38
18 8 38
50 40 36
45 35 37
59 49 26
17 7 37
59 49 26
30 20 37
48 38 37
57 47 28
45 35 37
35 25 37
58 48 27
68 58 17
11 1 36
29 19 36
14 4 36
53 43 32
37 27 36
72 62 14
17 7 36
47 37 36
55 45 30
49 39 36
17 7 35
70 60 16
74 64 12
73 63 13
53 43 32
56 46 29
60 50 25
68 58 17
65 55 20
14 4 35
42 32 35
50 40 35
57 47 28
56 46 29
63 53 22
65 55 20
74 64 12
58 48 27
21 11 34
30 20 34
25 15 34
74 64 12
52 42 33
68 58 17
71 61 15
67 57 18
37 27 33
74 64 12
26 16 33
55 45 30
62 52 23
59 49 26
55 45 30
23 13 33
53 43 32
75 65 12
47 37 32
76 66 11
54 44 31
76 66 11
48 38 32
21 11 32
69 59 16
69 59 16
53 43 32
48 38 32
77 67 10
16 6 31
29 19 31
73 63 13
50 40 31
35 25 31
72 62 14
19 9 31
67 57 18
72 62 14
30 20 31
22 12 31
46 36 31
14 4 31
66 56 19
66 56 19
47 37 31
52 42 30
13 3 30
73 63 13
65 55 20
45 35 30
77 67 10
77 67 10
38 28 30
57 47 28
65 55 20
45 35 30
71 61 15
57 47 28
29 19 30
64 54 21
72 62 14
12 2 30
20 10 29
49 39 29
56 46 29
63 53 22
75 65 12
33 23 29
77 67 10
65 55 20
17 7 29
30 20 29
73 63 13
76 66 11
70 60 16
68 58 17
66 56 19
80 70 9
80 70 9
17 7 28
48 38 28
59 49 26
66 56 19
60 50 25
49 39 28
70 60 16
25 15 28
25 15 28
55 45 28
70 60 16
45 35 28
77 67 10
71 61 15
61 51 24
75 65 12
69 59 16
48 38 27
69 59 16
73 63 13
82 72 7
77 67 10
50 40 27
72 62 14
25 15 26
66 56 19
44 34 26
21 11 26
50 40 26
62 52 23
83 73 7
36 26 26
66 56 19
20 10 26
81 71 8
74 64 12
63 53 22
30 20 25
73 63 13
18 8 25
39 29 25
59 49 25
55 45 25
60 50 25
40 30 25
77 67 10
45 35 25
58 48 25
49 39 25
66 56 19
76 66 11
81 71 8
69 59 16
43 33 24
78 68 10
78 68 10
68 58 17
59 49 24
46 36 24
82 72 7
66 56 19
79 69 9
77 67 10
84 74 6
56 46 23
51 41 23
33 23 23
65 55 20
40 30 23
60 50 23
52 42 23
84 74 6
82 72 7
47 37 23
15 5 23
36 26 22
63 53 22
73 63 13
27 17 22
16 6 22
74 64 12
79 69 9
67 57 18
53 43 22
15 5 22
79 69 9
25 15 22
13 3 22
84 74 6
48 38 22
47 37 22
82 72 7
49 39 21
35 25 21
20 10 21
84 74 6
52 42 21
84 74 6
60 50 21
73 63 13
29 19 21
37 27 21
84 74 6
58 48 21
42 32 21
57 47 21
83 73 7
60 50 20
80 70 9
57 47 20
42 32 20
48 38 20
25 15 20
56 46 20
87 77 5
12 2 20
82 72 7
45 35 20
75 65 12
26 16 20
66 56 19
68 58 17
87 77 5
19 9 19
90 80 4
90 80 4
71 61 15
85 75 6
89 79 4
58 48 19
40 30 19
79 69 9
65 55 19
22 12 19
77 67 10
69 59 16
73 63 13
69 59 16
86 76 5
73 63 13
34 24 19
55 45 19
25 15 19
30 20 19
47 37 18
62 52 18
59 49 18
60 50 18
91 81 3
40 30 18
52 42 18
87 77 5
78 68 10
30 20 17
60 50 17
67 57 17
32 22 17
62 52 17
63 53 17
86 76 5
59 49 17
81 71 8
74 64 12
91 81 3
49 39 17
37 27 17
61 51 17
83 73 7
57 47 17
56 46 17
72 62 14
85 75 6
11 1 17
38 28 17
76 66 11
90 80 4
18 8 16
92 82 3
59 49 16
86 76 5
85 75 6
58 48 16
93 83 2
63 53 16
68 58 16
82 72 7
47 37 16
61 51 16
85 75 6
93 83 2
69 59 16
76 66 11
76 66 11
19 9 15
18 8 15
72 62 14
81 71 8
84 74 6
88 78 4
51 41 15
28 18 15
62 52 15
34 24 15
88 78 4
45 35 15
72 62 14
19 9 15
85 75 6
30 20 15
58 48 15
95 85 2
88 78 4
88 78 4
91 81 3
14 4 14
68 58 14
42 32 14
93 83 2
94 84 2
20 10 14
38 28 14
42 32 14
85 75 6
96 86 1
77 67 10
94 84 2
31 21 13
29 19 13
88 78 4
90 80 4
67 57 13
89 79 4
82 72 7
37 27 13
94 84 2
90 80 4
42 32 13
82 72 7
58 48 13
92 82 3
92 82 3
93 83 2
32 22 13
78 68 10
96 86 1
64 54 13
25 15 13
25 15 13
91 81 3
85 75 6
89 79 4
79 69 9
75 65 12
95 85 2
84 74 6
84 74 6
63 53 12
96 86 1
54 44 12
70 60 12
52 42 12
79 69 9
96 86 1
70 60 12
90 80 4
89 79 4
98 88 1
93 83 2
65 55 11
49 39 11
31 21 11
38 28 11
82 72 7
83 73 7
81 71 8
27 17 11
55 45 11
75 65 11
90 80 4
55 45 11
12 2 11
59 49 11
87 77 5
98 88 1
79 69 9
91 81 3
98 88 1
51 41 11
95 85 2
24 14 11
74 64 11
88 78 4
52 42 10
66 56 10
94 84 2
87 77 5
98 88 1
93 83 2
94 84 2
61 51 10
98 88 1
78 68 10
70 60 10
96 86 1
81 71 8
91 81 3
95 85 2
77 67 9
67 57 9
54 44 9
100 90 1
94 84 2
96 86 1
83 73 7
41 31 9
89 79 4
28 18 9
74 64 9
97 87 1
91 81 3
88 78 4
78 68 9
93 83 2
81 71 8
62 52 9
11 1 8
40 30 8
78 68 8
58 48 8
98 88 1
70 60 8
100 90 1
95 85 2
90 80 4
17 7 8
14 4 8
84 74 6
50 40 8
37 27 8
99 89 1
46 36 8
32 22 8
41 31 8
39 29 8
102 92 0
99 89 1
36 26 7
30 20 7
80 70 7
69 59 7
87 77 5
73 63 7
38 28 7
95 85 2
96 86 1
70 60 7
94 84 2
102 92 0
89 79 4
96 86 1
80 70 7
79 69 7
73 63 7
48 38 7
61 51 7
39 29 7
99 89 1
51 41 7
27 17 7
102 92 0
71 61 7
78 68 7
55 45 7
100 90 1
39 29 7
37 27 6
99 89 1
17 7 6
75 65 6
47 37 6
35 25 6
95 85 2
58 48 6
97 87 1
98 88 1
55 45 6
58 48 6
100 90 1
35 25 6
99 89 1
102 92 0
71 61 6
27 17 6
69 59 6
62 52 6
91 81 3
92 82 3
103 93 0
88 78 4
104 94 0
83 73 5
45 35 5
103 93 0
95 85 2
71 61 5
95 85 2
85 75 5
49 39 5
89 79 4
90 80 4
96 86 1
97 87 1
11 1 5
86 76 5
100 90 1
101 91 0
23 13 5
97 87 1
67 57 5
73 63 5
64 54 5
90 80 4
100 90 1
95 85 2
67 57 4
105 95 0
91 81 3
53 43 4
102 92 0
62 52 4
83 73 4
102 92 0
67 57 4
100 90 1
102 92 0
45 35 4
104 94 0
102 92 0
60 50 4
30 20 4
29 19 4
102 92 0
81 71 4
52 42 4
75 65 4
104 94 0
94 84 2
14 4 4
46 36 4
84 74 4
76 66 4
98 88 1
100 90 1
89 79 4
104 94 0
100 90 1
44 34 3
32 22 3
96 86 1
65 55 3
106 96 0
78 68 3
98 88 1
71 61 3
23 13 3
30 20 3
106 96 0
102 92 0
73 63 3
91 81 3
105 95 0
100 90 1
70 60 3
94 84 2
93 83 2
79 69 3
44 34 3
102 92 0
101 91 0
37 27 3
102 92 0
67 57 3
81 71 3
103 93 0
68 58 3
83 73 3
105 95 0
31 21 3
103 93 0
103 93 0
72 62 3
68 58 3
105 95 0
95 85 2
73 63 3
81 71 3
101 91 0
104 94 0
101 91 0
78 68 2
73 63 2
86 76 2
70 60 2
94 84 2
104 94 0
100 90 1
101 91 0
98 88 1
57 47 2
91 81 2
107 97 0
105 95 0
100 90 1
68 58 2
97 87 1
80 70 2
106 96 0
37 27 2
95 85 2
77 67 2
90 80 2
107 97 0
91 81 2
31 21 2
38 28 2
79 69 2
90 80 2
103 93 0
87 77 2
107 97 0
105 95 0
42 32 2
74 64 2
62 52 2
101 91 0
94 84 2
54 44 1
101 91 0
37 27 1
108 98 0
108 98 0
102 92 0
52 42 1
97 87 1
107 97 0
104 94 0
59 49 1
104 94 0
108 98 0
40 30 1
107 97 0
59 49 1
18 8 1
102 92 0
91 81 1
65 55 1
31 21 1
17 7 1
94 84 1
108 98 0
104 94 0
43 33 1
106 96 0
108 98 0
106 96 0
75 65 1
68 58 1
44 34 1
108 98 0
71 61 1
98 88 1
105 95 0
85 75 1
63 53 1
34 24 1
16 6 1
81 71 1
93 83 1
75 65 1
71 61 1
91 81 1
28 18 1
108 98 0
107 97 0
108 98 0
98 88 1
66 56 1
81 71 1
105 95 0
108 98 0
108 98 0
109 99 0
91 81 0
75 65 0
38 28 0
47 37 0
101 91 0
108 98 0
87 77 0
109 99 0
108 98 0
109 99 0
109 99 0
104 94 0
94 84 0
101 91 0
109 99 0
110 100 0
110 100 0
108 98 0
110 100 0
68 58 0
13 3 0
37 27 0
110 100 0
84 74 0
103 93 0
97 87 0
63 53 0
104 94 0
100 90 0
107 97 0
16 6 0
76 66 0
107 97 0
110 100 0
99 89 0
109 99 0
110 100 0
109 99 0
110 100 0
109 99 0
110 100 0
96 86 0
107 97 0
109 99 0
109 99 0
109 99 0
109 99 0
106 96 0
106 96 0
109 99 0
105 95 0
108 98 0
74 64 0
85 75 0
110 100 0
100 90 0
102 92 0
