100 100 4.3589
15 15 72
10 10 70
26 26 54
21 21 62
37 37 39
34 34 43
47 47 28
51 51 24
51 51 24
46 46 29
47 47 28
30 30 43
53 53 22
20 20 41
25 25 41
5 5 40
60 60 16
25 25 38
43 43 32
60 60 16
63 63 13
20 20 33
39 39 33
13 13 33
56 56 19
69 69 9
21 21 30
67 67 10
14 14 29
58 58 17
64 64 12
66 66 11
52 52 23
39 39 27
5 5 27
1 1 26
60 60 16
66 66 11
59 59 16
70 70 9
45 45 24
8 8 24
8 8 23
6 6 23
30 30 22
61 61 15
24 24 22
37 37 22
70 70 9
6 6 19
70 70 9
62 62 14
4 4 18
39 39 17
13 13 17
36 36 17
37 37 16
70 70 9
45 45 16
63 63 13
70 70 9
70 70 9
69 69 9
70 70 9
70 70 9
22 22 12
70 70 9
10 10 12
51 51 12
70 70 9
23 23 11
70 70 9
44 44 10
70 70 9
55 55 10
55 55 9
13 13 9
51 51 9
47 47 9
63 63 9
51 51 8
70 70 9
70 70 9
70 70 9
62 62 5
70 70 9
70 70 9
70 70 9
45 45 4
70 70 9
60 60 3
70 70 9
70 70 9
70 70 9
70 70 9
70 70 9
70 70 5
70 70 9
70 70 9
70 70 9
