5000 5000 4.3589
386 91 4895
1 8 4886
1 12 4869
1 56 4841
350 123 4806
160 125 4801
1 11 4797
326 88 4789
332 229 4711
1 37 4688
1 65 4678
655 312 4675
458 279 4675
135 293 4670
1 328 4669
1 94 4648
588 363 4636
552 64 4633
642 187 4622
459 90 4613
411 85 4594
547 282 4592
421 239 4575
1 183 4567
742 435 4546
218 407 4541
1 96 4540
40 402 4537
17 438 4532
1 425 4529
198 301 4528
259 65 4526
600 203 4526
1 444 4523
304 147 4508
849 440 4501
1 74 4486
655 503 4461
1 39 4437
836 425 4435
997 539 4401
1 260 4400
1 30 4378
430 234 4376
1 411 4372
368 564 4346
547 565 4338
785 463 4314
526 136 4312
547 696 4292
679 667 4291
629 206 4277
1 143 4274
573 642 4257
1 284 4244
383 241 4231
634 307 4227
349 506 4226
591 355 4222
592 559 4220
1038 750 4206
102 238 4189
946 809 4185
562 636 4182
131 29 4152
681 309 4151
841 709 4136
532 197 4133
176 451 4132
639 143 4126
136 238 4124
444 687 4122
263 760 4120
426 208 4116
1 163 4110
1 176 4096
70 276 4087
372 633 4084
615 605 4083
1 449 4079
346 151 4074
260 98 4070
1 360 4070
695 623 4067
559 302 4062
339 658 4059
1 420 4048
1 144 4048
211 514 4045
229 645 4039
1145 737 4038
988 769 4035
551 64 4034
1 219 4033
669 826 4027
1009 618 4027
389 458 4023
601 206 4015
826 815 3993
1313 943 3992
393 563 3991
569 780 3991
739 859 3986
718 607 3969
1 157 3956
397 129 3955
321 753 3947
422 590 3943
206 602 3939
32 21 3938
778 525 3936
1084 711 3930
367 711 3929
362 251 3916
371 425 3915
675 944 3914
690 573 3912
717 915 3910
174 501 3897
1 261 3894
470 931 3894
911 533 3891
1162 1078 3882
694 847 3879
241 630 3877
1407 965 3876
914 516 3876
831 865 3874
899 1006 3872
158 357 3870
885 581 3870
602 643 3869
1 254 3868
608 677 3864
453 265 3860
321 405 3860
299 281 3855
16 286 3850
662 476 3849
182 548 3847
203 574 3846
605 569 3842
293 627 3834
1300 858 3833
767 372 3825
1 29 3821
1033 1122 3819
513 994 3814
1157 842 3812
1396 946 3808
1220 1023 3805
349 409 3804
404 184 3791
194 194 3787
927 708 3784
736 314 3776
178 59 3773
522 668 3772
1204 917 3771
779 535 3757
1444 989 3750
1 123 3744
120 192 3738
1 41 3735
1454 1204 3735
1348 1046 3733
353 521 3731
854 958 3730
641 913 3729
172 585 3728
464 473 3726
1032 674 3714
1233 830 3713
1499 1227 3711
1 16 3707
795 915 3705
107 450 3697
1243 1241 3687
919 610 3675
563 503 3674
1595 1163 3673
650 470 3673
755 815 3669
127 108 3668
539 939 3663
1205 762 3659
380 672 3655
1512 1316 3654
1181 1328 3652
1429 1346 3651
703 776 3649
1534 1321 3648
867 1171 3644
797 941 3639
1309 1297 3637
1002 854 3626
262 367 3625
740 295 3621
45 367 3617
726 718 3614
1 88 3610
713 769 3609
956 1221 3608
225 702 3606
1116 1131 3603
655 427 3602
264 368 3602
786 615 3600
949 1281 3599
1 191 3592
1223 919 3590
718 877 3587
348 599 3584
1131 1288 3581
60 527 3580
1595 1101 3578
884 1015 3577
875 1284 3572
1084 998 3572
845 958 3569
1504 1317 3560
394 425 3558
1109 1011 3557
276 147 3554
1388 1382 3545
978 900 3544
573 1005 3537
408 351 3536
737 874 3533
911 589 3531
358 594 3529
537 495 3528
966 1013 3522
446 945 3518
453 57 3515
1564 1453 3511
1400 1239 3509
1215 878 3506
1233 906 3505
1516 1391 3503
1226 1359 3502
1200 1328 3502
523 699 3499
1094 971 3498
1294 912 3497
1504 1376 3493
1197 1190 3489
1115 1476 3488
452 550 3481
562 113 3480
160 202 3475
1188 1449 3472
1297 1517 3471
1023 1292 3469
1 156 3468
207 397 3466
1393 900 3461
1 42 3461
1579 1223 3456
793 817 3456
1087 823 3452
1344 1399 3442
1131 1529 3442
258 155 3438
1185 845 3436
1 136 3430
1082 1087 3430
1846 1398 3428
640 435 3427
564 550 3424
1 136 3419
1457 1205 3419
756 1250 3416
1203 705 3416
979 993 3415
937 673 3411
1 25 3409
235 439 3409
418 83 3405
1141 1020 3402
526 362 3399
1691 1258 3396
613 237 3396
1503 1099 3395
937 1148 3394
1439 1358 3391
1350 1299 3386
831 1310 3384
1122 993 3380
924 1197 3375
811 1250 3370
1741 1482 3364
349 19 3363
981 1155 3363
1023 1143 3362
863 1042 3359
816 653 3356
851 732 3351
823 585 3348
1634 1615 3347
504 959 3342
978 1257 3339
438 390 3337
624 887 3337
1868 1498 3336
397 833 3334
1177 877 3334
1 339 3333
1176 1475 3328
987 892 3326
1640 1179 3325
379 263 3324
726 313 3321
1 39 3321
519 827 3319
273 520 3319
1597 1138 3319
99 374 3317
589 190 3316
1090 1312 3315
1448 1641 3314
185 651 3310
1365 1203 3308
908 841 3306
843 604 3303
982 625 3297
289 280 3295
172 175 3293
207 224 3288
1088 1402 3286
1137 1043 3283
977 1023 3278
1951 1507 3270
139 504 3264
207 47 3263
1057 786 3260
170 84 3255
1215 1532 3254
1171 1467 3253
1 250 3253
1549 1448 3251
1690 1429 3250
803 324 3249
1295 1240 3247
1449 1710 3243
758 438 3242
1 106 3235
1212 738 3232
294 699 3230
1788 1704 3225
1658 1444 3223
1257 1608 3219
876 958 3215
865 1276 3214
1563 1532 3213
1006 1165 3212
1502 1403 3211
717 351 3210
949 1407 3208
1076 1292 3207
352 470 3202
1968 1599 3198
735 727 3196
370 363 3196
1581 1185 3193
1658 1511 3192
80 263 3191
1670 1287 3190
327 684 3185
1507 1518 3184
758 1146 3182
830 918 3181
2142 1735 3179
607 856 3178
741 735 3176
396 310 3176
913 770 3175
2064 1709 3175
1488 1751 3173
1590 1652 3171
1138 1388 3170
1707 1352 3169
363 123 3165
843 975 3162
112 69 3161
424 503 3160
821 848 3156
1276 1078 3152
2014 1569 3151
1704 1220 3142
343 120 3141
1269 1381 3139
808 1150 3138
1214 1169 3137
271 670 3135
1470 1773 3133
1609 1583 3132
2084 1719 3130
1043 907 3129
932 1271 3128
1321 1074 3128
1367 1215 3126
254 351 3124
582 728 3123
1495 1800 3122
1962 1492 3121
1931 1535 3118
1212 1644 3117
1496 1185 3112
1 54 3111
413 37 3109
1404 1875 3108
1594 1496 3106
903 969 3106
1486 1407 3105
694 1178 3102
1 138 3098
1505 1034 3097
998 1040 3090
1798 1648 3089
485 278 3088
675 1156 3087
1712 1839 3086
177 652 3084
995 1253 3084
469 639 3079
891 577 3070
1763 1675 3070
1047 1285 3069
613 546 3064
1214 1119 3061
329 384 3059
1320 968 3059
1264 1126 3057
17 344 3056
535 672 3056
1285 962 3047
1609 1746 3045
1429 1833 3044
1672 1955 3042
1294 1132 3041
1599 1197 3033
1700 1709 3030
1470 1945 3029
1770 1694 3029
1377 1663 3027
36 447 3024
1442 1905 3024
145 638 3022
1 79 3020
757 440 3019
1881 1904 3017
707 1182 3015
2204 1830 3013
300 644 3012
595 407 3008
999 878 3006
1422 1683 3004
428 511 3003
1673 1929 2996
1 86 2992
1459 1568 2990
1001 693 2989
932 1176 2989
1 91 2988
1844 1827 2987
1965 1946 2983
1043 1104 2982
989 1039 2980
1680 1407 2979
1425 1795 2979
1778 1745 2976
2121 1816 2972
1999 1862 2970
438 53 2970
1613 1534 2969
936 1376 2967
849 1032 2965
918 1352 2962
1886 1621 2961
1658 1887 2960
138 285 2956
443 456 2956
874 1332 2955
730 1039 2953
1990 1970 2951
1195 1413 2949
909 977 2948
695 1156 2946
1621 1603 2945
2239 1837 2943
877 860 2941
144 500 2940
1586 1713 2937
762 646 2936
2036 1663 2936
245 614 2936
727 1066 2933
1054 757 2932
669 291 2932
1275 864 2931
1299 1671 2930
427 661 2929
1013 1058 2927
1465 1440 2926
814 974 2922
1000 979 2920
1735 1240 2919
1331 1636 2919
1696 1868 2915
1594 1253 2915
832 1038 2915
1503 1357 2909
1402 1333 2906
360 23 2905
798 747 2902
1947 2016 2902
1291 1646 2901
945 707 2896
2065 1843 2896
1101 768 2895
1986 1860 2895
813 879 2894
1237 1452 2893
1689 1315 2890
1054 824 2889
1 90 2886
1115 1074 2884
1280 1516 2883
429 638 2879
579 343 2877
1056 759 2876
2366 1884 2869
1 330 2865
744 578 2865
1 12 2864
1659 1770 2863
831 920 2863
276 698 2860
196 181 2857
634 286 2857
823 1154 2853
2128 1859 2851
1242 1090 2848
368 619 2844
1340 1564 2844
1677 1419 2844
822 1010 2843
931 822 2836
668 326 2836
907 1062 2835
154 144 2832
550 249 2831
1790 1639 2831
504 392 2828
1063 684 2827
1015 1079 2825
1914 1563 2825
1388 1798 2825
514 788 2824
48 60 2822
1645 1815 2822
532 341 2821
1351 869 2819
294 709 2819
388 834 2816
1726 1581 2814
1161 1243 2812
1843 2057 2812
1651 1926 2810
1429 1019 2809
1923 2001 2809
375 763 2809
83 579 2808
2017 2005 2807
946 1445 2806
60 182 2804
656 523 2802
526 115 2800
45 317 2797
2073 1894 2796
1265 1323 2796
2159 1765 2795
1340 1772 2794
2511 2182 2794
1 224 2786
1340 1521 2785
589 510 2784
855 872 2782
1210 1082 2779
1200 1576 2779
768 1035 2776
1635 1442 2776
2273 1853 2775
1149 1412 2773
1955 2049 2772
1091 1521 2771
1193 981 2762
444 886 2756
1002 781 2756
1708 1514 2755
1786 1767 2755
1741 2228 2752
1 121 2751
2397 1957 2750
1268 1408 2749
1764 2004 2749
1411 1133 2745
1301 894 2744
1139 698 2743
1474 1210 2741
776 650 2735
1630 1650 2735
1891 1905 2735
575 1019 2732
1755 1763 2731
953 670 2730
933 1422 2729
2067 1815 2725
1499 1903 2725
1940 1720 2725
143 236 2725
1 96 2723
240 682 2722
1 153 2720
2325 2081 2714
1080 1248 2711
2416 2119 2710
610 729 2710
1476 1949 2709
888 1079 2704
1787 1722 2702
2536 2279 2695
1679 2124 2695
1087 1453 2694
749 419 2694
2378 2077 2693
1778 2204 2693
907 458 2691
1765 2219 2691
1837 1791 2689
1836 2289 2688
1 425 2687
1 100 2686
1230 1479 2685
588 1064 2685
771 495 2684
2235 1876 2684
842 1309 2683
1525 1216 2683
1301 1727 2681
549 581 2680
1840 1350 2679
2131 2285 2676
1429 1924 2673
1683 1515 2672
1 17 2670
838 495 2669
1309 1552 2667
432 781 2663
391 563 2662
1318 919 2661
1595 2005 2661
955 919 2661
1053 1235 2661
2149 1813 2658
1346 907 2656
730 255 2654
868 800 2651
525 707 2649
1643 1261 2646
511 712 2644
1 255 2644
2260 2343 2644
943 483 2642
1277 780 2638
1527 1704 2637
2189 2240 2635
2417 2200 2635
240 372 2634
1075 821 2634
1389 1649 2633
1277 1716 2630
1202 1509 2629
1148 1587 2629
1869 1841 2628
2017 1735 2628
1044 744 2627
2811 2341 2623
398 85 2623
237 703 2622
1831 1788 2621
1114 999 2621
289 589 2621
1696 2069 2620
913 1068 2619
2281 2220 2617
652 271 2616
926 897 2615
1630 1506 2615
919 1205 2612
567 244 2612
199 439 2611
2151 1905 2607
929 518 2607
1696 2128 2604
2391 2164 2602
571 621 2600
2465 2291 2599
1863 2361 2597
1789 2264 2595
1453 1330 2594
34 215 2594
2541 2052 2593
137 53 2592
1709 1710 2589
2616 2150 2587
1729 1936 2587
1499 1872 2587
1442 954 2586
1620 1827 2585
1658 1556 2585
1217 995 2584
1684 2144 2581
1845 2299 2581
1 134 2580
2437 2025 2579
318 774 2579
235 635 2571
2662 2254 2571
481 923 2570
1793 1835 2569
2511 2020 2569
1279 1590 2568
799 466 2568
2260 2279 2566
1964 2380 2566
1270 936 2565
1041 1301 2564
1962 1886 2563
135 390 2557
1395 1567 2557
653 960 2552
1449 1689 2550
2441 2300 2549
1276 973 2549
1996 2288 2548
414 45 2548
1 15 2547
84 18 2544
157 379 2544
2325 2309 2542
1623 1312 2542
1104 791 2541
2225 1902 2537
625 331 2534
1807 1842 2533
1180 823 2532
2014 1942 2532
545 986 2531
445 596 2529
2097 2207 2528
1916 1618 2527
1510 1240 2527
764 514 2526
1673 1265 2526
2009 1717 2522
475 458 2522
910 1117 2519
2229 2110 2517
2668 2481 2516
2016 2248 2516
1917 2364 2515
1611 1361 2513
327 244 2513
1224 735 2512
1121 926 2512
1033 1503 2511
1097 1513 2509
717 366 2508
1994 1841 2507
238 315 2506
939 1289 2505
2651 2483 2503
540 605 2502
2490 2076 2502
510 673 2500
1830 1903 2496
1 66 2496
1 69 2496
1731 1428 2495
1134 668 2493
576 782 2493
2231 2339 2490
694 1041 2489
1487 1235 2488
2422 2057 2488
49 390 2487
2444 2455 2487
1932 1786 2487
1882 1687 2486
2068 2138 2482
439 757 2481
1674 2014 2480
530 539 2480
1244 1630 2480
1407 1299 2478
1533 1948 2476
892 1118 2475
2032 2169 2474
17 283 2472
1919 1790 2472
1962 2218 2472
2470 1999 2471
2210 1733 2468
2469 2306 2467
2702 2279 2466
1982 2057 2465
582 389 2462
2324 2478 2460
962 1412 2460
2164 1799 2459
1 330 2455
433 215 2454
849 935 2453
1779 2205 2452
1 113 2446
1475 1468 2446
2544 2396 2446
2388 2420 2442
1279 797 2441
1985 2349 2441
1201 1397 2440
1629 1401 2438
1667 2016 2438
2440 2480 2438
1539 1762 2436
911 1336 2435
136 190 2433
2746 2311 2433
2376 2051 2433
1851 1536 2431
757 602 2431
2198 1888 2430
1557 1591 2429
1955 1561 2428
1913 2106 2425
1538 1470 2425
2570 2215 2421
307 365 2420
600 419 2419
2190 2553 2418
1997 2030 2416
1 312 2414
519 589 2414
2604 2444 2410
1726 1598 2409
2409 2248 2408
1335 1154 2408
2280 1852 2407
2417 2072 2406
1588 2069 2405
1111 738 2405
1917 1426 2405
2076 1613 2404
522 53 2402
1468 1548 2401
1364 1214 2400
2864 2414 2398
1896 2047 2398
1846 1836 2397
1 234 2396
1838 2003 2396
721 693 2395
2199 2390 2394
889 659 2393
1600 1834 2392
451 900 2392
1107 1547 2391
2423 2285 2390
1295 1145 2390
1797 1675 2387
1333 875 2387
639 299 2384
2546 2101 2383
1 137 2381
2669 2254 2380
1041 1362 2379
1 206 2377
1809 2002 2375
2461 2153 2375
2127 2240 2375
2731 2541 2374
705 404 2370
2396 2583 2368
1742 1711 2367
2363 2004 2366
1112 1341 2366
1985 2372 2365
555 892 2365
1234 1079 2363
1145 1548 2361
1881 1872 2361
1611 1202 2359
2159 2212 2359
2779 2541 2358
32 442 2357
2594 2095 2357
1670 2138 2356
2036 2488 2356
2045 2066 2355
2739 2358 2355
965 1132 2354
1923 2044 2354
1395 1044 2353
2170 1732 2352
626 943 2349
377 546 2349
1436 1170 2348
1492 1420 2345
132 537 2342
2273 2558 2341
2116 2518 2339
1997 1714 2338
1871 1811 2337
2239 2645 2337
412 876 2337
696 1137 2335
1028 861 2335
2134 2456 2334
1625 1968 2333
1221 869 2333
2571 2157 2333
753 912 2332
2211 2495 2324
2233 1948 2324
578 180 2322
1444 1347 2322
377 217 2321
448 264 2320
3013 2544 2318
394 846 2315
1279 1491 2313
1968 2217 2313
2023 1936 2312
2128 2447 2311
2734 2412 2310
2051 2541 2310
2095 2341 2310
2908 2480 2310
1407 1884 2310
1064 1366 2306
192 9 2303
2830 2698 2301
2516 2466 2299
2140 1733 2298
893 714 2295
1782 2181 2295
1189 1683 2294
2820 2514 2293
2650 2360 2290
1251 1163 2288
912 579 2286
1902 2095 2285
1 215 2285
883 1037 2284
1969 1897 2282
659 1122 2280
1694 1817 2280
1901 2289 2279
1788 1843 2279
2384 2722 2277
2770 2335 2274
1895 1990 2273
2320 2305 2273
1131 1369 2272
1102 695 2270
2384 2508 2269
2514 2037 2266
2466 1979 2265
1210 1242 2263
2310 2649 2263
321 441 2261
553 531 2261
172 592 2260
512 100 2260
2463 2423 2259
788 1275 2256
2400 2012 2256
235 350 2254
2047 2142 2254
2108 1877 2253
2964 2472 2252
1038 822 2251
1135 1528 2250
2130 2475 2249
2525 2438 2247
2489 2549 2245
942 1063 2245
3102 2717 2245
2164 1873 2245
694 680 2243
1342 1265 2243
783 1202 2243
1336 1694 2243
2885 2562 2243
1920 2365 2241
2449 2357 2241
2128 1893 2241
2770 2583 2238
2076 1645 2236
3099 2665 2233
1079 1530 2233
1465 1629 2232
2135 1967 2230
2393 2317 2229
2012 2422 2228
2637 2453 2227
2116 2529 2226
782 916 2224
484 412 2221
2537 2442 2220
132 587 2220
1967 2370 2219
1849 2326 2219
2572 2266 2219
2432 2598 2219
1291 876 2218
1714 1620 2217
516 374 2216
2014 2138 2216
1652 1907 2215
1 106 2212
1901 2276 2211
1404 1373 2209
1873 2218 2208
799 637 2206
1017 1388 2206
2598 2352 2205
1 275 2205
1561 1832 2203
1633 1897 2203
813 355 2202
1798 2117 2202
537 49 2198
1706 1470 2196
1001 916 2196
1083 1543 2195
1640 2058 2194
258 260 2193
1058 857 2193
46 538 2193
1778 2157 2190
1262 1393 2189
1125 1183 2189
2740 2310 2189
1467 1902 2188
2802 2442 2188
522 93 2187
2303 2269 2185
2489 2469 2181
978 637 2177
2095 1813 2176
1310 1298 2176
445 318 2172
1 118 2172
1484 1907 2172
2916 2448 2169
2127 1928 2169
2926 2703 2165
2995 2578 2162
532 483 2161
2349 2054 2161
1101 1334 2161
2474 2365 2159
1146 987 2157
2549 2654 2157
2027 1828 2155
3028 2702 2154
2961 2734 2154
1221 1326 2152
2629 2547 2151
1281 1700 2148
750 535 2148
1064 1138 2145
1293 1103 2142
1913 1718 2142
1920 1869 2138
1072 650 2137
1685 2042 2135
2516 2859 2134
2982 2520 2134
2057 1822 2133
545 786 2132
2190 2548 2128
1547 1205 2127
1121 715 2126
2070 1887 2124
2702 2569 2122
493 221 2117
2118 2352 2115
1193 1108 2112
2380 2094 2111
2446 2583 2110
2248 2040 2109
2522 2618 2108
1779 1309 2106
2310 2586 2105
1888 2368 2104
1551 1859 2102
2278 2597 2102
1845 1758 2102
1048 1115 2096
2845 2441 2096
994 1384 2096
375 322 2093
1 37 2093
1278 1476 2090
2523 2148 2089
1938 1811 2089
2707 2655 2088
1730 1276 2088
685 290 2086
1998 1823 2086
2218 1806 2085
2548 2257 2083
2466 2618 2082
2798 2332 2080
1 236 2080
2565 2637 2079
1601 1999 2079
1976 1773 2078
2323 2214 2078
2241 1926 2077
1915 2322 2075
1659 1792 2075
1382 1422 2073
1861 2344 2072
635 568 2070
2782 2690 2067
2991 2770 2066
1316 1277 2064
1112 1578 2062
1942 2023 2060
2412 2832 2060
1530 1389 2057
3222 2893 2055
1764 1304 2055
2108 1871 2054
2717 2359 2048
1359 1233 2048
2173 2035 2048
2180 2112 2047
1000 1186 2046
1 7 2045
1190 1669 2045
3134 2886 2045
2465 2873 2043
1115 1564 2042
952 1055 2042
245 527 2039
2490 2766 2039
173 192 2036
1 253 2033
2249 1887 2033
2297 2605 2033
334 208 2032
1762 1586 2032
1085 1529 2031
1293 980 2030
1 365 2029
834 585 2028
2933 2703 2027
2837 2838 2027
1228 1410 2026
3175 2724 2022
2881 2550 2022
2446 2380 2021
939 592 2019
2567 2520 2019
1689 1626 2018
2415 2205 2017
580 332 2014
2021 1582 2013
405 421 2013
1151 735 2012
167 465 2012
1 114 2010
1196 1117 2009
2415 2668 2008
1253 1516 2007
1151 1521 2007
311 501 2006
69 326 2005
2607 2559 2004
1560 1565 2004
2007 2219 2004
2437 2669 2004
900 1272 2003
1216 1143 2002
3174 2722 2001
2655 2501 2000
396 753 1999
1612 1238 1999
2468 2749 1999
1802 2171 1999
922 748 1998
2568 2074 1998
3160 2794 1997
1275 1364 1995
3188 2903 1994
1738 1332 1992
2465 2744 1991
238 647 1991
3158 2949 1990
2487 2219 1989
2193 2637 1989
1423 1471 1988
760 843 1988
1969 1765 1986
3227 2815 1986
2181 2021 1985
2665 2800 1983
565 502 1983
1631 1936 1983
2979 2736 1980
1976 1973 1980
2016 2245 1976
1027 1458 1976
2862 2894 1974
1922 2308 1973
332 813 1972
1971 1616 1971
1140 886 1970
1839 2206 1969
297 638 1967
1737 1564 1967
2998 2883 1966
449 150 1966
3207 2862 1964
2557 2285 1962
2184 2039 1962
3385 2895 1962
852 1299 1961
1725 2215 1959
674 728 1958
1118 1152 1958
256 339 1957
2889 3018 1956
2003 2268 1956
2783 2432 1956
2889 2800 1955
2842 3015 1955
589 684 1954
1466 1206 1952
2093 1842 1949
1444 1577 1949
3412 3014 1948
3336 3009 1948
2604 2363 1946
2016 2448 1945
2999 2604 1943
998 508 1943
1020 1155 1942
549 626 1941
798 394 1941
1991 2383 1939
881 1214 1938
3061 2947 1937
2181 1904 1936
2080 2551 1935
2258 2702 1935
2341 2664 1933
1922 1991 1932
2327 2782 1932
111 106 1931
2992 2759 1931
1495 1294 1929
1 393 1927
2948 2729 1926
1588 2065 1925
1830 2031 1924
1612 1307 1922
1340 978 1919
2169 2146 1919
2568 2747 1918
1288 1425 1918
2136 1870 1917
2206 1769 1917
1581 1955 1917
385 262 1916
379 120 1916
2667 2680 1915
1 173 1915
1244 958 1912
521 457 1911
2246 2445 1911
2970 2884 1911
2303 2029 1911
1104 821 1910
2243 1908 1908
2030 2347 1908
3337 2913 1905
2935 2913 1902
2280 2223 1900
2550 2516 1900
3200 2975 1896
590 107 1893
628 330 1892
2559 2848 1892
1092 1255 1892
2131 2573 1892
2867 2747 1891
2487 2254 1891
1164 814 1891
1493 1699 1890
3278 3033 1888
1107 1358 1888
3244 2925 1885
1 54 1884
1 50 1884
800 724 1883
3249 2937 1882
2179 2326 1880
2625 2230 1876
2657 3096 1875
2658 2276 1874
1938 1564 1873
1729 2148 1872
1624 1331 1872
756 492 1870
1961 2124 1870
2234 2003 1869
1337 1251 1869
1591 1650 1865
1140 1241 1860
1 147 1858
2705 2999 1858
2517 2189 1858
3373 3100 1855
2702 2475 1848
1 92 1848
1337 1415 1847
1185 689 1847
2880 2443 1846
2209 2693 1845
483 909 1845
1574 1684 1844
3166 3090 1842
2203 2020 1840
3112 3032 1839
3459 3157 1838
1479 1574 1835
2215 2261 1834
728 647 1834
1679 1339 1833
2822 2592 1833
2451 1986 1830
2266 1900 1829
2013 1838 1828
2227 2058 1828
2734 2260 1826
192 595 1826
1132 1264 1826
2352 2744 1824
2376 2132 1822
586 101 1822
715 685 1821
103 195 1821
2406 2319 1821
1256 1576 1820
1332 1102 1818
3063 2623 1817
753 562 1817
2736 2832 1815
1314 1116 1815
947 868 1814
1332 1470 1813
1235 1358 1812
947 548 1811
1056 1343 1811
2609 2892 1808
2375 2664 1804
1882 1606 1802
2905 3046 1801
2626 2782 1800
3215 2749 1800
2791 2886 1800
386 415 1800
1045 1480 1800
2760 2641 1799
2561 2559 1798
2412 2479 1798
2772 2432 1797
959 542 1797
2047 1886 1797
827 407 1796
2503 2744 1796
37 312 1796
2133 1908 1796
3180 2844 1796
1374 1244 1795
1114 1308 1792
2342 2792 1791
2309 2177 1790
1991 1810 1789
2429 2698 1789
1759 1677 1788
1701 1428 1788
2870 2433 1786
1622 1334 1786
2344 1980 1786
2316 2087 1785
2969 2863 1785
1449 1301 1784
2900 3163 1781
2123 2004 1780
3463 3030 1779
1560 2049 1775
2223 2393 1774
2472 2910 1773
142 162 1771
2049 2015 1771
1931 1435 1770
2281 2493 1769
898 1094 1768
2134 2393 1767
1129 1220 1767
1010 1157 1767
1766 1824 1766
2927 2621 1766
638 636 1766
2671 3100 1766
237 696 1765
467 128 1763
3126 2998 1762
2350 2149 1761
2748 2442 1761
1043 1206 1761
1140 1052 1761
1700 2109 1760
2736 2575 1751
730 533 1750
1 171 1749
2941 3146 1749
2169 2576 1748
2689 2936 1748
1674 1945 1748
1113 622 1748
2985 2965 1747
1 150 1747
459 396 1745
2884 2422 1744
2267 2442 1744
1102 954 1744
1768 1866 1743
2612 3081 1741
3589 3140 1736
245 396 1733
2860 3220 1733
2551 2558 1733
989 1139 1732
1030 1099 1732
2363 2770 1729
1977 1918 1729
2845 3185 1727
1 107 1725
573 693 1723
3594 3111 1721
2593 2424 1721
3632 3175 1721
2909 2574 1720
769 590 1719
297 717 1719
814 748 1718
3153 3067 1716
577 697 1716
2515 2223 1716
3007 3057 1715
2506 2222 1713
2765 2861 1713
623 136 1713
2152 1668 1712
1931 1778 1712
1986 2171 1712
2565 2679 1710
590 1070 1709
1219 1715 1707
1674 2058 1706
1305 910 1706
3316 3143 1706
580 765 1705
919 567 1704
3063 2843 1703
489 385 1701
913 490 1700
685 198 1699
481 427 1699
2019 2387 1698
2813 2927 1697
680 945 1697
2848 2846 1695
2977 3037 1695
2869 2465 1693
476 88 1692
2039 2493 1690
1951 2056 1690
1981 2101 1689
1 287 1688
1606 1273 1688
708 785 1688
1781 1992 1686
2759 2710 1684
3033 2792 1682
2391 2245 1679
1513 1899 1678
3012 3080 1677
3183 2757 1675
1642 1157 1675
3156 3165 1674
2855 2742 1673
2721 2710 1673
3343 3158 1672
1478 1543 1671
199 360 1668
1990 2239 1667
2538 2144 1666
3083 3248 1666
2440 2371 1665
2919 2920 1665
2624 2302 1665
2773 2367 1663
639 225 1662
2155 2216 1662
1493 1039 1660
3472 3193 1659
1112 1580 1658
2162 2271 1657
1981 2201 1657
1658 1870 1657
2682 2855 1656
34 74 1655
2467 2944 1654
3195 2953 1654
51 546 1654
707 428 1651
1749 1827 1650
649 765 1650
1590 1653 1650
3454 3278 1649
1479 1434 1649
107 291 1647
3088 3281 1646
3553 3272 1643
876 649 1642
1122 1315 1642
1895 2052 1641
295 301 1641
1115 1565 1641
1493 1905 1640
1395 1412 1640
966 1406 1639
3699 3266 1639
2742 2277 1638
1177 756 1636
2868 3059 1635
2629 2800 1635
2669 3063 1634
2453 2669 1633
1806 2212 1633
3386 3092 1632
1669 2166 1632
2191 2609 1632
1900 1725 1631
1559 1578 1631
3240 3260 1631
2956 3240 1631
2244 2272 1630
3127 3070 1629
1 188 1629
2560 2947 1628
1813 2057 1626
478 743 1625
2563 2979 1624
929 835 1624
2961 2686 1620
3453 3225 1620
1234 1563 1620
75 202 1619
1544 1762 1619
3102 2805 1618
3097 3152 1617
800 729 1616
3068 2643 1616
824 1173 1615
2095 1697 1614
2575 3056 1613
3530 3329 1612
702 1043 1610
2319 2643 1610
2632 2672 1609
1651 1421 1608
3364 2958 1607
1229 1479 1607
433 303 1607
1055 985 1605
2206 2610 1605
1699 1391 1604
2750 2788 1602
2619 2308 1602
2040 2426 1602
2500 2300 1601
2765 2960 1600
1897 1404 1600
2098 2379 1599
2065 1669 1596
2897 3173 1596
1 39 1595
1942 2050 1594
3155 3365 1594
1204 1451 1594
2241 1878 1592
2194 2463 1591
2900 2462 1591
1079 707 1590
1617 2089 1590
3233 2898 1589
2436 2898 1587
1032 1249 1587
464 537 1586
2353 2314 1585
876 1286 1585
1 179 1585
1257 1406 1584
456 93 1583
2599 2988 1583
1742 1946 1583
2788 2928 1581
1 6 1581
3018 2984 1580
3595 3415 1580
2870 2810 1580
886 389 1579
1252 1220 1579
3286 3198 1578
3319 3082 1577
1388 1077 1575
1489 1218 1575
1737 1690 1575
1031 1186 1574
3423 3418 1572
2719 2408 1571
2825 2368 1571
1300 1597 1570
47 540 1569
1512 1517 1568
2190 1885 1567
2268 2661 1567
2256 2323 1566
1667 1632 1566
3192 3296 1565
3531 3213 1565
2801 2353 1564
785 860 1564
435 46 1564
2684 2521 1564
3150 2873 1564
3201 3109 1563
1 95 1561
1316 1122 1560
864 1136 1558
2087 2557 1558
3099 3341 1557
2117 2393 1556
637 728 1556
2626 2627 1556
3151 2846 1555
629 716 1554
2758 2801 1554
2731 2999 1553
2274 2312 1551
2337 2129 1551
884 585 1550
660 338 1550
2937 2672 1547
1245 954 1547
3380 3395 1546
1951 2051 1546
1741 2006 1545
684 728 1545
2858 2709 1543
1587 1107 1542
988 917 1541
3480 3222 1540
2705 2612 1540
2654 3102 1539
2596 2246 1539
2885 3239 1539
3192 2951 1536
2145 2028 1535
3194 3029 1534
2228 2562 1534
922 559 1533
1378 1554 1532
2934 3406 1531
2702 2671 1531
3655 3170 1530
2718 2960 1530
3477 3123 1529
165 601 1528
737 759 1528
1884 2091 1527
1555 1665 1527
3289 3113 1526
2583 2493 1524
1755 1816 1524
1910 2289 1524
2502 2666 1523
748 443 1520
3582 3457 1519
1683 1277 1519
2827 2755 1517
2442 2821 1515
1710 1305 1515
1575 1801 1514
2511 3007 1513
1433 1232 1513
650 430 1513
903 569 1512
3380 3071 1511
2433 2218 1510
3098 3377 1509
1550 1834 1509
2503 2756 1509
638 534 1508
2094 2274 1507
3725 3419 1503
3202 2716 1500
2122 1814 1500
2715 2989 1500
3308 3173 1499
951 1379 1496
2870 3190 1494
1105 1018 1494
1295 1152 1494
242 519 1493
840 600 1493
2613 2222 1492
3280 3309 1491
3707 3324 1491
2817 2806 1490
3404 3142 1489
2416 2040 1488
1160 1366 1488
2788 2560 1487
1603 1188 1487
3043 3452 1487
3231 3345 1487
1259 1349 1486
1715 2011 1484
250 622 1484
3137 3071 1483
3220 3086 1483
728 528 1482
606 312 1482
2101 1969 1482
792 943 1481
2927 3195 1481
3002 3064 1481
1734 2076 1479
1411 1390 1479
3053 3366 1478
3075 3194 1478
1122 1287 1476
2382 2470 1474
121 320 1474
1961 1656 1473
2447 2476 1472
2248 1992 1471
538 716 1470
1736 2012 1467
3048 3423 1466
1048 1251 1463
469 95 1463
3246 2874 1463
2111 2274 1463
707 1180 1458
2900 3252 1458
3509 3160 1456
2107 1954 1455
1216 1452 1455
2842 3028 1455
1725 1888 1453
1716 2119 1453
2325 2258 1453
2872 2600 1449
1783 2109 1449
2052 1608 1449
1998 1673 1449
782 606 1448
2171 2456 1448
966 954 1448
3538 3056 1447
3322 2886 1446
2441 2491 1444
546 450 1443
1293 1438 1441
2736 2411 1441
1349 1830 1439
1245 1362 1439
2817 2712 1437
2373 2164 1437
768 430 1437
2866 3347 1436
3146 3217 1436
1392 1468 1435
3029 2999 1435
3886 3558 1434
1 179 1434
1348 1054 1432
880 592 1432
1139 1077 1431
1314 1697 1430
1175 1166 1430
320 290 1430
3771 3436 1429
3475 3515 1429
1843 1682 1426
1919 1907 1425
2730 2637 1425
1678 2122 1423
2704 2603 1422
2834 2668 1421
2691 3115 1421
1635 1199 1421
3320 3512 1420
3141 3339 1420
263 689 1420
1914 2173 1419
1723 1425 1419
1072 597 1416
254 734 1414
869 1228 1412
3085 2994 1408
846 1290 1408
3189 2787 1408
1416 1346 1408
3128 2756 1407
2524 2928 1407
2941 3370 1404
3555 3392 1402
1363 1761 1402
2983 3352 1401
275 660 1401
2445 2660 1399
3307 3409 1398
3088 3354 1397
3075 3090 1397
1116 1452 1396
2288 2232 1396
718 1038 1395
3023 3334 1394
3034 3167 1392
2233 2613 1392
754 354 1391
2074 1980 1390
1940 1983 1389
2409 2315 1389
528 276 1388
1544 1961 1387
3006 2737 1386
1837 1944 1386
3298 2879 1386
3371 3576 1385
3403 3096 1383
3609 3461 1382
2140 2476 1382
765 545 1382
2989 3454 1381
2373 1918 1381
2710 2592 1381
400 363 1380
3003 3122 1378
1548 1735 1378
546 109 1377
2139 1661 1376
1517 1276 1375
489 200 1375
1717 1718 1375
1699 1206 1374
1645 1479 1374
3572 3574 1371
1589 1948 1371
2901 3137 1370
838 940 1370
1555 1721 1369
3148 3584 1369
3353 3440 1369
3578 3628 1367
3165 3307 1367
3187 2832 1367
1389 1730 1363
1404 1857 1362
1240 1378 1359
2703 2503 1359
2696 2839 1358
3226 2879 1357
2803 3278 1357
3167 3211 1357
535 397 1357
1547 1055 1355
2187 2073 1353
2847 2849 1352
1 247 1347
2440 2865 1346
3607 3571 1345
1293 1596 1343
3182 2849 1343
1849 2154 1343
2196 2300 1342
2411 1970 1342
321 325 1341
2963 3258 1341
1297 1434 1341
3483 3189 1339
2392 2279 1339
1549 1841 1337
2394 2124 1337
1482 1074 1337
2157 1948 1336
1028 1270 1335
942 829 1333
3445 3415 1333
2313 2199 1333
2690 2321 1332
2492 2609 1332
387 83 1329
1023 1197 1329
2156 2302 1329
3777 3516 1328
3024 2540 1326
1163 1360 1325
1286 1385 1324
3430 3438 1324
1232 942 1324
3204 3250 1323
3978 3591 1322
3423 3539 1320
1311 1358 1320
1 293 1320
2120 1797 1320
2289 2615 1319
2877 3279 1318
425 275 1318
3388 3076 1317
608 764 1317
816 1198 1317
1203 1402 1316
3345 2903 1315
3321 3373 1315
1573 1678 1315
2681 3077 1314
2962 2935 1314
1820 2230 1314
3073 3568 1313
2215 1971 1313
1773 2225 1312
3429 3556 1312
3524 3308 1311
1522 1519 1310
3381 3221 1309
2997 3355 1309
1244 1614 1309
601 264 1308
2447 2412 1306
1016 1212 1306
1 39 1305
1348 1367 1305
2676 3147 1305
2277 1820 1304
3914 3482 1302
1623 1984 1299
1940 1609 1298
3639 3214 1298
2548 2793 1297
2947 3307 1297
2951 3305 1295
3138 3207 1295
1137 920 1295
2162 2389 1294
1934 2000 1293
3901 3466 1293
1051 1465 1293
2693 2315 1292
1923 2232 1292
3098 2771 1291
751 683 1290
807 657 1290
3216 3352 1287
663 1080 1286
601 494 1283
3160 3510 1281
1797 1435 1281
3904 3714 1280
900 1355 1278
4115 3640 1278
2114 1961 1277
3082 3506 1276
1941 2004 1275
3870 3627 1273
1879 1513 1273
499 332 1271
3076 2962 1271
2977 3216 1270
3908 3702 1270
1993 1832 1269
1924 2346 1268
2826 2454 1268
3165 3381 1267
4128 3641 1266
1361 1606 1265
3139 3609 1265
3707 3605 1264
3017 2999 1264
2099 2057 1264
1 180 1263
3563 3205 1263
1670 2044 1263
1 204 1263
345 141 1260
2645 2991 1260
1519 1386 1260
2111 2238 1259
1543 1489 1256
1241 1610 1255
2491 2549 1254
2881 3114 1251
1952 2039 1250
2703 3080 1250
2795 2621 1249
645 302 1249
3238 3261 1248
3822 3506 1247
1649 2081 1247
2380 2578 1246
2745 2405 1246
3686 3581 1244
2127 2038 1243
1608 1671 1243
3143 3453 1243
3203 3050 1241
3467 3400 1241
1150 1172 1240
1324 1671 1240
1004 1079 1239
1413 924 1239
2085 2528 1238
1288 1273 1237
1426 1548 1237
2742 3003 1236
2400 2066 1233
3796 3328 1233
3889 3475 1233
3260 3660 1231
3049 3201 1229
1057 1243 1229
1938 1678 1228
2677 2795 1227
3576 3559 1227
3277 3529 1227
3644 3523 1226
3000 3159 1226
1077 944 1226
2425 2191 1225
3603 3733 1225
115 486 1223
1475 1446 1222
3063 3313 1219
2729 2554 1219
2859 2483 1219
2389 2686 1219
2567 3047 1217
1492 1841 1216
401 817 1215
3761 3582 1214
2845 3070 1213
1648 1162 1212
686 1184 1211
2232 2450 1209
1714 1776 1208
3240 3506 1208
3829 3519 1203
950 1050 1203
1192 1323 1203
2279 2164 1203
1943 1760 1202
2848 2530 1201
3099 3156 1200
371 167 1199
1159 1551 1199
2479 2017 1199
1399 1630 1199
3358 3008 1198
1670 1286 1197
333 394 1196
4071 3577 1194
585 1059 1194
3641 3626 1193
2753 2725 1192
3833 3542 1192
3458 3274 1191
3136 3356 1191
582 152 1190
1553 1531 1190
2481 2187 1190
3617 3681 1189
431 361 1189
3630 3568 1189
1984 2123 1186
1464 1570 1186
2353 2809 1183
2734 2441 1183
765 1242 1182
3637 3385 1181
2749 3039 1178
694 471 1175
2058 2429 1175
2562 2507 1175
3763 3407 1174
1577 1497 1174
3536 3327 1173
1900 2101 1173
2707 2499 1172
736 440 1170
3452 2991 1170
202 194 1169
3368 3629 1169
1353 1299 1168
438 345 1168
1 153 1167
1811 1500 1165
2016 2028 1165
829 400 1165
2895 2925 1163
3373 2960 1162
737 894 1160
2271 2715 1160
3691 3363 1160
3552 3442 1160
1578 2032 1158
3219 3544 1158
2810 3121 1158
3740 3817 1155
3518 3488 1155
1 312 1154
2902 3212 1154
2283 2763 1154
2606 2354 1154
1542 1636 1153
2911 3398 1153
3617 3537 1152
3810 3501 1151
4087 3603 1150
1840 1436 1150
3074 2847 1150
2655 2704 1150
2766 2712 1149
3277 3554 1149
583 575 1145
1 208 1145
2413 1935 1145
3328 2829 1144
3924 3669 1143
3763 3631 1143
3435 3381 1142
1962 1976 1142
2167 2491 1142
845 811 1140
1543 1305 1139
1601 1373 1138
3062 3027 1137
3601 3785 1136
1668 1770 1135
206 674 1134
776 656 1133
3939 3842 1132
2852 2760 1131
1287 1040 1131
3637 3329 1130
3644 3559 1129
626 223 1128
126 154 1128
3887 3616 1127
2414 2399 1126
2705 2730 1126
1034 1155 1126
437 687 1125
3692 3539 1125
1182 802 1125
3723 3766 1124
3591 3531 1123
2365 2865 1122
489 684 1122
2286 2349 1122
2450 2027 1121
3303 2902 1121
3792 3870 1120
2539 2121 1119
3474 3462 1119
3830 3800 1118
2611 2729 1118
3321 3581 1117
1479 1702 1117
3115 3050 1116
3480 3063 1116
3208 3339 1115
1236 1398 1115
1312 1619 1113
2501 2804 1113
2862 3167 1113
876 660 1112
3103 3128 1112
3540 3676 1111
2591 2971 1110
2846 2831 1110
3470 3472 1109
2931 3401 1108
3621 3841 1107
1540 1145 1106
727 1060 1106
3226 2863 1105
2512 2130 1105
2936 2965 1104
1887 2356 1103
3213 2892 1103
386 1 1103
3528 3653 1100
3771 3399 1100
3675 3664 1100
3404 2963 1100
1446 1139 1098
3983 3758 1098
3368 3176 1098
3757 3657 1097
2059 2032 1096
2330 2071 1095
3234 2869 1094
733 532 1093
2075 1771 1092
3374 2887 1092
438 81 1091
4255 3850 1091
1601 1533 1091
3559 3326 1090
3473 3100 1090
1353 863 1089
1052 1290 1088
1907 1809 1087
3406 3165 1086
1189 813 1086
2220 2006 1085
1 434 1085
3369 3066 1085
3084 2721 1084
961 1382 1084
3386 3804 1084
2547 2728 1083
2316 2476 1083
1054 598 1081
3949 3729 1080
3583 3533 1080
778 1108 1079
2135 1944 1079
3812 3701 1079
1105 889 1079
2818 2727 1078
4297 3800 1078
3148 2713 1077
1617 1891 1077
2706 2875 1076
3170 2692 1075
3416 3769 1074
2886 2800 1074
3499 3663 1073
1173 1212 1072
3419 3369 1070
1560 1937 1069
3180 2963 1069
2818 2998 1068
3380 3417 1067
3518 3030 1066
3459 3634 1066
3459 3400 1066
2325 2096 1064
2929 3423 1063
2325 2123 1061
2159 2390 1060
3817 3854 1060
3112 3025 1057
1 194 1056
2609 2700 1056
3004 2554 1052
1710 2003 1051
1314 875 1050
3296 3378 1050
2868 2537 1049
3619 3441 1048
3399 3449 1048
4157 3872 1045
242 584 1045
1457 1333 1044
908 1367 1043
3999 3628 1043
2771 2972 1042
1538 1131 1041
3977 3946 1041
2275 2293 1040
1106 636 1040
1606 1406 1039
3132 3034 1038
786 867 1037
4068 3701 1037
2443 2424 1036
2559 3042 1036
1856 2139 1035
2415 2283 1034
1 321 1033
3542 3835 1033
2431 2837 1032
493 883 1031
3109 3276 1031
3547 3555 1030
3658 3857 1030
3670 3458 1029
3240 3173 1029
2886 2603 1029
1494 1240 1028
3071 2878 1028
2354 2692 1027
3093 2945 1027
3155 2887 1026
2362 2279 1026
1964 2270 1026
1003 807 1025
2604 2192 1024
2803 2310 1024
2113 1625 1022
3783 3355 1022
835 1224 1022
2954 3421 1022
505 177 1021
1518 1367 1020
1755 2111 1020
442 523 1019
4004 3780 1019
666 579 1018
1170 1367 1017
1484 1591 1016
1915 2144 1016
1707 1534 1015
1122 759 1015
673 587 1015
3698 3648 1013
4247 3926 1012
2380 2607 1012
1753 1850 1011
1821 1631 1011
3572 3924 1011
735 532 1011
1052 1495 1009
3552 3839 1008
3462 3700 1008
2171 1774 1008
3376 3677 1007
2611 2577 1007
3830 3950 1006
2509 2247 1006
3320 2871 1006
1642 1754 1005
2409 2048 1004
2749 2364 1003
1 423 1003
3345 3474 1003
3290 3147 1002
3995 3767 1001
1809 1430 1000
2707 3141 1000
3483 3492 1000
3138 3010 1000
2985 3269 999
3991 3907 997
2787 3275 997
3417 3034 997
3521 3742 996
3524 3380 996
3189 3630 995
4354 3957 995
3834 3924 995
2974 3372 995
1987 2294 995
1303 992 995
1972 1788 994
3174 3584 994
3417 3898 994
1867 1862 993
3386 3463 992
3075 3365 990
3108 2683 989
3612 3771 988
3083 3535 988
805 551 988
3115 3530 987
1573 1452 986
3696 3298 985
973 1121 985
2346 2238 985
2886 3027 984
3323 3765 983
2162 2083 982
3129 3397 981
3283 3702 981
3469 3718 981
3815 3766 981
1940 2101 980
3213 3075 979
4120 3808 979
2964 3363 979
3818 3612 979
2125 2474 978
3751 3417 978
2713 2366 977
3827 3958 977
963 740 977
3751 3391 977
414 833 977
1341 1038 976
1201 1085 976
735 497 975
1886 2130 975
2553 2437 974
675 955 973
669 772 972
3392 3582 971
3141 2961 970
2548 2918 970
3956 3905 969
3155 3098 968
3282 3696 968
3784 3367 968
3721 3725 967
2251 1790 967
2444 2541 966
3551 4034 965
2208 2169 965
3013 3468 964
1033 1271 964
1441 1615 964
345 93 964
4271 3858 963
3786 4019 963
2182 2179 962
3637 3682 962
2318 2720 962
4095 3744 962
3143 3606 961
191 312 960
3765 3909 959
3419 3413 957
1 97 957
1305 1496 957
1011 1020 956
3725 3449 956
650 975 955
2084 2194 955
3314 3449 955
3288 3434 955
1192 1388 954
2608 3090 954
2857 3065 953
2649 2300 953
4086 3819 953
3163 3495 951
2699 2624 951
1839 1400 951
3269 3539 951
2293 2256 951
2630 2742 950
2308 2052 950
2660 2711 950
3263 3250 949
1 118 948
1883 1585 948
2620 2267 948
3016 3003 947
3529 3218 947
1066 1117 947
3605 3851 946
3077 2795 946
4312 4027 945
3484 3364 945
4053 3821 945
3607 3496 945
3498 3069 944
3861 3700 943
757 440 942
1040 1070 941
284 536 941
4206 3781 940
3897 3636 940
3323 3373 939
4394 3954 939
3051 3261 939
3806 3468 937
4189 3912 936
1 416 936
3708 3994 936
3020 3094 935
4336 4051 934
3670 3375 933
2867 2442 932
1 204 930
3600 3914 929
1448 1750 929
305 181 928
2132 2420 927
3728 3464 927
2664 2824 925
3272 3110 924
2486 2056 924
3010 3281 924
3892 3793 923
3842 4062 923
3601 3891 922
2886 2999 922
1894 1432 921
1973 1767 920
2172 2436 920
1442 1642 920
3251 3683 919
2687 2996 917
968 500 916
3785 3286 916
2418 2195 916
1436 999 916
4314 3961 915
3190 3115 915
1696 2189 915
1983 2442 915
2546 2917 915
3526 3323 914
2692 2691 913
3510 3304 913
352 638 913
3210 3578 913
1438 1163 913
1914 2235 912
2605 2483 912
2773 3169 911
1484 1262 910
3581 3854 909
3239 3479 909
2529 2591 909
3680 3369 908
3097 3552 907
2886 2668 907
3151 2768 906
4237 4080 906
4211 3902 905
2976 2968 905
3734 3519 904
3238 3331 903
3176 3149 903
1553 1054 902
758 365 902
3999 3666 901
2375 2719 901
4391 3915 900
3051 2716 899
2307 2231 898
1814 1752 898
3681 3285 897
751 304 897
2751 2917 897
2958 2714 897
291 457 896
4051 4003 896
1116 1177 894
4054 3619 894
1389 1272 894
1767 1502 893
3963 3940 893
3758 3444 892
2113 2549 892
2486 2320 892
1996 1882 890
3032 2573 890
3542 3519 890
454 773 889
2872 2851 889
2302 2025 889
2585 2122 887
1713 1422 886
3740 3943 886
46 130 886
2689 2740 885
2700 2748 884
1139 1392 884
553 1012 883
2411 2867 883
3774 3517 882
3967 3976 882
1258 1611 881
2821 2989 880
2930 3063 879
3936 3801 879
3016 3484 878
428 782 877
4172 4117 875
4344 4064 875
3437 3922 875
3012 3463 874
1852 2334 872
2159 1842 871
357 703 871
930 1168 869
3318 3370 869
4009 3658 868
2329 2716 866
3203 2742 866
3628 3976 864
422 828 863
2256 2135 862
3523 3802 862
1116 918 861
3045 3016 856
2300 2249 856
3882 3690 856
2448 2552 856
2160 1908 855
3531 3927 854
3533 3787 854
3184 3005 854
2363 2159 853
2707 2831 853
3728 3510 852
241 626 852
3262 3348 851
3529 3446 851
2010 2463 851
2266 2075 850
1787 2013 848
1987 2092 848
3306 3360 848
4346 4080 847
3570 3826 846
4423 3949 846
3985 3687 845
4000 3530 845
1 70 845
3709 3388 844
3752 3896 843
3136 3333 843
3776 3767 842
4050 4038 842
3804 3813 842
3732 3571 841
2373 1957 841
4098 3938 841
3567 3665 841
3290 3569 840
3224 3615 840
2235 2135 839
1643 1372 838
3842 4047 838
1503 1229 838
3739 3637 838
3838 4070 837
2558 2893 837
3024 2743 837
2627 2314 836
2152 2493 834
2675 3103 833
3721 3410 830
2886 3241 829
2805 2684 828
3532 3939 827
550 108 827
2493 2211 826
4206 3972 826
3482 3515 826
3078 3398 826
1597 1664 826
3279 3514 825
3616 4006 824
2475 2348 824
4017 3701 824
4015 3642 824
3678 4030 823
3316 2856 823
1941 1929 823
2173 2395 823
1554 1791 823
10 170 822
2104 1715 822
1163 1662 822
3689 3300 821
4225 3800 820
3177 3628 820
3892 4007 819
3757 4043 819
4408 4103 819
3880 3966 818
3507 3668 818
974 999 818
1767 1294 817
4271 4145 816
637 919 816
1395 1892 816
3731 3508 815
1446 1932 815
3462 3750 814
4169 3896 813
3720 3531 812
3879 4055 812
956 575 812
4303 3884 812
2985 2702 811
2583 3081 811
1776 1727 810
1186 1099 810
3591 3154 810
3279 3195 808
2590 2979 807
4044 3629 806
106 297 805
819 971 804
3497 3475 804
2854 3110 803
3840 4158 803
1230 1729 802
2598 2487 802
2459 2543 801
2714 2692 800
4038 3878 800
1016 737 800
3490 3571 800
1570 1667 799
27 116 799
2537 2199 797
3684 3555 797
3943 3885 796
2586 2664 796
3095 3273 795
3630 4010 794
1643 1397 794
3005 3500 793
2543 2185 793
3610 3166 793
4135 3636 793
4384 4187 793
3075 3424 793
3869 3925 792
2820 2476 792
1352 1216 790
1152 1633 790
1242 957 789
2775 2607 789
3193 2984 788
3069 2942 788
1321 1525 788
2067 2011 787
4476 4127 786
1838 2191 786
4222 4010 786
3922 4128 785
4288 3899 785
3467 3535 785
1763 1723 785
4019 3746 784
3600 4077 783
2054 2235 783
1453 1639 783
3485 3560 783
4105 3858 783
1977 1617 782
2986 2921 782
1326 1025 782
106 48 781
3303 3144 781
1993 2454 780
3542 3411 780
3699 3446 780
4412 4101 779
3245 3125 777
1895 1404 777
440 180 776
1666 2056 776
2085 2390 775
4027 4181 775
4524 4075 774
413 457 774
767 1042 774
3628 3531 773
1897 1923 772
505 727 772
2140 2388 771
4416 3945 770
1262 1276 770
3060 2757 770
3016 3282 769
3685 3227 769
2504 2284 768
2702 2784 767
2778 3267 767
4078 4195 764
1063 758 764
751 754 763
4049 4108 763
4069 4127 762
2588 2649 762
1474 1491 761
900 741 761
3699 4196 761
4215 3786 760
3999 3704 759
2886 3304 759
1293 1183 758
4176 3929 758
1447 1493 757
4349 3897 757
1902 1418 756
2467 2126 756
4288 4077 755
1740 2124 754
3441 3746 754
4441 3994 753
1090 1111 753
4365 4195 752
2737 2755 752
3325 3010 752
3198 3355 751
1910 2247 751
4329 3841 751
3978 4078 751
3440 3543 750
726 1107 750
4678 4186 749
1044 808 749
2868 2432 749
1366 1756 748
2334 2802 748
1524 1606 748
2888 2580 748
3653 3681 748
2281 2280 748
3862 3782 748
2013 1802 747
2781 2879 747
4442 4117 747
3107 3226 747
2266 1840 747
3114 3440 747
4422 4092 746
4190 4073 746
4416 4131 745
2274 2736 745
3787 4206 745
1836 1394 745
3412 3631 745
564 227 744
2723 2693 744
3877 3498 744
1661 1282 744
4592 4190 744
3400 3869 743
3344 3013 743
4541 4199 743
1923 2324 742
3223 3480 742
2412 2079 741
1138 1413 740
3512 3870 739
3620 3569 739
2135 1888 738
2692 2335 738
2629 2828 737
1 466 737
4033 3842 737
643 1002 737
707 592 735
1052 902 735
3825 3844 735
4095 3699 734
3257 3593 734
1627 1473 734
3788 3466 733
2806 3287 733
4127 4002 733
1663 1846 732
2853 3020 731
1048 855 730
3408 3469 729
2871 3212 728
2714 3013 728
1 7 728
1223 1047 728
4379 4038 727
4250 4062 727
3651 4113 727
4072 3583 726
3926 4069 726
965 1140 724
2681 2189 724
2974 3072 722
1045 912 721
2704 2237 721
3185 3660 720
1530 1296 720
3440 3813 719
3081 3559 719
2695 2298 719
3044 3229 719
2001 2495 719
3309 3496 719
2465 2733 716
4156 3929 716
2924 2708 715
1756 2020 715
2249 2126 715
3379 3835 714
4179 3991 714
1654 1780 713
2742 3094 711
2456 2213 710
4244 3787 709
3209 3678 709
335 58 709
4310 3833 707
1401 1195 707
2740 3001 707
4416 3973 706
1503 1184 706
3398 3844 705
2153 2267 705
3467 3901 705
1038 1250 704
4253 4143 704
2708 2908 704
3797 3967 704
3975 3585 702
1527 1240 702
2306 2463 700
2726 2833 698
3360 3615 698
4106 3935 698
3441 3274 698
4362 3867 698
992 953 696
2545 2812 695
4372 4253 695
3191 2871 695
4169 3995 694
4368 3998 693
3629 3388 693
2155 2223 692
1529 1800 692
3088 2918 690
2114 1679 690
1465 1723 689
894 558 689
1191 1165 689
2575 2615 689
2914 3165 688
1290 1025 688
4571 4280 688
1430 1853 687
3054 3246 687
1255 938 685
3278 3419 683
2324 2101 683
3468 3103 683
2150 1704 682
3926 3458 682
2031 2208 682
1767 1303 682
388 396 682
2363 2031 682
1 113 681
3858 3470 681
2469 2696 680
3853 3870 680
4273 3838 679
4071 4191 679
1109 1181 679
3284 3778 677
4159 3702 677
641 460 676
3860 4271 676
3621 4053 675
2433 2819 674
2714 2999 674
3221 3260 673
597 609 673
4267 4223 673
1537 1210 673
3203 3150 672
474 954 672
4062 3734 672
3964 4070 671
2790 2668 671
2751 2758 671
3931 4163 671
4075 4329 670
4290 3928 670
1 126 669
4106 3882 668
2534 2889 668
3160 3011 668
1631 2060 668
3402 3617 668
4600 4150 667
4242 3996 667
3107 3006 667
3577 3701 667
1211 1309 666
3577 4065 666
4218 4287 666
4041 4056 665
4608 4312 665
2697 2803 664
1679 1702 664
3241 2894 664
3601 3752 664
2542 2816 664
4177 4161 663
4037 4055 661
3735 4197 661
3428 3580 661
3308 3524 661
1741 2016 660
3865 3467 660
2902 3035 660
2890 2526 660
3502 3202 659
3369 3154 659
2172 1792 659
1384 1284 659
1229 1554 658
3174 3006 655
4089 4019 655
2572 2500 655
2139 1711 655
2720 2618 654
1413 1406 654
4246 3789 654
3121 3088 653
4253 3976 653
3680 3714 653
3438 3117 652
4558 4201 652
494 218 652
2668 2378 651
3260 3364 651
1478 1677 650
3332 3480 650
4255 4128 650
3733 3890 648
2000 2471 648
2368 2562 648
3292 2891 648
3186 2857 647
3685 3887 645
2913 3283 642
3582 3802 642
3865 4036 641
2388 2794 640
1147 1567 640
3178 2781 639
3523 3603 639
1946 2280 638
3969 3820 638
4009 3578 638
3799 3849 637
3940 4094 637
3858 4340 636
1370 1072 636
4336 4341 635
999 1422 634
4514 4257 634
2753 2662 634
738 316 633
517 675 633
1623 1621 633
1189 902 632
2530 2952 632
3995 4125 632
2918 2736 631
1039 1207 631
3634 3794 630
2203 1946 630
3429 3634 630
1476 1843 630
2189 2334 630
3336 3304 629
4102 4284 629
3426 3588 629
2583 2327 627
3813 4064 626
3807 4287 625
1069 1489 624
987 723 623
2778 2926 623
1106 1489 622
3962 4223 622
2198 2109 622
3234 3288 621
494 677 621
1385 1852 620
3924 4372 620
3369 3345 619
3569 3797 618
4218 3754 618
4128 3817 617
954 1391 617
3868 4171 617
3859 3956 615
3107 2836 615
4164 4191 614
3715 3438 614
3902 4113 614
3162 3202 613
4225 3933 613
3709 3993 613
3944 3627 613
2502 2858 612
3364 3855 612
1706 2071 611
4000 4142 611
2811 3260 611
3695 3601 611
1231 1156 610
3115 3245 608
4312 3933 608
4446 4193 607
3353 2966 606
4452 4348 605
3368 3773 605
2916 3083 605
3967 3659 605
4272 4108 604
2301 2279 604
858 491 604
4016 4334 604
186 317 604
4078 4385 602
3455 3650 602
1228 929 600
3148 3073 600
3729 4205 600
4016 4351 598
3373 3015 597
3774 3819 596
2459 2265 596
3438 3417 596
4319 4019 595
4439 4286 594
1408 1395 594
4840 4394 594
3707 4076 593
1516 1990 593
3193 3625 593
3310 3344 592
2911 3200 592
3518 3557 592
2853 3275 592
3519 3651 592
1020 1105 591
3079 3249 591
4455 4014 591
2503 2131 591
2363 2670 590
1355 956 588
1976 2223 588
3919 3469 587
4443 4215 587
3342 3437 586
4174 4262 586
1315 1385 585
4223 3879 585
2039 2467 584
1438 1425 584
4290 4341 584
3956 4322 584
4820 4343 584
3792 3703 583
1347 1482 583
3851 4126 582
1178 1604 582
3644 3152 582
3943 3585 582
3413 3871 582
4061 4330 581
3912 4316 580
2057 2048 580
1910 1769 579
2570 2559 579
1666 1854 579
329 427 579
4130 4327 579
4191 3828 578
2481 2033 578
4827 4336 577
3433 3226 577
4431 4131 577
2641 2876 576
1376 1813 576
3322 3097 575
1336 1341 575
2704 3032 575
3073 3440 573
3598 3966 573
4085 3949 572
1415 1582 572
4317 3893 572
3957 3904 572
3256 3261 571
435 907 571
4199 4245 569
3276 3014 568
2737 2761 568
2510 2780 568
3919 3720 568
4498 4086 567
3763 4244 567
4744 4244 566
4077 4403 566
2710 2442 566
2443 2447 565
683 687 565
855 1276 565
1031 549 565
3010 3497 565
3933 4394 564
4463 4146 563
1032 788 563
783 424 562
4317 4218 562
1977 1967 562
4232 4281 562
1685 1849 561
469 761 560
4742 4258 559
4592 4173 559
3670 3734 558
1811 1743 557
2070 2525 557
2808 2851 557
4150 4400 557
2781 2943 555
4057 4288 554
2007 2245 553
2025 2167 552
3645 3758 552
3689 3583 551
1847 1763 551
4540 4402 550
1849 1933 550
1861 1634 549
3269 3343 549
4567 4436 549
4240 4431 548
4654 4183 547
877 469 547
3428 3373 547
4114 3922 546
2368 1898 546
2538 2993 546
4350 4225 546
4131 4428 546
4136 4294 545
4069 4008 545
3163 3493 545
3453 3899 544
3849 3907 542
1977 2079 541
1235 1708 540
828 380 540
936 1138 539
3660 3842 539
3368 3769 539
1 120 538
3480 3889 538
4276 4332 538
2067 1973 537
4227 4287 537
4234 4379 537
1 219 537
4603 4275 535
2232 1874 534
3899 3715 534
4434 4331 534
3787 3538 533
3137 2980 533
3723 4199 532
4303 4098 530
3554 3670 530
1547 1590 530
3579 3614 530
3030 3418 529
936 559 528
2074 2444 527
3575 3703 527
3474 3661 527
3729 3464 526
4618 4211 526
3068 3493 526
3628 3261 526
1459 1936 525
3883 3915 525
1576 1077 523
4485 4091 522
1718 1694 520
4214 3865 520
3688 3754 519
4272 4298 519
1999 2427 519
3781 4119 517
2615 2356 516
2498 2338 516
172 177 516
3960 4222 515
3919 4015 514
1837 2077 513
3214 3043 513
3180 3610 511
1320 1768 511
1576 1860 511
2840 2781 511
4538 4251 511
2579 2937 510
4936 4444 510
1633 1876 510
3511 3830 509
3301 3679 508
1643 2012 508
3018 2619 508
1844 1881 507
414 448 506
3958 3805 506
3067 3014 505
1944 2370 505
830 1176 504
3434 3650 504
2517 2300 503
2300 2751 503
1998 2172 503
3360 3736 503
1894 1726 502
3687 3904 502
1283 1137 501
3301 3646 501
4732 4346 500
4650 4366 500
4473 4330 499
724 930 499
2109 2542 499
474 428 497
3380 3733 497
3585 3685 496
4111 4322 495
4058 3616 495
1171 1160 495
3747 4110 494
3804 3389 494
1239 1635 493
1006 793 493
4107 4168 492
2291 2766 492
3687 3705 492
4289 4410 492
3815 3492 491
2348 2039 490
2792 3034 490
4730 4470 490
99 360 490
4812 4438 489
2987 3475 489
2775 2500 489
3040 3053 488
2770 2482 488
4098 4261 487
1738 1868 487
1669 1353 486
3940 4141 486
4832 4437 485
1638 1857 485
3947 4036 484
3832 4082 483
1939 1678 483
1870 2213 483
2841 2782 481
854 549 481
285 61 480
4401 3948 479
4516 4132 479
4373 3986 478
3063 3065 477
1364 1114 477
1091 1545 477
4263 4191 477
2014 1683 476
2826 2539 475
2362 2101 475
4805 4383 475
3434 3332 475
1972 2021 474
4547 4138 474
3184 3029 473
1518 1666 472
3546 3984 472
4648 4168 471
2306 2200 471
1957 1829 471
2493 2618 470
2918 2801 469
4312 4479 468
4285 4423 467
3559 4055 466
3990 4130 466
3562 3870 465
3687 3543 465
2322 2732 465
4636 4345 464
1272 842 464
3707 3765 462
4730 4377 462
1513 1833 462
842 728 462
4517 4455 462
3163 3417 460
3722 3794 459
156 615 459
4256 4400 458
3940 3781 458
956 760 458
3006 3253 457
3487 3698 457
1155 1150 456
1124 1562 455
4697 4450 455
4103 4279 455
3179 3582 454
3177 3141 454
2281 2624 453
3598 3184 453
4060 4375 452
3087 2638 451
3739 3951 450
4421 4529 450
901 1291 450
2196 2536 450
4346 4369 449
3625 3181 449
3888 3456 448
4374 4523 448
1526 1872 448
4273 4080 448
4743 4382 448
1121 1016 447
898 1254 446
4031 3712 446
1 261 445
1772 1854 445
1486 1831 444
4478 4485 444
2828 2731 443
4733 4521 443
2773 2763 443
3577 4050 441
4749 4413 441
3701 3950 440
1260 1569 440
3149 3612 439
2678 2724 439
3579 3986 438
4004 4458 438
2981 3045 438
4160 4550 438
4415 4147 437
4835 4412 437
1131 1014 436
4804 4502 436
4440 4562 434
1071 941 434
4045 4386 433
1962 1806 432
1454 1568 432
4094 4047 432
2883 2680 431
4147 4065 430
477 369 430
2946 2755 430
3157 2826 429
4590 4354 429
910 1052 428
4487 4408 428
4733 4572 427
4912 4526 427
2689 2255 427
3593 3925 427
4194 4433 426
2443 1987 426
1340 1051 426
3321 3817 425
2460 2924 424
2030 1732 424
3085 2953 423
4523 4308 423
2727 2260 423
4106 4413 423
2592 2831 423
3799 3749 422
433 348 422
1739 1353 422
4067 3925 421
413 625 421
2976 2862 421
3233 3593 421
4242 3978 420
2089 2394 420
3501 3264 420
4305 3980 420
3593 3280 420
1830 1346 420
2648 2758 420
4170 4509 419
252 173 419
4726 4476 418
4428 4567 418
1307 1342 418
2922 3032 418
680 816 417
3821 4005 417
4568 4088 416
2635 2519 416
2207 2287 416
3373 3710 416
4402 4231 415
2616 2788 414
4138 4338 413
4258 4024 412
3471 3599 412
4272 4090 412
4043 4145 412
1514 1393 412
3885 3971 412
1 107 411
4648 4218 411
4113 4566 411
2569 3008 411
4204 4109 411
3240 3099 410
3577 3255 410
660 761 409
3609 4001 409
1841 1685 408
1159 721 408
2846 2617 408
3854 4075 408
4925 4520 407
4389 4172 407
195 369 406
4132 4340 406
4203 4411 405
4808 4470 405
3773 3991 405
1456 1597 404
5054 4593 404
3327 2838 404
2587 2149 404
4202 4158 404
4585 4143 403
1252 1744 403
3178 2735 403
4548 4537 402
3942 4386 402
3079 2600 402
4472 4584 401
3506 3567 400
1219 1218 400
230 155 400
2885 2571 400
4294 4578 399
4550 4185 399
3990 4032 398
4316 4451 398
4024 4432 397
3686 4034 397
3502 3195 397
3687 3417 397
3788 3703 396
4684 4374 396
3653 3780 396
2680 2821 395
1 165 395
4462 4595 395
992 1159 394
1423 929 394
4174 4462 394
4433 4200 394
4506 4334 393
3846 4090 393
1264 1420 392
3054 3201 392
4621 4572 391
3027 3425 391
1555 1412 390
1052 1391 390
3532 3409 389
832 981 389
3791 3495 389
5043 4590 389
3454 3651 389
4575 4571 388
2173 2254 388
3132 3568 388
1384 1235 388
3584 3511 388
4785 4490 388
2499 2915 387
3588 3201 387
2124 1631 386
4590 4448 386
459 504 385
3634 4121 385
3990 4214 385
1629 1630 384
1977 2030 384
4105 4286 384
3137 3247 383
3738 4077 383
4360 4163 383
2725 2316 383
4448 4477 383
4565 4608 382
3491 3928 381
3857 4346 381
2009 2374 379
3670 3428 379
4014 3768 378
3569 3768 378
4217 4399 378
3183 3025 376
91 80 376
3368 3430 376
3271 3225 375
4275 4166 374
3100 2969 373
4114 3845 373
3374 3873 373
4267 3814 373
4050 3774 372
4618 4225 372
3709 3446 371
2534 2300 371
2167 2548 371
338 81 371
2105 2198 370
4252 4461 369
3641 3851 369
1926 2406 369
2741 3232 369
991 642 368
4530 4557 368
2980 2819 368
2758 3072 368
4519 4607 368
4654 4595 368
3041 2819 367
887 907 366
4119 4382 366
2923 2450 366
4143 4370 365
3399 3641 364
4810 4597 364
4599 4119 364
3942 4270 363
4634 4609 362
1481 1444 362
5108 4618 362
4145 3925 362
3330 3064 360
300 232 360
4060 3861 360
3099 3583 359
4354 4451 359
2798 2640 358
3768 3997 358
4034 3595 358
4411 4513 357
1232 1219 356
3806 4236 355
4750 4422 355
1746 1353 354
3124 3442 353
1928 2299 353
3414 3205 353
4201 4625 352
4682 4629 352
3045 3456 352
2127 2021 352
9 237 351
226 568 351
4518 4531 351
3864 3723 351
2156 2103 350
2511 2297 350
2798 3050 350
4845 4483 350
4074 4461 349
3424 3802 349
348 102 348
940 1311 347
4692 4216 347
4956 4530 346
4591 4299 346
1532 1801 346
1341 1470 345
2318 2091 345
1916 1614 345
4 504 344
3720 3576 344
1656 1159 344
4181 3891 343
5063 4565 343
4820 4377 342
3001 3242 342
2719 3094 341
2201 2688 341
4309 4094 341
4358 4608 341
4058 4499 340
4303 4612 340
4538 4397 340
3172 3076 340
1016 560 340
4632 4646 339
2741 2355 339
3154 3307 339
3752 4089 339
4092 4334 339
4479 4323 338
3931 3514 338
272 661 338
4444 4552 337
4412 4643 337
917 1326 337
4761 4270 336
4120 4388 336
640 858 336
4477 4386 335
3305 3625 335
623 770 335
2374 2494 334
3407 3463 334
1608 1156 334
3556 3921 334
4413 4187 334
4342 3990 333
2512 2178 333
5115 4620 333
4016 4334 333
4575 4600 332
3842 4254 332
4479 4397 331
4423 4635 331
3949 4400 331
4322 4360 329
1970 1717 329
1215 1139 328
864 1334 328
3982 4147 328
2148 2129 327
2136 2092 327
3710 4097 327
1565 1916 327
2054 2276 325
4967 4626 324
3328 3810 324
4710 4383 324
4204 3716 324
2555 2611 323
4008 4314 323
2022 1994 323
4740 4371 322
4242 4617 322
4936 4668 321
3433 3476 321
4380 4575 321
4371 4114 320
4201 4190 320
16 313 319
2300 2364 319
1628 1511 319
2506 2131 319
1175 894 319
4200 4503 319
247 75 318
4234 3957 318
1 226 318
3112 2701 318
259 126 315
4492 4514 315
2091 1783 315
2392 2202 315
2238 2488 315
4262 4670 315
1679 1824 315
4353 4659 315
1291 1056 313
2912 2598 313
4660 4650 313
4096 4078 313
3633 3375 312
4153 3782 312
2894 3040 312
4931 4489 312
2162 2265 311
2057 2381 310
1 41 310
4350 4640 310
4237 4194 310
4040 4442 310
4434 4399 310
3851 3989 309
4381 4445 308
2394 2331 308
3810 3458 308
4096 4367 308
3042 2718 308
839 1098 307
4002 4259 307
4374 4657 306
3955 4313 306
1737 1421 306
4697 4536 305
2397 2602 305
4012 3736 305
1025 1049 305
1 34 305
4157 4467 304
3786 3648 304
3825 3830 303
4063 3976 303
2431 2718 302
3905 4062 300
2942 3218 299
2607 2992 298
3776 3806 298
4173 4303 297
2891 3316 297
4148 4592 297
1905 1691 296
5056 4668 296
4218 4683 296
4821 4365 296
1903 1988 296
4632 4667 296
910 1022 295
2271 1858 295
4202 4451 295
2941 3224 294
3876 4022 294
3182 3654 294
4212 4667 294
4302 3984 293
3229 3423 293
1552 1526 293
4652 4484 292
1281 1766 292
5028 4533 292
4036 4378 291
586 117 291
1922 1623 291
2744 2748 290
4203 4549 290
4597 4593 290
4067 4400 290
4664 4595 290
394 763 289
2079 2528 289
4690 4228 289
4855 4515 288
3667 3776 288
4236 4658 288
4123 3626 288
3601 3616 288
2415 2789 288
4 55 288
3856 3466 287
4907 4536 286
3470 3692 286
4080 4394 286
4387 4625 286
4341 4078 285
3970 3613 285
761 980 284
1238 1589 283
3095 3528 282
4202 4167 281
4491 4610 281
3810 3863 281
4963 4521 280
4551 4543 280
341 799 280
3093 3046 280
4330 4137 279
3639 4118 279
3483 3424 278
3578 3515 277
4965 4665 277
5022 4714 277
4513 4527 277
4273 4560 276
1639 1238 276
4182 4297 276
3967 3578 275
4329 4440 274
1210 1645 274
3814 3754 274
4870 4446 274
4232 4137 273
4451 4658 273
2441 1947 273
3842 3931 272
3734 4123 272
4420 4596 272
1 5 272
3164 3540 272
3936 4046 271
4167 4203 271
1 385 270
4401 4263 270
2975 2779 270
4209 4650 270
4413 3956 269
1026 1435 269
5129 4664 269
515 684 268
3467 3639 267
4458 4175 267
5175 4689 266
1973 1759 266
3915 3810 265
4962 4660 263
4177 4139 263
1600 1929 263
4460 4689 263
1212 1485 263
1228 1408 261
3428 3192 261
4513 4295 261
4585 4281 261
3400 3161 261
3133 3594 260
4040 4494 260
4150 4562 260
16 351 260
2579 2752 260
3447 3333 259
2710 3167 259
1201 1389 259
4616 4621 259
4066 4282 258
1 90 258
4958 4639 258
4751 4370 257
3282 3326 257
4162 3810 257
4658 4699 257
3664 4081 257
4216 4594 257
2033 1860 257
1114 1401 257
3125 2869 256
72 557 256
3120 3199 256
1203 1566 255
2981 3147 255
4151 4631 254
2720 3214 254
2171 1711 253
4315 3870 253
4571 4721 253
4665 4206 253
3634 3507 252
4366 4184 252
4119 4571 252
4366 4474 251
2974 2556 251
4482 4737 250
4521 4392 250
3731 3967 249
3034 2796 249
1518 1066 249
3881 3546 249
2457 2906 249
26 491 248
3983 4472 248
4366 4539 248
4171 3901 248
3196 2759 248
4933 4748 248
2145 1866 247
4176 4048 247
958 536 247
3748 3985 247
3450 3355 247
3955 3722 247
4357 4032 246
4674 4672 246
1576 1782 246
4379 4156 246
305 572 246
1344 961 246
3669 3198 245
4393 4364 245
3746 3384 244
1 451 244
4299 4660 243
1035 594 243
4940 4692 243
643 937 243
2818 2390 242
1 20 241
2890 2451 241
4701 4617 241
1021 876 241
3761 3916 240
146 400 240
4552 4607 239
3372 3276 239
981 946 239
486 457 239
4818 4745 238
4782 4662 238
3633 3920 238
4244 3966 238
343 300 238
2758 3117 237
3160 3231 237
4479 4639 237
4411 4543 237
2015 1967 236
4749 4713 236
4278 4332 236
2595 2917 236
3800 3985 235
4883 4763 235
4267 4401 235
2347 2725 235
4744 4545 235
514 823 234
2861 2753 234
4165 4654 232
4571 4538 232
1941 2120 231
3354 3032 231
2793 3007 231
2268 1853 230
2595 2937 230
4267 4657 230
1045 1045 229
4244 4743 229
4074 3948 229
5014 4736 227
4048 4376 227
4613 4759 227
4154 4624 227
4179 4309 227
5105 4625 227
4287 4738 226
1023 1263 226
3737 3837 225
4452 4633 225
4538 4072 225
3476 3764 225
4170 4183 225
2819 2991 225
4299 4471 225
4182 4471 225
4785 4570 225
1077 1124 224
5055 4656 224
311 357 224
3889 4164 223
3701 3942 223
3908 3828 222
1243 1216 222
45 491 222
4154 4107 222
4496 4704 222
4680 4630 220
1 259 220
5224 4741 220
4093 3935 219
4352 4709 219
4487 4432 219
2457 2425 218
3225 3387 218
435 781 218
2563 2341 218
4663 4262 218
4292 4485 217
4380 4357 217
4222 4662 217
4339 4048 217
3702 4032 217
3757 3420 217
4723 4682 216
4197 4175 215
1889 1503 215
4750 4502 215
3158 3568 215
3710 3301 214
3901 4396 214
5150 4691 214
3396 3784 214
3513 3705 213
2504 2435 213
4510 4371 212
4969 4504 212
3884 3491 212
5016 4787 212
1220 1683 212
3843 4034 211
2468 2597 210
4438 3951 209
3071 2930 209
3944 3923 209
4107 4582 209
3219 3654 209
1801 2114 209
4802 4724 209
4390 4270 209
4717 4492 208
4535 4313 208
1340 1271 208
279 701 207
4500 4610 207
4321 4337 206
3578 3703 206
1105 1515 206
4620 4789 206
4805 4675 205
4080 4148 205
356 292 205
2077 2127 203
3523 3468 202
3572 3559 202
3444 2966 202
4568 4434 202
944 1287 202
4589 4356 201
2790 2596 201
4119 3722 201
4094 4281 200
4788 4402 200
3184 2926 198
4657 4406 198
4602 4114 198
2446 2150 197
4639 4232 197
1804 2185 196
4245 4546 195
2540 2689 195
4832 4746 195
5242 4754 194
4262 4733 193
2048 1900 193
3147 2990 193
626 1007 193
4353 4608 193
3557 3237 193
3397 2918 192
2185 2407 192
3463 3748 192
4173 4403 192
4682 4609 192
4463 4509 191
3466 3790 191
3348 3150 191
4541 4787 191
2206 2174 191
1615 1969 190
2205 2086 190
4362 4151 190
3411 3669 190
4155 4487 189
2659 2462 188
4771 4659 188
4644 4330 187
2237 2308 185
3593 3966 185
3867 4093 185
4686 4567 185
5132 4683 184
3464 3629 184
4214 4116 184
3043 3435 184
4675 4193 183
4885 4747 183
4084 4549 183
4293 4291 183
3669 3993 183
4342 4773 182
4514 4516 182
4213 3994 182
4470 4447 182
4349 4780 182
3754 3873 182
3385 3227 181
4863 4477 181
2440 1953 181
3717 3451 180
3534 4034 180
3525 3515 180
4862 4798 179
5224 4784 179
1860 1614 178
1158 678 176
5063 4564 176
4321 4119 176
4362 4715 176
1 152 175
4692 4746 175
2712 2950 175
2727 3158 174
3500 3330 174
4634 4187 174
4061 4126 173
4218 3994 173
4192 4550 173
3180 3548 172
4295 4267 172
4505 4671 172
3388 3497 172
1236 1571 172
4837 4654 171
4330 4698 170
4997 4720 170
1230 1619 170
46 544 170
2241 2407 170
1436 1574 169
4847 4720 169
4354 4752 169
4872 4591 169
3251 3426 169
4622 4824 168
4375 4311 168
3579 3894 168
4563 4642 168
3862 4325 166
3371 3516 165
2443 2253 165
4825 4512 165
2425 2272 165
4344 4789 164
4290 4739 164
2948 3419 163
777 1143 163
3697 3766 163
3208 3157 163
4137 4629 163
2048 2524 163
2493 2485 163
4638 4403 162
3136 3397 162
2432 2076 161
2791 2668 161
3322 3701 161
4876 4784 161
3996 4329 161
383 613 161
4602 4482 160
5156 4750 160
3966 4219 160
1248 1294 160
4908 4442 160
4613 4826 159
4440 3979 159
4027 4306 159
2871 3180 158
4211 4389 158
4528 4471 158
4145 4598 158
3447 3449 157
4367 4189 157
3416 3482 157
4175 4621 157
4105 3705 157
4716 4497 156
1416 1887 156
5259 4785 156
4663 4753 156
5042 4604 155
4988 4796 155
4409 4534 154
4386 4244 154
4674 4402 154
4293 4706 153
4592 4516 153
4499 4109 153
4323 4250 152
4078 3588 152
5022 4762 152
4409 4791 151
2954 3162 151
5146 4696 151
4852 4810 151
3774 3908 150
3175 3024 150
2939 3184 150
5126 4742 150
2377 2264 150
3373 3434 150
4652 4273 150
363 808 150
3963 3822 150
4386 4031 150
5148 4690 150
2964 2669 149
4840 4352 149
1012 881 149
4142 4462 148
884 704 148
5189 4836 147
3082 3111 147
4566 4539 147
4149 4568 147
4504 4511 147
4126 4478 147
4436 4344 146
4213 4308 146
2605 2964 145
4679 4268 145
5023 4843 145
2024 1726 144
3802 3932 144
5167 4738 144
2862 3143 143
3971 4318 143
5230 4827 143
4953 4609 143
5053 4853 143
4240 4160 142
4578 4489 142
4612 4322 142
4293 4662 142
2288 2677 142
4953 4709 142
3703 3518 141
3721 3716 141
4785 4700 140
4002 3789 140
2204 2449 140
4719 4608 140
23 509 140
3366 3076 139
4745 4459 139
1056 1136 139
4578 4573 138
4705 4443 138
3539 4034 138
4105 4403 138
4507 4439 138
4845 4705 137
4458 4349 137
3955 3683 136
4216 4101 136
2545 2077 136
564 285 136
3101 2744 135
1148 1549 135
3019 3003 135
4450 4588 135
3775 4066 134
2157 1726 134
2487 2668 134
4285 4081 134
4675 4434 134
4815 4717 133
3418 3868 133
4691 4244 133
3413 3705 132
3965 4343 132
4958 4830 132
760 691 131
4258 4564 131
4330 4548 131
3134 3060 131
3897 4156 130
895 798 130
4836 4608 130
4009 4338 130
4007 3702 129
4404 4735 129
3964 4171 129
3187 2715 129
3837 4211 128
3780 3307 128
4091 4330 128
2786 2646 128
958 710 127
299 359 127
4414 4164 127
2060 2165 126
4701 4762 125
4545 4220 125
12 439 125
110 71 124
3642 3629 124
5165 4847 124
5042 4745 124
1913 1439 124
3022 3000 123
4828 4729 123
4466 4747 123
1075 718 123
4429 4637 122
1801 1815 122
2842 3091 122
4717 4609 122
4681 4852 121
2975 3105 121
4139 4357 121
4852 4626 120
5325 4855 120
5114 4615 120
5029 4829 119
4172 4671 119
3830 3353 119
4177 4258 119
3733 3553 119
4740 4877 119
4314 4177 119
3791 3550 119
4060 4231 118
4537 4201 118
479 710 117
4590 4654 116
4082 3937 116
3718 3289 116
4850 4834 116
5044 4879 115
4424 4751 115
4883 4804 114
4352 4206 114
4966 4703 114
2880 3328 113
3839 3420 113
2526 2077 112
4078 3886 112
4868 4785 112
4351 3923 112
1652 1865 112
4850 4805 112
4136 4234 111
2171 2230 111
4547 4262 111
5355 4887 110
4954 4496 110
3211 3095 110
2683 2671 110
4350 4332 110
2393 2051 110
5248 4872 110
1778 1475 109
4999 4659 109
3752 3836 108
4217 3735 108
5109 4874 108
4059 4462 107
4494 4715 107
4099 4341 107
4695 4366 107
4563 4758 106
4045 4450 106
4543 4083 106
238 182 106
2589 3033 105
4760 4701 105
631 521 105
4036 4489 104
855 668 104
5043 4607 103
2991 3049 103
3865 3784 102
3819 3799 102
3542 3549 101
3485 3729 101
4328 4783 101
4573 4553 101
3905 3970 100
5045 4897 100
3223 2728 100
2508 2774 100
5200 4887 100
1291 1401 100
4296 4071 100
3242 3278 100
2678 2885 98
141 262 98
1178 1425 98
2376 2269 97
4852 4812 97
1 192 96
4025 4169 96
4045 4383 96
4543 4756 96
4868 4805 96
2619 2672 96
2627 2536 96
4083 4308 96
3576 3677 95
4323 4025 95
3710 3242 95
2753 2296 95
4804 4317 95
3179 3635 94
5330 4830 94
3096 2622 94
1935 1853 94
2533 2267 93
4988 4506 93
3270 3213 93
3152 3640 93
4457 4397 93
5284 4825 93
2408 2737 92
4328 4655 92
3720 3356 92
491 96 92
3102 2826 92
3024 3093 91
3852 4245 91
4631 4625 89
3628 3930 89
4809 4742 89
3633 3839 88
863 1363 88
3764 3907 88
4461 4832 88
4344 4742 88
4348 4793 88
4706 4832 88
4463 4231 88
5061 4652 88
4186 4299 87
4703 4823 87
4608 4904 87
1559 1273 87
4450 4189 86
4883 4401 86
377 337 86
1766 1593 86
3805 3740 85
4696 4730 84
4968 4488 84
5160 4855 83
3650 3228 83
4757 4778 83
5243 4887 83
1089 1494 83
4223 4721 83
3608 3984 83
4461 4770 82
4861 4379 82
4879 4724 82
5322 4917 68
2795 3066 81
4337 4136 81
5030 4838 81
5172 4803 81
4270 4657 80
3696 3909 79
4986 4806 79
4517 4604 79
5328 4859 78
4686 4912 77
5082 4884 78
3787 3650 78
4632 4884 77
4140 4080 76
2332 2700 76
4514 4907 75
4225 4656 75
3937 3988 75
5036 4809 75
2768 2971 75
389 841 75
4542 4488 74
4397 4579 74
5136 4899 74
5050 4823 74
4207 4271 73
840 725 73
3400 3015 73
4238 4333 73
2940 3382 73
177 484 73
2884 2668 72
4332 4351 72
5159 4912 72
1164 970 72
4588 4310 71
3007 3063 71
2976 2884 71
1054 967 71
3992 3699 71
4564 4865 71
185 70 70
3767 4032 70
4317 4733 70
4725 4855 70
5123 4652 70
4521 4586 69
1 354 69
1538 1084 69
1556 1612 69
5177 4824 69
3189 3581 68
4447 4795 68
4018 4411 68
4916 4733 67
4909 4911 67
1243 865 67
3054 2819 67
5205 4921 62
4250 4610 66
3816 4176 66
4675 4238 66
3064 3313 65
4238 4658 65
4907 4624 65
3394 2932 65
4622 4397 64
2794 2724 64
4810 4749 63
5157 4827 63
4744 4690 63
4768 4758 62
3957 4334 62
3236 2890 62
4130 3879 62
4591 4489 62
4433 4928 51
3675 3423 61
3615 3755 61
3610 3868 61
4598 4388 61
3721 4132 61
5267 4856 60
5302 4922 60
4592 4109 60
4512 4257 59
3365 3228 59
1188 1273 59
4317 4469 58
3734 3574 58
4538 4401 58
4343 4710 58
1499 1469 58
5355 4940 36
525 677 58
2946 2815 58
4496 4267 58
734 622 58
4831 4845 57
3938 3484 57
4018 4101 57
5185 4746 57
5091 4933 44
4285 4744 57
3781 3987 56
3931 4311 56
3454 3238 56
4421 4345 56
1996 1970 56
2668 2946 56
4828 4791 55
5006 4731 55
1930 1704 55
3526 3327 55
3731 4156 55
1 397 54
4367 3874 54
4231 4363 54
4596 4938 38
4955 4582 54
1867 1917 53
4603 4802 53
1525 1310 53
3939 3499 53
4701 4932 46
3924 3613 52
4670 4863 52
3894 3836 52
4738 4942 33
4352 3933 52
5386 4923 51
4844 4858 51
3958 4368 50
5020 4626 50
4487 4715 49
1397 940 49
4215 4327 49
4246 4683 49
5003 4911 48
5276 4904 48
3780 3753 48
3591 3442 48
4732 4489 48
1 253 48
4687 4696 47
4738 4820 47
4571 4941 34
5186 4939 37
3274 3398 46
2070 2568 46
4531 4192 46
1393 1764 46
3171 2741 45
4650 4277 45
4106 4302 45
3678 3479 45
4133 4178 44
2348 1920 44
4889 4706 44
3688 3786 44
4342 4244 44
2727 2582 43
4572 4907 43
5056 4954 21
4474 4867 43
5106 4768 43
5020 4808 43
4917 4865 43
3957 3941 43
5348 4939 37
5274 4804 42
4021 4328 42
4387 4672 42
5309 4896 41
5341 4846 41
3332 2941 41
5171 4743 41
4694 4907 41
3647 3198 41
3753 3485 40
432 271 40
4172 4201 40
4722 4940 36
4733 4893 40
3783 3756 39
3064 3217 39
5192 4874 39
4234 4271 39
5272 4913 39
3800 3642 39
4957 4534 39
4018 4107 38
2787 2506 38
5309 4946 29
4313 4294 38
3017 2881 38
5175 4932 37
3222 2955 37
4550 4605 37
84 407 37
5012 4942 33
4557 4867 36
3197 3233 36
2808 3124 36
3406 3412 36
5322 4927 35
4745 4390 35
5181 4853 35
4593 4331 34
4579 4638 34
5232 4763 34
3101 2678 34
4837 4611 33
5202 4958 17
1634 1619 33
4518 4492 32
3762 3854 32
4875 4920 32
4622 4778 32
3125 3505 32
3076 2830 31
5120 4932 31
1349 924 31
5131 4959 16
4198 4682 31
1318 1505 31
4491 4599 31
4222 3923 31
4647 4955 20
4795 4942 30
1 222 30
4083 4036 30
4568 4927 29
4457 3965 29
5259 4950 25
4570 4922 28
4342 4137 28
4858 4772 28
5118 4958 17
4912 4900 28
3180 2705 28
5021 4969 9
5275 4925 27
4918 4895 26
4743 4597 26
4663 4952 23
1754 1686 26
1298 1275 26
4381 4834 25
4799 4923 25
5004 4848 25
463 162 24
2730 2259 24
3809 4027 24
3632 3149 23
5053 4560 23
4569 4975 6
3576 4060 23
2144 2503 23
5373 4920 22
4919 4874 22
4715 4935 22
480 74 22
4600 4730 22
4602 4972 7
2519 2174 21
5006 4951 21
1391 1314 21
4696 4573 21
4876 4938 20
2671 2193 20
4382 4785 20
4193 4378 20
4798 4801 20
2112 2286 20
2815 3150 20
5055 4780 20
5253 4955 20
4687 4887 19
1625 1225 19
4828 4632 19
3443 3693 19
5354 4869 19
4810 4840 19
4298 4395 18
5243 4965 12
2550 2714 18
2973 3128 18
3957 3780 18
2682 3035 17
3707 4135 17
1788 1454 17
1496 1535 17
1078 1514 17
2669 2568 17
5113 4946 17
5233 4886 17
5080 4640 16
1819 2277 16
5149 4885 16
4754 4903 16
5362 4938 16
4473 4337 16
4791 4982 3
4607 4973 7
5301 4981 3
5191 4866 15
4347 4810 15
5424 4934 15
5409 4943 15
5106 4931 15
5155 4734 15
2519 2714 15
4841 4365 14
4550 4952 14
4755 4678 14
3619 4010 14
4468 4074 13
2295 2166 13
4066 4562 13
4620 4580 13
4593 4946 12
5231 4980 4
5217 4971 8
5152 4692 12
3436 3158 12
3816 3867 11
4900 4977 5
4793 4625 11
3838 4137 11
5481 4983 2
3453 3342 11
4574 4622 11
2648 2154 10
4790 4981 3
4851 4960 10
5237 4746 9
4829 4975 6
4904 4945 9
5023 4971 8
2485 2476 9
4007 4493 8
3175 3442 8
5376 4953 8
1 161 8
4675 4975 6
4567 4901 8
4321 4567 7
3367 3216 7
5039 4796 7
4357 4279 7
5050 4942 7
5125 4877 7
4769 4628 7
2772 2506 7
4881 4958 6
4585 4980 4
3420 3393 6
4488 4861 6
4736 4937 6
5032 4993 0
1178 827 6
3473 3914 6
5034 4992 0
5220 4911 5
1570 1890 5
5039 4919 5
2837 3155 5
4949 4975 4
3023 3488 4
4707 4924 4
4673 4965 4
4395 4721 4
5112 4684 4
2389 2360 4
4656 4906 4
286 753 4
5334 4837 3
4684 4990 1
4975 4694 3
4867 4987 1
4864 4997 0
4541 4810 2
4624 4266 2
5220 4903 2
4848 4982 2
3528 3206 2
4336 4760 2
5225 4915 2
5102 4994 0
5152 4952 2
2138 1717 2
4504 4009 2
4407 4693 2
5449 4994 0
3482 3390 1
4698 4997 0
3413 3553 1
4531 4982 1
4491 4960 1
4929 4963 1
2426 2823 1
3153 3349 1
5149 4984 1
4600 4372 1
5170 4984 1
4139 3645 0
3530 3889 0
5374 4994 0
4604 4984 0
5103 4998 0
4856 4999 0
5349 4994 0
4577 4999 0
4808 4999 0
4824 4862 0
4822 4876 0
3539 3998 0
4640 4404 0
