5000 100 4.3589
2 12 77
1 11 79
3 13 75
1 11 79
2 12 77
3 13 75
4 14 73
3 13 75
4 14 73
4 14 73
4 14 73
5 15 72
1 11 79
4 14 73
8 18 67
3 13 75
9 19 65
9 19 65
3 13 75
9 19 65
8 18 67
1 11 79
8 18 67
4 14 73
5 15 72
6 16 70
9 19 65
8 18 67
7 17 68
11 21 62
2 12 77
5 15 72
6 16 70
11 21 62
2 12 77
6 16 70
9 19 65
4 14 73
9 19 65
10 20 64
6 16 70
10 20 64
3 13 75
3 13 75
13 23 59
4 14 73
8 18 67
5 15 72
13 23 59
6 16 70
3 13 75
9 19 65
2 12 75
14 24 57
10 20 64
13 23 59
9 19 65
14 24 57
9 19 65
7 17 68
12 22 60
8 18 67
4 14 73
4 14 73
7 17 68
11 21 62
1 11 73
13 23 59
2 12 73
4 14 73
6 16 70
5 15 72
7 17 68
12 22 60
10 20 64
8 18 67
13 23 59
17 27 53
11 21 62
2 12 72
3 13 72
5 15 72
17 27 53
10 20 64
4 14 72
14 24 57
12 22 60
18 28 51
1 11 71
13 23 59
14 24 57
15 25 56
6 16 70
4 14 71
8 18 67
14 24 57
10 20 64
11 21 62
12 22 60
17 27 53
8 18 67
8 18 67
7 17 68
2 12 69
15 25 56
2 12 69
5 15 69
12 22 60
19 29 50
7 17 68
6 16 69
6 16 69
15 25 56
3 13 69
19 29 50
13 23 59
3 13 69
2 12 69
15 25 56
18 28 51
16 26 54
10 20 64
4 14 68
13 23 59
1 11 68
4 14 68
1 11 68
18 28 51
9 19 65
3 13 68
18 28 51
19 29 50
16 26 54
6 16 68
15 25 56
10 20 64
18 28 51
8 18 67
21 31 47
16 26 54
22 32 46
9 19 65
1 11 67
3 13 67
6 16 67
6 16 67
13 23 59
17 27 53
18 28 51
11 21 62
17 27 53
8 18 67
5 15 67
18 28 51
3 13 67
15 25 56
13 23 59
22 32 46
7 17 66
19 29 50
14 24 57
15 25 56
5 15 66
16 26 54
17 27 53
8 18 66
22 32 46
16 26 54
11 21 62
14 24 57
21 31 47
18 28 51
6 16 65
23 33 44
23 33 44
15 25 56
17 27 53
11 21 62
2 12 65
5 15 65
13 23 59
22 32 46
17 27 53
23 33 44
17 27 53
24 34 43
19 29 50
23 33 44
24 34 43
15 25 56
23 33 44
21 31 47
7 17 64
16 26 54
18 28 51
10 20 63
15 25 56
26 36 40
18 28 51
12 22 60
24 34 43
12 22 60
10 20 63
14 24 57
22 32 46
20 30 49
14 24 57
14 24 57
19 29 50
4 14 63
25 35 42
4 14 62
26 36 40
10 20 62
3 13 62
17 27 53
18 28 51
16 26 54
12 22 60
24 34 43
3 13 62
4 14 62
8 18 62
7 17 62
8 18 62
19 29 50
7 17 61
22 32 46
7 17 61
13 23 59
26 36 40
10 20 61
9 19 61
24 34 43
21 31 47
3 13 61
2 12 61
21 31 47
4 14 61
22 32 46
3 13 61
15 25 56
9 19 61
8 18 61
17 27 53
27 37 39
4 14 61
16 26 54
9 19 60
29 39 37
29 39 37
21 31 47
8 18 60
11 21 60
10 20 60
4 14 60
12 22 60
12 22 60
18 28 51
2 12 60
7 17 60
3 13 60
1 11 60
13 23 59
19 29 50
29 39 37
7 17 60
25 35 42
26 36 40
3 13 60
21 31 47
20 30 49
9 19 60
29 39 37
1 11 59
18 28 51
27 37 39
28 38 38
12 22 59
29 39 37
28 38 38
1 11 59
13 23 59
2 12 59
6 16 59
24 34 43
15 25 56
6 16 59
29 39 37
13 23 59
4 14 59
29 39 37
20 30 49
23 33 44
30 40 36
28 38 38
12 22 58
18 28 51
23 33 44
6 16 58
25 35 42
24 34 43
8 18 58
7 17 58
12 22 58
1 11 58
1 11 58
27 37 39
18 28 51
24 34 43
27 37 39
17 27 53
6 16 58
19 29 50
13 23 58
30 40 36
12 22 58
9 19 58
4 14 58
26 36 40
8 18 57
29 39 37
3 13 57
8 18 57
32 42 33
25 35 42
17 27 53
19 29 50
9 19 57
7 17 57
26 36 40
5 15 57
30 40 36
15 25 56
18 28 51
26 36 40
12 22 57
20 30 49
16 26 54
11 21 57
14 24 57
3 13 57
16 26 54
24 34 43
23 33 44
22 32 46
27 37 39
1 11 56
24 34 43
27 37 39
19 29 50
14 24 56
11 21 56
15 25 56
16 26 54
13 23 56
33 43 32
3 13 56
4 14 56
22 32 46
8 18 56
16 26 54
20 30 49
30 40 36
1 11 56
30 40 36
20 30 49
14 24 55
3 13 55
30 40 36
27 37 39
20 30 49
2 12 55
34 44 31
30 40 36
10 20 55
9 19 55
28 38 38
10 20 55
11 21 55
19 29 50
29 39 37
8 18 55
33 43 32
14 24 55
3 13 55
25 35 42
20 30 49
6 16 55
28 38 38
12 22 55
1 11 55
30 40 36
8 18 55
19 29 50
5 15 55
16 26 54
21 31 47
19 29 50
5 15 54
34 44 31
18 28 51
20 30 49
1 11 54
20 30 49
30 40 36
11 21 54
31 41 34
10 20 54
7 17 54
25 35 42
6 16 54
11 21 54
34 44 31
34 44 31
6 16 54
28 38 38
24 34 43
30 40 36
12 22 54
11 21 54
10 20 54
28 38 38
4 14 54
26 36 40
5 15 54
6 16 53
34 44 31
1 11 53
35 45 30
27 37 39
10 20 53
18 28 51
15 25 53
34 44 31
30 40 36
25 35 42
11 21 53
6 16 53
8 18 53
17 27 53
22 32 46
30 40 36
29 39 37
10 20 53
29 39 37
30 40 36
23 33 44
34 44 31
21 31 47
10 20 52
15 25 52
34 44 31
9 19 52
5 15 52
23 33 44
7 17 52
25 35 42
27 37 39
32 42 33
32 42 33
27 37 39
4 14 52
6 16 52
32 42 33
4 14 52
18 28 51
18 28 51
11 21 52
16 26 52
33 43 32
27 37 39
26 36 40
31 41 34
35 45 30
8 18 52
32 42 33
24 34 43
11 21 51
14 24 51
4 14 51
7 17 51
35 45 30
19 29 50
27 37 39
21 31 47
9 19 51
12 22 51
15 25 51
14 24 51
28 38 38
3 13 51
17 27 51
21 31 47
27 37 39
3 13 51
2 12 51
34 44 31
11 21 51
17 27 51
20 30 49
12 22 51
16 26 51
29 39 37
38 48 27
30 40 36
17 27 50
30 40 36
14 24 50
16 26 50
34 44 31
11 21 50
20 30 49
39 49 26
14 24 50
28 38 38
14 24 50
21 31 47
16 26 50
18 28 50
26 36 40
32 42 33
34 44 31
38 48 27
36 46 29
28 38 38
19 29 50
26 36 40
28 38 38
19 29 50
17 27 50
31 41 34
14 24 50
27 37 39
19 29 50
5 15 50
3 13 50
32 42 33
28 38 38
26 36 40
35 45 30
33 43 32
29 39 37
27 37 39
32 42 33
30 40 36
2 12 50
1 11 49
17 27 49
27 37 39
26 36 40
4 14 49
31 41 34
15 25 49
40 50 25
33 43 32
36 46 29
32 42 33
40 50 25
26 36 40
16 26 49
6 16 49
27 37 39
10 20 49
3 13 49
20 30 49
36 46 29
12 22 49
28 38 38
33 43 32
20 30 49
7 17 49
23 33 44
32 42 33
35 45 30
35 45 30
27 37 39
23 33 44
29 39 37
40 50 25
35 45 30
39 49 26
18 28 48
25 35 42
40 50 25
38 48 27
21 31 47
37 47 28
11 21 48
34 44 31
14 24 48
13 23 48
22 32 46
41 51 24
32 42 33
28 38 38
36 46 29
12 22 48
31 41 34
36 46 29
6 16 48
26 36 40
6 16 48
39 49 26
20 30 48
39 49 26
18 28 48
32 42 33
1 11 48
37 47 28
7 17 47
27 37 39
33 43 32
13 23 47
35 45 30
11 21 47
6 16 47
7 17 47
33 43 32
34 44 31
12 22 47
28 38 38
38 48 27
26 36 40
35 45 30
18 28 47
40 50 25
23 33 44
12 22 47
39 49 26
28 38 38
36 46 29
42 52 23
16 26 47
7 17 47
40 50 25
30 40 36
42 52 23
23 33 44
22 32 46
32 42 33
20 30 47
31 41 34
22 32 46
16 26 46
25 35 42
34 44 31
16 26 46
33 43 32
12 22 46
42 52 23
40 50 25
26 36 40
12 22 46
34 44 31
13 23 46
31 41 34
17 27 46
15 25 46
6 16 46
37 47 28
14 24 46
26 36 40
38 48 27
11 21 46
22 32 46
33 43 32
39 49 26
2 12 46
2 12 46
30 40 36
5 15 46
12 22 46
13 23 46
24 34 43
13 23 46
41 51 24
11 21 46
36 46 29
24 34 43
38 48 27
19 29 46
10 20 46
27 37 39
22 32 46
41 51 24
9 19 46
5 15 45
19 29 45
35 45 30
42 52 23
32 42 33
32 42 33
36 46 29
42 52 23
37 47 28
28 38 38
15 25 45
31 41 34
42 52 23
16 26 45
39 49 26
1 11 45
19 29 45
36 46 29
42 52 23
14 24 45
26 36 40
38 48 27
6 16 45
10 20 45
35 45 30
34 44 31
1 11 45
30 40 36
44 54 21
24 34 43
29 39 37
43 53 22
17 27 45
25 35 42
27 37 39
33 43 32
2 12 45
20 30 45
39 49 26
28 38 38
35 45 30
23 33 44
10 20 44
36 46 29
45 55 20
41 51 24
21 31 44
22 32 44
26 36 40
7 17 44
41 51 24
25 35 42
30 40 36
30 40 36
19 29 44
35 45 30
19 29 44
23 33 44
43 53 22
15 25 44
39 49 26
23 33 44
45 55 20
41 51 24
8 18 44
20 30 44
38 48 27
29 39 37
31 41 34
9 19 44
1 11 44
6 16 44
24 34 43
35 45 30
40 50 25
27 37 39
20 30 43
45 55 20
13 23 43
10 20 43
37 47 28
35 45 30
27 37 39
20 30 43
44 54 21
20 30 43
18 28 43
41 51 24
35 45 30
29 39 37
14 24 43
24 34 43
9 19 43
1 11 43
28 38 38
16 26 43
3 13 43
30 40 36
30 40 36
33 43 32
10 20 43
13 23 43
20 30 43
18 28 43
26 36 40
43 53 22
37 47 28
43 53 22
21 31 42
29 39 37
40 50 25
9 19 42
39 49 26
31 41 34
43 53 22
19 29 42
30 40 36
19 29 42
9 19 42
19 29 42
35 45 30
28 38 38
22 32 42
45 55 20
22 32 42
32 42 33
16 26 42
16 26 42
7 17 42
20 30 42
19 29 42
19 29 41
33 43 32
17 27 41
32 42 33
3 13 41
24 34 41
39 49 26
39 49 26
25 35 41
9 19 41
14 24 41
33 43 32
18 28 41
6 16 41
47 57 18
43 53 22
24 34 41
34 44 31
17 27 41
25 35 41
5 15 41
3 13 41
47 57 18
42 52 23
26 36 40
29 39 37
32 42 33
41 51 24
48 58 17
41 51 24
20 30 41
10 20 41
47 57 18
8 18 41
29 39 37
45 55 20
12 22 41
35 45 30
40 50 25
38 48 27
30 40 36
33 43 32
2 12 41
34 44 31
24 34 41
38 48 27
14 24 41
15 25 41
20 30 41
37 47 28
17 27 40
9 19 40
3 13 40
44 54 21
43 53 22
41 51 24
18 28 40
41 51 24
42 52 23
43 53 22
30 40 36
1 11 40
47 57 18
45 55 20
46 56 19
26 36 40
32 42 33
37 47 28
24 34 40
30 40 36
24 34 40
45 55 20
46 56 19
27 37 39
49 59 16
10 20 40
18 28 40
48 58 17
42 52 23
29 39 37
36 46 29
14 24 40
1 11 40
4 14 40
31 41 34
43 53 22
8 18 39
4 14 39
11 21 39
18 28 39
22 32 39
37 47 28
36 46 29
12 22 39
47 57 18
40 50 25
27 37 39
48 58 17
42 52 23
22 32 39
49 59 16
23 33 39
21 31 39
11 21 39
42 52 23
20 30 39
45 55 20
1 11 39
25 35 39
1 11 39
31 41 34
27 37 39
21 31 39
12 22 39
50 60 16
21 31 39
27 37 39
35 45 30
37 47 28
48 58 17
34 44 31
43 53 22
39 49 26
42 52 23
34 44 31
44 54 21
26 36 38
45 55 20
36 46 29
38 48 27
43 53 22
38 48 27
26 36 38
46 56 19
17 27 38
39 49 26
20 30 38
5 15 38
28 38 38
30 40 36
8 18 38
21 31 38
37 47 28
13 23 38
39 49 26
46 56 19
19 29 38
51 61 15
36 46 29
10 20 38
43 53 22
48 58 17
21 31 38
28 38 38
50 60 16
29 39 37
18 28 38
19 29 38
6 16 38
37 47 28
50 60 16
48 58 17
52 62 14
41 51 24
21 31 37
8 18 37
51 61 15
1 11 37
28 38 37
27 37 37
35 45 30
49 59 16
17 27 37
19 29 37
41 51 24
49 59 16
25 35 37
44 54 21
31 41 34
50 60 16
9 19 37
50 60 16
42 52 23
33 43 32
39 49 26
37 47 28
16 26 37
17 27 37
5 15 37
37 47 28
10 20 37
40 50 25
27 37 37
1 11 37
40 50 25
2 12 37
45 55 20
46 56 19
10 20 36
10 20 36
20 30 36
15 25 36
9 19 36
46 56 19
26 36 36
8 18 36
19 29 36
28 38 36
42 52 23
30 40 36
27 37 36
45 55 20
37 47 28
15 25 36
21 31 36
36 46 29
51 61 15
52 62 14
4 14 36
45 55 20
28 38 36
17 27 36
31 41 34
43 53 22
53 63 13
34 44 31
52 62 14
26 36 36
34 44 31
51 61 15
45 55 20
25 35 36
45 55 20
52 62 14
42 52 23
21 31 36
53 63 13
40 50 25
43 53 22
49 59 16
45 55 20
13 23 35
4 14 35
30 40 35
24 34 35
54 64 12
5 15 35
27 37 35
45 55 20
46 56 19
33 43 32
39 49 26
36 46 29
22 32 35
14 24 35
30 40 35
31 41 34
15 25 35
52 62 14
10 20 35
45 55 20
9 19 35
14 24 35
28 38 35
20 30 35
14 24 35
48 58 17
51 61 15
47 57 18
54 64 12
20 30 35
26 36 35
40 50 25
43 53 22
52 62 14
29 39 35
43 53 22
53 63 13
40 50 25
50 60 16
30 40 35
26 36 35
16 26 35
32 42 33
3 13 35
22 32 35
37 47 28
27 37 34
3 13 34
39 49 26
47 57 18
50 60 16
2 12 34
28 38 34
7 17 34
43 53 22
31 41 34
31 41 34
17 27 34
45 55 20
21 31 34
9 19 34
27 37 34
51 61 15
25 35 34
26 36 34
47 57 18
19 29 34
51 61 15
27 37 34
18 28 34
15 25 34
45 55 20
48 58 17
29 39 34
39 49 26
34 44 31
43 53 22
41 51 24
7 17 34
5 15 34
42 52 23
24 34 34
50 60 16
39 49 26
44 54 21
32 42 33
47 57 18
42 52 23
50 60 16
55 65 12
43 53 22
48 58 17
54 64 12
41 51 24
43 53 22
23 33 33
7 17 33
20 30 33
31 41 33
46 56 19
22 32 33
4 14 33
44 54 21
15 25 33
49 59 16
40 50 25
49 59 16
46 56 19
20 30 33
26 36 33
46 56 19
3 13 33
24 34 33
16 26 33
54 64 12
12 22 33
49 59 16
4 14 33
36 46 29
54 64 12
54 64 12
42 52 23
22 32 33
53 63 13
51 61 15
22 32 33
50 60 16
1 11 33
41 51 24
30 40 33
43 53 22
1 11 33
43 53 22
32 42 33
54 64 12
54 64 12
43 53 22
20 30 33
53 63 13
14 24 33
19 29 33
23 33 33
25 35 32
4 14 32
46 56 19
5 15 32
42 52 23
51 61 15
29 39 32
39 49 26
25 35 32
20 30 32
32 42 32
9 19 32
33 43 32
48 58 17
46 56 19
29 39 32
19 29 32
30 40 32
57 67 10
57 67 10
57 67 10
48 58 17
16 26 32
55 65 12
19 29 32
48 58 17
42 52 23
30 40 32
43 53 22
57 67 10
41 51 24
17 27 32
10 20 32
57 67 10
42 52 23
42 52 23
1 11 32
56 66 11
45 55 20
1 11 32
6 16 32
12 22 32
15 25 32
3 13 32
2 12 32
49 59 16
42 52 23
39 49 26
53 63 13
42 52 23
20 30 32
43 53 22
45 55 20
8 18 32
43 53 22
34 44 31
27 37 32
49 59 16
35 45 30
33 43 31
28 38 31
27 37 31
29 39 31
19 29 31
57 67 10
55 65 12
48 58 17
36 46 29
58 68 10
51 61 15
52 62 14
26 36 31
45 55 20
39 49 26
55 65 12
57 67 10
48 58 17
9 19 31
31 41 31
13 23 31
34 44 31
40 50 25
48 58 17
21 31 31
58 68 10
16 26 31
39 49 26
19 29 31
2 12 31
51 61 15
25 35 31
17 27 31
42 52 23
44 54 21
19 29 31
51 61 15
51 61 15
55 65 12
5 15 31
53 63 13
56 66 11
43 53 22
52 62 14
53 63 13
13 23 31
38 48 27
53 63 13
43 53 22
27 37 31
34 44 31
53 63 13
46 56 19
14 24 30
50 60 16
55 65 12
49 59 16
54 64 12
53 63 13
20 30 30
25 35 30
7 17 30
24 34 30
45 55 20
34 44 30
6 16 30
57 67 10
29 39 30
24 34 30
6 16 30
50 60 16
4 14 30
59 69 9
45 55 20
50 60 16
7 17 30
6 16 30
37 47 28
28 38 30
54 64 12
41 51 24
55 65 12
53 63 13
26 36 30
42 52 23
39 49 26
42 52 23
18 28 30
33 43 30
11 21 30
47 57 18
55 65 12
12 22 30
46 56 19
29 39 30
38 48 27
39 49 26
53 63 13
19 29 30
28 38 30
15 25 30
46 56 19
58 68 10
34 44 30
32 42 30
27 37 30
52 62 14
15 25 30
26 36 30
30 40 30
57 67 10
57 67 10
45 55 20
43 53 22
35 45 29
57 67 10
54 64 12
38 48 27
33 43 29
45 55 20
45 55 20
24 34 29
40 50 25
60 70 9
17 27 29
14 24 29
29 39 29
42 52 23
58 68 10
35 45 29
47 57 18
17 27 29
59 69 9
10 20 29
45 55 20
27 37 29
52 62 14
11 21 29
4 14 29
57 67 10
28 38 29
36 46 29
59 69 9
49 59 16
12 22 29
55 65 12
34 44 29
43 53 22
29 39 29
37 47 28
39 49 26
13 23 29
54 64 12
40 50 25
3 13 29
25 35 29
46 56 19
27 37 29
58 68 10
27 37 29
2 12 29
27 37 29
14 24 29
61 71 8
50 60 16
15 25 28
50 60 16
19 29 28
32 42 28
41 51 24
14 24 28
52 62 14
6 16 28
54 64 12
19 29 28
4 14 28
30 40 28
52 62 14
29 39 28
18 28 28
2 12 28
16 26 28
20 30 28
19 29 28
13 23 28
26 36 28
29 39 28
24 34 28
45 55 20
46 56 19
42 52 23
54 64 12
51 61 15
19 29 28
1 11 28
42 52 23
20 30 28
40 50 25
35 45 28
1 11 28
42 52 23
24 34 28
58 68 10
41 51 24
35 45 28
26 36 28
56 66 11
43 53 22
61 71 8
11 21 28
28 38 28
27 37 28
61 71 8
12 22 28
46 56 19
32 42 28
19 29 28
27 37 28
21 31 28
42 52 23
8 18 28
12 22 28
37 47 28
17 27 28
23 33 28
52 62 14
40 50 25
43 53 22
30 40 27
34 44 27
8 18 27
4 14 27
37 47 27
45 55 20
34 44 27
62 72 7
42 52 23
27 37 27
4 14 27
10 20 27
8 18 27
54 64 12
53 63 13
45 55 20
59 69 9
8 18 27
56 66 11
14 24 27
58 68 10
57 67 10
30 40 27
9 19 27
37 47 27
32 42 27
36 46 27
52 62 14
28 38 27
5 15 27
41 51 24
54 64 12
4 14 27
25 35 27
2 12 27
16 26 27
56 66 11
35 45 27
29 39 27
29 39 27
60 70 9
53 63 13
6 16 27
47 57 18
4 14 27
48 58 17
44 54 21
24 34 27
3 13 27
21 31 27
50 60 16
28 38 26
58 68 10
5 15 26
58 68 10
54 64 12
59 69 9
56 66 11
10 20 26
28 38 26
23 33 26
36 46 26
28 38 26
24 34 26
63 73 7
59 69 9
20 30 26
43 53 22
7 17 26
43 53 22
49 59 16
45 55 20
54 64 12
18 28 26
34 44 26
3 13 26
29 39 26
48 58 17
38 48 26
49 59 16
47 57 18
57 67 10
45 55 20
2 12 26
49 59 16
56 66 11
48 58 17
41 51 24
47 57 18
24 34 26
29 39 26
60 70 9
45 55 20
54 64 12
58 68 10
38 48 26
61 71 8
54 64 12
31 41 26
48 58 17
22 32 26
60 70 9
8 18 26
60 70 9
59 69 9
62 72 7
42 52 23
21 31 25
34 44 25
51 61 15
34 44 25
55 65 12
19 29 25
47 57 18
7 17 25
15 25 25
63 73 7
47 57 18
47 57 18
42 52 23
7 17 25
45 55 20
15 25 25
30 40 25
40 50 25
53 63 13
63 73 7
46 56 19
24 34 25
64 74 6
43 53 22
64 74 6
45 55 20
52 62 14
64 74 6
44 54 21
58 68 10
32 42 25
3 13 25
31 41 25
31 41 25
61 71 8
49 59 16
60 70 9
47 57 18
63 73 7
53 63 13
39 49 25
8 18 25
9 19 25
27 37 25
53 63 13
37 47 25
15 25 25
28 38 25
51 61 15
52 62 14
37 47 25
33 43 25
61 71 8
9 19 25
12 22 25
43 53 22
30 40 24
38 48 24
12 22 24
46 56 19
19 29 24
62 72 7
65 75 6
65 75 6
50 60 16
33 43 24
19 29 24
52 62 14
33 43 24
62 72 7
34 44 24
7 17 24
50 60 16
21 31 24
57 67 10
52 62 14
54 64 12
12 22 24
54 64 12
26 36 24
4 14 24
64 74 6
21 31 24
21 31 24
33 43 24
19 29 24
63 73 7
19 29 24
61 71 8
2 12 24
8 18 24
1 11 24
4 14 24
41 51 24
64 74 6
60 70 9
11 21 24
55 65 12
57 67 10
63 73 7
23 33 24
28 38 24
49 59 16
55 65 12
39 49 24
37 47 24
29 39 24
38 48 24
58 68 10
43 53 22
65 75 6
58 68 10
61 71 8
65 75 6
25 35 23
20 30 23
39 49 23
54 64 12
55 65 12
55 65 12
32 42 23
52 62 14
38 48 23
58 68 10
44 54 21
43 53 22
41 51 23
27 37 23
16 26 23
56 66 11
28 38 23
29 39 23
62 72 7
17 27 23
60 70 9
48 58 17
51 61 15
41 51 23
28 38 23
53 63 13
22 32 23
57 67 10
63 73 7
59 69 9
41 51 23
45 55 20
66 76 5
5 15 23
56 66 11
51 61 15
8 18 23
46 56 19
48 58 17
42 52 23
14 24 23
5 15 23
29 39 23
4 14 23
59 69 9
49 59 16
58 68 10
38 48 23
39 49 23
42 52 23
38 48 23
60 70 9
63 73 7
30 40 23
21 31 23
16 26 23
64 74 6
63 73 7
16 26 23
57 67 10
56 66 11
47 57 18
63 73 7
6 16 23
43 53 22
43 53 22
41 51 23
47 57 18
35 45 23
62 72 7
46 56 19
66 76 5
66 76 5
12 22 23
12 22 23
21 31 23
51 61 15
31 41 23
24 34 23
32 42 23
50 60 16
39 49 22
45 55 20
31 41 22
56 66 11
31 41 22
56 66 11
66 76 5
57 67 10
5 15 22
54 64 12
31 41 22
14 24 22
24 34 22
25 35 22
60 70 9
62 72 7
58 68 10
51 61 15
24 34 22
4 14 22
22 32 22
42 52 22
39 49 22
29 39 22
59 69 9
61 71 8
55 65 12
45 55 20
25 35 22
58 68 10
23 33 22
66 76 5
18 28 22
55 65 12
56 66 11
65 75 6
39 49 22
13 23 22
14 24 22
65 75 6
63 73 7
28 38 22
45 55 20
50 60 16
56 66 11
62 72 7
62 72 7
60 70 9
47 57 18
32 42 22
35 45 22
5 15 22
22 32 22
52 62 14
9 19 22
23 33 22
59 69 9
52 62 14
64 74 6
4 14 22
59 69 9
61 71 8
51 61 15
44 54 21
22 32 22
18 28 22
29 39 22
46 56 19
12 22 21
41 51 21
40 50 21
58 68 10
26 36 21
64 74 6
64 74 6
18 28 21
65 75 6
37 47 21
68 78 4
63 73 7
32 42 21
46 56 19
19 29 21
61 71 8
62 72 7
16 26 21
49 59 16
60 70 9
55 65 12
48 58 17
68 78 4
30 40 21
16 26 21
43 53 21
65 75 6
25 35 21
36 46 21
49 59 16
65 75 6
24 34 21
10 20 21
12 22 21
39 49 21
37 47 21
1 11 21
34 44 21
8 18 21
67 77 5
39 49 21
58 68 10
55 65 12
41 51 21
65 75 6
53 63 13
58 68 10
39 49 21
22 32 21
41 51 21
18 28 21
41 51 21
52 62 14
45 55 20
12 22 21
14 24 21
62 72 7
59 69 9
67 77 5
7 17 21
52 62 14
49 59 16
61 71 8
58 68 10
55 65 12
14 24 21
30 40 21
37 47 21
21 31 21
56 66 11
43 53 21
24 34 21
68 78 4
18 28 21
62 72 7
25 35 21
47 57 18
26 36 21
21 31 21
7 17 20
33 43 20
11 21 20
65 75 6
36 46 20
20 30 20
44 54 20
61 71 8
31 41 20
48 58 17
65 75 6
8 18 20
21 31 20
68 78 4
21 31 20
12 22 20
64 74 6
54 64 12
68 78 4
44 54 20
42 52 20
53 63 13
48 58 17
61 71 8
54 64 12
67 77 5
69 79 4
69 79 4
47 57 18
48 58 17
57 67 10
40 50 20
48 58 17
11 21 20
65 75 6
21 31 20
59 69 9
66 76 5
6 16 20
49 59 16
59 69 9
42 52 20
31 41 20
12 22 20
58 68 10
66 76 5
15 25 20
37 47 20
58 68 10
14 24 20
44 54 20
63 73 7
33 43 20
35 45 20
25 35 20
35 45 20
52 62 14
23 33 20
37 47 20
55 65 12
13 23 20
37 47 20
8 18 20
24 34 20
28 38 20
65 75 6
36 46 20
55 65 12
21 31 20
3 13 20
45 55 20
64 74 6
18 28 19
47 57 18
12 22 19
70 80 4
6 16 19
56 66 11
21 31 19
48 58 17
55 65 12
7 17 19
1 11 19
39 49 19
5 15 19
25 35 19
20 30 19
15 25 19
55 65 12
50 60 16
40 50 19
18 28 19
50 60 16
61 71 8
60 70 9
60 70 9
66 76 5
65 75 6
47 57 18
54 64 12
15 25 19
68 78 4
67 77 5
66 76 5
31 41 19
33 43 19
40 50 19
3 13 19
42 52 19
21 31 19
69 79 4
46 56 19
19 29 19
2 12 19
60 70 9
22 32 19
12 22 19
64 74 6
49 59 16
70 80 4
22 32 19
69 79 4
20 30 19
57 67 10
2 12 19
10 20 19
16 26 19
61 71 8
69 79 4
56 66 11
8 18 19
64 74 6
61 71 8
67 77 5
52 62 14
28 38 18
42 52 18
71 81 3
69 79 4
69 79 4
7 17 18
52 62 14
27 37 18
71 81 3
54 64 12
66 76 5
65 75 6
60 70 9
55 65 12
31 41 18
46 56 18
66 76 5
67 77 5
69 79 4
40 50 18
60 70 9
16 26 18
14 24 18
69 79 4
43 53 18
61 71 8
56 66 11
60 70 9
66 76 5
61 71 8
32 42 18
29 39 18
61 71 8
43 53 18
61 71 8
70 80 4
57 67 10
48 58 17
71 81 3
41 51 18
37 47 18
71 81 3
10 20 18
63 73 7
63 73 7
51 61 15
39 49 18
57 67 10
71 81 3
15 25 18
68 78 4
4 14 18
65 75 6
59 69 9
50 60 16
11 21 18
18 28 18
59 69 9
48 58 17
12 22 18
13 23 18
57 67 10
57 67 10
38 48 18
64 74 6
47 57 18
66 76 5
65 75 6
60 70 9
59 69 9
22 32 18
56 66 11
23 33 18
32 42 18
49 59 16
1 11 18
60 70 9
56 66 11
56 66 11
14 24 18
32 42 18
44 54 17
72 82 3
68 78 4
28 38 17
32 42 17
59 69 9
54 64 12
62 72 7
27 37 17
65 75 6
30 40 17
65 75 6
63 73 7
28 38 17
52 62 14
13 23 17
72 82 3
57 67 10
71 81 3
50 60 16
39 49 17
67 77 5
66 76 5
63 73 7
24 34 17
17 27 17
46 56 17
71 81 3
72 82 3
56 66 11
53 63 13
65 75 6
64 74 6
35 45 17
67 77 5
52 62 14
70 80 4
55 65 12
22 32 17
45 55 17
70 80 4
30 40 17
44 54 17
61 71 8
10 20 17
59 69 9
44 54 17
13 23 17
67 77 5
4 14 17
66 76 5
45 55 17
21 31 17
39 49 17
39 49 17
22 32 17
55 65 12
57 67 10
54 64 12
57 67 10
9 19 17
55 65 12
44 54 17
70 80 4
52 62 14
70 80 4
33 43 17
33 43 17
71 81 3
10 20 17
50 60 16
48 58 17
34 44 17
50 60 16
28 38 17
67 77 5
71 81 3
24 34 17
67 77 5
45 55 17
60 70 9
36 46 17
56 66 11
56 66 11
59 69 9
71 81 3
70 80 4
8 18 17
1 11 17
17 27 17
73 83 2
62 72 7
41 51 16
67 77 5
15 25 16
69 79 4
64 74 6
64 74 6
37 47 16
61 71 8
52 62 14
64 74 6
27 37 16
55 65 12
62 72 7
42 52 16
72 82 3
59 69 9
28 38 16
71 81 3
70 80 4
55 65 12
18 28 16
24 34 16
73 83 2
59 69 9
34 44 16
51 61 15
1 11 16
50 60 16
18 28 16
29 39 16
57 67 10
46 56 16
67 77 5
44 54 16
12 22 16
59 69 9
49 59 16
27 37 16
25 35 16
67 77 5
20 30 16
35 45 16
47 57 16
55 65 12
7 17 16
46 56 16
15 25 16
18 28 16
14 24 16
42 52 16
36 46 16
26 36 16
69 79 4
61 71 8
20 30 16
61 71 8
61 71 8
38 48 16
68 78 4
24 34 16
50 60 16
72 82 3
69 79 4
28 38 16
4 14 16
64 74 6
64 74 6
3 13 16
57 67 10
65 75 6
62 72 7
64 74 6
66 76 5
37 47 16
57 67 10
34 44 16
2 12 16
69 79 4
38 48 16
9 19 16
19 29 16
7 17 16
59 69 9
43 53 16
62 72 7
39 49 16
62 72 7
71 81 3
60 70 9
52 62 14
59 69 9
66 76 5
71 81 3
70 80 4
71 81 3
68 78 4
72 82 3
73 83 2
34 44 15
71 81 3
51 61 15
47 57 15
59 69 9
7 17 15
49 59 15
33 43 15
24 34 15
33 43 15
50 60 15
74 84 2
20 30 15
22 32 15
41 51 15
63 73 7
66 76 5
57 67 10
61 71 8
48 58 15
50 60 15
69 79 4
33 43 15
45 55 15
64 74 6
70 80 4
68 78 4
43 53 15
50 60 15
47 57 15
46 56 15
69 79 4
50 60 15
20 30 15
62 72 7
26 36 15
68 78 4
56 66 11
60 70 9
39 49 15
52 62 14
61 71 8
43 53 15
55 65 12
65 75 6
61 71 8
27 37 15
63 73 7
58 68 10
2 12 15
62 72 7
70 80 4
32 42 15
50 60 15
41 51 15
70 80 4
31 41 15
64 74 6
70 80 4
52 62 14
36 46 15
58 68 10
63 73 7
4 14 15
42 52 15
70 80 4
64 74 6
59 69 9
71 81 3
63 73 7
49 59 15
37 47 15
45 55 15
45 55 14
73 83 2
17 27 14
42 52 14
58 68 10
29 39 14
63 73 7
70 80 4
53 63 13
37 47 14
62 72 7
3 13 14
55 65 12
46 56 14
41 51 14
25 35 14
16 26 14
63 73 7
50 60 14
49 59 14
61 71 8
26 36 14
43 53 14
12 22 14
26 36 14
10 20 14
75 85 2
48 58 14
69 79 4
68 78 4
25 35 14
69 79 4
56 66 11
67 77 5
48 58 14
69 79 4
74 84 2
65 75 6
60 70 9
37 47 14
37 47 14
54 64 12
59 69 9
74 84 2
70 80 4
66 76 5
46 56 14
27 37 14
55 65 12
42 52 14
58 68 10
18 28 14
68 78 4
73 83 2
18 28 14
58 68 10
31 41 14
51 61 14
42 52 14
69 79 4
72 82 3
74 84 2
57 67 10
59 69 9
75 85 2
75 85 2
4 14 14
57 67 10
35 45 14
45 55 14
45 55 14
14 24 14
55 65 12
63 73 7
49 59 14
73 83 2
58 68 10
70 80 4
73 83 2
49 59 13
75 85 2
63 73 7
75 85 2
5 15 13
49 59 13
74 84 2
45 55 13
75 85 2
59 69 9
52 62 13
76 86 1
13 23 13
75 85 2
21 31 13
58 68 10
71 81 3
68 78 4
4 14 13
69 79 4
26 36 13
70 80 4
52 62 13
61 71 8
30 40 13
40 50 13
66 76 5
57 67 10
25 35 13
44 54 13
21 31 13
74 84 2
10 20 13
60 70 9
75 85 2
17 27 13
67 77 5
4 14 13
65 75 6
55 65 12
75 85 2
14 24 13
75 85 2
69 79 4
36 46 13
63 73 7
59 69 9
60 70 9
69 79 4
46 56 13
48 58 13
67 77 5
17 27 13
76 86 1
73 83 2
62 72 7
68 78 4
27 37 13
20 30 13
10 20 13
6 16 13
73 83 2
46 56 13
52 62 13
22 32 13
37 47 13
55 65 12
72 82 3
50 60 13
52 62 13
31 41 13
53 63 13
53 63 13
71 81 3
27 37 13
60 70 9
60 70 9
65 75 6
36 46 13
50 60 13
73 83 2
54 64 12
69 79 4
48 58 13
56 66 11
58 68 10
68 78 4
71 81 3
76 86 1
43 53 12
63 73 7
5 15 12
57 67 10
59 69 9
69 79 4
72 82 3
55 65 12
59 69 9
58 68 10
74 84 2
61 71 8
53 63 12
72 82 3
46 56 12
25 35 12
6 16 12
64 74 6
66 76 5
18 28 12
53 63 12
55 65 12
66 76 5
55 65 12
75 85 2
35 45 12
71 81 3
70 80 4
31 41 12
74 84 2
31 41 12
15 25 12
73 83 2
75 85 2
56 66 11
68 78 4
68 78 4
54 64 12
26 36 12
74 84 2
4 14 12
15 25 12
69 79 4
22 32 12
38 48 12
70 80 4
62 72 7
73 83 2
23 33 12
6 16 12
46 56 12
55 65 12
75 85 2
7 17 12
75 85 2
74 84 2
68 78 4
73 83 2
74 84 2
52 62 12
74 84 2
49 59 12
13 23 12
17 27 12
68 78 4
73 83 2
52 62 12
73 83 2
74 84 2
30 40 12
51 61 12
34 44 12
67 77 5
44 54 12
41 51 12
76 86 1
62 72 7
69 79 4
76 86 1
69 79 4
77 87 1
71 81 3
72 82 3
57 67 10
55 65 12
57 67 10
74 84 2
63 73 7
27 37 11
78 88 1
74 84 2
60 70 9
76 86 1
32 42 11
53 63 11
16 26 11
44 54 11
78 88 1
68 78 4
56 66 11
74 84 2
70 80 4
68 78 4
11 21 11
29 39 11
44 54 11
33 43 11
78 88 1
72 82 3
52 62 11
67 77 5
58 68 10
61 71 8
64 74 6
65 75 6
76 86 1
12 22 11
23 33 11
67 77 5
76 86 1
65 75 6
58 68 10
61 71 8
74 84 2
67 77 5
75 85 2
65 75 6
76 86 1
68 78 4
77 87 1
74 84 2
71 81 3
3 13 11
9 19 11
57 67 10
61 71 8
14 24 11
33 43 11
64 74 6
41 51 11
3 13 11
72 82 3
46 56 11
76 86 1
77 87 1
17 27 11
38 48 11
52 62 11
38 48 11
46 56 11
72 82 3
14 24 11
57 67 10
37 47 11
52 62 11
69 79 4
18 28 11
75 85 2
76 86 1
49 59 11
39 49 11
9 19 11
19 29 11
73 83 2
54 64 11
3 13 11
57 67 10
6 16 11
12 22 11
65 75 6
78 88 1
27 37 11
14 24 11
22 32 11
67 77 5
73 83 2
77 87 1
66 76 5
68 78 4
58 68 10
59 69 9
22 32 10
69 79 4
16 26 10
58 68 10
76 86 1
50 60 10
43 53 10
64 74 6
77 87 1
74 84 2
67 77 5
66 76 5
62 72 7
36 46 10
76 86 1
79 89 1
77 87 1
32 42 10
52 62 10
58 68 10
60 70 9
59 69 9
79 89 1
76 86 1
13 23 10
57 67 10
34 44 10
58 68 10
68 78 4
77 87 1
68 78 4
68 78 4
72 82 3
74 84 2
33 43 10
76 86 1
79 89 1
47 57 10
77 87 1
69 79 4
48 58 10
77 87 1
67 77 5
68 78 4
78 88 1
61 71 8
50 60 10
73 83 2
76 86 1
69 79 4
45 55 10
79 89 1
53 63 10
18 28 10
64 74 6
78 88 1
45 55 10
38 48 10
75 85 2
64 74 6
41 51 10
13 23 10
35 45 10
71 81 3
35 45 10
57 67 10
59 69 9
78 88 1
69 79 4
77 87 1
79 89 1
61 71 8
12 22 10
53 63 10
79 89 1
55 65 10
52 62 10
58 68 10
75 85 2
7 17 10
69 79 4
60 70 9
56 66 10
9 19 10
70 80 4
67 77 5
18 28 10
65 75 6
59 69 9
57 67 10
74 84 2
28 38 10
68 78 4
77 87 1
74 84 2
77 87 1
62 72 7
26 36 10
73 83 2
63 73 7
75 85 2
61 71 8
25 35 9
77 87 1
47 57 9
65 75 6
49 59 9
74 84 2
66 76 5
58 68 9
65 75 6
71 81 3
24 34 9
55 65 9
62 72 7
74 84 2
43 53 9
17 27 9
65 75 6
69 79 4
80 90 1
56 66 9
79 89 1
79 89 1
60 70 9
3 13 9
78 88 1
67 77 5
77 87 1
72 82 3
9 19 9
29 39 9
22 32 9
49 59 9
77 87 1
65 75 6
8 18 9
52 62 9
72 82 3
62 72 7
78 88 1
51 61 9
63 73 7
62 72 7
79 89 1
45 55 9
78 88 1
78 88 1
39 49 9
71 81 3
5 15 9
29 39 9
34 44 9
71 81 3
38 48 9
76 86 1
80 90 1
32 42 9
76 86 1
79 89 1
57 67 9
77 87 1
13 23 9
69 79 4
75 85 2
38 48 9
35 45 9
60 70 9
68 78 4
75 85 2
79 89 1
66 76 5
45 55 9
44 54 9
56 66 9
45 55 9
5 15 9
71 81 3
49 59 9
56 66 9
79 89 1
73 83 2
43 53 9
78 88 1
40 50 9
75 85 2
65 75 6
72 82 3
49 59 9
77 87 1
68 78 4
73 83 2
14 24 9
70 80 4
11 21 9
39 49 9
78 88 1
36 46 9
73 83 2
77 87 1
75 85 2
76 86 1
60 70 9
49 59 9
17 27 9
6 16 9
20 30 9
75 85 2
75 85 2
30 40 9
15 25 9
40 50 9
39 49 8
55 65 8
72 82 3
72 82 3
69 79 4
81 91 0
79 89 1
79 89 1
78 88 1
81 91 0
34 44 8
81 91 0
36 46 8
74 84 2
65 75 6
80 90 1
80 90 1
55 65 8
41 51 8
16 26 8
80 90 1
77 87 1
57 67 8
56 66 8
34 44 8
36 46 8
75 85 2
33 43 8
48 58 8
68 78 4
71 81 3
81 91 0
81 91 0
80 90 1
55 65 8
80 90 1
50 60 8
21 31 8
59 69 8
67 77 5
80 90 1
28 38 8
79 89 1
29 39 8
53 63 8
39 49 8
81 91 0
81 91 0
36 46 8
81 91 0
16 26 8
79 89 1
10 20 8
55 65 8
31 41 8
20 30 8
81 91 0
3 13 8
76 86 1
69 79 4
69 79 4
79 89 1
74 84 2
63 73 7
81 91 0
50 60 8
56 66 8
65 75 6
16 26 8
58 68 8
81 91 0
68 78 4
41 51 8
81 91 0
57 67 8
19 29 8
41 51 8
32 42 8
29 39 8
70 80 4
9 19 8
29 39 8
77 87 1
24 34 8
75 85 2
6 16 8
60 70 8
14 24 8
23 33 8
51 61 8
58 68 8
74 84 2
70 80 4
19 29 8
79 89 1
74 84 2
76 86 1
32 42 8
69 79 4
79 89 1
75 85 2
78 88 1
69 79 4
71 81 3
27 37 8
31 41 8
67 77 5
33 43 8
7 17 8
38 48 8
58 68 8
75 85 2
40 50 8
54 64 8
66 76 5
56 66 8
69 79 4
64 74 6
42 52 7
46 56 7
80 90 1
26 36 7
40 50 7
80 90 1
59 69 7
66 76 5
74 84 2
71 81 3
29 39 7
74 84 2
35 45 7
38 48 7
72 82 3
40 50 7
76 86 1
73 83 2
35 45 7
55 65 7
67 77 5
56 66 7
78 88 1
69 79 4
82 92 0
66 76 5
58 68 7
28 38 7
42 52 7
61 71 7
80 90 1
40 50 7
28 38 7
69 79 4
81 91 0
36 46 7
77 87 1
68 78 4
81 91 0
27 37 7
51 61 7
79 89 1
5 15 7
10 20 7
61 71 7
8 18 7
82 92 0
15 25 7
69 79 4
58 68 7
31 41 7
74 84 2
80 90 1
76 86 1
18 28 7
82 92 0
79 89 1
81 91 0
68 78 4
43 53 7
56 66 7
77 87 1
76 86 1
17 27 7
24 34 7
53 63 7
80 90 1
6 16 7
38 48 7
82 92 0
78 88 1
75 85 2
33 43 7
77 87 1
73 83 2
17 27 7
81 91 0
9 19 7
25 35 7
27 37 7
57 67 7
67 77 5
21 31 7
69 79 4
72 82 3
38 48 7
82 92 0
81 91 0
31 41 7
28 38 7
50 60 7
70 80 4
81 91 0
52 62 7
6 16 7
76 86 1
10 20 7
34 44 7
64 74 6
41 51 7
39 49 7
80 90 1
73 83 2
42 52 7
71 81 3
23 33 7
2 12 7
50 60 7
62 72 7
72 82 3
78 88 1
75 85 2
78 88 1
64 74 6
79 89 1
66 76 5
57 67 7
44 54 7
43 53 7
54 64 7
72 82 3
74 84 2
81 91 0
46 56 7
79 89 1
35 45 7
73 83 2
13 23 7
71 81 3
25 35 7
13 23 7
17 27 7
64 74 6
48 58 6
55 65 6
82 92 0
40 50 6
82 92 0
73 83 2
18 28 6
82 92 0
65 75 6
81 91 0
63 73 6
73 83 2
56 66 6
62 72 6
80 90 1
71 81 3
79 89 1
50 60 6
16 26 6
67 77 5
81 91 0
83 93 0
63 73 6
72 82 3
78 88 1
71 81 3
71 81 3
48 58 6
40 50 6
74 84 2
64 74 6
76 86 1
66 76 5
82 92 0
38 48 6
79 89 1
65 75 6
82 92 0
82 92 0
72 82 3
36 46 6
82 92 0
36 46 6
43 53 6
53 63 6
45 55 6
21 31 6
80 90 1
36 46 6
79 89 1
76 86 1
80 90 1
28 38 6
59 69 6
69 79 4
58 68 6
68 78 4
67 77 5
61 71 6
68 78 4
11 21 6
83 93 0
2 12 6
76 86 1
70 80 4
36 46 6
80 90 1
38 48 6
69 79 4
42 52 6
80 90 1
72 82 3
36 46 6
80 90 1
73 83 2
50 60 6
32 42 6
38 48 6
54 64 6
75 85 2
64 74 6
43 53 6
31 41 6
76 86 1
55 65 6
43 53 6
32 42 6
67 77 5
61 71 6
82 92 0
26 36 6
18 28 6
73 83 2
82 92 0
69 79 4
42 52 6
65 75 6
65 75 6
35 45 6
62 72 6
63 73 6
70 80 4
62 72 6
83 93 0
78 88 1
45 55 6
72 82 3
76 86 1
6 16 6
70 80 4
17 27 6
48 58 6
67 77 5
72 82 3
44 54 6
82 92 0
80 90 1
4 14 6
48 58 6
68 78 4
60 70 6
77 87 1
54 64 6
80 90 1
13 23 6
49 59 6
82 92 0
77 87 1
80 90 1
33 43 6
3 13 6
82 92 0
46 56 6
62 72 6
81 91 0
51 61 6
81 91 0
14 24 6
55 65 6
52 62 6
4 14 6
69 79 4
25 35 6
82 92 0
7 17 6
83 93 0
5 15 5
80 90 1
81 91 0
56 66 5
77 87 1
39 49 5
69 79 4
51 61 5
18 28 5
78 88 1
75 85 2
84 94 0
46 56 5
72 82 3
37 47 5
70 80 4
72 82 3
78 88 1
16 26 5
82 92 0
73 83 2
31 41 5
80 90 1
76 86 1
6 16 5
66 76 5
71 81 3
76 86 1
53 63 5
45 55 5
45 55 5
19 29 5
82 92 0
78 88 1
64 74 5
25 35 5
80 90 1
79 89 1
60 70 5
83 93 0
69 79 4
84 94 0
50 60 5
64 74 5
18 28 5
54 64 5
1 11 5
82 92 0
35 45 5
40 50 5
69 79 4
20 30 5
78 88 1
42 52 5
50 60 5
67 77 5
34 44 5
83 93 0
75 85 2
46 56 5
58 68 5
58 68 5
61 71 5
66 76 5
52 62 5
55 65 5
54 64 5
82 92 0
79 89 1
84 94 0
21 31 5
79 89 1
34 44 5
82 92 0
68 78 4
12 22 5
76 86 1
46 56 5
57 67 5
47 57 5
63 73 5
53 63 5
84 94 0
72 82 3
68 78 4
81 91 0
80 90 1
63 73 5
55 65 5
10 20 5
30 40 5
62 72 5
69 79 4
52 62 5
45 55 5
16 26 5
77 87 1
77 87 1
13 23 5
50 60 5
19 29 5
64 74 5
72 82 3
42 52 5
63 73 5
84 94 0
63 73 5
84 94 0
84 94 0
52 62 5
41 51 5
66 76 5
25 35 5
68 78 4
81 91 0
7 17 5
54 64 5
50 60 5
39 49 5
22 32 5
27 37 5
81 91 0
67 77 5
54 64 5
36 46 5
76 86 1
59 69 5
33 43 5
80 90 1
51 61 5
76 86 1
77 87 1
66 76 4
58 68 4
80 90 1
59 69 4
84 94 0
80 90 1
75 85 2
83 93 0
76 86 1
71 81 3
37 47 4
81 91 0
71 81 3
41 51 4
83 93 0
80 90 1
39 49 4
26 36 4
56 66 4
69 79 4
78 88 1
57 67 4
80 90 1
77 87 1
51 61 4
73 83 2
73 83 2
70 80 4
72 82 3
81 91 0
75 85 2
83 93 0
24 34 4
82 92 0
69 79 4
74 84 2
53 63 4
78 88 1
29 39 4
18 28 4
69 79 4
83 93 0
44 54 4
39 49 4
58 68 4
79 89 1
69 79 4
83 93 0
85 95 0
68 78 4
68 78 4
84 94 0
81 91 0
74 84 2
84 94 0
82 92 0
80 90 1
55 65 4
24 34 4
43 53 4
37 47 4
5 15 4
9 19 4
68 78 4
37 47 4
26 36 4
84 94 0
59 69 4
79 89 1
7 17 4
52 62 4
16 26 4
25 35 4
41 51 4
65 75 4
67 77 4
71 81 3
81 91 0
77 87 1
77 87 1
84 94 0
17 27 4
16 26 4
76 86 1
48 58 4
76 86 1
66 76 4
85 95 0
52 62 4
72 82 3
14 24 4
84 94 0
54 64 4
76 86 1
21 31 4
66 76 4
38 48 4
84 94 0
10 20 4
69 79 4
79 89 1
66 76 4
73 83 2
61 71 4
79 89 1
65 75 4
80 90 1
84 94 0
70 80 4
84 94 0
81 91 0
71 81 3
75 85 2
82 92 0
72 82 3
85 95 0
62 72 4
42 52 4
70 80 4
74 84 2
22 32 4
79 89 1
83 93 0
76 86 1
50 60 4
68 78 4
65 75 4
51 61 4
79 89 1
18 28 4
1 11 4
77 87 1
82 92 0
82 92 0
74 84 2
81 91 0
82 92 0
22 32 4
37 47 4
47 57 4
66 76 4
76 86 1
50 60 4
74 84 2
82 92 0
74 84 2
84 94 0
85 95 0
77 87 1
85 95 0
86 96 0
81 91 0
78 88 1
86 96 0
63 73 3
82 92 0
75 85 2
11 21 3
84 94 0
23 33 3
28 38 3
74 84 2
72 82 3
13 23 3
77 87 1
57 67 3
17 27 3
17 27 3
71 81 3
84 94 0
78 88 1
67 77 3
82 92 0
82 92 0
75 85 2
83 93 0
63 73 3
19 29 3
36 46 3
39 49 3
61 71 3
86 96 0
61 71 3
78 88 1
76 86 1
80 90 1
63 73 3
47 57 3
86 96 0
78 88 1
76 86 1
73 83 2
86 96 0
72 82 3
85 95 0
86 96 0
85 95 0
32 42 3
78 88 1
86 96 0
85 95 0
86 96 0
76 86 1
63 73 3
76 86 1
71 81 3
79 89 1
77 87 1
84 94 0
78 88 1
70 80 3
73 83 2
66 76 3
85 95 0
22 32 3
84 94 0
80 90 1
35 45 3
81 91 0
76 86 1
79 89 1
84 94 0
77 87 1
52 62 3
85 95 0
84 94 0
70 80 3
86 96 0
51 61 3
77 87 1
81 91 0
76 86 1
66 76 3
67 77 3
72 82 3
63 73 3
83 93 0
48 58 3
72 82 3
84 94 0
83 93 0
80 90 1
80 90 1
54 64 3
83 93 0
81 91 0
80 90 1
32 42 3
77 87 1
11 21 3
33 43 3
35 45 3
84 94 0
79 89 1
67 77 3
86 96 0
34 44 3
7 17 3
15 25 3
83 93 0
68 78 3
45 55 3
54 64 3
85 95 0
72 82 3
42 52 3
42 52 3
60 70 3
12 22 3
86 96 0
86 96 0
86 96 0
8 18 3
78 88 1
69 79 3
63 73 3
84 94 0
59 69 3
26 36 3
85 95 0
79 89 1
74 84 2
12 22 3
80 90 1
62 72 3
81 91 0
58 68 3
80 90 1
51 61 3
60 70 3
68 78 3
86 96 0
69 79 3
81 91 0
84 94 0
33 43 3
73 83 2
86 96 0
62 72 3
82 92 0
59 69 3
80 90 1
54 64 3
78 88 1
51 61 3
83 93 0
76 86 1
80 90 1
64 74 3
48 58 3
85 95 0
86 96 0
79 89 1
79 89 1
83 93 0
55 65 3
83 93 0
19 29 3
56 66 3
82 92 0
75 85 2
20 30 3
44 54 3
51 61 3
85 95 0
59 69 3
17 27 3
63 73 3
77 87 1
83 93 0
86 96 0
62 72 3
36 46 3
72 82 3
83 93 0
55 65 3
52 62 3
82 92 0
87 97 0
61 71 2
77 87 1
87 97 0
73 83 2
87 97 0
77 87 1
87 97 0
48 58 2
78 88 1
80 90 1
86 96 0
7 17 2
83 93 0
87 97 0
85 95 0
47 57 2
34 44 2
79 89 1
65 75 2
53 63 2
47 57 2
73 83 2
67 77 2
28 38 2
82 92 0
84 94 0
51 61 2
85 95 0
53 63 2
55 65 2
76 86 1
62 72 2
81 91 0
85 95 0
61 71 2
87 97 0
86 96 0
34 44 2
2 12 2
59 69 2
87 97 0
87 97 0
23 33 2
8 18 2
19 29 2
10 20 2
86 96 0
72 82 2
60 70 2
87 97 0
83 93 0
87 97 0
29 39 2
76 86 1
65 75 2
73 83 2
36 46 2
75 85 2
70 80 2
13 23 2
65 75 2
85 95 0
85 95 0
85 95 0
47 57 2
44 54 2
30 40 2
8 18 2
44 54 2
11 21 2
34 44 2
87 97 0
8 18 2
85 95 0
86 96 0
72 82 2
63 73 2
74 84 2
27 37 2
86 96 0
47 57 2
74 84 2
86 96 0
86 96 0
79 89 1
67 77 2
86 96 0
86 96 0
82 92 0
77 87 1
84 94 0
78 88 1
87 97 0
43 53 2
69 79 2
50 60 2
32 42 2
83 93 0
72 82 2
57 67 2
76 86 1
84 94 0
87 97 0
43 53 2
87 97 0
84 94 0
71 81 2
85 95 0
44 54 2
45 55 2
26 36 2
11 21 2
5 15 2
36 46 2
85 95 0
70 80 2
74 84 2
87 97 0
80 90 1
73 83 2
82 92 0
81 91 0
48 58 2
84 94 0
82 92 0
87 97 0
44 54 2
52 62 2
85 95 0
80 90 1
46 56 2
80 90 1
73 83 2
83 93 0
87 97 0
84 94 0
83 93 0
78 88 1
2 12 2
64 74 2
78 88 1
82 92 0
75 85 2
42 52 2
47 57 2
69 79 2
85 95 0
81 91 0
50 60 2
57 67 2
75 85 2
86 96 0
69 79 2
63 73 2
82 92 0
62 72 2
62 72 2
28 38 2
59 69 2
79 89 1
43 53 2
86 96 0
86 96 0
53 63 2
78 88 1
80 90 1
86 96 0
84 94 0
66 76 2
86 96 0
12 22 2
17 27 2
87 97 0
7 17 2
78 88 1
88 98 0
87 97 0
85 95 0
69 79 1
88 98 0
61 71 1
63 73 1
87 97 0
23 33 1
64 74 1
45 55 1
88 98 0
86 96 0
82 92 0
83 93 0
80 90 1
71 81 1
87 97 0
54 64 1
78 88 1
68 78 1
80 90 1
33 43 1
86 96 0
86 96 0
6 16 1
73 83 1
44 54 1
85 95 0
83 93 0
68 78 1
82 92 0
67 77 1
80 90 1
81 91 0
85 95 0
68 78 1
78 88 1
56 66 1
77 87 1
88 98 0
27 37 1
15 25 1
37 47 1
8 18 1
47 57 1
63 73 1
88 98 0
72 82 1
80 90 1
24 34 1
65 75 1
15 25 1
81 91 0
88 98 0
85 95 0
87 97 0
71 81 1
29 39 1
85 95 0
84 94 0
78 88 1
73 83 1
87 97 0
59 69 1
79 89 1
87 97 0
70 80 1
30 40 1
34 44 1
87 97 0
84 94 0
85 95 0
86 96 0
1 11 1
61 71 1
87 97 0
60 70 1
23 33 1
87 97 0
88 98 0
79 89 1
61 71 1
75 85 1
88 98 0
78 88 1
86 96 0
53 63 1
53 63 1
35 45 1
26 36 1
78 88 1
64 74 1
77 87 1
61 71 1
72 82 1
67 77 1
57 67 1
81 91 0
86 96 0
88 98 0
37 47 1
23 33 1
80 90 1
63 73 1
84 94 0
88 98 0
39 49 1
81 91 0
78 88 1
73 83 1
11 21 1
82 92 0
46 56 1
62 72 1
85 95 0
83 93 0
86 96 0
75 85 1
87 97 0
77 87 1
82 92 0
56 66 1
87 97 0
59 69 1
77 87 1
9 19 1
68 78 1
82 92 0
72 82 1
80 90 1
5 15 1
88 98 0
71 81 1
75 85 1
72 82 1
63 73 1
62 72 1
75 85 1
87 97 0
38 48 1
83 93 0
84 94 0
78 88 1
69 79 1
73 83 1
77 87 1
87 97 0
87 97 0
87 97 0
71 81 1
83 93 0
63 73 1
55 65 1
70 80 1
87 97 0
75 85 1
88 98 0
82 92 0
30 40 1
79 89 1
85 95 0
72 82 1
84 94 0
86 96 0
42 52 1
86 96 0
88 98 0
20 30 1
47 57 1
87 97 0
88 98 0
68 78 1
80 90 1
72 82 1
79 89 1
86 96 0
44 54 1
86 96 0
40 50 1
88 98 0
78 88 1
10 20 1
18 28 1
88 98 0
47 57 1
51 61 1
88 98 0
87 97 0
45 55 1
77 87 1
65 75 1
84 94 0
35 45 1
10 20 1
23 33 1
87 97 0
87 97 0
97 100 0
87 97 0
84 94 0
89 99 0
94 100 0
40 50 0
45 55 0
95 100 0
89 99 0
100 100 0
93 100 0
88 98 0
87 97 0
87 97 0
93 100 0
93 100 0
72 82 0
88 98 0
95 100 0
34 44 0
99 100 0
86 96 0
94 100 0
93 100 0
91 100 0
96 100 0
79 89 0
97 100 0
73 83 0
77 87 0
92 100 0
99 100 0
79 89 0
93 100 0
98 100 0
92 100 0
96 100 0
92 100 0
99 100 0
92 100 0
100 100 0
49 59 0
13 23 0
100 100 0
74 84 0
89 99 0
93 100 0
91 100 0
90 100 0
96 100 0
92 100 0
99 100 0
92 100 0
89 99 0
90 100 0
99 100 0
83 93 0
90 100 0
100 100 0
92 100 0
96 100 0
84 94 0
96 100 0
98 100 0
45 55 0
54 64 0
98 100 0
77 87 0
75 85 0
71 81 0
92 100 0
93 100 0
98 100 0
100 100 0
96 100 0
90 100 0
91 100 0
86 96 0
92 100 0
87 97 0
79 89 0
97 100 0
96 100 0
92 100 0
89 99 0
97 100 0
96 100 0
92 100 0
94 100 0
88 98 0
92 100 0
99 100 0
97 100 0
93 100 0
92 100 0
97 100 0
92 100 0
94 100 0
28 38 0
89 99 0
95 100 0
99 100 0
89 99 0
92 100 0
75 85 0
100 100 0
94 100 0
92 100 0
97 100 0
90 100 0
99 100 0
99 100 0
91 100 0
85 95 0
88 98 0
95 100 0
95 100 0
100 100 0
50 60 0
93 100 0
97 100 0
95 100 0
95 100 0
93 100 0
95 100 0
91 100 0
98 100 0
89 99 0
96 100 0
94 100 0
90 100 0
97 100 0
94 100 0
99 100 0
85 95 0
66 76 0
98 100 0
85 95 0
89 99 0
99 100 0
100 100 0
87 97 0
99 100 0
97 100 0
89 99 0
88 98 0
16 26 0
97 100 0
78 88 0
92 100 0
85 95 0
69 79 0
83 93 0
89 99 0
96 100 0
82 92 0
98 100 0
97 100 0
90 100 0
93 100 0
98 100 0
91 100 0
98 100 0
99 100 0
97 100 0
93 100 0
95 100 0
88 98 0
94 100 0
87 97 0
90 100 0
97 100 0
8 18 0
93 100 0
81 91 0
92 100 0
95 100 0
93 100 0
83 93 0
97 100 0
100 100 0
93 100 0
89 99 0
97 100 0
92 100 0
93 100 0
5 15 0
99 100 0
99 100 0
97 100 0
94 100 0
97 100 0
91 100 0
13 23 0
91 100 0
95 100 0
21 31 0
96 100 0
90 100 0
94 100 0
99 100 0
90 100 0
79 89 0
89 99 0
38 48 0
84 94 0
80 90 0
92 100 0
95 100 0
91 100 0
97 100 0
92 100 0
83 93 0
94 100 0
93 100 0
89 99 0
90 100 0
90 100 0
92 100 0
84 94 0
59 69 0
71 81 0
95 100 0
100 100 0
88 98 0
91 100 0
89 99 0
96 100 0
99 100 0
96 100 0
91 100 0
78 88 0
90 100 0
96 100 0
89 99 0
85 95 0
95 100 0
96 100 0
97 100 0
89 99 0
94 100 0
67 77 0
91 100 0
84 94 0
100 100 0
93 100 0
95 100 0
98 100 0
97 100 0
65 75 0
92 100 0
92 100 0
90 100 0
96 100 0
89 99 0
94 100 0
77 87 0
94 100 0
98 100 0
100 100 0
99 100 0
96 100 0
89 99 0
84 94 0
93 100 0
86 96 0
92 100 0
95 100 0
91 100 0
93 100 0
91 100 0
89 99 0
89 99 0
92 100 0
94 100 0
84 94 0
85 95 0
92 100 0
88 98 0
28 38 0
96 100 0
91 100 0
91 100 0
69 79 0
58 68 0
95 100 0
97 100 0
97 100 0
96 100 0
90 100 0
99 100 0
89 99 0
90 100 0
92 100 0
96 100 0
96 100 0
17 27 0
97 100 0
91 100 0
100 100 0
79 89 0
89 99 0
88 98 0
90 100 0
89 99 0
99 100 0
91 100 0
98 100 0
89 99 0
98 100 0
97 100 0
92 100 0
99 100 0
95 100 0
97 100 0
88 98 0
89 99 0
84 94 0
93 100 0
76 86 0
95 100 0
93 100 0
91 100 0
86 96 0
98 100 0
86 96 0
100 100 0
92 100 0
95 100 0
93 100 0
64 74 0
54 64 0
91 100 0
100 100 0
98 100 0
94 100 0
82 92 0
90 100 0
98 100 0
96 100 0
100 100 0
97 100 0
97 100 0
96 100 0
99 100 0
92 100 0
95 100 0
90 100 0
99 100 0
84 94 0
97 100 0
88 98 0
98 100 0
95 100 0
99 100 0
85 95 0
92 100 0
91 100 0
97 100 0
32 42 0
90 100 0
90 100 0
91 100 0
89 99 0
97 100 0
70 80 0
98 100 0
98 100 0
94 100 0
91 100 0
91 100 0
97 100 0
100 100 0
89 99 0
98 100 0
94 100 0
94 100 0
94 100 0
90 100 0
43 53 0
95 100 0
90 100 0
85 95 0
100 100 0
100 100 0
90 100 0
76 86 0
5 15 0
87 97 0
85 95 0
98 100 0
99 100 0
96 100 0
100 100 0
98 100 0
100 100 0
86 96 0
95 100 0
90 100 0
86 96 0
91 100 0
45 55 0
76 86 0
89 99 0
94 100 0
94 100 0
93 100 0
94 100 0
72 82 0
97 100 0
95 100 0
90 100 0
87 97 0
53 63 0
93 100 0
94 100 0
87 97 0
91 100 0
89 99 0
32 42 0
94 100 0
91 100 0
100 100 0
89 99 0
100 100 0
99 100 0
89 99 0
92 100 0
88 98 0
95 100 0
81 91 0
92 100 0
100 100 0
73 83 0
71 81 0
99 100 0
88 98 0
100 100 0
98 100 0
92 100 0
92 100 0
89 99 0
87 97 0
93 100 0
39 49 0
98 100 0
93 100 0
98 100 0
88 98 0
87 97 0
98 100 0
92 100 0
90 100 0
58 68 0
96 100 0
99 100 0
100 100 0
85 95 0
98 100 0
74 84 0
93 100 0
99 100 0
98 100 0
99 100 0
91 100 0
24 34 0
95 100 0
86 96 0
97 100 0
7 17 0
97 100 0
87 97 0
97 100 0
11 21 0
98 100 0
98 100 0
89 99 0
87 97 0
91 100 0
99 100 0
2 12 0
86 96 0
55 65 0
91 100 0
30 40 0
96 100 0
95 100 0
99 100 0
94 100 0
98 100 0
89 99 0
89 99 0
87 97 0
69 79 0
96 100 0
97 100 0
96 100 0
100 100 0
93 100 0
99 100 0
76 86 0
97 100 0
95 100 0
92 100 0
48 58 0
100 100 0
91 100 0
96 100 0
89 99 0
93 100 0
96 100 0
96 100 0
92 100 0
80 90 0
85 95 0
18 28 0
79 89 0
95 100 0
95 100 0
94 100 0
97 100 0
78 88 0
98 100 0
54 64 0
88 98 0
92 100 0
99 100 0
98 100 0
97 100 0
99 100 0
100 100 0
78 88 0
13 23 0
96 100 0
100 100 0
99 100 0
100 100 0
89 99 0
94 100 0
57 67 0
83 93 0
92 100 0
95 100 0
14 24 0
90 100 0
75 85 0
93 100 0
97 100 0
91 100 0
96 100 0
92 100 0
99 100 0
74 84 0
88 98 0
100 100 0
100 100 0
88 98 0
8 18 0
92 100 0
80 90 0
82 92 0
44 54 0
89 99 0
98 100 0
87 97 0
96 100 0
93 100 0
94 100 0
96 100 0
98 100 0
90 100 0
92 100 0
3 13 0
94 100 0
93 100 0
97 100 0
92 100 0
100 100 0
94 100 0
96 100 0
62 72 0
80 90 0
78 88 0
75 85 0
95 100 0
92 100 0
93 100 0
96 100 0
90 100 0
85 95 0
96 100 0
91 100 0
95 100 0
93 100 0
88 98 0
96 100 0
91 100 0
91 100 0
92 100 0
39 49 0
97 100 0
92 100 0
83 93 0
14 24 0
91 100 0
63 73 0
66 76 0
97 100 0
98 100 0
86 96 0
91 100 0
88 98 0
93 100 0
95 100 0
75 85 0
93 100 0
88 98 0
99 100 0
78 88 0
90 100 0
44 54 0
99 100 0
80 90 0
97 100 0
91 100 0
89 99 0
86 96 0
98 100 0
44 54 0
98 100 0
96 100 0
99 100 0
20 30 0
95 100 0
100 100 0
83 93 0
94 100 0
100 100 0
74 84 0
99 100 0
93 100 0
88 98 0
80 90 0
77 87 0
95 100 0
54 64 0
89 99 0
88 98 0
95 100 0
96 100 0
89 99 0
36 46 0
91 100 0
97 100 0
85 95 0
98 100 0
89 99 0
92 100 0
89 99 0
91 100 0
83 93 0
93 100 0
88 98 0
88 98 0
98 100 0
88 98 0
85 95 0
93 100 0
91 100 0
94 100 0
97 100 0
98 100 0
90 100 0
93 100 0
67 77 0
89 99 0
93 100 0
99 100 0
100 100 0
89 99 0
88 98 0
42 52 0
98 100 0
81 91 0
98 100 0
83 93 0
88 98 0
94 100 0
62 72 0
37 47 0
88 98 0
98 100 0
58 68 0
99 100 0
99 100 0
96 100 0
91 100 0
93 100 0
89 99 0
89 99 0
97 100 0
86 96 0
97 100 0
97 100 0
81 91 0
89 99 0
97 100 0
73 83 0
95 100 0
89 99 0
86 96 0
86 96 0
86 96 0
78 88 0
100 100 0
96 100 0
98 100 0
83 93 0
94 100 0
96 100 0
99 100 0
97 100 0
93 100 0
88 98 0
76 86 0
93 100 0
90 100 0
96 100 0
92 100 0
98 100 0
89 99 0
7 17 0
93 100 0
92 100 0
84 94 0
97 100 0
58 68 0
94 100 0
93 100 0
70 80 0
84 94 0
100 100 0
91 100 0
66 76 0
98 100 0
95 100 0
98 100 0
93 100 0
97 100 0
97 100 0
83 93 0
67 77 0
87 97 0
94 100 0
99 100 0
91 100 0
92 100 0
90 100 0
92 100 0
100 100 0
87 97 0
94 100 0
95 100 0
53 63 0
91 100 0
89 99 0
86 96 0
86 96 0
99 100 0
99 100 0
98 100 0
60 70 0
29 39 0
89 99 0
72 82 0
74 84 0
93 100 0
98 100 0
91 100 0
98 100 0
95 100 0
94 100 0
