5000 100 4.3589
21 1 98
91 1 98
4 1 98
5 2 96
62 1 97
3 2 96
78 1 96
34 3 94
76 3 94
94 4 92
19 2 95
50 4 92
38 3 94
50 4 92
27 5 90
90 2 94
28 6 88
44 4 92
20 1 93
66 2 92
6 6 88
78 4 92
67 1 91
42 5 90
31 2 91
86 3 91
8 6 88
13 7 86
15 6 88
98 8 84
82 7 86
97 5 90
7 2 90
30 6 88
51 6 88
30 6 88
2 6 88
86 1 89
22 9 82
11 1 88
90 1 88
61 10 81
41 7 86
41 8 84
15 3 87
82 12 77
37 6 87
96 4 86
62 10 81
52 4 86
33 4 85
36 13 75
29 9 82
20 11 79
70 8 84
47 11 79
71 6 85
61 3 85
95 6 85
62 9 82
32 9 82
77 5 84
95 14 73
73 12 77
40 14 73
46 8 84
36 3 83
31 3 83
74 1 83
85 12 77
2 12 77
61 10 81
41 3 82
14 17 68
45 15 72
20 15 72
23 12 77
79 2 82
76 15 72
83 10 81
14 13 75
17 18 67
32 15 72
45 9 81
9 17 68
89 17 68
19 4 80
99 16 70
3 17 68
42 4 80
78 13 75
63 7 80
26 17 68
78 18 67
86 13 75
15 1 80
55 10 80
58 11 79
79 15 72
91 16 70
59 11 79
39 8 80
46 2 80
51 2 79
9 3 79
20 16 70
19 12 77
36 19 65
4 2 79
76 18 67
23 2 79
31 19 65
82 7 79
57 16 70
90 5 79
60 17 68
56 7 79
57 15 72
46 15 72
58 21 62
25 4 78
66 18 67
65 13 75
58 6 78
18 6 78
83 20 64
97 7 77
43 18 67
65 14 73
7 14 73
40 1 77
17 7 77
38 17 68
55 17 68
56 1 77
49 20 64
14 9 77
13 10 77
43 17 68
86 13 75
70 6 77
68 3 77
33 18 67
74 7 77
88 20 64
30 22 60
79 1 76
35 10 76
74 8 76
33 10 76
32 22 60
67 13 75
84 17 68
43 23 59
79 22 60
1 21 62
76 10 76
7 22 60
88 4 75
53 21 62
70 15 72
22 16 70
93 5 75
93 14 73
90 8 75
83 10 75
75 18 67
14 11 75
63 9 74
100 23 59
9 8 74
16 17 68
83 17 68
91 23 59
90 5 74
16 21 62
40 15 72
13 18 67
83 16 70
6 16 70
31 8 73
65 23 59
62 26 54
100 21 62
9 25 56
62 16 70
4 19 65
2 25 56
42 9 73
27 20 64
74 21 62
19 9 73
54 13 73
46 15 72
64 10 73
43 24 57
9 17 68
36 7 72
22 18 67
86 23 59
74 23 59
53 22 60
49 2 72
17 18 67
74 2 72
58 25 56
89 17 68
19 22 60
14 25 56
40 25 56
13 2 72
66 19 65
42 21 62
33 24 57
75 19 65
3 20 64
62 18 67
90 4 71
91 23 59
9 20 64
19 2 71
56 3 71
47 7 71
51 20 64
67 5 70
65 20 64
37 12 70
42 16 70
22 17 68
27 12 70
34 22 60
5 19 65
80 2 70
47 20 64
58 15 70
48 4 70
100 18 67
69 13 70
17 17 68
92 24 57
85 23 59
22 30 49
23 19 65
16 30 49
62 20 64
93 28 51
82 10 69
77 13 69
98 7 69
85 16 69
68 14 69
91 23 59
67 8 69
27 24 57
4 20 64
29 21 62
14 20 64
39 20 64
23 23 59
48 15 68
71 3 68
65 13 68
72 5 68
34 26 54
83 20 64
87 16 68
93 19 65
65 4 68
13 22 60
36 13 68
34 11 68
58 23 59
19 17 68
8 9 67
95 28 51
29 21 62
74 18 67
33 20 64
83 32 46
29 4 67
17 28 51
41 29 50
20 30 49
4 3 67
93 26 54
2 11 67
5 32 46
58 6 67
99 24 57
12 32 46
59 14 67
11 2 67
25 27 53
47 9 66
4 17 66
92 33 44
1 26 54
61 24 57
54 17 66
83 21 62
95 17 66
58 33 44
16 18 66
56 19 65
83 14 66
87 23 59
15 6 66
51 13 66
76 6 66
27 32 46
36 18 66
57 31 47
43 17 65
98 12 65
14 19 65
1 18 65
20 30 49
42 14 65
18 16 65
82 30 49
40 24 57
42 34 43
14 13 65
75 9 65
74 11 65
64 20 64
34 5 65
40 11 65
42 8 65
41 19 65
28 10 65
80 29 50
62 15 65
13 14 64
85 29 50
4 28 51
53 2 64
14 25 56
81 7 64
100 26 54
74 29 50
1 33 44
55 29 50
12 29 50
40 28 51
20 34 43
7 32 46
68 16 64
91 15 64
18 34 43
58 15 64
84 35 42
76 5 64
19 30 49
31 27 53
88 36 40
37 4 63
57 29 50
46 35 42
29 3 63
5 23 59
65 36 40
36 21 62
100 16 63
74 15 63
70 29 50
49 18 63
47 15 63
56 30 49
100 13 63
19 33 44
39 31 47
45 37 39
9 16 62
99 10 62
45 11 62
64 35 42
72 1 62
85 5 62
1 34 43
76 31 47
6 15 62
14 35 42
12 18 62
2 11 62
90 35 42
5 24 57
72 26 54
36 18 62
67 8 61
38 32 46
43 27 53
22 15 61
3 7 61
86 38 38
74 30 49
97 4 61
11 25 56
66 32 46
98 13 61
41 17 61
88 18 61
2 18 61
83 34 43
53 28 51
52 23 59
4 34 43
81 7 61
10 35 42
65 16 60
77 30 49
85 25 56
46 17 60
31 38 38
29 30 49
73 2 60
23 36 40
76 11 60
6 24 57
14 22 60
59 7 60
27 38 38
41 28 51
72 23 59
62 10 60
19 24 57
43 39 37
35 2 60
9 4 60
42 39 37
34 29 50
80 15 60
16 21 60
12 30 49
77 38 38
29 16 60
46 12 60
2 7 59
98 35 42
77 39 37
1 5 59
33 39 37
57 15 59
50 1 59
63 9 59
33 20 59
20 11 59
94 27 53
50 30 49
4 39 37
81 13 59
96 9 59
96 39 37
45 28 51
68 2 59
12 1 59
91 23 59
100 32 46
56 40 36
99 6 58
32 31 47
82 20 58
73 12 58
36 7 58
58 6 58
77 6 58
23 10 58
74 25 56
48 30 49
85 15 58
15 30 49
83 12 58
63 27 53
72 27 53
1 29 50
15 35 42
46 39 37
86 18 58
35 26 54
95 33 44
24 29 50
12 34 43
34 42 33
2 9 57
59 26 54
100 41 34
19 11 57
88 25 56
50 12 57
89 28 51
99 31 47
23 30 49
35 24 57
95 34 43
80 36 40
48 25 56
39 5 57
35 22 57
37 19 57
30 2 57
14 36 40
6 32 46
84 6 57
87 16 57
54 21 57
87 40 36
43 30 49
32 26 54
8 18 57
66 11 57
88 35 42
43 10 57
88 12 57
35 12 57
75 39 37
66 28 51
63 25 56
26 26 54
56 27 53
97 14 57
24 34 43
99 37 39
38 20 56
74 23 56
75 17 56
22 38 38
98 42 33
74 21 56
55 41 34
27 40 36
42 26 54
50 39 37
23 34 43
38 37 39
54 25 56
96 23 56
33 5 56
84 19 56
11 37 39
5 33 44
1 34 43
15 7 56
5 3 56
59 18 56
73 31 47
48 39 37
25 41 34
87 12 55
36 44 31
92 34 43
100 41 34
90 39 37
24 44 31
58 39 37
95 19 55
35 33 44
96 3 55
10 9 55
81 21 55
86 24 55
41 32 46
61 36 40
32 11 55
82 25 55
56 10 55
61 27 53
47 26 54
82 44 31
40 5 55
12 13 55
1 27 53
17 8 55
84 32 46
86 10 54
36 36 40
27 33 44
97 8 54
99 33 44
82 2 54
30 6 54
50 25 54
76 9 54
87 21 54
27 42 33
60 34 43
65 44 31
96 4 54
31 6 54
11 44 31
6 24 54
1 22 54
3 10 54
22 1 54
7 22 54
12 11 54
38 13 54
21 40 36
38 33 44
66 25 54
5 44 31
52 35 42
31 30 49
71 34 43
57 37 39
42 37 39
51 38 38
85 36 40
60 31 47
95 38 38
47 32 46
17 46 29
54 42 33
72 9 53
30 38 38
29 44 31
82 45 30
27 25 53
76 25 53
10 21 53
4 19 53
8 45 30
10 29 50
6 27 53
69 30 49
22 29 50
77 40 36
65 44 31
53 8 52
47 30 49
61 40 36
42 31 47
77 36 40
8 29 50
51 47 28
88 31 47
9 30 49
74 11 52
25 28 51
50 16 52
95 32 46
6 38 38
28 38 38
38 15 52
19 37 39
27 19 52
48 15 52
53 21 52
21 3 52
88 17 52
53 4 52
33 1 52
3 17 52
83 34 43
98 40 36
38 32 46
63 5 52
63 15 52
33 44 31
57 14 51
42 13 51
1 22 51
11 35 42
42 37 39
27 48 27
3 25 51
22 18 51
70 18 51
66 35 42
44 43 32
6 6 51
35 36 40
36 43 32
4 46 29
24 38 38
17 42 33
18 31 47
100 48 27
17 47 28
13 48 27
62 39 37
70 45 30
39 14 51
97 34 43
49 36 40
84 48 27
96 44 31
81 8 51
21 34 43
20 8 50
68 31 47
52 31 47
96 16 50
71 46 29
86 35 42
55 36 40
28 35 42
42 49 26
47 17 50
45 44 31
97 11 50
38 18 50
11 11 50
38 5 50
81 17 50
58 42 33
1 35 42
92 41 34
37 28 50
97 4 50
1 30 49
73 13 50
34 35 42
71 1 50
1 8 50
66 22 50
89 25 50
1 43 32
93 47 28
82 23 50
44 44 31
76 45 30
37 2 50
5 3 49
88 41 34
94 43 32
3 17 49
38 4 49
96 20 49
58 44 31
1 28 49
13 3 49
23 14 49
98 50 25
19 40 36
86 10 49
63 15 49
26 25 49
75 17 49
10 26 49
49 32 46
49 37 39
68 6 49
90 26 49
4 14 49
72 13 49
37 39 37
75 18 49
84 47 28
69 41 34
54 4 49
29 3 49
32 28 49
11 28 49
74 45 30
23 44 31
78 8 49
75 28 49
8 42 33
76 13 48
40 30 48
74 26 48
26 31 47
53 29 48
81 46 29
78 41 34
70 40 36
38 33 44
47 40 36
58 42 33
47 37 39
94 45 30
85 39 37
44 34 43
88 43 32
5 23 48
22 32 46
93 13 48
72 32 46
5 25 48
30 48 27
66 19 48
25 34 43
100 9 48
60 48 27
92 43 32
4 45 30
63 26 48
23 10 48
66 4 48
73 24 48
31 43 32
62 2 48
86 46 29
40 28 48
96 1 48
96 8 48
34 34 43
27 33 44
70 19 48
15 8 48
75 37 39
88 15 48
90 51 24
1 12 48
35 37 39
79 43 32
91 15 47
94 26 47
17 48 27
50 19 47
85 30 47
16 40 36
40 40 36
70 5 47
87 5 47
21 19 47
86 47 28
22 26 47
27 5 47
85 37 39
59 38 38
39 48 27
100 7 47
20 33 44
13 52 23
19 42 33
29 15 47
66 45 30
54 23 47
19 41 34
6 33 44
23 30 47
88 20 47
83 33 44
100 33 44
10 2 47
39 23 47
59 26 47
44 39 37
7 50 25
36 8 47
71 39 37
58 49 26
5 38 38
25 23 47
88 6 47
88 46 29
25 4 47
41 52 23
82 19 46
64 48 27
36 5 46
34 17 46
60 42 33
2 37 39
40 24 46
6 40 36
84 19 46
34 51 24
84 49 26
95 28 46
22 18 46
67 34 43
30 48 27
34 10 46
90 45 30
85 37 39
88 2 46
27 44 31
67 39 37
98 37 39
3 8 46
10 15 46
32 9 46
16 24 46
44 16 46
68 53 22
40 21 46
95 25 46
88 22 46
75 22 46
6 16 46
35 19 46
30 53 22
59 39 37
40 25 46
10 6 46
1 2 46
100 5 45
11 51 24
44 50 25
58 17 45
37 23 45
32 37 39
89 49 26
81 15 45
54 40 36
76 3 45
52 32 45
46 33 44
10 11 45
74 19 45
40 50 25
68 13 45
49 3 45
100 10 45
66 25 45
39 42 33
81 31 45
48 3 45
17 36 40
11 54 21
41 51 24
88 35 42
93 49 26
4 36 40
19 50 25
78 16 45
33 15 45
69 50 25
93 28 45
19 47 28
17 8 45
60 10 45
50 32 45
69 17 45
51 27 45
30 47 28
38 49 26
49 49 26
49 42 33
52 39 37
52 26 44
67 47 28
27 40 36
28 1 44
11 6 44
70 44 31
83 43 32
8 54 21
40 49 26
5 50 25
1 29 44
77 12 44
12 40 36
72 34 43
38 24 44
31 2 44
79 49 26
76 49 26
22 52 23
64 33 44
25 50 25
34 26 44
59 16 44
90 9 44
77 42 33
95 36 40
3 35 42
63 37 39
30 35 42
83 30 44
94 48 27
3 54 21
83 46 29
84 38 38
44 50 25
30 31 44
16 5 44
37 5 44
91 45 30
5 39 37
25 53 22
41 21 43
25 12 43
42 8 43
56 56 19
21 22 43
89 3 43
63 53 22
1 44 31
23 22 43
48 26 43
31 56 19
48 47 28
44 13 43
30 25 43
100 25 43
43 36 40
59 48 27
80 53 22
1 51 24
73 45 30
20 38 38
48 49 26
6 17 43
75 3 43
93 8 43
87 37 39
76 37 39
10 53 22
20 3 43
75 11 43
18 20 43
33 50 25
82 51 24
24 43 32
16 54 21
24 18 43
91 43 32
2 55 20
69 43 32
9 45 30
5 35 42
63 10 43
83 9 42
38 57 18
81 33 42
95 14 42
86 46 29
61 29 42
37 53 22
41 52 23
44 4 42
34 32 42
83 29 42
79 16 42
57 41 34
77 45 30
39 44 31
63 52 23
87 48 27
17 19 42
31 56 19
29 45 30
4 18 42
96 16 42
28 6 42
46 45 30
69 11 42
53 43 32
66 27 42
53 30 42
47 35 42
85 32 42
7 35 42
88 50 25
80 1 42
34 53 22
12 44 31
77 19 42
99 38 38
85 24 42
75 6 42
64 19 42
37 27 42
86 22 42
8 50 25
23 21 42
79 52 23
13 41 34
18 31 42
71 49 26
5 57 18
6 25 42
64 56 19
90 43 32
10 14 41
71 39 37
62 26 41
32 58 17
88 50 25
20 54 21
71 17 41
38 50 25
36 42 33
76 15 41
43 51 24
92 8 41
31 8 41
28 53 22
24 30 41
80 47 28
42 41 34
10 39 37
6 57 18
22 19 41
9 29 41
79 17 41
50 28 41
5 33 41
93 6 41
91 21 41
77 37 39
45 58 17
87 29 41
38 53 22
50 37 39
72 47 28
82 9 41
71 43 32
76 46 29
17 4 41
31 55 20
36 36 40
99 40 36
44 23 40
50 8 40
2 15 40
17 26 40
60 46 29
78 16 40
53 14 40
93 23 40
53 49 26
40 55 20
88 30 40
65 14 40
2 3 40
44 34 40
35 38 38
3 52 23
35 42 33
94 41 34
30 19 40
76 4 40
68 37 39
24 35 40
100 57 18
77 38 38
12 52 23
85 46 29
60 50 25
47 55 20
95 23 40
54 53 22
12 24 40
4 12 40
71 26 40
8 39 37
51 46 29
25 38 38
79 36 40
76 8 40
86 31 40
38 46 29
92 22 40
16 35 39
77 46 29
63 56 19
52 47 28
51 34 39
12 23 39
63 25 39
35 56 19
15 28 39
64 25 39
32 2 39
28 50 25
100 48 27
92 34 39
93 56 19
46 40 36
45 11 39
99 41 34
53 14 39
46 4 39
50 11 39
66 17 39
38 49 26
92 52 23
21 34 39
31 1 39
90 49 26
40 49 26
89 13 39
91 6 39
58 53 22
98 8 39
55 13 39
44 30 39
47 48 27
27 48 27
28 28 39
27 19 39
42 48 27
8 12 39
51 5 39
14 51 24
70 51 24
91 43 32
57 34 39
42 49 26
16 55 20
3 24 39
54 7 39
28 44 31
42 30 39
26 9 39
48 44 31
42 58 17
61 33 39
22 16 39
32 5 39
56 49 26
58 47 28
74 45 30
22 52 23
35 7 38
30 1 38
38 41 34
50 27 38
6 29 38
97 55 20
45 47 28
29 53 22
78 18 38
41 2 38
85 42 33
39 20 38
59 23 38
78 31 38
7 57 18
63 36 38
37 44 31
72 60 16
81 56 19
8 6 38
86 52 23
24 56 19
50 9 38
81 21 38
75 17 38
19 33 38
26 33 38
24 59 16
70 3 38
58 56 19
70 7 38
76 56 19
16 34 38
23 2 38
2 48 27
63 44 31
79 39 37
61 60 16
56 3 38
54 21 38
86 57 18
42 12 38
57 52 23
38 31 37
58 55 20
32 59 16
64 24 37
70 37 37
87 53 22
85 14 37
33 59 16
48 11 37
84 37 37
89 20 37
18 5 37
77 32 37
70 29 37
100 45 30
13 13 37
74 35 37
92 60 16
7 47 28
99 16 37
94 47 28
96 4 37
55 25 37
55 9 37
32 17 37
76 16 37
92 15 37
20 51 24
43 32 37
59 25 37
94 54 21
26 56 19
49 50 25
98 22 37
28 32 37
72 45 30
21 52 23
70 57 18
92 15 37
18 37 37
63 7 37
81 33 37
20 12 37
97 25 37
5 52 23
55 17 37
34 45 30
85 23 37
48 56 19
58 5 36
28 48 27
99 60 16
70 59 16
55 47 28
59 47 28
23 17 36
12 13 36
94 4 36
76 6 36
17 35 36
28 58 17
8 9 36
34 51 24
77 62 14
7 60 16
61 20 36
16 62 14
3 30 36
4 33 36
88 43 32
84 19 36
44 34 36
26 56 19
60 38 36
53 51 24
79 45 30
3 60 16
24 51 24
38 60 16
37 45 30
67 42 33
89 5 36
14 40 36
99 36 36
42 45 30
56 7 36
70 41 34
50 5 36
48 12 36
57 41 34
91 56 19
51 15 36
90 19 36
28 61 15
49 53 22
33 15 36
11 45 30
46 49 26
1 58 17
27 11 35
55 63 13
8 62 14
24 62 14
35 31 35
67 35 35
84 63 13
89 60 16
10 51 24
61 10 35
75 63 13
56 21 35
84 22 35
62 32 35
10 2 35
19 37 35
43 1 35
6 2 35
92 53 22
33 34 35
100 33 35
80 62 14
14 61 15
54 39 35
52 51 24
82 48 27
45 20 35
28 34 35
20 43 32
17 28 35
2 54 21
70 20 35
22 59 16
27 52 23
71 21 35
61 62 14
32 17 35
90 53 22
33 37 35
13 30 35
62 41 34
47 39 35
61 47 28
72 32 35
66 3 35
30 52 23
4 58 17
3 54 21
46 29 35
60 30 35
78 63 13
21 13 34
76 61 15
13 18 34
28 53 22
57 52 23
18 65 12
20 32 34
5 30 34
10 15 34
24 28 34
44 37 34
80 45 30
12 23 34
7 33 34
82 35 34
30 54 21
92 56 19
91 60 16
75 53 22
52 59 16
80 13 34
95 53 22
15 12 34
58 25 34
87 52 23
99 58 17
79 24 34
16 32 34
12 33 34
20 39 34
59 16 34
5 19 34
99 9 34
34 15 34
90 12 34
91 27 34
44 18 34
15 18 34
49 53 22
72 50 25
21 57 18
3 54 21
95 36 34
11 61 15
22 51 24
35 57 18
72 58 17
26 10 34
32 42 33
87 40 34
22 51 24
5 65 12
24 14 34
5 36 34
65 16 34
19 42 33
97 24 34
26 61 15
7 54 21
90 66 11
63 16 33
26 39 33
12 38 33
56 33 33
29 27 33
10 20 33
5 26 33
89 8 33
54 42 33
3 52 23
54 10 33
20 50 25
15 59 16
97 15 33
9 5 33
93 31 33
52 40 33
12 12 33
88 59 16
4 41 33
13 49 26
5 63 13
41 23 33
14 45 30
43 26 33
69 33 33
17 38 33
58 65 12
63 39 33
38 66 11
24 33 33
96 27 33
79 12 33
78 42 33
49 54 21
71 14 33
60 52 23
7 60 16
51 17 33
94 17 33
90 63 13
5 42 32
93 31 32
2 65 12
80 22 32
21 18 32
62 22 32
27 19 32
18 55 20
17 62 14
48 51 24
85 7 32
74 53 22
35 47 28
5 50 25
33 14 32
78 30 32
78 46 29
16 21 32
65 1 32
68 22 32
76 29 32
9 46 29
80 50 25
62 48 27
71 2 32
17 67 10
87 67 10
95 33 32
36 53 22
20 38 32
74 57 18
42 32 32
34 36 32
57 40 32
1 46 29
91 64 12
38 42 32
71 21 32
7 36 32
99 67 10
97 59 16
92 55 20
85 64 12
9 35 32
57 44 31
77 38 32
21 51 24
65 18 32
67 45 30
97 29 32
36 11 32
48 4 32
38 48 27
70 37 32
68 4 32
36 45 30
67 56 19
45 36 31
21 48 27
24 45 30
13 58 17
74 26 31
90 8 31
86 17 31
79 53 22
33 63 13
80 31 31
77 46 29
66 60 16
59 27 31
3 63 13
70 65 12
58 66 11
54 14 31
22 55 20
21 50 25
96 34 31
12 21 31
24 21 31
22 23 31
33 49 26
52 6 31
4 27 31
90 42 31
53 35 31
14 60 16
48 27 31
63 26 31
21 47 28
31 50 25
41 14 31
32 59 16
42 38 31
4 38 31
42 54 21
99 34 31
26 57 18
100 68 10
19 29 31
36 48 27
74 3 31
81 4 31
49 54 21
48 62 14
64 66 11
84 46 29
44 59 16
73 42 31
8 52 23
62 16 31
30 2 31
41 22 31
10 66 11
43 16 31
82 48 27
51 20 31
70 46 29
13 52 23
79 63 13
24 24 30
79 38 30
96 55 20
55 22 30
44 43 30
9 34 30
60 4 30
40 57 18
15 65 12
57 23 30
4 53 22
44 1 30
93 63 13
100 66 11
27 11 30
67 32 30
23 61 15
31 65 12
64 49 26
87 12 30
78 56 19
42 6 30
45 59 16
30 39 30
81 24 30
53 61 15
81 66 11
44 48 27
67 48 27
60 49 26
55 31 30
53 31 30
73 38 30
41 9 30
88 23 30
19 55 20
98 17 30
49 2 30
41 64 12
6 64 12
59 53 22
11 4 30
2 68 10
50 64 12
91 66 11
8 62 14
55 62 14
85 4 30
17 32 30
44 63 13
99 63 13
6 28 30
28 45 30
69 2 30
44 11 30
94 62 14
29 69 9
72 21 30
11 9 30
26 45 30
83 50 25
53 10 30
47 52 23
60 51 24
90 37 30
48 27 30
58 26 30
25 20 30
53 56 19
96 63 13
58 51 24
57 44 29
93 31 29
12 68 10
53 45 29
74 55 20
66 61 15
30 5 29
42 44 29
22 66 11
24 29 29
24 14 29
48 24 29
1 33 29
30 9 29
7 21 29
62 58 17
41 12 29
15 61 15
64 43 29
90 21 29
93 69 9
43 70 9
8 65 12
19 67 10
24 62 14
75 60 16
91 70 9
55 58 17
89 59 16
92 33 29
63 70 9
13 4 29
38 18 29
24 68 10
18 70 9
19 54 21
97 60 16
42 12 29
75 66 11
79 35 29
24 18 29
72 65 12
64 20 29
87 32 29
79 69 9
88 38 29
85 65 12
4 65 12
14 34 29
37 67 10
89 55 20
54 53 22
78 61 15
37 52 23
46 36 29
58 25 29
94 37 29
32 62 14
75 27 29
51 41 29
34 58 17
3 62 14
64 66 11
59 63 13
82 32 29
78 63 13
68 18 28
4 25 28
60 44 28
38 50 25
100 29 28
38 1 28
41 62 14
77 68 10
34 13 28
14 33 28
69 53 22
95 46 28
19 56 19
69 62 14
48 45 28
28 27 28
98 64 12
42 60 16
70 12 28
86 39 28
8 63 13
92 19 28
44 70 9
68 26 28
16 16 28
65 64 12
91 52 23
24 11 28
64 7 28
70 70 9
88 18 28
43 52 23
58 61 15
2 21 28
40 70 9
81 47 28
12 60 16
6 36 28
19 54 21
100 69 9
93 57 18
74 38 28
33 47 28
41 36 28
14 36 28
34 4 28
93 20 28
74 71 8
31 57 18
76 27 28
35 66 11
37 51 24
42 14 28
62 15 28
77 43 28
26 1 28
91 19 28
19 70 9
25 11 28
65 10 28
54 64 12
91 57 18
63 25 28
100 23 28
61 49 26
56 56 19
27 20 28
63 35 28
55 24 28
92 61 15
23 10 28
29 70 9
63 70 9
22 60 16
37 6 28
97 52 23
45 41 28
73 65 12
6 64 12
43 30 27
44 27 27
25 57 18
99 22 27
78 53 22
8 72 7
99 17 27
55 69 9
18 50 25
23 64 12
73 72 7
24 48 27
11 27 27
67 50 25
9 42 27
14 23 27
88 15 27
98 62 14
47 27 27
75 69 9
43 59 16
36 44 27
48 58 17
32 71 8
62 51 24
69 33 27
10 38 27
63 63 13
51 14 27
13 13 27
76 67 10
70 58 17
54 58 17
86 30 27
98 62 14
31 16 27
32 12 27
48 67 10
49 70 9
19 25 27
81 68 10
96 65 12
40 52 23
18 33 27
92 62 14
93 45 27
78 32 27
17 39 27
51 63 13
40 49 26
83 63 13
77 71 8
96 51 24
19 32 27
90 25 27
90 19 27
38 26 27
29 67 10
43 63 13
38 72 7
8 65 12
5 32 26
32 64 12
86 70 9
19 70 9
87 21 26
36 65 12
56 64 12
30 7 26
83 73 7
17 56 19
53 49 26
88 38 26
43 44 26
10 38 26
36 25 26
5 63 13
51 43 26
69 71 8
7 43 26
95 40 26
23 60 16
81 50 25
44 23 26
29 55 20
26 69 9
20 59 16
17 2 26
8 37 26
48 57 18
29 31 26
53 45 26
3 26 26
75 1 26
10 9 26
46 73 7
50 71 8
74 8 26
98 73 7
37 58 17
21 53 22
8 40 26
34 9 26
77 32 26
54 61 15
72 31 26
17 57 18
65 65 12
19 8 26
40 56 19
96 73 7
82 47 26
85 65 12
69 29 26
92 33 26
8 69 9
24 61 15
27 21 26
43 34 26
10 19 26
18 15 26
17 14 26
57 59 16
89 61 15
21 54 21
35 63 13
50 73 7
89 4 26
29 5 26
83 55 20
19 54 21
17 58 17
90 56 19
64 73 7
80 15 25
56 71 8
72 50 25
12 69 9
56 45 25
46 38 25
81 67 10
91 6 25
1 50 25
71 64 12
67 69 9
3 67 10
47 25 25
69 28 25
39 70 9
63 37 25
87 33 25
54 4 25
12 70 9
29 55 20
61 32 25
4 72 7
17 51 24
30 48 25
45 28 25
46 74 6
24 1 25
28 70 9
92 46 25
40 54 21
92 36 25
74 59 16
12 53 22
91 65 12
43 58 17
40 65 12
88 34 25
60 73 7
2 27 25
59 31 25
88 30 25
55 15 25
83 56 19
29 43 25
76 5 25
51 59 16
48 65 12
25 71 8
67 73 7
75 68 10
57 64 12
34 72 7
3 8 25
8 56 19
37 52 23
34 41 25
15 26 25
17 55 20
51 1 25
10 20 25
19 23 25
38 40 25
63 59 16
84 37 25
69 63 13
34 17 24
22 32 24
64 11 24
27 75 6
33 27 24
1 56 19
52 62 14
21 24 24
54 64 12
74 4 24
14 64 12
32 24 24
61 65 12
80 75 6
57 45 24
51 12 24
60 46 24
20 51 24
58 33 24
33 27 24
85 66 11
46 22 24
14 62 14
77 8 24
97 50 24
63 64 12
12 30 24
25 53 22
59 66 11
5 70 9
5 70 9
44 58 17
62 57 18
48 13 24
50 50 24
33 41 24
83 63 13
91 67 10
25 33 24
31 54 21
41 49 24
27 35 24
94 74 6
75 26 24
41 64 12
71 69 9
5 11 24
78 67 10
19 44 24
85 72 7
10 67 10
90 68 10
9 75 6
96 44 24
17 58 17
5 2 24
62 29 24
16 64 12
12 18 24
15 30 24
56 72 7
51 50 24
64 57 18
80 64 12
94 72 7
33 30 24
89 69 9
77 66 11
82 51 24
47 71 8
72 41 24
61 58 17
50 75 6
56 54 21
3 69 9
24 28 23
68 41 23
45 71 8
19 73 7
62 44 23
38 11 23
79 53 22
12 3 23
80 45 23
77 49 23
42 48 23
30 39 23
58 19 23
68 36 23
52 74 6
2 76 5
35 51 23
82 12 23
14 31 23
51 8 23
96 64 12
84 75 6
100 75 6
53 27 23
31 72 7
72 4 23
4 30 23
60 62 14
85 21 23
10 72 7
36 44 23
1 36 23
1 40 23
46 44 23
1 71 8
68 60 16
35 60 16
23 21 23
31 34 23
60 23 23
71 59 16
94 24 23
89 42 23
100 55 20
10 74 6
3 75 6
79 63 13
61 76 5
21 2 23
91 60 16
42 76 5
67 34 23
60 52 23
44 71 8
46 38 23
20 59 16
51 27 23
11 18 23
97 29 23
40 33 23
44 33 23
96 50 23
6 19 23
15 6 23
88 32 23
92 34 23
37 70 9
70 74 6
56 72 7
16 49 23
57 53 22
25 61 15
99 63 13
98 55 20
72 54 21
47 51 23
41 32 23
58 27 23
64 29 23
46 53 22
51 74 6
53 32 23
21 26 23
24 20 23
91 67 10
84 35 23
80 75 6
94 5 22
34 17 22
94 69 9
32 52 22
73 70 9
56 44 22
74 49 22
67 32 22
34 45 22
22 39 22
32 70 9
79 69 9
97 36 22
48 72 7
11 9 22
74 50 22
100 17 22
87 52 22
48 76 5
28 39 22
19 57 18
90 8 22
16 66 11
74 58 17
99 77 5
31 5 22
53 73 7
97 67 10
17 32 22
75 52 22
18 77 5
23 77 5
20 32 22
40 53 22
74 65 12
98 32 22
36 13 22
54 76 5
83 18 22
48 71 8
66 63 13
40 40 22
67 23 22
24 74 6
80 24 22
36 39 22
25 55 20
71 74 6
17 76 5
60 73 7
74 70 9
13 58 17
92 61 15
85 76 5
81 65 12
39 49 22
74 2 22
40 8 22
85 24 22
66 74 6
26 47 22
55 35 22
32 32 22
1 5 22
95 56 19
92 40 22
45 60 16
29 63 13
68 54 21
30 64 12
86 4 22
34 41 22
55 11 22
36 68 10
31 72 7
85 62 14
24 58 17
52 16 22
26 33 22
40 70 9
30 67 10
84 50 22
35 76 5
45 52 22
10 72 7
59 55 20
8 29 22
32 77 5
8 23 22
64 17 22
33 72 7
9 50 22
77 63 13
64 30 22
97 27 22
5 32 21
77 60 16
73 7 21
70 40 21
84 68 10
70 57 18
50 27 21
23 26 21
21 61 15
40 58 17
73 2 21
1 63 13
42 69 9
7 62 14
20 34 21
50 62 14
29 10 21
23 71 8
62 77 5
88 62 14
97 73 7
24 74 6
84 70 9
28 72 7
17 29 21
39 59 16
90 49 21
21 42 21
92 22 21
17 17 21
84 36 21
70 56 19
86 55 20
12 54 21
40 75 6
74 77 5
51 75 6
10 34 21
96 25 21
53 49 21
50 70 9
95 78 4
38 21 21
84 73 7
29 55 20
47 65 12
11 65 12
2 3 21
93 67 10
49 44 21
87 29 21
11 59 16
30 63 13
92 66 11
62 35 21
72 20 21
10 53 21
32 64 12
22 49 21
23 52 21
58 77 5
45 53 21
87 45 21
25 36 21
32 63 13
29 50 21
55 45 21
89 30 21
33 49 21
82 70 9
64 48 21
74 74 6
54 41 21
78 62 14
19 23 21
57 63 13
27 72 7
79 76 5
91 38 21
57 56 19
98 14 21
98 54 21
1 55 20
9 57 18
82 9 20
86 48 20
78 79 4
91 75 6
25 73 7
2 47 20
72 70 9
14 28 20
23 75 6
8 76 5
14 58 17
98 64 12
13 51 20
60 50 20
27 34 20
44 72 7
64 3 20
25 71 8
20 17 20
73 47 20
61 51 20
12 78 4
83 40 20
47 77 5
98 16 20
11 79 4
26 2 20
2 35 20
58 70 9
1 64 12
15 46 20
18 53 20
27 38 20
46 57 18
83 54 20
12 48 20
24 16 20
49 59 16
49 45 20
97 67 10
53 38 20
10 49 20
86 73 7
44 61 15
98 73 7
58 63 13
41 14 20
26 38 20
49 63 13
76 36 20
55 57 18
30 79 4
35 62 14
80 11 20
17 47 20
6 71 8
49 78 4
61 22 20
32 73 7
9 46 20
67 74 6
93 36 20
11 68 10
95 8 20
92 76 5
86 30 20
64 20 20
55 69 9
79 36 20
73 27 20
69 78 4
29 23 20
19 70 9
45 61 15
61 56 19
36 60 16
33 37 20
73 5 20
11 75 6
85 65 12
26 78 4
84 76 5
38 28 20
22 78 4
26 55 20
27 61 15
39 48 20
63 32 20
94 68 10
97 44 20
86 26 20
91 71 8
61 67 10
78 4 19
71 21 19
81 77 5
92 61 15
74 76 5
51 65 12
11 62 14
58 77 5
33 21 19
50 72 7
30 29 19
12 67 10
51 19 19
2 39 19
23 39 19
10 53 19
34 70 9
82 52 19
90 80 4
23 67 10
88 77 5
46 68 10
2 79 4
36 58 17
65 43 19
76 53 19
11 75 6
45 13 19
57 61 15
40 39 19
49 35 19
84 8 19
60 24 19
2 80 4
67 68 10
58 44 19
83 30 19
77 11 19
87 46 19
30 64 12
92 34 19
6 69 9
54 48 19
57 54 19
88 11 19
14 54 19
27 42 19
70 31 19
3 66 11
22 23 19
50 67 10
69 43 19
55 43 19
88 64 12
48 41 19
44 9 19
66 53 19
66 1 19
100 18 19
85 34 19
42 79 4
65 79 4
77 5 19
30 64 12
21 80 4
79 19 19
15 59 16
36 57 18
98 76 5
11 11 19
96 65 12
39 18 19
49 79 4
81 78 4
90 80 4
31 11 18
81 42 18
94 75 6
40 55 18
59 8 18
44 79 4
80 58 17
49 78 4
59 73 7
11 28 18
87 47 18
16 70 9
68 67 10
59 38 18
49 64 12
8 24 18
97 71 8
8 69 9
21 65 12
89 1 18
17 37 18
36 71 8
35 32 18
6 69 9
94 62 14
37 71 8
92 33 18
7 67 10
30 67 10
27 79 4
96 61 15
45 61 15
13 49 18
26 28 18
36 78 4
85 61 15
43 11 18
14 49 18
26 74 6
40 34 18
60 33 18
66 71 8
6 64 12
82 33 18
33 73 7
81 67 10
44 43 18
86 39 18
79 1 18
47 55 18
89 81 3
27 58 17
64 11 18
60 77 5
44 32 18
78 5 18
61 14 18
73 17 18
20 55 18
32 11 18
17 77 5
41 81 3
94 67 10
57 80 4
62 76 5
69 78 4
50 57 18
77 76 5
62 49 18
76 47 18
47 49 18
81 44 17
20 80 4
14 14 17
75 27 17
49 30 17
86 64 12
60 65 12
29 79 4
46 78 4
85 30 17
39 74 6
47 15 17
47 54 17
99 54 17
6 47 17
79 78 4
25 3 17
73 8 17
2 34 17
6 7 17
66 67 10
85 78 4
15 15 17
52 40 17
81 52 17
86 76 5
41 49 17
74 82 3
75 19 17
81 69 9
43 68 10
34 57 17
32 71 8
55 75 6
60 46 17
66 37 17
93 60 16
86 68 10
36 60 16
44 35 17
82 5 17
3 59 16
29 64 12
23 62 14
86 74 6
93 43 17
65 72 7
75 61 15
44 71 8
12 45 17
11 64 12
33 16 17
4 73 7
21 9 17
93 69 9
37 71 8
6 54 17
47 59 16
23 82 3
52 76 5
40 52 17
28 59 16
41 70 9
29 70 9
47 80 4
94 78 4
25 9 17
69 48 17
47 59 16
3 66 11
53 72 7
25 53 17
17 49 17
76 82 3
85 18 17
75 22 17
89 39 17
45 25 17
57 81 3
89 73 7
75 59 16
64 19 17
2 69 9
76 49 17
33 47 17
13 18 17
16 71 8
26 71 8
99 29 16
20 74 6
90 72 7
93 44 16
54 37 16
82 73 7
76 62 14
98 71 8
60 11 16
22 4 16
8 75 6
23 53 16
71 62 14
26 26 16
80 79 4
33 56 16
38 32 16
20 83 2
76 4 16
68 56 16
98 62 14
76 12 16
27 29 16
50 30 16
13 50 16
15 69 9
68 79 4
37 77 5
50 14 16
17 56 16
90 46 16
8 30 16
34 28 16
85 50 16
94 72 7
48 72 7
61 56 16
92 44 16
58 77 5
36 80 4
50 8 16
64 67 10
69 4 16
13 77 5
96 7 16
60 57 16
14 28 16
41 14 16
43 53 16
47 37 16
72 46 16
4 66 11
52 22 16
77 42 16
28 82 3
5 74 6
56 78 4
85 69 9
53 83 2
64 38 16
31 83 2
38 80 4
4 64 12
35 83 2
30 79 4
9 66 11
84 31 16
54 83 2
84 77 5
48 6 16
9 34 16
78 32 16
55 80 4
6 77 5
28 62 14
36 33 16
69 54 16
39 30 16
75 64 12
26 46 16
12 76 5
94 30 16
54 68 10
32 66 11
58 81 3
30 48 16
29 42 16
74 83 2
98 68 10
73 77 5
9 32 15
61 36 15
47 43 15
34 77 5
19 31 15
80 64 12
88 50 15
19 64 12
37 42 15
1 56 15
7 67 10
56 36 15
43 25 15
91 36 15
67 52 15
100 77 5
83 43 15
83 18 15
4 72 7
12 16 15
6 75 6
84 48 15
40 80 4
8 73 7
80 78 4
48 15 15
4 67 10
13 59 15
40 9 15
99 78 4
97 52 15
41 66 11
25 81 3
30 28 15
12 4 15
42 61 15
92 1 15
89 79 4
8 76 5
58 31 15
20 23 15
3 57 15
91 82 3
79 78 4
73 84 2
82 69 9
73 79 4
29 20 15
60 27 15
12 13 15
24 79 4
78 78 4
83 82 3
94 31 15
100 37 15
30 49 15
84 36 15
72 49 15
12 4 15
59 64 12
36 51 15
72 83 2
67 70 9
38 77 5
80 2 15
37 76 5
19 49 15
38 40 15
90 60 15
96 71 8
25 2 15
17 46 15
28 73 7
78 75 6
59 62 14
92 82 3
66 70 9
83 44 15
50 74 6
83 80 4
82 76 5
19 84 2
16 80 4
51 61 15
54 8 15
11 1 15
56 15 15
54 22 15
69 69 9
17 83 2
99 40 15
22 5 15
52 25 15
14 29 15
70 76 5
5 58 15
41 25 15
87 78 4
61 9 15
24 74 6
58 74 6
72 82 3
78 61 14
87 75 6
43 42 14
66 63 13
33 64 12
48 84 2
97 37 14
35 65 12
67 60 14
37 84 2
48 34 14
26 47 14
14 65 12
20 73 7
98 80 4
53 49 14
38 85 2
11 47 14
83 81 3
12 64 12
77 85 2
65 82 3
5 30 14
34 83 2
97 79 4
97 55 14
2 39 14
16 19 14
88 85 2
16 62 14
96 27 14
17 59 14
42 84 2
26 82 3
6 49 14
78 55 14
90 76 5
77 3 14
91 46 14
41 68 10
55 74 6
55 43 14
74 76 5
56 2 14
64 78 4
65 68 10
97 54 14
17 51 14
75 13 14
86 65 12
78 37 14
53 20 14
52 79 4
35 82 3
65 63 13
80 46 14
48 81 3
73 16 14
69 63 13
73 50 14
77 20 14
19 61 14
51 50 14
97 40 14
40 71 8
94 77 5
43 56 14
67 81 3
16 75 6
51 77 5
15 49 14
96 74 6
74 38 14
42 58 14
28 47 14
5 73 7
23 53 14
17 39 14
74 59 14
88 82 3
97 85 2
45 75 6
47 84 2
99 78 4
41 42 13
70 86 1
71 86 1
61 27 13
5 49 13
63 25 13
7 54 13
17 60 13
52 79 4
46 75 6
7 78 4
88 57 13
73 60 13
45 85 2
89 74 6
91 79 4
86 39 13
4 62 13
58 83 2
58 68 10
90 28 13
62 37 13
10 30 13
35 55 13
76 26 13
85 3 13
44 53 13
81 24 13
62 60 13
86 66 11
32 68 10
55 6 13
79 71 8
77 38 13
12 81 3
64 79 4
94 73 7
37 81 3
59 48 13
98 40 13
72 84 2
4 22 13
81 72 7
66 55 13
30 80 4
7 13 13
29 27 13
20 81 3
49 26 13
12 64 12
99 70 9
80 31 13
39 22 13
27 46 13
1 38 13
84 32 13
60 57 13
25 74 6
56 72 7
99 67 10
10 16 13
4 68 10
83 78 4
52 41 13
78 26 13
55 60 13
23 58 13
38 63 13
33 52 13
74 72 7
70 51 13
78 13 13
30 1 13
47 45 13
90 48 13
60 83 2
10 83 2
56 79 4
48 24 13
2 65 12
76 80 4
9 36 13
55 39 13
58 1 13
64 82 3
49 66 11
3 55 13
49 56 13
67 86 1
8 79 4
56 85 2
16 16 13
17 49 13
23 82 3
21 52 13
18 74 6
72 83 2
50 80 4
31 52 13
47 9 13
50 53 13
28 51 13
73 29 13
18 49 13
56 2 13
39 64 12
50 74 6
95 53 12
91 30 12
52 71 8
91 51 12
61 82 3
12 46 12
95 42 12
55 64 12
32 83 2
3 42 12
46 87 1
78 4 12
23 86 1
61 83 2
14 80 4
80 68 10
82 66 11
52 75 6
34 87 1
70 56 12
58 74 6
8 1 12
31 72 7
37 81 3
42 11 12
40 12 12
5 86 1
70 21 12
89 76 5
93 86 1
48 85 2
59 78 4
58 40 12
83 49 12
26 41 12
36 40 12
1 36 12
76 74 6
28 67 10
56 84 2
75 84 2
96 85 2
66 84 2
56 84 2
3 50 12
99 36 12
73 51 12
35 39 12
85 27 12
41 64 12
51 28 12
75 43 12
5 56 12
44 76 5
75 69 9
72 84 2
45 80 4
91 58 12
9 49 12
11 35 12
28 8 12
6 76 5
10 67 10
53 84 2
100 37 12
33 76 5
87 83 2
69 68 10
52 86 1
86 60 12
100 27 12
31 43 12
94 64 12
39 27 12
26 40 12
32 64 12
15 61 12
48 35 12
94 63 12
32 29 12
52 43 12
68 73 7
58 28 12
13 87 1
30 71 8
2 50 12
31 87 1
48 66 11
8 73 7
60 30 12
52 51 12
61 86 1
20 57 12
44 40 12
91 85 2
7 76 5
16 59 12
41 34 12
26 48 12
61 36 11
44 37 11
93 86 1
91 87 1
63 86 1
99 87 1
33 88 1
34 67 10
68 78 4
2 7 11
71 69 9
46 1 11
91 26 11
18 14 11
75 65 11
52 66 11
81 76 5
79 56 11
63 23 11
21 81 3
81 56 11
32 68 10
91 66 11
54 7 11
93 73 7
63 78 4
64 54 11
71 54 11
47 88 1
65 23 11
89 60 11
48 85 2
52 47 11
18 45 11
65 79 4
49 88 1
45 24 11
24 41 11
39 1 11
28 23 11
80 83 2
90 84 2
45 43 11
69 88 1
1 85 2
5 47 11
67 51 11
76 72 7
23 64 11
7 25 11
82 55 11
30 47 11
61 41 11
23 42 11
5 88 1
97 74 6
33 36 11
85 53 11
16 85 2
53 56 11
62 65 11
6 28 11
79 73 7
37 82 3
64 72 7
20 77 5
48 15 11
97 77 5
67 50 11
5 76 5
7 79 4
30 56 11
39 41 11
83 87 1
89 43 11
78 82 3
30 86 1
24 71 8
80 37 11
74 49 11
11 78 4
62 81 3
57 78 4
64 9 11
69 70 9
40 57 11
12 50 11
42 37 11
100 85 2
3 69 9
4 81 3
22 33 11
60 86 1
14 87 1
22 77 5
40 14 11
5 76 5
3 8 11
61 46 11
6 82 3
73 56 10
2 55 10
74 73 7
57 85 2
78 58 10
39 84 2
87 87 1
51 88 1
48 87 1
68 26 10
3 2 10
97 78 4
68 85 2
98 63 10
39 83 2
85 24 10
36 85 2
96 44 10
74 19 10
21 86 1
36 41 10
34 80 4
60 77 5
13 81 3
14 42 10
4 82 3
46 79 4
23 14 10
44 34 10
35 59 10
14 85 2
75 87 1
72 86 1
16 34 10
93 40 10
94 58 10
3 8 10
88 78 4
92 55 10
53 49 10
55 53 10
59 85 2
47 85 2
31 56 10
7 85 2
100 42 10
61 81 3
58 51 10
39 82 3
94 2 10
78 74 6
82 2 10
22 86 1
14 77 5
27 5 10
42 55 10
13 47 10
12 87 1
30 72 7
32 54 10
23 70 9
37 47 10
26 75 6
80 39 10
72 4 10
11 79 4
23 85 2
20 50 10
43 87 1
30 85 2
60 43 10
54 88 1
95 51 10
18 84 2
77 14 10
96 88 1
11 2 10
28 89 1
38 48 10
75 60 10
62 72 7
35 74 6
18 53 10
33 58 10
81 78 4
66 42 10
16 89 1
81 66 10
79 48 10
78 84 2
82 6 10
76 63 10
81 58 10
91 44 10
70 16 10
23 33 10
61 29 10
55 58 10
63 86 1
13 63 10
12 46 10
60 53 10
51 70 9
99 81 3
6 83 2
100 84 2
51 83 2
84 53 9
31 90 1
63 19 9
87 66 9
59 70 9
50 7 9
71 39 9
24 15 9
39 26 9
30 83 2
96 84 2
72 90 1
74 49 9
71 87 1
3 88 1
17 66 9
89 62 9
44 34 9
78 67 9
42 86 1
82 59 9
33 76 5
33 29 9
68 85 2
38 13 9
48 81 3
80 90 1
15 53 9
16 43 9
1 29 9
7 52 9
72 29 9
13 79 4
50 74 6
89 29 9
26 71 8
2 88 1
4 78 4
44 89 1
48 26 9
49 40 9
44 55 9
7 41 9
67 71 8
18 48 9
11 32 9
65 72 7
20 18 9
95 43 9
77 58 9
48 9 9
93 79 4
45 49 9
89 72 7
19 76 5
54 85 2
24 2 9
67 83 2
59 53 9
78 76 5
51 49 9
19 82 3
7 86 1
85 74 6
2 90 1
11 28 9
48 27 9
35 68 9
84 71 8
100 82 3
44 36 9
36 88 1
56 63 9
79 68 9
55 81 3
31 90 1
41 71 8
57 79 4
33 64 9
84 90 1
78 2 9
60 83 2
96 82 3
66 81 3
88 75 6
14 90 1
48 15 9
28 85 2
59 38 9
73 84 2
28 1 9
59 77 5
17 86 1
90 62 9
79 87 1
5 58 9
74 88 1
69 89 1
19 90 1
15 46 9
55 67 9
10 42 9
22 8 9
32 53 9
96 34 9
20 59 9
87 90 1
67 69 9
67 58 9
78 2 9
31 80 4
52 70 9
68 84 2
49 19 9
53 67 9
37 15 9
21 37 8
52 57 8
26 89 1
51 38 8
82 61 8
59 40 8
22 5 8
36 61 8
64 47 8
50 57 8
90 85 2
84 77 5
78 61 8
7 3 8
37 43 8
43 52 8
66 78 4
64 58 8
40 68 8
30 43 8
2 55 8
30 59 8
56 45 8
100 75 6
50 8 8
21 87 1
24 18 8
67 60 8
77 14 8
37 44 8
98 63 8
28 64 8
9 31 8
10 63 8
11 64 8
51 83 2
58 10 8
16 40 8
97 47 8
62 83 2
46 85 2
19 91 0
4 85 2
31 45 8
87 77 5
52 88 1
31 57 8
44 88 1
93 87 1
70 61 8
66 82 3
58 57 8
77 66 8
44 91 0
93 55 8
57 80 4
79 66 8
58 7 8
41 81 3
72 91 0
28 57 8
82 91 0
6 52 8
95 42 8
50 83 2
9 78 4
16 56 8
49 59 8
14 68 8
53 73 7
63 64 8
66 71 8
84 45 8
88 82 3
87 84 2
67 80 4
44 50 8
54 72 7
79 60 8
34 46 8
24 54 8
22 72 7
29 91 0
90 87 1
94 35 8
43 90 1
26 84 2
93 80 4
97 47 8
85 91 0
26 82 3
44 16 8
63 79 4
95 72 7
40 56 8
35 1 8
51 41 8
80 77 5
35 71 8
9 81 3
21 23 8
8 79 4
71 84 2
85 80 4
22 22 8
21 19 8
75 75 6
89 50 8
65 79 4
96 55 8
82 85 2
12 90 1
94 75 6
55 76 5
78 81 3
77 57 8
76 75 6
29 63 8
32 49 8
63 61 8
30 61 8
1 33 8
94 65 8
24 39 8
43 35 8
87 84 2
39 56 7
20 86 1
81 57 7
2 66 7
56 15 7
46 14 7
59 84 2
51 75 6
95 2 7
25 54 7
2 36 7
10 88 1
21 80 4
85 76 5
3 64 7
81 30 7
80 80 4
25 90 1
93 85 2
83 26 7
82 73 7
35 47 7
54 21 7
51 63 7
16 37 7
46 91 0
57 69 7
32 71 7
59 89 1
9 73 7
85 54 7
42 88 1
71 59 7
38 34 7
95 84 2
1 90 1
97 84 2
41 81 3
6 71 7
27 84 2
65 39 7
66 37 7
52 80 4
29 88 1
28 82 3
37 75 6
23 38 7
63 89 1
75 27 7
31 55 7
5 8 7
5 55 7
15 81 3
20 83 2
94 49 7
85 78 4
99 69 7
7 76 5
36 89 1
6 46 7
40 61 7
70 75 6
55 78 4
100 57 7
57 87 1
82 31 7
98 34 7
72 2 7
76 28 7
47 92 0
21 81 3
47 77 5
75 44 7
29 43 7
42 92 0
7 91 0
80 87 1
74 60 7
2 89 1
71 80 4
76 78 4
13 42 7
5 76 5
28 61 7
10 83 2
28 81 3
6 69 7
15 76 5
57 46 7
15 90 1
16 82 3
74 20 7
83 91 0
93 92 0
89 48 7
57 50 7
67 71 7
14 75 6
62 85 2
30 20 7
78 67 7
73 48 7
2 90 1
94 42 7
24 88 1
50 80 4
3 91 0
93 30 7
29 52 7
38 90 1
30 55 7
2 41 7
75 89 1
34 71 7
29 44 7
11 8 7
84 47 7
77 89 1
79 90 1
14 57 7
8 89 1
12 82 3
64 22 7
93 89 1
100 72 7
31 84 2
58 40 7
64 84 2
66 80 4
90 93 0
73 36 6
37 35 6
63 92 0
94 84 2
20 71 6
63 80 4
36 57 6
13 78 4
99 58 6
91 79 4
77 62 6
96 7 6
99 87 1
45 48 6
66 87 1
38 61 6
26 77 5
33 84 2
62 68 6
35 85 2
37 86 1
88 54 6
9 91 0
27 93 0
51 91 0
50 89 1
61 56 6
82 67 6
31 91 0
83 81 3
36 76 5
49 68 6
91 80 4
27 86 1
90 92 0
88 86 1
79 69 6
16 90 1
66 74 6
91 88 1
32 81 3
18 57 6
85 66 6
23 78 4
60 87 1
72 78 4
12 77 5
94 70 6
35 77 5
27 92 0
30 75 6
47 93 0
63 84 2
12 11 6
52 47 6
9 51 6
73 89 1
34 87 1
83 90 1
2 35 6
19 74 6
77 29 6
21 87 1
45 13 6
13 84 2
88 84 2
75 90 1
35 38 6
50 52 6
88 88 1
57 64 6
50 81 3
10 83 2
14 69 6
89 63 6
100 56 6
47 33 6
1 66 6
62 81 3
11 13 6
90 63 6
35 80 4
84 31 6
62 83 2
34 79 4
76 56 6
81 67 6
4 84 2
83 91 0
80 90 1
62 62 6
35 84 2
90 52 6
71 58 6
30 83 2
25 21 6
23 77 5
92 82 3
17 20 6
13 42 6
51 84 2
93 92 0
90 81 3
42 90 1
72 82 3
29 46 6
49 74 6
98 58 6
36 82 3
22 50 6
37 91 0
54 66 6
39 91 0
1 88 1
47 89 1
92 93 0
67 74 5
15 2 5
18 66 5
35 51 5
18 94 0
95 79 4
31 61 5
71 74 5
61 87 1
40 85 2
51 67 5
76 93 0
38 27 5
53 36 5
100 94 0
20 57 5
16 7 5
89 77 5
2 91 0
71 75 5
55 58 5
78 33 5
69 49 5
48 70 5
91 69 5
46 90 1
5 73 5
43 70 5
65 68 5
10 92 0
98 81 3
69 93 0
10 55 5
48 81 3
77 45 5
4 92 0
62 91 0
58 90 1
67 92 0
60 83 2
31 93 0
50 85 2
57 39 5
7 83 2
32 70 5
47 83 2
30 69 5
35 66 5
22 77 5
92 32 5
70 94 0
63 91 0
98 83 2
59 80 4
30 29 5
54 84 2
29 6 5
35 59 5
86 91 0
6 30 5
32 91 0
28 2 5
94 32 5
33 30 5
9 49 5
95 84 2
27 91 0
82 75 5
3 42 5
59 72 5
71 89 1
68 14 5
25 7 5
78 86 1
74 81 3
45 89 1
51 81 3
14 86 1
14 65 5
52 30 5
93 73 5
67 90 1
6 93 0
88 74 5
38 84 2
23 68 5
9 94 0
68 60 5
61 91 0
29 62 5
14 70 5
33 34 5
23 77 5
58 42 5
65 67 5
18 92 0
86 20 5
62 23 5
78 90 1
69 94 0
80 50 5
86 87 1
53 90 1
75 91 0
55 70 5
10 87 1
23 83 2
17 93 0
79 30 5
63 20 5
37 66 5
67 79 4
32 71 5
44 85 2
31 78 4
87 16 5
50 29 5
86 88 1
50 44 5
4 91 0
26 94 0
68 87 1
7 29 4
43 81 3
15 32 4
25 91 0
31 93 0
63 38 4
8 89 1
63 91 0
40 86 1
66 25 4
97 93 0
97 73 4
48 47 4
20 68 4
82 95 0
78 52 4
93 84 2
76 85 2
54 81 3
39 58 4
37 36 4
57 68 4
52 59 4
60 85 2
99 84 2
20 34 4
17 78 4
22 35 4
32 86 1
72 94 0
34 89 1
40 74 4
96 52 4
4 93 0
47 90 1
91 94 0
88 95 0
1 28 4
67 68 4
9 83 2
81 14 4
93 95 0
2 90 1
36 92 0
64 71 4
94 93 0
90 70 4
19 69 4
97 93 0
87 95 0
43 90 1
30 82 3
34 45 4
45 83 2
29 91 0
68 95 0
23 53 4
41 18 4
29 26 4
28 95 0
32 86 1
15 75 4
57 26 4
64 93 0
100 43 4
98 95 0
42 94 0
61 91 0
85 82 3
17 71 4
18 78 4
97 63 4
42 82 3
6 79 4
62 54 4
83 65 4
67 83 2
30 88 1
73 59 4
52 82 3
66 86 1
69 27 4
3 79 4
88 4 4
87 78 4
22 90 1
81 31 4
81 58 4
60 79 4
14 38 4
31 75 4
45 29 4
97 91 0
27 86 1
91 79 4
85 94 0
48 93 0
70 84 2
12 60 4
78 92 0
22 71 4
68 82 3
76 95 0
13 23 4
33 90 1
39 15 4
26 88 1
29 7 4
71 91 0
62 54 4
22 92 0
70 77 4
53 25 4
44 94 0
30 54 4
62 84 2
74 49 4
95 62 4
91 25 4
29 48 4
32 90 1
98 59 4
16 19 4
56 10 4
61 91 0
96 13 4
96 94 0
48 55 4
54 61 4
97 77 4
58 90 1
71 76 4
49 84 2
71 95 0
68 77 4
50 95 0
49 91 0
98 27 4
94 95 0
63 79 4
99 40 4
41 40 4
7 93 0
2 76 4
20 73 4
40 71 4
97 25 4
81 66 4
22 45 4
26 73 4
45 86 1
60 89 1
92 91 0
67 41 4
67 90 1
50 42 4
12 60 4
10 86 1
32 87 1
6 61 4
23 94 0
95 7 4
41 42 4
4 74 4
39 92 0
69 94 0
88 88 1
50 53 4
37 89 1
7 9 3
2 62 3
59 25 3
28 95 0
91 62 3
58 71 3
72 12 3
74 92 0
14 53 3
30 86 1
65 76 3
10 51 3
100 94 0
81 86 1
23 58 3
59 94 0
95 87 1
34 83 2
70 7 3
85 43 3
53 94 0
75 76 3
6 66 3
18 95 0
59 78 3
65 96 0
4 51 3
54 88 1
30 68 3
50 15 3
25 86 1
69 74 3
36 88 1
66 90 1
28 94 0
36 70 3
53 96 0
24 4 3
45 90 1
1 67 3
82 61 3
32 71 3
69 91 0
10 51 3
49 54 3
52 95 0
91 67 3
44 96 0
22 56 3
100 80 3
55 3 3
37 57 3
64 16 3
52 96 0
54 50 3
3 96 0
32 85 2
24 35 3
58 94 0
73 56 3
49 52 3
27 58 3
95 82 3
46 96 0
68 14 3
63 9 3
53 47 3
23 54 3
5 54 3
54 96 0
15 40 3
34 60 3
55 43 3
7 91 0
47 39 3
55 2 3
53 95 0
30 87 1
39 96 0
80 78 3
66 87 1
78 70 3
66 71 3
85 79 3
84 59 3
61 86 1
18 85 2
79 96 0
25 76 3
63 95 0
29 24 3
46 95 0
41 95 0
53 96 0
5 8 3
42 57 3
1 72 3
4 91 0
52 90 1
38 69 3
25 24 3
26 18 3
45 10 3
16 91 0
13 86 1
52 91 0
11 61 3
49 1 3
21 57 3
76 84 2
28 70 3
80 90 1
2 91 0
96 80 3
90 75 3
94 5 3
1 87 1
66 72 3
65 82 3
96 92 0
86 83 2
45 10 3
59 32 3
89 90 1
89 94 0
7 43 3
5 12 3
89 87 1
13 70 3
6 4 3
88 94 0
78 92 0
91 52 3
51 91 0
27 90 1
1 93 0
2 95 0
12 85 2
93 92 0
37 13 3
37 65 3
4 95 0
61 92 0
58 67 3
53 56 3
83 36 3
19 89 1
76 1 3
12 83 2
77 94 0
5 83 2
85 57 3
95 55 3
83 50 3
82 93 0
30 95 0
9 84 2
73 33 3
77 33 3
21 94 0
30 79 3
93 90 1
56 96 0
10 66 3
62 92 0
17 96 0
87 96 0
49 95 0
10 72 3
63 87 1
99 96 0
37 87 1
32 95 0
98 61 2
46 19 2
7 92 0
14 79 2
79 87 1
53 96 0
91 97 0
43 82 2
11 12 2
81 97 0
45 65 2
18 92 0
65 97 0
7 94 0
77 97 0
14 95 0
68 85 2
64 97 0
57 97 0
69 77 2
22 60 2
63 73 2
29 95 0
10 97 0
60 87 1
31 26 2
22 97 0
76 97 0
39 49 2
70 97 0
12 96 0
98 4 2
56 88 1
24 86 1
59 92 0
66 65 2
80 94 0
35 96 0
68 97 0
93 34 2
52 87 1
10 23 2
16 83 2
63 93 0
83 75 2
33 75 2
10 85 2
97 46 2
28 85 2
43 29 2
12 86 1
90 66 2
11 2 2
10 68 2
18 94 0
83 79 2
56 94 0
60 97 0
26 83 2
93 97 0
91 87 1
19 96 0
43 95 0
59 87 1
48 93 0
85 13 2
29 93 0
68 68 2
89 55 2
29 69 2
21 93 0
25 96 0
27 12 2
35 97 0
47 54 2
93 78 2
14 27 2
94 56 2
62 59 2
65 96 0
21 3 2
91 96 0
62 74 2
85 94 0
12 60 2
29 94 0
29 78 2
15 72 2
48 97 0
50 88 1
31 91 0
54 61 2
83 97 0
97 96 0
65 96 0
36 74 2
99 97 0
29 26 2
4 97 0
46 97 0
11 97 0
68 53 2
89 57 2
37 41 2
12 55 2
73 94 0
50 90 1
73 90 1
87 79 2
91 96 0
5 33 2
28 86 1
12 91 0
87 87 1
65 90 1
6 90 1
72 95 0
44 51 2
64 50 2
79 66 2
91 95 0
43 95 0
15 89 1
10 97 0
53 1 2
70 91 0
23 17 2
4 96 0
6 87 1
22 93 0
24 96 0
86 90 1
79 90 1
18 78 2
5 67 2
55 90 1
85 94 0
82 32 2
68 74 2
98 97 0
72 38 2
63 43 2
63 92 0
27 41 2
36 96 0
6 71 2
45 24 2
13 82 2
27 78 2
19 92 0
30 97 0
26 67 2
78 62 2
85 78 2
72 88 1
69 61 2
46 97 0
5 39 2
71 95 0
46 86 1
89 29 2
22 8 2
71 53 2
49 89 1
99 92 0
52 67 2
69 88 1
6 81 2
96 80 2
72 15 2
13 24 2
28 97 0
32 90 1
68 98 0
89 98 0
68 95 0
18 63 1
13 97 0
7 15 1
36 98 0
2 92 0
36 97 0
48 98 0
42 73 1
42 69 1
42 81 1
45 92 0
27 85 1
22 97 0
56 90 1
95 15 1
23 35 1
40 79 1
45 98 0
42 97 0
99 80 1
69 98 0
14 92 0
45 9 1
66 57 1
27 32 1
84 97 0
44 94 0
84 93 0
18 88 1
47 59 1
23 30 1
21 63 1
37 94 0
39 14 1
38 98 0
46 81 1
79 93 0
54 91 0
41 69 1
84 43 1
6 86 1
12 82 1
80 98 0
70 35 1
77 87 1
35 69 1
13 58 1
47 95 0
68 98 0
22 7 1
33 97 0
85 37 1
6 84 1
100 98 0
48 3 1
100 97 0
87 87 1
80 84 1
70 74 1
67 97 0
42 76 1
19 40 1
66 98 0
5 85 1
75 95 0
69 87 1
5 78 1
26 74 1
8 46 1
38 98 0
73 96 0
54 72 1
1 53 1
16 57 1
88 85 1
69 97 0
4 58 1
71 62 1
86 58 1
50 98 0
82 89 1
81 92 0
12 98 0
99 89 1
76 92 0
84 98 0
76 98 0
74 21 1
91 7 1
58 64 1
76 65 1
98 97 0
52 81 1
99 97 0
10 22 1
40 81 1
72 74 1
5 75 1
84 86 1
9 96 0
86 53 1
84 91 0
48 87 1
84 14 1
82 84 1
85 96 0
13 94 0
87 12 1
78 98 0
44 93 0
99 41 1
68 85 1
40 98 0
29 3 1
81 83 1
99 83 1
38 94 0
14 13 1
29 76 1
64 9 1
87 98 0
63 98 0
41 52 1
78 14 1
70 97 0
52 87 1
49 78 1
51 87 1
1 92 0
76 14 1
68 98 0
67 93 0
71 98 0
51 75 1
89 95 0
80 93 0
8 21 1
24 97 0
32 95 0
47 98 0
10 31 1
37 94 0
57 87 1
32 74 1
25 96 0
60 59 1
89 93 0
2 36 1
26 93 0
38 93 0
32 71 1
86 97 0
34 69 1
24 93 0
60 96 0
31 89 1
69 83 1
91 91 0
69 31 1
87 82 1
29 98 0
73 95 0
61 88 1
87 41 1
17 68 1
74 95 0
62 93 0
97 77 1
97 82 1
44 96 0
42 31 1
4 20 1
46 97 0
59 85 1
46 20 1
82 87 1
84 55 1
41 72 0
61 97 0
74 44 0
75 87 0
51 100 0
49 83 0
93 99 0
57 99 0
5 82 0
1 81 0
11 85 0
10 99 0
67 67 0
33 97 0
29 67 0
35 28 0
97 100 0
4 99 0
81 98 0
22 88 0
61 75 0
21 100 0
75 99 0
34 39 0
6 98 0
91 71 0
22 99 0
69 100 0
52 97 0
84 97 0
20 100 0
15 18 0
93 93 0
51 9 0
99 28 0
95 98 0
60 18 0
41 99 0
8 100 0
39 99 0
1 65 0
1 56 0
31 100 0
48 88 0
95 71 0
83 28 0
19 13 0
14 64 0
43 69 0
85 97 0
99 96 0
83 99 0
65 100 0
25 99 0
79 100 0
62 88 0
36 94 0
23 99 0
1 71 0
33 94 0
25 88 0
73 99 0
1 79 0
12 100 0
89 98 0
15 77 0
3 95 0
99 8 0
55 63 0
25 98 0
3 37 0
23 100 0
51 96 0
81 51 0
13 97 0
39 97 0
80 79 0
14 50 0
15 92 0
39 100 0
44 100 0
81 45 0
37 91 0
94 92 0
75 57 0
60 95 0
58 98 0
94 77 0
11 100 0
34 91 0
72 100 0
1 14 0
11 99 0
63 8 0
93 80 0
42 94 0
56 99 0
82 71 0
59 98 0
62 50 0
44 94 0
73 99 0
14 96 0
30 97 0
93 100 0
52 95 0
73 98 0
5 100 0
57 97 0
33 83 0
50 83 0
54 94 0
55 99 0
69 80 0
83 93 0
1 97 0
99 100 0
21 83 0
2 96 0
67 98 0
45 100 0
76 99 0
80 99 0
54 99 0
52 100 0
86 96 0
72 100 0
51 97 0
76 87 0
69 99 0
72 16 0
23 98 0
50 99 0
18 93 0
46 60 0
61 96 0
97 34 0
70 98 0
12 100 0
86 100 0
82 100 0
57 100 0
68 71 0
41 98 0
41 96 0
33 93 0
84 100 0
16 98 0
2 100 0
3 100 0
79 97 0
26 18 0
86 31 0
51 86 0
10 98 0
65 98 0
3 70 0
27 93 0
42 86 0
74 26 0
21 70 0
11 97 0
69 7 0
79 99 0
79 100 0
4 98 0
20 98 0
60 97 0
57 36 0
66 99 0
17 95 0
12 13 0
21 98 0
2 95 0
79 68 0
42 99 0
64 98 0
11 99 0
77 7 0
72 98 0
24 71 0
64 49 0
79 58 0
10 99 0
17 84 0
7 99 0
10 55 0
78 99 0
7 79 0
90 74 0
23 75 0
10 72 0
82 92 0
57 89 0
50 83 0
62 98 0
77 74 0
13 63 0
77 100 0
55 28 0
4 100 0
75 99 0
88 40 0
73 100 0
19 97 0
23 100 0
5 99 0
79 87 0
21 92 0
26 99 0
99 96 0
54 95 0
96 18 0
36 71 0
34 45 0
61 2 0
94 100 0
97 55 0
50 93 0
38 91 0
48 100 0
47 81 0
83 23 0
39 70 0
90 100 0
43 100 0
55 97 0
72 100 0
3 100 0
53 97 0
30 99 0
13 8 0
2 99 0
26 98 0
23 94 0
30 100 0
52 99 0
62 96 0
90 100 0
2 98 0
86 91 0
44 98 0
96 97 0
68 99 0
5 60 0
20 92 0
2 100 0
78 99 0
100 96 0
14 58 0
63 37 0
24 89 0
78 71 0
46 96 0
72 61 0
54 67 0
81 99 0
50 98 0
68 89 0
86 100 0
50 94 0
71 99 0
16 56 0
44 93 0
58 67 0
38 99 0
93 87 0
73 98 0
1 100 0
54 92 0
52 73 0
36 100 0
31 100 0
57 90 0
59 18 0
99 99 0
74 68 0
85 91 0
88 88 0
21 95 0
33 80 0
96 94 0
78 93 0
76 18 0
45 5 0
14 45 0
37 7 0
11 98 0
31 100 0
99 64 0
62 73 0
3 45 0
38 96 0
3 90 0
58 99 0
68 99 0
61 37 0
5 89 0
39 99 0
57 91 0
1 89 0
10 55 0
