100 100 4.3589
68 5 90
9 7 86
99 10 81
63 16 70
8 10 77
14 21 62
44 12 75
53 25 56
46 18 67
43 7 69
46 22 60
18 34 43
25 20 64
92 21 62
45 13 64
90 18 62
66 4 61
4 6 58
72 40 36
93 31 47
76 21 53
58 4 52
90 48 27
64 13 50
56 32 46
53 29 44
15 42 33
90 8 43
69 10 43
29 7 43
96 16 43
27 20 40
21 48 27
30 44 31
46 57 18
46 31 39
82 56 19
21 64 12
13 20 32
45 52 23
93 36 31
84 48 27
28 57 18
92 49 26
79 46 26
25 56 19
60 71 8
37 32 22
36 59 16
91 76 5
78 31 20
23 77 5
6 28 19
94 24 18
89 57 18
92 52 18
53 71 8
12 75 6
53 65 12
1 77 5
34 77 5
30 59 14
48 29 13
95 72 7
38 17 12
61 14 11
8 5 10
50 72 7
38 62 10
60 41 9
16 63 9
66 77 5
25 69 8
3 81 3
79 91 0
7 91 0
16 86 1
37 93 0
26 93 0
93 67 5
92 44 5
2 87 1
3 92 0
38 82 3
42 32 3
37 25 3
7 45 3
4 96 0
56 83 1
26 98 0
57 99 0
94 91 0
49 99 0
6 100 0
6 99 0
5 91 0
19 100 0
41 96 0
14 99 0
88 100 0
