500 100 4.3589
5 5 90
3 3 93
5 5 90
9 9 82
10 10 81
8 8 83
16 16 70
4 4 82
4 4 81
1 1 78
19 19 65
5 5 77
23 23 59
20 20 64
5 5 74
10 10 74
18 18 67
6 6 72
18 18 67
14 14 71
12 12 71
11 11 70
23 23 59
12 12 65
28 28 51
30 30 49
27 27 53
21 21 62
1 1 61
10 10 61
29 29 50
34 34 43
12 12 59
10 10 58
20 20 57
15 15 57
9 9 56
23 23 56
42 42 33
19 19 55
13 13 55
6 6 55
40 40 36
23 23 55
43 43 32
29 29 50
27 27 52
3 3 52
7 7 52
32 32 46
23 23 51
31 31 47
19 19 50
30 30 49
3 3 49
27 27 49
29 29 49
16 16 49
26 26 49
37 37 39
21 21 49
44 44 31
14 14 48
34 34 43
7 7 48
27 27 47
18 18 46
27 27 46
53 53 22
24 24 46
53 53 22
25 25 46
11 11 46
43 43 32
49 49 26
28 28 45
39 39 37
32 32 44
45 45 30
2 2 44
5 5 43
16 16 43
42 42 33
55 55 20
53 53 22
55 55 20
52 52 23
57 57 18
54 54 21
33 33 41
23 23 41
14 14 41
46 46 29
49 49 26
38 38 38
52 52 23
45 45 30
45 45 30
11 11 39
42 42 33
30 30 39
16 16 39
56 56 19
17 17 39
42 42 33
35 35 38
49 49 26
24 24 37
62 62 14
50 50 25
42 42 33
53 53 22
42 42 33
12 12 37
27 27 36
57 57 18
22 22 36
40 40 36
63 63 13
14 14 36
32 32 35
52 52 23
28 28 35
53 53 22
63 63 13
19 19 34
25 25 34
51 51 24
38 38 34
45 45 30
62 62 14
48 48 27
48 48 27
57 57 18
61 61 15
7 7 31
36 36 31
64 64 12
61 61 15
27 27 31
66 66 11
59 59 16
28 28 31
17 17 30
56 56 19
27 27 30
57 57 18
64 64 12
11 11 29
58 58 17
8 8 29
6 6 29
31 31 29
66 66 11
59 59 16
62 62 14
24 24 28
10 10 28
32 32 28
68 68 10
41 41 27
43 43 27
68 68 10
49 49 26
66 66 11
70 70 9
58 58 17
64 64 12
55 55 20
55 55 20
44 44 26
39 39 26
39 39 26
21 21 26
14 14 26
54 54 21
23 23 26
15 15 26
5 5 25
5 5 25
68 68 10
43 43 24
26 26 24
17 17 24
1 1 24
70 70 9
58 58 17
60 60 16
35 35 24
31 31 24
51 51 23
7 7 23
27 27 23
49 49 23
30 30 23
70 70 9
63 63 13
30 30 23
6 6 23
70 70 9
61 61 15
70 70 9
28 28 23
12 12 23
70 70 9
47 47 22
31 31 22
70 70 9
53 53 22
23 23 21
70 70 9
13 13 21
26 26 21
70 70 9
68 68 10
66 66 11
15 15 21
17 17 21
29 29 21
7 7 20
68 68 10
70 70 9
64 64 12
70 70 9
70 70 9
66 66 11
20 20 20
64 64 12
63 63 13
5 5 19
44 44 19
70 70 9
70 70 9
58 58 17
9 9 18
55 55 18
44 44 18
70 70 9
56 56 18
70 70 9
9 9 18
70 70 9
70 70 9
11 11 18
28 28 17
70 70 9
28 28 17
27 27 17
30 30 17
70 70 9
54 54 17
35 35 17
66 66 11
70 70 9
60 60 16
50 50 16
65 65 12
70 70 9
3 3 15
70 70 9
17 17 15
41 41 15
70 70 9
70 70 9
46 46 15
70 70 9
70 70 9
70 70 9
44 44 14
6 6 14
66 66 11
70 70 9
70 70 9
12 12 14
61 61 14
13 13 14
51 51 14
65 65 12
70 70 9
60 60 13
70 70 9
65 65 12
35 35 13
31 31 13
70 70 9
69 69 9
25 25 13
70 70 9
47 47 13
70 70 9
3 3 13
70 70 9
62 62 12
60 60 12
44 44 12
53 53 12
70 70 9
70 70 9
42 42 12
70 70 9
70 70 9
69 69 9
13 13 11
63 63 11
69 69 9
54 54 11
32 32 11
16 16 11
70 70 9
69 69 9
10 10 10
70 70 9
38 38 10
55 55 10
68 68 10
26 26 10
70 70 9
47 47 10
70 70 9
40 40 10
7 7 10
70 70 9
70 70 9
10 10 9
70 70 9
70 70 9
70 70 9
70 70 9
57 57 9
70 70 9
70 70 9
52 52 9
42 42 9
70 70 9
38 38 8
52 52 8
36 36 8
70 70 9
29 29 8
65 65 8
49 49 8
70 70 9
70 70 9
70 70 9
70 70 9
1 1 7
31 31 7
70 70 9
70 70 9
43 43 7
70 70 9
70 70 9
47 47 7
70 70 8
56 56 7
70 70 9
70 70 9
70 70 9
30 30 7
25 25 7
46 46 7
55 55 7
49 49 6
70 70 9
46 46 6
70 70 9
36 36 6
70 70 9
70 70 9
70 70 9
70 70 9
14 14 6
70 70 9
50 50 6
70 70 9
70 70 9
70 70 9
70 70 9
70 70 9
70 70 9
51 51 5
53 53 5
70 70 7
70 70 9
35 35 5
70 70 7
48 48 5
67 67 5
70 70 9
70 70 9
70 70 5
65 65 4
70 70 9
70 70 9
70 70 9
29 29 4
70 70 9
70 70 9
56 56 4
70 70 9
65 65 4
70 70 9
70 70 9
70 70 9
70 70 9
70 70 9
70 70 9
70 70 9
70 70 9
70 70 9
65 65 3
70 70 9
70 70 9
70 70 9
68 68 3
69 69 2
70 70 9
70 70 9
70 70 9
70 70 9
70 70 9
70 70 9
65 65 2
70 70 9
70 70 9
69 69 2
63 63 2
70 70 9
70 70 8
50 50 2
70 70 9
70 70 9
22 22 2
70 70 9
63 63 2
70 70 9
70 70 9
70 70 9
70 70 9
70 70 9
70 70 1
7 7 1
70 70 9
70 70 9
67 67 1
68 68 1
70 70 9
70 70 9
70 70 6
36 36 1
70 70 9
70 70 4
70 70 9
70 70 9
10 10 1
70 70 9
64 64 1
28 28 1
70 70 2
70 70 9
63 63 1
70 70 9
61 61 0
70 70 9
70 70 9
70 70 9
70 70 9
70 70 9
70 70 6
70 70 9
70 70 9
70 70 9
70 70 9
70 70 9
70 70 9
70 70 9
13 13 0
67 67 0
70 70 9
1 1 0
70 70 9
70 70 9
70 70 9
70 70 9
70 70 9
70 70 9
27 27 0
70 70 9
70 70 9
70 70 9
70 70 9
70 70 9
70 70 9
33 33 0
70 70 9
70 70 9
70 70 9
70 70 9
70 70 3
70 70 9
