5000 1000 4.3589
44 144 855
10 110 855
11 111 853
18 118 852
26 126 851
1 101 848
21 121 841
25 125 840
54 154 838
35 135 837
39 139 836
35 135 833
46 146 830
7 107 830
49 149 829
59 159 825
49 149 816
85 185 813
28 128 813
17 117 812
47 147 812
50 150 811
29 129 810
33 133 810
29 129 806
39 139 797
28 128 796
100 200 795
13 113 793
55 155 793
48 148 791
24 124 789
13 113 789
55 155 787
23 123 786
35 135 785
101 201 784
108 208 781
70 170 779
63 163 775
64 164 775
62 162 771
123 223 771
27 127 771
77 177 771
52 152 770
28 128 770
123 223 770
5 105 768
42 142 767
76 176 766
27 127 757
33 133 757
139 239 756
119 219 755
67 167 753
121 221 753
44 144 753
81 181 752
138 238 752
123 223 751
24 124 749
123 223 749
81 181 748
21 121 748
150 250 748
25 125 748
149 249 748
77 177 747
130 230 746
48 148 742
154 254 741
65 165 741
80 180 737
153 253 734
95 195 734
83 183 732
160 260 732
29 129 731
155 255 730
96 196 727
85 185 726
150 250 726
1 101 726
111 211 726
156 256 725
105 205 725
174 274 724
14 114 724
169 269 721
162 262 721
15 115 721
24 124 721
109 209 718
161 261 716
47 147 714
50 150 714
106 206 711
35 135 710
178 278 706
18 118 705
122 222 704
98 198 703
100 200 703
197 297 702
71 171 702
161 261 701
30 130 699
143 243 698
35 135 698
15 115 698
73 173 697
6 106 697
95 195 696
196 296 696
199 299 696
107 207 695
182 282 695
43 143 694
158 258 693
156 256 692
95 195 691
140 240 689
120 220 689
137 237 689
77 177 689
192 292 688
114 214 687
67 167 686
96 196 685
41 141 685
31 131 684
94 194 684
41 141 681
136 236 679
3 103 679
24 124 679
136 236 678
109 209 678
153 253 678
201 301 677
201 301 676
186 286 676
72 172 676
224 324 674
205 305 674
73 173 674
207 307 673
17 117 673
56 156 672
58 158 671
102 202 671
201 301 671
105 205 670
57 157 670
71 171 670
28 128 669
38 138 669
193 293 669
88 188 669
193 293 668
82 182 667
191 291 667
215 315 666
226 326 666
93 193 666
144 244 665
128 228 665
128 228 665
198 298 664
40 140 664
122 222 663
202 302 662
77 177 662
167 267 662
233 333 661
78 178 659
27 127 659
28 128 658
140 240 658
124 224 658
220 320 658
127 227 657
156 256 656
103 203 655
207 307 654
168 268 653
32 132 653
134 234 653
229 329 653
24 124 652
180 280 652
61 161 651
14 114 651
62 162 651
221 321 650
192 292 650
120 220 650
136 236 650
166 266 650
115 215 649
55 155 649
149 249 649
15 115 648
112 212 648
171 271 648
79 179 648
27 127 648
127 227 645
97 197 645
65 165 644
172 272 643
252 352 643
99 199 642
77 177 641
49 149 641
203 303 640
166 266 639
259 359 638
106 206 638
134 234 638
205 305 636
175 275 636
152 252 635
242 342 635
34 134 635
226 326 634
182 282 634
242 342 632
259 359 632
137 237 632
248 348 630
92 192 629
177 277 628
78 178 627
78 178 626
20 120 626
110 210 626
50 150 625
235 335 624
138 238 624
200 300 623
122 222 622
157 257 622
175 275 620
115 215 619
158 258 618
278 378 617
242 342 617
62 162 617
9 109 616
104 204 616
4 104 616
142 242 616
34 134 616
51 151 616
265 365 615
51 151 612
163 263 611
142 242 611
140 240 610
163 263 610
241 341 610
254 354 609
56 156 609
181 281 608
230 330 608
71 171 608
170 270 607
89 189 607
29 129 606
87 187 606
7 107 606
125 225 606
101 201 606
84 184 605
66 166 605
238 338 604
283 383 604
139 239 604
71 171 604
179 279 604
91 191 603
98 198 603
5 105 602
69 169 601
172 272 601
237 337 601
182 282 601
164 264 600
137 237 600
174 274 600
264 364 600
259 359 600
255 355 599
98 198 598
128 228 598
246 346 598
28 128 598
250 350 597
140 240 596
255 355 596
298 398 596
152 252 596
69 169 595
147 247 594
139 239 594
87 187 593
88 188 593
98 198 593
208 308 592
101 201 590
25 125 590
272 372 590
192 292 590
304 404 589
132 232 588
217 317 587
162 262 587
239 339 587
202 302 587
142 242 587
55 155 587
254 354 586
5 105 586
109 209 585
199 299 585
74 174 585
41 141 584
109 209 584
296 396 584
254 354 584
40 140 584
285 385 583
308 408 583
218 318 582
36 136 582
308 408 581
264 364 581
116 216 581
223 323 580
2 102 580
265 365 579
258 358 578
128 228 578
73 173 578
115 215 578
85 185 577
22 122 577
183 283 576
88 188 576
211 311 575
268 368 575
311 411 574
89 189 573
51 151 573
290 390 572
210 310 572
226 326 571
301 401 571
101 201 570
328 428 570
290 390 570
250 350 570
174 274 570
69 169 569
254 354 569
56 156 569
300 400 568
148 248 568
131 231 568
300 400 566
257 357 565
272 372 565
240 340 564
170 270 564
96 196 564
108 208 563
129 229 563
177 277 563
170 270 562
328 428 562
44 144 562
213 313 561
267 367 560
274 374 560
18 118 560
199 299 560
78 178 560
125 225 560
45 145 560
291 391 559
76 176 559
64 164 559
252 352 559
192 292 558
247 347 558
249 349 558
104 204 557
14 114 557
107 207 556
311 411 556
284 384 556
80 180 555
332 432 555
317 417 555
126 226 554
112 212 554
150 250 553
211 311 553
199 299 553
259 359 553
40 140 553
187 287 552
218 318 552
161 261 551
48 148 551
154 254 551
273 373 551
153 253 550
17 117 550
56 156 550
14 114 549
157 257 549
348 448 548
66 166 548
66 166 548
189 289 548
353 453 546
90 190 546
206 306 545
185 285 544
240 340 544
181 281 543
36 136 543
129 229 541
197 297 541
178 278 541
195 295 541
192 292 541
11 111 540
195 295 540
218 318 540
2 102 539
87 187 539
7 107 539
311 411 539
314 414 538
342 442 538
22 122 538
47 147 538
257 357 537
30 130 536
122 222 536
363 463 535
219 319 534
100 200 534
124 224 533
189 289 533
207 307 533
57 157 533
340 440 532
152 252 532
218 318 532
293 393 532
260 360 532
112 212 532
108 208 531
35 135 531
2 102 531
340 440 531
30 130 531
31 131 530
261 361 529
213 313 529
177 277 528
181 281 528
137 237 528
366 466 527
339 439 527
299 399 527
102 202 527
292 392 526
333 433 526
23 123 526
277 377 526
245 345 525
48 148 525
283 383 525
360 460 525
56 156 525
184 284 524
334 434 524
237 337 524
276 376 524
103 203 524
337 437 523
168 268 523
139 239 523
230 330 522
361 461 521
9 109 521
183 283 521
273 373 521
206 306 520
285 385 519
153 253 519
47 147 519
155 255 519
38 138 518
63 163 518
89 189 517
233 333 517
343 443 517
212 312 516
288 388 516
173 273 515
180 280 515
382 482 514
161 261 513
193 293 513
359 459 513
300 400 513
375 475 513
274 374 512
23 123 512
197 297 512
293 393 510
361 461 510
228 328 509
344 444 509
156 256 509
12 112 508
147 247 508
339 439 507
32 132 507
252 352 507
347 447 506
247 347 505
86 186 505
161 261 504
33 133 504
28 128 504
253 353 503
379 479 503
80 180 503
361 461 503
238 338 503
112 212 502
252 352 501
165 265 501
238 338 500
102 202 500
96 196 499
134 234 498
167 267 498
137 237 498
117 217 497
186 286 496
115 215 496
192 292 494
106 206 494
251 351 494
139 239 494
144 244 493
8 108 493
125 225 493
109 209 492
328 428 492
379 479 492
269 369 492
314 414 491
407 507 491
347 447 491
286 386 491
351 451 491
163 263 490
263 363 490
82 182 489
60 160 489
335 435 488
292 392 488
92 192 487
224 324 487
14 114 487
364 464 487
30 130 486
380 480 486
70 170 486
294 394 486
143 243 486
157 257 485
92 192 484
150 250 484
186 286 483
106 206 483
184 284 483
257 357 482
295 395 482
279 379 482
320 420 482
117 217 482
136 236 482
298 398 481
417 517 481
408 508 481
75 175 481
225 325 481
41 141 479
76 176 479
392 492 478
196 296 478
377 477 478
360 460 478
16 116 478
314 414 478
58 158 477
78 178 476
72 172 476
226 326 476
242 342 476
347 447 476
126 226 475
323 423 475
298 398 475
329 429 475
196 296 475
320 420 475
187 287 475
314 414 475
200 300 474
150 250 473
287 387 473
297 397 473
322 422 471
175 275 471
267 367 471
387 487 471
221 321 471
31 131 471
199 299 471
245 345 470
130 230 469
229 329 469
56 156 468
169 269 468
70 170 468
80 180 468
113 213 468
77 177 467
298 398 467
376 476 466
294 394 466
413 513 465
149 249 465
45 145 465
398 498 465
188 288 465
297 397 464
387 487 464
187 287 464
9 109 464
223 323 464
166 266 463
342 442 463
173 273 463
372 472 462
38 138 462
396 496 462
305 405 461
21 121 461
99 199 461
248 348 461
35 135 461
433 533 460
439 539 460
81 181 459
42 142 459
345 445 459
406 506 458
34 134 458
251 351 458
219 319 457
223 323 457
402 502 457
137 237 456
346 446 455
355 455 455
12 112 455
402 502 455
327 427 455
234 334 455
347 447 454
436 536 454
351 451 454
434 534 454
207 307 454
187 287 454
225 325 454
194 294 454
304 404 453
355 455 452
33 133 452
82 182 452
324 424 452
31 131 452
250 350 451
287 387 451
252 352 450
4 104 450
389 489 449
167 267 448
363 463 448
418 518 448
36 136 448
172 272 448
305 405 447
111 211 447
282 382 447
433 533 447
247 347 447
439 539 446
439 539 446
345 445 445
58 158 445
383 483 445
266 366 444
399 499 444
38 138 444
191 291 444
105 205 444
99 199 443
406 506 443
194 294 442
75 175 442
218 318 441
231 331 441
318 418 440
432 532 440
165 265 440
323 423 440
80 180 440
339 439 440
71 171 440
199 299 440
178 278 440
280 380 439
231 331 439
344 444 439
156 256 439
404 504 438
265 365 438
210 310 437
462 562 437
43 143 437
408 508 436
26 126 436
194 294 435
349 449 435
330 430 435
293 393 435
139 239 435
341 441 435
294 394 434
345 445 434
422 522 434
287 387 434
428 528 433
86 186 433
380 480 433
103 203 432
219 319 432
148 248 432
302 402 431
293 393 431
390 490 430
348 448 429
446 546 429
396 496 429
457 557 429
424 524 429
349 449 428
207 307 428
299 399 428
222 322 427
74 174 427
442 542 427
309 409 427
73 173 427
299 399 427
61 161 427
359 459 426
126 226 426
375 475 426
309 409 426
196 296 426
291 391 426
453 553 425
20 120 425
412 512 425
53 153 425
360 460 424
151 251 424
168 268 424
149 249 423
126 226 423
114 214 423
31 131 423
278 378 422
210 310 422
275 375 421
193 293 421
255 355 421
189 289 421
352 452 420
373 473 420
188 288 420
451 551 420
250 350 420
347 447 419
456 556 419
309 409 419
388 488 419
104 204 419
398 498 419
65 165 419
27 127 419
23 123 418
468 568 418
121 221 418
138 238 418
202 302 417
118 218 417
97 197 416
84 184 416
334 434 415
328 428 415
483 583 415
80 180 415
155 255 414
470 570 413
318 418 413
178 278 413
475 575 412
467 567 412
5 105 412
381 481 411
416 516 410
14 114 410
489 589 409
257 357 409
339 439 409
261 361 409
288 388 409
121 221 409
273 373 409
185 285 408
382 482 408
220 320 408
441 541 408
211 311 408
275 375 407
441 541 407
201 301 407
357 457 407
463 563 407
18 118 407
201 301 406
214 314 406
112 212 406
147 247 405
395 495 405
170 270 405
88 188 405
463 563 405
331 431 405
170 270 404
141 241 404
420 520 403
321 421 403
207 307 403
464 564 402
159 259 402
7 107 402
172 272 401
468 568 401
474 574 401
156 256 401
405 505 401
165 265 400
149 249 400
238 338 400
267 367 400
133 233 399
373 473 399
471 571 399
235 335 398
388 488 398
481 581 398
429 529 398
452 552 397
311 411 396
101 201 396
475 575 396
221 321 396
478 578 396
135 235 395
319 419 395
482 582 395
251 351 395
251 351 395
148 248 394
280 380 394
496 596 394
228 328 394
256 356 393
417 517 393
97 197 391
52 152 391
508 608 390
302 402 390
9 109 390
175 275 390
222 322 389
365 465 389
435 535 389
158 258 389
238 338 389
144 244 389
244 344 389
294 394 388
506 606 388
105 205 388
429 529 387
437 537 387
106 206 387
21 121 387
256 356 387
192 292 387
441 541 387
512 612 386
408 508 386
252 352 386
73 173 386
279 379 386
484 584 385
485 585 385
217 317 385
422 522 385
406 506 385
387 487 384
508 608 384
71 171 383
512 612 383
227 327 382
275 375 382
475 575 382
512 612 382
367 467 382
52 152 382
12 112 381
306 406 380
48 148 380
497 597 380
11 111 380
281 381 380
466 566 379
434 534 379
4 104 379
358 458 379
65 165 379
372 472 379
265 365 379
520 620 378
434 534 378
263 363 378
394 494 378
368 468 378
440 540 378
228 328 377
109 209 377
249 349 377
139 239 376
45 145 376
277 377 376
364 464 376
348 448 375
305 405 375
238 338 375
399 499 375
507 607 375
452 552 375
79 179 375
390 490 375
332 432 374
204 304 374
462 562 374
217 317 374
381 481 374
445 545 373
312 412 373
110 210 372
48 148 372
2 102 371
423 523 371
98 198 371
298 398 371
354 454 371
300 400 371
245 345 370
508 608 370
363 463 370
508 608 370
467 567 370
32 132 369
235 335 369
403 503 369
113 213 369
374 474 369
347 447 369
379 479 369
202 302 369
519 619 368
179 279 368
327 427 368
518 618 367
284 384 367
130 230 367
387 487 367
180 280 367
190 290 366
486 586 366
181 281 366
385 485 366
531 631 366
217 317 366
400 500 365
137 237 365
373 473 365
49 149 365
104 204 365
203 303 364
236 336 364
529 629 364
242 342 364
276 376 364
518 618 363
536 636 363
492 592 363
447 547 363
472 572 363
426 526 362
143 243 362
10 110 362
150 250 362
124 224 362
524 624 361
336 436 361
204 304 360
535 635 360
39 139 360
15 115 360
423 523 360
257 357 360
253 353 360
358 458 360
369 469 360
382 482 359
349 449 359
10 110 359
193 293 359
389 489 358
358 458 358
451 551 358
180 280 358
524 624 358
503 603 358
406 506 358
386 486 358
274 374 358
522 622 358
6 106 357
493 593 357
417 517 357
60 160 357
536 636 357
74 174 357
133 233 357
172 272 357
110 210 356
249 349 356
442 542 356
278 378 355
432 532 355
151 251 355
271 371 355
44 144 355
528 628 354
488 588 354
290 390 354
351 451 354
314 414 354
247 347 353
457 557 353
206 306 353
65 165 353
463 563 352
358 458 352
316 416 352
308 408 352
349 449 352
416 516 351
191 291 351
81 181 351
199 299 350
536 636 350
91 191 350
540 640 350
72 172 349
387 487 349
547 647 348
163 263 348
223 323 348
285 385 348
147 247 348
309 409 348
543 643 348
321 421 348
414 514 347
234 334 347
229 329 347
52 152 347
519 619 347
417 517 346
313 413 346
545 645 346
443 543 346
282 382 346
363 463 345
207 307 345
97 197 345
244 344 345
179 279 344
134 234 344
418 518 344
55 155 344
406 506 344
427 527 344
243 343 344
142 242 343
53 153 343
518 618 343
62 162 343
36 136 342
225 325 342
199 299 341
32 132 341
78 178 341
173 273 340
547 647 340
421 521 340
501 601 340
298 398 340
57 157 340
205 305 339
47 147 339
61 161 339
550 650 339
348 448 339
172 272 339
441 541 339
376 476 339
248 348 338
277 377 338
434 534 337
61 161 337
510 610 337
193 293 337
453 553 337
348 448 337
157 257 336
349 449 336
196 296 335
148 248 335
397 497 335
53 153 335
229 329 334
563 663 334
328 428 334
434 534 334
479 579 334
233 333 334
557 657 333
364 464 333
34 134 333
551 651 333
160 260 333
442 542 332
208 308 332
60 160 332
120 220 332
557 657 332
564 664 332
184 284 332
420 520 331
298 398 331
548 648 331
184 284 331
87 187 331
429 529 331
403 503 331
95 195 331
409 509 330
569 669 330
309 409 330
406 506 330
481 581 330
104 204 330
108 208 330
105 205 330
437 537 330
27 127 329
189 289 329
530 630 329
26 126 329
173 273 329
70 170 327
356 456 327
429 529 327
547 647 326
29 129 326
309 409 325
350 450 325
161 261 325
428 528 325
128 228 325
467 567 324
108 208 324
464 564 324
491 591 323
208 308 323
124 224 323
277 377 323
471 571 323
86 186 323
421 521 322
502 602 322
412 512 322
184 284 322
298 398 321
307 407 321
358 458 321
469 569 321
364 464 321
269 369 321
193 293 321
492 592 321
230 330 321
470 570 321
24 124 320
437 537 320
477 577 320
494 594 320
112 212 320
425 525 319
131 231 319
468 568 319
288 388 319
371 471 318
47 147 318
55 155 318
385 485 318
426 526 317
331 431 317
231 331 317
126 226 317
358 458 317
468 568 317
564 664 317
388 488 317
406 506 317
424 524 317
339 439 316
314 414 316
392 492 316
443 543 316
95 195 316
318 418 315
493 593 315
560 660 315
180 280 315
369 469 315
432 532 314
164 264 314
229 329 314
485 585 314
85 185 313
244 344 313
542 642 313
313 413 312
406 506 312
495 595 312
285 385 311
162 262 311
283 383 311
174 274 311
405 505 311
30 130 311
387 487 310
535 635 310
547 647 310
9 109 310
177 277 310
55 155 310
433 533 310
280 380 309
242 342 309
433 533 309
521 621 309
432 532 308
91 191 308
458 558 308
391 491 308
52 152 307
505 605 307
506 606 307
576 676 307
234 334 307
38 138 307
559 659 307
279 379 306
488 588 306
380 480 306
406 506 306
488 588 306
574 674 306
446 546 305
528 628 305
211 311 305
559 659 305
128 228 305
536 636 305
523 623 304
421 521 304
574 674 304
477 577 303
286 386 303
114 214 303
187 287 303
500 600 303
566 666 303
64 164 303
419 519 303
442 542 302
459 559 302
437 537 302
494 594 302
567 667 302
192 292 301
530 630 301
528 628 301
300 400 301
361 461 301
302 402 300
512 612 300
201 301 300
45 145 300
458 558 300
229 329 300
577 677 299
363 463 299
205 305 299
392 492 299
413 513 299
386 486 298
172 272 298
238 338 298
145 245 298
563 663 298
140 240 298
376 476 298
68 168 298
406 506 298
595 695 297
398 498 297
409 509 297
524 624 297
181 281 296
405 505 296
599 699 296
521 621 296
487 587 296
264 364 296
583 683 296
564 664 295
119 219 295
117 217 295
1 101 295
452 552 295
124 224 295
293 393 294
483 583 294
137 237 294
263 363 294
595 695 294
497 597 294
259 359 294
171 271 294
384 484 293
356 456 293
590 690 293
566 666 293
368 468 292
458 558 292
211 311 292
151 251 292
525 625 292
531 631 291
197 297 291
230 330 291
462 562 291
466 566 291
229 329 291
179 279 291
67 167 290
264 364 290
596 696 290
540 640 290
592 692 290
578 678 290
273 373 290
530 630 290
393 493 290
502 602 290
231 331 289
315 415 289
503 603 289
359 459 289
144 244 289
97 197 289
525 625 288
315 415 288
476 576 288
453 553 288
205 305 288
540 640 288
595 695 287
448 548 287
266 366 287
436 536 287
592 692 287
394 494 287
196 296 287
577 677 287
571 671 287
567 667 287
568 668 286
97 197 286
8 108 286
285 385 285
569 669 285
413 513 285
96 196 285
262 362 285
504 604 285
595 695 285
105 205 285
453 553 285
430 530 285
475 575 284
347 447 284
226 326 284
577 677 283
604 704 283
293 393 283
31 131 283
172 272 283
617 717 282
589 689 282
51 151 282
550 650 282
238 338 282
401 501 282
613 713 281
447 547 281
457 557 281
453 553 281
306 406 281
57 157 281
80 180 280
155 255 280
524 624 280
120 220 280
540 640 280
276 376 280
63 163 279
314 414 279
421 521 279
560 660 278
270 370 278
386 486 278
149 249 278
588 688 278
541 641 277
188 288 277
75 175 277
397 497 277
548 648 276
528 628 276
453 553 276
348 448 275
233 333 275
617 717 275
551 651 275
232 332 275
449 549 275
103 203 275
398 498 274
24 124 274
406 506 274
585 685 274
472 572 274
450 550 274
179 279 274
489 589 274
487 587 273
27 127 273
286 386 273
294 394 273
562 662 273
495 595 273
371 471 272
304 404 272
32 132 272
606 706 272
403 503 272
42 142 272
513 613 272
486 586 272
269 369 272
500 600 271
607 707 271
40 140 271
428 528 270
434 534 270
269 369 270
462 562 270
583 683 270
549 649 270
282 382 270
91 191 270
601 701 270
277 377 270
549 649 270
75 175 269
52 152 269
525 625 269
322 422 269
498 598 268
124 224 268
316 416 268
142 242 267
400 500 267
602 702 267
33 133 266
265 365 266
424 524 266
199 299 266
102 202 266
510 610 265
353 453 265
484 584 265
58 158 264
575 675 264
511 611 264
329 429 264
366 466 264
403 503 264
469 569 263
522 622 263
572 672 263
400 500 263
383 483 263
566 666 263
202 302 263
478 578 263
235 335 263
592 692 263
183 283 262
582 682 262
139 239 262
304 404 262
199 299 262
15 115 262
397 497 261
579 679 261
533 633 261
604 704 261
598 698 260
470 570 260
22 122 260
397 497 260
566 666 260
76 176 259
337 437 259
461 561 259
584 684 259
212 312 259
172 272 259
440 540 259
598 698 259
604 704 259
536 636 259
555 655 259
423 523 259
16 116 259
315 415 259
51 151 259
506 606 258
104 204 258
592 692 258
339 439 258
545 645 258
616 716 257
601 701 257
610 710 257
632 732 257
250 350 257
545 645 257
421 521 257
348 448 256
202 302 256
555 655 256
270 370 256
135 235 256
318 418 255
533 633 255
398 498 255
611 711 255
259 359 255
106 206 255
118 218 254
93 193 254
620 720 254
97 197 254
157 257 254
67 167 254
567 667 254
553 653 253
592 692 253
190 290 253
129 229 253
580 680 252
551 651 252
92 192 252
610 710 251
270 370 251
605 705 251
244 344 251
469 569 251
641 741 250
579 679 250
184 284 250
477 577 250
295 395 250
172 272 250
602 702 250
644 744 249
527 627 249
644 744 249
314 414 249
522 622 248
370 470 248
425 525 248
592 692 248
606 706 248
85 185 248
133 233 248
152 252 248
413 513 248
62 162 248
532 632 248
477 577 248
256 356 247
344 444 247
361 461 247
323 423 247
177 277 247
531 631 247
519 619 247
543 643 247
410 510 246
291 391 246
607 707 246
141 241 246
486 586 246
626 726 246
256 356 246
492 592 245
82 182 245
599 699 245
69 169 245
429 529 244
502 602 244
376 476 244
35 135 244
292 392 244
554 654 243
374 474 243
616 716 243
315 415 243
286 386 243
614 714 243
335 435 242
535 635 242
272 372 242
284 384 242
240 340 242
496 596 241
76 176 241
492 592 241
546 646 241
329 429 240
587 687 240
490 590 240
602 702 240
220 320 240
615 715 240
511 611 240
638 738 240
295 395 240
335 435 240
576 676 239
81 181 239
288 388 239
5 105 239
631 731 239
31 131 239
325 425 238
521 621 238
52 152 238
505 605 238
616 716 238
604 704 237
371 471 237
423 523 237
467 567 237
646 746 237
515 615 237
542 642 236
501 601 236
635 735 236
658 758 236
462 562 236
434 534 236
302 402 236
343 443 236
530 630 235
532 632 235
208 308 235
650 750 235
614 714 235
471 571 235
665 765 234
422 522 234
382 482 234
253 353 234
495 595 234
643 743 234
151 251 234
590 690 234
609 709 234
90 190 233
500 600 233
311 411 233
221 321 233
165 265 233
513 613 232
463 563 232
309 409 232
26 126 232
467 567 232
48 148 232
571 671 232
612 712 232
321 421 231
390 490 231
460 560 231
18 118 231
613 713 230
10 110 230
666 766 230
212 312 230
193 293 230
531 631 230
635 735 230
560 660 230
510 610 230
518 618 229
626 726 229
402 502 229
664 764 229
639 739 229
301 401 229
128 228 229
431 531 229
658 758 228
350 450 228
274 374 228
397 497 228
67 167 228
371 471 228
496 596 228
12 112 228
519 619 227
606 706 227
105 205 227
76 176 227
110 210 227
481 581 227
18 118 227
361 461 227
624 724 226
448 548 226
371 471 226
506 606 225
619 719 225
374 474 225
165 265 225
540 640 225
565 665 225
433 533 225
660 760 225
454 554 224
387 487 224
124 224 224
94 194 224
466 566 224
468 568 224
482 582 224
477 577 224
542 642 224
403 503 224
252 352 224
365 465 224
258 358 224
604 704 224
517 617 224
572 672 223
450 550 223
646 746 223
520 620 223
382 482 223
146 246 223
382 482 223
424 524 223
433 533 222
449 549 222
596 696 222
382 482 221
632 732 221
191 291 221
364 464 221
647 747 221
498 598 221
446 546 221
469 569 221
567 667 221
619 719 221
435 535 220
156 256 220
429 529 220
624 724 220
399 499 220
15 115 220
395 495 220
460 560 220
430 530 219
261 361 219
627 727 219
641 741 219
126 226 218
569 669 218
171 271 218
666 766 218
261 361 218
483 583 218
517 617 218
488 588 218
618 718 218
164 264 218
531 631 217
482 582 217
238 338 217
50 150 217
514 614 217
130 230 217
420 520 216
13 113 216
537 637 216
657 757 216
476 576 216
459 559 216
664 764 216
315 415 216
463 563 215
309 409 215
633 733 215
508 608 214
162 262 214
607 707 214
579 679 214
517 617 214
547 647 214
545 645 213
594 694 213
572 672 213
644 744 213
678 778 212
548 648 212
317 417 212
280 380 212
59 159 212
231 331 212
539 639 212
561 661 212
393 493 212
596 696 211
558 658 211
254 354 211
452 552 211
527 627 211
650 750 211
321 421 211
323 423 211
311 411 211
652 752 211
595 695 211
626 726 211
646 746 211
529 629 211
345 445 211
462 562 211
667 767 210
515 615 210
103 203 210
638 738 210
197 297 210
682 782 210
620 720 210
139 239 210
179 279 210
340 440 210
225 325 210
523 623 210
530 630 209
440 540 209
461 561 209
158 258 209
422 522 209
23 123 209
669 769 209
590 690 209
689 789 208
196 296 208
460 560 208
113 213 208
264 364 208
614 714 208
142 242 208
398 498 208
328 428 207
479 579 207
632 732 207
589 689 207
431 531 207
674 774 207
330 430 207
588 688 207
483 583 206
619 719 206
558 658 206
604 704 206
510 610 206
396 496 206
671 771 205
523 623 205
468 568 205
182 282 205
621 721 205
384 484 205
652 752 205
252 352 205
413 513 205
106 206 204
80 180 204
628 728 204
30 130 204
587 687 204
652 752 204
161 261 204
358 458 204
691 791 203
195 295 203
617 717 203
249 349 203
221 321 203
509 609 203
604 704 203
100 200 203
548 648 202
566 666 202
309 409 202
509 609 202
45 145 202
504 604 202
389 489 202
679 779 202
509 609 201
139 239 201
281 381 201
404 504 201
604 704 201
585 685 201
612 712 201
63 163 201
695 795 201
560 660 201
622 722 200
688 788 200
188 288 200
681 781 200
604 704 200
669 769 200
572 672 200
531 631 200
568 668 200
148 248 200
192 292 200
472 572 200
682 782 200
644 744 199
476 576 199
604 704 199
480 580 199
206 306 199
489 589 199
132 232 199
670 770 198
47 147 198
476 576 198
512 612 197
627 727 197
484 584 197
422 522 197
564 664 197
334 434 196
388 488 196
660 760 196
398 498 196
678 778 196
386 486 196
394 494 195
135 235 195
687 787 195
411 511 195
455 555 195
628 728 195
323 423 195
473 573 195
619 719 194
153 253 194
644 744 194
690 790 194
602 702 194
652 752 193
643 743 193
700 800 193
399 499 193
621 721 192
663 763 192
363 463 192
80 180 192
696 796 192
637 737 192
682 782 192
690 790 192
493 593 192
702 802 192
496 596 192
703 803 192
475 575 192
631 731 192
323 423 191
614 714 191
27 127 191
654 754 191
560 660 190
130 230 190
552 652 190
394 494 190
706 806 190
240 340 190
536 636 189
548 648 189
48 148 189
527 627 189
542 642 189
643 743 189
661 761 189
487 587 189
700 800 189
363 463 188
709 809 188
429 529 188
186 286 188
371 471 188
361 461 188
297 397 188
317 417 187
686 786 187
605 705 187
314 414 187
683 783 187
582 682 187
249 349 187
449 549 187
295 395 187
425 525 187
427 527 187
79 179 186
475 575 186
65 165 186
624 724 186
652 752 186
647 747 186
73 173 186
473 573 186
51 151 185
221 321 185
655 755 185
447 547 185
697 797 185
372 472 185
570 670 185
496 596 185
170 270 185
704 804 184
255 355 184
559 659 184
578 678 184
556 656 184
660 760 184
685 785 184
550 650 184
475 575 184
615 715 183
591 691 183
294 394 183
93 193 183
632 732 183
633 733 183
623 723 183
338 438 182
124 224 182
677 777 182
59 159 182
367 467 182
708 808 182
242 342 182
440 540 182
202 302 182
679 779 182
564 664 182
596 696 182
712 812 181
142 242 181
427 527 181
108 208 181
440 540 181
611 711 181
694 794 180
43 143 180
698 798 180
572 672 180
481 581 180
684 784 180
472 572 180
593 693 180
559 659 179
697 797 179
177 277 179
300 400 179
659 759 179
711 811 179
649 749 179
500 600 179
693 793 179
518 618 179
613 713 179
656 756 179
557 657 179
680 780 179
480 580 178
282 382 178
270 370 178
456 556 178
716 816 178
620 720 178
507 607 178
381 481 178
9 109 178
490 590 177
574 674 177
677 777 177
649 749 177
381 481 177
658 758 177
662 762 177
417 517 176
20 120 176
276 376 176
365 465 176
456 556 176
539 639 176
537 637 176
426 526 176
651 751 175
509 609 175
632 732 175
556 656 175
172 272 175
601 701 175
441 541 175
529 629 174
504 604 174
332 432 174
379 479 174
567 667 174
612 712 174
362 462 174
680 780 174
622 722 173
389 489 173
263 363 173
606 706 173
77 177 173
668 768 173
503 603 173
532 632 173
422 522 172
353 453 172
572 672 172
368 468 172
718 818 172
634 734 172
627 727 172
595 695 172
690 790 171
634 734 171
686 786 171
703 803 171
281 381 171
303 403 171
568 668 171
728 828 171
688 788 171
644 744 171
583 683 171
568 668 171
715 815 171
348 448 170
371 471 170
501 601 170
298 398 170
276 376 170
186 286 170
6 106 169
643 743 169
428 528 169
655 755 169
482 582 169
668 768 169
324 424 169
627 727 169
369 469 169
254 354 169
517 617 168
709 809 168
280 380 168
240 340 168
577 677 168
682 782 168
351 451 168
687 787 168
197 297 168
446 546 167
369 469 167
490 590 167
145 245 167
185 285 167
337 437 167
558 658 166
512 612 166
711 811 166
505 605 166
582 682 166
640 740 166
94 194 166
37 137 166
624 724 166
492 592 166
467 567 166
76 176 165
590 690 165
692 792 165
662 762 165
501 601 165
692 792 165
354 454 164
211 311 164
635 735 164
605 705 164
476 576 164
426 526 164
683 783 164
47 147 164
448 548 164
719 819 164
461 561 164
478 578 163
551 651 163
163 263 163
530 630 163
565 665 162
131 231 162
553 653 162
691 791 162
429 529 162
411 511 162
630 730 161
185 285 161
719 819 161
439 539 161
548 648 161
190 290 161
516 616 161
369 469 161
520 620 160
105 205 160
259 359 160
212 312 160
721 821 159
672 772 159
574 674 159
665 765 159
297 397 158
642 742 158
552 652 158
368 468 158
348 448 158
546 646 158
639 739 158
689 789 157
147 247 157
298 398 157
696 796 157
552 652 157
50 150 157
650 750 157
361 461 157
728 828 157
339 439 156
599 699 156
366 466 156
478 578 156
109 209 156
709 809 156
120 220 156
683 783 156
726 826 155
564 664 155
658 758 155
368 468 155
593 693 155
660 760 155
199 299 155
422 522 155
483 583 155
6 106 155
521 621 155
614 714 154
661 761 154
672 772 154
46 146 154
702 802 154
413 513 154
588 688 153
707 807 153
540 640 153
230 330 153
441 541 153
473 573 153
490 590 153
9 109 153
237 337 153
572 672 152
668 768 152
670 770 152
365 465 152
675 775 152
665 765 152
595 695 152
361 461 152
384 484 152
473 573 152
743 843 151
587 687 151
731 831 151
645 745 151
713 813 151
547 647 151
77 177 151
263 363 151
326 426 151
342 442 151
572 672 151
629 729 151
640 740 151
708 808 150
739 839 150
5 105 150
708 808 150
379 479 150
712 812 150
97 197 150
549 649 150
659 759 150
487 587 149
349 449 149
398 498 149
562 662 149
543 643 149
34 134 149
677 777 149
600 700 149
297 397 149
121 221 149
165 265 149
471 571 149
656 756 148
561 661 148
670 770 148
281 381 148
635 735 148
49 149 148
542 642 147
698 798 147
608 708 147
575 675 147
672 772 147
574 674 147
699 799 146
727 827 146
720 820 146
551 651 146
746 846 146
583 683 146
641 741 146
747 847 145
622 722 145
628 728 145
498 598 145
430 530 145
593 693 145
676 776 145
528 628 145
562 662 145
703 803 144
545 645 144
713 813 144
109 209 144
594 694 144
644 744 144
300 400 144
419 519 144
755 855 144
419 519 144
688 788 144
434 534 144
57 157 144
510 610 143
640 740 143
544 644 143
335 435 143
409 509 143
606 706 143
707 807 143
403 503 143
623 723 143
742 842 142
120 220 142
238 338 142
568 668 142
123 223 142
687 787 142
571 671 142
475 575 142
745 845 142
309 409 142
143 243 142
732 832 142
655 755 142
469 569 141
570 670 141
747 847 141
514 614 141
491 591 141
699 799 141
428 528 141
201 301 141
657 757 140
712 812 140
636 736 140
463 563 140
511 611 140
404 504 140
695 795 140
362 462 140
712 812 140
155 255 140
721 821 140
638 738 139
589 689 139
708 808 139
264 364 139
308 408 139
462 562 139
528 628 139
544 644 139
585 685 139
568 668 139
358 458 139
760 860 138
421 521 138
325 425 138
674 774 138
322 422 138
739 839 138
563 663 138
421 521 138
743 843 138
686 786 138
752 852 137
658 758 137
711 811 137
755 855 137
305 405 137
760 860 137
687 787 137
471 571 136
624 724 136
410 510 136
30 130 136
172 272 136
521 621 136
463 563 135
609 709 135
678 778 135
445 545 135
537 637 135
376 476 135
435 535 135
699 799 134
534 634 134
119 219 134
730 830 134
385 485 134
91 191 134
742 842 134
718 818 134
126 226 134
100 200 133
756 856 133
762 862 133
663 763 133
164 264 133
637 737 133
297 397 133
621 721 133
548 648 133
59 159 133
693 793 133
726 826 132
707 807 132
696 796 132
621 721 132
352 452 131
213 313 131
457 557 131
430 530 131
375 475 131
720 820 131
220 320 131
661 761 131
38 138 131
680 780 130
140 240 130
566 666 130
608 708 130
597 697 130
305 405 130
24 124 130
354 454 130
68 168 130
672 772 129
701 801 129
653 753 129
166 266 129
690 790 129
100 200 129
741 841 129
286 386 129
672 772 129
569 669 129
586 686 128
635 735 128
606 706 128
306 406 128
546 646 128
647 747 128
761 861 128
696 796 128
404 504 128
649 749 128
512 612 128
535 635 127
326 426 127
698 798 127
557 657 127
249 349 127
758 858 127
319 419 127
673 773 127
425 525 127
418 518 127
617 717 126
221 321 126
380 480 126
589 689 126
267 367 126
747 847 126
764 864 126
284 384 126
170 270 126
548 648 125
684 784 125
600 700 125
605 705 125
86 186 125
94 194 125
685 785 125
681 781 124
333 433 124
677 777 124
81 181 124
405 505 124
278 378 124
321 421 124
443 543 124
617 717 124
753 853 124
395 495 124
155 255 124
638 738 123
369 469 123
8 108 123
689 789 123
548 648 123
427 527 123
490 590 123
627 727 123
538 638 123
611 711 123
703 803 123
47 147 123
323 423 123
629 729 123
383 483 122
283 383 122
754 854 122
727 827 122
772 872 122
756 856 122
687 787 122
633 733 122
457 557 122
381 481 121
59 159 121
573 673 121
744 844 121
365 465 121
85 185 121
616 716 121
657 757 121
744 844 121
697 797 120
508 608 120
628 728 120
733 833 120
66 166 120
569 669 120
563 663 120
327 427 120
621 721 120
123 223 120
599 699 120
618 718 119
558 658 119
649 749 119
574 674 119
672 772 119
513 613 119
743 843 119
392 492 119
352 452 119
528 628 118
214 314 118
261 361 118
517 617 118
626 726 118
511 611 118
4 104 118
215 315 118
572 672 117
20 120 117
649 749 117
662 762 117
562 662 117
657 757 117
780 880 117
725 825 117
499 599 117
707 807 117
546 646 117
595 695 116
472 572 116
215 315 116
742 842 116
215 315 116
783 883 116
637 737 116
292 392 116
394 494 116
280 380 116
497 597 116
639 739 116
167 267 116
738 838 115
230 330 115
476 576 115
655 755 115
437 537 115
306 406 115
590 690 115
49 149 115
676 776 115
348 448 115
515 615 115
580 680 115
658 758 115
372 472 114
81 181 114
591 691 114
448 548 114
364 464 114
693 793 114
168 268 114
509 609 114
323 423 114
453 553 113
118 218 113
764 864 113
760 860 113
578 678 113
491 591 113
435 535 113
76 176 113
587 687 113
657 757 113
367 467 112
722 822 112
425 525 112
384 484 112
767 867 112
293 393 112
559 659 112
236 336 112
539 639 112
626 726 111
504 604 111
770 870 111
464 564 111
434 534 111
549 649 111
552 652 111
566 666 110
756 856 110
399 499 110
535 635 110
748 848 110
536 636 110
732 832 110
132 232 109
567 667 109
438 538 109
584 684 109
642 742 109
465 565 109
471 571 109
719 819 109
638 738 109
277 377 108
711 811 108
723 823 108
713 813 108
769 869 108
592 692 108
87 187 108
210 310 108
352 452 108
769 869 108
774 874 108
176 276 108
132 232 108
115 215 107
492 592 107
782 882 107
738 838 107
578 678 106
665 765 106
200 300 106
686 786 106
692 792 106
290 390 106
67 167 106
581 681 106
742 842 106
363 463 106
770 870 106
764 864 105
700 800 105
426 526 105
774 874 105
713 813 105
137 237 105
381 481 105
262 362 104
541 641 104
743 843 104
742 842 104
577 677 104
737 837 104
768 868 104
636 736 104
727 827 104
671 771 104
437 537 104
759 859 104
715 815 103
456 556 103
308 408 103
280 380 103
48 148 103
165 265 103
595 695 103
395 495 103
435 535 102
531 631 102
585 685 102
135 235 102
323 423 102
345 445 102
380 480 102
96 196 102
603 703 102
766 866 102
744 844 102
782 882 102
790 890 102
548 648 101
512 612 101
743 843 101
46 146 101
217 317 101
594 694 101
580 680 101
310 410 101
606 706 101
740 840 100
737 837 100
715 815 100
685 785 100
723 823 100
158 258 100
550 650 100
764 864 100
290 390 100
744 844 100
737 837 100
503 603 100
740 840 100
781 881 100
769 869 100
116 216 99
611 711 99
605 705 99
339 439 99
780 880 99
751 851 99
391 491 99
668 768 99
782 882 99
145 245 99
675 775 99
158 258 98
614 714 98
697 797 98
521 621 98
578 678 98
163 263 98
243 343 98
704 804 98
466 566 98
449 549 97
416 516 97
259 359 97
697 797 97
797 897 97
463 563 97
626 726 97
371 471 97
580 680 97
506 606 97
207 307 96
68 168 96
428 528 96
57 157 96
111 211 96
588 688 96
182 282 96
535 635 96
739 839 95
298 398 95
786 886 95
399 499 95
507 607 95
367 467 95
768 868 95
244 344 95
623 723 95
579 679 95
4 104 95
655 755 95
697 797 95
698 798 95
602 702 94
767 867 94
716 816 94
299 399 94
802 902 94
787 887 94
717 817 94
737 837 94
633 733 94
454 554 94
705 805 93
344 444 93
785 885 93
697 797 93
95 195 93
760 860 93
393 493 93
475 575 93
660 760 93
663 763 92
668 768 92
591 691 92
715 815 92
550 650 92
748 848 92
478 578 92
578 678 92
505 605 91
155 255 91
672 772 91
709 809 91
805 905 90
359 459 91
584 684 91
769 869 91
745 845 91
534 634 91
575 675 91
265 365 91
643 743 91
755 855 90
429 529 90
59 159 90
560 660 90
801 901 90
664 764 90
787 887 90
620 720 90
734 834 90
221 321 90
584 684 90
728 828 90
195 295 90
478 578 90
760 860 90
646 746 90
309 409 90
327 427 89
442 542 89
778 878 89
627 727 89
479 579 89
734 834 89
725 825 89
708 808 89
648 748 88
634 734 88
660 760 88
478 578 88
8 108 88
132 232 88
810 910 81
760 860 88
769 869 88
804 904 87
731 831 87
738 838 87
756 856 87
518 618 87
576 676 87
35 135 87
99 199 87
314 414 87
212 312 87
527 627 87
547 647 87
420 520 87
667 767 86
664 764 86
725 825 86
72 172 86
450 550 86
724 824 86
20 120 86
811 911 79
603 703 86
462 562 86
659 759 86
672 772 86
487 587 86
362 462 85
803 903 85
607 707 85
798 898 85
228 328 85
636 736 85
428 528 85
810 910 81
94 194 85
410 510 85
762 862 84
804 904 84
801 901 84
702 802 84
15 115 84
433 533 84
537 637 84
815 915 72
715 815 84
644 744 84
518 618 84
748 848 83
311 411 83
340 440 83
517 617 83
575 675 83
754 854 83
191 291 83
688 788 83
327 427 83
622 722 83
733 833 83
733 833 83
454 554 83
808 908 83
70 170 83
564 664 83
776 876 83
573 673 83
797 897 82
807 907 82
155 255 82
770 870 82
811 911 79
382 482 82
489 589 82
810 910 81
473 573 82
802 902 82
729 829 82
752 852 81
743 843 81
399 499 81
660 760 81
697 797 81
443 543 81
780 880 81
606 706 81
813 913 75
802 902 81
724 824 81
586 686 81
743 843 80
762 862 80
551 651 80
791 891 80
789 889 80
22 122 80
593 693 80
800 900 80
795 895 80
750 850 80
465 565 80
337 437 80
737 837 80
548 648 80
457 557 79
517 617 79
416 516 79
808 908 79
771 871 79
556 656 79
286 386 79
770 870 79
667 767 79
613 713 79
38 138 79
753 853 78
702 802 78
469 569 78
807 907 78
818 918 67
802 902 78
520 620 77
48 148 77
548 648 77
616 716 77
733 833 77
754 854 77
321 421 76
383 483 76
788 888 76
563 663 76
793 893 76
531 631 76
386 486 76
754 854 76
798 898 76
729 829 76
788 888 75
788 888 75
824 924 57
703 803 75
189 289 75
54 154 75
438 538 75
584 684 75
792 892 75
627 727 75
497 597 75
760 860 75
683 783 74
780 880 74
111 211 74
814 914 73
397 497 74
778 878 74
606 706 74
597 697 74
674 774 74
811 911 74
731 831 74
269 369 74
730 830 74
791 891 74
785 885 74
555 655 73
693 793 73
713 813 73
777 877 73
732 832 73
793 893 73
551 651 73
597 697 73
733 833 73
740 840 73
433 533 73
633 733 73
763 863 72
707 807 72
737 837 72
261 361 72
616 716 72
154 254 72
703 803 72
515 615 72
825 925 56
648 748 72
766 866 72
808 908 71
699 799 71
409 509 71
796 896 71
773 873 71
683 783 71
707 807 71
664 764 71
749 849 71
822 922 60
673 773 71
457 557 71
349 449 70
468 568 70
775 875 70
242 342 70
412 512 70
374 474 70
813 913 70
575 675 70
807 907 70
709 809 70
733 833 70
652 752 70
742 842 69
251 351 69
760 860 69
498 598 69
231 331 69
579 679 69
474 574 69
738 838 69
746 846 69
439 539 69
737 837 69
770 870 68
194 294 68
576 676 68
808 908 68
521 621 68
585 685 68
745 845 68
829 929 50
680 780 67
774 874 67
773 873 67
741 841 67
796 896 67
8 108 67
393 493 67
707 807 67
608 708 67
176 276 67
805 905 67
431 531 67
814 914 67
793 893 67
268 368 67
642 742 67
753 853 66
672 772 66
454 554 66
765 865 66
178 278 66
508 608 66
749 849 66
775 875 66
545 645 66
489 589 66
816 916 66
611 711 66
555 655 66
818 918 66
354 454 66
782 882 65
728 828 65
663 763 65
335 435 65
403 503 65
771 871 65
428 528 65
422 522 65
460 560 65
716 816 65
372 472 65
732 832 65
694 794 65
681 781 65
314 414 64
723 823 64
764 864 64
308 408 64
403 503 64
311 411 64
778 878 64
660 760 64
810 910 64
740 840 64
567 667 64
338 438 64
834 934 43
700 800 63
226 326 63
682 782 63
632 732 63
612 712 63
828 928 51
651 751 63
784 884 63
791 891 63
170 270 62
417 517 62
683 783 62
652 752 62
819 919 62
736 836 62
480 580 62
675 775 62
790 890 62
345 445 62
489 589 62
477 577 62
731 831 62
812 912 62
594 694 62
691 791 61
825 925 56
723 823 61
282 382 61
768 868 61
359 459 61
725 825 60
765 865 60
396 496 60
716 816 60
545 645 60
759 859 60
640 740 60
651 751 60
651 751 60
740 840 60
499 599 60
25 125 60
582 682 60
535 635 60
242 342 60
710 810 60
679 779 60
238 338 60
102 202 59
687 787 59
539 639 59
549 649 59
174 274 59
768 868 59
832 932 46
609 709 59
790 890 59
43 143 59
692 792 58
697 797 58
831 931 47
807 907 58
826 926 54
790 890 58
662 762 58
558 658 58
348 448 58
782 882 58
334 434 58
338 438 58
778 878 58
394 494 58
798 898 58
20 120 58
766 866 58
7 107 58
827 927 53
544 644 58
711 811 58
822 922 57
487 587 57
507 607 57
773 873 57
743 843 57
280 380 57
60 160 57
769 869 57
438 538 57
836 936 40
293 393 57
720 820 57
277 377 57
518 618 57
70 170 56
537 637 56
523 623 56
500 600 56
232 332 56
775 875 56
400 500 56
621 721 56
790 890 56
576 676 56
791 891 56
777 877 56
824 924 56
709 809 55
747 847 55
307 407 55
832 932 46
834 934 43
235 335 55
230 330 55
814 914 55
240 340 55
827 927 53
48 148 55
168 268 55
283 383 55
793 893 55
589 689 54
112 212 54
594 694 54
621 721 54
829 929 50
533 633 54
604 704 54
776 876 54
320 420 54
386 486 54
22 122 54
825 925 54
652 752 54
792 892 54
374 474 54
318 418 54
804 904 54
697 797 54
830 930 49
379 479 53
836 936 40
405 505 53
375 475 53
602 702 53
835 935 42
608 708 53
712 812 53
781 881 53
792 892 53
189 289 53
749 849 53
641 741 53
539 639 53
522 622 52
734 834 52
711 811 52
601 701 52
772 872 52
659 759 52
563 663 52
715 815 52
56 156 52
823 923 52
796 896 52
585 685 52
645 745 52
529 629 52
841 941 34
821 921 51
668 768 51
724 824 51
842 942 33
588 688 51
797 897 50
597 697 50
827 927 50
495 595 50
789 889 50
566 666 50
246 346 50
289 389 50
537 637 50
802 902 50
471 571 50
807 907 50
675 775 50
817 917 50
733 833 49
613 713 49
269 369 49
529 629 49
409 509 49
534 634 49
721 821 49
775 875 49
813 913 49
785 885 49
605 705 49
727 827 48
760 860 48
776 876 48
536 636 48
189 289 48
448 548 48
848 948 27
722 822 48
377 477 48
845 945 30
849 949 26
462 562 48
138 238 48
271 371 48
766 866 48
750 850 47
833 933 44
806 906 47
116 216 47
673 773 47
496 596 47
677 777 47
770 870 47
778 878 47
617 717 47
391 491 47
764 864 47
200 300 47
455 555 47
607 707 47
117 217 46
683 783 46
669 769 46
119 219 46
299 399 46
846 946 29
800 900 46
663 763 46
789 889 46
839 939 37
823 923 46
632 732 46
846 946 29
792 892 46
33 133 46
848 948 27
752 852 45
753 853 45
783 883 45
841 941 34
852 952 23
204 304 45
206 306 45
782 882 45
811 911 45
305 405 45
692 792 45
57 157 45
803 903 45
67 167 45
710 810 45
452 552 44
621 721 44
617 717 44
706 806 44
604 704 44
520 620 44
811 911 44
805 905 44
194 294 44
630 730 44
4 104 44
851 951 24
637 737 44
703 803 44
413 513 44
407 507 44
239 339 44
792 892 43
820 920 43
844 944 31
157 257 43
822 922 43
821 921 43
822 922 43
726 826 43
640 740 43
819 919 43
428 528 43
418 518 43
847 947 28
827 927 43
698 798 43
850 950 25
780 880 43
56 156 43
190 290 43
537 637 42
848 948 27
302 402 42
263 363 42
171 271 42
9 109 42
650 750 42
714 814 42
731 831 42
843 943 32
826 926 42
819 919 41
794 894 41
142 242 41
580 680 41
605 705 41
787 887 41
825 925 41
854 954 21
613 713 41
839 939 37
620 720 41
713 813 41
332 432 41
214 314 41
611 711 41
808 908 40
856 956 19
548 648 40
707 807 40
475 575 40
586 686 40
471 571 40
534 634 40
681 781 40
486 586 40
105 205 40
851 951 24
845 945 30
851 951 24
306 406 40
729 829 39
843 943 32
589 689 39
762 862 39
525 625 39
415 515 39
233 333 39
202 302 39
604 704 39
289 389 39
819 919 39
645 745 39
509 609 39
847 947 28
838 938 38
836 936 38
613 713 38
346 446 38
610 710 38
635 735 38
165 265 38
849 949 26
669 769 38
626 726 38
545 645 37
664 764 37
715 815 37
22 122 37
4 104 37
698 798 37
432 532 37
292 392 37
766 866 37
849 949 26
319 419 37
252 352 37
777 877 37
376 476 37
133 233 37
118 218 37
678 778 37
632 732 36
781 881 36
639 739 36
127 227 36
13 113 36
788 888 36
832 932 36
232 332 36
764 864 36
725 825 36
833 933 36
7 107 36
219 319 36
823 923 36
601 701 36
770 870 36
748 848 36
64 164 36
765 865 35
785 885 35
336 436 35
377 477 35
799 899 35
174 274 35
386 486 35
747 847 35
800 900 35
254 354 35
757 857 35
534 634 35
626 726 35
752 852 35
753 853 35
863 963 13
778 878 35
798 898 35
842 942 33
807 907 35
791 891 35
834 934 35
353 453 35
738 838 35
663 763 35
786 886 34
743 843 34
729 829 34
342 442 34
575 675 34
832 932 34
236 336 34
637 737 34
851 951 24
698 798 34
435 535 34
773 873 34
847 947 28
441 541 34
728 828 34
694 794 34
711 811 34
375 475 33
818 918 33
657 757 33
812 912 33
839 939 33
854 954 21
782 882 33
855 955 20
503 603 33
787 887 33
753 853 33
324 424 33
848 948 27
843 943 32
30 130 33
859 959 16
824 924 32
839 939 32
653 753 32
539 639 32
227 327 32
819 919 32
816 916 32
645 745 32
837 937 32
837 937 32
523 623 32
859 959 16
841 941 31
463 563 31
843 943 31
547 647 31
813 913 31
599 699 31
583 683 31
789 889 31
401 501 31
125 225 31
239 339 31
580 680 31
787 887 31
728 828 31
707 807 31
691 791 31
799 899 31
568 668 30
607 707 30
203 303 30
865 965 12
847 947 28
844 944 30
458 558 30
845 945 30
594 694 30
746 846 30
723 823 30
300 400 30
105 205 30
834 934 30
835 935 30
846 946 29
115 215 29
733 833 29
361 461 29
843 943 29
769 869 29
859 959 16
847 947 28
547 647 29
450 550 29
820 920 29
257 357 29
767 867 29
774 874 29
848 948 27
676 776 28
628 728 28
756 856 28
761 861 28
866 966 11
840 940 28
506 606 28
184 284 28
650 750 28
381 481 28
759 859 28
829 929 28
679 779 28
636 736 27
705 805 27
857 957 18
46 146 27
775 875 27
860 960 16
766 866 27
769 869 27
797 897 27
861 961 15
449 549 27
693 793 27
860 960 16
416 516 27
852 952 23
283 383 27
723 823 26
838 938 26
865 965 12
598 698 26
783 883 26
594 694 26
596 696 26
401 501 26
869 969 9
583 683 26
747 847 26
775 875 26
347 447 26
612 712 26
542 642 26
820 920 26
484 584 25
848 948 25
629 729 25
812 912 25
662 762 25
866 966 11
786 886 25
791 891 25
480 580 25
319 419 25
874 974 6
845 945 25
847 947 25
657 757 25
809 909 25
203 303 25
824 924 25
867 967 10
815 915 25
874 974 6
803 903 25
870 970 9
316 416 24
465 565 24
722 822 24
640 740 24
679 779 24
811 911 24
535 635 24
631 731 24
854 954 21
271 371 24
868 968 10
821 921 24
716 816 24
229 329 24
603 703 24
868 968 10
670 770 24
848 948 24
854 954 21
204 304 24
801 901 24
768 868 24
873 973 7
853 953 22
761 861 24
828 928 24
868 968 10
795 895 23
870 970 9
412 512 23
740 840 23
842 942 23
393 493 23
848 948 23
769 869 23
821 921 23
854 954 21
400 500 23
870 970 9
640 740 23
822 922 23
868 968 10
506 606 23
314 414 22
788 888 22
789 889 22
747 847 22
386 486 22
636 736 22
508 608 22
772 872 22
835 935 22
865 965 12
846 946 22
802 902 22
858 958 17
83 183 21
877 977 5
721 821 21
797 897 21
857 957 18
638 738 21
847 947 21
397 497 21
719 819 21
632 732 21
696 796 21
387 487 21
720 820 21
856 956 19
642 742 21
456 556 20
548 648 20
349 449 20
801 901 20
219 319 20
826 926 20
867 967 10
744 844 20
871 971 8
507 607 20
384 484 20
766 866 20
873 973 7
864 964 12
557 657 20
818 918 20
878 978 4
726 826 20
650 750 20
872 972 7
858 958 17
680 780 20
873 973 7
528 628 20
866 966 11
240 340 19
116 216 19
381 481 19
461 561 19
613 713 19
800 900 19
368 468 19
13 113 19
809 909 19
224 324 19
871 971 8
753 853 19
802 902 19
775 875 19
776 876 19
822 922 19
709 809 19
825 925 19
880 980 4
265 365 19
809 909 19
85 185 19
477 577 19
410 510 19
735 835 19
694 794 19
591 691 19
874 974 6
798 898 18
437 537 18
336 436 18
877 977 5
630 730 18
842 942 18
693 793 18
879 979 4
860 960 16
829 929 18
880 980 4
545 645 18
92 192 18
876 976 5
868 968 10
835 935 18
870 970 9
877 977 5
523 623 18
879 979 4
497 597 18
158 258 18
860 960 16
310 410 17
699 799 17
854 954 17
590 690 17
878 978 4
761 861 17
707 807 17
806 906 17
534 634 17
685 785 17
572 672 17
795 895 17
863 963 13
850 950 17
816 916 17
450 550 17
880 980 4
879 979 4
741 841 16
877 977 5
836 936 16
781 881 16
873 973 7
255 355 16
875 975 6
263 363 16
842 942 16
859 959 16
748 848 16
517 617 16
276 376 16
866 966 11
370 470 16
695 795 16
841 941 16
581 681 16
573 673 16
153 253 16
798 898 16
867 967 10
792 892 15
875 975 6
870 970 9
746 846 15
794 894 15
808 908 15
616 716 15
690 790 15
511 611 15
846 946 15
602 702 15
818 918 15
836 936 15
879 979 4
850 950 15
731 831 15
754 854 14
401 501 14
876 976 5
787 887 14
848 948 14
378 478 14
863 963 13
511 611 14
809 909 14
884 984 2
794 894 14
868 968 10
660 760 14
135 235 14
605 705 14
875 975 6
873 973 7
862 962 14
792 892 14
551 651 13
866 966 11
357 457 13
872 972 7
850 950 13
886 986 1
876 976 5
823 923 13
642 742 13
878 978 4
856 956 13
808 908 13
669 769 13
791 891 13
571 671 13
851 951 13
833 933 13
830 930 13
729 829 13
311 411 12
828 928 12
821 921 12
643 743 12
874 974 6
820 920 12
170 270 12
404 504 12
606 706 12
876 976 5
883 983 2
538 638 12
583 683 12
878 978 4
699 799 12
220 320 12
887 987 1
886 986 1
812 912 12
831 931 12
876 976 5
884 984 2
806 906 12
721 821 11
831 931 11
289 389 11
370 470 11
838 938 11
880 980 4
888 988 1
737 837 11
682 782 11
803 903 11
659 759 11
736 836 11
363 463 11
887 987 1
188 288 11
886 986 1
888 988 1
562 662 11
700 800 11
109 209 11
851 951 10
735 835 10
176 276 10
334 434 10
801 901 10
857 957 10
847 947 10
879 979 4
521 621 10
872 972 7
812 912 10
326 426 10
289 389 10
864 964 10
311 411 10
540 640 10
755 855 10
724 824 10
733 833 10
848 948 10
471 571 10
335 435 10
772 872 10
813 913 10
834 934 9
890 990 1
880 980 4
843 943 9
126 226 9
492 592 9
501 601 9
836 936 9
142 242 9
256 356 9
445 545 9
852 952 9
722 822 9
861 961 9
715 815 9
845 945 9
874 974 6
832 932 9
704 804 8
879 979 4
814 914 8
864 964 8
696 796 8
889 989 1
321 421 8
830 930 8
46 146 8
872 972 7
867 967 8
811 911 8
884 984 2
803 903 8
66 166 8
648 748 8
890 990 1
544 644 8
736 836 8
842 942 8
840 940 8
732 832 8
760 860 8
865 965 8
888 988 1
890 990 1
890 990 1
869 969 7
885 985 2
889 989 1
685 785 7
872 972 7
419 519 7
888 988 1
832 932 7
467 567 7
407 507 7
826 926 7
836 936 7
362 462 7
888 988 1
797 897 7
297 397 6
881 981 3
455 555 6
887 987 1
457 557 6
714 814 6
424 524 6
875 975 6
888 988 1
843 943 6
891 991 0
755 855 6
881 981 3
886 986 1
170 270 6
846 946 6
610 710 6
781 881 6
496 596 6
893 993 0
842 942 5
785 885 5
227 327 5
738 838 5
871 971 5
756 856 5
890 990 1
229 329 5
129 229 5
870 970 5
887 987 1
729 829 5
649 749 5
498 598 5
882 982 3
308 408 5
684 784 5
507 607 5
689 789 5
866 966 5
238 338 5
677 777 5
850 950 5
579 679 4
823 923 4
891 991 0
872 972 4
794 894 4
877 977 4
253 353 4
464 564 4
477 577 4
864 964 4
682 782 4
724 824 4
39 139 4
74 174 4
282 382 4
691 791 4
880 980 4
891 991 0
762 862 4
884 984 2
894 994 0
895 995 0
886 986 1
806 906 4
881 981 3
857 957 4
892 992 0
582 682 4
896 996 0
766 866 3
519 619 3
527 627 3
261 361 3
459 559 3
556 656 3
626 726 3
876 976 3
891 991 0
801 901 3
799 899 3
827 927 3
831 931 3
886 986 1
833 933 3
886 986 1
844 944 3
390 490 3
884 984 2
895 995 0
868 968 3
464 564 3
706 806 3
764 864 3
760 860 3
177 277 3
894 994 0
887 987 1
580 680 3
631 731 3
607 707 3
838 938 3
524 624 3
251 351 2
889 989 1
779 879 2
891 991 0
679 779 2
779 879 2
895 995 0
894 994 0
872 972 2
893 993 0
226 326 2
897 997 0
239 339 2
578 678 2
894 994 0
891 991 0
841 941 2
618 718 2
896 996 0
516 616 2
897 997 0
845 945 2
892 992 0
658 758 2
677 777 2
728 828 2
860 960 2
434 534 2
232 332 1
895 995 0
674 774 1
769 869 1
47 147 1
898 998 0
808 908 1
892 992 0
898 998 0
841 941 1
471 571 1
245 345 1
884 984 1
878 978 1
898 998 0
141 241 1
526 626 1
749 849 1
877 977 1
484 584 1
802 902 1
898 998 0
898 998 0
877 977 1
898 998 0
871 971 1
809 909 1
893 993 0
896 996 0
859 959 1
894 994 0
607 707 1
113 213 1
898 998 0
896 996 0
959 1000 0
888 988 0
944 1000 0
959 1000 0
987 1000 0
870 970 0
930 1000 0
941 1000 0
969 1000 0
980 1000 0
942 1000 0
984 1000 0
992 1000 0
990 1000 0
970 1000 0
971 1000 0
975 1000 0
919 1000 0
955 1000 0
963 1000 0
967 1000 0
916 1000 0
933 1000 0
898 998 0
963 1000 0
921 1000 0
973 1000 0
1000 1000 0
830 930 0
972 1000 0
884 984 0
940 1000 0
962 1000 0
927 1000 0
944 1000 0
986 1000 0
922 1000 0
758 858 0
909 1000 0
941 1000 0
912 1000 0
954 1000 0
913 1000 0
994 1000 0
967 1000 0
906 1000 0
928 1000 0
974 1000 0
961 1000 0
920 1000 0
939 1000 0
911 1000 0
985 1000 0
911 1000 0
967 1000 0
984 1000 0
992 1000 0
993 1000 0
978 1000 0
934 1000 0
944 1000 0
923 1000 0
938 1000 0
919 1000 0
974 1000 0
929 1000 0
945 1000 0
926 1000 0
923 1000 0
910 1000 0
891 991 0
982 1000 0
961 1000 0
976 1000 0
982 1000 0
926 1000 0
968 1000 0
901 1000 0
1000 1000 0
946 1000 0
931 1000 0
971 1000 0
918 1000 0
991 1000 0
943 1000 0
920 1000 0
974 1000 0
990 1000 0
940 1000 0
956 1000 0
920 1000 0
995 1000 0
928 1000 0
914 1000 0
927 1000 0
917 1000 0
908 1000 0
953 1000 0
927 1000 0
938 1000 0
957 1000 0
916 1000 0
924 1000 0
901 1000 0
949 1000 0
967 1000 0
883 983 0
951 1000 0
965 1000 0
935 1000 0
721 821 0
980 1000 0
968 1000 0
984 1000 0
966 1000 0
967 1000 0
878 978 0
908 1000 0
1000 1000 0
931 1000 0
940 1000 0
914 1000 0
968 1000 0
975 1000 0
955 1000 0
972 1000 0
969 1000 0
909 1000 0
994 1000 0
205 305 0
940 1000 0
908 1000 0
961 1000 0
988 1000 0
952 1000 0
906 1000 0
939 1000 0
907 1000 0
991 1000 0
975 1000 0
989 1000 0
942 1000 0
926 1000 0
942 1000 0
969 1000 0
954 1000 0
946 1000 0
968 1000 0
936 1000 0
932 1000 0
892 992 0
899 999 0
950 1000 0
99 199 0
946 1000 0
914 1000 0
949 1000 0
968 1000 0
1000 1000 0
981 1000 0
938 1000 0
842 942 0
925 1000 0
874 974 0
935 1000 0
983 1000 0
902 1000 0
967 1000 0
996 1000 0
977 1000 0
918 1000 0
953 1000 0
950 1000 0
938 1000 0
940 1000 0
968 1000 0
923 1000 0
959 1000 0
957 1000 0
983 1000 0
985 1000 0
910 1000 0
975 1000 0
819 919 0
899 999 0
980 1000 0
943 1000 0
966 1000 0
970 1000 0
987 1000 0
909 1000 0
972 1000 0
941 1000 0
967 1000 0
946 1000 0
932 1000 0
899 999 0
1000 1000 0
940 1000 0
892 992 0
909 1000 0
984 1000 0
915 1000 0
993 1000 0
1000 1000 0
902 1000 0
980 1000 0
902 1000 0
816 916 0
900 1000 0
934 1000 0
935 1000 0
947 1000 0
991 1000 0
953 1000 0
931 1000 0
993 1000 0
909 1000 0
981 1000 0
946 1000 0
946 1000 0
955 1000 0
956 1000 0
921 1000 0
960 1000 0
919 1000 0
992 1000 0
965 1000 0
901 1000 0
933 1000 0
969 1000 0
877 977 0
744 844 0
935 1000 0
964 1000 0
942 1000 0
908 1000 0
986 1000 0
994 1000 0
915 1000 0
921 1000 0
959 1000 0
962 1000 0
921 1000 0
912 1000 0
899 999 0
957 1000 0
961 1000 0
907 1000 0
943 1000 0
968 1000 0
945 1000 0
912 1000 0
835 935 0
996 1000 0
912 1000 0
944 1000 0
950 1000 0
953 1000 0
914 1000 0
924 1000 0
974 1000 0
932 1000 0
630 730 0
842 942 0
967 1000 0
999 1000 0
937 1000 0
947 1000 0
962 1000 0
957 1000 0
992 1000 0
997 1000 0
989 1000 0
937 1000 0
951 1000 0
923 1000 0
979 1000 0
987 1000 0
902 1000 0
908 1000 0
909 1000 0
396 496 0
940 1000 0
946 1000 0
982 1000 0
991 1000 0
928 1000 0
998 1000 0
901 1000 0
927 1000 0
926 1000 0
478 578 0
957 1000 0
963 1000 0
941 1000 0
898 998 0
909 1000 0
935 1000 0
924 1000 0
901 1000 0
914 1000 0
972 1000 0
915 1000 0
996 1000 0
917 1000 0
990 1000 0
916 1000 0
931 1000 0
921 1000 0
906 1000 0
980 1000 0
981 1000 0
912 1000 0
937 1000 0
930 1000 0
903 1000 0
974 1000 0
918 1000 0
962 1000 0
964 1000 0
985 1000 0
968 1000 0
911 1000 0
984 1000 0
951 1000 0
923 1000 0
951 1000 0
900 1000 0
986 1000 0
907 1000 0
945 1000 0
912 1000 0
900 1000 0
945 1000 0
932 1000 0
929 1000 0
955 1000 0
1000 1000 0
952 1000 0
993 1000 0
958 1000 0
951 1000 0
950 1000 0
950 1000 0
886 986 0
905 1000 0
933 1000 0
938 1000 0
910 1000 0
972 1000 0
808 908 0
899 999 0
928 1000 0
935 1000 0
911 1000 0
906 1000 0
949 1000 0
970 1000 0
979 1000 0
912 1000 0
906 1000 0
918 1000 0
966 1000 0
948 1000 0
981 1000 0
859 959 0
945 1000 0
905 1000 0
956 1000 0
921 1000 0
988 1000 0
986 1000 0
907 1000 0
942 1000 0
943 1000 0
930 1000 0
923 1000 0
993 1000 0
906 1000 0
933 1000 0
926 1000 0
936 1000 0
441 541 0
942 1000 0
949 1000 0
941 1000 0
994 1000 0
902 1000 0
922 1000 0
965 1000 0
899 999 0
918 1000 0
930 1000 0
925 1000 0
907 1000 0
963 1000 0
983 1000 0
936 1000 0
952 1000 0
935 1000 0
994 1000 0
917 1000 0
930 1000 0
924 1000 0
909 1000 0
929 1000 0
991 1000 0
944 1000 0
945 1000 0
820 920 0
977 1000 0
913 1000 0
894 994 0
941 1000 0
927 1000 0
969 1000 0
915 1000 0
933 1000 0
901 1000 0
982 1000 0
980 1000 0
944 1000 0
887 987 0
999 1000 0
975 1000 0
977 1000 0
995 1000 0
934 1000 0
994 1000 0
979 1000 0
779 879 0
154 254 0
949 1000 0
937 1000 0
929 1000 0
975 1000 0
957 1000 0
881 981 0
932 1000 0
982 1000 0
922 1000 0
946 1000 0
903 1000 0
901 1000 0
999 1000 0
948 1000 0
1000 1000 0
987 1000 0
987 1000 0
905 1000 0
904 1000 0
934 1000 0
992 1000 0
976 1000 0
906 1000 0
922 1000 0
961 1000 0
946 1000 0
901 1000 0
929 1000 0
925 1000 0
964 1000 0
943 1000 0
969 1000 0
905 1000 0
956 1000 0
907 1000 0
900 1000 0
991 1000 0
921 1000 0
999 1000 0
929 1000 0
941 1000 0
985 1000 0
935 1000 0
941 1000 0
954 1000 0
946 1000 0
681 781 0
929 1000 0
91 191 0
953 1000 0
969 1000 0
948 1000 0
941 1000 0
954 1000 0
930 1000 0
960 1000 0
905 1000 0
968 1000 0
968 1000 0
902 1000 0
944 1000 0
903 1000 0
1000 1000 0
932 1000 0
987 1000 0
968 1000 0
974 1000 0
916 1000 0
901 1000 0
907 1000 0
914 1000 0
977 1000 0
935 1000 0
937 1000 0
933 1000 0
915 1000 0
965 1000 0
952 1000 0
978 1000 0
953 1000 0
905 1000 0
999 1000 0
906 1000 0
961 1000 0
997 1000 0
924 1000 0
979 1000 0
954 1000 0
994 1000 0
982 1000 0
989 1000 0
930 1000 0
982 1000 0
982 1000 0
901 1000 0
930 1000 0
918 1000 0
935 1000 0
920 1000 0
946 1000 0
899 999 0
913 1000 0
989 1000 0
984 1000 0
975 1000 0
922 1000 0
969 1000 0
956 1000 0
978 1000 0
914 1000 0
944 1000 0
984 1000 0
907 1000 0
912 1000 0
995 1000 0
912 1000 0
921 1000 0
973 1000 0
955 1000 0
769 869 0
961 1000 0
954 1000 0
908 1000 0
911 1000 0
953 1000 0
972 1000 0
