1000 100 4.3589
11 1 98
15 5 90
12 2 89
19 9 82
16 6 88
17 7 86
16 6 86
15 5 85
20 10 81
21 11 79
21 11 79
22 12 77
11 1 83
21 11 79
22 12 77
21 11 79
11 1 81
24 14 73
20 10 80
27 17 68
23 13 75
14 4 77
18 8 76
31 21 62
34 24 57
18 8 75
26 16 70
15 5 74
19 9 74
29 19 65
11 1 73
30 20 64
22 12 73
35 25 56
31 21 62
25 15 72
33 23 59
17 7 71
34 24 57
30 20 64
33 23 59
39 29 50
33 23 59
14 4 69
39 29 50
13 3 68
18 8 68
21 11 68
23 13 68
22 12 67
27 17 67
40 30 49
35 25 56
11 1 65
37 27 53
44 34 43
40 30 49
38 28 51
23 13 64
37 27 53
45 35 42
13 3 64
28 18 64
37 27 53
27 17 63
42 32 46
37 27 53
17 7 62
41 31 47
31 21 62
47 37 39
18 8 62
36 26 54
13 3 61
44 34 43
37 27 53
34 24 57
49 39 37
38 28 51
43 33 44
33 23 59
48 38 38
38 28 51
12 2 60
45 35 42
38 28 51
15 5 59
39 29 50
14 4 59
23 13 59
44 34 43
43 33 44
11 1 58
19 9 58
38 28 51
25 15 58
50 40 36
50 40 36
13 3 58
41 31 47
34 24 57
42 32 46
48 38 38
47 37 39
31 21 58
36 26 54
51 41 34
23 13 57
48 38 38
33 23 56
31 21 56
45 35 42
29 19 56
36 26 54
48 38 38
41 31 47
27 17 55
19 9 55
29 19 55
31 21 55
30 20 55
54 44 31
24 14 54
17 7 54
46 36 40
36 26 53
28 18 53
52 42 33
48 38 38
18 8 53
18 8 53
49 39 37
37 27 52
17 7 52
25 15 52
40 30 49
31 21 51
50 40 36
46 36 40
54 44 31
54 44 31
14 4 51
12 2 50
58 48 27
50 40 36
25 15 50
30 20 50
27 17 50
27 17 50
55 45 30
41 31 47
39 29 49
59 49 26
52 42 33
33 23 49
33 23 49
60 50 25
36 26 48
18 8 48
33 23 48
58 48 27
28 18 48
45 35 42
26 16 48
35 25 48
57 47 28
54 44 31
47 37 39
60 50 25
12 2 47
42 32 46
45 35 42
37 27 47
18 8 47
12 2 47
56 46 29
20 10 46
30 20 46
54 44 31
14 4 46
14 4 46
36 26 46
56 46 29
15 5 45
55 45 30
55 45 30
36 26 45
56 46 29
63 53 22
45 35 42
61 51 24
37 27 45
61 51 24
48 38 38
47 37 39
30 20 44
49 39 37
44 34 43
18 8 43
42 32 43
41 31 43
53 43 32
65 55 20
12 2 43
31 21 43
32 22 43
55 45 30
51 41 34
56 46 29
48 38 38
62 52 23
45 35 42
16 6 42
35 25 42
63 53 22
34 24 42
51 41 34
41 31 42
27 17 41
43 33 41
34 24 41
12 2 41
64 54 21
55 45 30
64 54 21
36 26 40
34 24 40
59 49 26
17 7 40
20 10 40
41 31 40
34 24 40
34 24 40
70 60 16
70 60 16
45 35 39
65 55 20
69 59 16
32 22 39
40 30 39
18 8 38
47 37 38
40 30 38
70 60 16
58 48 27
61 51 24
26 16 38
69 59 16
38 28 38
48 38 37
56 46 29
49 39 37
53 43 32
44 34 37
58 48 27
14 4 37
20 10 36
66 56 19
32 22 36
34 24 36
60 50 25
44 34 36
71 61 15
32 22 35
22 12 35
63 53 22
68 58 17
61 51 24
55 45 30
12 2 34
59 49 26
69 59 16
17 7 34
71 61 15
65 55 20
72 62 14
35 25 34
69 59 16
66 56 19
27 17 33
26 16 33
54 44 31
58 48 27
32 22 33
75 65 12
47 37 33
41 31 33
58 48 27
65 55 20
71 61 15
52 42 32
30 20 32
39 29 32
52 42 32
51 41 32
77 67 10
77 67 10
65 55 20
62 52 23
19 9 32
50 40 32
65 55 20
48 38 31
63 53 22
15 5 31
46 36 31
76 66 11
52 42 31
68 58 17
51 41 31
31 21 31
25 15 31
68 58 17
76 66 11
62 52 23
62 52 23
72 62 14
48 38 30
53 43 30
34 24 30
13 3 30
62 52 23
78 68 10
74 64 12
11 1 30
56 46 29
69 59 16
53 43 29
68 58 17
22 12 29
45 35 29
59 49 26
42 32 29
51 41 29
63 53 22
55 45 29
55 45 29
50 40 29
48 38 28
50 40 28
24 14 28
34 24 28
47 37 28
80 70 9
71 61 15
80 70 9
80 70 9
48 38 27
70 60 16
60 50 25
40 30 27
48 38 27
43 33 27
70 60 16
68 58 17
39 29 27
68 58 17
59 49 26
27 17 27
80 70 9
76 66 11
80 70 9
82 72 7
58 48 26
54 44 26
50 40 26
74 64 12
60 50 25
34 24 26
59 49 26
83 73 7
79 69 9
66 56 19
52 42 26
48 38 26
61 51 24
76 66 11
11 1 26
43 33 26
70 60 16
79 69 9
14 4 25
62 52 23
68 58 17
84 74 6
72 62 14
73 63 13
68 58 17
41 31 25
84 74 6
29 19 25
12 2 25
26 16 25
50 40 25
82 72 7
20 10 25
36 26 25
56 46 24
77 67 10
85 75 6
38 28 24
47 37 24
63 53 22
72 62 14
20 10 24
75 65 12
74 64 12
32 22 23
79 69 9
75 65 12
78 68 10
82 72 7
41 31 23
28 18 23
17 7 23
72 62 14
29 19 23
74 64 12
27 17 23
55 45 23
72 62 14
53 43 23
62 52 23
39 29 23
85 75 6
60 50 23
15 5 22
74 64 12
87 77 5
18 8 22
11 1 22
53 43 22
43 33 22
58 48 22
82 72 7
77 67 10
19 9 22
63 53 22
81 71 8
42 32 22
57 47 21
51 41 21
13 3 21
58 48 21
41 31 21
75 65 12
63 53 21
14 4 21
16 6 21
35 25 21
88 78 4
72 62 14
72 62 14
57 47 21
87 77 5
49 39 21
74 64 12
66 56 19
75 65 12
74 64 12
35 25 20
31 21 20
35 25 20
77 67 10
47 37 20
79 69 9
46 36 20
37 27 20
81 71 8
81 71 8
37 27 20
70 60 16
38 28 20
56 46 20
70 60 16
76 66 11
41 31 19
87 77 5
44 34 19
60 50 19
45 35 19
45 35 19
89 79 4
84 74 6
79 69 9
50 40 19
65 55 19
30 20 19
82 72 7
87 77 5
77 67 10
75 65 12
66 56 19
63 53 19
76 66 11
68 58 17
84 74 6
82 72 7
54 44 18
69 59 16
55 45 18
79 69 9
46 36 18
85 75 6
56 46 18
17 7 18
64 54 18
71 61 15
31 21 18
84 74 6
78 68 10
70 60 16
76 66 11
29 19 18
67 57 18
21 11 17
24 14 17
70 60 16
29 19 17
24 14 17
63 53 17
83 73 7
28 18 17
79 69 9
38 28 17
88 78 4
36 26 17
74 64 12
20 10 17
12 2 17
37 27 17
69 59 16
88 78 4
35 25 16
93 83 2
24 14 16
38 28 16
39 29 16
45 35 16
87 77 5
53 43 16
15 5 16
67 57 16
87 77 5
77 67 10
36 26 16
89 79 4
83 73 7
88 78 4
76 66 11
32 22 15
91 81 3
42 32 15
61 51 15
55 45 15
41 31 15
86 76 5
71 61 15
72 62 14
58 48 15
66 56 15
81 71 8
52 42 14
84 74 6
88 78 4
61 51 14
78 68 10
45 35 14
52 42 14
88 78 4
32 22 14
90 80 4
86 76 5
87 77 5
81 71 8
40 30 14
25 15 14
69 59 14
89 79 4
12 2 13
44 34 13
44 34 13
49 39 13
76 66 11
90 80 4
56 46 13
54 44 13
28 18 13
82 72 7
95 85 2
53 43 13
60 50 13
69 59 13
85 75 6
78 68 10
86 76 5
76 66 11
79 69 9
94 84 2
69 59 13
63 53 13
47 37 12
35 25 12
88 78 4
47 37 12
66 56 12
81 71 8
68 58 12
84 74 6
77 67 10
69 59 12
91 81 3
83 73 7
52 42 12
87 77 5
89 79 4
29 19 12
75 65 12
60 50 12
96 86 1
75 65 12
81 71 8
94 84 2
81 71 8
14 4 11
76 66 11
40 30 11
48 38 11
17 7 11
91 81 3
77 67 10
51 41 11
93 83 2
63 53 11
74 64 11
95 85 2
75 65 11
77 67 10
55 45 11
54 44 11
79 69 9
43 33 11
27 17 11
54 44 11
69 59 11
55 45 11
98 88 1
88 78 4
90 80 4
97 87 1
78 68 10
12 2 11
85 75 6
76 66 11
56 46 10
98 88 1
96 86 1
90 80 4
27 17 10
62 52 10
90 80 4
55 45 10
84 74 6
65 55 10
98 88 1
61 51 10
52 42 10
38 28 10
76 66 10
52 42 10
85 75 6
90 80 4
23 13 9
89 79 4
17 7 9
100 90 1
50 40 9
98 88 1
94 84 2
70 60 9
37 27 9
97 87 1
97 87 1
96 86 1
99 89 1
75 65 9
42 32 9
46 36 9
95 85 2
96 86 1
83 73 7
11 1 9
37 27 9
95 85 2
31 21 8
96 86 1
99 89 1
101 91 0
97 87 1
73 63 8
94 84 2
72 62 8
73 63 8
100 90 1
83 73 7
78 68 8
100 90 1
87 77 5
58 48 8
91 81 3
39 29 8
74 64 8
89 79 4
75 65 8
66 56 8
82 72 7
97 87 1
85 75 6
101 91 0
14 4 8
46 36 8
40 30 8
98 88 1
71 61 7
39 29 7
100 90 1
100 90 1
92 82 3
46 36 7
50 40 7
85 75 6
96 86 1
71 61 7
78 68 7
53 43 7
100 90 1
84 74 6
13 3 7
90 80 4
67 57 7
100 90 1
100 90 1
87 77 5
95 85 2
56 46 7
58 48 7
91 81 3
65 55 7
101 91 0
93 83 2
87 77 5
89 79 4
54 44 6
91 81 3
85 75 6
50 40 6
84 74 6
24 14 6
52 42 6
81 71 6
103 93 0
54 44 6
24 14 6
36 26 6
51 41 6
102 92 0
99 89 1
102 92 0
74 64 6
103 93 0
102 92 0
71 61 6
97 87 1
79 69 6
102 92 0
97 87 1
98 88 1
98 88 1
76 66 6
102 92 0
95 85 2
91 81 3
90 80 4
59 49 6
79 69 6
29 19 5
97 87 1
80 70 5
28 18 5
68 58 5
103 93 0
103 93 0
36 26 5
41 31 5
89 79 4
94 84 2
14 4 5
83 73 5
73 63 5
103 93 0
103 93 0
95 85 2
60 50 5
82 72 5
102 92 0
90 80 4
102 92 0
100 90 1
15 5 5
55 45 4
54 44 4
95 85 2
22 12 4
99 89 1
81 71 4
66 56 4
81 71 4
50 40 4
68 58 4
27 17 4
95 85 2
13 3 4
105 95 0
35 25 4
100 90 1
56 46 4
100 90 1
33 23 4
98 88 1
105 95 0
96 86 1
24 14 4
103 93 0
20 10 4
65 55 4
11 1 4
101 91 0
62 52 4
98 88 1
73 63 3
106 96 0
79 69 3
28 18 3
86 76 3
25 15 3
104 94 0
67 57 3
105 95 0
89 79 3
42 32 3
90 80 3
103 93 0
98 88 1
98 88 1
91 81 3
87 77 3
95 85 2
37 27 3
42 32 3
101 91 0
102 92 0
106 96 0
104 94 0
93 83 2
99 89 1
107 97 0
93 83 2
70 60 2
28 18 2
33 23 2
107 97 0
28 18 2
106 96 0
90 80 2
104 94 0
23 13 2
47 37 2
71 61 2
59 49 2
107 97 0
106 96 0
98 88 1
107 97 0
61 51 2
74 64 2
95 85 2
107 97 0
94 84 2
16 6 2
102 92 0
34 24 2
58 48 2
105 95 0
96 86 1
85 75 2
64 54 2
87 77 2
107 97 0
83 73 2
106 96 0
105 95 0
28 18 2
104 94 0
106 96 0
104 94 0
89 79 2
24 14 2
106 96 0
36 26 2
58 48 1
108 98 0
54 44 1
102 92 0
107 97 0
93 83 1
108 98 0
35 25 1
108 98 0
97 87 1
51 41 1
67 57 1
105 95 0
65 55 1
29 19 1
37 27 1
88 78 1
65 55 1
106 96 0
42 32 1
23 13 1
108 98 0
103 93 0
85 75 1
107 97 0
55 45 1
97 87 1
104 94 0
103 93 0
91 81 1
57 47 1
100 90 1
69 59 1
103 93 0
76 66 1
106 96 0
91 81 0
110 100 0
88 78 0
109 99 0
98 88 0
110 100 0
110 100 0
109 99 0
106 96 0
109 99 0
110 100 0
106 96 0
81 71 0
110 100 0
103 93 0
105 95 0
109 99 0
107 97 0
109 99 0
109 99 0
106 96 0
110 100 0
109 99 0
109 99 0
89 79 0
74 64 0
87 77 0
107 97 0
90 80 0
85 75 0
109 99 0
77 67 0
97 87 0
110 100 0
95 85 0
93 83 0
109 99 0
85 75 0
109 99 0
41 31 0
88 78 0
108 98 0
88 78 0
32 22 0
108 98 0
109 99 0
109 99 0
110 100 0
12 2 0
105 95 0
109 99 0
96 86 0
103 93 0
109 99 0
81 71 0
