500 100 4.3589
1 11 79
4 14 73
3 13 75
5 15 72
1 11 79
5 15 72
5 15 72
5 15 72
2 12 75
9 19 65
3 13 73
16 26 54
15 25 56
4 14 71
9 19 65
19 29 50
12 22 60
17 27 53
14 24 57
1 11 68
18 28 51
13 23 59
17 27 53
19 29 50
21 31 47
6 16 64
12 22 60
24 34 43
25 35 42
21 31 47
19 29 50
13 23 59
8 18 59
27 37 39
31 41 34
24 34 43
22 32 46
11 21 57
23 33 44
18 28 51
30 40 36
22 32 46
21 31 47
10 20 55
4 14 53
18 28 51
27 37 39
14 24 52
33 43 32
5 15 52
15 25 52
3 13 51
36 46 29
24 34 43
6 16 49
8 18 49
22 32 46
14 24 48
22 32 46
29 39 37
28 38 38
8 18 47
36 46 29
37 47 28
18 28 46
35 45 30
18 28 45
20 30 45
32 42 33
28 38 38
22 32 44
24 34 43
33 43 32
28 38 38
35 45 30
31 41 34
33 43 32
20 30 42
39 49 26
38 48 27
46 56 19
28 38 38
2 12 41
34 44 31
35 45 30
33 43 32
36 46 29
45 55 20
21 31 39
38 48 27
21 31 39
8 18 39
25 35 38
51 61 15
30 40 36
42 52 23
23 33 37
44 54 21
53 63 13
20 30 36
17 27 35
17 27 35
25 35 35
12 22 35
20 30 35
34 44 31
11 21 34
24 34 34
42 52 23
54 64 12
47 57 18
31 41 34
27 37 34
54 64 12
51 61 15
20 30 33
46 56 19
26 36 32
3 13 32
52 62 14
12 22 32
37 47 28
58 68 10
55 65 12
28 38 31
30 40 31
17 27 31
54 64 12
56 66 11
50 60 16
57 67 10
42 52 23
36 46 29
25 35 29
5 15 29
61 71 8
58 68 10
15 25 28
40 50 25
35 45 28
28 38 28
61 71 8
50 60 16
1 11 27
57 67 10
59 69 9
9 19 27
40 50 25
14 24 26
46 56 19
50 60 16
54 64 12
62 72 7
62 72 7
15 25 25
51 61 15
25 35 25
54 64 12
49 59 16
54 64 12
59 69 9
30 40 24
57 67 10
21 31 23
36 46 23
44 54 21
60 70 9
58 68 10
48 58 17
41 51 22
45 55 20
61 71 8
32 42 22
51 61 15
24 34 22
28 38 22
61 71 8
29 39 21
66 76 5
2 12 21
51 61 15
49 59 16
52 62 14
33 43 21
46 56 19
55 65 12
31 41 20
53 63 13
69 79 4
58 68 10
34 44 19
38 48 19
69 79 4
64 74 6
14 24 18
71 81 3
60 70 9
61 71 8
10 20 18
71 81 3
58 68 10
35 45 17
19 29 17
3 13 17
55 65 12
70 80 4
52 62 14
50 60 16
38 48 17
68 78 4
36 46 17
26 36 17
53 63 13
56 66 11
5 15 16
62 72 7
67 77 5
27 37 16
40 50 16
63 73 7
49 59 16
50 60 16
40 50 15
25 35 15
62 72 7
31 41 15
71 81 3
6 16 15
55 65 12
2 12 15
73 83 2
43 53 14
68 78 4
42 52 14
45 55 14
37 47 13
31 41 13
76 86 1
73 83 2
76 86 1
70 80 4
46 56 13
6 16 13
54 64 12
9 19 13
68 78 4
71 81 3
63 73 7
5 15 12
73 83 2
45 55 12
16 26 12
25 35 12
25 35 12
69 79 4
49 59 12
14 24 12
73 83 2
76 86 1
72 82 3
60 70 9
47 57 11
75 85 2
78 88 1
30 40 11
64 74 6
73 83 2
65 75 6
19 29 10
78 88 1
54 64 10
59 69 9
73 83 2
62 72 7
76 86 1
70 80 4
78 88 1
77 87 1
57 67 10
36 46 10
3 13 10
27 37 10
74 84 2
33 43 9
74 84 2
20 30 9
14 24 9
72 82 3
54 64 9
71 81 3
58 68 9
79 89 1
81 91 0
26 36 8
60 70 8
81 91 0
35 45 8
66 76 5
24 34 8
81 91 0
49 59 8
81 91 0
40 50 8
50 60 8
25 35 8
7 17 8
43 53 8
80 90 1
1 11 7
73 83 2
50 60 7
73 83 2
55 65 7
10 20 7
34 44 7
74 84 2
24 34 7
81 91 0
60 70 6
40 50 6
82 92 0
53 63 6
79 89 1
42 52 6
19 29 6
49 59 6
56 66 6
82 92 0
42 52 6
76 86 1
82 92 0
49 59 5
70 80 4
26 36 5
75 85 2
51 61 5
19 29 5
59 69 5
80 90 1
76 86 1
3 13 4
39 49 4
63 73 4
77 87 1
46 56 4
74 84 2
67 77 4
84 94 0
26 36 4
79 89 1
62 72 4
85 95 0
45 55 4
61 71 3
81 91 0
76 86 1
85 95 0
73 83 2
75 85 2
82 92 0
32 42 3
78 88 1
86 96 0
60 70 3
85 95 0
68 78 3
52 62 3
86 96 0
76 86 1
84 94 0
63 73 2
87 97 0
81 91 0
54 64 2
6 16 2
36 46 2
85 95 0
87 97 0
50 60 2
49 59 2
70 80 2
87 97 0
22 32 2
46 56 2
85 95 0
67 77 2
8 18 2
69 79 2
81 91 0
80 90 1
85 95 0
56 66 2
68 78 1
56 66 1
88 98 0
70 80 1
84 94 0
82 92 0
70 80 1
88 98 0
76 86 1
87 97 0
78 88 1
71 81 1
87 97 0
58 68 1
68 78 1
83 93 0
82 92 0
46 56 1
15 25 1
72 82 1
80 90 1
36 46 1
69 79 1
88 98 0
86 96 0
85 95 0
60 70 1
77 87 1
100 100 0
51 61 0
98 100 0
97 100 0
77 87 0
96 100 0
32 42 0
97 100 0
64 74 0
92 100 0
60 70 0
90 100 0
91 100 0
77 87 0
96 100 0
98 100 0
94 100 0
89 99 0
95 100 0
100 100 0
59 69 0
93 100 0
67 77 0
98 100 0
84 94 0
87 97 0
100 100 0
100 100 0
95 100 0
93 100 0
95 100 0
100 100 0
77 87 0
92 100 0
100 100 0
35 45 0
90 100 0
82 92 0
99 100 0
84 94 0
94 100 0
97 100 0
96 100 0
5 15 0
71 81 0
94 100 0
99 100 0
91 100 0
100 100 0
95 100 0
71 81 0
93 100 0
90 100 0
70 80 0
79 89 0
85 95 0
97 100 0
93 100 0
42 52 0
93 100 0
90 100 0
98 100 0
99 100 0
98 100 0
89 99 0
98 100 0
97 100 0
91 100 0
100 100 0
79 89 0
87 97 0
23 33 0
95 100 0
100 100 0
90 100 0
87 97 0
65 75 0
100 100 0
29 39 0
96 100 0
