5000 1000 4.3589
10 110 881
16 116 872
17 117 868
27 127 868
13 113 858
12 112 853
36 136 852
50 150 841
49 149 840
59 159 835
17 117 835
58 158 832
26 126 829
1 101 828
65 165 823
66 166 818
47 147 818
64 164 814
77 177 813
54 154 809
86 186 807
60 160 806
91 191 806
77 177 804
42 142 802
27 127 802
26 126 801
44 144 800
48 148 799
10 110 799
1 101 793
37 137 793
21 121 789
30 130 785
33 133 783
92 192 782
82 182 781
30 130 781
86 186 781
20 120 778
105 205 774
80 180 773
127 227 770
67 167 770
12 112 769
79 179 768
75 175 765
123 223 765
106 206 764
33 133 764
129 229 762
40 140 761
137 237 760
132 232 760
122 222 759
132 232 758
19 119 758
48 148 758
17 117 756
4 104 755
118 218 755
36 136 755
69 169 753
38 138 752
144 244 747
3 103 747
106 206 746
46 146 745
105 205 745
21 121 745
136 236 743
31 131 743
121 221 743
73 173 742
20 120 739
30 130 739
69 169 738
110 210 737
7 107 735
110 210 734
47 147 734
106 206 734
137 237 733
125 225 732
71 171 731
148 248 730
50 150 730
145 245 730
159 259 726
3 103 726
169 269 725
83 183 723
79 179 723
150 250 722
172 272 721
20 120 720
31 131 720
43 143 720
3 103 719
136 236 719
148 248 719
28 128 716
99 199 715
54 154 714
85 185 714
138 238 714
166 266 714
2 102 713
48 148 712
92 192 707
48 148 706
58 158 704
110 210 704
125 225 704
50 150 703
110 210 703
22 122 702
32 132 701
25 125 698
26 126 698
189 289 697
87 187 697
122 222 696
72 172 696
124 224 696
35 135 696
51 151 695
12 112 695
80 180 695
129 229 694
29 129 693
132 232 692
134 234 692
207 307 691
60 160 690
43 143 690
131 231 689
147 247 689
147 247 688
64 164 688
66 166 688
116 216 688
170 270 687
194 294 687
14 114 687
25 125 687
37 137 685
34 134 684
130 230 683
199 299 683
81 181 683
201 301 681
48 148 680
196 296 680
32 132 678
171 271 677
220 320 677
15 115 676
111 211 676
39 139 675
91 191 675
34 134 671
115 215 671
150 250 669
177 277 669
101 201 668
138 238 668
166 266 668
84 184 667
172 272 666
108 208 666
38 138 663
32 132 663
128 228 662
212 312 661
138 238 661
236 336 660
31 131 660
50 150 660
128 228 659
55 155 659
219 319 658
145 245 658
6 106 657
160 260 656
220 320 656
46 146 656
236 336 656
62 162 655
50 150 655
41 141 654
121 221 653
24 124 653
176 276 653
59 159 653
194 294 653
140 240 652
18 118 652
58 158 652
185 285 651
2 102 649
246 346 649
193 293 648
93 193 647
30 130 646
241 341 646
87 187 645
182 282 645
165 265 645
28 128 645
248 348 644
126 226 643
175 275 642
213 313 642
68 168 641
113 213 641
98 198 640
201 301 640
209 309 639
152 252 638
234 334 637
97 197 637
200 300 636
196 296 636
6 106 636
258 358 635
42 142 635
84 184 634
118 218 633
18 118 633
134 234 633
45 145 632
42 142 632
28 128 631
260 360 631
189 289 630
61 161 630
191 291 629
33 133 628
252 352 627
3 103 627
208 308 627
23 123 626
254 354 623
111 211 623
219 319 623
258 358 622
18 118 621
239 339 621
116 216 620
2 102 620
244 344 619
265 365 618
210 310 617
249 349 617
26 126 617
117 217 617
130 230 616
71 171 616
204 304 616
198 298 615
25 125 614
141 241 614
42 142 613
258 358 613
28 128 613
185 285 613
280 380 612
174 274 611
222 322 611
211 311 607
248 348 607
70 170 606
148 248 606
168 268 606
194 294 606
205 305 606
269 369 606
99 199 606
155 255 605
233 333 605
134 234 604
240 340 604
102 202 604
142 242 603
279 379 602
126 226 601
221 321 601
210 310 600
108 208 600
125 225 600
91 191 599
123 223 599
277 377 599
240 340 599
134 234 598
39 139 598
155 255 596
42 142 596
263 363 596
173 273 595
18 118 595
119 219 595
8 108 594
294 394 594
76 176 594
126 226 594
117 217 593
163 263 592
17 117 592
196 296 592
69 169 592
167 267 591
283 383 590
122 222 590
127 227 590
52 152 589
249 349 587
271 371 587
40 140 586
40 140 585
117 217 585
278 378 585
178 278 585
225 325 581
315 415 581
240 340 581
225 325 580
283 383 580
138 238 580
53 153 579
257 357 579
222 322 578
77 177 578
248 348 578
74 174 578
59 159 577
307 407 577
118 218 576
151 251 574
124 224 574
137 237 574
107 207 574
313 413 574
58 158 573
41 141 573
168 268 572
257 357 572
190 290 572
24 124 570
171 271 570
260 360 569
54 154 569
109 209 567
193 293 566
230 330 566
93 193 565
249 349 565
242 342 565
130 230 565
64 164 565
237 337 564
19 119 564
105 205 564
110 210 564
138 238 564
102 202 563
270 370 562
321 421 562
52 152 561
167 267 561
259 359 561
327 427 560
146 246 560
310 410 560
177 277 559
206 306 559
46 146 559
195 295 559
296 396 559
286 386 558
311 411 557
57 157 557
164 264 557
41 141 557
36 136 556
292 392 556
47 147 556
26 126 556
254 354 555
333 433 555
76 176 555
273 373 555
247 347 555
226 326 555
227 327 554
264 364 554
85 185 554
172 272 554
17 117 554
242 342 553
98 198 553
306 406 553
99 199 550
198 298 550
214 314 550
216 316 550
281 381 550
171 271 549
145 245 549
139 239 549
30 130 548
135 235 548
35 135 548
166 266 547
347 447 546
319 419 546
257 357 546
165 265 546
57 157 546
97 197 546
254 354 546
323 423 546
337 437 545
141 241 544
290 390 543
134 234 543
235 335 543
256 356 542
2 102 542
111 211 542
143 243 540
256 356 540
12 112 539
119 219 539
176 276 538
34 134 538
94 194 537
49 149 537
338 438 537
82 182 537
195 295 537
285 385 536
250 350 536
126 226 535
360 460 535
351 451 535
28 128 534
96 196 534
102 202 534
311 411 534
357 457 533
241 341 532
56 156 530
204 304 530
335 435 530
286 386 529
82 182 529
366 466 528
42 142 527
46 146 527
249 349 527
354 454 527
212 312 527
212 312 527
332 432 526
48 148 525
40 140 525
224 324 524
267 367 524
16 116 524
356 456 522
27 127 522
336 436 522
125 225 522
368 468 522
298 398 520
130 230 519
69 169 519
12 112 519
329 429 518
378 478 518
240 340 518
155 255 517
71 171 517
226 326 517
348 448 516
381 481 516
301 401 516
115 215 516
279 379 515
92 192 514
79 179 513
303 403 513
8 108 512
100 200 512
307 407 512
189 289 512
355 455 511
133 233 510
246 346 510
261 361 510
158 258 510
207 307 509
136 236 509
371 471 509
61 161 508
285 385 508
92 192 508
135 235 508
377 477 508
265 365 508
313 413 508
392 492 507
207 307 507
154 254 507
75 175 506
171 271 506
38 138 506
303 403 505
122 222 505
6 106 505
34 134 504
63 163 504
311 411 504
236 336 503
147 247 503
84 184 503
59 159 502
345 445 502
226 326 501
273 373 500
31 131 499
361 461 499
371 471 498
16 116 498
244 344 498
128 228 498
392 492 497
40 140 496
147 247 496
341 441 496
370 470 496
308 408 496
276 376 496
369 469 496
123 223 495
298 398 495
248 348 495
359 459 495
11 111 494
231 331 494
61 161 494
124 224 493
401 501 493
148 248 492
226 326 492
378 478 492
314 414 491
338 438 491
241 341 491
115 215 490
177 277 490
282 382 490
374 474 490
261 361 489
266 366 489
296 396 488
111 211 488
100 200 488
176 276 486
406 506 486
395 495 486
383 483 486
258 358 485
346 446 485
231 331 485
147 247 485
315 415 485
356 456 484
74 174 484
394 494 483
353 453 483
397 497 483
397 497 483
147 247 482
6 106 482
283 383 481
138 238 480
318 418 480
395 495 479
292 392 479
254 354 479
219 319 478
273 373 477
61 161 477
78 178 477
326 426 477
388 488 476
277 377 476
57 157 476
288 388 475
155 255 475
206 306 474
367 467 474
268 368 474
408 508 474
337 437 474
122 222 473
360 460 473
334 434 473
248 348 473
260 360 472
216 316 472
385 485 472
308 408 471
355 455 471
382 482 470
391 491 470
62 162 470
230 330 470
248 348 470
67 167 469
187 287 469
13 113 469
346 446 468
278 378 468
181 281 468
330 430 468
198 298 468
374 474 468
401 501 467
164 264 467
396 496 466
174 274 466
432 532 466
425 525 465
256 356 465
50 150 465
77 177 464
277 377 464
75 175 464
338 438 464
126 226 463
136 236 463
299 399 462
310 410 462
87 187 462
187 287 462
347 447 461
168 268 461
226 326 461
144 244 460
12 112 460
409 509 459
393 493 458
410 510 458
319 419 458
414 514 458
163 263 456
416 516 455
351 451 455
136 236 455
217 317 455
250 350 455
402 502 455
197 297 454
351 451 454
443 543 454
421 521 453
28 128 453
358 458 453
216 316 452
397 497 452
115 215 451
379 479 451
253 353 451
127 227 451
68 168 450
437 537 449
71 171 449
23 123 449
39 139 449
266 366 449
425 525 449
374 474 449
231 331 449
26 126 448
195 295 447
116 216 447
45 145 447
162 262 446
347 447 446
219 319 446
376 476 446
198 298 445
110 210 445
1 101 445
438 538 445
93 193 445
85 185 444
130 230 444
264 364 443
342 442 442
213 313 442
236 336 442
415 515 442
90 190 442
322 422 442
282 382 441
213 313 441
33 133 440
352 452 440
198 298 440
57 157 438
319 419 438
206 306 438
444 544 438
353 453 438
445 545 437
322 422 437
446 546 437
222 322 437
46 146 436
53 153 436
248 348 436
2 102 436
195 295 435
47 147 435
87 187 434
443 543 434
464 564 434
297 397 434
282 382 433
259 359 433
102 202 433
252 352 433
50 150 433
392 492 432
465 565 432
69 169 432
404 504 431
459 559 431
459 559 431
159 259 431
157 257 431
368 468 431
405 505 430
207 307 430
26 126 430
247 347 430
101 201 430
376 476 430
367 467 430
264 364 429
250 350 429
261 361 429
187 287 428
452 552 428
173 273 427
125 225 427
92 192 427
192 292 426
86 186 425
260 360 425
69 169 425
20 120 425
405 505 424
384 484 424
426 526 424
451 551 424
257 357 423
441 541 423
346 446 423
406 506 423
82 182 422
368 468 422
364 464 422
354 454 422
350 450 422
258 358 422
449 549 422
385 485 422
366 466 422
474 574 422
366 466 421
64 164 421
34 134 421
67 167 420
362 462 420
229 329 420
441 541 419
478 578 419
298 398 419
353 453 418
140 240 418
253 353 418
480 580 418
378 478 418
296 396 417
201 301 417
294 394 417
433 533 417
423 523 417
459 559 417
332 432 417
473 573 417
95 195 416
361 461 416
480 580 416
331 431 416
359 459 415
231 331 415
260 360 415
102 202 415
19 119 414
232 332 414
20 120 414
255 355 413
435 535 413
304 404 413
293 393 413
467 567 412
347 447 412
56 156 412
65 165 412
372 472 412
416 516 412
377 477 412
432 532 411
450 550 411
243 343 411
358 458 411
358 458 411
403 503 411
155 255 410
402 502 410
278 378 410
64 164 410
104 204 410
160 260 410
151 251 409
294 394 409
84 184 409
179 279 409
303 403 409
279 379 409
88 188 408
312 412 408
287 387 408
308 408 407
246 346 407
482 582 407
84 184 407
126 226 407
309 409 406
237 337 406
49 149 406
255 355 406
462 562 406
370 470 406
297 397 406
298 398 405
122 222 405
276 376 405
45 145 405
223 323 404
383 483 404
266 366 403
186 286 403
202 302 403
179 279 403
266 366 402
348 448 402
335 435 402
322 422 401
108 208 401
490 590 401
23 123 400
336 436 400
493 593 400
327 427 400
35 135 400
427 527 400
204 304 400
198 298 399
466 566 399
348 448 399
459 559 399
313 413 399
221 321 399
372 472 399
231 331 398
366 466 398
297 397 398
407 507 397
271 371 397
192 292 397
451 551 397
219 319 397
106 206 397
408 508 396
274 374 396
487 587 396
178 278 396
437 537 396
462 562 396
487 587 396
180 280 396
49 149 395
330 430 395
146 246 395
39 139 395
225 325 394
321 421 394
110 210 394
244 344 394
329 429 393
123 223 393
365 465 393
426 526 393
502 602 392
391 491 392
501 601 392
500 600 392
256 356 391
272 372 391
316 416 391
496 596 391
258 358 391
417 517 391
2 102 391
368 468 391
130 230 391
26 126 391
297 397 390
360 460 390
477 577 390
290 390 390
152 252 390
282 382 389
321 421 389
381 481 389
296 396 389
325 425 389
474 574 389
138 238 388
392 492 387
226 326 386
303 403 386
270 370 386
197 297 386
360 460 386
125 225 385
430 530 385
452 552 385
11 111 385
310 410 384
445 545 384
423 523 384
361 461 384
219 319 384
213 313 384
112 212 383
362 462 383
373 473 383
492 592 383
330 430 383
171 271 383
247 347 383
49 149 383
171 271 382
289 389 382
505 605 382
298 398 382
495 595 381
138 238 381
126 226 381
509 609 381
422 522 381
129 229 381
512 612 380
172 272 380
292 392 380
443 543 380
229 329 380
450 550 380
200 300 380
387 487 379
108 208 379
259 359 379
411 511 379
107 207 379
171 271 378
385 485 378
143 243 378
241 341 377
450 550 377
508 608 377
521 621 377
179 279 376
388 488 376
242 342 376
27 127 376
119 219 376
10 110 375
176 276 375
392 492 375
9 109 374
7 107 374
292 392 374
342 442 374
480 580 373
431 531 373
357 457 373
402 502 373
333 433 373
371 471 373
176 276 373
226 326 373
179 279 373
282 382 373
328 428 372
252 352 371
380 480 371
523 623 371
126 226 371
475 575 371
404 504 371
59 159 371
115 215 371
451 551 371
473 573 370
213 313 370
119 219 370
475 575 370
200 300 370
23 123 370
445 545 370
16 116 370
482 582 369
339 439 369
366 466 369
7 107 369
476 576 369
193 293 369
290 390 368
497 597 368
118 218 367
274 374 367
171 271 367
179 279 366
401 501 366
245 345 366
276 376 365
134 234 365
30 130 365
494 594 365
230 330 364
353 453 364
358 458 364
454 554 363
385 485 363
214 314 363
358 458 363
316 416 363
328 428 363
500 600 363
45 145 362
213 313 362
459 559 362
323 423 361
327 427 361
509 609 361
348 448 361
356 456 360
408 508 360
169 269 360
532 632 359
537 637 359
393 493 359
317 417 359
84 184 358
393 493 358
39 139 358
127 227 358
52 152 357
321 421 357
122 222 357
228 328 357
411 511 357
413 513 357
496 596 357
273 373 356
294 394 356
22 122 355
454 554 355
510 610 355
48 148 355
426 526 355
289 389 354
88 188 354
545 645 354
122 222 354
140 240 354
374 474 353
502 602 353
168 268 353
403 503 353
515 615 353
152 252 353
130 230 353
135 235 353
447 547 353
243 343 352
360 460 352
20 120 352
197 297 352
212 312 351
442 542 351
360 460 351
273 373 351
462 562 350
225 325 349
126 226 349
301 401 349
515 615 348
234 334 348
393 493 348
278 378 347
221 321 347
417 517 346
431 531 346
454 554 346
286 386 346
414 514 346
352 452 346
179 279 346
141 241 345
471 571 345
143 243 345
77 177 344
467 567 344
306 406 344
417 517 344
243 343 344
541 641 344
209 309 344
165 265 344
484 584 343
483 583 343
465 565 342
556 656 342
301 401 341
418 518 341
266 366 341
389 489 341
468 568 341
475 575 341
208 308 340
235 335 340
70 170 340
131 231 340
338 438 339
367 467 339
391 491 339
205 305 339
543 643 338
484 584 338
198 298 338
231 331 337
104 204 337
221 321 337
252 352 336
505 605 336
458 558 336
34 134 336
141 241 336
260 360 336
278 378 336
211 311 336
130 230 336
208 308 335
538 638 335
91 191 335
454 554 335
130 230 335
437 537 334
317 417 334
538 638 334
511 611 334
84 184 334
141 241 334
535 635 334
191 291 333
253 353 333
367 467 333
242 342 333
121 221 333
497 597 333
16 116 333
495 595 333
219 319 332
251 351 332
384 484 332
466 566 331
478 578 331
53 153 331
531 631 331
375 475 330
468 568 330
339 439 330
525 625 330
470 570 330
7 107 330
555 655 330
553 653 330
230 330 330
212 312 330
492 592 329
192 292 329
438 538 329
491 591 329
356 456 329
393 493 328
403 503 328
388 488 328
142 242 328
274 374 327
472 572 327
298 398 327
419 519 327
444 544 327
309 409 326
165 265 326
485 585 326
370 470 326
213 313 326
195 295 326
572 672 326
196 296 326
424 524 326
226 326 325
154 254 325
161 261 325
354 454 325
186 286 325
527 627 325
158 258 324
523 623 324
214 314 323
380 480 323
342 442 323
360 460 323
40 140 323
492 592 322
504 604 322
290 390 322
102 202 322
147 247 322
516 616 321
384 484 320
561 661 320
279 379 320
578 678 320
499 599 320
236 336 320
554 654 320
488 588 319
95 195 319
409 509 319
144 244 319
554 654 318
487 587 318
533 633 318
448 548 318
101 201 318
360 460 318
164 264 317
326 426 317
188 288 317
573 673 317
454 554 317
378 478 317
258 358 317
488 588 317
37 137 316
15 115 316
490 590 316
349 449 316
159 259 316
189 289 316
531 631 315
367 467 315
555 655 314
487 587 314
540 640 314
454 554 314
340 440 314
484 584 313
478 578 313
380 480 312
573 673 312
104 204 312
582 682 312
302 402 312
268 368 311
429 529 311
535 635 311
355 455 311
507 607 311
1 101 311
538 638 310
129 229 310
321 421 310
103 203 310
300 400 310
154 254 309
269 369 309
570 670 309
381 481 309
24 124 309
549 649 309
405 505 308
537 637 308
39 139 308
281 381 308
89 189 308
83 183 308
460 560 308
358 458 307
43 143 307
106 206 307
541 641 307
411 511 307
344 444 307
501 601 307
18 118 306
123 223 306
282 382 306
224 324 306
564 664 305
524 624 305
150 250 305
318 418 304
549 649 304
236 336 304
91 191 303
535 635 303
400 500 303
217 317 303
420 520 303
280 380 303
443 543 303
440 540 302
526 626 302
291 391 302
73 173 302
406 506 302
455 555 302
435 535 302
314 414 301
405 505 301
418 518 301
567 667 301
32 132 301
377 477 300
308 408 300
68 168 300
560 660 299
188 288 299
408 508 299
359 459 299
566 666 299
338 438 299
226 326 299
501 601 298
392 492 298
65 165 298
462 562 298
414 514 298
264 364 298
65 165 298
109 209 298
522 622 298
38 138 298
358 458 298
113 213 297
450 550 297
563 663 297
433 533 297
482 582 296
165 265 296
510 610 296
373 473 296
24 124 296
305 405 296
549 649 296
213 313 296
211 311 295
449 549 295
603 703 295
412 512 295
556 656 295
331 431 295
144 244 295
555 655 295
577 677 295
296 396 294
287 387 294
584 684 294
519 619 294
504 604 294
341 441 293
563 663 293
228 328 293
541 641 293
491 591 293
47 147 293
567 667 293
586 686 292
341 441 292
41 141 292
291 391 291
417 517 291
341 441 291
401 501 291
39 139 290
506 606 290
525 625 290
303 403 290
415 515 290
574 674 290
546 646 290
524 624 290
554 654 289
323 423 289
242 342 289
23 123 289
241 341 289
594 694 289
597 697 289
309 409 289
8 108 288
237 337 288
174 274 288
515 615 288
580 680 287
439 539 287
518 618 287
149 249 286
232 332 286
407 507 286
598 698 286
181 281 286
395 495 286
203 303 286
328 428 286
265 365 286
485 585 285
211 311 285
442 542 284
533 633 284
464 564 284
395 495 284
379 479 284
606 706 284
497 597 283
463 563 283
253 353 283
551 651 283
377 477 283
223 323 283
578 678 282
44 144 282
482 582 281
16 116 281
375 475 281
547 647 281
437 537 281
356 456 281
152 252 280
430 530 280
329 429 280
203 303 280
54 154 279
328 428 279
281 381 279
336 436 279
413 513 279
351 451 279
334 434 279
267 367 279
365 465 278
126 226 278
207 307 278
580 680 278
421 521 278
216 316 278
595 695 278
304 404 278
607 707 278
401 501 277
37 137 277
523 623 277
389 489 277
522 622 276
335 435 276
570 670 276
490 590 276
2 102 276
306 406 276
287 387 276
360 460 275
382 482 275
352 452 275
597 697 275
102 202 275
517 617 275
267 367 275
502 602 275
548 648 275
533 633 275
585 685 274
376 476 274
438 538 274
567 667 274
458 558 274
84 184 273
483 583 273
591 691 272
572 672 272
403 503 272
347 447 272
559 659 272
429 529 271
581 681 271
394 494 271
512 612 271
319 419 271
623 723 271
83 183 270
541 641 270
193 293 270
297 397 270
439 539 270
102 202 269
16 116 269
154 254 269
6 106 269
518 618 269
535 635 268
529 629 268
599 699 268
81 181 268
250 350 268
250 350 268
54 154 268
341 441 268
123 223 267
417 517 267
534 634 267
548 648 267
31 131 267
503 603 267
120 220 267
490 590 267
134 234 266
528 628 266
507 607 266
168 268 266
302 402 265
587 687 265
424 524 265
547 647 265
416 516 265
264 364 265
535 635 265
172 272 265
497 597 264
182 282 264
145 245 264
300 400 264
406 506 264
607 707 264
445 545 264
208 308 264
333 433 264
445 545 263
470 570 263
426 526 263
334 434 263
449 549 263
635 735 263
219 319 262
215 315 262
146 246 262
424 524 262
68 168 262
523 623 262
503 603 262
255 355 262
228 328 261
42 142 261
26 126 261
96 196 261
244 344 261
185 285 261
496 596 260
484 584 260
42 142 260
501 601 260
233 333 260
450 550 260
531 631 260
436 536 260
167 267 260
381 481 259
460 560 259
45 145 259
430 530 259
470 570 259
588 688 259
441 541 259
56 156 259
353 453 259
244 344 259
349 449 258
188 288 258
581 681 257
449 549 257
467 567 257
97 197 257
629 729 256
100 200 256
492 592 256
206 306 256
505 605 256
324 424 256
614 714 256
638 738 256
182 282 256
592 692 256
541 641 256
437 537 255
614 714 255
138 238 255
63 163 255
579 679 255
620 720 255
429 529 255
547 647 255
639 739 255
557 657 255
77 177 255
446 546 255
450 550 255
11 111 254
626 726 254
444 544 254
563 663 254
170 270 254
462 562 254
208 308 253
499 599 253
434 534 253
407 507 253
447 547 253
582 682 252
522 622 252
534 634 252
463 563 252
574 674 251
283 383 251
180 280 251
643 743 251
584 684 251
470 570 251
519 619 251
376 476 251
344 444 250
157 257 250
542 642 250
197 297 250
18 118 250
622 722 249
450 550 249
284 384 249
299 399 249
502 602 249
485 585 249
274 374 248
516 616 248
498 598 248
295 395 248
522 622 248
539 639 248
449 549 248
498 598 247
491 591 247
483 583 247
490 590 247
425 525 247
344 444 247
452 552 247
499 599 247
605 705 246
333 433 246
284 384 246
335 435 246
319 419 246
372 472 245
323 423 245
419 519 245
297 397 245
647 747 245
326 426 245
459 559 245
478 578 245
203 303 244
460 560 244
585 685 244
2 102 244
458 558 244
334 434 244
559 659 244
319 419 244
607 707 244
644 744 244
247 347 243
626 726 243
467 567 243
313 413 243
483 583 243
476 576 243
407 507 243
470 570 243
654 754 243
234 334 243
482 582 243
576 676 243
527 627 242
485 585 242
106 206 242
427 527 242
578 678 242
479 579 241
545 645 241
366 466 241
180 280 241
529 629 241
396 496 241
157 257 241
152 252 241
279 379 240
8 108 240
537 637 240
501 601 240
113 213 240
270 370 240
613 713 240
128 228 239
569 669 239
330 430 239
616 716 239
496 596 239
465 565 238
139 239 238
18 118 238
564 664 238
360 460 237
374 474 237
46 146 237
631 731 237
184 284 237
183 283 236
590 690 236
655 755 236
80 180 235
104 204 235
513 613 235
440 540 235
651 751 235
236 336 234
432 532 234
620 720 234
325 425 234
337 437 234
660 760 234
476 576 234
187 287 233
415 515 233
480 580 232
473 573 232
642 742 232
42 142 232
574 674 232
523 623 232
561 661 232
390 490 232
121 221 231
194 294 231
352 452 230
511 611 230
393 493 230
482 582 230
394 494 230
578 678 230
142 242 229
152 252 229
45 145 229
458 558 229
429 529 229
156 256 228
101 201 228
99 199 228
100 200 227
233 333 227
493 593 227
379 479 227
630 730 227
348 448 227
281 381 227
637 737 227
258 358 227
426 526 227
555 655 226
456 556 226
292 392 226
477 577 226
145 245 226
130 230 226
657 757 225
564 664 225
405 505 225
568 668 225
644 744 225
562 662 225
611 711 225
627 727 225
209 309 225
593 693 225
301 401 225
372 472 225
443 543 225
190 290 225
235 335 224
339 439 224
366 466 224
526 626 223
276 376 223
657 757 223
299 399 223
510 610 223
457 557 223
580 680 223
584 684 223
318 418 223
625 725 223
614 714 222
513 613 222
556 656 222
477 577 221
665 765 221
449 549 221
79 179 221
546 646 221
344 444 221
505 605 221
144 244 221
613 713 221
455 555 220
248 348 220
590 690 220
230 330 220
541 641 220
619 719 220
589 689 219
358 458 219
474 574 219
14 114 219
235 335 219
211 311 219
449 549 219
241 341 219
578 678 219
485 585 219
325 425 218
664 764 218
496 596 218
498 598 218
670 770 217
615 715 217
202 302 217
426 526 217
560 660 217
549 649 217
134 234 217
391 491 216
37 137 216
22 122 216
460 560 216
311 411 216
675 775 216
13 113 216
558 658 216
101 201 215
492 592 215
439 539 215
595 695 215
381 481 215
142 242 215
307 407 214
551 651 214
665 765 214
504 604 214
447 547 214
652 752 214
659 759 213
327 427 213
370 470 213
342 442 213
538 638 213
651 751 213
338 438 212
65 165 212
64 164 212
28 128 212
251 351 212
410 510 212
284 384 212
568 668 212
565 665 212
356 456 212
128 228 212
432 532 211
115 215 211
462 562 211
159 259 211
241 341 210
230 330 210
416 516 210
482 582 210
678 778 210
339 439 210
287 387 210
549 649 210
663 763 209
658 758 209
686 786 209
590 690 209
269 369 209
549 649 209
129 229 209
181 281 209
309 409 209
226 326 208
521 621 208
590 690 208
608 708 208
465 565 208
491 591 208
576 676 208
628 728 208
549 649 208
273 373 207
157 257 207
150 250 207
540 640 207
523 623 207
455 555 207
505 605 207
649 749 207
72 172 207
522 622 207
611 711 206
183 283 206
608 708 206
687 787 206
380 480 206
437 537 205
511 611 205
683 783 205
258 358 205
628 728 204
545 645 204
456 556 204
517 617 204
344 444 204
611 711 204
396 496 204
655 755 203
209 309 203
286 386 203
565 665 203
165 265 202
241 341 202
687 787 202
567 667 202
250 350 202
564 664 202
696 796 202
637 737 202
363 463 201
519 619 201
182 282 201
561 661 201
655 755 201
72 172 201
688 788 201
665 765 201
361 461 200
422 522 200
108 208 200
667 767 200
429 529 200
637 737 200
539 639 200
662 762 200
392 492 200
338 438 199
620 720 199
696 796 199
400 500 199
399 499 199
293 393 199
552 652 199
669 769 199
581 681 199
693 793 199
638 738 199
579 679 198
212 312 198
227 327 198
112 212 198
651 751 198
610 710 198
635 735 198
571 671 198
687 787 198
496 596 198
492 592 197
666 766 197
542 642 197
616 716 197
503 603 197
597 697 197
461 561 196
204 304 196
644 744 196
400 500 196
419 519 196
666 766 196
107 207 196
158 258 196
567 667 195
666 766 195
47 147 195
284 384 195
683 783 195
564 664 195
571 671 194
698 798 194
598 698 194
86 186 194
668 768 194
623 723 194
513 613 193
458 558 193
242 342 193
673 773 193
41 141 193
14 114 193
618 718 193
214 314 193
449 549 193
604 704 192
269 369 192
191 291 192
622 722 192
397 497 192
267 367 192
352 452 192
29 129 191
366 466 191
375 475 191
14 114 191
242 342 191
634 734 190
555 655 190
398 498 190
699 799 190
279 379 190
16 116 190
463 563 190
243 343 190
304 404 190
474 574 190
486 586 189
698 798 189
679 779 189
242 342 189
396 496 189
471 571 189
141 241 189
246 346 189
494 594 188
352 452 188
580 680 188
281 381 188
519 619 188
27 127 188
608 708 188
400 500 188
454 554 188
571 671 187
411 511 187
408 508 187
462 562 187
686 786 187
55 155 187
476 576 187
705 805 187
640 740 187
560 660 187
406 506 187
273 373 187
111 211 187
707 807 186
632 732 186
433 533 186
552 652 186
142 242 186
13 113 186
646 746 185
438 538 185
321 421 185
32 132 185
473 573 185
402 502 185
657 757 185
364 464 185
488 588 184
706 806 184
697 797 184
627 727 184
177 277 184
686 786 184
437 537 184
582 682 184
71 171 183
564 664 183
658 758 183
306 406 182
199 299 182
595 695 182
151 251 182
529 629 182
312 412 182
502 602 182
707 807 182
591 691 182
564 664 182
644 744 182
251 351 181
505 605 181
435 535 181
615 715 181
198 298 181
549 649 181
523 623 181
636 736 181
423 523 181
439 539 181
644 744 181
36 136 180
701 801 180
443 543 180
86 186 180
580 680 180
566 666 180
460 560 180
634 734 179
388 488 179
573 673 179
660 760 179
687 787 179
399 499 179
590 690 178
103 203 178
474 574 178
170 270 178
713 813 178
486 586 178
300 400 178
281 381 178
137 237 178
696 796 178
384 484 178
157 257 178
277 377 178
637 737 178
582 682 177
282 382 177
332 432 177
618 718 177
325 425 177
680 780 177
436 536 177
651 751 176
295 395 176
466 566 176
670 770 176
504 604 176
663 763 176
716 816 176
278 378 176
574 674 175
506 606 175
719 819 175
217 317 175
128 228 174
630 730 174
294 394 174
513 613 174
661 761 174
474 574 174
645 745 173
615 715 173
293 393 173
658 758 173
674 774 172
654 754 172
389 489 172
609 709 172
474 574 172
631 731 172
721 821 172
205 305 172
579 679 171
491 591 171
558 658 171
623 723 171
188 288 171
476 576 171
726 826 171
339 439 171
406 506 170
237 337 170
374 474 170
138 238 170
665 765 170
284 384 170
279 379 170
218 318 170
495 595 170
721 821 170
558 658 170
610 710 170
687 787 170
708 808 170
283 383 170
516 616 169
320 420 169
153 253 169
76 176 169
669 769 169
532 632 169
485 585 169
720 820 168
218 318 168
119 219 168
670 770 168
687 787 168
133 233 168
252 352 168
576 676 168
130 230 168
536 636 168
672 772 168
342 442 168
403 503 167
243 343 167
313 413 167
575 675 167
431 531 167
447 547 167
586 686 167
493 593 167
609 709 167
505 605 167
490 590 166
706 806 166
93 193 166
632 732 166
379 479 166
446 546 165
454 554 165
294 394 165
693 793 165
73 173 165
493 593 165
695 795 165
381 481 164
535 635 164
630 730 164
606 706 164
681 781 164
722 822 164
677 777 163
699 799 163
306 406 163
591 691 163
361 461 163
712 812 163
693 793 163
718 818 163
623 723 163
550 650 163
606 706 163
412 512 162
438 538 162
600 700 162
461 561 162
28 128 162
548 648 162
702 802 162
605 705 162
2 102 162
613 713 162
273 373 161
378 478 161
584 684 161
172 272 161
602 702 161
702 802 161
510 610 161
179 279 161
441 541 161
565 665 161
56 156 160
669 769 160
565 665 160
306 406 160
657 757 160
545 645 160
485 585 160
324 424 160
671 771 160
465 565 160
510 610 159
637 737 159
735 835 159
700 800 159
712 812 159
733 833 159
135 235 159
86 186 158
553 653 158
603 703 158
570 670 158
543 643 158
523 623 158
700 800 158
422 522 158
295 395 158
667 767 158
94 194 158
739 839 158
286 386 158
653 753 157
536 636 157
425 525 157
441 541 157
651 751 157
170 270 156
735 835 156
104 204 156
718 818 156
318 418 156
730 830 156
167 267 156
679 779 156
517 617 156
294 394 155
490 590 155
35 135 155
697 797 155
482 582 155
104 204 155
724 824 155
651 751 155
386 486 155
182 282 155
700 800 155
516 616 154
630 730 154
313 413 154
160 260 154
553 653 154
660 760 154
731 831 154
576 676 154
584 684 154
180 280 154
604 704 154
533 633 154
120 220 153
326 426 153
731 831 153
452 552 153
186 286 153
343 443 153
149 249 153
677 777 153
143 243 153
344 444 153
421 521 153
595 695 152
104 204 152
391 491 152
533 633 152
702 802 152
271 371 152
714 814 152
70 170 152
499 599 152
429 529 152
398 498 152
103 203 152
296 396 152
698 798 151
674 774 151
44 144 151
259 359 151
483 583 151
635 735 151
360 460 150
639 739 150
406 506 150
733 833 150
82 182 150
321 421 150
738 838 150
658 758 150
102 202 150
749 849 150
302 402 150
554 654 150
477 577 150
707 807 149
531 631 149
97 197 149
182 282 149
614 714 149
375 475 149
475 575 149
704 804 149
749 849 148
562 662 148
584 684 148
712 812 148
491 591 148
375 475 148
529 629 148
551 651 148
678 778 148
724 824 148
665 765 147
603 703 147
375 475 147
697 797 147
736 836 147
21 121 147
706 806 147
624 724 147
575 675 147
674 774 146
690 790 146
604 704 146
703 803 146
644 744 146
744 844 146
438 538 146
363 463 146
698 798 146
599 699 146
625 725 146
554 654 145
29 129 145
474 574 145
654 754 145
708 808 145
441 541 145
675 775 145
742 842 145
595 695 145
483 583 145
687 787 145
745 845 144
384 484 144
474 574 144
678 778 144
564 664 144
516 616 143
398 498 143
268 368 143
124 224 143
565 665 143
696 796 143
546 646 143
604 704 143
588 688 143
218 318 143
55 155 143
175 275 143
131 231 142
254 354 142
400 500 142
649 749 142
619 719 142
97 197 142
460 560 142
27 127 142
437 537 142
708 808 142
224 324 142
755 855 141
80 180 141
440 540 141
553 653 141
734 834 141
703 803 141
122 222 141
678 778 141
502 602 141
284 384 141
662 762 141
691 791 141
211 311 140
139 239 140
63 163 140
424 524 140
376 476 140
173 273 140
363 463 140
356 456 140
750 850 140
520 620 140
127 227 140
350 450 140
756 856 139
350 450 139
653 753 139
439 539 139
387 487 138
21 121 138
725 825 138
569 669 138
216 316 138
565 665 138
604 704 138
364 464 138
617 717 137
651 751 137
386 486 137
207 307 137
282 382 137
287 387 137
628 728 137
520 620 137
97 197 137
404 504 137
700 800 136
749 849 136
252 352 136
440 540 136
566 666 136
726 826 136
750 850 135
522 622 135
43 143 135
659 759 135
566 666 135
651 751 135
579 679 135
716 816 135
754 854 135
748 848 135
532 632 135
498 598 135
193 293 134
463 563 134
296 396 134
482 582 134
598 698 134
180 280 134
748 848 134
511 611 134
584 684 134
511 611 133
380 480 133
740 840 133
499 599 133
412 512 133
717 817 133
561 661 133
389 489 133
298 398 133
633 733 133
546 646 133
241 341 132
755 855 132
623 723 132
686 786 132
362 462 132
460 560 132
609 709 132
237 337 132
722 822 132
4 104 131
440 540 131
218 318 131
214 314 131
628 728 131
298 398 131
682 782 131
737 837 131
50 150 131
568 668 131
567 667 131
381 481 131
423 523 131
184 284 131
618 718 131
707 807 130
721 821 130
300 400 130
756 856 130
696 796 130
393 493 129
560 660 129
603 703 129
721 821 129
175 275 129
304 404 129
764 864 129
657 757 129
560 660 129
648 748 129
423 523 129
555 655 129
684 784 129
749 849 128
361 461 128
507 607 128
558 658 128
594 694 128
426 526 128
734 834 128
707 807 128
619 719 128
660 760 128
544 644 128
731 831 128
722 822 128
637 737 127
648 748 127
670 770 127
582 682 127
727 827 127
32 132 127
700 800 127
671 771 127
755 855 127
730 830 127
707 807 127
689 789 127
726 826 127
422 522 126
596 696 126
637 737 126
746 846 126
666 766 126
235 335 126
632 732 126
26 126 126
3 103 126
739 839 126
666 766 125
412 512 125
743 843 125
638 738 125
685 785 125
711 811 125
759 859 125
737 837 125
118 218 125
726 826 125
669 769 125
355 455 125
20 120 125
455 555 125
306 406 124
390 490 124
370 470 124
18 118 124
290 390 124
279 379 124
605 705 124
739 839 124
695 795 124
188 288 124
590 690 124
422 522 124
765 865 124
26 126 123
404 504 123
640 740 123
682 782 123
519 619 123
72 172 123
422 522 123
722 822 122
758 858 122
592 692 122
596 696 122
736 836 122
233 333 122
737 837 122
702 802 122
599 699 122
570 670 121
407 507 121
630 730 121
735 835 121
342 442 121
389 489 121
624 724 121
412 512 121
708 808 121
441 541 121
285 385 121
359 459 120
720 820 120
455 555 120
708 808 120
584 684 120
245 345 120
773 873 120
687 787 120
656 756 120
396 496 120
747 847 119
465 565 119
539 639 119
659 759 119
546 646 119
768 868 119
694 794 119
765 865 119
628 728 119
761 861 119
589 689 119
82 182 118
533 633 118
367 467 118
27 127 118
593 693 118
287 387 118
344 444 118
710 810 118
563 663 118
523 623 118
747 847 118
312 412 118
361 461 118
730 830 117
534 634 117
530 630 117
657 757 117
185 285 117
606 706 117
710 810 117
338 438 117
621 721 117
767 867 117
233 333 117
311 411 116
777 877 116
238 338 116
772 872 116
752 852 116
599 699 116
736 836 116
743 843 116
729 829 116
426 526 116
160 260 116
681 781 115
347 447 115
769 869 115
79 179 115
224 324 115
748 848 115
700 800 115
285 385 115
473 573 115
608 708 115
355 455 115
692 792 114
53 153 114
785 885 114
737 837 114
757 857 114
488 588 114
588 688 114
670 770 114
447 547 113
571 671 113
550 650 113
474 574 113
761 861 113
448 548 113
566 666 113
232 332 113
746 846 113
473 573 113
639 739 113
742 842 112
750 850 112
703 803 112
786 886 112
175 275 112
17 117 112
776 876 112
470 570 112
58 158 112
433 533 112
515 615 112
320 420 112
678 778 112
599 699 112
761 861 111
732 832 111
729 829 111
200 300 111
432 532 111
485 585 111
421 521 111
629 729 111
746 846 111
208 308 111
737 837 111
229 329 111
433 533 111
518 618 111
650 750 110
288 388 110
770 870 110
714 814 110
24 124 110
545 645 110
766 866 110
448 548 110
749 849 110
641 741 110
616 716 110
777 877 110
500 600 110
197 297 109
499 599 109
371 471 109
778 878 109
608 708 109
33 133 109
376 476 109
192 292 109
765 865 109
314 414 108
703 803 108
114 214 108
747 847 108
36 136 108
429 529 108
765 865 108
354 454 108
485 585 108
178 278 108
715 815 108
693 793 108
312 412 108
696 796 107
488 588 107
635 735 107
361 461 107
589 689 107
701 801 107
167 267 107
421 521 107
504 604 107
151 251 107
779 879 107
574 674 107
605 705 107
410 510 107
672 772 107
677 777 106
697 797 106
658 758 106
615 715 106
679 779 106
749 849 106
109 209 106
520 620 106
293 393 106
716 816 106
377 477 106
572 672 106
753 853 105
235 335 105
531 631 105
730 830 105
525 625 105
737 837 105
432 532 105
643 743 105
494 594 105
787 887 104
609 709 104
476 576 104
269 369 104
758 858 104
582 682 104
719 819 103
477 577 103
575 675 103
766 866 103
148 248 103
135 235 102
348 448 102
394 494 102
264 364 102
117 217 102
700 800 102
456 556 102
783 883 101
107 207 101
636 736 101
205 305 101
658 758 101
660 760 101
554 654 100
70 170 100
544 644 100
745 845 100
766 866 100
567 667 100
267 367 100
550 650 100
784 884 100
763 863 100
453 553 100
415 515 100
707 807 100
637 737 100
1 101 100
487 587 100
227 327 100
747 847 100
473 573 99
97 197 99
398 498 99
788 888 99
752 852 99
782 882 99
703 803 99
478 578 99
156 256 99
501 601 98
292 392 98
51 151 98
482 582 98
777 877 98
165 265 98
587 687 98
608 708 98
771 871 98
488 588 98
520 620 98
790 890 98
800 900 98
766 866 98
334 434 98
515 615 98
525 625 98
740 840 98
649 749 97
558 658 97
144 244 97
779 879 97
29 129 97
626 726 97
342 442 97
682 782 97
660 760 97
201 301 97
752 852 97
678 778 97
504 604 96
586 686 96
623 723 96
303 403 96
108 208 96
681 781 96
299 399 96
564 664 96
457 557 96
192 292 96
632 732 96
755 855 95
733 833 95
645 745 95
613 713 95
66 166 94
778 878 94
791 891 94
179 279 94
798 898 94
675 775 94
789 889 94
479 579 94
564 664 94
105 205 94
733 833 93
264 364 93
689 789 93
799 899 93
522 622 93
17 117 93
369 469 93
143 243 93
70 170 93
790 890 92
104 204 92
614 714 92
110 210 92
589 689 92
593 693 92
544 644 92
652 752 92
777 877 92
360 460 92
736 836 92
367 467 92
102 202 91
617 717 91
250 350 91
166 266 91
358 458 91
99 199 91
535 635 91
689 789 91
651 751 91
777 877 91
794 894 90
338 438 90
219 319 90
778 878 90
776 876 90
734 834 90
319 419 90
651 751 90
632 732 90
499 599 90
615 715 89
505 605 89
351 451 89
660 760 89
447 547 89
800 900 89
600 700 89
466 566 89
676 776 89
184 284 89
808 908 84
561 661 89
800 900 89
589 689 88
779 879 88
446 546 88
69 169 88
810 910 81
799 899 88
424 524 88
676 776 88
702 802 88
764 864 88
230 330 88
375 475 88
808 908 84
390 490 87
484 584 87
692 792 87
592 692 87
771 871 87
100 200 87
263 363 87
739 839 87
690 790 87
682 782 87
556 656 87
296 396 87
789 889 87
809 909 82
658 758 86
562 662 86
460 560 86
788 888 86
787 887 86
781 881 86
449 549 86
809 909 82
690 790 86
575 675 86
512 612 86
640 740 86
555 655 86
549 649 86
562 662 86
610 710 86
264 364 86
747 847 85
725 825 85
792 892 85
807 907 85
703 803 85
539 639 85
723 823 85
797 897 85
480 580 85
408 508 84
549 649 84
808 908 84
41 141 84
708 808 84
572 672 84
609 709 84
88 188 84
739 839 84
772 872 84
790 890 83
353 453 83
424 524 83
742 842 83
763 863 83
775 875 83
442 542 83
286 386 83
568 668 83
425 525 83
813 913 75
595 695 83
383 483 83
610 710 83
782 882 83
404 504 82
809 909 82
385 485 82
248 348 82
764 864 82
480 580 82
348 448 82
642 742 82
796 896 82
228 328 82
769 869 82
621 721 82
783 883 82
398 498 81
781 881 81
555 655 81
701 801 81
709 809 81
138 238 81
90 190 81
814 914 73
554 654 81
670 770 81
689 789 81
766 866 81
780 880 81
464 564 80
600 700 80
819 919 65
243 343 80
442 542 80
802 902 80
471 571 80
537 637 80
718 818 80
351 451 80
284 384 80
792 892 80
800 900 80
665 765 80
662 762 80
635 735 80
594 694 80
612 712 80
664 764 79
782 882 79
712 812 79
810 910 79
674 774 79
653 753 79
799 899 79
1 101 79
246 346 79
218 318 78
733 833 78
548 648 78
91 191 78
633 733 78
687 787 78
644 744 77
796 896 77
484 584 77
750 850 77
787 887 77
358 458 77
76 176 77
483 583 77
707 807 77
676 776 77
758 858 77
607 707 76
762 862 76
608 708 76
164 264 76
669 769 76
391 491 76
698 798 76
792 892 76
818 918 67
166 266 76
621 721 76
816 916 70
601 701 75
804 904 75
179 279 75
750 850 75
776 876 75
149 249 75
282 382 75
738 838 75
795 895 75
815 915 72
784 884 75
607 707 75
381 481 75
642 742 75
478 578 74
268 368 74
703 803 74
644 744 74
646 746 74
824 924 57
521 621 74
732 832 74
712 812 74
85 185 74
726 826 74
659 759 74
315 415 74
676 776 73
743 843 73
118 218 73
751 851 73
721 821 73
727 827 73
710 810 73
402 502 73
696 796 73
438 538 73
100 200 73
680 780 72
595 695 72
711 811 72
197 297 72
712 812 72
760 860 72
75 175 72
372 472 72
815 915 72
752 852 72
559 659 72
680 780 72
624 724 72
325 425 72
175 275 71
356 456 71
697 797 71
509 609 71
812 912 71
826 926 54
694 794 71
538 638 71
158 258 70
593 693 70
822 922 60
676 776 70
453 553 70
107 207 70
558 658 70
755 855 70
523 623 70
246 346 70
768 868 70
823 923 59
113 213 70
582 682 69
681 781 69
735 835 69
800 900 69
573 673 69
718 818 69
776 876 69
397 497 69
817 917 68
748 848 69
328 428 68
719 819 68
804 904 68
827 927 53
492 592 68
769 869 68
795 895 68
699 799 68
246 346 68
63 163 68
143 243 68
720 820 68
461 561 67
357 457 67
105 205 67
357 457 67
53 153 67
331 431 67
109 209 67
743 843 67
340 440 67
715 815 67
524 624 67
613 713 67
826 926 54
805 905 67
830 930 49
749 849 67
706 806 67
384 484 67
239 339 66
801 901 66
130 230 66
222 322 66
700 800 66
813 913 66
788 888 66
670 770 66
784 884 66
789 889 66
728 828 66
808 908 66
333 433 65
831 931 47
414 514 65
125 225 65
340 440 65
781 881 65
831 931 47
733 833 65
726 826 65
716 816 65
824 924 57
765 865 65
457 557 65
817 917 65
757 857 65
762 862 65
69 169 65
735 835 65
99 199 65
758 858 65
657 757 65
191 291 65
743 843 64
114 214 64
373 473 64
520 620 64
813 913 64
763 863 64
334 434 64
644 744 63
195 295 63
505 605 63
438 538 63
789 889 63
391 491 63
597 697 63
297 397 63
375 475 63
616 716 63
127 227 62
533 633 62
615 715 62
668 768 62
572 672 62
40 140 62
119 219 62
765 865 62
833 933 44
177 277 62
772 872 62
358 458 62
196 296 62
582 682 61
729 829 61
767 867 61
407 507 61
474 574 61
662 762 61
438 538 61
730 830 61
675 775 61
749 849 61
670 770 61
551 651 61
138 238 61
420 520 61
736 836 61
561 661 60
668 768 60
632 732 60
777 877 60
542 642 60
704 804 60
357 457 60
460 560 60
531 631 60
25 125 60
24 124 60
762 862 60
783 883 60
786 886 60
785 885 60
838 938 38
483 583 60
678 778 59
554 654 59
727 827 59
406 506 59
69 169 59
793 893 59
675 775 59
633 733 59
243 343 59
814 914 59
666 766 59
575 675 59
504 604 58
243 343 58
54 154 58
429 529 58
771 871 58
458 558 58
841 941 34
818 918 58
636 736 58
751 851 58
687 787 58
776 876 58
414 514 57
313 413 57
376 476 57
504 604 57
698 798 57
743 843 57
551 651 57
463 563 57
763 863 57
792 892 56
581 681 56
771 871 56
713 813 56
633 733 56
809 909 56
823 923 56
621 721 56
105 205 56
363 463 56
670 770 56
793 893 56
843 943 32
648 748 56
154 254 56
832 932 46
596 696 55
807 907 55
783 883 55
163 263 55
827 927 53
688 788 55
705 805 55
808 908 55
600 700 55
528 628 54
581 681 54
517 617 54
834 934 43
87 187 54
820 920 54
689 789 54
562 662 54
763 863 54
401 501 54
166 266 53
21 121 53
168 268 53
833 933 44
634 734 53
623 723 53
75 175 53
792 892 53
812 912 53
530 630 53
649 749 53
835 935 42
627 727 53
582 682 53
28 128 53
206 306 53
737 837 52
686 786 52
163 263 52
345 445 52
216 316 52
455 555 52
386 486 52
840 940 36
815 915 52
771 871 52
427 527 52
671 771 52
185 285 52
780 880 52
843 943 32
805 905 52
419 519 51
708 808 51
794 894 51
21 121 51
834 934 43
539 639 51
836 936 40
848 948 27
519 619 51
544 644 51
830 930 49
127 227 50
848 948 27
600 700 50
372 472 50
820 920 50
470 570 50
795 895 50
660 760 50
248 348 50
197 297 50
517 617 50
797 897 50
455 555 50
746 846 50
721 821 50
400 500 50
845 945 30
589 689 49
783 883 49
640 740 49
833 933 44
304 404 49
836 936 40
736 836 48
844 944 31
783 883 48
609 709 48
513 613 48
803 903 48
367 467 48
270 370 48
816 916 48
327 427 47
781 881 47
388 488 47
734 834 47
129 229 47
569 669 47
237 337 47
551 651 46
246 346 46
809 909 46
756 856 46
818 918 46
837 937 39
110 210 46
650 750 46
824 924 46
845 945 30
824 924 46
613 713 46
574 674 46
850 950 25
433 533 46
802 902 46
82 182 46
851 951 24
448 548 45
752 852 45
175 275 45
676 776 45
832 932 45
781 881 45
804 904 45
805 905 45
332 432 45
214 314 45
725 825 45
561 661 45
726 826 45
226 326 45
820 920 45
852 952 23
505 605 44
573 673 44
590 690 44
813 913 44
613 713 44
188 288 44
375 475 44
832 932 44
835 935 42
808 908 44
853 953 22
854 954 21
831 931 43
267 367 43
159 259 43
536 636 43
469 569 43
405 505 43
784 884 43
662 762 43
622 722 43
675 775 43
260 360 43
471 571 43
680 780 43
639 739 42
756 856 42
599 699 42
852 952 23
178 278 42
783 883 42
480 580 42
12 112 42
820 920 42
341 441 42
846 946 29
813 913 42
771 871 42
763 863 41
757 857 41
661 761 41
650 750 41
828 928 41
794 894 41
828 928 41
302 402 41
207 307 41
732 832 41
745 845 41
753 853 41
714 814 41
563 663 41
768 868 41
822 922 40
851 951 24
849 949 26
511 611 40
822 922 40
764 864 40
858 958 17
336 436 40
89 189 40
162 262 40
490 590 40
66 166 40
489 589 40
839 939 37
784 884 40
807 907 40
409 509 40
759 859 40
476 576 40
316 416 39
820 920 39
833 933 39
38 138 39
656 756 39
513 613 39
800 900 39
638 738 39
820 920 39
184 284 39
751 851 39
839 939 37
835 935 38
852 952 23
633 733 38
571 671 38
739 839 38
837 937 38
860 960 16
784 884 38
187 287 38
571 671 38
501 601 38
651 751 38
583 683 38
763 863 38
657 757 38
16 116 38
236 336 37
657 757 37
822 922 37
757 857 37
633 733 37
808 908 37
101 201 37
195 295 37
758 858 37
108 208 37
744 844 37
747 847 37
832 932 36
495 595 36
784 884 36
698 798 36
849 949 26
591 691 36
861 961 15
416 516 36
705 805 36
600 700 36
143 243 36
856 956 19
846 946 29
854 954 21
681 781 36
808 908 35
846 946 29
819 919 35
633 733 35
845 945 30
781 881 35
540 640 35
652 752 35
819 919 35
811 911 35
234 334 35
860 960 16
791 891 35
827 927 35
850 950 25
857 957 18
523 623 35
840 940 35
506 606 35
836 936 35
608 708 35
94 194 35
662 762 35
387 487 34
701 801 34
786 886 34
734 834 34
696 796 34
810 910 34
850 950 25
843 943 32
57 157 34
805 905 34
515 615 34
824 924 34
495 595 34
836 936 33
863 963 13
229 329 33
449 549 33
575 675 33
642 742 33
791 891 33
158 258 33
799 899 33
407 507 33
845 945 30
691 791 33
226 326 33
866 966 11
788 888 32
845 945 30
820 920 32
862 962 14
464 564 32
827 927 32
784 884 32
751 851 32
185 285 32
522 622 32
779 879 32
353 453 32
762 862 32
777 877 32
652 752 32
704 804 31
795 895 31
847 947 28
863 963 13
155 255 31
842 942 31
862 962 14
843 943 31
653 753 31
521 621 31
825 925 30
824 924 30
830 930 30
321 421 30
550 650 30
866 966 11
799 899 30
706 806 30
666 766 30
326 426 30
777 877 30
393 493 30
797 897 30
351 451 29
839 939 29
847 947 28
734 834 29
834 934 29
555 655 29
855 955 20
864 964 12
591 691 29
238 338 29
870 970 9
495 595 29
851 951 24
12 112 29
816 916 29
863 963 13
234 334 29
525 625 29
852 952 23
823 923 28
870 970 9
847 947 28
237 337 28
865 965 12
705 805 28
628 728 28
801 901 28
706 806 28
794 894 28
515 615 28
744 844 28
840 940 28
408 508 28
522 622 28
861 961 15
762 862 28
125 225 28
847 947 28
846 946 28
870 970 9
713 813 27
348 448 27
835 935 27
147 247 27
858 958 17
738 838 27
181 281 27
840 940 27
839 939 27
823 923 27
577 677 27
664 764 27
23 123 26
863 963 13
704 804 26
740 840 26
19 119 26
828 928 26
116 216 26
844 944 26
740 840 26
853 953 22
642 742 26
786 886 26
844 944 26
868 968 10
763 863 26
187 287 25
868 968 10
870 970 9
207 307 25
503 603 25
865 965 12
800 900 25
513 613 25
434 534 25
415 515 25
680 780 25
344 444 25
789 889 25
873 973 7
844 944 25
544 644 25
151 251 25
609 709 25
531 631 25
850 950 24
151 251 24
735 835 24
854 954 21
750 850 24
819 919 24
863 963 13
849 949 24
813 913 23
500 600 23
811 911 23
522 622 23
464 564 23
846 946 23
599 699 23
742 842 23
46 146 23
793 893 23
776 876 23
545 645 23
866 966 11
842 942 23
657 757 22
811 911 22
476 576 22
215 315 22
676 776 22
811 911 22
831 931 22
188 288 22
841 941 22
874 974 6
769 869 22
732 832 22
707 807 22
688 788 22
777 877 22
840 940 21
731 831 21
600 700 21
235 335 21
585 685 21
764 864 21
803 903 21
844 944 21
689 789 21
453 553 21
621 721 21
545 645 21
279 379 21
799 899 21
850 950 21
777 877 21
766 866 21
865 965 12
831 931 20
257 357 20
392 492 20
711 811 20
746 846 20
855 955 20
492 592 20
821 921 20
876 976 5
72 172 20
875 975 6
602 702 20
834 934 20
870 970 9
98 198 20
804 904 20
778 878 20
862 962 14
815 915 20
248 348 20
743 843 20
865 965 12
860 960 16
822 922 20
466 566 20
862 962 14
766 866 19
809 909 19
258 358 19
716 816 19
855 955 19
598 698 19
28 128 19
624 724 19
864 964 12
830 930 19
769 869 19
854 954 19
542 642 19
765 865 19
745 845 19
513 613 19
825 925 19
850 950 19
447 547 19
871 971 8
697 797 18
461 561 18
35 135 18
841 941 18
850 950 18
630 730 18
799 899 18
878 978 4
870 970 9
569 669 18
821 921 18
664 764 18
634 734 18
727 827 18
616 716 18
748 848 18
558 658 18
760 860 18
865 965 12
881 981 3
755 855 18
744 844 18
505 605 18
307 407 18
394 494 18
868 968 10
847 947 17
876 976 5
322 422 17
838 938 17
834 934 17
877 977 5
573 673 17
326 426 17
713 813 17
879 979 4
876 976 5
455 555 17
855 955 17
167 267 17
453 553 17
863 963 13
386 486 17
849 949 17
144 244 17
768 868 17
701 801 17
858 958 17
849 949 17
763 863 16
876 976 5
879 979 4
347 447 16
815 915 16
839 939 16
868 968 10
136 236 16
280 380 16
874 974 6
547 647 16
700 800 16
12 112 16
863 963 13
538 638 16
791 891 16
858 958 16
870 970 9
801 901 15
539 639 15
142 242 15
600 700 15
661 761 15
872 972 7
62 162 15
817 917 15
857 957 15
702 802 15
150 250 15
520 620 15
883 983 2
841 941 15
875 975 6
871 971 8
871 971 8
711 811 14
797 897 14
869 969 9
826 926 14
727 827 14
561 661 14
838 938 14
767 867 14
877 977 5
806 906 14
872 972 7
722 822 14
261 361 14
790 890 14
452 552 14
869 969 9
835 935 14
876 976 5
476 576 14
762 862 14
868 968 10
881 981 3
673 773 14
452 552 14
835 935 14
814 914 14
880 980 4
884 984 2
870 970 9
497 597 13
819 919 13
520 620 13
866 966 11
618 718 13
886 986 1
812 912 13
885 985 2
685 785 13
843 943 13
589 689 13
845 945 13
639 739 13
875 975 6
567 667 12
882 982 3
848 948 12
463 563 12
866 966 11
858 958 12
873 973 7
807 907 12
826 926 12
789 889 12
883 983 2
245 345 12
865 965 12
885 985 2
874 974 6
875 975 6
175 275 12
527 627 12
730 830 12
455 555 12
709 809 12
878 978 4
676 776 11
568 668 11
873 973 7
860 960 11
866 966 11
824 924 11
832 932 11
819 919 11
886 986 1
620 720 11
831 931 11
511 611 11
726 826 11
759 859 11
840 940 11
834 934 10
810 910 10
753 853 10
874 974 6
301 401 10
671 771 10
875 975 6
630 730 10
119 219 10
885 985 2
862 962 10
877 977 5
876 976 5
883 983 2
852 952 10
818 918 10
762 862 10
63 163 9
858 958 9
888 988 1
821 921 9
853 953 9
886 986 1
498 598 9
888 988 1
882 982 3
211 311 9
834 934 9
334 434 9
819 919 9
889 989 1
888 988 1
871 971 8
401 501 9
822 922 9
421 521 9
299 399 9
432 532 9
861 961 9
888 988 1
501 601 9
761 861 9
768 868 9
890 990 1
708 808 9
775 875 9
81 181 8
878 978 4
663 763 8
878 978 4
315 415 8
850 950 8
868 968 8
853 953 8
11 111 8
839 939 8
891 991 0
18 118 8
878 978 4
891 991 0
262 362 8
847 947 8
847 947 8
229 329 8
845 945 8
890 990 1
886 986 1
687 787 8
848 948 8
876 976 5
884 984 2
883 983 2
784 884 7
885 985 2
869 969 7
645 745 7
737 837 7
841 941 7
882 982 3
877 977 5
892 992 0
651 751 6
766 866 6
773 873 6
55 155 6
822 922 6
884 984 2
708 808 6
450 550 6
892 992 0
597 697 6
869 969 6
880 980 4
2 102 6
886 986 1
680 780 6
821 921 6
758 858 6
888 988 1
888 988 1
614 714 6
887 987 1
771 871 6
887 987 1
869 969 6
595 695 6
893 993 0
768 868 6
794 894 6
863 963 6
355 455 6
888 988 1
145 245 6
875 975 6
890 990 1
646 746 5
846 946 5
892 992 0
891 991 0
426 526 5
489 589 5
822 922 5
835 935 5
837 937 5
885 985 2
873 973 5
746 846 5
682 782 5
890 990 1
894 994 0
891 991 0
748 848 5
850 950 5
867 967 5
491 591 5
132 232 5
572 672 5
737 837 4
655 755 4
852 952 4
886 986 1
895 995 0
882 982 3
849 949 4
753 853 4
834 934 4
846 946 4
697 797 4
862 962 4
872 972 4
359 459 4
166 266 4
892 992 0
163 263 4
745 845 4
883 983 2
721 821 4
861 961 4
169 269 3
773 873 3
455 555 3
150 250 3
655 755 3
863 963 3
851 951 3
747 847 3
828 928 3
790 890 3
10 110 3
706 806 3
435 535 3
707 807 3
802 902 3
784 884 3
876 976 2
896 996 0
837 937 2
897 997 0
889 989 1
892 992 0
871 971 2
879 979 2
824 924 2
215 315 2
895 995 0
894 994 0
886 986 1
751 851 2
894 994 0
874 974 2
684 784 2
894 994 0
714 814 2
740 840 2
267 367 2
875 975 2
172 272 2
889 989 1
874 974 2
895 995 0
135 235 1
858 958 1
537 637 1
897 997 0
898 998 0
687 787 1
671 771 1
819 919 1
827 927 1
715 815 1
248 348 1
823 923 1
897 997 0
889 989 1
478 578 1
828 928 1
898 998 0
874 974 1
875 975 1
895 995 0
3 103 1
890 990 1
808 908 1
810 910 1
896 996 0
896 996 0
892 992 0
715 815 1
98 198 1
856 956 1
893 993 0
895 995 0
885 985 1
898 998 0
876 976 1
830 930 1
76 176 1
535 635 1
900 1000 0
909 1000 0
882 982 0
963 1000 0
905 1000 0
917 1000 0
959 1000 0
996 1000 0
903 1000 0
938 1000 0
907 1000 0
914 1000 0
969 1000 0
983 1000 0
950 1000 0
918 1000 0
999 1000 0
957 1000 0
948 1000 0
940 1000 0
973 1000 0
997 1000 0
974 1000 0
932 1000 0
950 1000 0
991 1000 0
971 1000 0
982 1000 0
946 1000 0
948 1000 0
984 1000 0
947 1000 0
927 1000 0
955 1000 0
987 1000 0
944 1000 0
998 1000 0
953 1000 0
973 1000 0
865 965 0
955 1000 0
923 1000 0
914 1000 0
968 1000 0
903 1000 0
993 1000 0
957 1000 0
987 1000 0
942 1000 0
953 1000 0
987 1000 0
909 1000 0
907 1000 0
986 1000 0
915 1000 0
967 1000 0
989 1000 0
647 747 0
970 1000 0
951 1000 0
927 1000 0
912 1000 0
943 1000 0
819 919 0
928 1000 0
939 1000 0
917 1000 0
962 1000 0
862 962 0
996 1000 0
915 1000 0
942 1000 0
976 1000 0
973 1000 0
911 1000 0
990 1000 0
975 1000 0
916 1000 0
978 1000 0
961 1000 0
957 1000 0
952 1000 0
974 1000 0
996 1000 0
906 1000 0
912 1000 0
908 1000 0
911 1000 0
897 997 0
969 1000 0
946 1000 0
900 1000 0
916 1000 0
981 1000 0
904 1000 0
963 1000 0
966 1000 0
916 1000 0
910 1000 0
948 1000 0
929 1000 0
946 1000 0
991 1000 0
990 1000 0
951 1000 0
906 1000 0
995 1000 0
914 1000 0
947 1000 0
982 1000 0
910 1000 0
900 1000 0
930 1000 0
1000 1000 0
893 993 0
947 1000 0
492 592 0
960 1000 0
986 1000 0
984 1000 0
964 1000 0
981 1000 0
901 1000 0
944 1000 0
982 1000 0
991 1000 0
993 1000 0
1000 1000 0
936 1000 0
325 425 0
950 1000 0
992 1000 0
991 1000 0
907 1000 0
939 1000 0
978 1000 0
913 1000 0
982 1000 0
931 1000 0
936 1000 0
913 1000 0
929 1000 0
918 1000 0
913 1000 0
899 999 0
983 1000 0
930 1000 0
858 958 0
950 1000 0
955 1000 0
952 1000 0
905 1000 0
909 1000 0
927 1000 0
907 1000 0
950 1000 0
944 1000 0
910 1000 0
941 1000 0
952 1000 0
962 1000 0
929 1000 0
968 1000 0
995 1000 0
947 1000 0
993 1000 0
979 1000 0
906 1000 0
960 1000 0
913 1000 0
954 1000 0
925 1000 0
911 1000 0
955 1000 0
960 1000 0
951 1000 0
933 1000 0
918 1000 0
915 1000 0
982 1000 0
974 1000 0
950 1000 0
956 1000 0
996 1000 0
953 1000 0
939 1000 0
908 1000 0
913 1000 0
925 1000 0
916 1000 0
910 1000 0
901 1000 0
885 985 0
946 1000 0
937 1000 0
907 1000 0
998 1000 0
989 1000 0
915 1000 0
984 1000 0
983 1000 0
911 1000 0
903 1000 0
989 1000 0
962 1000 0
941 1000 0
917 1000 0
908 1000 0
952 1000 0
969 1000 0
998 1000 0
963 1000 0
936 1000 0
978 1000 0
899 999 0
926 1000 0
908 1000 0
943 1000 0
926 1000 0
992 1000 0
983 1000 0
896 996 0
923 1000 0
948 1000 0
950 1000 0
917 1000 0
911 1000 0
983 1000 0
912 1000 0
958 1000 0
957 1000 0
963 1000 0
963 1000 0
992 1000 0
925 1000 0
955 1000 0
971 1000 0
895 995 0
968 1000 0
973 1000 0
899 999 0
988 1000 0
914 1000 0
944 1000 0
994 1000 0
971 1000 0
962 1000 0
960 1000 0
903 1000 0
985 1000 0
973 1000 0
940 1000 0
984 1000 0
870 970 0
937 1000 0
916 1000 0
966 1000 0
939 1000 0
977 1000 0
885 985 0
912 1000 0
967 1000 0
992 1000 0
988 1000 0
935 1000 0
899 999 0
952 1000 0
970 1000 0
979 1000 0
971 1000 0
974 1000 0
995 1000 0
927 1000 0
995 1000 0
952 1000 0
940 1000 0
942 1000 0
945 1000 0
964 1000 0
920 1000 0
952 1000 0
987 1000 0
970 1000 0
980 1000 0
968 1000 0
982 1000 0
905 1000 0
937 1000 0
988 1000 0
938 1000 0
936 1000 0
931 1000 0
990 1000 0
931 1000 0
997 1000 0
925 1000 0
941 1000 0
908 1000 0
899 999 0
938 1000 0
973 1000 0
893 993 0
639 739 0
979 1000 0
915 1000 0
897 997 0
994 1000 0
937 1000 0
909 1000 0
903 1000 0
952 1000 0
943 1000 0
999 1000 0
927 1000 0
929 1000 0
988 1000 0
982 1000 0
928 1000 0
909 1000 0
906 1000 0
878 978 0
993 1000 0
940 1000 0
974 1000 0
939 1000 0
919 1000 0
990 1000 0
971 1000 0
975 1000 0
927 1000 0
985 1000 0
995 1000 0
953 1000 0
921 1000 0
942 1000 0
955 1000 0
991 1000 0
955 1000 0
990 1000 0
923 1000 0
967 1000 0
949 1000 0
961 1000 0
960 1000 0
958 1000 0
791 891 0
940 1000 0
966 1000 0
973 1000 0
970 1000 0
944 1000 0
908 1000 0
946 1000 0
982 1000 0
947 1000 0
994 1000 0
985 1000 0
948 1000 0
930 1000 0
934 1000 0
905 1000 0
921 1000 0
914 1000 0
973 1000 0
960 1000 0
945 1000 0
986 1000 0
909 1000 0
940 1000 0
968 1000 0
938 1000 0
928 1000 0
911 1000 0
900 1000 0
923 1000 0
962 1000 0
918 1000 0
942 1000 0
992 1000 0
991 1000 0
903 1000 0
976 1000 0
965 1000 0
971 1000 0
917 1000 0
904 1000 0
531 631 0
935 1000 0
976 1000 0
920 1000 0
953 1000 0
913 1000 0
956 1000 0
969 1000 0
980 1000 0
962 1000 0
975 1000 0
945 1000 0
969 1000 0
988 1000 0
950 1000 0
947 1000 0
907 1000 0
916 1000 0
947 1000 0
970 1000 0
932 1000 0
993 1000 0
931 1000 0
905 1000 0
929 1000 0
909 1000 0
934 1000 0
994 1000 0
964 1000 0
984 1000 0
668 768 0
963 1000 0
913 1000 0
989 1000 0
968 1000 0
934 1000 0
893 993 0
973 1000 0
968 1000 0
971 1000 0
988 1000 0
905 1000 0
956 1000 0
944 1000 0
961 1000 0
948 1000 0
902 1000 0
965 1000 0
974 1000 0
975 1000 0
994 1000 0
909 1000 0
954 1000 0
981 1000 0
948 1000 0
951 1000 0
984 1000 0
999 1000 0
916 1000 0
911 1000 0
899 999 0
916 1000 0
986 1000 0
985 1000 0
998 1000 0
949 1000 0
934 1000 0
930 1000 0
918 1000 0
918 1000 0
971 1000 0
958 1000 0
947 1000 0
983 1000 0
952 1000 0
978 1000 0
917 1000 0
893 993 0
1000 1000 0
978 1000 0
938 1000 0
926 1000 0
921 1000 0
956 1000 0
905 1000 0
989 1000 0
967 1000 0
971 1000 0
999 1000 0
960 1000 0
952 1000 0
955 1000 0
947 1000 0
921 1000 0
900 1000 0
946 1000 0
930 1000 0
904 1000 0
970 1000 0
905 1000 0
940 1000 0
963 1000 0
987 1000 0
963 1000 0
931 1000 0
998 1000 0
932 1000 0
985 1000 0
948 1000 0
921 1000 0
979 1000 0
888 988 0
972 1000 0
924 1000 0
985 1000 0
926 1000 0
922 1000 0
938 1000 0
908 1000 0
971 1000 0
928 1000 0
964 1000 0
974 1000 0
958 1000 0
941 1000 0
958 1000 0
958 1000 0
895 995 0
923 1000 0
965 1000 0
937 1000 0
900 1000 0
907 1000 0
993 1000 0
956 1000 0
972 1000 0
961 1000 0
999 1000 0
979 1000 0
924 1000 0
970 1000 0
961 1000 0
915 1000 0
991 1000 0
924 1000 0
942 1000 0
983 1000 0
934 1000 0
974 1000 0
940 1000 0
978 1000 0
908 1000 0
979 1000 0
928 1000 0
706 806 0
973 1000 0
936 1000 0
961 1000 0
990 1000 0
906 1000 0
962 1000 0
909 1000 0
933 1000 0
1000 1000 0
840 940 0
953 1000 0
932 1000 0
941 1000 0
978 1000 0
